#logage logm JPDF
9.68 0.09097 1.12292e-10 
9.68 0.09297 1.3992e-10 
9.68 0.09497 1.7756e-10 
9.68 0.09697 1.28684e-10 
9.69 0.08697 2.98361e-10 
9.69 0.08897 1.70459e-10 
9.69 0.09097 3.06348e-10 
9.69 0.09297 3.49689e-10 
9.69 0.09497 3.01988e-10 
9.69 0.09697 1.64448e-10 
9.69 0.09897 1.14009e-10 
9.7 0.08497 5.85669e-10 
9.7 0.08697 1.01379e-09 
9.7 0.08897 9.67239e-10 
9.7 0.09097 8.68419e-10 
9.7 0.09297 7.02851e-10 
9.7 0.09497 3.18387e-10 
9.7 0.09697 2.09075e-10 
9.7 0.09897 1.58812e-10 
9.71 0.08097 3.51078e-09 
9.71 0.08297 2.51665e-09 
9.71 0.08497 3.53912e-09 
9.71 0.08697 2.83661e-09 
9.71 0.08897 1.91948e-09 
9.71 0.09097 9.2225e-10 
9.71 0.09297 8.28948e-10 
9.71 0.09497 6.86858e-10 
9.71 0.09697 2.80879e-10 
9.71 0.09897 1.42559e-10 
9.72 0.07697 3.92643e-09 
9.72 0.07897 3.35622e-09 
9.72 0.08097 5.68976e-09 
9.72 0.08297 5.99711e-09 
9.72 0.08497 3.9386e-09 
9.72 0.08697 6.02384e-09 
9.72 0.08897 3.61344e-09 
9.72 0.09097 1.93505e-09 
9.72 0.09297 1.38519e-09 
9.72 0.09497 5.89478e-10 
9.72 0.09697 2.67514e-10 
9.72 0.09897 1.10601e-10 
9.73 0.07497 1.83472e-08 
9.73 0.07697 1.52636e-08 
9.73 0.07897 1.68083e-08 
9.73 0.08097 9.04144e-09 
9.73 0.08297 1.35741e-08 
9.73 0.08497 1.19733e-08 
9.73 0.08697 7.82115e-09 
9.73 0.08897 3.97655e-09 
9.73 0.09097 2.14074e-09 
9.73 0.09297 8.32501e-10 
9.73 0.09497 8.14435e-10 
9.73 0.09697 1.42859e-10 
9.73 0.09897 1.36158e-10 
9.74 0.07297 3.08645e-08 
9.74 0.07497 4.19997e-08 
9.74 0.07697 1.69763e-08 
9.74 0.07897 4.18679e-08 
9.74 0.08097 2.63884e-08 
9.74 0.08297 2.25385e-08 
9.74 0.08497 1.585e-08 
9.74 0.08697 4.93365e-09 
9.74 0.08897 5.93643e-09 
9.74 0.09097 2.69516e-09 
9.74 0.09297 1.18297e-09 
9.74 0.09497 5.93492e-10 
9.74 0.09697 2.02286e-10 
9.75 0.06897 5.55632e-08 
9.75 0.07097 4.50957e-08 
9.75 0.07297 8.32902e-08 
9.75 0.07497 7.51144e-08 
9.75 0.07697 8.32351e-08 
9.75 0.07897 6.71191e-08 
9.75 0.08097 4.44622e-08 
9.75 0.08297 1.59399e-08 
9.75 0.08497 1.69304e-08 
9.75 0.08697 1.15241e-08 
9.75 0.08897 5.96416e-09 
9.75 0.09097 2.01406e-09 
9.75 0.09297 9.76497e-10 
9.75 0.09497 2.60881e-10 
9.76 0.06497 1.47358e-07 
9.76 0.06697 8.44061e-08 
9.76 0.06897 1.49409e-07 
9.76 0.07097 1.90143e-07 
9.76 0.07297 1.86245e-07 
9.76 0.07497 1.55338e-07 
9.76 0.07697 5.63938e-08 
9.76 0.07897 1.03975e-07 
9.76 0.08097 5.83267e-08 
9.76 0.08297 2.89301e-08 
9.76 0.08497 1.53862e-08 
9.76 0.08697 1.12648e-08 
9.76 0.08897 3.4551e-09 
9.76 0.09097 1.69123e-09 
9.76 0.09297 3.75724e-10 
9.76 0.09497 1.495e-10 
9.77 0.06497 3.17878e-07 
9.77 0.06697 4.53584e-07 
9.77 0.06897 4.84165e-07 
9.77 0.07097 4.3852e-07 
9.77 0.07297 1.48327e-07 
9.77 0.07497 2.60387e-07 
9.77 0.07697 1.57029e-07 
9.77 0.07897 1.11025e-07 
9.77 0.08097 5.90088e-08 
9.77 0.08297 2.7423e-08 
9.77 0.08497 1.4039e-08 
9.77 0.08697 5.30003e-09 
9.77 0.08897 2.72615e-09 
9.77 0.09097 4.06992e-10 
9.77 0.09297 3.49114e-10 
9.77 0.09497 1.30227e-10 
9.78 0.05697 2.67102e-07 
9.78 0.06097 3.45224e-07 
9.78 0.06297 6.87707e-07 
9.78 0.06497 8.25483e-07 
9.78 0.06697 7.99303e-07 
9.78 0.06897 3.95723e-07 
9.78 0.07097 7.33464e-07 
9.78 0.07297 4.90429e-07 
9.78 0.07497 2.93574e-07 
9.78 0.07697 1.3301e-07 
9.78 0.07897 9.45226e-08 
9.78 0.08097 8.41804e-08 
9.78 0.08297 2.75864e-08 
9.78 0.08497 5.35396e-09 
9.78 0.08697 6.01717e-09 
9.78 0.08897 2.03537e-09 
9.78 0.09097 5.85132e-10 
9.78 0.09297 1.90185e-10 
9.79 0.05697 8.99043e-07 
9.79 0.05897 9.77911e-07 
9.79 0.06097 1.16872e-06 
9.79 0.06297 1.07212e-06 
9.79 0.06497 1.20004e-06 
9.79 0.06697 1.63598e-06 
9.79 0.06897 9.88976e-07 
9.79 0.07097 8.41101e-07 
9.79 0.07297 2.67604e-07 
9.79 0.07497 4.33884e-07 
9.79 0.07697 2.98037e-07 
9.79 0.07897 3.89092e-08 
9.79 0.08097 5.66339e-08 
9.79 0.08297 2.46026e-08 
9.79 0.08497 8.3682e-09 
9.79 0.08697 3.19693e-09 
9.79 0.08897 8.80827e-10 
9.79 0.09097 2.77429e-10 
9.8 0.05297 8.78665e-07 
9.8 0.05497 1.84081e-06 
9.8 0.05697 2.25626e-06 
9.8 0.05897 2.15037e-06 
9.8 0.06097 3.38742e-06 
9.8 0.06297 3.04028e-06 
9.8 0.06497 3.17698e-06 
9.8 0.06697 2.09164e-06 
9.8 0.06897 8.44101e-07 
9.8 0.07097 1.05374e-06 
9.8 0.07297 6.08946e-07 
9.8 0.07497 4.23297e-07 
9.8 0.07697 1.53879e-07 
9.8 0.07897 7.79018e-08 
9.8 0.08097 2.43143e-08 
9.8 0.08297 1.33621e-08 
9.8 0.08497 3.33196e-09 
9.8 0.08697 1.24493e-09 
9.8 0.08897 3.855e-10 
9.8 0.09097 1.24473e-10 
9.81 0.05097 2.15862e-06 
9.81 0.05297 1.67826e-06 
9.81 0.05497 3.83609e-06 
9.81 0.05697 5.48127e-06 
9.81 0.05897 5.37102e-06 
9.81 0.06097 5.85239e-06 
9.81 0.06297 2.59954e-06 
9.81 0.06497 4.18662e-06 
9.81 0.06697 2.18624e-06 
9.81 0.06897 1.72575e-06 
9.81 0.07097 1.03629e-06 
9.81 0.07297 7.51761e-07 
9.81 0.07497 2.20826e-07 
9.81 0.07697 1.21556e-07 
9.81 0.07897 3.74761e-08 
9.81 0.08097 1.67074e-08 
9.81 0.08297 5.38978e-09 
9.81 0.08497 1.4458e-09 
9.81 0.08697 5.37972e-10 
9.81 0.08897 1.37307e-10 
9.82 0.04697 2.31666e-06 
9.82 0.04897 5.64527e-06 
9.82 0.05097 6.76989e-06 
9.82 0.05297 9.20666e-06 
9.82 0.05497 1.12858e-05 
9.82 0.05697 1.07506e-05 
9.82 0.05897 6.08566e-06 
9.82 0.06097 7.21101e-06 
9.82 0.06297 5.64026e-06 
9.82 0.06497 3.73524e-06 
9.82 0.06697 1.84728e-06 
9.82 0.06897 1.59035e-06 
9.82 0.07097 7.27379e-07 
9.82 0.07297 3.69064e-07 
9.82 0.07497 1.75657e-07 
9.82 0.07697 5.20496e-08 
9.82 0.07897 2.37696e-08 
9.82 0.08097 5.31607e-09 
9.82 0.08297 1.8862e-09 
9.82 0.08497 6.1912e-10 
9.82 0.08697 1.76884e-10 
9.83 0.04497 6.46109e-06 
9.83 0.04697 3.95984e-06 
9.83 0.04897 1.25984e-05 
9.83 0.05097 1.25766e-05 
9.83 0.05297 9.55541e-06 
9.83 0.05497 2.42346e-05 
9.83 0.05697 1.20922e-05 
9.83 0.05897 1.30629e-05 
9.83 0.06097 7.38055e-06 
9.83 0.06297 4.01223e-06 
9.83 0.06497 4.40939e-06 
9.83 0.06697 3.63567e-06 
9.83 0.06897 1.21756e-06 
9.83 0.07097 4.16374e-07 
9.83 0.07297 1.1421e-07 
9.83 0.07497 1.05577e-07 
9.83 0.07697 4.63583e-08 
9.83 0.07897 1.26122e-08 
9.83 0.08097 4.08939e-09 
9.83 0.08297 1.61701e-09 
9.83 0.08497 1.90481e-10 
9.84 0.04297 1.06841e-05 
9.84 0.04497 1.63846e-05 
9.84 0.04697 3.13971e-05 
9.84 0.04897 1.29847e-05 
9.84 0.05097 3.25114e-05 
9.84 0.05297 3.07309e-05 
9.84 0.05497 2.76201e-05 
9.84 0.05697 1.11576e-05 
9.84 0.05897 2.01818e-05 
9.84 0.06097 1.09887e-05 
9.84 0.06297 8.97669e-06 
9.84 0.06497 3.44358e-06 
9.84 0.06697 1.29551e-06 
9.84 0.06897 3.55267e-07 
9.84 0.07097 3.91292e-07 
9.84 0.07297 1.63655e-07 
9.84 0.07497 7.16675e-08 
9.84 0.07697 2.38335e-08 
9.84 0.07897 5.51303e-09 
9.84 0.08097 1.6227e-09 
9.84 0.08297 4.29255e-10 
9.85 0.03897 8.51634e-06 
9.85 0.04097 2.67133e-05 
9.85 0.04297 3.50422e-05 
9.85 0.04497 3.01177e-05 
9.85 0.04697 4.24559e-05 
9.85 0.04897 5.64425e-05 
9.85 0.05097 4.76411e-05 
9.85 0.05297 2.15681e-05 
9.85 0.05497 4.34959e-05 
9.85 0.05697 2.70337e-05 
9.85 0.05897 1.54396e-05 
9.85 0.06097 1.58656e-05 
9.85 0.06297 3.47723e-06 
9.85 0.06497 2.78636e-06 
9.85 0.06697 1.4517e-06 
9.85 0.06897 5.90331e-07 
9.85 0.07097 2.13872e-07 
9.85 0.07297 5.72141e-08 
9.85 0.07497 1.81081e-08 
9.85 0.07697 6.82966e-09 
9.85 0.07897 2.03715e-09 
9.85 0.08097 2.4016e-10 
9.86 0.03697 1.40231e-05 
9.86 0.03897 1.87684e-05 
9.86 0.04097 5.46789e-05 
9.86 0.04297 6.37219e-05 
9.86 0.04497 9.14551e-05 
9.86 0.04697 3.69598e-05 
9.86 0.04897 6.90657e-05 
9.86 0.05097 6.41966e-05 
9.86 0.05297 5.84046e-05 
9.86 0.05497 3.4846e-05 
9.86 0.05697 2.75204e-05 
9.86 0.05897 5.37931e-06 
9.86 0.06097 6.98577e-06 
9.86 0.06297 4.30495e-06 
9.86 0.06497 1.90846e-06 
9.86 0.06697 5.93714e-07 
9.86 0.06897 2.15451e-07 
9.86 0.07097 8.45076e-08 
9.86 0.07297 2.71687e-08 
9.86 0.07497 8.7226e-09 
9.86 0.07697 2.57223e-09 
9.87 0.03297 4.4088e-05 
9.87 0.03497 1.70494e-05 
9.87 0.03697 5.88629e-05 
9.87 0.03897 7.99562e-05 
9.87 0.04097 0.00012257 
9.87 0.04297 7.41772e-05 
9.87 0.04497 0.000140146 
9.87 0.04697 0.000114838 
9.87 0.04897 8.38019e-05 
9.87 0.05097 6.90004e-05 
9.87 0.05297 2.72336e-05 
9.87 0.05497 5.1974e-05 
9.87 0.05697 1.89901e-05 
9.87 0.05897 1.01656e-05 
9.87 0.06097 5.43352e-06 
9.87 0.06297 2.26315e-06 
9.87 0.06497 8.42705e-07 
9.87 0.06697 3.03623e-07 
9.87 0.06897 1.09105e-07 
9.87 0.07097 3.64907e-08 
9.87 0.07297 1.06174e-08 
9.87 0.07497 1.92909e-09 
9.88 0.02897 2.08368e-05 
9.88 0.03097 3.26458e-05 
9.88 0.03297 7.33092e-05 
9.88 0.03497 0.000110423 
9.88 0.03697 5.21817e-05 
9.88 0.03897 0.000245278 
9.88 0.04097 0.000221361 
9.88 0.04297 0.000203713 
9.88 0.04497 0.00014079 
9.88 0.04697 5.79565e-05 
9.88 0.04897 9.10772e-05 
9.88 0.05097 7.26811e-05 
9.88 0.05297 7.51644e-05 
9.88 0.05497 3.01204e-05 
9.88 0.05697 1.27915e-05 
9.88 0.05897 5.89006e-06 
9.88 0.06097 2.16268e-06 
9.88 0.06297 8.59305e-07 
9.88 0.06497 4.17136e-07 
9.88 0.06697 1.43352e-07 
9.88 0.06897 4.25608e-08 
9.88 0.07097 8.24459e-09 
9.89 0.02897 8.1881e-05 
9.89 0.03097 9.84311e-05 
9.89 0.03297 0.00012433 
9.89 0.03497 0.000295512 
9.89 0.03697 0.000268936 
9.89 0.03897 0.000353939 
9.89 0.04097 0.0001693 
9.89 0.04297 0.000283834 
9.89 0.04497 0.00021039 
9.89 0.04697 0.00013567 
9.89 0.04897 0.000138745 
9.89 0.05097 6.42058e-05 
9.89 0.05297 3.40706e-05 
9.89 0.05497 1.41594e-05 
9.89 0.05697 3.95701e-06 
9.89 0.05897 4.25606e-06 
9.89 0.06097 1.91356e-06 
9.89 0.06297 5.87627e-07 
9.89 0.06497 2.15533e-07 
9.89 0.06697 5.61146e-08 
9.89 0.06897 1.82088e-08 
9.9 0.02297 1.31034e-05 
9.9 0.02497 1.48481e-05 
9.9 0.02697 0.00010688 
9.9 0.02897 9.55921e-05 
9.9 0.03097 0.000364682 
9.9 0.03297 0.000469807 
9.9 0.03497 0.000522063 
9.9 0.03697 0.00025835 
9.9 0.03897 0.00042603 
9.9 0.04097 0.000372007 
9.9 0.04297 0.000322632 
9.9 0.04497 0.000166002 
9.9 0.04697 0.000190797 
9.9 0.04897 6.7067e-05 
9.9 0.05097 2.04131e-05 
9.9 0.05297 2.4623e-05 
9.9 0.05497 1.32212e-05 
9.9 0.05697 5.95792e-06 
9.9 0.05897 2.31131e-06 
9.9 0.06097 6.06673e-07 
9.9 0.06297 2.06554e-07 
9.9 0.06497 6.398e-08 
9.9 0.06697 1.20111e-08 
9.91 0.02097 8.23696e-05 
9.91 0.02297 4.88847e-05 
9.91 0.02497 0.000144364 
9.91 0.02697 0.000442001 
9.91 0.02897 0.000511546 
9.91 0.03097 0.00043751 
9.91 0.03297 0.000491302 
9.91 0.03497 0.000516369 
9.91 0.03697 0.000524032 
9.91 0.03897 0.000482378 
9.91 0.04097 0.000177472 
9.91 0.04297 0.000404966 
9.91 0.04497 0.000240695 
9.91 0.04697 4.75365e-05 
9.91 0.04897 6.86947e-05 
9.91 0.05097 3.4392e-05 
9.91 0.05297 1.58709e-05 
9.91 0.05497 4.72298e-06 
9.91 0.05697 1.96991e-06 
9.91 0.05897 6.46019e-07 
9.91 0.06097 2.20289e-07 
9.91 0.06297 7.10477e-08 
9.92 0.01697 3.68727e-05 
9.92 0.01897 0.000101159 
9.92 0.02097 0.000309821 
9.92 0.02297 0.000248873 
9.92 0.02497 0.000732079 
9.92 0.02697 0.000521082 
9.92 0.02897 0.000809805 
9.92 0.03097 0.000983536 
9.92 0.03297 0.000815512 
9.92 0.03497 0.00040236 
9.92 0.03697 0.000700937 
9.92 0.03897 0.000589241 
9.92 0.04097 0.000650809 
9.92 0.04297 0.000112664 
9.92 0.04497 0.000146973 
9.92 0.04697 8.50352e-05 
9.92 0.04897 3.0447e-05 
9.92 0.05097 1.2857e-05 
9.92 0.05297 5.65288e-06 
9.92 0.05497 2.27626e-06 
9.92 0.05697 8.22084e-07 
9.92 0.05897 2.60666e-07 
9.92 0.06097 4.66251e-08 
9.93 0.01497 0.000169978 
9.93 0.01697 0.000317162 
9.93 0.01897 0.000279459 
9.93 0.02097 0.000457985 
9.93 0.02297 0.000523275 
9.93 0.02497 0.000874955 
9.93 0.02697 0.000806687 
9.93 0.02897 0.000691934 
9.93 0.03097 0.00093038 
9.93 0.03297 0.00085069 
9.93 0.03497 0.000401428 
9.93 0.03697 0.000721671 
9.93 0.03897 0.00100017 
9.93 0.04097 0.000350527 
9.93 0.04297 0.00016909 
9.93 0.04497 7.24428e-05 
9.93 0.04697 3.43395e-05 
9.93 0.04897 1.62835e-05 
9.93 0.05097 6.55121e-06 
9.93 0.05297 2.45498e-06 
9.93 0.05497 8.68094e-07 
9.93 0.05697 2.07699e-07 
9.94 0.01097 0.000225119 
9.94 0.01297 0.000191094 
9.94 0.01497 0.000304835 
9.94 0.01697 0.000200871 
9.94 0.01897 0.00111419 
9.94 0.02097 0.00110797 
9.94 0.02297 0.00145042 
9.94 0.02497 0.000858251 
9.94 0.02697 0.00133392 
9.94 0.02897 0.000486836 
9.94 0.03097 0.00108725 
9.94 0.03297 0.00119169 
9.94 0.03497 0.00108733 
9.94 0.03697 0.00090863 
9.94 0.03897 0.000351191 
9.94 0.04097 0.000168308 
9.94 0.04297 8.4605e-05 
9.94 0.04497 4.01816e-05 
9.94 0.04697 1.87902e-05 
9.94 0.04897 7.06765e-06 
9.94 0.05097 2.35514e-06 
9.94 0.05297 6.07123e-07 
9.94 0.05497 1.16379e-07 
9.95 0.00497001 9.05797e-05 
9.95 0.00697002 0.000181943 
9.95 0.01097 3.18385e-05 
9.95 0.01297 0.000129861 
9.95 0.01497 0.00084501 
9.95 0.01697 0.00132048 
9.95 0.01897 0.000957709 
9.95 0.02097 0.00204155 
9.95 0.02297 0.00160106 
9.95 0.02497 0.000808922 
9.95 0.02697 0.0016235 
9.95 0.02897 0.00122107 
9.95 0.03097 0.000545092 
9.95 0.03297 0.00211445 
9.95 0.03497 0.00119619 
9.95 0.03697 0.000314994 
9.95 0.03897 0.000202789 
9.95 0.04097 6.37644e-05 
9.95 0.04297 6.21038e-05 
9.95 0.04497 2.9523e-05 
9.95 0.04697 8.86132e-06 
9.95 0.04897 3.14946e-06 
9.95 0.05097 1.25455e-06 
9.96 -0.00103 0.000116746 
9.96 0.000970006 6.94102e-05 
9.96 0.00896999 0.000107045 
9.96 0.01097 0.000544618 
9.96 0.01297 0.0012441 
9.96 0.01497 0.00100905 
9.96 0.01697 0.00173511 
9.96 0.01897 0.00108692 
9.96 0.02097 0.00228462 
9.96 0.02297 0.00193159 
9.96 0.02497 0.000995496 
9.96 0.02697 0.00171453 
9.96 0.02897 0.00192442 
9.96 0.03097 0.00209861 
9.96 0.03297 0.00068913 
9.96 0.03497 0.000204693 
9.96 0.03697 0.000277598 
9.96 0.03897 0.000135217 
9.96 0.04097 6.79376e-05 
9.96 0.04297 2.796e-05 
9.96 0.04497 8.70813e-06 
9.96 0.04697 3.33058e-06 
9.96 0.04897 1.07219e-06 
9.97 -0.00703001 2.91508e-05 
9.97 -0.00503001 3.71086e-05 
9.97 0.00697002 0.000268729 
9.97 0.00896999 0.000713042 
9.97 0.01097 0.0013135 
9.97 0.01297 0.00164784 
9.97 0.01497 0.00115968 
9.97 0.01697 0.00228873 
9.97 0.01897 0.00107714 
9.97 0.02097 0.0024174 
9.97 0.02297 0.00230069 
9.97 0.02497 0.00203137 
9.97 0.02697 0.00180462 
9.97 0.02897 0.00285212 
9.97 0.03097 0.000854564 
9.97 0.03297 0.000533677 
9.97 0.03497 0.00029964 
9.97 0.03697 0.000136 
9.97 0.03897 4.71529e-05 
9.97 0.04097 1.95911e-05 
9.97 0.04297 8.99278e-06 
9.97 0.04497 3.2897e-06 
9.97 0.04697 6.76126e-07 
9.98 -0.01303 2.29605e-05 
9.98 0.000970006 5.89167e-05 
9.98 0.00297001 0.000194063 
9.98 0.00497001 0.000652717 
9.98 0.00697002 0.000731636 
9.98 0.00896999 0.00112493 
9.98 0.01097 0.00204826 
9.98 0.01297 0.00229663 
9.98 0.01497 0.00133109 
9.98 0.01697 0.00311193 
9.98 0.01897 0.00257278 
9.98 0.02097 0.00151352 
9.98 0.02297 0.00262061 
9.98 0.02497 0.00452614 
9.98 0.02697 0.0021819 
9.98 0.02897 0.000998167 
9.98 0.03097 0.000519847 
9.98 0.03297 0.000257673 
9.98 0.03497 0.000127516 
9.98 0.03697 4.64938e-05 
9.98 0.03897 1.97894e-05 
9.98 0.04097 7.33816e-06 
9.98 0.04297 2.81669e-06 
9.99 -0.00103 0.000145341 
9.99 0.000970006 0.000359495 
9.99 0.00297001 0.000868973 
9.99 0.00497001 0.00100924 
9.99 0.00697002 0.00155775 
9.99 0.00896999 0.00119678 
9.99 0.01097 0.00307747 
9.99 0.01297 0.00298908 
9.99 0.01497 0.00208883 
9.99 0.01697 0.00382255 
9.99 0.01897 0.00372504 
9.99 0.02097 0.0030107 
9.99 0.02297 0.00560262 
9.99 0.02497 0.00266513 
9.99 0.02697 0.000886224 
9.99 0.02897 0.000529082 
9.99 0.03097 0.00026287 
9.99 0.03297 0.000106427 
9.99 0.03497 3.44405e-05 
9.99 0.03697 2.0155e-05 
9.99 0.03897 7.02286e-06 
9.99 0.04097 1.4891e-06 
10 -0.00703001 3.19143e-05 
10 -0.00503001 4.70163e-05 
10 -0.00303 8.78195e-05 
10 -0.00103 0.000648809 
10 0.000970006 0.00077058 
10 0.00297001 0.00117856 
10 0.00497001 0.00116347 
10 0.00697002 0.003292 
10 0.00896999 0.00115473 
10 0.01097 0.00348068 
10 0.01297 0.0040937 
10 0.01497 0.00215651 
10 0.01697 0.00434174 
10 0.01897 0.00711207 
10 0.02097 0.00533575 
10 0.02297 0.000857016 
10 0.02497 0.00134649 
10 0.02697 0.000624145 
10 0.02897 0.000305292 
10 0.03097 0.000151528 
10 0.03297 6.16583e-05 
10 0.03497 2.10128e-05 
10 0.03697 4.19346e-06 
10.01 -0.00703001 0.000108868 
10.01 -0.00503001 9.1731e-05 
10.01 -0.00303 0.000531768 
10.01 -0.00103 0.0013477 
10.01 0.000970006 0.00096306 
10.01 0.00297001 0.00258993 
10.01 0.00497001 0.00132292 
10.01 0.00697002 0.00392519 
10.01 0.00896999 0.00265425 
10.01 0.01097 0.00457421 
10.01 0.01297 0.00567671 
10.01 0.01497 0.00536064 
10.01 0.01697 0.00514207 
10.01 0.01897 0.00630139 
10.01 0.02097 0.00190085 
10.01 0.02297 0.00125149 
10.01 0.02497 0.000674613 
10.01 0.02697 0.000300683 
10.01 0.02897 0.000124902 
10.01 0.03097 4.56643e-05 
10.01 0.03297 1.9308e-05 
10.01 0.03497 5.47693e-06 
10.02 -0.01103 4.43329e-05 
10.02 -0.00703001 0.000208405 
10.02 -0.00503001 0.000794257 
10.02 -0.00303 0.00112852 
10.02 -0.00103 0.00112045 
10.02 0.000970006 0.00307643 
10.02 0.00297001 0.00407014 
10.02 0.00497001 0.00208643 
10.02 0.00697002 0.00523675 
10.02 0.00896999 0.00498567 
10.02 0.01097 0.00281728 
10.02 0.01297 0.00882772 
10.02 0.01497 0.00829379 
10.02 0.01697 0.00435695 
10.02 0.01897 0.0015344 
10.02 0.02097 0.00100528 
10.02 0.02297 0.000588903 
10.02 0.02497 0.00024069 
10.02 0.02697 9.95156e-05 
10.02 0.02897 4.01327e-05 
10.02 0.03097 1.45542e-05 
10.02 0.03297 2.76505e-06 
10.03 -0.01503 1.85336e-05 
10.03 -0.01103 0.000147229 
10.03 -0.00902998 0.000470462 
10.03 -0.00703001 0.000583107 
10.03 -0.00503001 0.000894242 
10.03 -0.00303 0.00263344 
10.03 -0.00103 0.0017285 
10.03 0.000970006 0.0038876 
10.03 0.00297001 0.00523526 
10.03 0.00497001 0.00260197 
10.03 0.00697002 0.00636853 
10.03 0.00896999 0.00655562 
10.03 0.01097 0.0112246 
10.03 0.01297 0.0072682 
10.03 0.01497 0.00399349 
10.03 0.01697 0.00142199 
10.03 0.01897 0.000797987 
10.03 0.02097 0.000443194 
10.03 0.02297 0.000165141 
10.03 0.02497 8.42307e-05 
10.03 0.02697 3.24334e-05 
10.03 0.02897 1.12664e-05 
10.04 -0.01503 9.72037e-05 
10.04 -0.01303 7.98144e-05 
10.04 -0.01103 0.00061276 
10.04 -0.00902998 0.000651891 
10.04 -0.00703001 0.00186799 
10.04 -0.00503001 0.00127115 
10.04 -0.00303 0.00352848 
10.04 -0.00103 0.00203134 
10.04 0.000970006 0.00482783 
10.04 0.00297001 0.00694199 
10.04 0.00497001 0.00347751 
10.04 0.00697002 0.00999877 
10.04 0.00896999 0.0106613 
10.04 0.01097 0.00814314 
10.04 0.01297 0.00269063 
10.04 0.01497 0.00163514 
10.04 0.01697 0.000904535 
10.04 0.01897 0.000457085 
10.04 0.02097 0.000217012 
10.04 0.02297 0.00010647 
10.04 0.02497 4.7037e-05 
10.04 0.02697 5.36969e-06 
10.05 -0.01903 2.04369e-05 
10.05 -0.01703 4.55665e-05 
10.05 -0.01503 0.000251243 
10.05 -0.01303 0.000421086 
10.05 -0.01103 0.000888566 
10.05 -0.00902998 0.00116346 
10.05 -0.00703001 0.0026942 
10.05 -0.00503001 0.00254212 
10.05 -0.00303 0.00456733 
10.05 -0.00103 0.00614501 
10.05 0.000970006 0.00373131 
10.05 0.00297001 0.00821855 
10.05 0.00497001 0.0107738 
10.05 0.00697002 0.0132444 
10.05 0.00896999 0.00672515 
10.05 0.01097 0.00264946 
10.05 0.01297 0.0014291 
10.05 0.01497 0.000779063 
10.05 0.01697 0.000413096 
10.05 0.01897 0.000188326 
10.05 0.02097 8.01425e-05 
10.05 0.02297 3.29407e-05 
10.05 0.02497 6.60945e-06 
10.06 -0.02303 1.88564e-05 
10.06 -0.02103 2.78641e-05 
10.06 -0.01903 0.000100971 
10.06 -0.01703 8.52342e-05 
10.06 -0.01503 0.000608899 
10.06 -0.01303 0.000930856 
10.06 -0.01103 0.0015426 
10.06 -0.00902998 0.00227587 
10.06 -0.00703001 0.00378375 
10.06 -0.00503001 0.00187017 
10.06 -0.00303 0.00502131 
10.06 -0.00103 0.00747099 
10.06 0.000970006 0.00387493 
10.06 0.00297001 0.0161108 
10.06 0.00497001 0.0118789 
10.06 0.00697002 0.00702202 
10.06 0.00896999 0.0023289 
10.06 0.01097 0.00128332 
10.06 0.01297 0.000658481 
10.06 0.01497 0.000346267 
10.06 0.01697 0.000149334 
10.06 0.01897 6.15301e-05 
10.06 0.02097 2.22503e-05 
10.07 -0.02703 6.2685e-06 
10.07 -0.02303 2.49283e-05 
10.07 -0.02103 5.41815e-05 
10.07 -0.01903 7.81638e-05 
10.07 -0.01703 0.000535847 
10.07 -0.01503 0.000948674 
10.07 -0.01303 0.00180213 
10.07 -0.01103 0.00312072 
10.07 -0.00902998 0.0021084 
10.07 -0.00703001 0.00511387 
10.07 -0.00503001 0.00307618 
10.07 -0.00303 0.0059668 
10.07 -0.00103 0.0096953 
10.07 0.000970006 0.0144831 
10.07 0.00297001 0.0120572 
10.07 0.00497001 0.0028772 
10.07 0.00697002 0.00181812 
10.07 0.00896999 0.000804738 
10.07 0.01097 0.000896088 
10.07 0.01297 0.000429214 
10.07 0.01497 0.000118284 
10.07 0.01697 4.86645e-05 
10.07 0.01897 1.11014e-05 
10.08 -0.02903 8.51016e-06 
10.08 -0.02703 1.37437e-05 
10.08 -0.02503 3.17883e-05 
10.08 -0.02303 4.77413e-05 
10.08 -0.02103 0.00025308 
10.08 -0.01903 0.000565852 
10.08 -0.01703 0.00114893 
10.08 -0.01503 0.00128545 
10.08 -0.01303 0.00247482 
10.08 -0.01103 0.00433071 
10.08 -0.00902998 0.0022401 
10.08 -0.00703001 0.00652765 
10.08 -0.00503001 0.00510241 
10.08 -0.00303 0.011285 
10.08 -0.00103 0.00982242 
10.08 0.000970006 0.0109595 
10.08 0.00297001 0.00358506 
10.08 0.00497001 0.00199405 
10.08 0.00697002 0.00128259 
10.08 0.00896999 0.00060205 
10.08 0.01097 0.000304129 
10.08 0.01297 0.000125176 
10.08 0.01497 6.92946e-05 
10.09 -0.02903 1.79923e-05 
10.09 -0.02703 2.77501e-05 
10.09 -0.02503 0.000143522 
10.09 -0.02303 0.000170525 
10.09 -0.02103 0.00104791 
10.09 -0.01903 0.00087152 
10.09 -0.01703 0.00196892 
10.09 -0.01503 0.00108052 
10.09 -0.01303 0.00299793 
10.09 -0.01103 0.00493844 
10.09 -0.00902998 0.00320006 
10.09 -0.00703001 0.00757875 
10.09 -0.00503001 0.0139449 
10.09 -0.00303 0.0127027 
10.09 -0.00103 0.00656243 
10.09 0.000970006 0.00259202 
10.09 0.00297001 0.00163936 
10.09 0.00497001 0.00103097 
10.09 0.00697002 0.00049214 
10.09 0.00896999 0.000223954 
10.09 0.01097 9.60968e-05 
10.09 0.01297 3.80175e-05 
10.1 -0.03303 9.41354e-06 
10.1 -0.03103 1.49812e-05 
10.1 -0.02903 5.74918e-05 
10.1 -0.02703 0.000103043 
10.1 -0.02503 0.000387166 
10.1 -0.02303 0.000520941 
10.1 -0.02103 0.00165122 
10.1 -0.01903 0.000951001 
10.1 -0.01703 0.00245368 
10.1 -0.01503 0.00202412 
10.1 -0.01303 0.00460281 
10.1 -0.01103 0.00551443 
10.1 -0.00902998 0.00616604 
10.1 -0.00703001 0.0135711 
10.1 -0.00503001 0.0114026 
10.1 -0.00303 0.00697063 
10.1 -0.00103 0.00191451 
10.1 0.000970006 0.00133185 
10.1 0.00297001 0.000699738 
10.1 0.00497001 0.000347397 
10.1 0.00697002 0.000161836 
10.1 0.00896999 7.32943e-05 
10.1 0.01097 1.44226e-05 
10.11 -0.03703 4.59557e-06 
10.11 -0.03303 3.1099e-05 
10.11 -0.03103 5.8089e-05 
10.11 -0.02903 0.000221511 
10.11 -0.02703 0.000327272 
10.11 -0.02503 0.00066187 
10.11 -0.02303 0.000783878 
10.11 -0.02103 0.00208643 
10.11 -0.01903 0.00165037 
10.11 -0.01703 0.00336504 
10.11 -0.01503 0.00243486 
10.11 -0.01303 0.00521559 
10.11 -0.01103 0.0118749 
10.11 -0.00902998 0.0114065 
10.11 -0.00703001 0.0106045 
10.11 -0.00503001 0.00171585 
10.11 -0.00303 0.00193691 
10.11 -0.00103 0.0010369 
10.11 0.000970006 0.00057387 
10.11 0.00297001 0.000416725 
10.11 0.00497001 0.000190923 
10.11 0.00697002 4.60913e-05 
10.12 -0.04103 2.06919e-06 
10.12 -0.03703 1.3415e-05 
10.12 -0.03503 3.83853e-05 
10.12 -0.03303 0.000116955 
10.12 -0.03103 0.000114947 
10.12 -0.02903 0.000182285 
10.12 -0.02703 0.000601271 
10.12 -0.02503 0.000897073 
10.12 -0.02303 0.00169014 
10.12 -0.02103 0.00269299 
10.12 -0.01903 0.0014657 
10.12 -0.01703 0.00439343 
10.12 -0.01503 0.0050008 
10.12 -0.01303 0.00893525 
10.12 -0.01103 0.0107669 
10.12 -0.00902998 0.00968388 
10.12 -0.00703001 0.00245715 
10.12 -0.00503001 0.00155733 
10.12 -0.00303 0.000808364 
10.12 -0.00103 0.000438673 
10.12 0.000970006 0.000187796 
10.12 0.00297001 0.000104919 
10.12 0.00497001 5.19854e-05 
10.13 -0.04103 2.3379e-06 
10.13 -0.03903 6.53802e-06 
10.13 -0.03703 2.68796e-05 
10.13 -0.03503 8.19245e-05 
10.13 -0.03303 3.66119e-05 
10.13 -0.03103 0.000312615 
10.13 -0.02903 0.0005512 
10.13 -0.02703 0.00102593 
10.13 -0.02503 0.000872653 
10.13 -0.02303 0.00201841 
10.13 -0.02103 0.00317773 
10.13 -0.01903 0.00211917 
10.13 -0.01703 0.00779621 
10.13 -0.01503 0.0106115 
10.13 -0.01303 0.0101767 
10.13 -0.01103 0.00546081 
10.13 -0.00902998 0.00197536 
10.13 -0.00703001 0.00111341 
10.13 -0.00503001 0.00059531 
10.13 -0.00303 0.000284763 
10.13 -0.00103 0.000139998 
10.13 0.000970006 6.3447e-05 
10.13 0.00297001 1.38906e-05 
10.14 -0.04303 2.62567e-06 
10.14 -0.04103 9.05421e-06 
10.14 -0.03903 2.08175e-05 
10.14 -0.03703 1.93636e-05 
10.14 -0.03503 0.000147851 
10.14 -0.03303 0.000217475 
10.14 -0.03103 0.000621155 
10.14 -0.02903 0.000611925 
10.14 -0.02703 0.00176573 
10.14 -0.02503 0.00133257 
10.14 -0.02303 0.00272498 
10.14 -0.02103 0.00429679 
10.14 -0.01903 0.00446184 
10.14 -0.01703 0.00955876 
10.14 -0.01503 0.00908205 
10.14 -0.01303 0.00535487 
10.14 -0.01103 0.00174757 
10.14 -0.00902998 0.00128139 
10.14 -0.00703001 0.000722783 
10.14 -0.00503001 0.000203356 
10.14 -0.00303 0.000100697 
10.14 -0.00103 3.90611e-05 
