#logage logm JPDF
9.36 0.19297 1.01992e-10 
9.36 0.19497 1.17486e-10 
9.37 0.18297 1.3173e-10 
9.37 0.18497 1.71653e-10 
9.37 0.18697 2.04309e-10 
9.37 0.18897 2.21187e-10 
9.37 0.19097 2.2117e-10 
9.37 0.19297 2.86628e-10 
9.37 0.19497 1.37903e-10 
9.38 0.17697 1.50897e-10 
9.38 0.17897 2.24664e-10 
9.38 0.18097 3.20494e-10 
9.38 0.18297 3.95639e-10 
9.38 0.18497 4.84164e-10 
9.38 0.18697 4.54364e-10 
9.38 0.18897 4.39762e-10 
9.38 0.19097 3.74133e-10 
9.38 0.19297 4.38191e-10 
9.38 0.19497 2.23748e-10 
9.38 0.19697 1.51253e-10 
9.39 0.17297 1.95449e-10 
9.39 0.17497 3.74603e-10 
9.39 0.17697 5.51294e-10 
9.39 0.17897 7.25227e-10 
9.39 0.18097 9.52351e-10 
9.39 0.18297 9.69871e-10 
9.39 0.18497 1.0337e-09 
9.39 0.18697 9.6595e-10 
9.39 0.18897 8.10928e-10 
9.39 0.19097 6.29229e-10 
9.39 0.19297 7.42172e-10 
9.39 0.19497 2.92968e-10 
9.39 0.19697 1.81963e-10 
9.39 0.19897 1.00705e-10 
9.4 0.16897 1.84622e-10 
9.4 0.17097 5.7674e-10 
9.4 0.17297 8.69479e-10 
9.4 0.17497 1.29297e-09 
9.4 0.17697 1.69211e-09 
9.4 0.17897 1.96414e-09 
9.4 0.18097 2.19785e-09 
9.4 0.18297 2.21772e-09 
9.4 0.18497 2.03386e-09 
9.4 0.18697 1.65393e-09 
9.4 0.18897 1.84546e-09 
9.4 0.19097 9.31299e-10 
9.4 0.19297 5.67716e-10 
9.4 0.19497 3.01289e-10 
9.4 0.19697 1.8515e-10 
9.41 0.16497 1.70021e-10 
9.41 0.16697 7.54777e-10 
9.41 0.16897 1.38911e-09 
9.41 0.17097 2.07009e-09 
9.41 0.17297 2.84504e-09 
9.41 0.17497 3.77521e-09 
9.41 0.17697 4.40438e-09 
9.41 0.17897 4.63392e-09 
9.41 0.18097 4.58171e-09 
9.41 0.18297 4.19065e-09 
9.41 0.18497 3.29383e-09 
9.41 0.18697 3.77828e-09 
9.41 0.18897 1.714e-09 
9.41 0.19097 9.79862e-10 
9.41 0.19297 5.51057e-10 
9.41 0.19497 2.93878e-10 
9.41 0.19697 1.61039e-10 
9.42 0.16097 1.38247e-10 
9.42 0.16297 8.8499e-10 
9.42 0.16497 1.95524e-09 
9.42 0.16697 3.21747e-09 
9.42 0.16897 4.80883e-09 
9.42 0.17097 6.44471e-09 
9.42 0.17297 7.91242e-09 
9.42 0.17497 9.20622e-09 
9.42 0.17697 9.50768e-09 
9.42 0.17897 8.85092e-09 
9.42 0.18097 7.9876e-09 
9.42 0.18297 9.09618e-09 
9.42 0.18497 4.57054e-09 
9.42 0.18697 3.31093e-09 
9.42 0.18897 1.69061e-09 
9.42 0.19097 9.67733e-10 
9.42 0.19297 5.18422e-10 
9.42 0.19497 2.45849e-10 
9.42 0.19697 1.19117e-10 
9.43 0.15897 8.24265e-10 
9.43 0.16097 2.68562e-09 
9.43 0.16297 4.66253e-09 
9.43 0.16497 7.25316e-09 
9.43 0.16697 1.03176e-08 
9.43 0.16897 1.41903e-08 
9.43 0.17097 1.67197e-08 
9.43 0.17297 1.83158e-08 
9.43 0.17497 1.88645e-08 
9.43 0.17697 1.75484e-08 
9.43 0.17897 1.51494e-08 
9.43 0.18097 1.65441e-08 
9.43 0.18297 7.64409e-09 
9.43 0.18497 5.11597e-09 
9.43 0.18697 2.87252e-09 
9.43 0.18897 1.70333e-09 
9.43 0.19097 8.57728e-10 
9.43 0.19297 4.07392e-10 
9.43 0.19497 2.18001e-10 
9.44 0.15497 7.0403e-10 
9.44 0.15697 3.19883e-09 
9.44 0.15897 6.14551e-09 
9.44 0.16097 1.04584e-08 
9.44 0.16297 1.59129e-08 
9.44 0.16497 2.20319e-08 
9.44 0.16697 2.83373e-08 
9.44 0.16897 3.51651e-08 
9.44 0.17097 3.62414e-08 
9.44 0.17297 3.62232e-08 
9.44 0.17497 3.18617e-08 
9.44 0.17697 3.86294e-08 
9.44 0.17897 2.0288e-08 
9.44 0.18097 1.22859e-08 
9.44 0.18297 8.2752e-09 
9.44 0.18497 5.01209e-09 
9.44 0.18697 2.69897e-09 
9.44 0.18897 1.34705e-09 
9.44 0.19097 7.36896e-10 
9.44 0.19297 2.8532e-10 
9.45 0.15097 4.81992e-10 
9.45 0.15297 3.10574e-09 
9.45 0.15497 8.05109e-09 
9.45 0.15697 1.38811e-08 
9.45 0.15897 2.25626e-08 
9.45 0.16097 3.39394e-08 
9.45 0.16297 4.63267e-08 
9.45 0.16497 5.83591e-08 
9.45 0.16697 6.57417e-08 
9.45 0.16897 7.18791e-08 
9.45 0.17097 6.78363e-08 
9.45 0.17297 6.02742e-08 
9.45 0.17497 7.03763e-08 
9.45 0.17697 3.74351e-08 
9.45 0.17897 2.22716e-08 
9.45 0.18097 1.33848e-08 
9.45 0.18297 7.52265e-09 
9.45 0.18497 4.09967e-09 
9.45 0.18697 1.93255e-09 
9.45 0.18897 9.21044e-10 
9.45 0.19097 4.26074e-10 
9.45 0.19297 1.2613e-10 
9.46 0.14697 2.29162e-10 
9.46 0.14897 2.87893e-09 
9.46 0.15097 9.11431e-09 
9.46 0.15297 1.82678e-08 
9.46 0.15497 3.11318e-08 
9.46 0.15697 4.79085e-08 
9.46 0.15897 6.94133e-08 
9.46 0.16097 9.7732e-08 
9.46 0.16297 1.15679e-07 
9.46 0.16497 1.27461e-07 
9.46 0.16697 1.23511e-07 
9.46 0.16897 1.26231e-07 
9.46 0.17097 1.48802e-07 
9.46 0.17297 8.86728e-08 
9.46 0.17497 5.88808e-08 
9.46 0.17697 3.61342e-08 
9.46 0.17897 2.14179e-08 
9.46 0.18097 1.17608e-08 
9.46 0.18297 6.4479e-09 
9.46 0.18497 2.98274e-09 
9.46 0.18697 1.40444e-09 
9.46 0.18897 6.53642e-10 
9.46 0.19097 2.00246e-10 
9.47 0.14497 2.1534e-09 
9.47 0.14697 9.7167e-09 
9.47 0.14897 2.20815e-08 
9.47 0.15097 3.93802e-08 
9.47 0.15297 6.52093e-08 
9.47 0.15497 1.00862e-07 
9.47 0.15697 1.42543e-07 
9.47 0.15897 1.85186e-07 
9.47 0.16097 2.15932e-07 
9.47 0.16297 2.35334e-07 
9.47 0.16497 2.30203e-07 
9.47 0.16697 2.08167e-07 
9.47 0.16897 1.74546e-07 
9.47 0.17097 1.60377e-07 
9.47 0.17297 1.09508e-07 
9.47 0.17497 8.88548e-08 
9.47 0.17697 3.45701e-08 
9.47 0.17897 1.83264e-08 
9.47 0.18097 9.85135e-09 
9.47 0.18297 4.66833e-09 
9.47 0.18497 2.10124e-09 
9.47 0.18697 9.73653e-10 
9.47 0.18897 3.36623e-10 
9.48 0.14097 9.57724e-10 
9.48 0.14297 9.58392e-09 
9.48 0.14497 2.61139e-08 
9.48 0.14697 4.89841e-08 
9.48 0.14897 8.47769e-08 
9.48 0.15097 1.35976e-07 
9.48 0.15297 2.01881e-07 
9.48 0.15497 2.85527e-07 
9.48 0.15697 3.51428e-07 
9.48 0.15897 3.9439e-07 
9.48 0.16097 4.1611e-07 
9.48 0.16297 4.01542e-07 
9.48 0.16497 3.48179e-07 
9.48 0.16697 3.36019e-07 
9.48 0.16897 2.43443e-07 
9.48 0.17097 1.71443e-07 
9.48 0.17297 1.0519e-07 
9.48 0.17497 8.01031e-08 
9.48 0.17697 2.92661e-08 
9.48 0.17897 1.5019e-08 
9.48 0.18097 6.76152e-09 
9.48 0.18297 3.45149e-09 
9.48 0.18497 1.07688e-09 
9.48 0.18697 3.06964e-10 
9.48 0.18897 1.05773e-10 
9.49 0.13897 7.79759e-09 
9.49 0.14097 2.68705e-08 
9.49 0.14297 5.81142e-08 
9.49 0.14497 1.0754e-07 
9.49 0.14697 1.80098e-07 
9.49 0.14897 2.7816e-07 
9.49 0.15097 4.20447e-07 
9.49 0.15297 5.29047e-07 
9.49 0.15497 6.51562e-07 
9.49 0.15697 7.21786e-07 
9.49 0.15897 7.32039e-07 
9.49 0.16097 6.79854e-07 
9.49 0.16297 6.71648e-07 
9.49 0.16497 5.46261e-07 
9.49 0.16697 3.82395e-07 
9.49 0.16897 2.35639e-07 
9.49 0.17097 1.64061e-07 
9.49 0.17297 1.16891e-07 
9.49 0.17497 5.21782e-08 
9.49 0.17697 1.92934e-08 
9.49 0.17897 8.44106e-09 
9.49 0.18097 3.43099e-09 
9.49 0.18297 1.49851e-09 
9.49 0.18497 4.3089e-10 
9.49 0.18697 1.67197e-10 
9.5 0.13497 4.3871e-09 
9.5 0.13697 2.68488e-08 
9.5 0.13897 6.36276e-08 
9.5 0.14097 1.2321e-07 
9.5 0.14297 2.2059e-07 
9.5 0.14497 3.65287e-07 
9.5 0.14697 5.65499e-07 
9.5 0.14897 7.86987e-07 
9.5 0.15097 9.92086e-07 
9.5 0.15297 1.17879e-06 
9.5 0.15497 1.16928e-06 
9.5 0.15697 7.03307e-07 
9.5 0.15897 1.16525e-06 
9.5 0.16097 1.59718e-06 
9.5 0.16297 8.09182e-07 
9.5 0.16497 5.73509e-07 
9.5 0.16697 3.88352e-07 
9.5 0.16897 2.34607e-07 
9.5 0.17097 1.32022e-07 
9.5 0.17297 8.2575e-08 
9.5 0.17497 2.60686e-08 
9.5 0.17697 1.15806e-08 
9.5 0.17897 4.82716e-09 
9.5 0.18097 1.95358e-09 
9.5 0.18297 5.60405e-10 
9.5 0.18497 2.26695e-10 
9.51 0.13297 2.27587e-08 
9.51 0.13497 6.73113e-08 
9.51 0.13697 1.37422e-07 
9.51 0.13897 2.5721e-07 
9.51 0.14097 4.45164e-07 
9.51 0.14297 7.13939e-07 
9.51 0.14497 1.08035e-06 
9.51 0.14697 1.43118e-06 
9.51 0.14897 1.77458e-06 
9.51 0.15097 1.75861e-06 
9.51 0.15297 1.45024e-06 
9.51 0.15497 1.92836e-06 
9.51 0.15697 2.89036e-06 
9.51 0.15897 1.66913e-06 
9.51 0.16097 1.22619e-06 
9.51 0.16297 8.68291e-07 
9.51 0.16497 5.42762e-07 
9.51 0.16697 3.22099e-07 
9.51 0.16897 1.83768e-07 
9.51 0.17097 1.14254e-07 
9.51 0.17297 3.57433e-08 
9.51 0.17497 1.57767e-08 
9.51 0.17697 6.25761e-09 
9.51 0.17897 2.42603e-09 
9.51 0.18097 8.36427e-10 
9.51 0.18297 2.07441e-10 
9.52 0.12897 1.25688e-08 
9.52 0.13097 6.33262e-08 
9.52 0.13297 1.42414e-07 
9.52 0.13497 2.91154e-07 
9.52 0.13697 5.29738e-07 
9.52 0.13897 9.04432e-07 
9.52 0.14097 1.41957e-06 
9.52 0.14297 1.88585e-06 
9.52 0.14497 2.60196e-06 
9.52 0.14697 2.54523e-06 
9.52 0.14897 2.37259e-06 
9.52 0.15097 3.49657e-06 
9.52 0.15297 3.38388e-06 
9.52 0.15497 4.42236e-06 
9.52 0.15697 2.56991e-06 
9.52 0.15897 1.84608e-06 
9.52 0.16097 1.21718e-06 
9.52 0.16297 7.78364e-07 
9.52 0.16497 4.39834e-07 
9.52 0.16697 2.50357e-07 
9.52 0.16897 1.2704e-07 
9.52 0.17097 6.58716e-08 
9.52 0.17297 2.02391e-08 
9.52 0.17497 9.82032e-09 
9.52 0.17697 2.36013e-09 
9.52 0.17897 8.03909e-10 
9.53 0.12697 6.07837e-08 
9.53 0.12897 1.498e-07 
9.53 0.13097 3.02331e-07 
9.53 0.13297 5.73014e-07 
9.53 0.13497 1.0399e-06 
9.53 0.13697 1.75135e-06 
9.53 0.13897 2.59764e-06 
9.53 0.14097 3.5947e-06 
9.53 0.14297 3.82313e-06 
9.53 0.14497 3.18862e-06 
9.53 0.14697 5.35313e-06 
9.53 0.14897 5.50863e-06 
9.53 0.15097 8.1076e-06 
9.53 0.15297 4.2322e-06 
9.53 0.15497 3.60739e-06 
9.53 0.15697 2.58426e-06 
9.53 0.15897 1.71623e-06 
9.53 0.16097 1.10829e-06 
9.53 0.16297 6.10265e-07 
9.53 0.16497 3.24162e-07 
9.53 0.16697 1.87673e-07 
9.53 0.16897 7.31188e-08 
9.53 0.17097 2.09444e-08 
9.53 0.17297 7.92661e-09 
9.53 0.17497 3.39522e-09 
9.53 0.17697 6.27986e-10 
9.54 0.12297 3.0001e-08 
9.54 0.12497 1.36613e-07 
9.54 0.12697 3.15788e-07 
9.54 0.12897 6.3659e-07 
9.54 0.13097 1.20875e-06 
9.54 0.13297 1.9662e-06 
9.54 0.13497 3.19958e-06 
9.54 0.13697 4.62093e-06 
9.54 0.13897 5.98487e-06 
9.54 0.14097 4.29921e-06 
9.54 0.14297 7.60079e-06 
9.54 0.14497 8.6627e-06 
9.54 0.14697 9.2549e-06 
9.54 0.14897 1.18042e-05 
9.54 0.15097 6.82512e-06 
9.54 0.15297 5.00291e-06 
9.54 0.15497 3.501e-06 
9.54 0.15697 2.23534e-06 
9.54 0.15897 1.30662e-06 
9.54 0.16097 7.17957e-07 
9.54 0.16297 3.61477e-07 
9.54 0.16497 1.70424e-07 
9.54 0.16697 8.38229e-08 
9.54 0.16897 2.20263e-08 
9.54 0.17097 8.188e-09 
9.54 0.17297 4.1581e-09 
9.54 0.17497 5.02046e-10 
9.55 0.12097 1.27438e-07 
9.55 0.12297 2.94317e-07 
9.55 0.12497 6.2762e-07 
9.55 0.12697 1.27754e-06 
9.55 0.12897 2.32379e-06 
9.55 0.13097 3.90341e-06 
9.55 0.13297 5.51865e-06 
9.55 0.13497 7.99251e-06 
9.55 0.13697 5.62203e-06 
9.55 0.13897 1.13088e-05 
9.55 0.14097 1.311e-05 
9.55 0.14297 1.26113e-05 
9.55 0.14497 1.98682e-05 
9.55 0.14697 1.17984e-05 
9.55 0.14897 9.64541e-06 
9.55 0.15097 4.74871e-06 
9.55 0.15297 5.66838e-06 
9.55 0.15497 4.27485e-06 
9.55 0.15697 1.69914e-06 
9.55 0.15897 8.86822e-07 
9.55 0.16097 4.49386e-07 
9.55 0.16297 2.05391e-07 
9.55 0.16497 9.38291e-08 
9.55 0.16697 3.09487e-08 
9.55 0.16897 9.05995e-09 
9.55 0.17097 1.93493e-09 
9.55 0.17297 2.90673e-10 
9.56 0.11697 7.03002e-08 
9.56 0.11897 2.88265e-07 
9.56 0.12097 6.36837e-07 
9.56 0.12297 1.2796e-06 
9.56 0.12497 2.43399e-06 
9.56 0.12697 4.33479e-06 
9.56 0.12897 6.97965e-06 
9.56 0.13097 1.05676e-05 
9.56 0.13297 7.39253e-06 
9.56 0.13497 1.47899e-05 
9.56 0.13697 1.8491e-05 
9.56 0.13897 1.9989e-05 
9.56 0.14097 2.02727e-05 
9.56 0.14297 2.87861e-05 
9.56 0.14497 1.08721e-05 
9.56 0.14697 1.47704e-05 
9.56 0.14897 1.07166e-05 
9.56 0.15097 7.10028e-06 
9.56 0.15297 4.64078e-06 
9.56 0.15497 3.22241e-06 
9.56 0.15697 1.10712e-06 
9.56 0.15897 5.47876e-07 
9.56 0.16097 2.397e-07 
9.56 0.16297 1.12761e-07 
9.56 0.16497 3.27487e-08 
9.56 0.16697 1.11822e-08 
9.56 0.16897 1.57912e-09 
9.56 0.17097 1.64881e-10 
9.57 0.11297 2.77808e-09 
9.57 0.11497 2.40257e-07 
9.57 0.11697 5.8695e-07 
9.57 0.11897 1.31081e-06 
9.57 0.12097 2.68534e-06 
9.57 0.12297 4.46608e-06 
9.57 0.12497 7.82703e-06 
9.57 0.12697 1.18433e-05 
9.57 0.12897 1.2892e-05 
9.57 0.13097 1.70758e-05 
9.57 0.13297 2.39208e-05 
9.57 0.13497 2.90539e-05 
9.57 0.13697 3.3918e-05 
9.57 0.13897 4.31687e-05 
9.57 0.14097 1.47765e-05 
9.57 0.14297 2.54073e-05 
9.57 0.14497 1.95337e-05 
9.57 0.14697 1.37266e-05 
9.57 0.14897 8.95264e-06 
9.57 0.15097 5.33137e-06 
9.57 0.15297 3.02264e-06 
9.57 0.15497 1.9428e-06 
9.57 0.15697 7.10508e-07 
9.57 0.15897 2.25931e-07 
9.57 0.16097 8.95657e-08 
9.57 0.16297 3.85601e-08 
9.57 0.16497 8.66405e-09 
9.57 0.16697 8.41742e-10 
9.58 0.11097 1.27932e-07 
9.58 0.11297 5.15071e-07 
9.58 0.11497 1.17117e-06 
9.58 0.11697 2.51754e-06 
9.58 0.11897 5.00647e-06 
9.58 0.12097 8.99055e-06 
9.58 0.12297 1.33887e-05 
9.58 0.12497 2.05474e-05 
9.58 0.12697 1.51472e-05 
9.58 0.12897 3.25832e-05 
9.58 0.13097 3.58346e-05 
9.58 0.13297 4.55718e-05 
9.58 0.13497 5.16509e-05 
9.58 0.13697 4.59846e-05 
9.58 0.13897 4.09741e-05 
9.58 0.14097 3.23803e-05 
9.58 0.14297 2.18606e-05 
9.58 0.14497 1.74484e-05 
9.58 0.14697 1.12858e-05 
9.58 0.14897 6.68877e-06 
9.58 0.15097 3.97418e-06 
9.58 0.15297 1.83513e-06 
9.58 0.15497 6.84927e-07 
9.58 0.15697 2.36988e-07 
9.58 0.15897 9.20853e-08 
9.58 0.16097 4.64405e-08 
9.58 0.16297 5.29922e-09 
9.58 0.16497 3.89213e-10 
9.59 0.10697 7.77941e-10 
9.59 0.10897 4.27282e-07 
9.59 0.11097 1.02879e-06 
9.59 0.11297 2.27375e-06 
9.59 0.11497 4.9658e-06 
9.59 0.11697 9.09979e-06 
9.59 0.11897 1.51173e-05 
9.59 0.12097 2.13173e-05 
9.59 0.12297 1.76759e-05 
9.59 0.12497 4.08866e-05 
9.59 0.12697 5.14887e-05 
9.59 0.12897 6.0634e-05 
9.59 0.13097 6.62064e-05 
9.59 0.13297 6.91273e-05 
9.59 0.13497 6.64265e-05 
9.59 0.13697 5.52406e-05 
9.59 0.13897 4.27929e-05 
9.59 0.14097 3.05556e-05 
9.59 0.14297 2.01115e-05 
9.59 0.14497 1.27293e-05 
9.59 0.14697 7.12887e-06 
9.59 0.14897 3.78548e-06 
9.59 0.15097 1.83639e-06 
9.59 0.15297 9.63204e-07 
9.59 0.15497 2.45813e-07 
9.59 0.15697 1.10452e-07 
9.59 0.15897 3.81986e-08 
9.59 0.16097 4.0757e-09 
9.59 0.16297 1.49087e-10 
9.6 0.10497 2.20116e-07 
9.6 0.10697 8.85111e-07 
9.6 0.10897 2.13319e-06 
9.6 0.11097 4.36025e-06 
9.6 0.11297 8.71896e-06 
9.6 0.11497 1.61477e-05 
9.6 0.11697 2.62235e-05 
9.6 0.11897 2.18024e-05 
9.6 0.12097 4.3085e-05 
9.6 0.12297 6.42472e-05 
9.6 0.12497 8.03225e-05 
9.6 0.12697 9.09823e-05 
9.6 0.12897 9.39878e-05 
9.6 0.13097 9.37406e-05 
9.6 0.13297 8.81863e-05 
9.6 0.13497 7.31537e-05 
9.6 0.13697 5.48539e-05 
9.6 0.13897 3.83214e-05 
9.6 0.14097 2.45901e-05 
9.6 0.14297 1.45808e-05 
9.6 0.14497 8.05116e-06 
9.6 0.14697 4.1278e-06 
9.6 0.14897 1.92211e-06 
9.6 0.15097 9.54218e-07 
9.6 0.15297 2.99995e-07 
9.6 0.15497 9.93381e-08 
9.6 0.15697 2.18694e-08 
9.6 0.15897 1.78901e-09 
9.61 0.10097 3.2177e-09 
9.61 0.10297 7.3665e-07 
9.61 0.10497 1.84044e-06 
9.61 0.10697 4.20904e-06 
9.61 0.10897 8.63047e-06 
9.61 0.11097 1.44279e-05 
9.61 0.11297 2.72242e-05 
9.61 0.11497 2.42663e-05 
9.61 0.11697 5.57259e-05 
9.61 0.11897 7.74269e-05 
9.61 0.12097 8.83563e-05 
9.61 0.12297 0.000119004 
9.61 0.12497 0.000133679 
9.61 0.12697 0.00013514 
9.61 0.12897 0.00012796 
9.61 0.13097 0.000109247 
9.61 0.13297 8.71834e-05 
9.61 0.13497 6.4321e-05 
9.61 0.13697 4.49825e-05 
9.61 0.13897 2.94591e-05 
9.61 0.14097 1.7077e-05 
9.61 0.14297 8.95837e-06 
9.61 0.14497 4.45634e-06 
9.61 0.14697 2.05446e-06 
9.61 0.14897 8.94748e-07 
9.61 0.15097 4.28848e-07 
9.61 0.15297 8.2635e-08 
9.61 0.15497 1.70027e-08 
9.61 0.15697 8.15738e-10 
9.62 0.09697 1.19136e-09 
9.62 0.09897 3.65234e-07 
9.62 0.10097 1.43167e-06 
9.62 0.10297 3.73243e-06 
9.62 0.10497 8.01297e-06 
9.62 0.10697 1.53818e-05 
9.62 0.10897 2.73818e-05 
9.62 0.11097 2.11407e-05 
9.62 0.11297 5.74978e-05 
9.62 0.11497 8.90999e-05 
9.62 0.11697 0.000121632 
9.62 0.11897 0.000133902 
9.62 0.12097 0.000192025 
9.62 0.12297 0.000189856 
9.62 0.12497 0.000167862 
9.62 0.12697 0.00017167 
9.62 0.12897 0.00014284 
9.62 0.13097 0.000109646 
9.62 0.13297 7.76226e-05 
9.62 0.13497 5.09882e-05 
9.62 0.13697 3.15815e-05 
9.62 0.13897 1.83651e-05 
9.62 0.14097 9.80373e-06 
9.62 0.14297 4.77606e-06 
9.62 0.14497 2.11644e-06 
9.62 0.14697 9.60507e-07 
9.62 0.14897 3.70047e-07 
9.62 0.15097 7.20434e-08 
9.62 0.15297 7.77202e-09 
9.62 0.15497 2.73942e-10 
9.63 0.09297 2.87206e-10 
9.63 0.09497 1.10475e-08 
9.63 0.09697 1.21525e-06 
9.63 0.09897 3.22748e-06 
9.63 0.10097 6.51667e-06 
9.63 0.10297 1.45471e-05 
9.63 0.10497 2.71595e-05 
9.63 0.10697 2.64638e-05 
9.63 0.10897 5.492e-05 
9.63 0.11097 9.06534e-05 
9.63 0.11297 0.000133952 
9.63 0.11497 0.000178429 
9.63 0.11697 0.00021555 
9.63 0.11897 0.000252342 
9.63 0.12097 0.000258146 
9.63 0.12297 0.000254887 
9.63 0.12497 0.00022036 
9.63 0.12697 0.00015935 
9.63 0.12897 8.70962e-05 
9.63 0.13097 0.000108428 
9.63 0.13297 7.1912e-05 
9.63 0.13497 4.41708e-05 
9.63 0.13697 2.95523e-05 
9.63 0.13897 1.01283e-05 
9.63 0.14097 4.9402e-06 
9.63 0.14297 2.12893e-06 
9.63 0.14497 1.02508e-06 
9.63 0.14697 3.14153e-07 
9.63 0.14897 5.47115e-08 
9.63 0.15097 2.20902e-09 
9.64 0.08897 4.51437e-10 
9.64 0.09097 2.81463e-09 
9.64 0.09297 5.86775e-07 
9.64 0.09497 2.57972e-06 
9.64 0.09697 6.24637e-06 
9.64 0.09897 1.33403e-05 
9.64 0.10097 2.21307e-05 
9.64 0.10297 2.80563e-05 
9.64 0.10497 6.18763e-05 
9.64 0.10697 0.000103819 
9.64 0.10897 0.000132447 
9.64 0.11097 0.000199831 
9.64 0.11297 0.000261031 
9.64 0.11497 0.000312769 
9.64 0.11697 0.000338249 
9.64 0.11897 0.000331915 
9.64 0.12097 0.000298061 
9.64 0.12297 0.000160044 
9.64 0.12497 0.000226631 
9.64 0.12697 0.000177118 
9.64 0.12897 0.000121098 
9.64 0.13097 7.63875e-05 
9.64 0.13297 4.47024e-05 
9.64 0.13497 2.41604e-05 
9.64 0.13697 1.44922e-05 
9.64 0.13897 4.04568e-06 
9.64 0.14097 1.65354e-06 
9.64 0.14297 7.55176e-07 
9.64 0.14497 2.53243e-07 
9.64 0.14697 2.47517e-08 
9.64 0.14897 1.56959e-09 
9.65 0.08497 1.22117e-10 
9.65 0.08697 5.94919e-09 
9.65 0.08897 7.58645e-08 
9.65 0.09097 1.81873e-06 
9.65 0.09297 5.08836e-06 
9.65 0.09497 1.16072e-05 
9.65 0.09697 2.39046e-05 
9.65 0.09897 2.25524e-05 
9.65 0.10097 5.66367e-05 
9.65 0.10297 0.000103121 
9.65 0.10497 0.000164305 
9.65 0.10697 0.000236233 
9.65 0.10897 0.000268484 
9.65 0.11097 0.00037084 
9.65 0.11297 0.000439576 
9.65 0.11497 0.00045204 
9.65 0.11697 0.000422232 
9.65 0.11897 0.000235123 
9.65 0.12097 0.00032703 
9.65 0.12297 0.000252871 
9.65 0.12497 0.000187233 
9.65 0.12697 0.00013704 
9.65 0.12897 8.30927e-05 
9.65 0.13097 4.74024e-05 
9.65 0.13297 2.51549e-05 
9.65 0.13497 1.31914e-05 
9.65 0.13697 5.44375e-06 
9.65 0.13897 1.6765e-06 
9.65 0.14097 6.46149e-07 
9.65 0.14297 1.26651e-07 
9.65 0.14497 9.63095e-09 
9.65 0.14697 3.43139e-10 
9.66 0.08297 1.42545e-09 
9.66 0.08497 3.94617e-08 
9.66 0.08697 1.0238e-06 
9.66 0.08897 4.19878e-06 
9.66 0.09097 8.49186e-06 
9.66 0.09297 1.993e-05 
9.66 0.09497 2.51542e-05 
9.66 0.09697 5.69791e-05 
9.66 0.09897 0.000104362 
9.66 0.10097 0.000138967 
9.66 0.10297 0.000246373 
9.66 0.10497 0.000340169 
9.66 0.10697 0.000434486 
9.66 0.10897 0.000522828 
9.66 0.11097 0.000532924 
9.66 0.11297 0.00051416 
9.66 0.11497 0.000361066 
9.66 0.11697 0.000482191 
9.66 0.11897 0.000391436 
9.66 0.12097 0.000293643 
9.66 0.12297 0.000204364 
9.66 0.12497 0.000131993 
9.66 0.12697 7.88289e-05 
9.66 0.12897 4.6609e-05 
9.66 0.13097 2.41742e-05 
9.66 0.13297 1.12428e-05 
9.66 0.13497 6.35549e-06 
9.66 0.13697 1.35696e-06 
9.66 0.13897 4.91446e-07 
9.66 0.14097 9.55157e-08 
9.66 0.14297 7.74866e-09 
9.67 0.07897 3.15856e-09 
9.67 0.08097 1.36716e-08 
9.67 0.08297 1.84967e-07 
9.67 0.08497 3.06328e-06 
9.67 0.08697 7.85095e-06 
9.67 0.08897 1.80427e-05 
9.67 0.09097 2.27584e-05 
9.67 0.09297 4.52544e-05 
9.67 0.09497 9.66726e-05 
9.67 0.09697 0.000163606 
9.67 0.09897 0.000251268 
9.67 0.10097 0.000308779 
9.67 0.10297 0.00049086 
9.67 0.10497 0.000613156 
9.67 0.10697 0.000704867 
9.67 0.10897 0.000478146 
9.67 0.11097 0.000681653 
9.67 0.11297 0.000669377 
9.67 0.11497 0.000564833 
9.67 0.11697 0.0004059 
9.67 0.11897 0.000323932 
9.67 0.12097 0.000225004 
9.67 0.12297 0.000142294 
9.67 0.12497 8.34016e-05 
9.67 0.12697 4.47864e-05 
9.67 0.12897 2.20731e-05 
9.67 0.13097 1.07359e-05 
9.67 0.13297 5.70368e-06 
9.67 0.13497 1.03691e-06 
9.67 0.13697 4.22676e-07 
9.67 0.13897 4.03308e-08 
9.67 0.14097 2.32691e-09 
9.68 0.07497 8.2253e-10 
9.68 0.07697 2.36329e-08 
9.68 0.07897 2.35196e-07 
9.68 0.08097 1.37978e-06 
9.68 0.08297 6.02015e-06 
9.68 0.08497 1.41575e-05 
9.68 0.08697 2.42034e-05 
9.68 0.08897 4.15242e-05 
9.68 0.09097 7.69782e-05 
9.68 0.09297 0.000153911 
9.68 0.09497 0.000251111 
9.68 0.09697 0.000378814 
9.68 0.09897 0.000518975 
9.68 0.10097 0.000541126 
9.68 0.10297 0.000694514 
9.68 0.10497 0.000657637 
9.68 0.10697 0.000880287 
9.68 0.10897 0.000858581 
9.68 0.11097 0.00075679 
9.68 0.11297 0.000633675 
9.68 0.11497 0.000499586 
9.68 0.11697 0.000353949 
9.68 0.11897 0.000232429 
9.68 0.12097 0.0001354 
9.68 0.12297 7.68206e-05 
9.68 0.12497 4.36099e-05 
9.68 0.12697 2.11868e-05 
9.68 0.12897 1.01397e-05 
9.68 0.13097 3.68222e-06 
9.68 0.13297 1.56703e-06 
9.68 0.13497 1.79735e-07 
9.68 0.13697 1.53929e-08 
9.69 0.07097 1.43202e-09 
9.69 0.07297 7.0472e-09 
9.69 0.07497 1.17464e-07 
9.69 0.07697 7.19422e-07 
9.69 0.07897 5.34504e-06 
9.69 0.08097 9.78114e-06 
9.69 0.08297 2.017e-05 
9.69 0.08497 3.52054e-05 
9.69 0.08697 7.98228e-05 
9.69 0.08897 0.000125651 
9.69 0.09097 0.000219342 
9.69 0.09297 0.000359033 
9.69 0.09497 0.00051963 
9.69 0.09697 0.000672754 
9.69 0.09897 0.00043744 
9.69 0.10097 0.000937019 
9.69 0.10297 0.00104434 
9.69 0.10497 0.00110383 
9.69 0.10697 0.00103605 
9.69 0.10897 0.000891452 
9.69 0.11097 0.000706336 
9.69 0.11297 0.00052086 
9.69 0.11497 0.000369362 
9.69 0.11697 0.000242392 
9.69 0.11897 0.000141678 
9.69 0.12097 7.05756e-05 
9.69 0.12297 4.20878e-05 
9.69 0.12497 2.08631e-05 
9.69 0.12697 7.86229e-06 
9.69 0.12897 2.76969e-06 
9.69 0.13097 1.29552e-06 
9.69 0.13297 1.39153e-07 
9.69 0.13497 1.01887e-08 
9.7 0.06697 3.29673e-10 
9.7 0.06897 1.36098e-08 
9.7 0.07097 1.59568e-07 
9.7 0.07297 2.83909e-07 
9.7 0.07497 2.7439e-06 
9.7 0.07697 9.2688e-06 
9.7 0.07897 1.8433e-05 
9.7 0.08097 2.23653e-05 
9.7 0.08297 6.47968e-05 
9.7 0.08497 0.000123892 
9.7 0.08697 0.000224629 
9.7 0.08897 0.000299472 
9.7 0.09097 0.000517852 
9.7 0.09297 0.000455742 
9.7 0.09497 0.000862256 
9.7 0.09697 0.00107719 
9.7 0.09897 0.00103291 
9.7 0.10097 0.00125549 
9.7 0.10297 0.00135413 
9.7 0.10497 0.00122027 
9.7 0.10697 0.00101971 
9.7 0.10897 0.000758533 
9.7 0.11097 0.000476726 
9.7 0.11297 0.000379202 
9.7 0.11497 0.00027827 
9.7 0.11697 0.00019769 
9.7 0.11897 8.15752e-05 
9.7 0.12097 3.26506e-05 
9.7 0.12297 1.90756e-05 
9.7 0.12497 6.02809e-06 
9.7 0.12697 2.59535e-06 
9.7 0.12897 5.96193e-07 
9.7 0.13097 5.56474e-08 
9.7 0.13297 1.72696e-09 
9.71 0.06497 2.81594e-09 
9.71 0.06697 6.26813e-08 
9.71 0.06897 4.72447e-07 
9.71 0.07097 6.24634e-07 
9.71 0.07297 6.69503e-06 
9.71 0.07497 1.17109e-05 
9.71 0.07697 2.8342e-05 
9.71 0.07897 4.4236e-05 
9.71 0.08097 0.000104317 
9.71 0.08297 0.000189617 
9.71 0.08497 0.000326084 
9.71 0.08697 0.000328504 
9.71 0.08897 0.000534894 
9.71 0.09097 0.000887574 
9.71 0.09297 0.00116892 
9.71 0.09497 0.00138145 
9.71 0.09697 0.00150502 
9.71 0.09897 0.00154188 
9.71 0.10097 0.00146644 
9.71 0.10297 0.000963208 
9.71 0.10497 0.000897859 
9.71 0.10697 0.000969248 
9.71 0.10897 0.000674874 
9.71 0.11097 0.000437654 
9.71 0.11297 0.000270399 
9.71 0.11497 0.000153555 
9.71 0.11697 9.35055e-05 
9.71 0.11897 3.71605e-05 
9.71 0.12097 1.34564e-05 
9.71 0.12297 4.66261e-06 
9.71 0.12497 2.33269e-06 
9.71 0.12697 2.4976e-07 
9.71 0.12897 3.16844e-08 
9.72 0.06097 4.33752e-09 
9.72 0.06297 1.45469e-08 
9.72 0.06497 2.02796e-07 
9.72 0.06697 9.23391e-07 
9.72 0.06897 2.94221e-06 
9.72 0.07097 8.21291e-06 
9.72 0.07297 2.21388e-05 
9.72 0.07497 4.89992e-05 
9.72 0.07697 7.1376e-05 
9.72 0.07897 0.000162222 
9.72 0.08097 0.000284909 
9.72 0.08297 0.000309887 
9.72 0.08497 0.000477611 
9.72 0.08697 0.000867794 
9.72 0.08897 0.00118326 
9.72 0.09097 0.0015131 
9.72 0.09297 0.00173041 
9.72 0.09497 0.001197 
9.72 0.09697 0.00245129 
9.72 0.09897 0.00112835 
9.72 0.10097 0.00149642 
9.72 0.10297 0.00116505 
9.72 0.10497 0.000874071 
9.72 0.10697 0.00058745 
9.72 0.10897 0.000445853 
9.72 0.11097 0.000264877 
9.72 0.11297 0.000146794 
9.72 0.11497 7.60024e-05 
9.72 0.11697 4.37069e-05 
9.72 0.11897 8.95771e-06 
9.72 0.12097 3.55895e-06 
9.72 0.12297 1.666e-06 
9.72 0.12497 1.75062e-07 
9.72 0.12697 8.88295e-09 
9.73 0.05697 1.17648e-09 
9.73 0.05897 2.68158e-08 
9.73 0.06097 5.78292e-08 
9.73 0.06297 5.21848e-07 
9.73 0.06497 1.80828e-06 
9.73 0.06697 6.69428e-06 
9.73 0.06897 1.24917e-05 
9.73 0.07097 3.69687e-05 
9.73 0.07297 7.74393e-05 
9.73 0.07497 0.000110019 
9.73 0.07697 0.000229696 
9.73 0.07897 0.000286121 
9.73 0.08097 0.000573989 
9.73 0.08297 0.000672551 
9.73 0.08497 0.00112637 
9.73 0.08697 0.00150983 
9.73 0.08897 0.00143902 
9.73 0.09097 0.00180924 
9.73 0.09297 0.00260547 
9.73 0.09497 0.00171719 
9.73 0.09697 0.0019177 
9.73 0.09897 0.00159563 
9.73 0.10097 0.00125944 
9.73 0.10297 0.000916592 
9.73 0.10497 0.000612146 
9.73 0.10697 0.000355345 
9.73 0.10897 0.000236061 
9.73 0.11097 0.000135093 
9.73 0.11297 6.81765e-05 
9.73 0.11497 2.99179e-05 
9.73 0.11697 1.16976e-05 
9.73 0.11897 3.21149e-06 
9.73 0.12097 7.246e-07 
9.73 0.12297 6.07353e-08 
9.74 0.05497 7.51413e-09 
9.74 0.05697 1.05022e-07 
9.74 0.05897 1.91223e-07 
9.74 0.06097 1.13633e-06 
9.74 0.06297 3.12827e-06 
9.74 0.06497 1.23573e-05 
9.74 0.06697 1.90728e-05 
9.74 0.06897 5.46158e-05 
9.74 0.07097 0.000119419 
9.74 0.07297 0.000124848 
9.74 0.07497 0.000277908 
9.74 0.07697 0.00051754 
9.74 0.07897 0.000802467 
9.74 0.08097 0.000918235 
9.74 0.08297 0.00145649 
9.74 0.08497 0.00120569 
9.74 0.08697 0.00207207 
9.74 0.08897 0.00238578 
9.74 0.09097 0.00254032 
9.74 0.09297 0.00240234 
9.74 0.09497 0.00211004 
9.74 0.09697 0.00174096 
9.74 0.09897 0.001321 
9.74 0.10097 0.000922173 
9.74 0.10297 0.000601419 
9.74 0.10497 0.000333899 
9.74 0.10697 0.000215645 
9.74 0.10897 0.00011772 
9.74 0.11097 5.09621e-05 
9.74 0.11297 2.20349e-05 
9.74 0.11497 1.07237e-05 
9.74 0.11697 2.63772e-06 
9.74 0.11897 3.74089e-07 
9.74 0.12097 3.38151e-08 
9.75 0.05097 2.14376e-09 
9.75 0.05297 4.27671e-08 
9.75 0.05497 3.28679e-07 
9.75 0.05697 1.21091e-06 
9.75 0.05897 1.25857e-06 
9.75 0.06097 7.16594e-06 
9.75 0.06297 1.95726e-05 
9.75 0.06497 2.91352e-05 
9.75 0.06697 8.02063e-05 
9.75 0.06897 0.000131131 
9.75 0.07097 0.000229022 
9.75 0.07297 0.000400058 
9.75 0.07497 0.000726157 
9.75 0.07697 0.00109559 
9.75 0.07897 0.00119347 
9.75 0.08097 0.00155531 
9.75 0.08297 0.00223911 
9.75 0.08497 0.00254949 
9.75 0.08697 0.00256739 
9.75 0.08897 0.0027519 
9.75 0.09097 0.00247588 
9.75 0.09297 0.00232078 
9.75 0.09497 0.00183031 
9.75 0.09697 0.00134144 
9.75 0.09897 0.00091056 
9.75 0.10097 0.000569041 
9.75 0.10297 0.000305242 
9.75 0.10497 0.000189834 
9.75 0.10697 0.000100058 
9.75 0.10897 3.72335e-05 
9.75 0.11097 1.5967e-05 
9.75 0.11297 8.33478e-06 
9.75 0.11497 1.99688e-06 
9.75 0.11697 1.8902e-07 
9.75 0.11897 3.538e-09 
9.76 0.04697 2.75992e-09 
9.76 0.04897 5.03031e-08 
9.76 0.05097 1.1602e-07 
9.76 0.05297 6.96051e-07 
9.76 0.05497 2.23213e-06 
9.76 0.05697 2.14159e-06 
9.76 0.05897 1.37188e-05 
9.76 0.06097 3.14669e-05 
9.76 0.06297 4.58165e-05 
9.76 0.06497 8.2161e-05 
9.76 0.06697 0.000188522 
9.76 0.06897 0.000380929 
9.76 0.07097 0.000500085 
9.76 0.07297 0.000982201 
9.76 0.07497 0.000958846 
9.76 0.07697 0.00171186 
9.76 0.07897 0.00220145 
9.76 0.08097 0.00255976 
9.76 0.08297 0.00292011 
9.76 0.08497 0.00308677 
9.76 0.08697 0.00304181 
9.76 0.08897 0.00260938 
9.76 0.09097 0.00221093 
9.76 0.09297 0.00111849 
9.76 0.09497 0.00141029 
9.76 0.09697 0.000990315 
9.76 0.09897 0.000635783 
9.76 0.10097 0.000418502 
9.76 0.10297 0.000188263 
9.76 0.10497 7.33643e-05 
9.76 0.10697 2.91852e-05 
9.76 0.10897 1.16693e-05 
9.76 0.11097 6.31473e-06 
9.76 0.11297 7.63536e-07 
9.76 0.11497 4.2588e-08 
9.77 0.04497 1.73936e-08 
9.77 0.04697 1.74493e-07 
9.77 0.04897 2.74802e-07 
9.77 0.05097 1.36893e-06 
9.77 0.05297 3.69678e-06 
9.77 0.05497 5.59591e-06 
9.77 0.05697 2.20926e-05 
9.77 0.05897 5.00072e-05 
9.77 0.06097 7.17125e-05 
9.77 0.06297 0.000119853 
9.77 0.06497 0.000278176 
9.77 0.06697 0.000487314 
9.77 0.06897 0.000579329 
9.77 0.07097 0.000799701 
9.77 0.07297 0.00154936 
9.77 0.07497 0.00204912 
9.77 0.07697 0.00271504 
9.77 0.07897 0.00312051 
9.77 0.08097 0.00233448 
9.77 0.08297 0.0045134 
9.77 0.08497 0.00305455 
9.77 0.08697 0.00172605 
9.77 0.08897 0.00235581 
9.77 0.09097 0.00171696 
9.77 0.09297 0.0013359 
9.77 0.09497 0.000927228 
9.77 0.09697 0.000565191 
9.77 0.09897 0.000321111 
9.77 0.10097 0.000196163 
9.77 0.10297 7.33226e-05 
9.77 0.10497 2.21954e-05 
9.77 0.10697 1.06287e-05 
9.77 0.10897 2.69055e-06 
9.77 0.11097 4.65963e-07 
9.77 0.11297 1.44781e-08 
9.78 0.04097 4.97889e-09 
9.78 0.04297 7.49228e-08 
9.78 0.04497 4.22499e-07 
9.78 0.04697 5.29636e-07 
9.78 0.04897 2.37338e-06 
9.78 0.05097 6.01488e-06 
9.78 0.05297 1.8018e-05 
9.78 0.05497 2.83089e-05 
9.78 0.05697 5.74862e-05 
9.78 0.05897 0.000136056 
9.78 0.06097 0.000172503 
9.78 0.06297 0.000402974 
9.78 0.06497 0.000591054 
9.78 0.06697 0.000588872 
9.78 0.06897 0.00136863 
9.78 0.07097 0.00184592 
9.78 0.07297 0.00266744 
9.78 0.07497 0.00249665 
9.78 0.07697 0.00308371 
9.78 0.07897 0.0050004 
9.78 0.08097 0.00305929 
9.78 0.08297 0.00271527 
9.78 0.08497 0.00294974 
9.78 0.08697 0.0023382 
9.78 0.08897 0.00171328 
9.78 0.09097 0.00113824 
9.78 0.09297 0.000796066 
9.78 0.09497 0.000479236 
9.78 0.09697 0.000282847 
9.78 0.09897 0.000132574 
9.78 0.10097 7.44536e-05 
9.78 0.10297 1.73359e-05 
9.78 0.10497 7.99475e-06 
9.78 0.10697 1.81926e-06 
9.78 0.10897 1.27624e-07 
9.79 0.03697 4.85727e-09 
9.79 0.03897 6.55227e-08 
9.79 0.04097 1.126e-07 
9.79 0.04297 8.10135e-07 
9.79 0.04497 2.36957e-06 
9.79 0.04697 2.43287e-06 
9.79 0.04897 1.17623e-05 
9.79 0.05097 3.11476e-05 
9.79 0.05297 2.82298e-05 
9.79 0.05497 9.92391e-05 
9.79 0.05697 0.000201676 
9.79 0.05897 0.000252863 
9.79 0.06097 0.000455994 
9.79 0.06297 0.000778276 
9.79 0.06497 0.000937236 
9.79 0.06697 0.00227788 
9.79 0.06897 0.00249434 
9.79 0.07097 0.00198864 
9.79 0.07297 0.00326061 
9.79 0.07497 0.00364619 
9.79 0.07697 0.00382186 
9.79 0.07897 0.00384032 
9.79 0.08097 0.00359683 
9.79 0.08297 0.00296221 
9.79 0.08497 0.00225053 
9.79 0.08697 0.00160259 
9.79 0.08897 0.00099563 
9.79 0.09097 0.00066993 
9.79 0.09297 0.000406287 
9.79 0.09497 0.000221084 
9.79 0.09697 9.97575e-05 
9.79 0.09897 4.52255e-05 
9.79 0.10097 2.35648e-05 
9.79 0.10297 6.2367e-06 
9.79 0.10497 6.97027e-07 
9.79 0.10697 4.9019e-08 
9.8 0.03497 2.30146e-08 
9.8 0.03697 1.5597e-07 
9.8 0.03897 2.10623e-07 
9.8 0.04097 1.26725e-06 
9.8 0.04297 3.84813e-06 
9.8 0.04497 3.73532e-06 
9.8 0.04697 2.02255e-05 
9.8 0.04897 3.85798e-05 
9.8 0.05097 5.04819e-05 
9.8 0.05297 0.000149353 
9.8 0.05497 0.000289043 
9.8 0.05697 0.000245672 
9.8 0.05897 0.000653596 
9.8 0.06097 0.00108045 
9.8 0.06297 0.00167804 
9.8 0.06497 0.00206634 
9.8 0.06697 0.0021662 
9.8 0.06897 0.00329864 
9.8 0.07097 0.00388797 
9.8 0.07297 0.00418781 
9.8 0.07497 0.0044378 
9.8 0.07697 0.00366893 
9.8 0.07897 0.00355001 
9.8 0.08097 0.00285027 
9.8 0.08297 0.00213713 
9.8 0.08497 0.00146045 
9.8 0.08697 0.00088134 
9.8 0.08897 0.000562163 
9.8 0.09097 0.000323329 
9.8 0.09297 0.000161395 
9.8 0.09497 7.63327e-05 
9.8 0.09697 3.33087e-05 
9.8 0.09897 1.72946e-05 
9.8 0.10097 4.2898e-06 
9.8 0.10297 3.41811e-07 
9.8 0.10497 1.46193e-09 
9.81 0.03097 1.11566e-08 
9.81 0.03297 6.60503e-08 
9.81 0.03497 3.20054e-07 
9.81 0.03697 4.05216e-07 
9.81 0.03897 1.70373e-06 
9.81 0.04097 4.60584e-06 
9.81 0.04297 7.73308e-06 
9.81 0.04497 2.58346e-05 
9.81 0.04697 6.04445e-05 
9.81 0.04897 7.31231e-05 
9.81 0.05097 0.000212259 
9.81 0.05297 0.000311739 
9.81 0.05497 0.000386386 
9.81 0.05697 0.000867397 
9.81 0.05897 0.00132376 
9.81 0.06097 0.00143122 
9.81 0.06297 0.00247417 
9.81 0.06497 0.00326463 
9.81 0.06697 0.00394015 
9.81 0.06897 0.00411293 
9.81 0.07097 0.00441334 
9.81 0.07297 0.00438279 
9.81 0.07497 0.0038873 
9.81 0.07697 0.00330965 
9.81 0.07897 0.00244093 
9.81 0.08097 0.00182116 
9.81 0.08297 0.00117224 
9.81 0.08497 0.000866159 
9.81 0.08697 0.000595012 
9.81 0.08897 0.0002494 
9.81 0.09097 0.000118683 
9.81 0.09297 5.2524e-05 
9.81 0.09497 2.19001e-05 
9.81 0.09697 1.22949e-05 
9.81 0.09897 1.39148e-06 
9.81 0.10097 5.27586e-08 
9.82 0.02697 5.98425e-09 
9.82 0.02897 6.84607e-08 
9.82 0.03097 1.01192e-07 
9.82 0.03297 5.28752e-07 
9.82 0.03497 1.55511e-06 
9.82 0.03697 1.67636e-06 
9.82 0.03897 6.86806e-06 
9.82 0.04097 9.06482e-06 
9.82 0.04297 3.22144e-05 
9.82 0.04497 7.15646e-05 
9.82 0.04697 9.05927e-05 
9.82 0.04897 0.000178799 
9.82 0.05097 0.000356232 
9.82 0.05297 0.000478477 
9.82 0.05497 0.00101967 
9.82 0.05697 0.00129351 
9.82 0.05897 0.0020645 
9.82 0.06097 0.00311224 
9.82 0.06297 0.00345822 
9.82 0.06497 0.00284031 
9.82 0.06697 0.00411235 
9.82 0.06897 0.00611367 
9.82 0.07097 0.00429925 
9.82 0.07297 0.00368886 
9.82 0.07497 0.00203978 
9.82 0.07697 0.00241015 
9.82 0.07897 0.00186735 
9.82 0.08097 0.00133137 
9.82 0.08297 0.000840453 
9.82 0.08497 0.000495758 
9.82 0.08697 0.000304337 
9.82 0.08897 0.000110167 
9.82 0.09097 3.85756e-05 
9.82 0.09297 1.71451e-05 
9.82 0.09497 7.43086e-06 
9.82 0.09697 7.78024e-07 
9.82 0.09897 6.6376e-09 
9.83 0.02297 4.07671e-10 
9.83 0.02497 2.63538e-08 
9.83 0.02697 1.35849e-07 
9.83 0.02897 1.77955e-07 
9.83 0.03097 8.69356e-07 
9.83 0.03297 1.70246e-06 
9.83 0.03497 3.29006e-06 
9.83 0.03697 1.10006e-05 
9.83 0.03897 1.36125e-05 
9.83 0.04097 4.91826e-05 
9.83 0.04297 9.91407e-05 
9.83 0.04497 8.59248e-05 
9.83 0.04697 0.000279686 
9.83 0.04897 0.000374991 
9.83 0.05097 0.000626511 
9.83 0.05297 0.00150152 
9.83 0.05497 0.00191819 
9.83 0.05697 0.00242067 
9.83 0.05897 0.00283222 
9.83 0.06097 0.00288076 
9.83 0.06297 0.00415902 
9.83 0.06497 0.00601469 
9.83 0.06697 0.00390696 
9.83 0.06897 0.00357344 
9.83 0.07097 0.0026897 
9.83 0.07297 0.00318404 
9.83 0.07497 0.0023743 
9.83 0.07697 0.00160834 
9.83 0.07897 0.00114289 
9.83 0.08097 0.000708931 
9.83 0.08297 0.000387005 
9.83 0.08497 0.000198127 
9.83 0.08697 0.000116254 
9.83 0.08897 3.09207e-05 
9.83 0.09097 1.3895e-05 
9.83 0.09297 3.11847e-06 
9.83 0.09497 1.29291e-07 
9.83 0.09697 3.99131e-10 
9.84 0.02097 2.43609e-08 
9.84 0.02297 4.51282e-08 
9.84 0.02497 2.60273e-07 
9.84 0.02697 3.38112e-07 
9.84 0.02897 1.41384e-06 
9.84 0.03097 1.44262e-06 
9.84 0.03297 6.24396e-06 
9.84 0.03497 1.62574e-05 
9.84 0.03697 2.06063e-05 
9.84 0.03897 6.74366e-05 
9.84 0.04097 6.63769e-05 
9.84 0.04297 0.000195503 
9.84 0.04497 0.000387094 
9.84 0.04697 0.000305348 
9.84 0.04897 0.000889797 
9.84 0.05097 0.0018369 
9.84 0.05297 0.00212866 
9.84 0.05497 0.00197938 
9.84 0.05697 0.00316972 
9.84 0.05897 0.00373267 
9.84 0.06097 0.00434427 
9.84 0.06297 0.00619665 
9.84 0.06497 0.00277739 
9.84 0.06697 0.00368322 
9.84 0.06897 0.0031186 
9.84 0.07097 0.00264835 
9.84 0.07297 0.00212739 
9.84 0.07497 0.00142273 
9.84 0.07697 0.000951585 
9.84 0.07897 0.000580262 
9.84 0.08097 0.000291972 
9.84 0.08297 0.000147634 
9.84 0.08497 6.93153e-05 
9.84 0.08697 3.80762e-05 
9.84 0.08897 9.42822e-06 
9.84 0.09097 1.64124e-06 
9.84 0.09297 2.37197e-08 
9.85 0.01697 6.70686e-09 
9.85 0.01897 3.43702e-08 
9.85 0.02097 1.03584e-07 
9.85 0.02297 4.29763e-07 
9.85 0.02497 4.73884e-07 
9.85 0.02697 2.14694e-06 
9.85 0.02897 2.2182e-06 
9.85 0.03097 9.14076e-06 
9.85 0.03297 2.48112e-05 
9.85 0.03497 2.84335e-05 
9.85 0.03697 7.67756e-05 
9.85 0.03897 0.000102185 
9.85 0.04097 0.000281188 
9.85 0.04297 0.000402996 
9.85 0.04497 0.000618777 
9.85 0.04697 0.00112561 
9.85 0.04897 0.00168109 
9.85 0.05097 0.00186589 
9.85 0.05297 0.00287607 
9.85 0.05497 0.00351142 
9.85 0.05697 0.0039909 
9.85 0.05897 0.00620549 
9.85 0.06097 0.00277719 
9.85 0.06297 0.00414481 
9.85 0.06497 0.0037562 
9.85 0.06697 0.00290233 
9.85 0.06897 0.00235656 
9.85 0.07097 0.00169431 
9.85 0.07297 0.00112661 
9.85 0.07497 0.000793024 
9.85 0.07697 0.000444854 
9.85 0.07897 0.00022287 
9.85 0.08097 0.000109084 
9.85 0.08297 5.01341e-05 
9.85 0.08497 2.6586e-05 
9.85 0.08697 6.45693e-06 
9.85 0.08897 3.22786e-07 
9.86 0.01497 2.22089e-08 
9.86 0.01697 3.48232e-08 
9.86 0.01897 2.06032e-07 
9.86 0.02097 6.7709e-07 
9.86 0.02297 7.38935e-07 
9.86 0.02497 3.28219e-06 
9.86 0.02697 3.24463e-06 
9.86 0.02897 1.41988e-05 
9.86 0.03097 2.60162e-05 
9.86 0.03297 4.2132e-05 
9.86 0.03497 0.000116074 
9.86 0.03697 0.000199322 
9.86 0.03897 0.000142276 
9.86 0.04097 0.000462732 
9.86 0.04297 0.000587416 
9.86 0.04497 0.00134684 
9.86 0.04697 0.00231247 
9.86 0.04897 0.00266479 
9.86 0.05097 0.00311355 
9.86 0.05297 0.00368103 
9.86 0.05497 0.00280414 
9.86 0.05697 0.00532031 
9.86 0.05897 0.0041888 
9.86 0.06097 0.00410806 
9.86 0.06297 0.00346375 
9.86 0.06497 0.00259338 
9.86 0.06697 0.00208127 
9.86 0.06897 0.00140539 
9.86 0.07097 0.000932927 
9.86 0.07297 0.000550424 
9.86 0.07497 0.00031922 
9.86 0.07697 0.000155484 
9.86 0.07897 7.8711e-05 
9.86 0.08097 3.46992e-05 
9.86 0.08297 1.96151e-05 
9.86 0.08497 1.83646e-06 
9.86 0.08697 7.63264e-08 
9.87 0.01097 5.36315e-09 
9.87 0.01297 4.63161e-08 
9.87 0.01497 6.57345e-08 
9.87 0.01697 3.36526e-07 
9.87 0.01897 8.28119e-07 
9.87 0.02097 1.30818e-06 
9.87 0.02297 4.79017e-06 
9.87 0.02497 4.5542e-06 
9.87 0.02697 2.025e-05 
9.87 0.02897 4.51418e-05 
9.87 0.03097 4.06212e-05 
9.87 0.03297 0.000113695 
9.87 0.03497 0.000104227 
9.87 0.03697 0.000313387 
9.87 0.03897 0.000372444 
9.87 0.04097 0.00137731 
9.87 0.04297 0.00163627 
9.87 0.04497 0.00217554 
9.87 0.04697 0.00275382 
9.87 0.04897 0.00236056 
9.87 0.05097 0.00329443 
9.87 0.05297 0.00392978 
9.87 0.05497 0.00574797 
9.87 0.05697 0.00416031 
9.87 0.05897 0.00354275 
9.87 0.06097 0.00311007 
9.87 0.06297 0.00223799 
9.87 0.06497 0.00150871 
9.87 0.06697 0.00116476 
9.87 0.06897 0.000871464 
9.87 0.07097 0.000586703 
9.87 0.07297 0.000293254 
9.87 0.07497 0.000111046 
9.87 0.07697 4.87575e-05 
9.87 0.07897 2.30721e-05 
9.87 0.08097 1.07888e-05 
9.87 0.08297 6.5556e-07 
9.87 0.08497 1.0251e-09 
9.88 0.00697002 5.15926e-09 
9.88 0.00896999 1.20663e-08 
9.88 0.01097 8.22324e-08 
9.88 0.01297 1.01757e-07 
9.88 0.01497 5.15419e-07 
9.88 0.01697 5.67671e-07 
9.88 0.01897 2.55484e-06 
9.88 0.02097 6.81835e-06 
9.88 0.02297 6.79255e-06 
9.88 0.02497 2.35512e-05 
9.88 0.02697 2.48579e-05 
9.88 0.02897 7.16258e-05 
9.88 0.03097 7.43681e-05 
9.88 0.03297 0.000218972 
9.88 0.03497 0.000256975 
9.88 0.03697 0.000687483 
9.88 0.03897 0.00133379 
9.88 0.04097 0.00174719 
9.88 0.04297 0.00208598 
9.88 0.04497 0.002231 
9.88 0.04697 0.00313103 
9.88 0.04897 0.00342176 
9.88 0.05097 0.00538746 
9.88 0.05297 0.00426284 
9.88 0.05497 0.00390113 
9.88 0.05697 0.00307628 
9.88 0.05897 0.0018958 
9.88 0.06097 0.00215419 
9.88 0.06297 0.00175363 
9.88 0.06497 0.00120915 
9.88 0.06697 0.000726542 
9.88 0.06897 0.000415171 
9.88 0.07097 0.000222677 
9.88 0.07297 0.000135173 
9.88 0.07497 3.72085e-05 
9.88 0.07697 1.72816e-05 
9.88 0.07897 3.40739e-06 
9.88 0.08097 6.45215e-08 
9.89 0.00497001 1.53376e-08 
9.89 0.00697002 2.33865e-08 
9.89 0.00896999 1.32482e-07 
9.89 0.01097 1.68178e-07 
9.89 0.01297 7.63924e-07 
9.89 0.01497 9.40315e-07 
9.89 0.01697 3.05781e-06 
9.89 0.01897 2.7914e-06 
9.89 0.02097 1.16745e-05 
9.89 0.02297 1.50836e-05 
9.89 0.02497 4.27466e-05 
9.89 0.02697 5.00483e-05 
9.89 0.02897 0.000147751 
9.89 0.03097 0.000148609 
9.89 0.03297 0.00034016 
9.89 0.03497 0.00160196 
9.89 0.03697 0.0014019 
9.89 0.03897 0.00136917 
9.89 0.04097 0.00215642 
9.89 0.04297 0.00270716 
9.89 0.04497 0.00296729 
9.89 0.04697 0.00323094 
9.89 0.04897 0.00513918 
9.89 0.05097 0.0039806 
9.89 0.05297 0.00254356 
9.89 0.05497 0.00268556 
9.89 0.05697 0.00270612 
9.89 0.05897 0.00197117 
9.89 0.06097 0.00148459 
9.89 0.06297 0.000961072 
9.89 0.06497 0.000557214 
9.89 0.06697 0.00031215 
9.89 0.06897 0.000161723 
9.89 0.07097 7.86053e-05 
9.89 0.07297 4.25877e-05 
9.89 0.07497 1.09154e-05 
9.89 0.07697 1.47592e-06 
9.89 0.07897 4.57251e-09 
9.9 0.000970006 3.51263e-09 
9.9 0.00297001 2.84499e-08 
9.9 0.00497001 3.94841e-08 
9.9 0.00697002 2.07001e-07 
9.9 0.00896999 1.75971e-07 
9.9 0.01097 3.67179e-07 
9.9 0.01297 1.54227e-06 
9.9 0.01497 1.63357e-06 
9.9 0.01697 6.31453e-06 
9.9 0.01897 9.11719e-06 
9.9 0.02097 2.45979e-05 
9.9 0.02297 3.25847e-05 
9.9 0.02497 9.45408e-05 
9.9 0.02697 8.56727e-05 
9.9 0.02897 0.000250751 
9.9 0.03097 0.000973933 
9.9 0.03297 0.00122837 
9.9 0.03497 0.000970014 
9.9 0.03697 0.00183722 
9.9 0.03897 0.00221857 
9.9 0.04097 0.00256579 
9.9 0.04297 0.00288416 
9.9 0.04497 0.00314254 
9.9 0.04697 0.00417616 
9.9 0.04897 0.00200406 
9.9 0.05097 0.00317384 
9.9 0.05297 0.00296339 
9.9 0.05497 0.00234685 
9.9 0.05697 0.00167079 
9.9 0.05897 0.00121257 
9.9 0.06097 0.000728606 
9.9 0.06297 0.00042409 
9.9 0.06497 0.000228359 
9.9 0.06697 0.000113483 
9.9 0.06897 5.37878e-05 
9.9 0.07097 2.82797e-05 
9.9 0.07297 6.33892e-06 
9.9 0.07497 1.16713e-07 
9.91 -0.00303 8.96022e-10 
9.91 -0.00103 9.30579e-09 
9.91 0.000970006 1.57406e-08 
9.91 0.00297001 7.09796e-08 
9.91 0.00497001 8.50707e-08 
9.91 0.00697002 1.9956e-07 
9.91 0.00896999 7.442e-07 
9.91 0.01097 7.85854e-07 
9.91 0.01297 3.24669e-06 
9.91 0.01497 4.44745e-06 
9.91 0.01697 6.97117e-06 
9.91 0.01897 2.73456e-05 
9.91 0.02097 5.9362e-05 
9.91 0.02297 5.24791e-05 
9.91 0.02497 0.000170938 
9.91 0.02697 0.000485353 
9.91 0.02897 0.000856403 
9.91 0.03097 0.001195 
9.91 0.03297 0.00173613 
9.91 0.03497 0.00179077 
9.91 0.03697 0.0020189 
9.91 0.03897 0.00157121 
9.91 0.04097 0.00220871 
9.91 0.04297 0.00493628 
9.91 0.04497 0.00192825 
9.91 0.04697 0.00281325 
9.91 0.04897 0.00277907 
9.91 0.05097 0.002413 
9.91 0.05297 0.00196299 
9.91 0.05497 0.00137364 
9.91 0.05697 0.000935001 
9.91 0.05897 0.000544951 
9.91 0.06097 0.00030793 
9.91 0.06297 0.000162317 
9.91 0.06497 7.81888e-05 
9.91 0.06697 3.50516e-05 
9.91 0.06897 1.92992e-05 
9.91 0.07097 1.18793e-06 
9.91 0.07297 1.46274e-08 
9.92 -0.00503001 2.18521e-09 
9.92 -0.00303 6.53464e-09 
9.92 -0.00103 3.67981e-08 
9.92 0.000970006 3.99209e-08 
9.92 0.00297001 7.45645e-08 
9.92 0.00497001 3.76241e-07 
9.92 0.00697002 4.06242e-07 
9.92 0.00896999 6.98751e-07 
9.92 0.01097 2.98709e-06 
9.92 0.01297 3.67017e-06 
9.92 0.01497 1.54187e-05 
9.92 0.01697 2.11501e-05 
9.92 0.01897 4.76662e-05 
9.92 0.02097 0.00011505 
9.92 0.02297 0.000260818 
9.92 0.02497 0.00069134 
9.92 0.02697 0.000953349 
9.92 0.02897 0.00117123 
9.92 0.03097 0.00142163 
9.92 0.03297 0.00125725 
9.92 0.03497 0.00172626 
9.92 0.03697 0.00185101 
9.92 0.03897 0.00325607 
9.92 0.04097 0.00297527 
9.92 0.04297 0.00289631 
9.92 0.04497 0.00256312 
9.92 0.04697 0.00241798 
9.92 0.04897 0.00191192 
9.92 0.05097 0.00139515 
9.92 0.05297 0.00110305 
9.92 0.05497 0.000699643 
9.92 0.05697 0.000407084 
9.92 0.05897 0.000221208 
9.92 0.06097 0.000111303 
9.92 0.06297 5.20309e-05 
9.92 0.06497 2.71624e-05 
9.92 0.06697 6.02464e-06 
9.92 0.06897 2.83525e-07 
9.93 -0.00703001 1.94673e-09 
9.93 -0.00503001 1.54109e-08 
9.93 -0.00303 1.7271e-08 
9.93 -0.00103 4.52674e-08 
9.93 0.000970006 1.801e-07 
9.93 0.00297001 1.97691e-07 
9.93 0.00497001 3.48666e-07 
9.93 0.00697002 1.6655e-06 
9.93 0.00896999 1.69179e-06 
9.93 0.01097 8.3813e-06 
9.93 0.01297 1.14192e-05 
9.93 0.01497 2.85456e-05 
9.93 0.01697 5.29576e-05 
9.93 0.01897 0.000111369 
9.93 0.02097 0.000472832 
9.93 0.02297 0.000707844 
9.93 0.02497 0.000949252 
9.93 0.02697 0.00100862 
9.93 0.02897 0.00102793 
9.93 0.03097 0.00149347 
9.93 0.03297 0.00144459 
9.93 0.03497 0.00137525 
9.93 0.03697 0.00319467 
9.93 0.03897 0.00378127 
9.93 0.04097 0.00264703 
9.93 0.04297 0.00228233 
9.93 0.04497 0.00206063 
9.93 0.04697 0.00153276 
9.93 0.04897 0.00101607 
9.93 0.05097 0.000763839 
9.93 0.05297 0.000488419 
9.93 0.05497 0.000355871 
9.93 0.05697 0.0001652 
9.93 0.05897 7.53977e-05 
9.93 0.06097 3.36461e-05 
9.93 0.06297 1.62028e-05 
9.93 0.06497 2.25428e-06 
9.93 0.06697 7.90383e-09 
9.94 -0.00902998 1.55926e-09 
9.94 -0.00703001 1.08552e-08 
9.94 -0.00503001 1.80761e-08 
9.94 -0.00303 3.01002e-08 
9.94 -0.00103 1.43412e-07 
9.94 0.000970006 1.73783e-07 
9.94 0.00297001 8.12463e-07 
9.94 0.00497001 8.62875e-07 
9.94 0.00697002 4.21669e-06 
9.94 0.00896999 6.39573e-06 
9.94 0.01097 1.71748e-05 
9.94 0.01297 2.38876e-05 
9.94 0.01497 7.11177e-05 
9.94 0.01697 0.000219971 
9.94 0.01897 0.000596718 
9.94 0.02097 0.00081442 
9.94 0.02297 0.000786445 
9.94 0.02497 0.00094611 
9.94 0.02697 0.000931451 
9.94 0.02897 0.000712667 
9.94 0.03097 0.00166446 
9.94 0.03297 0.0017631 
9.94 0.03497 0.00407501 
9.94 0.03697 0.00284315 
9.94 0.03897 0.00232201 
9.94 0.04097 0.00189147 
9.94 0.04297 0.00130441 
9.94 0.04497 0.00124934 
9.94 0.04697 0.0010223 
9.94 0.04897 0.000684396 
9.94 0.05097 0.000422685 
9.94 0.05297 0.000248023 
9.94 0.05497 0.00014293 
9.94 0.05697 7.02371e-05 
9.94 0.05897 2.06381e-05 
9.94 0.06097 8.51245e-06 
9.94 0.06297 4.89792e-07 
9.94 0.06497 1.75466e-10 
9.95 -0.01103 4.1848e-09 
9.95 -0.00902998 6.10958e-09 
9.95 -0.00703001 1.18225e-08 
9.95 -0.00503001 6.78905e-08 
9.95 -0.00303 8.02354e-08 
9.95 -0.00103 4.02186e-07 
9.95 0.000970006 4.39261e-07 
9.95 0.00297001 1.4803e-06 
9.95 0.00497001 4.00456e-06 
9.95 0.00697002 7.52552e-06 
9.95 0.00896999 1.60191e-05 
9.95 0.01097 4.26728e-05 
9.95 0.01297 3.91271e-05 
9.95 0.01497 0.000451192 
9.95 0.01697 0.000553594 
9.95 0.01897 0.000718746 
9.95 0.02097 0.000745222 
9.95 0.02297 0.000480159 
9.95 0.02497 0.00091747 
9.95 0.02697 0.00127744 
9.95 0.02897 0.000966415 
9.95 0.03097 0.00248519 
9.95 0.03297 0.00379649 
9.95 0.03497 0.00217543 
9.95 0.03697 0.00141328 
9.95 0.03897 0.00158003 
9.95 0.04097 0.0015167 
9.95 0.04297 0.00114085 
9.95 0.04497 0.000788604 
9.95 0.04697 0.000514076 
9.95 0.04897 0.000304153 
9.95 0.05097 0.000168157 
9.95 0.05297 8.82225e-05 
9.95 0.05497 4.89321e-05 
9.95 0.05697 1.39919e-05 
9.95 0.05897 3.37243e-06 
9.95 0.06097 1.56265e-08 
9.96 -0.01503 1.71498e-09 
9.96 -0.01303 3.86075e-09 
9.96 -0.01103 4.74574e-09 
9.96 -0.00902998 3.62034e-08 
9.96 -0.00703001 3.59029e-08 
9.96 -0.00503001 6.50099e-08 
9.96 -0.00303 3.6103e-07 
9.96 -0.00103 4.72496e-07 
9.96 0.000970006 2.16071e-06 
9.96 0.00297001 2.73317e-06 
9.96 0.00497001 1.02007e-05 
9.96 0.00697002 1.46728e-05 
9.96 0.00896999 3.31533e-05 
9.96 0.01097 0.000246184 
9.96 0.01297 0.000348554 
9.96 0.01497 0.000492052 
9.96 0.01697 0.000706569 
9.96 0.01897 0.000350171 
9.96 0.02097 0.00086171 
9.96 0.02297 0.000750751 
9.96 0.02497 0.00100555 
9.96 0.02697 0.00133127 
9.96 0.02897 0.00318756 
9.96 0.03097 0.00206455 
9.96 0.03297 0.00172341 
9.96 0.03497 0.00168009 
9.96 0.03697 0.00149561 
9.96 0.03897 0.00119333 
9.96 0.04097 0.000890153 
9.96 0.04297 0.000589561 
9.96 0.04497 0.000366553 
9.96 0.04697 0.000214063 
9.96 0.04897 0.000114898 
9.96 0.05097 5.66335e-05 
9.96 0.05297 2.72612e-05 
9.96 0.05497 1.27551e-05 
9.96 0.05697 2.98688e-07 
9.96 0.05897 7.28185e-10 
9.97 -0.01703 7.81725e-10 
9.97 -0.01503 2.96142e-09 
9.97 -0.01303 3.86878e-09 
9.97 -0.01103 3.0677e-08 
9.97 -0.00902998 4.00687e-08 
9.97 -0.00703001 1.74626e-07 
9.97 -0.00503001 2.17743e-07 
9.97 -0.00303 8.7025e-07 
9.97 -0.00103 1.25899e-06 
9.97 0.000970006 5.61898e-06 
9.97 0.00297001 7.92353e-06 
9.97 0.00497001 1.9107e-05 
9.97 0.00697002 9.49349e-05 
9.97 0.00896999 0.000230238 
9.97 0.01097 0.000376379 
9.97 0.01297 0.000465194 
9.97 0.01497 0.000385827 
9.97 0.01697 0.000610667 
9.97 0.01897 0.000368596 
9.97 0.02097 0.000993144 
9.97 0.02297 0.00107009 
9.97 0.02497 0.000921996 
9.97 0.02697 0.00291385 
9.97 0.02897 0.00239518 
9.97 0.03097 0.00154128 
9.97 0.03297 0.00135333 
9.97 0.03497 0.00112767 
9.97 0.03697 0.000864748 
9.97 0.03897 0.00063953 
9.97 0.04097 0.000415441 
9.97 0.04297 0.000261647 
9.97 0.04497 0.000147678 
9.97 0.04697 7.59112e-05 
9.97 0.04897 3.63063e-05 
9.97 0.05097 1.96012e-05 
9.97 0.05297 2.61011e-06 
9.97 0.05497 3.93505e-08 
9.98 -0.01903 6.74635e-10 
9.98 -0.01703 1.53336e-09 
9.98 -0.01503 1.15472e-08 
9.98 -0.01303 1.7033e-08 
9.98 -0.01103 6.23635e-08 
9.98 -0.00902998 9.40292e-08 
9.98 -0.00703001 1.80766e-07 
9.98 -0.00503001 7.44465e-07 
9.98 -0.00303 1.67306e-06 
9.98 -0.00103 4.95908e-06 
9.98 0.000970006 1.09846e-05 
9.98 0.00297001 1.63277e-05 
9.98 0.00497001 0.000201547 
9.98 0.00697002 0.000214721 
9.98 0.00896999 0.000334666 
9.98 0.01097 0.000362229 
9.98 0.01297 0.000308373 
9.98 0.01497 0.000448823 
9.98 0.01697 0.000686365 
9.98 0.01897 0.000418083 
9.98 0.02097 0.00110131 
9.98 0.02297 0.00191928 
9.98 0.02497 0.00276349 
9.98 0.02697 0.00143508 
9.98 0.02897 0.00130402 
9.98 0.03097 0.00112975 
9.98 0.03297 0.000873892 
9.98 0.03497 0.000633205 
9.98 0.03697 0.000444812 
9.98 0.03897 0.000291064 
9.98 0.04097 0.000167284 
9.98 0.04297 9.32428e-05 
9.98 0.04497 4.9016e-05 
9.98 0.04697 2.25463e-05 
9.98 0.04897 8.79766e-06 
9.98 0.05097 5.18021e-07 
9.98 0.05297 1.9363e-10 
9.99 -0.02303 1.6765e-10 
9.99 -0.02103 1.0668e-09 
9.99 -0.01903 3.48303e-09 
9.99 -0.01703 5.73184e-09 
9.99 -0.01503 1.14071e-08 
9.99 -0.01303 5.73725e-08 
9.99 -0.01103 8.38346e-08 
9.99 -0.00902998 3.49296e-07 
9.99 -0.00703001 6.17531e-07 
9.99 -0.00503001 2.253e-06 
9.99 -0.00303 3.3639e-06 
9.99 -0.00103 1.03554e-05 
9.99 0.000970006 0.000123807 
9.99 0.00297001 0.000104368 
9.99 0.00497001 0.00022457 
9.99 0.00697002 0.000233728 
9.99 0.00896999 0.000280988 
9.99 0.01097 0.000409596 
9.99 0.01297 0.000335771 
9.99 0.01497 0.00052702 
9.99 0.01697 0.000761622 
9.99 0.01897 0.000839983 
9.99 0.02097 0.00176873 
9.99 0.02297 0.00243752 
9.99 0.02497 0.00108509 
9.99 0.02697 0.000910023 
9.99 0.02897 0.000851002 
9.99 0.03097 0.000744978 
9.99 0.03297 0.000583723 
9.99 0.03497 0.000416772 
9.99 0.03697 0.000248957 
9.99 0.03897 0.000114583 
9.99 0.04097 5.69801e-05 
9.99 0.04297 2.6838e-05 
9.99 0.04497 1.22472e-05 
9.99 0.04697 3.56583e-06 
9.99 0.04897 1.28876e-08 
10 -0.02303 3.30526e-10 
10 -0.02103 2.71503e-09 
10 -0.01903 4.60021e-09 
10 -0.01703 2.42612e-08 
10 -0.01503 3.26468e-08 
10 -0.01303 9.81492e-08 
10 -0.01103 2.59515e-07 
10 -0.00902998 8.2217e-07 
10 -0.00703001 2.04281e-06 
10 -0.00503001 4.69037e-06 
10 -0.00303 4.5683e-05 
10 -0.00103 6.22676e-05 
10 0.000970006 0.000148566 
10 0.00297001 0.0001654 
10 0.00497001 0.000200716 
10 0.00697002 0.000360953 
10 0.00896999 0.000191115 
10 0.01097 0.000471137 
10 0.01297 0.000585704 
10 0.01497 0.000368909 
10 0.01697 0.00121216 
10 0.01897 0.0016527 
10 0.02097 0.00138485 
10 0.02297 0.00107319 
10 0.02497 0.00092889 
10 0.02697 0.000770181 
10 0.02897 0.000590842 
10 0.03097 0.000419281 
10 0.03297 0.000272549 
10 0.03497 0.000170851 
10 0.03697 0.000107929 
10 0.03897 4.72751e-05 
10 0.04097 1.57631e-05 
10 0.04297 6.27271e-06 
10 0.04497 2.47149e-07 
10 0.04697 6.57555e-10 
10.01 -0.02503 8.10575e-10 
10.01 -0.02303 1.31944e-09 
10.01 -0.02103 3.28571e-09 
10.01 -0.01903 1.9025e-08 
10.01 -0.01703 2.47582e-08 
10.01 -0.01503 1.36602e-07 
10.01 -0.01303 1.55212e-07 
10.01 -0.01103 1.12879e-06 
10.01 -0.00902998 1.19757e-06 
10.01 -0.00703001 5.16488e-06 
10.01 -0.00503001 3.78584e-05 
10.01 -0.00303 5.3935e-05 
10.01 -0.00103 0.000129489 
10.01 0.000970006 0.000133451 
10.01 0.00297001 0.000327869 
10.01 0.00497001 0.000149741 
10.01 0.00697002 0.000353808 
10.01 0.00896999 0.000217127 
10.01 0.01097 0.000520145 
10.01 0.01297 0.00064513 
10.01 0.01497 0.000896926 
10.01 0.01697 0.00148815 
10.01 0.01897 0.00122457 
10.01 0.02097 0.000869103 
10.01 0.02297 0.000729431 
10.01 0.02497 0.00059771 
10.01 0.02697 0.000436158 
10.01 0.02897 0.000304858 
10.01 0.03097 0.000192074 
10.01 0.03297 0.00011332 
10.01 0.03497 6.12243e-05 
10.01 0.03697 3.64014e-05 
10.01 0.03897 1.15903e-05 
10.01 0.04097 2.0753e-06 
10.01 0.04297 3.57449e-08 
10.02 -0.02703 6.36378e-10 
10.02 -0.02503 1.12939e-09 
10.02 -0.02303 6.91975e-09 
10.02 -0.02103 9.28426e-09 
10.02 -0.01903 5.71344e-08 
10.02 -0.01703 7.05972e-08 
10.02 -0.01503 4.33651e-07 
10.02 -0.01303 5.89138e-07 
10.02 -0.01103 2.47553e-06 
10.02 -0.00902998 2.71811e-06 
10.02 -0.00703001 3.48797e-05 
10.02 -0.00503001 8.617e-05 
10.02 -0.00303 8.77553e-05 
10.02 -0.00103 0.000114055 
10.02 0.000970006 0.000258869 
10.02 0.00297001 0.000191564 
10.02 0.00497001 0.000230902 
10.02 0.00697002 0.000396471 
10.02 0.00896999 0.000353529 
10.02 0.01097 0.000513201 
10.02 0.01297 0.00124999 
10.02 0.01497 0.00140214 
10.02 0.01697 0.000691402 
10.02 0.01897 0.000570816 
10.02 0.02097 0.000466046 
10.02 0.02297 0.000448464 
10.02 0.02497 0.000319016 
10.02 0.02697 0.000211561 
10.02 0.02897 0.000131189 
10.02 0.03097 7.32227e-05 
10.02 0.03297 3.86443e-05 
10.02 0.03497 1.82257e-05 
10.02 0.03697 8.1899e-06 
10.02 0.03897 4.73438e-07 
10.02 0.04097 1.50437e-09 
10.03 -0.03103 1.49437e-10 
10.03 -0.02903 3.47437e-10 
10.03 -0.02703 8.71848e-10 
10.03 -0.02503 5.40793e-09 
10.03 -0.02303 7.79082e-09 
10.03 -0.02103 4.30638e-08 
10.03 -0.01903 5.34128e-08 
10.03 -0.01703 3.67224e-07 
10.03 -0.01503 7.56107e-07 
10.03 -0.01303 1.77944e-06 
10.03 -0.01103 5.27423e-06 
10.03 -0.00902998 3.26977e-05 
10.03 -0.00703001 7.03822e-05 
10.03 -0.00503001 6.80622e-05 
10.03 -0.00303 0.000192193 
10.03 -0.00103 0.000119096 
10.03 0.000970006 0.000219893 
10.03 0.00297001 0.000289032 
10.03 0.00497001 0.0002513 
10.03 0.00697002 0.00043221 
10.03 0.00896999 0.000754447 
10.03 0.01097 0.000908684 
10.03 0.01297 0.00107789 
10.03 0.01497 0.000421621 
10.03 0.01697 0.000412951 
10.03 0.01897 0.000385897 
10.03 0.02097 0.000310007 
10.03 0.02297 0.000226554 
10.03 0.02497 0.000197261 
10.03 0.02697 0.000124408 
10.03 0.02897 4.86981e-05 
10.03 0.03097 2.35685e-05 
10.03 0.03297 1.00826e-05 
10.03 0.03497 3.21653e-06 
10.03 0.03697 6.31984e-08 
10.04 -0.03303 1.05506e-10 
10.04 -0.03103 2.43339e-10 
10.04 -0.02903 1.93998e-09 
10.04 -0.02703 2.89939e-09 
10.04 -0.02503 1.34203e-08 
10.04 -0.02303 1.73178e-08 
10.04 -0.02103 8.41823e-08 
10.04 -0.01903 3.31089e-07 
10.04 -0.01703 8.17637e-07 
10.04 -0.01503 1.76549e-06 
10.04 -0.01303 3.72357e-06 
10.04 -0.01103 4.83765e-05 
10.04 -0.00902998 4.23538e-05 
10.04 -0.00703001 0.000100518 
10.04 -0.00503001 0.000108057 
10.04 -0.00303 0.000183411 
10.04 -0.00103 9.94209e-05 
10.04 0.000970006 0.000248687 
10.04 0.00297001 0.000322505 
10.04 0.00497001 0.000251262 
10.04 0.00697002 0.000827461 
10.04 0.00896999 0.000805964 
10.04 0.01097 0.000732803 
10.04 0.01297 0.000422216 
10.04 0.01497 0.000373169 
10.04 0.01697 0.000300322 
10.04 0.01897 0.000224524 
10.04 0.02097 0.000155096 
10.04 0.02297 0.00010034 
10.04 0.02497 5.82638e-05 
10.04 0.02697 4.89098e-05 
10.04 0.02897 1.66219e-05 
10.04 0.03097 4.7324e-06 
10.04 0.03297 8.0504e-07 
10.04 0.03497 2.14074e-09 
10.05 -0.03303 3.48585e-10 
10.05 -0.03103 1.26942e-09 
10.05 -0.02903 1.71667e-09 
10.05 -0.02703 9.89543e-09 
10.05 -0.02503 1.33062e-08 
10.05 -0.02303 1.19789e-07 
10.05 -0.02103 2.22683e-07 
10.05 -0.01903 8.05235e-07 
10.05 -0.01703 1.74042e-06 
10.05 -0.01503 5.75404e-06 
10.05 -0.01303 3.45608e-05 
10.05 -0.01103 3.90648e-05 
10.05 -0.00902998 9.75383e-05 
10.05 -0.00703001 0.000106321 
10.05 -0.00503001 0.000112761 
10.05 -0.00303 0.00017924 
10.05 -0.00103 0.000167734 
10.05 0.000970006 0.000266002 
10.05 0.00297001 0.000359315 
10.05 0.00497001 0.00070001 
10.05 0.00697002 0.000664044 
10.05 0.00896999 0.000557148 
10.05 0.01097 0.000334924 
10.05 0.01297 0.000278604 
10.05 0.01497 0.000221356 
10.05 0.01697 0.000159229 
10.05 0.01897 0.000106459 
10.05 0.02097 6.58479e-05 
10.05 0.02297 3.7674e-05 
10.05 0.02497 2.00355e-05 
10.05 0.02697 1.04996e-05 
10.05 0.02897 2.28865e-06 
10.05 0.03097 1.02137e-07 
10.06 -0.03503 4.40401e-10 
10.06 -0.03303 6.14078e-10 
10.06 -0.03103 3.49522e-09 
10.06 -0.02903 5.70293e-09 
10.06 -0.02703 2.59711e-08 
10.06 -0.02503 7.44585e-08 
10.06 -0.02303 3.35477e-07 
10.06 -0.02103 5.39002e-07 
10.06 -0.01903 1.43394e-06 
10.06 -0.01703 1.4393e-05 
10.06 -0.01503 2.07742e-05 
10.06 -0.01303 5.46283e-05 
10.06 -0.01103 5.70443e-05 
10.06 -0.00902998 0.000104163 
10.06 -0.00703001 0.000100426 
10.06 -0.00503001 9.88533e-05 
10.06 -0.00303 0.000198844 
10.06 -0.00103 0.000256215 
10.06 0.000970006 0.000355069 
10.06 0.00297001 0.000618813 
10.06 0.00497001 0.000672377 
10.06 0.00697002 0.000280477 
10.06 0.00896999 0.000248987 
10.06 0.01097 0.000197824 
10.06 0.01297 0.000159622 
10.06 0.01497 0.000116587 
10.06 0.01697 7.42394e-05 
10.06 0.01897 4.25281e-05 
10.06 0.02097 2.31483e-05 
10.06 0.02297 1.14006e-05 
10.06 0.02497 4.42156e-06 
10.06 0.02697 9.29718e-07 
10.06 0.02897 8.28757e-09 
10.07 -0.03903 1.09848e-10 
10.07 -0.03703 2.43337e-10 
10.07 -0.03503 4.46611e-10 
10.07 -0.03303 2.87915e-09 
10.07 -0.03103 3.98155e-09 
10.07 -0.02903 2.26829e-08 
10.07 -0.02703 1.29105e-07 
10.07 -0.02503 2.02152e-07 
10.07 -0.02303 5.06472e-07 
10.07 -0.02103 1.68843e-06 
10.07 -0.01903 1.06371e-05 
10.07 -0.01703 1.84156e-05 
10.07 -0.01503 4.85486e-05 
10.07 -0.01303 4.73024e-05 
10.07 -0.01103 7.35307e-05 
10.07 -0.00902998 9.48337e-05 
10.07 -0.00703001 0.000131586 
10.07 -0.00503001 0.000120987 
10.07 -0.00303 0.000227995 
10.07 -0.00103 0.000462187 
10.07 0.000970006 0.000514375 
10.07 0.00297001 0.000360098 
10.07 0.00497001 0.000182472 
10.07 0.00697002 0.000196637 
10.07 0.00896999 0.000168542 
10.07 0.01097 0.000127955 
10.07 0.01297 9.15515e-05 
10.07 0.01497 6.17977e-05 
10.07 0.01697 4.06851e-05 
10.07 0.01897 1.57095e-05 
10.07 0.02097 6.06345e-06 
10.07 0.02297 1.52146e-06 
10.07 0.02497 1.7189e-07 
10.08 -0.03903 1.52999e-10 
10.08 -0.03703 8.57031e-10 
10.08 -0.03503 1.61328e-09 
10.08 -0.03303 7.55198e-09 
10.08 -0.03103 2.51053e-08 
10.08 -0.02903 9.81694e-08 
10.08 -0.02703 1.88297e-07 
10.08 -0.02503 5.72237e-07 
10.08 -0.02303 1.04871e-06 
10.08 -0.02103 1.04806e-05 
10.08 -0.01903 2.29521e-05 
10.08 -0.01703 2.95333e-05 
10.08 -0.01503 5.36743e-05 
10.08 -0.01303 6.0072e-05 
10.08 -0.01103 4.66081e-05 
10.08 -0.00902998 0.000108195 
10.08 -0.00703001 0.000119591 
10.08 -0.00503001 0.000212158 
10.08 -0.00303 0.000329807 
10.08 -0.00103 0.000361641 
10.08 0.000970006 0.000296284 
10.08 0.00297001 0.000179091 
10.08 0.00497001 0.000152455 
10.08 0.00697002 0.000121395 
10.08 0.00896999 8.92032e-05 
10.08 0.01097 5.99564e-05 
10.08 0.01297 3.77109e-05 
10.08 0.01497 2.18709e-05 
10.08 0.01697 1.25986e-05 
10.08 0.01897 4.25419e-06 
10.08 0.02097 4.00032e-07 
10.08 0.02297 1.77404e-08 
10.09 -0.04103 1.1795e-10 
10.09 -0.03903 6.76692e-10 
10.09 -0.03703 1.25298e-09 
10.09 -0.03503 5.35294e-09 
10.09 -0.03303 3.53958e-08 
10.09 -0.03103 5.52979e-08 
10.09 -0.02903 2.65733e-07 
10.09 -0.02703 4.98001e-07 
10.09 -0.02503 1.14566e-06 
10.09 -0.02303 6.28339e-06 
10.09 -0.02103 2.39604e-05 
10.09 -0.01903 1.8998e-05 
10.09 -0.01703 4.64808e-05 
10.09 -0.01503 4.28858e-05 
10.09 -0.01303 6.5779e-05 
10.09 -0.01103 6.73896e-05 
10.09 -0.00902998 0.000102379 
10.09 -0.00703001 0.000192368 
10.09 -0.00503001 0.000313273 
10.09 -0.00303 0.000307814 
10.09 -0.00103 0.000156423 
10.09 0.000970006 0.000132507 
10.09 0.00297001 0.000110647 
10.09 0.00497001 8.46575e-05 
10.09 0.00697002 5.98756e-05 
10.09 0.00896999 3.92901e-05 
10.09 0.01097 2.35452e-05 
10.09 0.01297 1.29689e-05 
10.09 0.01497 5.89453e-06 
10.09 0.01697 1.76026e-06 
10.09 0.01897 2.55035e-07 
10.1 -0.04303 2.10107e-10 
10.1 -0.04103 4.47719e-10 
10.1 -0.03903 1.98463e-09 
10.1 -0.03703 3.64119e-09 
10.1 -0.03503 2.62604e-08 
10.1 -0.03303 9.72424e-08 
10.1 -0.03103 1.40753e-07 
10.1 -0.02903 5.91043e-07 
10.1 -0.02703 9.97151e-07 
10.1 -0.02503 6.29051e-06 
10.1 -0.02303 1.41154e-05 
10.1 -0.02103 3.20675e-05 
10.1 -0.01903 3.13026e-05 
10.1 -0.01703 3.94992e-05 
10.1 -0.01503 5.13691e-05 
10.1 -0.01303 6.75787e-05 
10.1 -0.01103 9.39831e-05 
10.1 -0.00902998 0.000168549 
10.1 -0.00703001 0.000220354 
10.1 -0.00503001 0.000251184 
10.1 -0.00303 0.000109918 
10.1 -0.00103 8.97995e-05 
10.1 0.000970006 7.4217e-05 
10.1 0.00297001 5.96576e-05 
10.1 0.00497001 4.64856e-05 
10.1 0.00697002 2.78126e-05 
10.1 0.00896999 1.48046e-05 
10.1 0.01097 7.26479e-06 
10.1 0.01297 2.75267e-06 
10.1 0.01497 4.89392e-07 
10.1 0.01697 1.11866e-08 
10.11 -0.04503 1.45245e-10 
10.11 -0.04303 3.44086e-10 
10.11 -0.04103 1.44526e-09 
10.11 -0.03903 5.8705e-09 
10.11 -0.03703 2.99645e-08 
10.11 -0.03503 6.52732e-08 
10.11 -0.03303 2.5385e-07 
10.11 -0.03103 2.72199e-07 
10.11 -0.02903 1.13755e-06 
10.11 -0.02703 8.36334e-06 
10.11 -0.02503 9.14663e-06 
10.11 -0.02303 2.38571e-05 
10.11 -0.02103 2.65149e-05 
10.11 -0.01903 3.15482e-05 
10.11 -0.01703 4.79207e-05 
10.11 -0.01503 5.02494e-05 
10.11 -0.01303 0.000110212 
10.11 -0.01103 0.000149963 
10.11 -0.00902998 0.000160362 
10.11 -0.00703001 0.000129633 
10.11 -0.00503001 7.75645e-05 
10.11 -0.00303 7.55262e-05 
10.11 -0.00103 6.07298e-05 
10.11 0.000970006 4.48284e-05 
10.11 0.00297001 3.15889e-05 
10.11 0.00497001 2.00844e-05 
10.11 0.00697002 1.28815e-05 
10.11 0.00896999 4.94852e-06 
10.11 0.01097 8.56185e-07 
10.11 0.01297 8.97198e-08 
10.11 0.01497 1.96938e-10 
10.12 -0.04503 5.42119e-10 
10.12 -0.04303 7.64789e-10 
10.12 -0.04103 9.50109e-09 
10.12 -0.03903 1.83465e-08 
10.12 -0.03703 7.36439e-08 
10.12 -0.03503 1.40281e-07 
10.12 -0.03303 4.14757e-07 
10.12 -0.03103 7.9835e-07 
10.12 -0.02903 5.8667e-06 
10.12 -0.02703 1.29092e-05 
10.12 -0.02503 1.27888e-05 
10.12 -0.02303 1.88483e-05 
10.12 -0.02103 3.65452e-05 
10.12 -0.01903 3.24457e-05 
10.12 -0.01703 5.49987e-05 
10.12 -0.01503 7.8027e-05 
10.12 -0.01303 0.00011243 
10.12 -0.01103 0.000135888 
10.12 -0.00902998 0.00010391 
10.12 -0.00703001 5.6393e-05 
10.12 -0.00503001 5.03754e-05 
10.12 -0.00303 4.14797e-05 
10.12 -0.00103 2.92213e-05 
10.12 0.000970006 1.89266e-05 
10.12 0.00297001 1.17588e-05 
10.12 0.00497001 6.49772e-06 
10.12 0.00697002 2.49533e-06 
10.12 0.00896999 5.4295e-07 
10.12 0.01097 8.76093e-09 
10.13 -0.04703 3.40721e-10 
10.13 -0.04503 1.51496e-09 
10.13 -0.04303 5.46837e-09 
10.13 -0.04103 2.9733e-08 
10.13 -0.03903 5.32477e-08 
10.13 -0.03703 8.25225e-08 
10.13 -0.03503 3.16376e-07 
10.13 -0.03303 1.6235e-06 
10.13 -0.03103 4.43918e-06 
10.13 -0.02903 9.80179e-06 
10.13 -0.02703 1.26849e-05 
10.13 -0.02503 1.31993e-05 
10.13 -0.02303 2.15507e-05 
10.13 -0.02103 3.04555e-05 
10.13 -0.01903 3.01022e-05 
10.13 -0.01703 8.98386e-05 
10.13 -0.01503 9.77265e-05 
10.13 -0.01303 0.00011126 
10.13 -0.01103 4.64512e-05 
10.13 -0.00902998 4.07953e-05 
10.13 -0.00703001 3.2756e-05 
10.13 -0.00503001 2.71288e-05 
10.13 -0.00303 1.86001e-05 
10.13 -0.00103 1.16444e-05 
10.13 0.000970006 6.49877e-06 
10.13 0.00297001 2.99272e-06 
10.13 0.00497001 9.09572e-07 
10.13 0.00697002 1.22427e-07 
10.13 0.00896999 3.55041e-10 
10.14 -0.05103 1.30958e-10 
10.14 -0.04903 1.8673e-10 
10.14 -0.04703 1.13093e-09 
10.14 -0.04503 8.46079e-09 
10.14 -0.04303 1.62584e-08 
10.14 -0.04103 3.92604e-08 
10.14 -0.03903 1.23906e-07 
10.14 -0.03703 2.03548e-07 
10.14 -0.03503 1.81215e-06 
10.14 -0.03303 3.58941e-06 
10.14 -0.03103 7.94439e-06 
10.14 -0.02903 7.62034e-06 
10.14 -0.02703 1.73379e-05 
10.14 -0.02503 1.31838e-05 
10.14 -0.02303 2.54235e-05 
10.14 -0.02103 3.52424e-05 
10.14 -0.01903 4.61227e-05 
10.14 -0.01703 7.40165e-05 
10.14 -0.01503 8.63985e-05 
10.14 -0.01303 3.5743e-05 
10.14 -0.01103 3.09548e-05 
10.14 -0.00902998 2.52984e-05 
10.14 -0.00703001 2.01067e-05 
10.14 -0.00503001 1.46116e-05 
10.14 -0.00303 8.61887e-06 
10.14 -0.00103 3.66365e-06 
10.14 0.000970006 1.24969e-06 
10.14 0.00297001 2.20791e-07 
10.14 0.00497001 1.4412e-08 
