#logage logm JPDF
9.3 0.19497 1.14238e-10 
9.31 0.19097 2.38127e-10 
9.31 0.19297 2.44752e-10 
9.31 0.19497 1.64628e-10 
9.31 0.19697 1.01268e-10 
9.32 0.18697 3.47406e-10 
9.32 0.18897 6.11349e-10 
9.32 0.19097 4.6079e-10 
9.32 0.19297 3.09597e-10 
9.32 0.19497 1.85121e-10 
9.32 0.19697 1.00682e-10 
9.33 0.18297 4.96087e-10 
9.33 0.18497 1.33021e-09 
9.33 0.18697 1.1926e-09 
9.33 0.18897 8.48831e-10 
9.33 0.19097 5.46503e-10 
9.33 0.19297 3.25457e-10 
9.33 0.19497 1.76694e-10 
9.33 0.19697 1.07949e-10 
9.34 0.17897 5.3944e-10 
9.34 0.18097 2.4522e-09 
9.34 0.18297 3.00926e-09 
9.34 0.18497 2.28056e-09 
9.34 0.18697 1.54003e-09 
9.34 0.18897 9.73624e-10 
9.34 0.19097 5.55333e-10 
9.34 0.19297 2.92236e-10 
9.34 0.19497 1.77867e-10 
9.35 0.17497 1.11031e-10 
9.35 0.17697 3.54444e-09 
9.35 0.17897 7.57099e-09 
9.35 0.18097 4.78345e-09 
9.35 0.18297 4.22068e-09 
9.35 0.18497 2.61915e-09 
9.35 0.18697 1.66949e-09 
9.35 0.18897 9.38836e-10 
9.35 0.19097 4.96208e-10 
9.35 0.19297 2.40659e-10 
9.35 0.19497 1.2478e-10 
9.36 0.17297 4.44015e-09 
9.36 0.17497 1.22856e-08 
9.36 0.17697 1.55266e-08 
9.36 0.17897 7.74896e-09 
9.36 0.18097 7.39394e-09 
9.36 0.18297 4.49878e-09 
9.36 0.18497 2.70177e-09 
9.36 0.18697 1.50357e-09 
9.36 0.18897 8.23326e-10 
9.36 0.19097 3.84604e-10 
9.36 0.19297 1.67143e-10 
9.37 0.16897 1.35967e-09 
9.37 0.17097 2.01615e-08 
9.37 0.17297 3.80723e-08 
9.37 0.17497 1.17849e-08 
9.37 0.17697 1.66036e-08 
9.37 0.17897 1.23233e-08 
9.37 0.18097 7.83649e-09 
9.37 0.18297 4.48528e-09 
9.37 0.18497 2.47505e-09 
9.37 0.18697 1.18443e-09 
9.37 0.18897 5.38063e-10 
9.37 0.19097 2.43635e-10 
9.37 0.19297 1.08927e-10 
9.38 0.16497 7.56257e-10 
9.38 0.16697 2.56589e-08 
9.38 0.16897 4.80133e-08 
9.38 0.17097 5.83881e-08 
9.38 0.17297 2.57427e-08 
9.38 0.17497 2.79457e-08 
9.38 0.17697 1.90612e-08 
9.38 0.17897 1.17157e-08 
9.38 0.18097 7.206e-09 
9.38 0.18297 3.7221e-09 
9.38 0.18497 1.69119e-09 
9.38 0.18697 7.38219e-10 
9.38 0.18897 2.96271e-10 
9.38 0.19097 1.07251e-10 
9.39 0.16097 6.52965e-10 
9.39 0.16297 9.27176e-09 
9.39 0.16497 9.49343e-08 
9.39 0.16697 9.4326e-08 
9.39 0.16897 7.74527e-08 
9.39 0.17097 6.28007e-08 
9.39 0.17297 4.48262e-08 
9.39 0.17497 2.89046e-08 
9.39 0.17697 1.86609e-08 
9.39 0.17897 1.03945e-08 
9.39 0.18097 5.60833e-09 
9.39 0.18297 2.4342e-09 
9.39 0.18497 1.07811e-09 
9.39 0.18697 4.16197e-10 
9.39 0.18897 1.50957e-10 
9.4 0.15697 2.9537e-10 
9.4 0.15897 8.59804e-09 
9.4 0.16097 1.25e-07 
9.4 0.16297 1.7335e-07 
9.4 0.16497 1.63819e-07 
9.4 0.16697 1.3276e-07 
9.4 0.16897 1.00335e-07 
9.4 0.17097 6.98211e-08 
9.4 0.17297 4.53308e-08 
9.4 0.17497 2.73714e-08 
9.4 0.17697 1.58958e-08 
9.4 0.17897 7.75404e-09 
9.4 0.18097 3.5658e-09 
9.4 0.18297 1.48424e-09 
9.4 0.18497 5.80768e-10 
9.4 0.18697 1.49533e-10 
9.41 0.15497 5.21956e-09 
9.41 0.15697 5.89737e-08 
9.41 0.15897 3.6782e-07 
9.41 0.16097 2.94684e-07 
9.41 0.16297 2.75493e-07 
9.41 0.16497 2.11233e-07 
9.41 0.16697 1.56011e-07 
9.41 0.16897 1.10373e-07 
9.41 0.17097 7.05153e-08 
9.41 0.17297 4.02236e-08 
9.41 0.17497 2.1681e-08 
9.41 0.17697 1.0113e-08 
9.41 0.17897 4.87357e-09 
9.41 0.18097 2.066e-09 
9.41 0.18297 7.94363e-10 
9.42 0.15097 6.90001e-10 
9.42 0.15297 6.1183e-08 
9.42 0.15497 2.54139e-07 
9.42 0.15697 7.52631e-07 
9.42 0.15897 5.08551e-07 
9.42 0.16097 4.32107e-07 
9.42 0.16297 3.36994e-07 
9.42 0.16497 2.39214e-07 
9.42 0.16697 1.65401e-07 
9.42 0.16897 1.04201e-07 
9.42 0.17097 5.64136e-08 
9.42 0.17297 2.92749e-08 
9.42 0.17497 1.38234e-08 
9.42 0.17697 5.93438e-09 
9.42 0.17897 2.22377e-09 
9.42 0.18097 7.76918e-10 
9.42 0.18297 1.44678e-10 
9.43 0.14697 2.52213e-10 
9.43 0.14897 5.02115e-08 
9.43 0.15097 2.99367e-07 
9.43 0.15297 1.15569e-06 
9.43 0.15497 8.78944e-07 
9.43 0.15697 8.20687e-07 
9.43 0.15897 6.54503e-07 
9.43 0.16097 5.15498e-07 
9.43 0.16297 3.62388e-07 
9.43 0.16497 2.43543e-07 
9.43 0.16697 1.43809e-07 
9.43 0.16897 8.13002e-08 
9.43 0.17097 3.92245e-08 
9.43 0.17297 1.83303e-08 
9.43 0.17497 7.81151e-09 
9.43 0.17697 3.06596e-09 
9.43 0.17897 3.07985e-10 
9.44 0.14297 1.14481e-10 
9.44 0.14497 6.93566e-09 
9.44 0.14697 3.1847e-07 
9.44 0.14897 8.89272e-07 
9.44 0.15097 2.17117e-06 
9.44 0.15297 1.42906e-06 
9.44 0.15497 1.24698e-06 
9.44 0.15697 1.01208e-06 
9.44 0.15897 7.46118e-07 
9.44 0.16097 5.34416e-07 
9.44 0.16297 3.35364e-07 
9.44 0.16497 1.85074e-07 
9.44 0.16697 1.04074e-07 
9.44 0.16897 5.27459e-08 
9.44 0.17097 2.34461e-08 
9.44 0.17297 9.62734e-09 
9.44 0.17497 2.65546e-09 
9.44 0.17697 2.66411e-10 
9.45 0.14097 3.89028e-09 
9.45 0.14297 2.84833e-07 
9.45 0.14497 1.20101e-06 
9.45 0.14697 3.21452e-06 
9.45 0.14897 2.3669e-06 
9.45 0.15097 2.24702e-06 
9.45 0.15297 1.86548e-06 
9.45 0.15497 1.51061e-06 
9.45 0.15697 1.11126e-06 
9.45 0.15897 7.29926e-07 
9.45 0.16097 4.547e-07 
9.45 0.16297 2.53221e-07 
9.45 0.16497 1.24668e-07 
9.45 0.16697 6.2642e-08 
9.45 0.16897 2.90869e-08 
9.45 0.17097 1.17192e-08 
9.45 0.17297 1.39475e-09 
9.46 0.13697 2.03797e-09 
9.46 0.13897 9.92137e-08 
9.46 0.14097 1.414e-06 
9.46 0.14297 2.89815e-06 
9.46 0.14497 5.49408e-06 
9.46 0.14697 3.73396e-06 
9.46 0.14897 3.34869e-06 
9.46 0.15097 2.73238e-06 
9.46 0.15297 2.20481e-06 
9.46 0.15497 1.56519e-06 
9.46 0.15697 9.93229e-07 
9.46 0.15897 5.87771e-07 
9.46 0.16097 3.23785e-07 
9.46 0.16297 1.61942e-07 
9.46 0.16497 7.35628e-08 
9.46 0.16697 2.84547e-08 
9.46 0.16897 1.00813e-08 
9.46 0.17097 1.14524e-09 
9.47 0.13297 8.26767e-10 
9.47 0.13497 3.33563e-08 
9.47 0.13697 1.35985e-06 
9.47 0.13897 3.64277e-06 
9.47 0.14097 8.46201e-06 
9.47 0.14297 5.98955e-06 
9.47 0.14497 5.78611e-06 
9.47 0.14697 5.04376e-06 
9.47 0.14897 4.09109e-06 
9.47 0.15097 2.99253e-06 
9.47 0.15297 2.05981e-06 
9.47 0.15497 1.33089e-06 
9.47 0.15697 7.70372e-07 
9.47 0.15897 4.00464e-07 
9.47 0.16097 1.92604e-07 
9.47 0.16297 8.69876e-08 
9.47 0.16497 3.5506e-08 
9.47 0.16697 1.96032e-09 
9.48 0.12897 3.08487e-10 
9.48 0.13097 1.72305e-08 
9.48 0.13297 1.08508e-06 
9.48 0.13497 4.35124e-06 
9.48 0.13697 7.61979e-06 
9.48 0.13897 1.37757e-05 
9.48 0.14097 9.57294e-06 
9.48 0.14297 8.86381e-06 
9.48 0.14497 7.50715e-06 
9.48 0.14697 5.83238e-06 
9.48 0.14897 4.16307e-06 
9.48 0.15097 2.70021e-06 
9.48 0.15297 1.57871e-06 
9.48 0.15497 9.60439e-07 
9.48 0.15697 4.8418e-07 
9.48 0.15897 2.26471e-07 
9.48 0.16097 9.89968e-08 
9.48 0.16297 2.87461e-08 
9.49 0.12497 1.44097e-10 
9.49 0.12697 8.1007e-09 
9.49 0.12897 9.30194e-07 
9.49 0.13097 4.32823e-06 
9.49 0.13297 1.0188e-05 
9.49 0.13497 2.01405e-05 
9.49 0.13697 1.43871e-05 
9.49 0.13897 1.3914e-05 
9.49 0.14097 1.21955e-05 
9.49 0.14297 1.05537e-05 
9.49 0.14497 8.06334e-06 
9.49 0.14697 5.49229e-06 
9.49 0.14897 3.50045e-06 
9.49 0.15097 2.0865e-06 
9.49 0.15297 1.06104e-06 
9.49 0.15497 5.75489e-07 
9.49 0.15697 2.61069e-07 
9.49 0.15897 1.09917e-07 
9.49 0.16097 7.22173e-09 
9.5 0.12297 4.48188e-09 
9.5 0.12497 7.41413e-07 
9.5 0.12697 4.55341e-06 
9.5 0.12897 1.23696e-05 
9.5 0.13097 2.15937e-05 
9.5 0.13297 2.76808e-05 
9.5 0.13497 2.16001e-05 
9.5 0.13697 2.09322e-05 
9.5 0.13897 1.80286e-05 
9.5 0.14097 1.38661e-05 
9.5 0.14297 1.04647e-05 
9.5 0.14497 7.10075e-06 
9.5 0.14697 4.38023e-06 
9.5 0.14897 2.44999e-06 
9.5 0.15097 1.28728e-06 
9.5 0.15297 6.24546e-07 
9.5 0.15497 2.49137e-07 
9.5 0.15697 8.79885e-08 
9.51 0.11897 1.70509e-09 
9.51 0.12097 3.98293e-07 
9.51 0.12297 3.88206e-06 
9.51 0.12497 1.28726e-05 
9.51 0.12697 2.28801e-05 
9.51 0.12897 4.45903e-05 
9.51 0.13097 3.20858e-05 
9.51 0.13297 3.20842e-05 
9.51 0.13497 3.0103e-05 
9.51 0.13697 2.49093e-05 
9.51 0.13897 1.9009e-05 
9.51 0.14097 1.3157e-05 
9.51 0.14297 8.29837e-06 
9.51 0.14497 5.27387e-06 
9.51 0.14697 2.85673e-06 
9.51 0.14897 1.45432e-06 
9.51 0.15097 6.17163e-07 
9.51 0.15297 2.63139e-07 
9.51 0.15497 8.94314e-08 
9.52 0.11497 1.86281e-09 
9.52 0.11697 2.159e-07 
9.52 0.11897 3.08618e-06 
9.52 0.12097 1.37224e-05 
9.52 0.12297 2.78998e-05 
9.52 0.12497 5.97324e-05 
9.52 0.12697 4.4631e-05 
9.52 0.12897 4.85287e-05 
9.52 0.13097 4.47829e-05 
9.52 0.13297 4.01385e-05 
9.52 0.13497 3.34177e-05 
9.52 0.13697 2.45622e-05 
9.52 0.13897 1.65708e-05 
9.52 0.14097 1.03565e-05 
9.52 0.14297 5.59438e-06 
9.52 0.14497 3.2454e-06 
9.52 0.14697 1.3876e-06 
9.52 0.14897 6.87873e-07 
9.52 0.15097 4.15859e-07 
9.53 0.11097 2.00566e-09 
9.53 0.11297 1.06796e-07 
9.53 0.11497 2.14626e-06 
9.53 0.11697 1.23126e-05 
9.53 0.11897 3.07566e-05 
9.53 0.12097 5.86694e-05 
9.53 0.12297 7.88732e-05 
9.53 0.12497 6.67858e-05 
9.53 0.12697 6.92704e-05 
9.53 0.12897 6.45646e-05 
9.53 0.13097 5.18998e-05 
9.53 0.13297 4.151e-05 
9.53 0.13497 2.98498e-05 
9.53 0.13697 1.99854e-05 
9.53 0.13897 1.19429e-05 
9.53 0.14097 6.7076e-06 
9.53 0.14297 2.98183e-06 
9.53 0.14497 1.37531e-06 
9.53 0.14697 1.05653e-06 
9.53 0.14897 2.26336e-07 
9.54 0.10697 7.3424e-10 
9.54 0.10897 5.98926e-08 
9.54 0.11097 1.10525e-06 
9.54 0.11297 1.12897e-05 
9.54 0.11497 3.35498e-05 
9.54 0.11697 5.87485e-05 
9.54 0.11897 0.000118508 
9.54 0.12097 9.1349e-05 
9.54 0.12297 9.61249e-05 
9.54 0.12497 9.25205e-05 
9.54 0.12697 8.61926e-05 
9.54 0.12897 6.9319e-05 
9.54 0.13097 5.22176e-05 
9.54 0.13297 3.4302e-05 
9.54 0.13497 2.25602e-05 
9.54 0.13697 1.35069e-05 
9.54 0.13897 7.1691e-06 
9.54 0.14097 2.46918e-06 
9.54 0.14297 2.26261e-06 
9.54 0.14497 1.01008e-06 
9.55 0.10497 2.38946e-08 
9.55 0.10697 6.55716e-07 
9.55 0.10897 7.53697e-06 
9.55 0.11097 3.24802e-05 
9.55 0.11297 6.78797e-05 
9.55 0.11497 0.000146343 
9.55 0.11697 0.000119079 
9.55 0.11897 0.00013038 
9.55 0.12097 0.000134702 
9.55 0.12297 0.000125876 
9.55 0.12497 0.000107548 
9.55 0.12697 8.69134e-05 
9.55 0.12897 6.20546e-05 
9.55 0.13097 4.17557e-05 
9.55 0.13297 2.44229e-05 
9.55 0.13497 1.46507e-05 
9.55 0.13697 5.00808e-06 
9.55 0.13897 5.09408e-06 
9.55 0.14097 2.25741e-06 
9.55 0.14297 5.4197e-07 
9.56 0.10097 2.87369e-09 
9.56 0.10297 3.36613e-07 
9.56 0.10497 4.61398e-06 
9.56 0.10697 2.71548e-05 
9.56 0.10897 7.16748e-05 
9.56 0.11097 0.000164802 
9.56 0.11297 0.000166844 
9.56 0.11497 0.000172291 
9.56 0.11697 0.000183713 
9.56 0.11897 0.000190578 
9.56 0.12097 0.000166943 
9.56 0.12297 0.000132359 
9.56 0.12497 0.000102367 
9.56 0.12697 7.18395e-05 
9.56 0.12897 4.6568e-05 
9.56 0.13097 2.84854e-05 
9.56 0.13297 9.52218e-06 
9.56 0.13497 1.02783e-05 
9.56 0.13697 5.20657e-06 
9.56 0.13897 1.98788e-06 
9.57 0.09697 2.23015e-08 
9.57 0.09897 9.4585e-08 
9.57 0.10097 3.40284e-06 
9.57 0.10297 2.34327e-05 
9.57 0.10497 6.6778e-05 
9.57 0.10697 0.000115481 
9.57 0.10897 0.000262243 
9.57 0.11097 0.00022047 
9.57 0.11297 0.00024507 
9.57 0.11497 0.000249639 
9.57 0.11697 0.000240759 
9.57 0.11897 0.000211383 
9.57 0.12097 0.000166601 
9.57 0.12297 0.000116244 
9.57 0.12497 8.15926e-05 
9.57 0.12697 5.01067e-05 
9.57 0.12897 2.31802e-05 
9.57 0.13097 1.6163e-05 
9.57 0.13297 1.04438e-05 
9.57 0.13497 4.88522e-06 
9.57 0.13697 1.1663e-06 
9.58 0.09497 4.71355e-09 
9.58 0.09697 1.81545e-06 
9.58 0.09897 1.49014e-05 
9.58 0.10097 6.31314e-05 
9.58 0.10297 0.000126716 
9.58 0.10497 0.000208709 
9.58 0.10697 0.000342826 
9.58 0.10897 0.000313701 
9.58 0.11097 0.000339781 
9.58 0.11297 0.000322092 
9.58 0.11497 0.00029793 
9.58 0.11697 0.000246813 
9.58 0.11897 0.000192956 
9.58 0.12097 0.000138939 
9.58 0.12297 8.82425e-05 
9.58 0.12497 5.45296e-05 
9.58 0.12697 1.87627e-05 
9.58 0.12897 2.09262e-05 
9.58 0.13097 9.80305e-06 
9.58 0.13297 4.3402e-06 
9.59 0.08897 2.23086e-07 
9.59 0.09097 1.75758e-09 
9.59 0.09297 1.16338e-07 
9.59 0.09497 9.75254e-06 
9.59 0.09697 5.09072e-05 
9.59 0.09897 0.000134611 
9.59 0.10097 0.000202598 
9.59 0.10297 0.000424949 
9.59 0.10497 0.000360557 
9.59 0.10697 0.000403075 
9.59 0.10897 0.000428236 
9.59 0.11097 0.000402554 
9.59 0.11297 0.000350124 
9.59 0.11497 0.000294713 
9.59 0.11697 0.000216885 
9.59 0.11897 0.000145988 
9.59 0.12097 8.85856e-05 
9.59 0.12297 3.41776e-05 
9.59 0.12497 4.09387e-05 
9.59 0.12697 2.08154e-05 
9.59 0.12897 8.82906e-06 
9.59 0.13097 2.29967e-06 
9.6 0.08497 2.1616e-07 
9.6 0.08697 3.01222e-07 
9.6 0.08897 7.48682e-07 
9.6 0.09097 1.66629e-06 
9.6 0.09297 4.24966e-05 
9.6 0.09497 0.000115685 
9.6 0.09697 0.000213162 
9.6 0.09897 0.00031521 
9.6 0.10097 0.000624852 
9.6 0.10297 0.00049471 
9.6 0.10497 0.00053762 
9.6 0.10697 0.000543057 
9.6 0.10897 0.000492361 
9.6 0.11097 0.000403364 
9.6 0.11297 0.000333118 
9.6 0.11497 0.000242015 
9.6 0.11697 0.000158499 
9.6 0.11897 5.90595e-05 
9.6 0.12097 6.84418e-05 
9.6 0.12297 3.99437e-05 
9.6 0.12497 1.94662e-05 
9.6 0.12697 8.27684e-06 
9.61 0.08297 4.11901e-07 
9.61 0.08497 1.56394e-08 
9.61 0.08697 6.67404e-07 
9.61 0.08897 1.31987e-05 
9.61 0.09097 0.000124514 
9.61 0.09297 0.000208491 
9.61 0.09497 0.000311192 
9.61 0.09697 0.000505137 
9.61 0.09897 0.000795332 
9.61 0.10097 0.000675496 
9.61 0.10297 0.000684071 
9.61 0.10497 0.000671243 
9.61 0.10697 0.000586717 
9.61 0.10897 0.00047418 
9.61 0.11097 0.000343498 
9.61 0.11297 0.000259404 
9.61 0.11497 0.000102713 
9.61 0.11697 0.000126222 
9.61 0.11897 7.10016e-05 
9.61 0.12097 3.5471e-05 
9.61 0.12297 1.65309e-05 
9.61 0.12497 4.5625e-06 
9.62 0.08097 5.59087e-09 
9.62 0.08297 2.50578e-07 
9.62 0.08497 5.9133e-06 
9.62 0.08697 7.29148e-05 
9.62 0.08897 0.00022543 
9.62 0.09097 0.000323129 
9.62 0.09297 0.000461965 
9.62 0.09497 0.000930447 
9.62 0.09697 0.000806752 
9.62 0.09897 0.000888897 
9.62 0.10097 0.000822977 
9.62 0.10297 0.00082173 
9.62 0.10497 0.00068995 
9.62 0.10697 0.000532563 
9.62 0.10897 0.000381242 
9.62 0.11097 0.000147547 
9.62 0.11297 0.000204112 
9.62 0.11497 0.000127494 
9.62 0.11697 6.95221e-05 
9.62 0.11897 3.19174e-05 
9.62 0.12097 1.46698e-05 
9.63 0.07097 9.79708e-09 
9.63 0.07697 6.89703e-10 
9.63 0.07897 8.91747e-08 
9.63 0.08097 2.49451e-06 
9.63 0.08297 2.77773e-05 
9.63 0.08497 0.00020372 
9.63 0.08697 0.000324695 
9.63 0.08897 0.000504045 
9.63 0.09097 0.000675557 
9.63 0.09297 0.00125884 
9.63 0.09497 0.00100781 
9.63 0.09697 0.00104 
9.63 0.09897 0.00101228 
9.63 0.10097 0.000871419 
9.63 0.10297 0.00077686 
9.63 0.10497 0.000586795 
9.63 0.10697 0.000246934 
9.63 0.10897 0.000311133 
9.63 0.11097 0.000203832 
9.63 0.11297 0.000120032 
9.63 0.11497 6.33974e-05 
9.63 0.11697 2.92647e-05 
9.63 0.11897 7.8913e-06 
9.64 0.07297 5.43427e-07 
9.64 0.07497 3.23e-08 
9.64 0.07697 2.57474e-06 
9.64 0.07897 1.62906e-05 
9.64 0.08097 9.22002e-05 
9.64 0.08297 0.000377109 
9.64 0.08497 0.000466222 
9.64 0.08697 0.000719237 
9.64 0.08897 0.00109339 
9.64 0.09097 0.0014698 
9.64 0.09297 0.00127752 
9.64 0.09497 0.00129865 
9.64 0.09697 0.00118603 
9.64 0.09897 0.00100431 
9.64 0.10097 0.000773267 
9.64 0.10297 0.000403883 
9.64 0.10497 0.000480211 
9.64 0.10697 0.000334514 
9.64 0.10897 0.000194069 
9.64 0.11097 0.000111711 
9.64 0.11297 5.36803e-05 
9.64 0.11497 2.61803e-05 
9.65 0.06497 9.29098e-08 
9.65 0.06697 1.08368e-07 
9.65 0.06897 6.15021e-07 
9.65 0.07097 7.84321e-07 
9.65 0.07297 3.65355e-07 
9.65 0.07497 7.77346e-06 
9.65 0.07697 5.98922e-05 
9.65 0.07897 0.000238052 
9.65 0.08097 0.000565839 
9.65 0.08297 0.000680885 
9.65 0.08497 0.000925547 
9.65 0.08697 0.0018387 
9.65 0.08897 0.00149669 
9.65 0.09097 0.00151567 
9.65 0.09297 0.00152528 
9.65 0.09497 0.00136717 
9.65 0.09697 0.00112848 
9.65 0.09897 0.000522559 
9.65 0.10097 0.000676791 
9.65 0.10297 0.000532471 
9.65 0.10497 0.000332981 
9.65 0.10697 0.000192125 
9.65 0.10897 9.53026e-05 
9.65 0.11097 4.67242e-05 
9.65 0.11297 1.37271e-05 
9.66 0.06297 2.82182e-07 
9.66 0.06497 7.40548e-07 
9.66 0.06697 9.28281e-10 
9.66 0.06897 1.17003e-07 
9.66 0.07097 5.34493e-06 
9.66 0.07297 3.42528e-05 
9.66 0.07497 0.000133782 
9.66 0.07697 0.000500816 
9.66 0.07897 0.000727623 
9.66 0.08097 0.000945504 
9.66 0.08297 0.00123216 
9.66 0.08497 0.00224544 
9.66 0.08697 0.00182827 
9.66 0.08897 0.00178074 
9.66 0.09097 0.00169526 
9.66 0.09297 0.00151964 
9.66 0.09497 0.000812986 
9.66 0.09697 0.000916391 
9.66 0.09897 0.00074606 
9.66 0.10097 0.000474276 
9.66 0.10297 0.000319123 
9.66 0.10497 0.000173654 
9.66 0.10697 8.60708e-05 
9.66 0.10897 4.08458e-05 
9.67 0.05697 6.13892e-08 
9.67 0.05897 1.51973e-07 
9.67 0.06097 1.75471e-07 
9.67 0.06297 1.84024e-06 
9.67 0.06497 3.76249e-06 
9.67 0.06697 1.61801e-06 
9.67 0.06897 1.92611e-05 
9.67 0.07097 9.81289e-05 
9.67 0.07297 0.000272409 
9.67 0.07497 0.000809917 
9.67 0.07697 0.000969836 
9.67 0.07897 0.00129813 
9.67 0.08097 0.0018811 
9.67 0.08297 0.00249194 
9.67 0.08497 0.00205623 
9.67 0.08697 0.00202644 
9.67 0.08897 0.00188616 
9.67 0.09097 0.00116734 
9.67 0.09297 0.00116952 
9.67 0.09497 0.00108719 
9.67 0.09697 0.00074595 
9.67 0.09897 0.000469871 
9.67 0.10097 0.000268587 
9.67 0.10297 0.000152197 
9.67 0.10497 7.56801e-05 
9.67 0.10697 2.07846e-05 
9.68 0.05497 1.11731e-07 
9.68 0.05697 1.34664e-07 
9.68 0.05897 1.4722e-06 
9.68 0.06097 3.0643e-06 
9.68 0.06297 6.18621e-06 
9.68 0.06497 2.4803e-05 
9.68 0.06697 6.42771e-05 
9.68 0.06897 0.000215077 
9.68 0.07097 0.000440033 
9.68 0.07297 0.00111363 
9.68 0.07497 0.00125042 
9.68 0.07697 0.00167244 
9.68 0.07897 0.00305642 
9.68 0.08097 0.00232118 
9.68 0.08297 0.00241327 
9.68 0.08497 0.00228618 
9.68 0.08697 0.00152211 
9.68 0.08897 0.00136744 
9.68 0.09097 0.00142385 
9.68 0.09297 0.0010975 
9.68 0.09497 0.000726233 
9.68 0.09697 0.000444673 
9.68 0.09897 0.000238422 
9.68 0.10097 0.000117778 
9.68 0.10297 5.24763e-05 
9.68 0.10497 7.71966e-06 
9.69 0.05097 7.86087e-08 
9.69 0.05297 9.95744e-08 
9.69 0.05497 7.33018e-07 
9.69 0.05697 2.41661e-06 
9.69 0.05897 4.89276e-06 
9.69 0.06097 1.72507e-05 
9.69 0.06297 4.81841e-05 
9.69 0.06497 0.000157097 
9.69 0.06697 0.000351307 
9.69 0.06897 0.000725303 
9.69 0.07097 0.00151423 
9.69 0.07297 0.00148174 
9.69 0.07497 0.00198576 
9.69 0.07697 0.00375302 
9.69 0.07897 0.0027822 
9.69 0.08097 0.00266775 
9.69 0.08297 0.00203374 
9.69 0.08497 0.00169023 
9.69 0.08697 0.00189515 
9.69 0.08897 0.00141689 
9.69 0.09097 0.00101526 
9.69 0.09297 0.000650234 
9.69 0.09497 0.000372778 
9.69 0.09697 0.000189824 
9.69 0.09897 6.2953e-05 
9.69 0.10097 6.64634e-05 
9.7 0.04697 2.94383e-08 
9.7 0.04897 7.20403e-08 
9.7 0.05097 5.40888e-07 
9.7 0.05297 1.8736e-06 
9.7 0.05497 6.7016e-06 
9.7 0.05697 9.80653e-06 
9.7 0.05897 3.01916e-05 
9.7 0.06097 0.000113601 
9.7 0.06297 0.000306283 
9.7 0.06497 0.000532276 
9.7 0.06697 0.00103785 
9.7 0.06897 0.0019208 
9.7 0.07097 0.00200318 
9.7 0.07297 0.00268327 
9.7 0.07497 0.00385697 
9.7 0.07697 0.00298798 
9.7 0.07897 0.00228974 
9.7 0.08097 0.00197305 
9.7 0.08297 0.0023459 
9.7 0.08497 0.00184828 
9.7 0.08697 0.00138864 
9.7 0.08897 0.000937893 
9.7 0.09097 0.000589897 
9.7 0.09297 0.00018703 
9.7 0.09497 0.000227957 
9.7 0.09697 0.000115913 
9.7 0.09897 3.2074e-05 
9.71 0.04297 1.95648e-08 
9.71 0.04497 4.95044e-08 
9.71 0.04697 5.78846e-08 
9.71 0.04897 2.59063e-06 
9.71 0.05097 3.99985e-06 
9.71 0.05297 7.25934e-06 
9.71 0.05497 1.99885e-05 
9.71 0.05697 7.49165e-05 
9.71 0.05897 0.000226253 
9.71 0.06097 0.000440858 
9.71 0.06297 0.000732345 
9.71 0.06497 0.00158987 
9.71 0.06697 0.0021882 
9.71 0.06897 0.00247734 
9.71 0.07097 0.00399465 
9.71 0.07297 0.00361439 
9.71 0.07497 0.00205672 
9.71 0.07697 0.0030119 
9.71 0.07897 0.00282998 
9.71 0.08097 0.00237905 
9.71 0.08297 0.00177905 
9.71 0.08497 0.00126468 
9.71 0.08697 0.000662291 
9.71 0.08897 0.000452547 
9.71 0.09097 0.000370075 
9.71 0.09297 0.000194126 
9.71 0.09497 9.40271e-05 
9.72 0.03897 1.53185e-08 
9.72 0.04097 3.77216e-08 
9.72 0.04297 4.05378e-07 
9.72 0.04497 1.47644e-06 
9.72 0.04697 2.98377e-06 
9.72 0.04897 5.44539e-06 
9.72 0.05097 1.18191e-05 
9.72 0.05297 4.74822e-05 
9.72 0.05497 0.000162905 
9.72 0.05697 0.000350654 
9.72 0.05897 0.000671168 
9.72 0.06097 0.000981494 
9.72 0.06297 0.00198908 
9.72 0.06497 0.0024863 
9.72 0.06697 0.00297044 
9.72 0.06897 0.00495882 
9.72 0.07097 0.00220596 
9.72 0.07297 0.0036404 
9.72 0.07497 0.00349669 
9.72 0.07697 0.0029113 
9.72 0.07897 0.00235345 
9.72 0.08097 0.00169853 
9.72 0.08297 0.000688098 
9.72 0.08497 0.00086098 
9.72 0.08697 0.000529907 
9.72 0.08897 0.000303963 
9.72 0.09097 0.000158599 
9.72 0.09297 4.44693e-05 
9.73 0.03497 9.70246e-09 
9.73 0.03697 2.461e-08 
9.73 0.03897 2.92724e-08 
9.73 0.04097 1.03025e-06 
9.73 0.04297 2.16865e-06 
9.73 0.04497 4.0651e-06 
9.73 0.04697 8.01745e-06 
9.73 0.04897 2.44236e-05 
9.73 0.05097 0.000112189 
9.73 0.05297 0.000274461 
9.73 0.05497 0.000548349 
9.73 0.05697 0.000873507 
9.73 0.05897 0.00128927 
9.73 0.06097 0.00268353 
9.73 0.06297 0.00270275 
9.73 0.06497 0.00330116 
9.73 0.06697 0.00390864 
9.73 0.06897 0.00379854 
9.73 0.07097 0.00400548 
9.73 0.07297 0.00360278 
9.73 0.07497 0.00287295 
9.73 0.07697 0.00207716 
9.73 0.07897 0.0010928 
9.73 0.08097 0.00126842 
9.73 0.08297 0.000762541 
9.73 0.08497 0.000438622 
9.73 0.08697 0.000241309 
9.73 0.08897 9.1004e-05 
9.73 0.09097 3.35021e-05 
9.74 0.03297 1.57669e-08 
9.74 0.03497 1.97793e-08 
9.74 0.03697 6.72597e-07 
9.74 0.03897 1.49366e-06 
9.74 0.04097 2.89703e-06 
9.74 0.04297 5.20922e-06 
9.74 0.04497 1.44955e-05 
9.74 0.04697 4.95656e-05 
9.74 0.04897 0.000183118 
9.74 0.05097 0.000440739 
9.74 0.05297 0.000742597 
9.74 0.05497 0.0011209 
9.74 0.05697 0.00164368 
9.74 0.05897 0.00333266 
9.74 0.06097 0.00312526 
9.74 0.06297 0.00365497 
9.74 0.06497 0.00391597 
9.74 0.06697 0.00403166 
9.74 0.06897 0.00388441 
9.74 0.07097 0.00350076 
9.74 0.07297 0.00199197 
9.74 0.07497 0.00198524 
9.74 0.07697 0.00174286 
9.74 0.07897 0.00111057 
9.74 0.08097 0.000654483 
9.74 0.08297 0.000360624 
9.74 0.08497 0.000113422 
9.74 0.08697 0.000129656 
9.75 0.02897 9.71065e-09 
9.75 0.03097 6.15128e-09 
9.75 0.03297 2.48563e-07 
9.75 0.03497 9.98446e-07 
9.75 0.03697 2.00753e-06 
9.75 0.03897 3.71418e-06 
9.75 0.04097 9.74436e-06 
9.75 0.04297 2.16136e-05 
9.75 0.04497 9.07665e-05 
9.75 0.04697 0.000306466 
9.75 0.04897 0.000595212 
9.75 0.05097 0.000943438 
9.75 0.05297 0.00143999 
9.75 0.05497 0.00210086 
9.75 0.05697 0.00409134 
9.75 0.05897 0.00349754 
9.75 0.06097 0.00399475 
9.75 0.06297 0.00430409 
9.75 0.06497 0.00405342 
9.75 0.06697 0.00384789 
9.75 0.06897 0.00199119 
9.75 0.07097 0.00275901 
9.75 0.07297 0.00221436 
9.75 0.07497 0.00155283 
9.75 0.07697 0.000943168 
9.75 0.07897 0.000410029 
9.75 0.08097 0.00031001 
9.75 0.08297 0.000209508 
9.75 0.08497 5.95782e-05 
9.76 0.02897 1.61697e-07 
9.76 0.03097 1.19877e-06 
9.76 0.03297 1.87638e-06 
9.76 0.03497 3.22487e-06 
9.76 0.03697 5.09381e-06 
9.76 0.03897 1.21969e-05 
9.76 0.04097 4.84628e-05 
9.76 0.04297 0.000160194 
9.76 0.04497 0.000533991 
9.76 0.04697 0.000793601 
9.76 0.04897 0.00108414 
9.76 0.05097 0.00171367 
9.76 0.05297 0.00267895 
9.76 0.05497 0.0046094 
9.76 0.05697 0.00389519 
9.76 0.05897 0.00438901 
9.76 0.06097 0.00449297 
9.76 0.06297 0.00411818 
9.76 0.06497 0.00208794 
9.76 0.06697 0.00323349 
9.76 0.06897 0.00264585 
9.76 0.07097 0.00196235 
9.76 0.07297 0.00130719 
9.76 0.07497 0.000453372 
9.76 0.07697 0.00059592 
9.76 0.07897 0.000326294 
9.76 0.08097 0.000162669 
9.77 0.02497 1.54717e-07 
9.77 0.02697 5.93498e-07 
9.77 0.02897 1.2061e-06 
9.77 0.03097 2.21425e-06 
9.77 0.03297 3.5391e-06 
9.77 0.03497 6.87986e-06 
9.77 0.03697 3.32667e-05 
9.77 0.03897 0.000120578 
9.77 0.04097 0.00027553 
9.77 0.04297 0.000638058 
9.77 0.04497 0.00101442 
9.77 0.04697 0.00139297 
9.77 0.04897 0.00186668 
9.77 0.05097 0.0036681 
9.77 0.05297 0.0047528 
9.77 0.05497 0.00426305 
9.77 0.05697 0.00468014 
9.77 0.05897 0.00461382 
9.77 0.06097 0.00226275 
9.77 0.06297 0.00376516 
9.77 0.06497 0.00310881 
9.77 0.06697 0.00231786 
9.77 0.06897 0.00152008 
9.77 0.07097 0.000616411 
9.77 0.07297 0.000853744 
9.77 0.07497 0.000485505 
9.77 0.07697 0.000255171 
9.77 0.07897 7.35196e-05 
9.78 0.02297 3.56008e-07 
9.78 0.02497 7.76117e-07 
9.78 0.02697 1.4901e-06 
9.78 0.02897 2.46207e-06 
9.78 0.03097 4.57948e-06 
9.78 0.03297 1.6667e-05 
9.78 0.03497 6.97682e-05 
9.78 0.03697 0.000171949 
9.78 0.03897 0.000376214 
9.78 0.04097 0.000839747 
9.78 0.04297 0.00125493 
9.78 0.04497 0.0017047 
9.78 0.04697 0.00221569 
9.78 0.04897 0.00443878 
9.78 0.05097 0.00465832 
9.78 0.05297 0.0047018 
9.78 0.05497 0.00469351 
9.78 0.05697 0.00249505 
9.78 0.05897 0.00427407 
9.78 0.06097 0.00359658 
9.78 0.06297 0.00285783 
9.78 0.06497 0.00165148 
9.78 0.06697 0.00114497 
9.78 0.06897 0.00105752 
9.78 0.07097 0.000627597 
9.78 0.07297 0.000361769 
9.78 0.07497 0.000133794 
9.78 0.07697 6.10448e-05 
9.79 0.01897 2.09534e-07 
9.79 0.02097 4.9798e-07 
9.79 0.02297 1.01956e-06 
9.79 0.02497 1.74398e-06 
9.79 0.02697 2.79222e-06 
9.79 0.02897 1.16964e-05 
9.79 0.03097 4.0044e-05 
9.79 0.03297 0.000132254 
9.79 0.03497 0.000244778 
9.79 0.03697 0.000478562 
9.79 0.03897 0.0010062 
9.79 0.04097 0.00141928 
9.79 0.04297 0.00202682 
9.79 0.04497 0.0027085 
9.79 0.04697 0.00494537 
9.79 0.04897 0.00444831 
9.79 0.05097 0.00468167 
9.79 0.05297 0.00242929 
9.79 0.05497 0.00448097 
9.79 0.05697 0.00411724 
9.79 0.05897 0.00332486 
9.79 0.06097 0.00171523 
9.79 0.06297 0.00182034 
9.79 0.06497 0.00140625 
9.79 0.06697 0.000872688 
9.79 0.06897 0.000497651 
9.79 0.07097 0.000158036 
9.79 0.07297 0.000191664 
9.8 0.01497 7.12605e-08 
9.8 0.01697 2.92562e-07 
9.8 0.01897 6.24437e-07 
9.8 0.02097 1.20762e-06 
9.8 0.02297 2.42239e-06 
9.8 0.02497 7.37596e-06 
9.8 0.02697 2.54907e-05 
9.8 0.02897 7.8891e-05 
9.8 0.03097 0.000177609 
9.8 0.03297 0.000333551 
9.8 0.03497 0.000530713 
9.8 0.03697 0.00125019 
9.8 0.03897 0.00169827 
9.8 0.04097 0.0022928 
9.8 0.04297 0.00303192 
9.8 0.04497 0.00547719 
9.8 0.04697 0.00448678 
9.8 0.04897 0.00258058 
9.8 0.05097 0.00453117 
9.8 0.05297 0.00441454 
9.8 0.05497 0.00378775 
9.8 0.05697 0.00181028 
9.8 0.05897 0.0023985 
9.8 0.06097 0.00179424 
9.8 0.06297 0.00116919 
9.8 0.06497 0.000612165 
9.8 0.06697 0.000334428 
9.8 0.06897 0.000286643 
9.8 0.07097 8.31868e-05 
9.81 0.01297 1.68307e-07 
9.81 0.01497 3.73605e-07 
9.81 0.01697 7.59146e-07 
9.81 0.01897 2.29571e-06 
9.81 0.02097 3.38979e-06 
9.81 0.02297 1.26264e-05 
9.81 0.02497 4.9024e-05 
9.81 0.02697 0.000118226 
9.81 0.02897 0.000281148 
9.81 0.03097 0.000375825 
9.81 0.03297 0.000623478 
9.81 0.03497 0.00145335 
9.81 0.03697 0.00195176 
9.81 0.03897 0.00256667 
9.81 0.04097 0.00339827 
9.81 0.04297 0.00558758 
9.81 0.04497 0.00246342 
9.81 0.04697 0.00418322 
9.81 0.04897 0.00407922 
9.81 0.05097 0.00417633 
9.81 0.05297 0.00208593 
9.81 0.05497 0.0028205 
9.81 0.05697 0.00215744 
9.81 0.05897 0.00135369 
9.81 0.06097 0.00056098 
9.81 0.06297 0.000728938 
9.81 0.06497 0.000414641 
9.81 0.06697 0.000211933 
9.82 0.00697002 3.51381e-08 
9.82 0.00896999 5.62526e-08 
9.82 0.01097 3.96085e-07 
9.82 0.01297 6.26284e-07 
9.82 0.01497 1.11416e-06 
9.82 0.01697 2.02355e-06 
9.82 0.01897 5.04161e-06 
9.82 0.02097 2.7034e-05 
9.82 0.02297 8.05415e-05 
9.82 0.02497 0.000177369 
9.82 0.02697 0.000312922 
9.82 0.02897 0.000493492 
9.82 0.03097 0.000706382 
9.82 0.03297 0.00139689 
9.82 0.03497 0.00245877 
9.82 0.03697 0.0026879 
9.82 0.03897 0.00378706 
9.82 0.04097 0.00387192 
9.82 0.04297 0.00369812 
9.82 0.04497 0.00420331 
9.82 0.04697 0.00386669 
9.82 0.04897 0.0019186 
9.82 0.05097 0.00303708 
9.82 0.05297 0.00238977 
9.82 0.05497 0.00165197 
9.82 0.05697 0.00065361 
9.82 0.05897 0.000874282 
9.82 0.06097 0.000576869 
9.82 0.06297 0.000308863 
9.82 0.06497 9.08355e-05 
9.83 0.00497001 7.78352e-08 
9.83 0.00697002 1.7485e-07 
9.83 0.00896999 3.72482e-07 
9.83 0.01097 6.94136e-07 
9.83 0.01297 1.23277e-06 
9.83 0.01497 4.07715e-06 
9.83 0.01697 1.28566e-05 
9.83 0.01897 4.38683e-05 
9.83 0.02097 8.52078e-05 
9.83 0.02297 0.000191837 
9.83 0.02497 0.000411843 
9.83 0.02697 0.000598394 
9.83 0.02897 0.000854449 
9.83 0.03097 0.00141751 
9.83 0.03297 0.00284118 
9.83 0.03497 0.00275563 
9.83 0.03697 0.00428377 
9.83 0.03897 0.00296935 
9.83 0.04097 0.00411718 
9.83 0.04297 0.00402048 
9.83 0.04497 0.00191824 
9.83 0.04697 0.00341275 
9.83 0.04897 0.00274415 
9.83 0.05097 0.00151076 
9.83 0.05297 0.00129842 
9.83 0.05497 0.00112465 
9.83 0.05697 0.000687463 
9.83 0.05897 0.000328549 
9.83 0.06097 0.000190419 
9.83 0.06297 9.25751e-05 
9.84 0.000970006 4.10726e-08 
9.84 0.00297001 9.66966e-08 
9.84 0.00497001 2.08679e-07 
9.84 0.00697002 4.18096e-07 
9.84 0.00896999 7.81719e-07 
9.84 0.01097 1.38687e-06 
9.84 0.01297 6.31251e-06 
9.84 0.01497 2.63595e-05 
9.84 0.01697 5.60931e-05 
9.84 0.01897 0.000134043 
9.84 0.02097 0.000194547 
9.84 0.02297 0.000418959 
9.84 0.02497 0.000777459 
9.84 0.02697 0.000988766 
9.84 0.02897 0.00152523 
9.84 0.03097 0.00300391 
9.84 0.03297 0.00272003 
9.84 0.03497 0.00340971 
9.84 0.03697 0.00384196 
9.84 0.03897 0.00397168 
9.84 0.04097 0.00204637 
9.84 0.04297 0.00361814 
9.84 0.04497 0.00305776 
9.84 0.04697 0.00131861 
9.84 0.04897 0.00195499 
9.84 0.05097 0.00137987 
9.84 0.05297 0.000891165 
9.84 0.05497 0.000305655 
9.84 0.05697 0.00038687 
9.84 0.05897 0.000204447 
9.85 -0.00303 1.30058e-08 
9.85 -0.00103 5.28351e-08 
9.85 0.000970006 1.16558e-07 
9.85 0.00297001 2.4467e-07 
9.85 0.00497001 1.97395e-07 
9.85 0.00697002 6.7957e-07 
9.85 0.00896999 3.08266e-06 
9.85 0.01097 1.49162e-05 
9.85 0.01297 3.7944e-05 
9.85 0.01497 8.67507e-05 
9.85 0.01697 0.00013997 
9.85 0.01897 0.000218321 
9.85 0.02097 0.000379082 
9.85 0.02297 0.000975974 
9.85 0.02497 0.00112954 
9.85 0.02697 0.0016487 
9.85 0.02897 0.00313708 
9.85 0.03097 0.00283706 
9.85 0.03297 0.00309755 
9.85 0.03497 0.0030467 
9.85 0.03697 0.00195537 
9.85 0.03897 0.00366661 
9.85 0.04097 0.0032731 
9.85 0.04297 0.00144865 
9.85 0.04497 0.00228098 
9.85 0.04697 0.00165076 
9.85 0.04897 0.000979885 
9.85 0.05097 0.000497798 
9.85 0.05297 0.000516561 
9.85 0.05497 0.0002871 
9.85 0.05697 8.55206e-05 
9.86 -0.00503001 1.089e-08 
9.86 -0.00303 7.82617e-08 
9.86 -0.00103 7.69921e-08 
9.86 0.000970006 1.10247e-07 
9.86 0.00297001 3.76826e-07 
9.86 0.00497001 1.46036e-06 
9.86 0.00697002 8.39438e-06 
9.86 0.00896999 2.8241e-05 
9.86 0.01097 5.03505e-05 
9.86 0.01297 9.30579e-05 
9.86 0.01497 0.000168996 
9.86 0.01697 0.000227611 
9.86 0.01897 0.000430968 
9.86 0.02097 0.00101871 
9.86 0.02297 0.00133337 
9.86 0.02497 0.00175724 
9.86 0.02697 0.00309715 
9.86 0.02897 0.00298679 
9.86 0.03097 0.00243175 
9.86 0.03297 0.00223772 
9.86 0.03497 0.00315019 
9.86 0.03697 0.00280731 
9.86 0.03897 0.00139331 
9.86 0.04097 0.00254005 
9.86 0.04297 0.00190248 
9.86 0.04497 0.00078547 
9.86 0.04697 0.00101335 
9.86 0.04897 0.000656836 
9.86 0.05097 0.000370558 
9.86 0.05297 0.000202082 
9.86 0.05497 2.80088e-06 
9.87 -0.00902998 5.41962e-09 
9.87 -0.00703001 2.19116e-08 
9.87 -0.00503001 1.03843e-08 
9.87 -0.00303 5.73161e-08 
9.87 -0.00103 2.14441e-07 
9.87 0.000970006 1.33164e-06 
9.87 0.00297001 5.19742e-06 
9.87 0.00497001 1.39325e-05 
9.87 0.00697002 3.07803e-05 
9.87 0.00896999 5.90863e-05 
9.87 0.01097 0.000111962 
9.87 0.01297 0.000186348 
9.87 0.01497 0.00026977 
9.87 0.01697 0.000500615 
9.87 0.01897 0.000934268 
9.87 0.02097 0.00155214 
9.87 0.02297 0.00184926 
9.87 0.02497 0.00280071 
9.87 0.02697 0.00252947 
9.87 0.02897 0.00227157 
9.87 0.03097 0.00296465 
9.87 0.03297 0.0024952 
9.87 0.03497 0.00172279 
9.87 0.03697 0.00235836 
9.87 0.03897 0.00183647 
9.87 0.04097 0.000845022 
9.87 0.04297 0.00127043 
9.87 0.04497 0.000816754 
9.87 0.04697 0.000481778 
9.87 0.04897 0.000167548 
9.87 0.05097 0.000172037 
9.88 -0.01103 2.16962e-09 
9.88 -0.00703001 3.55245e-08 
9.88 -0.00503001 1.14659e-07 
9.88 -0.00303 4.10852e-07 
9.88 -0.00103 2.77539e-06 
9.88 0.000970006 7.39029e-06 
9.88 0.00297001 1.58524e-05 
9.88 0.00497001 3.69413e-05 
9.88 0.00697002 8.04993e-05 
9.88 0.00896999 0.000110898 
9.88 0.01097 0.000216324 
9.88 0.01297 0.00031563 
9.88 0.01497 0.000567583 
9.88 0.01697 0.000863207 
9.88 0.01897 0.00181811 
9.88 0.02097 0.00180772 
9.88 0.02297 0.00253141 
9.88 0.02497 0.00208581 
9.88 0.02697 0.0026953 
9.88 0.02897 0.00202736 
9.88 0.03097 0.0020729 
9.88 0.03297 0.00242674 
9.88 0.03497 0.00191183 
9.88 0.03697 0.000902801 
9.88 0.03897 0.0012873 
9.88 0.04097 0.000919958 
9.88 0.04297 0.000514705 
9.88 0.04497 0.000288415 
9.88 0.04697 0.00025059 
9.88 0.04897 7.44445e-05 
9.89 -0.01103 2.60481e-09 
9.89 -0.00902998 3.12155e-08 
9.89 -0.00703001 2.3232e-07 
9.89 -0.00503001 8.44367e-07 
9.89 -0.00303 3.98155e-06 
9.89 -0.00103 8.62553e-06 
9.89 0.000970006 2.51094e-05 
9.89 0.00297001 4.16015e-05 
9.89 0.00497001 6.98322e-05 
9.89 0.00697002 0.000116063 
9.89 0.00896999 0.000259491 
9.89 0.01097 0.000369701 
9.89 0.01297 0.000630203 
9.89 0.01497 0.000882336 
9.89 0.01697 0.0019167 
9.89 0.01897 0.00180479 
9.89 0.02097 0.00207334 
9.89 0.02297 0.00239824 
9.89 0.02497 0.00154732 
9.89 0.02697 0.0022796 
9.89 0.02897 0.00241615 
9.89 0.03097 0.00154806 
9.89 0.03297 0.0014169 
9.89 0.03497 0.00142949 
9.89 0.03697 0.001014 
9.89 0.03897 0.000390187 
9.89 0.04097 0.000501703 
9.89 0.04297 0.000325125 
9.89 0.04497 0.000171103 
9.9 -0.01303 7.64282e-09 
9.9 -0.01103 4.72778e-08 
9.9 -0.00902998 3.59658e-07 
9.9 -0.00703001 9.33295e-07 
9.9 -0.00503001 5.52364e-06 
9.9 -0.00303 1.40076e-05 
9.9 -0.00103 2.46293e-05 
9.9 0.000970006 4.05614e-05 
9.9 0.00297001 7.74725e-05 
9.9 0.00497001 0.000105276 
9.9 0.00697002 0.000266698 
9.9 0.00896999 0.000438779 
9.9 0.01097 0.00060949 
9.9 0.01297 0.000953073 
9.9 0.01497 0.00183285 
9.9 0.01697 0.00190539 
9.9 0.01897 0.00199818 
9.9 0.02097 0.00127155 
9.9 0.02297 0.00220818 
9.9 0.02497 0.0022767 
9.9 0.02697 0.00122006 
9.9 0.02897 0.00175434 
9.9 0.03097 0.00153231 
9.9 0.03297 0.00108697 
9.9 0.03497 0.000481885 
9.9 0.03697 0.000624749 
9.9 0.03897 0.000379354 
9.9 0.04097 0.000216028 
9.9 0.04297 6.66736e-05 
9.91 -0.01703 3.58266e-09 
9.91 -0.01503 1.44197e-08 
9.91 -0.01303 4.83144e-08 
9.91 -0.01103 2.57396e-07 
9.91 -0.00902998 1.55313e-06 
9.91 -0.00703001 6.79109e-06 
9.91 -0.00503001 1.41545e-05 
9.91 -0.00303 2.66449e-05 
9.91 -0.00103 4.08512e-05 
9.91 0.000970006 6.34268e-05 
9.91 0.00297001 0.000130846 
9.91 0.00497001 0.000213922 
9.91 0.00697002 0.00049142 
9.91 0.00896999 0.000664907 
9.91 0.01097 0.000896264 
9.91 0.01297 0.00163561 
9.91 0.01497 0.00203269 
9.91 0.01697 0.00103087 
9.91 0.01897 0.0020075 
9.91 0.02097 0.0021136 
9.91 0.02297 0.00105508 
9.91 0.02497 0.00182976 
9.91 0.02697 0.00153867 
9.91 0.02897 0.000889089 
9.91 0.03097 0.000762973 
9.91 0.03297 0.000724032 
9.91 0.03497 0.000459069 
9.91 0.03697 0.000255897 
9.91 0.03897 9.69628e-05 
9.91 0.04097 5.40016e-05 
9.92 -0.02103 2.38136e-09 
9.92 -0.01903 7.00538e-09 
9.92 -0.01703 2.45106e-08 
9.92 -0.01503 7.29677e-08 
9.92 -0.01303 3.35198e-07 
9.92 -0.01103 1.52233e-06 
9.92 -0.00902998 5.93227e-06 
9.92 -0.00703001 1.85239e-05 
9.92 -0.00503001 2.37152e-05 
9.92 -0.00303 3.42691e-05 
9.92 -0.00103 7.38665e-05 
9.92 0.000970006 0.000123891 
9.92 0.00297001 0.000218688 
9.92 0.00497001 0.000470894 
9.92 0.00697002 0.000750604 
9.92 0.00896999 0.000844775 
9.92 0.01097 0.0012524 
9.92 0.01297 0.00132149 
9.92 0.01497 0.00173288 
9.92 0.01697 0.00186648 
9.92 0.01897 0.000969815 
9.92 0.02097 0.00178188 
9.92 0.02297 0.00153922 
9.92 0.02497 0.000699825 
9.92 0.02697 0.00102182 
9.92 0.02897 0.000747685 
9.92 0.03097 0.000508718 
9.92 0.03297 0.000204496 
9.92 0.03497 0.000205247 
9.92 0.03697 0.000122003 
9.93 -0.02303 2.65095e-09 
9.93 -0.02103 6.90543e-09 
9.93 -0.01903 4.68726e-08 
9.93 -0.01703 9.94095e-08 
9.93 -0.01503 2.4344e-07 
9.93 -0.01303 1.80591e-06 
9.93 -0.01103 5.23097e-06 
9.93 -0.00902998 1.39639e-05 
9.93 -0.00703001 2.62381e-05 
9.93 -0.00503001 4.61444e-05 
9.93 -0.00303 7.13447e-05 
9.93 -0.00103 0.000129379 
9.93 0.000970006 0.000245428 
9.93 0.00297001 0.000390895 
9.93 0.00497001 0.000822654 
9.93 0.00697002 0.000858251 
9.93 0.00896999 0.00104181 
9.93 0.01097 0.00116388 
9.93 0.01297 0.00135587 
9.93 0.01497 0.000740897 
9.93 0.01697 0.00163955 
9.93 0.01897 0.0014859 
9.93 0.02097 0.000681068 
9.93 0.02297 0.0010829 
9.93 0.02497 0.000806367 
9.93 0.02697 0.000470733 
9.93 0.02897 0.000271621 
9.93 0.03097 0.000269817 
9.93 0.03297 0.000144574 
9.93 0.03497 5.60811e-05 
9.94 -0.02703 3.82555e-10 
9.94 -0.02503 4.30689e-09 
9.94 -0.02303 9.88461e-09 
9.94 -0.02103 4.1923e-08 
9.94 -0.01903 1.26356e-07 
9.94 -0.01703 2.82197e-07 
9.94 -0.01503 1.98412e-06 
9.94 -0.01303 4.35645e-06 
9.94 -0.01103 1.42043e-05 
9.94 -0.00902998 1.80764e-05 
9.94 -0.00703001 5.4518e-05 
9.94 -0.00503001 8.47768e-05 
9.94 -0.00303 0.000143265 
9.94 -0.00103 0.000250505 
9.94 0.000970006 0.000370548 
9.94 0.00297001 0.00080211 
9.94 0.00497001 0.000855789 
9.94 0.00697002 0.000947637 
9.94 0.00896999 0.00112019 
9.94 0.01097 0.000637103 
9.94 0.01297 0.00123592 
9.94 0.01497 0.0012054 
9.94 0.01697 0.00057662 
9.94 0.01897 0.00102824 
9.94 0.02097 0.000839592 
9.94 0.02297 0.000324624 
9.94 0.02497 0.000486622 
9.94 0.02697 0.000316863 
9.94 0.02897 0.000108001 
9.94 0.03097 0.000141238 
9.94 0.03297 4.32939e-05 
9.95 -0.02903 3.62456e-10 
9.95 -0.02703 3.86127e-09 
9.95 -0.02503 8.49495e-09 
9.95 -0.02303 2.3454e-09 
9.95 -0.02103 8.74883e-08 
9.95 -0.01903 3.98102e-07 
9.95 -0.01703 1.75641e-06 
9.95 -0.01503 5.40364e-06 
9.95 -0.01303 1.2512e-05 
9.95 -0.01103 2.30058e-05 
9.95 -0.00902998 3.54311e-05 
9.95 -0.00703001 9.94372e-05 
9.95 -0.00503001 0.000170834 
9.95 -0.00303 0.000245016 
9.95 -0.00103 0.000378727 
9.95 0.000970006 0.000689736 
9.95 0.00297001 0.000882475 
9.95 0.00497001 0.000886567 
9.95 0.00697002 0.000518962 
9.95 0.00896999 0.00106807 
9.95 0.01097 0.00106083 
9.95 0.01297 0.000547641 
9.95 0.01497 0.000946787 
9.95 0.01697 0.000770989 
9.95 0.01897 0.000362294 
9.95 0.02097 0.000532279 
9.95 0.02297 0.000216166 
9.95 0.02497 0.000270533 
9.95 0.02697 0.00017212 
9.95 0.02897 6.29743e-05 
9.95 0.03097 3.15852e-05 
9.96 -0.03103 3.18509e-10 
9.96 -0.02903 3.3528e-09 
9.96 -0.02703 2.21327e-10 
9.96 -0.02503 2.45422e-09 
9.96 -0.02303 1.7098e-08 
9.96 -0.02103 2.69549e-07 
9.96 -0.01903 1.49921e-06 
9.96 -0.01703 4.26996e-06 
9.96 -0.01503 1.47147e-05 
9.96 -0.01303 2.25764e-05 
9.96 -0.01103 3.91183e-05 
9.96 -0.00902998 7.67217e-05 
9.96 -0.00703001 0.000193132 
9.96 -0.00503001 0.000258107 
9.96 -0.00303 0.000377911 
9.96 -0.00103 0.00054917 
9.96 0.000970006 0.000907526 
9.96 0.00297001 0.000407971 
9.96 0.00497001 0.00089004 
9.96 0.00697002 0.000877066 
9.96 0.00896999 0.000533416 
9.96 0.01097 0.000847128 
9.96 0.01297 0.000413031 
9.96 0.01497 0.000565245 
9.96 0.01697 0.00049985 
9.96 0.01897 0.000223105 
9.96 0.02097 0.000323324 
9.96 0.02297 0.000167473 
9.96 0.02497 0.000102364 
9.96 0.02697 8.5547e-05 
9.97 -0.03303 9.65773e-10 
9.97 -0.03103 8.71736e-10 
9.97 -0.02903 2.48803e-10 
9.97 -0.02703 2.53803e-09 
9.97 -0.02503 2.77565e-08 
9.97 -0.02303 6.30753e-07 
9.97 -0.02103 1.92536e-06 
9.97 -0.01903 4.74689e-06 
9.97 -0.01703 1.1252e-05 
9.97 -0.01503 1.65276e-05 
9.97 -0.01303 5.22376e-05 
9.97 -0.01103 8.29809e-05 
9.97 -0.00902998 0.000128375 
9.97 -0.00703001 0.000331422 
9.97 -0.00503001 0.00035588 
9.97 -0.00303 0.000471052 
9.97 -0.00103 0.000556593 
9.97 0.000970006 0.000692335 
9.97 0.00297001 0.000712994 
9.97 0.00497001 0.000451982 
9.97 0.00697002 0.000726332 
9.97 0.00896999 0.000350898 
9.97 0.01097 0.00060112 
9.97 0.01297 0.000282618 
9.97 0.01497 0.000369404 
9.97 0.01697 0.000284607 
9.97 0.01897 0.000128825 
9.97 0.02097 0.000180397 
9.97 0.02297 0.000104252 
9.97 0.02497 3.22356e-05 
9.98 -0.03503 3.82556e-10 
9.98 -0.03103 2.27951e-10 
9.98 -0.02903 2.65101e-09 
9.98 -0.02703 7.99569e-08 
9.98 -0.02503 4.56567e-07 
9.98 -0.02303 1.90404e-06 
9.98 -0.02103 5.33912e-06 
9.98 -0.01903 1.11661e-05 
9.98 -0.01703 1.69199e-05 
9.98 -0.01503 3.72037e-05 
9.98 -0.01303 0.00010587 
9.98 -0.01103 0.000135018 
9.98 -0.00902998 0.000253285 
9.98 -0.00703001 0.000389517 
9.98 -0.00503001 0.000430943 
9.98 -0.00303 0.000507416 
9.98 -0.00103 0.000481437 
9.98 0.000970006 0.00045103 
9.98 0.00297001 0.000615738 
9.98 0.00497001 0.000328996 
9.98 0.00697002 0.00056307 
9.98 0.00896999 0.000247396 
9.98 0.01097 0.000403824 
9.98 0.01297 0.000197527 
9.98 0.01497 0.000214964 
9.98 0.01697 0.000163653 
9.98 0.01897 5.64224e-05 
9.98 0.02097 8.20785e-05 
9.98 0.02297 2.87427e-05 
9.99 -0.03303 6.07057e-10 
9.99 -0.03103 6.09281e-09 
9.99 -0.02903 1.26614e-07 
9.99 -0.02703 5.88764e-07 
9.99 -0.02503 1.81572e-06 
9.99 -0.02303 4.46545e-06 
9.99 -0.02103 1.08051e-05 
9.99 -0.01903 2.06917e-05 
9.99 -0.01703 3.37632e-05 
9.99 -0.01503 7.46001e-05 
9.99 -0.01303 0.000172218 
9.99 -0.01103 0.000190227 
9.99 -0.00902998 0.000418258 
9.99 -0.00703001 0.000361142 
9.99 -0.00503001 0.000238516 
9.99 -0.00303 0.000437577 
9.99 -0.00103 0.000404523 
9.99 0.000970006 0.000406882 
9.99 0.00297001 0.000483241 
9.99 0.00497001 0.000254113 
9.99 0.00697002 0.00039608 
9.99 0.00896999 0.00016243 
9.99 0.01097 0.00025945 
9.99 0.01297 0.000144681 
9.99 0.01497 9.66958e-05 
9.99 0.01697 8.69571e-05 
9.99 0.01897 4.46119e-05 
9.99 0.02097 3.89366e-06 
10 -0.03503 6.45251e-10 
10 -0.03303 1.46647e-08 
10 -0.03103 1.47274e-07 
10 -0.02903 5.65565e-07 
10 -0.02703 1.85704e-06 
10 -0.02503 4.15412e-06 
10 -0.02303 7.47322e-06 
10 -0.02103 2.00278e-05 
10 -0.01903 4.05126e-05 
10 -0.01703 6.24041e-05 
10 -0.01503 0.000153267 
10 -0.01303 0.000206882 
10 -0.01103 0.000281573 
10 -0.00902998 0.000264747 
10 -0.00703001 0.000359362 
10 -0.00503001 0.000208701 
10 -0.00303 0.00040124 
10 -0.00103 0.000288214 
10 0.000970006 0.000339679 
10 0.00297001 0.000345135 
10 0.00497001 0.000180944 
10 0.00697002 0.000259715 
10 0.00896999 0.00010204 
10 0.01097 0.00015352 
10 0.01297 9.47619e-05 
10 0.01497 3.59553e-05 
10 0.01697 4.24249e-05 
10.01 -0.03703 6.21367e-10 
10.01 -0.03503 2.73325e-08 
10.01 -0.03303 1.17676e-07 
10.01 -0.03103 5.29692e-07 
10.01 -0.02903 1.53337e-06 
10.01 -0.02703 4.80072e-06 
10.01 -0.02503 8.10335e-06 
10.01 -0.02303 1.4492e-05 
10.01 -0.02103 3.92563e-05 
10.01 -0.01903 6.8475e-05 
10.01 -0.01703 9.11066e-05 
10.01 -0.01503 0.00023607 
10.01 -0.01303 0.00021614 
10.01 -0.01103 0.000266265 
10.01 -0.00902998 0.000154581 
10.01 -0.00703001 0.000338766 
10.01 -0.00503001 0.000180332 
10.01 -0.00303 0.000346128 
10.01 -0.00103 0.000187686 
10.01 0.000970006 0.000292002 
10.01 0.00297001 0.000228942 
10.01 0.00497001 0.000120968 
10.01 0.00697002 0.000159826 
10.01 0.00896999 5.91471e-05 
10.01 0.01097 8.44509e-05 
10.01 0.01297 4.97077e-05 
10.01 0.01497 1.55927e-05 
10.02 -0.04103 1.40693e-10 
10.02 -0.03903 2.42475e-09 
10.02 -0.03703 4.51322e-08 
10.02 -0.03503 1.50152e-07 
10.02 -0.03303 5.14747e-07 
10.02 -0.03103 1.35609e-06 
10.02 -0.02903 2.86603e-06 
10.02 -0.02703 9.93403e-06 
10.02 -0.02503 1.54423e-05 
10.02 -0.02303 2.84279e-05 
10.02 -0.02103 7.4698e-05 
10.02 -0.01903 9.32865e-05 
10.02 -0.01703 0.000155809 
10.02 -0.01503 0.000244382 
10.02 -0.01303 0.000107625 
10.02 -0.01103 0.000253356 
10.02 -0.00902998 0.000140584 
10.02 -0.00703001 0.000294826 
10.02 -0.00503001 0.000149595 
10.02 -0.00303 0.000272326 
10.02 -0.00103 0.000124125 
10.02 0.000970006 0.000208379 
10.02 0.00297001 0.000142721 
10.02 0.00497001 7.8718e-05 
10.02 0.00697002 9.07588e-05 
10.02 0.00896999 3.53021e-05 
10.02 0.01097 3.89903e-05 
10.02 0.01297 1.33702e-05 
10.03 -0.04303 1.38347e-10 
10.03 -0.04103 6.03723e-09 
10.03 -0.03903 2.96877e-08 
10.03 -0.03703 1.49531e-07 
10.03 -0.03503 6.20092e-07 
10.03 -0.03303 1.34322e-06 
10.03 -0.03103 3.16402e-06 
10.03 -0.02903 5.69062e-06 
10.03 -0.02703 1.95642e-05 
10.03 -0.02503 2.87919e-05 
10.03 -0.02303 4.38599e-05 
10.03 -0.02103 0.000112632 
10.03 -0.01903 0.000106441 
10.03 -0.01703 0.00014579 
10.03 -0.01503 0.000175998 
10.03 -0.01303 0.000107917 
10.03 -0.01103 0.000228019 
10.03 -0.00902998 0.000122918 
10.03 -0.00703001 0.000229988 
10.03 -0.00503001 0.000113299 
10.03 -0.00303 0.000194162 
10.03 -0.00103 8.19433e-05 
10.03 0.000970006 0.000134039 
10.03 0.00297001 9.09521e-05 
10.03 0.00497001 3.74551e-05 
10.03 0.00697002 4.75058e-05 
10.03 0.00896999 2.68907e-05 
10.03 0.01097 4.76018e-08 
10.04 -0.04503 1.21582e-10 
10.04 -0.04303 1.04465e-08 
10.04 -0.04103 3.89404e-08 
10.04 -0.03903 1.39919e-07 
10.04 -0.03703 4.09295e-07 
10.04 -0.03503 1.04036e-06 
10.04 -0.03303 3.49554e-06 
10.04 -0.03103 5.88124e-06 
10.04 -0.02903 1.2215e-05 
10.04 -0.02703 3.51511e-05 
10.04 -0.02503 4.31495e-05 
10.04 -0.02303 8.17579e-05 
10.04 -0.02103 0.000111343 
10.04 -0.01903 0.000114241 
10.04 -0.01703 7.81858e-05 
10.04 -0.01503 0.000168317 
10.04 -0.01303 9.74356e-05 
10.04 -0.01103 0.000190336 
10.04 -0.00902998 9.66063e-05 
10.04 -0.00703001 0.000173783 
10.04 -0.00503001 7.53992e-05 
10.04 -0.00303 0.000127269 
10.04 -0.00103 5.12267e-05 
10.04 0.000970006 7.87843e-05 
10.04 0.00297001 5.10907e-05 
10.04 0.00497001 1.75085e-05 
10.04 0.00697002 2.27596e-05 
10.05 -0.04703 4.26638e-10 
10.05 -0.04503 1.65035e-08 
10.05 -0.04303 5.13881e-08 
10.05 -0.04103 1.61851e-07 
10.05 -0.03903 3.72512e-07 
10.05 -0.03703 9.92257e-07 
10.05 -0.03503 2.02132e-06 
10.05 -0.03303 7.43813e-06 
10.05 -0.03103 1.17049e-05 
10.05 -0.02903 1.9493e-05 
10.05 -0.02703 5.19062e-05 
10.05 -0.02503 5.41053e-05 
10.05 -0.02303 0.000113529 
10.05 -0.02103 4.69393e-05 
10.05 -0.01903 0.000107923 
10.05 -0.01703 6.68553e-05 
10.05 -0.01503 0.000126752 
10.05 -0.01303 7.44512e-05 
10.05 -0.01103 0.0001348 
10.05 -0.00902998 7.32932e-05 
10.05 -0.00703001 0.000117107 
10.05 -0.00503001 4.88973e-05 
10.05 -0.00303 7.78535e-05 
10.05 -0.00103 2.99771e-05 
10.05 0.000970006 4.21862e-05 
10.05 0.00297001 2.54501e-05 
10.05 0.00497001 8.08893e-06 
10.06 -0.04903 8.54826e-10 
10.06 -0.04703 1.00689e-08 
10.06 -0.04503 3.27523e-08 
10.06 -0.04303 1.05308e-07 
10.06 -0.04103 4.77425e-07 
10.06 -0.03903 9.36083e-07 
10.06 -0.03703 1.96206e-06 
10.06 -0.03503 4.09658e-06 
10.06 -0.03303 1.4052e-05 
10.06 -0.03103 1.86201e-05 
10.06 -0.02903 4.30139e-05 
10.06 -0.02703 5.27609e-05 
10.06 -0.02503 5.91492e-05 
10.06 -0.02303 6.83232e-05 
10.06 -0.02103 5.3175e-05 
10.06 -0.01903 6.97222e-05 
10.06 -0.01703 8.292e-05 
10.06 -0.01503 7.0076e-05 
10.06 -0.01303 8.76662e-05 
10.06 -0.01103 7.47409e-05 
10.06 -0.00902998 5.62015e-05 
10.06 -0.00703001 6.49091e-05 
10.06 -0.00503001 2.90861e-05 
10.06 -0.00303 4.28838e-05 
10.06 -0.00103 2.29718e-05 
10.06 0.000970006 1.30888e-05 
10.06 0.00297001 6.75356e-06 
10.07 -0.05103 1.59083e-09 
10.07 -0.04903 1.16106e-08 
10.07 -0.04703 3.625e-08 
10.07 -0.04503 9.68957e-08 
10.07 -0.04303 2.75707e-07 
10.07 -0.04103 1.07793e-06 
10.07 -0.03903 2.17433e-06 
10.07 -0.03703 3.85431e-06 
10.07 -0.03503 7.32196e-06 
10.07 -0.03303 2.2013e-05 
10.07 -0.03103 2.55211e-05 
10.07 -0.02903 5.52602e-05 
10.07 -0.02703 4.18932e-05 
10.07 -0.02503 3.8874e-05 
10.07 -0.02303 3.51204e-05 
10.07 -0.02103 7.66987e-05 
10.07 -0.01903 4.12317e-05 
10.07 -0.01703 8.27765e-05 
10.07 -0.01503 4.22764e-05 
10.07 -0.01303 7.16292e-05 
10.07 -0.01103 3.75815e-05 
10.07 -0.00902998 4.62717e-05 
10.07 -0.00703001 3.78118e-05 
10.07 -0.00503001 1.54908e-05 
10.07 -0.00303 2.15798e-05 
10.07 -0.00103 1.20961e-05 
10.07 0.000970006 1.0488e-10 
10.08 -0.05303 2.13941e-09 
10.08 -0.05103 6.89067e-09 
10.08 -0.04903 4.45266e-08 
10.08 -0.04703 1.01139e-07 
10.08 -0.04503 2.84576e-07 
10.08 -0.04303 6.76068e-07 
10.08 -0.04103 1.88925e-06 
10.08 -0.03903 4.29706e-06 
10.08 -0.03703 6.72892e-06 
10.08 -0.03503 1.72578e-05 
10.08 -0.03303 2.27966e-05 
10.08 -0.03103 3.91652e-05 
10.08 -0.02903 2.70601e-05 
10.08 -0.02703 2.3191e-05 
10.08 -0.02503 5.23156e-05 
10.08 -0.02303 3.05266e-05 
10.08 -0.02103 6.36133e-05 
10.08 -0.01903 3.32255e-05 
10.08 -0.01703 6.11065e-05 
10.08 -0.01503 2.73287e-05 
10.08 -0.01303 4.71733e-05 
10.08 -0.01103 2.09217e-05 
10.08 -0.00902998 2.89286e-05 
10.08 -0.00703001 2.02983e-05 
10.08 -0.00503001 7.6057e-06 
10.08 -0.00303 9.65235e-06 
10.09 -0.05703 3.08805e-10 
10.09 -0.05503 2.70616e-09 
10.09 -0.05303 7.87703e-09 
10.09 -0.05103 2.21886e-08 
10.09 -0.04903 7.13988e-08 
10.09 -0.04703 3.60256e-07 
10.09 -0.04503 6.87802e-07 
10.09 -0.04303 1.33384e-06 
10.09 -0.04103 3.97156e-06 
10.09 -0.03903 6.56844e-06 
10.09 -0.03703 9.50285e-06 
10.09 -0.03503 2.27941e-05 
10.09 -0.03303 2.33251e-05 
10.09 -0.03103 1.42255e-05 
10.09 -0.02903 3.51388e-05 
10.09 -0.02703 2.13046e-05 
10.09 -0.02503 4.55079e-05 
10.09 -0.02303 2.53308e-05 
10.09 -0.02103 4.93434e-05 
10.09 -0.01903 2.30526e-05 
10.09 -0.01703 4.07744e-05 
10.09 -0.01503 1.74963e-05 
10.09 -0.01303 2.83411e-05 
10.09 -0.01103 1.33732e-05 
10.09 -0.00902998 1.34083e-05 
10.09 -0.00703001 9.92922e-06 
10.09 -0.00503001 3.25693e-06 
10.1 -0.05903 4.48837e-10 
10.1 -0.05703 3.07154e-09 
10.1 -0.05503 7.71592e-09 
10.1 -0.05303 2.34963e-08 
10.1 -0.05103 6.64142e-08 
10.1 -0.04903 1.94495e-07 
10.1 -0.04703 8.06477e-07 
10.1 -0.04503 1.2686e-06 
10.1 -0.04303 2.47131e-06 
10.1 -0.04103 7.09682e-06 
10.1 -0.03903 8.27307e-06 
10.1 -0.03703 1.64743e-05 
10.1 -0.03503 1.05721e-05 
10.1 -0.03303 2.23742e-05 
10.1 -0.03103 1.38111e-05 
10.1 -0.02903 3.19717e-05 
10.1 -0.02703 1.85283e-05 
10.1 -0.02503 3.73118e-05 
10.1 -0.02303 1.89039e-05 
10.1 -0.02103 3.40009e-05 
10.1 -0.01903 1.51319e-05 
10.1 -0.01703 2.56174e-05 
10.1 -0.01503 1.02236e-05 
10.1 -0.01303 1.53846e-05 
10.1 -0.01103 9.48329e-06 
10.1 -0.00902998 3.43498e-06 
10.1 -0.00703001 2.39327e-06 
10.11 -0.06103 5.65121e-10 
10.11 -0.05903 1.54859e-09 
10.11 -0.05703 4.93258e-09 
10.11 -0.05503 3.10791e-08 
10.11 -0.05303 6.72879e-08 
10.11 -0.05103 1.89434e-07 
10.11 -0.04903 4.38505e-07 
10.11 -0.04703 1.54528e-06 
10.11 -0.04503 2.24841e-06 
10.11 -0.04303 3.56399e-06 
10.11 -0.04103 9.43265e-06 
10.11 -0.03903 9.80232e-06 
10.11 -0.03703 1.27829e-05 
10.11 -0.03503 8.92213e-06 
10.11 -0.03303 2.12194e-05 
10.11 -0.03103 1.24707e-05 
10.11 -0.02903 2.60515e-05 
10.11 -0.02703 1.57286e-05 
10.11 -0.02503 2.16037e-05 
10.11 -0.02303 1.80697e-05 
10.11 -0.02103 2.08569e-05 
10.11 -0.01903 1.05877e-05 
10.11 -0.01703 1.4497e-05 
10.11 -0.01503 5.36884e-06 
10.11 -0.01303 7.63772e-06 
10.11 -0.01103 4.40834e-06 
10.12 -0.06303 5.71003e-10 
10.12 -0.06103 1.55131e-09 
10.12 -0.05903 5.2503e-09 
10.12 -0.05703 1.64845e-08 
10.12 -0.05503 4.49356e-08 
10.12 -0.05303 2.02059e-07 
10.12 -0.05103 3.77723e-07 
10.12 -0.04903 7.96574e-07 
10.12 -0.04703 2.58687e-06 
10.12 -0.04503 3.27003e-06 
10.12 -0.04303 6.82809e-06 
10.12 -0.04103 8.21399e-06 
10.12 -0.03903 4.51852e-06 
10.12 -0.03703 1.14535e-05 
10.12 -0.03503 7.46822e-06 
10.12 -0.03303 1.22422e-05 
10.12 -0.03103 1.25946e-05 
10.12 -0.02903 8.93721e-06 
10.12 -0.02703 1.7507e-05 
10.12 -0.02503 9.5816e-06 
10.12 -0.02303 1.68574e-05 
10.12 -0.02103 1.0567e-05 
10.12 -0.01903 7.59418e-06 
10.12 -0.01703 7.47034e-06 
10.12 -0.01503 3.13275e-06 
10.12 -0.01303 2.8576e-06 
10.13 -0.06503 2.57603e-10 
10.13 -0.06303 2.10563e-09 
10.13 -0.06103 5.58677e-09 
10.13 -0.05903 1.69552e-08 
10.13 -0.05703 4.46377e-08 
10.13 -0.05503 1.02314e-07 
10.13 -0.05303 4.13659e-07 
10.13 -0.05103 6.6945e-07 
10.13 -0.04903 1.34443e-06 
10.13 -0.04703 3.55791e-06 
10.13 -0.04503 3.72677e-06 
10.13 -0.04303 4.82156e-06 
10.13 -0.04103 6.83987e-06 
10.13 -0.03903 4.45766e-06 
10.13 -0.03703 4.97904e-06 
10.13 -0.03503 1.15849e-05 
10.13 -0.03303 6.36203e-06 
10.13 -0.03103 1.31635e-05 
10.13 -0.02903 6.48154e-06 
10.13 -0.02703 1.17457e-05 
10.13 -0.02503 5.1844e-06 
10.13 -0.02303 8.60424e-06 
10.13 -0.02103 5.82795e-06 
10.13 -0.01903 3.26975e-06 
10.13 -0.01703 3.49377e-06 
10.13 -0.01503 1.11654e-06 
10.14 -0.06703 2.89665e-10 
10.14 -0.06503 1.02533e-09 
10.14 -0.06303 3.29184e-09 
10.14 -0.06103 2.05858e-08 
10.14 -0.05903 4.37644e-08 
10.14 -0.05703 9.97166e-08 
10.14 -0.05503 2.13992e-07 
10.14 -0.05303 7.44312e-07 
10.14 -0.05103 1.02963e-06 
10.14 -0.04903 2.70684e-06 
10.14 -0.04703 3.04734e-06 
10.14 -0.04503 3.73255e-06 
10.14 -0.04303 2.58885e-06 
10.14 -0.04103 3.1779e-06 
10.14 -0.03903 7.26944e-06 
10.14 -0.03703 4.44202e-06 
10.14 -0.03503 9.19654e-06 
10.14 -0.03303 4.97965e-06 
10.14 -0.03103 9.09513e-06 
10.14 -0.02903 4.19094e-06 
10.14 -0.02703 7.39e-06 
10.14 -0.02503 3.08028e-06 
10.14 -0.02303 4.7315e-06 
10.14 -0.02103 3.16655e-06 
10.14 -0.01903 1.07868e-06 
10.14 -0.01703 8.19645e-07 
