#logage logm JPDF
9.38 0.19297 1.36293e-10 
9.39 0.18297 1.2447e-10 
9.39 0.18497 1.67752e-10 
9.39 0.18697 1.98093e-10 
9.39 0.18897 2.09656e-10 
9.39 0.19097 2.06505e-10 
9.39 0.19297 3.28006e-10 
9.39 0.19497 1.69647e-10 
9.39 0.19697 1.30166e-10 
9.4 0.17897 2.23941e-10 
9.4 0.18097 3.17721e-10 
9.4 0.18297 4.04458e-10 
9.4 0.18497 4.68193e-10 
9.4 0.18697 4.82748e-10 
9.4 0.18897 7.25961e-10 
9.4 0.19097 4.80487e-10 
9.4 0.19297 3.58805e-10 
9.4 0.19497 2.52851e-10 
9.4 0.19697 1.82415e-10 
9.4 0.19897 1.2972e-10 
9.41 0.17497 3.82822e-10 
9.41 0.17697 5.65685e-10 
9.41 0.17897 7.49772e-10 
9.41 0.18097 9.38204e-10 
9.41 0.18297 1.09041e-09 
9.41 0.18497 1.08111e-09 
9.41 0.18697 1.66399e-09 
9.41 0.18897 9.84373e-10 
9.41 0.19097 7.09658e-10 
9.41 0.19297 5.01405e-10 
9.41 0.19497 3.37677e-10 
9.41 0.19697 2.44546e-10 
9.42 0.17097 3.29254e-10 
9.42 0.17297 9.03751e-10 
9.42 0.17497 1.33056e-09 
9.42 0.17697 1.73604e-09 
9.42 0.17897 2.04942e-09 
9.42 0.18097 2.33365e-09 
9.42 0.18297 3.57635e-09 
9.42 0.18497 2.35838e-09 
9.42 0.18697 1.97432e-09 
9.42 0.18897 1.3812e-09 
9.42 0.19097 9.89185e-10 
9.42 0.19297 6.64424e-10 
9.42 0.19497 3.91752e-10 
9.42 0.19697 2.48467e-10 
9.43 0.16897 1.43149e-09 
9.43 0.17097 2.14221e-09 
9.43 0.17297 3.06492e-09 
9.43 0.17497 3.86577e-09 
9.43 0.17697 4.5476e-09 
9.43 0.17897 4.98619e-09 
9.43 0.18097 7.32169e-09 
9.43 0.18297 4.45424e-09 
9.43 0.18497 3.72003e-09 
9.43 0.18697 2.60359e-09 
9.43 0.18897 1.95216e-09 
9.43 0.19097 1.19177e-09 
9.43 0.19297 7.23326e-10 
9.43 0.19497 4.74113e-10 
9.43 0.19697 2.028e-10 
9.44 0.16497 1.11179e-09 
9.44 0.16697 3.21895e-09 
9.44 0.16897 5.05229e-09 
9.44 0.17097 6.81154e-09 
9.44 0.17297 8.34803e-09 
9.44 0.17497 9.27919e-09 
9.44 0.17697 1.51791e-08 
9.44 0.17897 1.08242e-08 
9.44 0.18097 8.20486e-09 
9.44 0.18297 6.72907e-09 
9.44 0.18497 5.02784e-09 
9.44 0.18697 3.42251e-09 
9.44 0.18897 2.12852e-09 
9.44 0.19097 1.42267e-09 
9.44 0.19297 7.99781e-10 
9.44 0.19497 2.69447e-10 
9.44 0.19697 1.18542e-10 
9.45 0.16297 4.67294e-09 
9.45 0.16497 7.3858e-09 
9.45 0.16697 1.07403e-08 
9.45 0.16897 1.4715e-08 
9.45 0.17097 1.75626e-08 
9.45 0.17297 1.96849e-08 
9.45 0.17497 3.10865e-08 
9.45 0.17697 2.14681e-08 
9.45 0.17897 1.64941e-08 
9.45 0.18097 1.25971e-08 
9.45 0.18297 8.76966e-09 
9.45 0.18497 6.09991e-09 
9.45 0.18697 3.79528e-09 
9.45 0.18897 2.0269e-09 
9.45 0.19097 1.31903e-09 
9.45 0.19297 4.64705e-10 
9.45 0.19497 2.34402e-10 
9.45 0.19697 1.02619e-10 
9.46 0.15897 3.52752e-09 
9.46 0.16097 1.0883e-08 
9.46 0.16297 1.6699e-08 
9.46 0.16497 2.33186e-08 
9.46 0.16697 2.86651e-08 
9.46 0.16897 3.67764e-08 
9.46 0.17097 5.84881e-08 
9.46 0.17297 4.53457e-08 
9.46 0.17497 3.86132e-08 
9.46 0.17697 2.98472e-08 
9.46 0.17897 2.18888e-08 
9.46 0.18097 1.54249e-08 
9.46 0.18297 1.08577e-08 
9.46 0.18497 6.13685e-09 
9.46 0.18697 3.63663e-09 
9.46 0.18897 2.13321e-09 
9.46 0.19097 8.26408e-10 
9.46 0.19297 4.64456e-10 
9.46 0.19497 1.05092e-10 
9.47 0.15697 1.43374e-08 
9.47 0.15897 2.37669e-08 
9.47 0.16097 3.51863e-08 
9.47 0.16297 4.84792e-08 
9.47 0.16497 5.99601e-08 
9.47 0.16697 6.88119e-08 
9.47 0.16897 7.37658e-08 
9.47 0.17097 8.62102e-08 
9.47 0.17297 7.36037e-08 
9.47 0.17497 7.86771e-08 
9.47 0.17697 4.07556e-08 
9.47 0.17897 2.6721e-08 
9.47 0.18097 1.80263e-08 
9.47 0.18297 1.06385e-08 
9.47 0.18497 5.85459e-09 
9.47 0.18697 3.53992e-09 
9.47 0.18897 1.56842e-09 
9.47 0.19097 4.96207e-10 
9.47 0.19297 1.70011e-10 
9.48 0.15297 1.04125e-08 
9.48 0.15497 3.24999e-08 
9.48 0.15697 5.07936e-08 
9.48 0.15897 7.20624e-08 
9.48 0.16097 9.64408e-08 
9.48 0.16297 1.17754e-07 
9.48 0.16497 1.29259e-07 
9.48 0.16697 1.58476e-07 
9.48 0.16897 1.45315e-07 
9.48 0.17097 1.29865e-07 
9.48 0.17297 1.00832e-07 
9.48 0.17497 1.01779e-07 
9.48 0.17697 4.76556e-08 
9.48 0.17897 3.09519e-08 
9.48 0.18097 1.77886e-08 
9.48 0.18297 1.11065e-08 
9.48 0.18497 4.83935e-09 
9.48 0.18697 1.73231e-09 
9.48 0.18897 7.62778e-10 
9.48 0.19097 3.48369e-10 
9.49 0.15097 4.26931e-08 
9.49 0.15297 6.7956e-08 
9.49 0.15497 1.05878e-07 
9.49 0.15697 1.48667e-07 
9.49 0.15897 1.91164e-07 
9.49 0.16097 2.24408e-07 
9.49 0.16297 2.84264e-07 
9.49 0.16497 2.94915e-07 
9.49 0.16697 2.63478e-07 
9.49 0.16897 2.03829e-07 
9.49 0.17097 1.75735e-07 
9.49 0.17297 1.58401e-07 
9.49 0.17497 1.02671e-07 
9.49 0.17697 4.67472e-08 
9.49 0.17897 2.5905e-08 
9.49 0.18097 1.32993e-08 
9.49 0.18297 7.45552e-09 
9.49 0.18497 2.67216e-09 
9.49 0.18697 1.38975e-09 
9.49 0.18897 3.50858e-10 
9.5 0.14697 2.93639e-08 
9.5 0.14897 9.02104e-08 
9.5 0.15097 1.44378e-07 
9.5 0.15297 2.17453e-07 
9.5 0.15497 2.79039e-07 
9.5 0.15697 1.94823e-07 
9.5 0.15897 3.90819e-07 
9.5 0.16097 7.24696e-07 
9.5 0.16297 4.90815e-07 
9.5 0.16497 4.43112e-07 
9.5 0.16697 3.61212e-07 
9.5 0.16897 2.91179e-07 
9.5 0.17097 2.1291e-07 
9.5 0.17297 1.71129e-07 
9.5 0.17497 6.99963e-08 
9.5 0.17697 3.9635e-08 
9.5 0.17897 2.11913e-08 
9.5 0.18097 1.06469e-08 
9.5 0.18297 4.04793e-09 
9.5 0.18497 2.16306e-09 
9.5 0.18697 3.81722e-10 
9.51 0.14497 1.0957e-07 
9.51 0.14697 1.84674e-07 
9.51 0.14897 2.9267e-07 
9.51 0.15097 3.62761e-07 
9.51 0.15297 3.57883e-07 
9.51 0.15497 5.75693e-07 
9.51 0.15697 1.1661e-06 
9.51 0.15897 9.03391e-07 
9.51 0.16097 8.41861e-07 
9.51 0.16297 7.56319e-07 
9.51 0.16497 6.0239e-07 
9.51 0.16697 4.52315e-07 
9.51 0.16897 3.18173e-07 
9.51 0.17097 2.66418e-07 
9.51 0.17297 1.06079e-07 
9.51 0.17497 6.0506e-08 
9.51 0.17697 3.08156e-08 
9.51 0.17897 1.52184e-08 
9.51 0.18097 7.21073e-09 
9.51 0.18297 2.44364e-09 
9.51 0.18497 3.77889e-10 
9.52 0.14097 7.86689e-08 
9.52 0.14297 2.16241e-07 
9.52 0.14497 3.74418e-07 
9.52 0.14697 4.64633e-07 
9.52 0.14897 5.1634e-07 
9.52 0.15097 9.38405e-07 
9.52 0.15297 1.13806e-06 
9.52 0.15497 2.02491e-06 
9.52 0.15697 1.56657e-06 
9.52 0.15897 1.42706e-06 
9.52 0.16097 1.19759e-06 
9.52 0.16297 9.69015e-07 
9.52 0.16497 6.96854e-07 
9.52 0.16697 5.01862e-07 
9.52 0.16897 3.25279e-07 
9.52 0.17097 2.19868e-07 
9.52 0.17297 8.88754e-08 
9.52 0.17497 5.34798e-08 
9.52 0.17697 1.78376e-08 
9.52 0.17897 8.42709e-09 
9.52 0.18097 1.4403e-09 
9.52 0.18297 3.36975e-10 
9.53 0.13697 6.8568e-09 
9.53 0.13897 2.67241e-07 
9.53 0.14097 4.67914e-07 
9.53 0.14297 6.25093e-07 
9.53 0.14497 6.19553e-07 
9.53 0.14697 1.27431e-06 
9.53 0.14897 1.66927e-06 
9.53 0.15097 3.34075e-06 
9.53 0.15297 2.29908e-06 
9.53 0.15497 2.43002e-06 
9.53 0.15697 2.25568e-06 
9.53 0.15897 1.90513e-06 
9.53 0.16097 1.55407e-06 
9.53 0.16297 1.08097e-06 
9.53 0.16497 7.35647e-07 
9.53 0.16697 5.55801e-07 
9.53 0.16897 2.8542e-07 
9.53 0.17097 1.09024e-07 
9.53 0.17297 5.19442e-08 
9.53 0.17497 3.0172e-08 
9.53 0.17697 8.26557e-09 
9.53 0.17897 1.1157e-09 
9.53 0.18097 2.47559e-10 
9.54 0.13497 1.81968e-07 
9.54 0.13697 5.35545e-07 
9.54 0.13897 8.82005e-07 
9.54 0.14097 7.74505e-07 
9.54 0.14297 1.60104e-06 
9.54 0.14497 2.32715e-06 
9.54 0.14697 3.29677e-06 
9.54 0.14897 5.49794e-06 
9.54 0.15097 4.26916e-06 
9.54 0.15297 3.98627e-06 
9.54 0.15497 3.54476e-06 
9.54 0.15697 2.89766e-06 
9.54 0.15897 2.15081e-06 
9.54 0.16097 1.5129e-06 
9.54 0.16297 9.55396e-07 
9.54 0.16497 5.81225e-07 
9.54 0.16697 3.74681e-07 
9.54 0.16897 1.30412e-07 
9.54 0.17097 6.39885e-08 
9.54 0.17297 4.26648e-08 
9.54 0.17497 8.1719e-09 
9.54 0.17697 1.04968e-09 
9.55 0.13097 4.32476e-08 
9.55 0.13297 5.67989e-07 
9.55 0.13497 1.04528e-06 
9.55 0.13697 9.02155e-07 
9.55 0.13897 2.17025e-06 
9.55 0.14097 3.20027e-06 
9.55 0.14297 3.81523e-06 
9.55 0.14497 8.19203e-06 
9.55 0.14697 6.56029e-06 
9.55 0.14897 6.81117e-06 
9.55 0.15097 4.21451e-06 
9.55 0.15297 5.9606e-06 
9.55 0.15497 5.81569e-06 
9.55 0.15697 3.16435e-06 
9.55 0.15897 2.11741e-06 
9.55 0.16097 1.34586e-06 
9.55 0.16297 7.97979e-07 
9.55 0.16497 4.6881e-07 
9.55 0.16697 2.1181e-07 
9.55 0.16897 8.53207e-08 
9.55 0.17097 2.64375e-08 
9.55 0.17297 6.03226e-09 
9.55 0.17497 6.91876e-10 
9.56 0.12697 2.28956e-08 
9.56 0.12897 4.16189e-07 
9.56 0.13097 1.25267e-06 
9.56 0.13297 1.04915e-06 
9.56 0.13497 2.53673e-06 
9.56 0.13697 4.00641e-06 
9.56 0.13897 5.50638e-06 
9.56 0.14097 7.13259e-06 
9.56 0.14297 1.34171e-05 
9.56 0.14497 6.70809e-06 
9.56 0.14697 1.06263e-05 
9.56 0.14897 9.97639e-06 
9.56 0.15097 8.44914e-06 
9.56 0.15297 6.96436e-06 
9.56 0.15497 6.35138e-06 
9.56 0.15697 2.9844e-06 
9.56 0.15897 1.88645e-06 
9.56 0.16097 1.04528e-06 
9.56 0.16297 6.50812e-07 
9.56 0.16497 2.45128e-07 
9.56 0.16697 1.28255e-07 
9.56 0.16897 2.52286e-08 
9.56 0.17097 4.65056e-09 
9.56 0.17297 4.90862e-10 
9.57 0.12497 8.49732e-08 
9.57 0.12697 1.24484e-06 
9.57 0.12897 1.75886e-06 
9.57 0.13097 2.68651e-06 
9.57 0.13297 4.53687e-06 
9.57 0.13497 7.10478e-06 
9.57 0.13697 1.0982e-05 
9.57 0.13897 1.82024e-05 
9.57 0.14097 7.9424e-06 
9.57 0.14297 1.63609e-05 
9.57 0.14497 1.60351e-05 
9.57 0.14697 1.43405e-05 
9.57 0.14897 1.19153e-05 
9.57 0.15097 9.06622e-06 
9.57 0.15297 6.57411e-06 
9.57 0.15497 5.54275e-06 
9.57 0.15697 2.78181e-06 
9.57 0.15897 1.19422e-06 
9.57 0.16097 5.8896e-07 
9.57 0.16297 3.37233e-07 
9.57 0.16497 1.11552e-07 
9.57 0.16697 1.71728e-08 
9.57 0.16897 3.39185e-09 
9.57 0.17097 3.14661e-10 
9.58 0.12097 1.28393e-07 
9.58 0.12297 7.46163e-07 
9.58 0.12497 2.43447e-06 
9.58 0.12697 2.24256e-06 
9.58 0.12897 5.71785e-06 
9.58 0.13097 7.6825e-06 
9.58 0.13297 1.26296e-05 
9.58 0.13497 1.89625e-05 
9.58 0.13697 2.13268e-05 
9.58 0.13897 2.41429e-05 
9.58 0.14097 2.42742e-05 
9.58 0.14297 2.00581e-05 
9.58 0.14497 2.08385e-05 
9.58 0.14697 1.70603e-05 
9.58 0.14897 1.29145e-05 
9.58 0.15097 1.01471e-05 
9.58 0.15297 5.89574e-06 
9.58 0.15497 2.99324e-06 
9.58 0.15697 1.39684e-06 
9.58 0.15897 7.0801e-07 
9.58 0.16097 4.72601e-07 
9.58 0.16297 8.7711e-08 
9.58 0.16497 1.1546e-08 
9.58 0.16697 2.13513e-09 
9.58 0.16897 1.50993e-10 
9.59 0.11697 7.21109e-08 
9.59 0.11897 2.67907e-07 
9.59 0.12097 2.25751e-06 
9.59 0.12297 2.32152e-06 
9.59 0.12497 6.37604e-06 
9.59 0.12697 1.01995e-05 
9.59 0.12897 1.53939e-05 
9.59 0.13097 2.14963e-05 
9.59 0.13297 2.84981e-05 
9.59 0.13497 3.47318e-05 
9.59 0.13697 3.68738e-05 
9.59 0.13897 3.61945e-05 
9.59 0.14097 3.33573e-05 
9.59 0.14297 2.79945e-05 
9.59 0.14497 2.23945e-05 
9.59 0.14697 1.60758e-05 
9.59 0.14897 1.09045e-05 
9.59 0.15097 6.74694e-06 
9.59 0.15297 4.58499e-06 
9.59 0.15497 1.62994e-06 
9.59 0.15697 9.7205e-07 
9.59 0.15897 4.57179e-07 
9.59 0.16097 7.94586e-08 
9.59 0.16297 1.06551e-08 
9.59 0.16497 6.51432e-10 
9.6 0.11497 2.50445e-07 
9.6 0.11697 1.70237e-06 
9.6 0.11897 2.70388e-06 
9.6 0.12097 5.85734e-06 
9.6 0.12297 1.13549e-05 
9.6 0.12497 1.80455e-05 
9.6 0.12697 2.60088e-05 
9.6 0.12897 3.41824e-05 
9.6 0.13097 4.44411e-05 
9.6 0.13297 5.26296e-05 
9.6 0.13497 5.56835e-05 
9.6 0.13697 5.30174e-05 
9.6 0.13897 4.74333e-05 
9.6 0.14097 3.88051e-05 
9.6 0.14297 2.93012e-05 
9.6 0.14497 2.06628e-05 
9.6 0.14697 1.35211e-05 
9.6 0.14897 7.9986e-06 
9.6 0.15097 5.15473e-06 
9.6 0.15297 2.33726e-06 
9.6 0.15497 1.04905e-06 
9.6 0.15697 3.36657e-07 
9.6 0.15897 4.98822e-08 
9.6 0.16097 5.73352e-09 
9.6 0.16297 3.17842e-10 
9.61 0.11097 1.14446e-07 
9.61 0.11297 4.3272e-07 
9.61 0.11497 2.68625e-06 
9.61 0.11697 7.19011e-06 
9.61 0.11897 1.27568e-05 
9.61 0.12097 1.72959e-05 
9.61 0.12297 3.03321e-05 
9.61 0.12497 4.33656e-05 
9.61 0.12697 5.57982e-05 
9.61 0.12897 6.74354e-05 
9.61 0.13097 7.31802e-05 
9.61 0.13297 7.46055e-05 
9.61 0.13497 7.13479e-05 
9.61 0.13697 6.244e-05 
9.61 0.13897 5.25824e-05 
9.61 0.14097 3.90979e-05 
9.61 0.14297 2.63982e-05 
9.61 0.14497 1.66315e-05 
9.61 0.14697 9.79354e-06 
9.61 0.14897 5.42746e-06 
9.61 0.15097 3.59154e-06 
9.61 0.15297 9.82572e-07 
9.61 0.15497 2.98866e-07 
9.61 0.15697 3.99735e-08 
9.61 0.15897 2.45432e-09 
9.61 0.16097 1.49914e-10 
9.62 0.10697 1.49756e-07 
9.62 0.10897 5.85856e-07 
9.62 0.11097 5.87342e-07 
9.62 0.11297 6.54661e-06 
9.62 0.11497 1.2953e-05 
9.62 0.11697 2.26332e-05 
9.62 0.11897 2.96204e-05 
9.62 0.12097 5.91089e-05 
9.62 0.12297 7.44851e-05 
9.62 0.12497 7.63974e-05 
9.62 0.12697 0.000102601 
9.62 0.12897 0.000109152 
9.62 0.13097 0.000106576 
9.62 0.13297 9.66708e-05 
9.62 0.13497 8.13374e-05 
9.62 0.13697 6.43026e-05 
9.62 0.13897 4.74531e-05 
9.62 0.14097 3.15489e-05 
9.62 0.14297 2.03903e-05 
9.62 0.14497 1.13768e-05 
9.62 0.14697 6.94399e-06 
9.62 0.14897 3.57417e-06 
9.62 0.15097 9.68761e-07 
9.62 0.15297 1.93339e-07 
9.62 0.15497 2.11387e-08 
9.62 0.15697 1.10582e-09 
9.63 0.10497 5.1463e-07 
9.63 0.10697 1.15325e-06 
9.63 0.10897 3.65763e-06 
9.63 0.11097 1.16435e-05 
9.63 0.11297 2.18699e-05 
9.63 0.11497 3.69375e-05 
9.63 0.11697 5.85531e-05 
9.63 0.11897 8.70822e-05 
9.63 0.12097 0.000112935 
9.63 0.12297 0.000140889 
9.63 0.12497 0.000155346 
9.63 0.12697 0.000143583 
9.63 0.12897 9.2015e-05 
9.63 0.13097 0.000138991 
9.63 0.13297 0.000119028 
9.63 0.13497 9.24529e-05 
9.63 0.13697 7.90893e-05 
9.63 0.13897 3.80399e-05 
9.63 0.14097 2.35883e-05 
9.63 0.14297 1.29857e-05 
9.63 0.14497 8.70312e-06 
9.63 0.14697 3.38842e-06 
9.63 0.14897 8.37431e-07 
9.63 0.15097 1.09575e-07 
9.63 0.15297 9.8594e-09 
9.63 0.15497 4.31693e-10 
9.64 0.10097 2.68766e-07 
9.64 0.10297 1.04359e-06 
9.64 0.10497 2.26023e-06 
9.64 0.10697 1.26274e-05 
9.64 0.10897 1.86893e-05 
9.64 0.11097 3.70535e-05 
9.64 0.11297 6.15528e-05 
9.64 0.11497 9.39428e-05 
9.64 0.11697 0.000129338 
9.64 0.11897 0.00016169 
9.64 0.12097 0.000185423 
9.64 0.12297 0.000131129 
9.64 0.12497 0.000210422 
9.64 0.12697 0.000210701 
9.64 0.12897 0.000182662 
9.64 0.13097 0.000145993 
9.64 0.13297 0.000108301 
9.64 0.13497 7.40461e-05 
9.64 0.13697 5.63055e-05 
9.64 0.13897 2.24202e-05 
9.64 0.14097 1.15302e-05 
9.64 0.14297 7.24613e-06 
9.64 0.14497 2.98877e-06 
9.64 0.14697 5.17866e-07 
9.64 0.14897 5.97208e-08 
9.64 0.15097 4.62971e-09 
9.64 0.15297 1.36197e-10 
9.65 0.09697 3.44362e-07 
9.65 0.09897 5.3833e-07 
9.65 0.10097 2.02771e-06 
9.65 0.10297 8.46182e-06 
9.65 0.10497 2.26421e-05 
9.65 0.10697 4.14273e-05 
9.65 0.10897 5.44759e-05 
9.65 0.11097 0.000100082 
9.65 0.11297 0.000149526 
9.65 0.11497 0.000195385 
9.65 0.11697 0.000231172 
9.65 0.11897 0.000171714 
9.65 0.12097 0.000266416 
9.65 0.12297 0.000262032 
9.65 0.12497 0.000264819 
9.65 0.12697 0.000228344 
9.65 0.12897 0.00018046 
9.65 0.13097 0.00013022 
9.65 0.13297 8.72055e-05 
9.65 0.13497 5.73639e-05 
9.65 0.13697 3.18611e-05 
9.65 0.13897 1.40102e-05 
9.65 0.14097 6.87888e-06 
9.65 0.14297 1.8822e-06 
9.65 0.14497 2.67432e-07 
9.65 0.14697 2.69252e-08 
9.65 0.14897 5.58689e-10 
9.66 0.09497 9.23737e-07 
9.66 0.09697 2.40791e-06 
9.66 0.09897 5.16985e-06 
9.66 0.10097 1.61093e-05 
9.66 0.10297 3.7762e-05 
9.66 0.10497 6.63382e-05 
9.66 0.10697 0.00010777 
9.66 0.10897 0.000166437 
9.66 0.11097 0.000211952 
9.66 0.11297 0.000241881 
9.66 0.11497 0.000229627 
9.66 0.11697 0.000351141 
9.66 0.11897 0.000360905 
9.66 0.12097 0.000343877 
9.66 0.12297 0.000303383 
9.66 0.12497 0.000248627 
9.66 0.12697 0.000189209 
9.66 0.12897 0.000140839 
9.66 0.13097 9.24616e-05 
9.66 0.13297 5.45413e-05 
9.66 0.13497 4.13996e-05 
9.66 0.13697 1.29093e-05 
9.66 0.13897 5.53108e-06 
9.66 0.14097 1.59538e-06 
9.66 0.14297 2.10409e-07 
9.66 0.14497 1.333e-08 
9.67 0.09097 4.47008e-07 
9.67 0.09297 1.72331e-06 
9.67 0.09497 4.04263e-06 
9.67 0.09697 1.48209e-05 
9.67 0.09897 3.71452e-05 
9.67 0.10097 5.09954e-05 
9.67 0.10297 0.000107728 
9.67 0.10497 0.000172959 
9.67 0.10697 0.000252979 
9.67 0.10897 0.000231086 
9.67 0.11097 0.000368481 
9.67 0.11297 0.000449082 
9.67 0.11497 0.000478673 
9.67 0.11697 0.000395545 
9.67 0.11897 0.000434809 
9.67 0.12097 0.000380216 
9.67 0.12297 0.000306129 
9.67 0.12497 0.000227814 
9.67 0.12697 0.000155889 
9.67 0.12897 9.69278e-05 
9.67 0.13097 5.93706e-05 
9.67 0.13297 4.25509e-05 
9.67 0.13497 1.06354e-05 
9.67 0.13697 5.15774e-06 
9.67 0.13897 8.50615e-07 
9.67 0.14097 9.06076e-08 
9.67 0.14297 9.37107e-10 
9.68 0.08697 5.25858e-07 
9.68 0.08897 2.11829e-06 
9.68 0.09097 1.98472e-06 
9.68 0.09297 7.12526e-06 
9.68 0.09497 3.32478e-05 
9.68 0.09697 6.30959e-05 
9.68 0.09897 0.000108283 
9.68 0.10097 0.000129476 
9.68 0.10297 0.00022522 
9.68 0.10497 0.000271191 
9.68 0.10697 0.000424817 
9.68 0.10897 0.000521477 
9.68 0.11097 0.000580479 
9.68 0.11297 0.000612323 
9.68 0.11497 0.000604839 
9.68 0.11697 0.00054309 
9.68 0.11897 0.000453679 
9.68 0.12097 0.000329972 
9.68 0.12297 0.00022281 
9.68 0.12497 0.000171547 
9.68 0.12697 0.000106212 
9.68 0.12897 6.73791e-05 
9.68 0.13097 2.99612e-05 
9.68 0.13297 1.53297e-05 
9.68 0.13497 2.82274e-06 
9.68 0.13697 3.69035e-07 
9.68 0.13897 2.04763e-08 
9.69 0.08497 1.62715e-06 
9.69 0.08697 3.91403e-06 
9.69 0.08897 5.54234e-06 
9.69 0.09097 1.8813e-05 
9.69 0.09297 5.33994e-05 
9.69 0.09497 9.81432e-05 
9.69 0.09697 0.00016134 
9.69 0.09897 0.000125299 
9.69 0.10097 0.000324916 
9.69 0.10297 0.000455868 
9.69 0.10497 0.000600799 
9.69 0.10697 0.000710746 
9.69 0.10897 0.00077289 
9.69 0.11097 0.000774856 
9.69 0.11297 0.000726628 
9.69 0.11497 0.000650208 
9.69 0.11697 0.000535172 
9.69 0.11897 0.000393223 
9.69 0.12097 0.000228895 
9.69 0.12297 0.000188918 
9.69 0.12497 0.000124067 
9.69 0.12697 5.65501e-05 
9.69 0.12897 2.38448e-05 
9.69 0.13097 1.36924e-05 
9.69 0.13297 2.35816e-06 
9.69 0.13497 2.80275e-07 
9.69 0.13697 3.7502e-09 
9.7 0.08097 7.51197e-07 
9.7 0.08297 3.00637e-06 
9.7 0.08497 6.91668e-06 
9.7 0.08697 1.47018e-05 
9.7 0.08897 3.71633e-05 
9.7 0.09097 8.69404e-05 
9.7 0.09297 0.000106988 
9.7 0.09497 0.000227128 
9.7 0.09697 0.000357107 
9.7 0.09897 0.00037352 
9.7 0.10097 0.00062044 
9.7 0.10297 0.000829123 
9.7 0.10497 0.000944427 
9.7 0.10697 0.000998841 
9.7 0.10897 0.000951306 
9.7 0.11097 0.000768647 
9.7 0.11297 0.000712159 
9.7 0.11497 0.000634866 
9.7 0.11697 0.000561237 
9.7 0.11897 0.000317942 
9.7 0.12097 0.00015184 
9.7 0.12297 0.000131725 
9.7 0.12497 4.63643e-05 
9.7 0.12697 2.37654e-05 
9.7 0.12897 7.91554e-06 
9.7 0.13097 1.17318e-06 
9.7 0.13297 7.51649e-08 
9.71 0.07697 8.36973e-07 
9.71 0.07897 1.37752e-06 
9.71 0.08097 5.36616e-06 
9.71 0.08297 1.20144e-05 
9.71 0.08497 3.59538e-05 
9.71 0.08697 4.85132e-05 
9.71 0.08897 0.000104774 
9.71 0.09097 0.000206354 
9.71 0.09297 0.000348111 
9.71 0.09497 0.000514767 
9.71 0.09697 0.000703812 
9.71 0.09897 0.000903243 
9.71 0.10097 0.00107288 
9.71 0.10297 0.00094597 
9.71 0.10497 0.000864238 
9.71 0.10697 0.0012445 
9.71 0.10897 0.00106683 
9.71 0.11097 0.000857393 
9.71 0.11297 0.000672044 
9.71 0.11497 0.000479065 
9.71 0.11697 0.00036816 
9.71 0.11897 0.000205075 
9.71 0.12097 9.67712e-05 
9.71 0.12297 3.81688e-05 
9.71 0.12497 2.42508e-05 
9.71 0.12697 4.12056e-06 
9.71 0.12897 7.34888e-07 
9.71 0.13097 2.30567e-08 
9.72 0.07497 2.50368e-06 
9.72 0.07697 2.42339e-06 
9.72 0.07897 9.14928e-06 
9.72 0.08097 1.98659e-05 
9.72 0.08297 5.30272e-05 
9.72 0.08497 7.37801e-05 
9.72 0.08697 0.000181487 
9.72 0.08897 0.000313774 
9.72 0.09097 0.00050199 
9.72 0.09297 0.000723244 
9.72 0.09497 0.000710243 
9.72 0.09697 0.00144763 
9.72 0.09897 0.00102165 
9.72 0.10097 0.0014067 
9.72 0.10297 0.00133106 
9.72 0.10497 0.00125045 
9.72 0.10697 0.000953244 
9.72 0.10897 0.000996034 
9.72 0.11097 0.000743231 
9.72 0.11297 0.000528326 
9.72 0.11497 0.000344131 
9.72 0.11697 0.000256385 
9.72 0.11897 6.49399e-05 
9.72 0.12097 3.12149e-05 
9.72 0.12297 1.92874e-05 
9.72 0.12497 3.19876e-06 
9.72 0.12697 2.7394e-07 
9.73 0.07097 1.07599e-06 
9.73 0.07297 4.40871e-06 
9.73 0.07497 4.12638e-06 
9.73 0.07697 1.53119e-05 
9.73 0.07897 3.24407e-05 
9.73 0.08097 9.71717e-05 
9.73 0.08297 0.000115521 
9.73 0.08497 0.00026889 
9.73 0.08697 0.000448085 
9.73 0.08897 0.000578417 
9.73 0.09097 0.000851215 
9.73 0.09297 0.00140942 
9.73 0.09497 0.0012816 
9.73 0.09697 0.00159833 
9.73 0.09897 0.00164683 
9.73 0.10097 0.00164017 
9.73 0.10297 0.0015068 
9.73 0.10497 0.00125805 
9.73 0.10697 0.000825915 
9.73 0.10897 0.000784907 
9.73 0.11097 0.000544695 
9.73 0.11297 0.000358609 
9.73 0.11497 0.000184195 
9.73 0.11697 8.48167e-05 
9.73 0.11897 3.26729e-05 
9.73 0.12097 1.04993e-05 
9.73 0.12297 1.41464e-06 
9.73 0.12497 2.26683e-08 
9.74 0.06897 2.82292e-06 
9.74 0.07097 7.42258e-06 
9.74 0.07297 7.00682e-06 
9.74 0.07497 2.52303e-05 
9.74 0.07697 6.78828e-05 
9.74 0.07897 0.000152073 
9.74 0.08097 0.000177714 
9.74 0.08297 0.000388862 
9.74 0.08497 0.000459846 
9.74 0.08697 0.00084966 
9.74 0.08897 0.0012146 
9.74 0.09097 0.00156261 
9.74 0.09297 0.00179604 
9.74 0.09497 0.00197107 
9.74 0.09697 0.00206518 
9.74 0.09897 0.00196085 
9.74 0.10097 0.00171143 
9.74 0.10297 0.00140261 
9.74 0.10497 0.000883922 
9.74 0.10697 0.000799718 
9.74 0.10897 0.000575005 
9.74 0.11097 0.00028383 
9.74 0.11297 0.000144244 
9.74 0.11497 8.53501e-05 
9.74 0.11697 2.9983e-05 
9.74 0.11897 6.29734e-06 
9.74 0.12097 8.67432e-07 
9.75 0.06497 9.57283e-07 
9.75 0.06697 4.22763e-06 
9.75 0.06897 1.27493e-05 
9.75 0.07097 1.84086e-05 
9.75 0.07297 3.38641e-05 
9.75 0.07497 0.000124224 
9.75 0.07697 0.00023341 
9.75 0.07897 0.000338461 
9.75 0.08097 0.000526052 
9.75 0.08297 0.000905253 
9.75 0.08497 0.0012663 
9.75 0.08697 0.00151569 
9.75 0.08897 0.0017778 
9.75 0.09097 0.00202989 
9.75 0.09297 0.0024928 
9.75 0.09497 0.00245221 
9.75 0.09697 0.0022663 
9.75 0.09897 0.00192161 
9.75 0.10097 0.00150933 
9.75 0.10297 0.000915857 
9.75 0.10497 0.000796247 
9.75 0.10697 0.000566564 
9.75 0.10897 0.000224921 
9.75 0.11097 0.000115714 
9.75 0.11297 7.42977e-05 
9.75 0.11497 2.59056e-05 
9.75 0.11697 3.88151e-06 
9.75 0.11897 1.26588e-07 
9.76 0.06097 1.02952e-06 
9.76 0.06297 1.66753e-06 
9.76 0.06497 7.09053e-06 
9.76 0.06697 1.7894e-05 
9.76 0.06897 4.05804e-05 
9.76 0.07097 5.62151e-05 
9.76 0.07297 0.000188666 
9.76 0.07497 0.000266561 
9.76 0.07697 0.000498012 
9.76 0.07897 0.000769778 
9.76 0.08097 0.00109482 
9.76 0.08297 0.00157754 
9.76 0.08497 0.00206153 
9.76 0.08697 0.00252164 
9.76 0.08897 0.00258788 
9.76 0.09097 0.00268077 
9.76 0.09297 0.00160449 
9.76 0.09497 0.0023433 
9.76 0.09697 0.0020227 
9.76 0.09897 0.00161897 
9.76 0.10097 0.00123848 
9.76 0.10297 0.000902752 
9.76 0.10497 0.00043451 
9.76 0.10697 0.000188777 
9.76 0.10897 9.04944e-05 
9.76 0.11097 6.52999e-05 
9.76 0.11297 1.24193e-05 
9.76 0.11497 1.07995e-06 
9.77 0.05897 2.9504e-06 
9.77 0.06097 6.61676e-06 
9.77 0.06297 7.59581e-06 
9.77 0.06497 2.55403e-05 
9.77 0.06697 5.34897e-05 
9.77 0.06897 8.71674e-05 
9.77 0.07097 0.000194182 
9.77 0.07297 0.000392453 
9.77 0.07497 0.000631937 
9.77 0.07697 0.00107148 
9.77 0.07897 0.0015456 
9.77 0.08097 0.00168235 
9.77 0.08297 0.00299529 
9.77 0.08497 0.00269119 
9.77 0.08697 0.00216861 
9.77 0.08897 0.00294525 
9.77 0.09097 0.00240727 
9.77 0.09297 0.0024294 
9.77 0.09497 0.00216196 
9.77 0.09697 0.00161602 
9.77 0.09897 0.00113753 
9.77 0.10097 0.000904167 
9.77 0.10297 0.000428101 
9.77 0.10497 0.000155748 
9.77 0.10697 9.33862e-05 
9.77 0.10897 3.31644e-05 
9.77 0.11097 8.43364e-06 
9.77 0.11297 4.02905e-07 
9.78 0.05497 1.19129e-06 
9.78 0.05697 5.02431e-06 
9.78 0.05897 1.24746e-05 
9.78 0.06097 1.15807e-05 
9.78 0.06297 4.14369e-05 
9.78 0.06497 9.67038e-05 
9.78 0.06697 0.00010793 
9.78 0.06897 0.00033327 
9.78 0.07097 0.000535136 
9.78 0.07297 0.00098022 
9.78 0.07497 0.00126231 
9.78 0.07697 0.00163749 
9.78 0.07897 0.00284012 
9.78 0.08097 0.00259665 
9.78 0.08297 0.00281452 
9.78 0.08497 0.00338147 
9.78 0.08697 0.00327474 
9.78 0.08897 0.00297875 
9.78 0.09097 0.00212462 
9.78 0.09297 0.00207824 
9.78 0.09497 0.0015301 
9.78 0.09697 0.00121387 
9.78 0.09897 0.000648657 
9.78 0.10097 0.000440485 
9.78 0.10297 0.000130104 
9.78 0.10497 7.96409e-05 
9.78 0.10697 2.64042e-05 
9.78 0.10897 2.85596e-06 
9.78 0.11097 6.49994e-09 
9.79 0.05097 1.26258e-06 
9.79 0.05297 2.08955e-06 
9.79 0.05497 8.56605e-06 
9.79 0.05697 2.05992e-05 
9.79 0.05897 1.8899e-05 
9.79 0.06097 6.67441e-05 
9.79 0.06297 0.00015299 
9.79 0.06497 0.000176686 
9.79 0.06697 0.000736296 
9.79 0.06897 0.000918637 
9.79 0.07097 0.00104642 
9.79 0.07297 0.00167787 
9.79 0.07497 0.00228369 
9.79 0.07697 0.00228139 
9.79 0.07897 0.00336899 
9.79 0.08097 0.00376741 
9.79 0.08297 0.00380441 
9.79 0.08497 0.00351415 
9.79 0.08697 0.00306011 
9.79 0.08897 0.00208751 
9.79 0.09097 0.0019631 
9.79 0.09297 0.00146423 
9.79 0.09497 0.00109411 
9.79 0.09697 0.00052674 
9.79 0.09897 0.000283705 
9.79 0.10097 0.000186641 
9.79 0.10297 7.08817e-05 
9.79 0.10497 1.19068e-05 
9.79 0.10697 1.20721e-06 
9.8 0.04897 3.37997e-06 
9.8 0.05097 3.4052e-06 
9.8 0.05297 1.43021e-05 
9.8 0.05497 3.26986e-05 
9.8 0.05697 2.8997e-05 
9.8 0.05897 9.86309e-05 
9.8 0.06097 0.000238611 
9.8 0.06297 0.000462845 
9.8 0.06497 0.000706287 
9.8 0.06697 0.000967264 
9.8 0.06897 0.00158297 
9.8 0.07097 0.00229207 
9.8 0.07297 0.00295796 
9.8 0.07497 0.00364362 
9.8 0.07697 0.0029509 
9.8 0.07897 0.00409039 
9.8 0.08097 0.00401272 
9.8 0.08297 0.00371528 
9.8 0.08497 0.00309665 
9.8 0.08697 0.00206731 
9.8 0.08897 0.00181005 
9.8 0.09097 0.00137817 
9.8 0.09297 0.000807576 
9.8 0.09497 0.000437373 
9.8 0.09697 0.000227463 
9.8 0.09897 0.000152471 
9.8 0.10097 5.5428e-05 
9.8 0.10297 6.90247e-06 
9.8 0.10497 4.41e-08 
9.81 0.04497 1.26665e-06 
9.81 0.04697 5.53734e-06 
9.81 0.04897 5.92671e-06 
9.81 0.05097 2.18663e-05 
9.81 0.05297 4.87936e-05 
9.81 0.05497 4.20482e-05 
9.81 0.05697 0.000162424 
9.81 0.05897 0.000334035 
9.81 0.06097 0.000505197 
9.81 0.06297 0.000909298 
9.81 0.06497 0.00146684 
9.81 0.06697 0.00214746 
9.81 0.06897 0.00259689 
9.81 0.07097 0.00326434 
9.81 0.07297 0.00404899 
9.81 0.07497 0.00409137 
9.81 0.07697 0.00411115 
9.81 0.07897 0.00334769 
9.81 0.08097 0.00354429 
9.81 0.08297 0.00275957 
9.81 0.08497 0.00210294 
9.81 0.08697 0.00212546 
9.81 0.08897 0.00114203 
9.81 0.09097 0.000655924 
9.81 0.09297 0.000331619 
9.81 0.09497 0.000167413 
9.81 0.09697 0.000125323 
9.81 0.09897 2.24708e-05 
9.81 0.10097 1.24179e-06 
9.82 0.04297 2.53274e-06 
9.82 0.04497 6.58463e-06 
9.82 0.04697 6.83774e-06 
9.82 0.04897 2.47424e-05 
9.82 0.05097 4.79196e-05 
9.82 0.05297 5.31857e-05 
9.82 0.05497 0.000228709 
9.82 0.05697 0.000443136 
9.82 0.05897 0.000713822 
9.82 0.06097 0.00129623 
9.82 0.06297 0.00158482 
9.82 0.06497 0.00192264 
9.82 0.06697 0.00280689 
9.82 0.06897 0.00417803 
9.82 0.07097 0.00414324 
9.82 0.07297 0.00421558 
9.82 0.07497 0.00323736 
9.82 0.07697 0.00386074 
9.82 0.07897 0.00305653 
9.82 0.08097 0.0030134 
9.82 0.08297 0.00239207 
9.82 0.08497 0.00179394 
9.82 0.08697 0.00129859 
9.82 0.08897 0.000617132 
9.82 0.09097 0.000268284 
9.82 0.09297 0.00014611 
9.82 0.09497 8.62785e-05 
9.82 0.09697 1.38866e-05 
9.82 0.09897 1.80315e-07 
9.83 0.03897 9.15219e-07 
9.83 0.04097 4.2143e-06 
9.83 0.04297 1.02202e-05 
9.83 0.04497 9.88287e-06 
9.83 0.04697 3.64934e-05 
9.83 0.04897 4.32e-05 
9.83 0.05097 0.000114183 
9.83 0.05297 0.000491898 
9.83 0.05497 0.000685298 
9.83 0.05697 0.000994605 
9.83 0.05897 0.00144607 
9.83 0.06097 0.00179726 
9.83 0.06297 0.00265263 
9.83 0.06497 0.00394263 
9.83 0.06697 0.00297718 
9.83 0.06897 0.0038072 
9.83 0.07097 0.00370535 
9.83 0.07297 0.00455831 
9.83 0.07497 0.00397963 
9.83 0.07697 0.0029324 
9.83 0.07897 0.00293803 
9.83 0.08097 0.00232715 
9.83 0.08297 0.00149424 
9.83 0.08497 0.00090843 
9.83 0.08697 0.000661737 
9.83 0.08897 0.000237244 
9.83 0.09097 0.000137795 
9.83 0.09297 4.51374e-05 
9.83 0.09497 2.8115e-06 
9.83 0.09697 1.20753e-08 
9.84 0.03497 8.4368e-07 
9.84 0.03697 1.41966e-06 
9.84 0.03897 6.1624e-06 
9.84 0.04097 6.96707e-06 
9.84 0.04297 2.3481e-05 
9.84 0.04497 5.56107e-05 
9.84 0.04697 4.95686e-05 
9.84 0.04897 0.000191428 
9.84 0.05097 0.000612493 
9.84 0.05297 0.000800951 
9.84 0.05497 0.00108963 
9.84 0.05697 0.00170758 
9.84 0.05897 0.00230188 
9.84 0.06097 0.00297869 
9.84 0.06297 0.00441065 
9.84 0.06497 0.00319264 
9.84 0.06697 0.00417669 
9.84 0.06897 0.00349012 
9.84 0.07097 0.00416567 
9.84 0.07297 0.00385842 
9.84 0.07497 0.00295597 
9.84 0.07697 0.00273098 
9.84 0.07897 0.00220129 
9.84 0.08097 0.00121169 
9.84 0.08297 0.000731067 
9.84 0.08497 0.000426082 
9.84 0.08697 0.000300615 
9.84 0.08897 0.000105787 
9.84 0.09097 2.65174e-05 
9.84 0.09297 5.73658e-07 
9.85 0.03297 2.13037e-06 
9.85 0.03497 2.27469e-06 
9.85 0.03697 9.73312e-06 
9.85 0.03897 9.38154e-06 
9.85 0.04097 3.74378e-05 
9.85 0.04297 8.39013e-05 
9.85 0.04497 0.00011195 
9.85 0.04697 0.000316287 
9.85 0.04897 0.000609649 
9.85 0.05097 0.000909301 
9.85 0.05297 0.00143606 
9.85 0.05497 0.00200973 
9.85 0.05697 0.00262253 
9.85 0.05897 0.00408691 
9.85 0.06097 0.00304488 
9.85 0.06297 0.0041534 
9.85 0.06497 0.00456584 
9.85 0.06697 0.0035507 
9.85 0.06897 0.00399177 
9.85 0.07097 0.00358428 
9.85 0.07297 0.00257146 
9.85 0.07497 0.0026477 
9.85 0.07697 0.00177852 
9.85 0.07897 0.000993205 
9.85 0.08097 0.000599185 
9.85 0.08297 0.000340282 
9.85 0.08497 0.000234831 
9.85 0.08697 8.31537e-05 
9.85 0.08897 6.26351e-06 
9.85 0.09097 2.59197e-09 
9.86 0.02897 7.24186e-07 
9.86 0.03097 2.21396e-06 
9.86 0.03297 4.70323e-06 
9.86 0.03497 1.50293e-05 
9.86 0.03697 2.94069e-05 
9.86 0.03897 2.18895e-05 
9.86 0.04097 7.69827e-05 
9.86 0.04297 9.92385e-05 
9.86 0.04497 0.000507458 
9.86 0.04697 0.00111622 
9.86 0.04897 0.00138867 
9.86 0.05097 0.00184741 
9.86 0.05297 0.00242938 
9.86 0.05497 0.00256365 
9.86 0.05697 0.00346042 
9.86 0.05897 0.00332937 
9.86 0.06097 0.00460968 
9.86 0.06297 0.00452646 
9.86 0.06497 0.00342324 
9.86 0.06697 0.00390688 
9.86 0.06897 0.00307907 
9.86 0.07097 0.00274141 
9.86 0.07297 0.00200145 
9.86 0.07497 0.00135461 
9.86 0.07697 0.000818194 
9.86 0.07897 0.000478452 
9.86 0.08097 0.000262001 
9.86 0.08297 0.00020083 
9.86 0.08497 2.8684e-05 
9.86 0.08697 1.63876e-06 
9.87 0.02697 1.83585e-06 
9.87 0.02897 5.23586e-06 
9.87 0.03097 3.79736e-06 
9.87 0.03297 1.54017e-05 
9.87 0.03497 1.41422e-05 
9.87 0.03697 5.13382e-05 
9.87 0.03897 4.31194e-05 
9.87 0.04097 0.000544607 
9.87 0.04297 0.000685537 
9.87 0.04497 0.00105083 
9.87 0.04697 0.00152418 
9.87 0.04897 0.00183452 
9.87 0.05097 0.00244459 
9.87 0.05297 0.00290671 
9.87 0.05497 0.00401402 
9.87 0.05697 0.00425398 
9.87 0.05897 0.00364425 
9.87 0.06097 0.00432212 
9.87 0.06297 0.00334019 
9.87 0.06497 0.00321098 
9.87 0.06697 0.00280819 
9.87 0.06897 0.00260385 
9.87 0.07097 0.00202348 
9.87 0.07297 0.00123825 
9.87 0.07497 0.000594924 
9.87 0.07697 0.000329801 
9.87 0.07897 0.000195422 
9.87 0.08097 0.000123404 
9.87 0.08297 1.13432e-05 
9.87 0.08497 1.98896e-08 
9.88 0.02297 6.00254e-07 
9.88 0.02497 2.39968e-06 
9.88 0.02697 2.12348e-06 
9.88 0.02897 9.05992e-06 
9.88 0.03097 8.70474e-06 
9.88 0.03297 3.31241e-05 
9.88 0.03497 2.85492e-05 
9.88 0.03697 0.00021354 
9.88 0.03897 0.000517879 
9.88 0.04097 0.000789003 
9.88 0.04297 0.00113879 
9.88 0.04497 0.00154416 
9.88 0.04697 0.00212894 
9.88 0.04897 0.00250454 
9.88 0.05097 0.00354168 
9.88 0.05297 0.00420764 
9.88 0.05497 0.00428324 
9.88 0.05697 0.00340986 
9.88 0.05897 0.00323509 
9.88 0.06097 0.00321008 
9.88 0.06297 0.00354899 
9.88 0.06497 0.00320485 
9.88 0.06697 0.00222946 
9.88 0.06897 0.00150077 
9.88 0.07097 0.000957762 
9.88 0.07297 0.000741665 
9.88 0.07497 0.000282664 
9.88 0.07697 0.000171326 
9.88 0.07897 4.79362e-05 
9.88 0.08097 1.32449e-06 
9.89 0.02097 1.0858e-06 
9.89 0.02297 1.18068e-06 
9.89 0.02497 5.26409e-06 
9.89 0.02697 5.20976e-06 
9.89 0.02897 2.02973e-05 
9.89 0.03097 1.83064e-05 
9.89 0.03297 6.47603e-05 
9.89 0.03497 0.000652002 
9.89 0.03697 0.000664585 
9.89 0.03897 0.000905862 
9.89 0.04097 0.00143907 
9.89 0.04297 0.00187198 
9.89 0.04497 0.00209598 
9.89 0.04697 0.00241967 
9.89 0.04897 0.00327355 
9.89 0.05097 0.00407702 
9.89 0.05297 0.00271095 
9.89 0.05497 0.00378644 
9.89 0.05697 0.00410636 
9.89 0.05897 0.00321438 
9.89 0.06097 0.00349447 
9.89 0.06297 0.00273874 
9.89 0.06497 0.00180649 
9.89 0.06697 0.00121978 
9.89 0.06897 0.000766311 
9.89 0.07097 0.000469655 
9.89 0.07297 0.000334577 
9.89 0.07497 0.000121708 
9.89 0.07697 2.31104e-05 
9.89 0.07897 1.09227e-07 
9.9 0.01697 3.55762e-07 
9.9 0.01897 6.21235e-07 
9.9 0.02097 2.73747e-06 
9.9 0.02297 3.09641e-06 
9.9 0.02497 1.18993e-05 
9.9 0.02697 1.12557e-05 
9.9 0.02897 4.13626e-05 
9.9 0.03097 0.000337199 
9.9 0.03297 0.000532712 
9.9 0.03497 0.000558776 
9.9 0.03697 0.00113827 
9.9 0.03897 0.00148942 
9.9 0.04097 0.00173836 
9.9 0.04297 0.00208777 
9.9 0.04497 0.00255741 
9.9 0.04697 0.00268049 
9.9 0.04897 0.00299189 
9.9 0.05097 0.00320571 
9.9 0.05297 0.004163 
9.9 0.05497 0.00387955 
9.9 0.05697 0.00300434 
9.9 0.05897 0.0033714 
9.9 0.06097 0.00214431 
9.9 0.06297 0.00147695 
9.9 0.06497 0.000981961 
9.9 0.06697 0.000598815 
9.9 0.06897 0.000359182 
9.9 0.07097 0.000250226 
9.9 0.07297 7.94876e-05 
9.9 0.07497 2.2349e-06 
9.9 0.07697 2.6042e-09 
9.91 0.01497 3.11635e-07 
9.91 0.01697 5.50201e-07 
9.91 0.01897 2.6362e-06 
9.91 0.02097 6.7008e-06 
9.91 0.02297 6.97004e-06 
9.91 0.02497 2.57084e-05 
9.91 0.02697 0.000132706 
9.91 0.02897 0.000347858 
9.91 0.03097 0.000651461 
9.91 0.03297 0.00116637 
9.91 0.03497 0.0012193 
9.91 0.03697 0.00145475 
9.91 0.03897 0.00145292 
9.91 0.04097 0.00142361 
9.91 0.04297 0.00271152 
9.91 0.04497 0.00218409 
9.91 0.04697 0.00245657 
9.91 0.04897 0.00377644 
9.91 0.05097 0.00374956 
9.91 0.05297 0.00355805 
9.91 0.05497 0.00289103 
9.91 0.05697 0.0026819 
9.91 0.05897 0.0017092 
9.91 0.06097 0.00117493 
9.91 0.06297 0.000767984 
9.91 0.06497 0.000459162 
9.91 0.06697 0.000262637 
9.91 0.06897 0.000196058 
9.91 0.07097 1.82127e-05 
9.91 0.07297 3.23973e-07 
9.92 0.01297 2.76587e-07 
9.92 0.01497 1.34507e-06 
9.92 0.01697 1.44897e-06 
9.92 0.01897 6.17785e-06 
9.92 0.02097 1.59682e-05 
9.92 0.02297 6.19128e-05 
9.92 0.02497 0.000295434 
9.92 0.02697 0.000436528 
9.92 0.02897 0.000726969 
9.92 0.03097 0.000930646 
9.92 0.03297 0.00108291 
9.92 0.03497 0.00139254 
9.92 0.03697 0.00103481 
9.92 0.03897 0.00231677 
9.92 0.04097 0.00190278 
9.92 0.04297 0.00278984 
9.92 0.04497 0.00245251 
9.92 0.04697 0.00355101 
9.92 0.04897 0.00329756 
9.92 0.05097 0.00279581 
9.92 0.05297 0.00267629 
9.92 0.05497 0.00207226 
9.92 0.05697 0.00139205 
9.92 0.05897 0.000936062 
9.92 0.06097 0.000587958 
9.92 0.06297 0.000348645 
9.92 0.06497 0.000237245 
9.92 0.06697 7.51528e-05 
9.92 0.06897 4.83727e-06 
9.92 0.07097 4.84724e-10 
9.93 0.01097 6.88019e-07 
9.93 0.01297 8.00153e-07 
9.93 0.01497 3.48267e-06 
9.93 0.01697 5.63745e-06 
9.93 0.01897 1.26326e-05 
9.93 0.02097 0.000178517 
9.93 0.02297 0.000288211 
9.93 0.02497 0.000504788 
9.93 0.02697 0.000670957 
9.93 0.02897 0.000845526 
9.93 0.03097 0.0011244 
9.93 0.03297 0.000789807 
9.93 0.03497 0.00140219 
9.93 0.03697 0.00174122 
9.93 0.03897 0.00289814 
9.93 0.04097 0.00272681 
9.93 0.04297 0.00240033 
9.93 0.04497 0.00328176 
9.93 0.04697 0.00289246 
9.93 0.04897 0.00231826 
9.93 0.05097 0.00197998 
9.93 0.05297 0.00153826 
9.93 0.05497 0.00132813 
9.93 0.05697 0.000767929 
9.93 0.05897 0.000447325 
9.93 0.06097 0.000252691 
9.93 0.06297 0.000162346 
9.93 0.06497 3.13771e-05 
9.93 0.06697 1.61295e-07 
9.94 0.00697002 2.12182e-07 
9.94 0.00896999 4.06819e-07 
9.94 0.01097 1.87691e-06 
9.94 0.01297 1.9757e-06 
9.94 0.01497 8.38916e-06 
9.94 0.01697 7.08538e-05 
9.94 0.01897 0.000272602 
9.94 0.02097 0.000422697 
9.94 0.02297 0.000581302 
9.94 0.02497 0.000718647 
9.94 0.02697 0.000498398 
9.94 0.02897 0.000525174 
9.94 0.03097 0.00126953 
9.94 0.03297 0.000995882 
9.94 0.03497 0.00272486 
9.94 0.03697 0.00256361 
9.94 0.03897 0.00248174 
9.94 0.04097 0.00234174 
9.94 0.04297 0.00266059 
9.94 0.04497 0.0021952 
9.94 0.04697 0.0021891 
9.94 0.04897 0.00171372 
9.94 0.05097 0.00128852 
9.94 0.05297 0.000924062 
9.94 0.05497 0.000689807 
9.94 0.05697 0.000445402 
9.94 0.05897 0.000174588 
9.94 0.06097 9.43796e-05 
9.94 0.06297 7.75269e-06 
9.94 0.06497 4.12453e-09 
9.95 0.00497001 1.99809e-07 
9.95 0.00697002 6.95477e-07 
9.95 0.00896999 1.32248e-06 
9.95 0.01097 4.57566e-06 
9.95 0.01297 4.77824e-06 
9.95 0.01497 0.000186985 
9.95 0.01697 0.000258093 
9.95 0.01897 0.000455377 
9.95 0.02097 0.000535984 
9.95 0.02297 0.000342219 
9.95 0.02497 0.000615923 
9.95 0.02697 0.000851296 
9.95 0.02897 0.000723944 
9.95 0.03097 0.00169302 
9.95 0.03297 0.00268185 
9.95 0.03497 0.00228016 
9.95 0.03697 0.00186433 
9.95 0.03897 0.00222392 
9.95 0.04097 0.00240073 
9.95 0.04297 0.00210899 
9.95 0.04497 0.00185529 
9.95 0.04697 0.0014544 
9.95 0.04897 0.00102047 
9.95 0.05097 0.000693611 
9.95 0.05297 0.00046253 
9.95 0.05497 0.000338572 
9.95 0.05697 0.000130536 
9.95 0.05897 4.09016e-05 
9.95 0.06097 2.91975e-07 
9.96 0.00297001 1.88757e-07 
9.96 0.00497001 8.19924e-07 
9.96 0.00697002 9.1068e-07 
9.96 0.00896999 4.01462e-06 
9.96 0.01097 9.14793e-05 
9.96 0.01297 0.000169003 
9.96 0.01497 0.000286318 
9.96 0.01697 0.000431242 
9.96 0.01897 0.000251117 
9.96 0.02097 0.00065467 
9.96 0.02297 0.000454048 
9.96 0.02497 0.000942489 
9.96 0.02697 0.000748043 
9.96 0.02897 0.00208223 
9.96 0.03097 0.00179433 
9.96 0.03297 0.00187267 
9.96 0.03497 0.00196363 
9.96 0.03697 0.0021715 
9.96 0.03897 0.00201828 
9.96 0.04097 0.00185907 
9.96 0.04297 0.00146553 
9.96 0.04497 0.00110877 
9.96 0.04697 0.00080474 
9.96 0.04897 0.000536425 
9.96 0.05097 0.000336232 
9.96 0.05297 0.000204257 
9.96 0.05497 0.000131257 
9.96 0.05697 4.70964e-06 
9.96 0.05897 2.021e-08 
9.97 0.000970006 4.09248e-07 
9.97 0.00297001 4.64462e-07 
9.97 0.00497001 2.10792e-06 
9.97 0.00697002 3.14514e-05 
9.97 0.00896999 0.000103854 
9.97 0.01097 0.000190475 
9.97 0.01297 0.000293466 
9.97 0.01497 0.000220673 
9.97 0.01697 0.000483226 
9.97 0.01897 0.000307357 
9.97 0.02097 0.000778956 
9.97 0.02297 0.00058735 
9.97 0.02497 0.000983397 
9.97 0.02697 0.00191192 
9.97 0.02897 0.00196122 
9.97 0.03097 0.00175434 
9.97 0.03297 0.00177322 
9.97 0.03497 0.00196638 
9.97 0.03697 0.00157439 
9.97 0.03897 0.00140589 
9.97 0.04097 0.00114351 
9.97 0.04297 0.000887242 
9.97 0.04497 0.00061164 
9.97 0.04697 0.000399159 
9.97 0.04897 0.000241532 
9.97 0.05097 0.000171662 
9.97 0.05297 3.05346e-05 
9.97 0.05497 6.60173e-07 
9.98 -0.00303 9.65197e-09 
9.98 -0.00103 3.34592e-07 
9.98 0.000970006 1.06488e-06 
9.98 0.00297001 1.13469e-06 
9.98 0.00497001 9.31753e-05 
9.98 0.00697002 9.17895e-05 
9.98 0.00896999 0.000197614 
9.98 0.01097 0.000180031 
9.98 0.01297 0.000253689 
9.98 0.01497 0.000332156 
9.98 0.01697 0.000574359 
9.98 0.01897 0.000369576 
9.98 0.02097 0.0008543 
9.98 0.02297 0.00131941 
9.98 0.02497 0.00189505 
9.98 0.02697 0.00153205 
9.98 0.02897 0.00158456 
9.98 0.03097 0.00174176 
9.98 0.03297 0.00145304 
9.98 0.03497 0.00127405 
9.98 0.03697 0.0010871 
9.98 0.03897 0.000890854 
9.98 0.04097 0.000632657 
9.98 0.04297 0.000437049 
9.98 0.04497 0.000291698 
9.98 0.04697 0.000169075 
9.98 0.04897 8.57344e-05 
9.98 0.05097 7.82376e-06 
9.98 0.05297 4.07113e-09 
9.99 -0.00503001 1.03144e-07 
9.99 -0.00303 1.92057e-07 
9.99 -0.00103 9.09462e-07 
9.99 0.000970006 5.21908e-05 
9.99 0.00297001 4.45726e-05 
9.99 0.00497001 0.000124572 
9.99 0.00697002 0.000106429 
9.99 0.00896999 0.000155951 
9.99 0.01097 0.000308044 
9.99 0.01297 0.000216737 
9.99 0.01497 0.000502216 
9.99 0.01697 0.000664314 
9.99 0.01897 0.000786231 
9.99 0.02097 0.00130964 
9.99 0.02297 0.00172949 
9.99 0.02497 0.00126749 
9.99 0.02697 0.00133369 
9.99 0.02897 0.00119656 
9.99 0.03097 0.00122898 
9.99 0.03297 0.00116126 
9.99 0.03497 0.00107349 
9.99 0.03697 0.000786201 
9.99 0.03897 0.000478006 
9.99 0.04097 0.0002998 
9.99 0.04297 0.000178979 
9.99 0.04497 0.000103326 
9.99 0.04697 3.91284e-05 
9.99 0.04897 2.17708e-07 
10 -0.00703001 8.88634e-08 
10 -0.00503001 4.36431e-07 
10 -0.00303 1.78007e-05 
10 -0.00103 2.42587e-05 
10 0.000970006 7.52305e-05 
10 0.00297001 7.25279e-05 
10 0.00497001 9.98813e-05 
10 0.00697002 0.000238922 
10 0.00896999 0.000146914 
10 0.01097 0.000385296 
10 0.01297 0.000511993 
10 0.01497 0.000315005 
10 0.01697 0.000889031 
10 0.01897 0.00141383 
10 0.02097 0.00117962 
10 0.02297 0.00131863 
10 0.02497 0.00114619 
10 0.02697 0.00114086 
10 0.02897 0.001052 
10 0.03097 0.0009094 
10 0.03297 0.000742551 
10 0.03497 0.000576834 
10 0.03697 0.000463938 
10 0.03897 0.000269788 
10 0.04097 0.000118737 
10 0.04297 6.08621e-05 
10 0.04497 3.30531e-06 
10 0.04697 1.21082e-08 
10.01 -0.00902998 7.0791e-08 
10.01 -0.00703001 3.58889e-07 
10.01 -0.00503001 1.40457e-05 
10.01 -0.00303 2.02875e-05 
10.01 -0.00103 6.64856e-05 
10.01 0.000970006 5.87899e-05 
10.01 0.00297001 0.00018574 
10.01 0.00497001 0.000104413 
10.01 0.00697002 0.00027889 
10.01 0.00896999 0.000179517 
10.01 0.01097 0.000443646 
10.01 0.01297 0.000559484 
10.01 0.01497 0.000750949 
10.01 0.01697 0.00128064 
10.01 0.01897 0.00120194 
10.01 0.02097 0.001078 
10.01 0.02297 0.000894708 
10.01 0.02497 0.0009704 
10.01 0.02697 0.000857672 
10.01 0.02897 0.000734678 
10.01 0.03097 0.000583788 
10.01 0.03297 0.000427398 
10.01 0.03497 0.000287206 
10.01 0.03697 0.000222897 
10.01 0.03897 9.14716e-05 
10.01 0.04097 2.23382e-05 
10.01 0.04297 5.33306e-07 
10.01 0.04497 3.31105e-10 
10.02 -0.01103 1.53456e-07 
10.02 -0.00902998 2.02647e-07 
10.02 -0.00703001 1.19267e-05 
10.02 -0.00503001 4.04365e-05 
10.02 -0.00303 3.63604e-05 
10.02 -0.00103 5.38007e-05 
10.02 0.000970006 0.000150386 
10.02 0.00297001 0.000128952 
10.02 0.00497001 0.000196834 
10.02 0.00697002 0.000331375 
10.02 0.00896999 0.000396332 
10.02 0.01097 0.000488025 
10.02 0.01297 0.000858082 
10.02 0.01497 0.00118108 
10.02 0.01697 0.000974171 
10.02 0.01897 0.000715867 
10.02 0.02097 0.000709155 
10.02 0.02297 0.000792265 
10.02 0.02497 0.00069476 
10.02 0.02697 0.000570125 
10.02 0.02897 0.000446625 
10.02 0.03097 0.000306489 
10.02 0.03297 0.000202429 
10.02 0.03497 0.00012261 
10.02 0.03697 6.98723e-05 
10.02 0.03897 5.64612e-06 
10.02 0.04097 3.24892e-08 
10.03 -0.01303 1.32506e-07 
10.03 -0.01103 3.9762e-07 
10.03 -0.00902998 1.31562e-05 
10.03 -0.00703001 3.02324e-05 
10.03 -0.00503001 3.03516e-05 
10.03 -0.00303 9.87281e-05 
10.03 -0.00103 7.25155e-05 
10.03 0.000970006 0.000165266 
10.03 0.00297001 0.000239053 
10.03 0.00497001 0.000273417 
10.03 0.00697002 0.000412594 
10.03 0.00896999 0.000563327 
10.03 0.01097 0.000859027 
10.03 0.01297 0.000912031 
10.03 0.01497 0.000576677 
10.03 0.01697 0.000525209 
10.03 0.01897 0.000523944 
10.03 0.02097 0.000551696 
10.03 0.02297 0.000492348 
10.03 0.02497 0.000541358 
10.03 0.02697 0.000443973 
10.03 0.02897 0.000227066 
10.03 0.03097 0.000140153 
10.03 0.03297 7.53448e-05 
10.03 0.03497 2.99134e-05 
10.03 0.03697 8.35355e-07 
10.04 -0.01703 3.3421e-08 
10.04 -0.01503 7.44884e-08 
10.04 -0.01303 3.39577e-07 
10.04 -0.01103 1.94098e-05 
10.04 -0.00902998 1.79595e-05 
10.04 -0.00703001 5.07814e-05 
10.04 -0.00503001 5.51231e-05 
10.04 -0.00303 0.000122009 
10.04 -0.00103 7.63256e-05 
10.04 0.000970006 0.000202055 
10.04 0.00297001 0.000271765 
10.04 0.00497001 0.000306697 
10.04 0.00697002 0.000691871 
10.04 0.00896999 0.000694077 
10.04 0.01097 0.000802239 
10.04 0.01297 0.000419021 
10.04 0.01497 0.000488258 
10.04 0.01697 0.000457572 
10.04 0.01897 0.000441266 
10.04 0.02097 0.000374562 
10.04 0.02297 0.000299329 
10.04 0.02497 0.000220108 
10.04 0.02697 0.00023793 
10.04 0.02897 0.000106775 
10.04 0.03097 3.87305e-05 
10.04 0.03297 7.98235e-06 
10.04 0.03497 3.03326e-08 
10.05 -0.01903 2.78037e-08 
10.05 -0.01703 1.4679e-07 
10.05 -0.01503 7.19026e-07 
10.05 -0.01303 1.53778e-05 
10.05 -0.01103 1.46277e-05 
10.05 -0.00902998 4.97113e-05 
10.05 -0.00703001 4.76088e-05 
10.05 -0.00503001 9.04607e-05 
10.05 -0.00303 0.000140682 
10.05 -0.00103 0.000184683 
10.05 0.000970006 0.000245006 
10.05 0.00297001 0.000307322 
10.05 0.00497001 0.000592118 
10.05 0.00697002 0.000681936 
10.05 0.00896999 0.000507345 
10.05 0.01097 0.000405204 
10.05 0.01297 0.000379713 
10.05 0.01497 0.000393823 
10.05 0.01697 0.000348022 
10.05 0.01897 0.000286634 
10.05 0.02097 0.000221771 
10.05 0.02297 0.000158869 
10.05 0.02497 0.000105298 
10.05 0.02697 7.21236e-05 
10.05 0.02897 2.02242e-05 
10.05 0.03097 1.19698e-06 
10.05 0.03297 1.69867e-10 
10.06 -0.02103 2.7402e-08 
10.06 -0.01903 9.42381e-08 
10.06 -0.01703 5.27027e-06 
10.06 -0.01503 7.98543e-06 
10.06 -0.01303 2.65681e-05 
10.06 -0.01103 2.53951e-05 
10.06 -0.00902998 6.75046e-05 
10.06 -0.00703001 7.3141e-05 
10.06 -0.00503001 8.45224e-05 
10.06 -0.00303 0.000168787 
10.06 -0.00103 0.000295408 
10.06 0.000970006 0.000341861 
10.06 0.00297001 0.000542422 
10.06 0.00497001 0.000599919 
10.06 0.00697002 0.000278456 
10.06 0.00896999 0.000328154 
10.06 0.01097 0.000294016 
10.06 0.01297 0.000309583 
10.06 0.01497 0.000270477 
10.06 0.01697 0.000224765 
10.06 0.01897 0.000161022 
10.06 0.02097 0.000110433 
10.06 0.02297 6.81625e-05 
10.06 0.02497 3.22528e-05 
10.06 0.02697 8.53412e-06 
10.06 0.02897 1.07955e-07 
10.07 -0.02303 3.44493e-08 
10.07 -0.02103 1.21127e-07 
10.07 -0.01903 4.17618e-06 
10.07 -0.01703 6.62322e-06 
10.07 -0.01503 2.36213e-05 
10.07 -0.01303 2.06003e-05 
10.07 -0.01103 5.0919e-05 
10.07 -0.00902998 7.61682e-05 
10.07 -0.00703001 0.000111427 
10.07 -0.00503001 0.000140437 
10.07 -0.00303 0.000263711 
10.07 -0.00103 0.000388886 
10.07 0.000970006 0.000498623 
10.07 0.00297001 0.000294624 
10.07 0.00497001 0.000190922 
10.07 0.00697002 0.000239352 
10.07 0.00896999 0.000267009 
10.07 0.01097 0.000240105 
10.07 0.01297 0.000222837 
10.07 0.01497 0.000187759 
10.07 0.01697 0.000160293 
10.07 0.01897 8.18096e-05 
10.07 0.02097 4.0326e-05 
10.07 0.02297 1.26475e-05 
10.07 0.02497 1.62355e-06 
10.07 0.02697 3.52547e-10 
10.08 -0.02703 4.84111e-09 
10.08 -0.02503 2.3473e-08 
10.08 -0.02303 8.88194e-08 
10.08 -0.02103 3.5114e-06 
10.08 -0.01903 1.05477e-05 
10.08 -0.01703 1.22865e-05 
10.08 -0.01503 3.19462e-05 
10.08 -0.01303 4.26824e-05 
10.08 -0.01103 3.65919e-05 
10.08 -0.00902998 0.000101838 
10.08 -0.00703001 0.000112142 
10.08 -0.00503001 0.000244859 
10.08 -0.00303 0.000340587 
10.08 -0.00103 0.000326088 
10.08 0.000970006 0.000210911 
10.08 0.00297001 0.000209922 
10.08 0.00497001 0.000205066 
10.08 0.00697002 0.000204212 
10.08 0.00896999 0.000195331 
10.08 0.01097 0.00016256 
10.08 0.01297 0.000127563 
10.08 0.01497 9.23204e-05 
10.08 0.01697 6.78977e-05 
10.08 0.01897 2.93771e-05 
10.08 0.02097 3.73662e-06 
10.08 0.02297 2.08435e-07 
10.09 -0.02903 6.46529e-09 
10.09 -0.02703 3.81417e-08 
10.09 -0.02503 5.40039e-08 
10.09 -0.02303 2.1416e-06 
10.09 -0.02103 1.00082e-05 
10.09 -0.01903 8.76717e-06 
10.09 -0.01703 2.54877e-05 
10.09 -0.01503 3.46454e-05 
10.09 -0.01303 5.05301e-05 
10.09 -0.01103 6.36077e-05 
10.09 -0.00902998 0.000111367 
10.09 -0.00703001 0.000184652 
10.09 -0.00503001 0.00034348 
10.09 -0.00303 0.000180283 
10.09 -0.00103 0.000147433 
10.09 0.000970006 0.000159752 
10.09 0.00297001 0.000173572 
10.09 0.00497001 0.000158244 
10.09 0.00697002 0.000144429 
10.09 0.00896999 0.000115849 
10.09 0.01097 9.05514e-05 
10.09 0.01297 6.16833e-05 
10.09 0.01497 3.49135e-05 
10.09 0.01697 1.31183e-05 
10.09 0.01897 2.72981e-06 
10.09 0.02097 1.38509e-09 
10.1 -0.03103 4.66073e-09 
10.1 -0.02903 2.84051e-08 
10.1 -0.02703 9.1048e-08 
10.1 -0.02503 1.77698e-06 
10.1 -0.02303 6.01295e-06 
10.1 -0.02103 1.5648e-05 
10.1 -0.01903 2.15955e-05 
10.1 -0.01703 2.62143e-05 
10.1 -0.01503 5.5195e-05 
10.1 -0.01303 5.75605e-05 
10.1 -0.01103 9.53987e-05 
10.1 -0.00902998 0.000184159 
10.1 -0.00703001 0.000167643 
10.1 -0.00503001 0.000142198 
10.1 -0.00303 0.000117981 
10.1 -0.00103 0.000119316 
10.1 0.000970006 0.000118973 
10.1 0.00297001 0.000125418 
10.1 0.00497001 0.000116453 
10.1 0.00697002 9.14185e-05 
10.1 0.00896999 6.24998e-05 
10.1 0.01097 3.86396e-05 
10.1 0.01297 1.78515e-05 
10.1 0.01497 4.42356e-06 
10.1 0.01697 1.21289e-07 
10.11 -0.03303 1.06311e-08 
10.11 -0.03103 1.33007e-08 
10.11 -0.02903 6.69572e-08 
10.11 -0.02703 3.18482e-06 
10.11 -0.02503 3.18646e-06 
10.11 -0.02303 1.13082e-05 
10.11 -0.02103 1.68262e-05 
10.11 -0.01903 2.70651e-05 
10.11 -0.01703 3.77459e-05 
10.11 -0.01503 6.59571e-05 
10.11 -0.01303 0.000109928 
10.11 -0.01103 0.000146439 
10.11 -0.00902998 7.4828e-05 
10.11 -0.00703001 8.19346e-05 
10.11 -0.00503001 7.73188e-05 
10.11 -0.00303 9.94839e-05 
10.11 -0.00103 0.000100827 
10.11 0.000970006 9.32408e-05 
10.11 0.00297001 8.44384e-05 
10.11 0.00497001 6.70801e-05 
10.11 0.00697002 5.59513e-05 
10.11 0.00896999 2.79999e-05 
10.11 0.01097 6.71738e-06 
10.11 0.01297 8.36792e-07 
10.11 0.01497 2.53001e-09 
10.12 -0.03503 8.19234e-09 
10.12 -0.03303 2.83135e-08 
10.12 -0.03103 7.13574e-08 
10.12 -0.02903 2.37107e-06 
10.12 -0.02703 5.59435e-06 
10.12 -0.02503 6.1504e-06 
10.12 -0.02303 1.11217e-05 
10.12 -0.02103 3.26816e-05 
10.12 -0.01903 3.20493e-05 
10.12 -0.01703 5.86754e-05 
10.12 -0.01503 9.75492e-05 
10.12 -0.01303 7.1422e-05 
10.12 -0.01103 6.83464e-05 
10.12 -0.00902998 7.12652e-05 
10.12 -0.00703001 6.29701e-05 
10.12 -0.00503001 7.14429e-05 
10.12 -0.00303 7.49738e-05 
10.12 -0.00103 6.91669e-05 
10.12 0.000970006 5.5831e-05 
10.12 0.00297001 4.46866e-05 
10.12 0.00497001 3.04974e-05 
10.12 0.00697002 1.46709e-05 
10.12 0.00896999 4.09567e-06 
10.12 0.01097 9.18058e-08 
10.13 -0.03903 1.65438e-09 
10.13 -0.03703 3.95056e-09 
10.13 -0.03503 1.86884e-08 
10.13 -0.03303 5.62983e-07 
10.13 -0.03103 1.42793e-06 
10.13 -0.02903 4.54414e-06 
10.13 -0.02703 6.99279e-06 
10.13 -0.02503 1.06426e-05 
10.13 -0.02303 1.68986e-05 
10.13 -0.02103 2.83319e-05 
10.13 -0.01903 4.00375e-05 
10.13 -0.01703 7.56231e-05 
10.13 -0.01503 4.428e-05 
10.13 -0.01303 6.16032e-05 
10.13 -0.01103 4.57358e-05 
10.13 -0.00902998 5.09005e-05 
10.13 -0.00703001 5.20839e-05 
10.13 -0.00503001 5.45711e-05 
10.13 -0.00303 4.74935e-05 
10.13 -0.00103 3.87872e-05 
10.13 0.000970006 2.71002e-05 
10.13 0.00297001 1.58939e-05 
10.13 0.00497001 6.03695e-06 
10.13 0.00697002 1.02448e-06 
10.13 0.00896999 4.22344e-09 
10.14 -0.04103 1.23934e-09 
10.14 -0.03903 4.98339e-09 
10.14 -0.03703 1.78331e-08 
10.14 -0.03503 5.5975e-07 
10.14 -0.03303 1.18848e-06 
10.14 -0.03103 3.33297e-06 
10.14 -0.02903 4.88328e-06 
10.14 -0.02703 1.3957e-05 
10.14 -0.02503 1.35446e-05 
10.14 -0.02303 2.69733e-05 
10.14 -0.02103 4.4905e-05 
10.14 -0.01903 2.35574e-05 
10.14 -0.01703 3.36901e-05 
10.14 -0.01503 4.78802e-05 
10.14 -0.01303 3.54253e-05 
10.14 -0.01103 3.91118e-05 
10.14 -0.00902998 4.05422e-05 
10.14 -0.00703001 4.09682e-05 
10.14 -0.00503001 3.91538e-05 
10.14 -0.00303 3.01798e-05 
10.14 -0.00103 1.71767e-05 
10.14 0.000970006 7.42162e-06 
10.14 0.00297001 1.56584e-06 
10.14 0.00497001 1.34804e-07 
10.14 0.00697002 1.96125e-10 
