#logrho PDF
-5 0.000236716
-4.9975 0.000160071
-4.995 0.00019664
-4.9925 0.00023577
-4.99 0.000290831
-4.9875 0.000341518
-4.985 0.000393985
-4.9825 0.000476305
-4.98 0.000555241
-4.9775 0.000636299
-4.975 0.000738846
-4.9725 0.000866844
-4.97 0.000925772
-4.9675 0.00109005
-4.965 0.00122136
-4.9625 0.00138983
-4.96 0.00144364
-4.9575 0.00166717
-4.955 0.00182129
-4.9525 0.00199785
-4.95 0.00216993
-4.9475 0.00235889
-4.945 0.00252116
-4.9425 0.00269241
-4.94 0.00296551
-4.9375 0.00306955
-4.935 0.00330188
-4.9325 0.00349994
-4.93 0.0036441
-4.9275 0.00386453
-4.925 0.00414739
-4.9225 0.00421004
-4.92 0.00442552
-4.9175 0.00465338
-4.915 0.0049097
-4.9125 0.00497812
-4.91 0.00515431
-4.9075 0.00535352
-4.905 0.00565039
-4.9025 0.005654
-4.9 0.00597195
-4.8975 0.00606922
-4.895 0.00629998
-4.8925 0.0065538
-4.89 0.00662366
-4.8875 0.00686949
-4.885 0.00705294
-4.8825 0.00732665
-4.88 0.00753471
-4.8775 0.00754094
-4.875 0.00790678
-4.8725 0.00806101
-4.87 0.00833904
-4.8675 0.00848254
-4.865 0.00880113
-4.8625 0.00893136
-4.86 0.00903185
-4.8575 0.00946533
-4.855 0.00943742
-4.8525 0.00977233
-4.85 0.00998764
-4.8475 0.0102281
-4.845 0.010348
-4.8425 0.0105462
-4.84 0.0106635
-4.8375 0.0108443
-4.835 0.0111392
-4.8325 0.0111945
-4.83 0.0114768
-4.8275 0.0113526
-4.825 0.0117918
-4.8225 0.0118343
-4.82 0.0117457
-4.8175 0.0120556
-4.815 0.012131
-4.8125 0.0121863
-4.81 0.0121805
-4.8075 0.0124701
-4.805 0.0125169
-4.8025 0.0122955
-4.8 0.0126252
-4.7975 0.0126246
-4.795 0.0124788
-4.7925 0.0124637
-4.79 0.0126673
-4.7875 0.012578
-4.785 0.0124117
-4.7825 0.0125369
-4.78 0.0124547
-4.7775 0.0124033
-4.775 0.0121508
-4.7725 0.0122417
-4.77 0.0121247
-4.7675 0.0120005
-4.765 0.0117882
-4.7625 0.0118626
-4.76 0.0115707
-4.7575 0.0113853
-4.755 0.0112043
-4.7525 0.0111961
-4.75 0.0107762
-4.7475 0.0106738
-4.745 0.0105684
-4.7425 0.0102663
-4.74 0.0101304
-4.7375 0.00990449
-4.735 0.00961021
-4.7325 0.00945232
-4.73 0.00916931
-4.7275 0.0090177
-4.725 0.00867395
-4.7225 0.00851426
-4.72 0.00818139
-4.7175 0.00801014
-4.715 0.00771749
-4.7125 0.00743533
-4.71 0.00724372
-4.7075 0.00689749
-4.705 0.00677814
-4.7025 0.00636039
-4.7 0.00631404
-4.6975 0.0058658
-4.695 0.00569848
-4.6925 0.00548117
-4.69 0.00511197
-4.6875 0.00501274
-4.685 0.00468091
-4.6825 0.00447506
-4.68 0.00425966
-4.6775 0.00407261
-4.675 0.00371702
-4.6725 0.00368982
-4.67 0.00332618
-4.6675 0.00320741
-4.665 0.00307165
-4.6625 0.00274328
-4.66 0.00269034
-4.6575 0.0024916
-4.655 0.00227871
-4.6525 0.00215599
-4.65 0.00200182
-4.6475 0.00185513
-4.645 0.00170595
-4.6425 0.00158447
-4.64 0.00144879
-4.6375 0.00131479
-4.635 0.00119615
-4.6325 0.00109461
-4.63 0.0010037
-4.6275 0.000893128
-4.625 0.000807782
-4.6225 0.000714752
-4.62 0.000648447
-4.6175 0.000568158
-4.615 0.000505787
-4.6125 0.000442841
-4.61 0.000383762
-4.6075 0.000349851
-4.605 0.000289163
-4.6025 0.000257922
-4.6 0.000225562
-4.5975 0.000194871
-4.595 0.000163064
-4.5925 0.000145522
-4.59 0.000118357
-4.5875 0.000101011
-4.585 8.71047e-05
-4.5825 7.11218e-05
-4.58 5.99022e-05
-4.5775 5.04464e-05
-4.575 4.21643e-05
-4.5725 3.47934e-05
-4.57 2.992e-05
-4.5675 2.38933e-05
-4.565 2.06639e-05
-4.5625 1.69621e-05
-4.56 1.41901e-05
-4.5575 1.14281e-05
-4.555 9.4739e-06
-4.5525 8.01105e-06
-4.55 6.46905e-06
-4.5475 5.50601e-06
-4.545 4.39919e-06
-4.5425 3.85058e-06
-4.54 3.03437e-06
-4.5375 2.63336e-06
-4.535 2.17226e-06
-4.5325 1.8443e-06
-4.53 1.492e-06
-4.5275 1.25052e-06
-4.525 1.0501e-06
-4.5225 8.80722e-07
-4.52 7.28107e-07
-4.5175 6.07874e-07
-4.515 5.03662e-07
-4.5125 4.13486e-07
-4.51 3.52638e-07
-4.5075 2.75378e-07
-4.505 2.36048e-07
-4.5025 1.97592e-07
-4.5 1.59336e-07
-4.4975 1.24492e-07
-4.495 1.01772e-07
