#logrho PDF
-5 0.000910818
-4.9975 0.000603673
-4.995 0.000724123
-4.9925 0.000848798
-4.99 0.000994234
-4.9875 0.00121097
-4.985 0.00135182
-4.9825 0.00158724
-4.98 0.00183324
-4.9775 0.0020639
-4.975 0.00234935
-4.9725 0.00265934
-4.97 0.00293716
-4.9675 0.00330365
-4.965 0.00367814
-4.9625 0.00403193
-4.96 0.00440052
-4.9575 0.00482008
-4.955 0.00522709
-4.9525 0.0056685
-4.95 0.0059995
-4.9475 0.00659181
-4.945 0.00685583
-4.9425 0.00718931
-4.94 0.00804815
-4.9375 0.00799558
-4.935 0.00855486
-4.9325 0.00918071
-4.93 0.00927242
-4.9275 0.00964176
-4.925 0.0102892
-4.9225 0.010434
-4.92 0.010624
-4.9175 0.0111382
-4.915 0.0115351
-4.9125 0.0115779
-4.91 0.0118442
-4.9075 0.0121555
-4.905 0.012488
-4.9025 0.0123383
-4.9 0.0127788
-4.8975 0.0130161
-4.895 0.0130268
-4.8925 0.0132136
-4.89 0.0134127
-4.8875 0.013512
-4.885 0.0134973
-4.8825 0.0138332
-4.88 0.0140173
-4.8775 0.0135608
-4.875 0.0140537
-4.8725 0.0139913
-4.87 0.0141861
-4.8675 0.0140063
-4.865 0.0142301
-4.8625 0.0141868
-4.86 0.0138766
-4.8575 0.014329
-4.855 0.0139307
-4.8525 0.014014
-4.85 0.0140559
-4.8475 0.0140389
-4.845 0.0137473
-4.8425 0.0136939
-4.84 0.0137425
-4.8375 0.0133488
-4.835 0.0134283
-4.8325 0.0132333
-4.83 0.0130829
-4.8275 0.0127695
-4.825 0.0127378
-4.8225 0.0127755
-4.82 0.0118998
-4.8175 0.0122001
-4.815 0.011868
-4.8125 0.011539
-4.81 0.0114176
-4.8075 0.0110797
-4.805 0.0109924
-4.8025 0.0104888
-4.8 0.0103615
-4.7975 0.010146
-4.795 0.0097165
-4.7925 0.00939846
-4.79 0.00929816
-4.7875 0.00891444
-4.785 0.00849782
-4.7825 0.0084952
-4.78 0.00796601
-4.7775 0.00778298
-4.775 0.00749077
-4.7725 0.00721717
-4.77 0.00693501
-4.7675 0.0067466
-4.765 0.00633635
-4.7625 0.00610816
-4.76 0.00591987
-4.7575 0.00563343
-4.755 0.00527968
-4.7525 0.00518261
-4.75 0.00481584
-4.7475 0.00463367
-4.745 0.00445745
-4.7425 0.00413234
-4.74 0.00397776
-4.7375 0.00375529
-4.735 0.00356506
-4.7325 0.00336602
-4.73 0.00316505
-4.7275 0.00298714
-4.725 0.00279062
-4.7225 0.00266914
-4.72 0.00243628
-4.7175 0.00233664
-4.715 0.00216317
-4.7125 0.0020212
-4.71 0.00189082
-4.7075 0.00174963
-4.705 0.00160959
-4.7025 0.00150252
-4.7 0.00141899
-4.6975 0.00127993
-4.695 0.00119272
-4.6925 0.00108638
-4.69 0.00099887
-4.6875 0.000929625
-4.685 0.000816971
-4.6825 0.000777059
-4.68 0.000681258
-4.6775 0.000642532
-4.675 0.000556316
-4.6725 0.000517636
-4.67 0.00045871
-4.6675 0.000414362
-4.665 0.000381207
-4.6625 0.000322134
-4.66 0.000300647
-4.6575 0.000262269
-4.655 0.000234652
-4.6525 0.000205329
-4.65 0.000181584
-4.6475 0.000162268
-4.645 0.000139253
-4.6425 0.000124302
-4.64 0.000108568
-4.6375 8.99778e-05
-4.635 7.94101e-05
-4.6325 6.84574e-05
-4.63 5.90154e-05
-4.6275 4.94109e-05
-4.625 4.09256e-05
-4.6225 3.55464e-05
-4.62 2.97829e-05
-4.6175 2.40565e-05
-4.615 1.99226e-05
-4.6125 1.76343e-05
-4.61 1.32765e-05
-4.6075 1.17723e-05
-4.605 8.59222e-06
-4.6025 7.40348e-06
-4.6 6.08715e-06
-4.5975 4.76756e-06
-4.595 3.59396e-06
-4.5925 3.11626e-06
-4.59 2.31364e-06
-4.5875 1.71592e-06
-4.585 1.45829e-06
-4.5825 1.01637e-06
-4.58 8.35748e-07
-4.5775 5.96923e-07
-4.575 4.54572e-07
-4.5725 3.55382e-07
-4.57 2.3847e-07
-4.5675 1.73166e-07
-4.565 1.29963e-07
-4.5625 1.01015e-07
