#fil mag PDF
0 -2.540000 0.000001
0 -2.520000 0.000003
0 -2.500000 0.000005
0 -2.480000 0.000011
0 -2.460000 0.000022
0 -2.440001 0.000047
0 -2.420000 0.000091
0 -2.400001 0.000168
0 -2.380000 0.000292
0 -2.360001 0.000479
0 -2.340000 0.000754
0 -2.320001 0.001141
0 -2.300000 0.001666
0 -2.280001 0.002400
0 -2.260000 0.003374
0 -2.240000 0.004662
0 -2.220000 0.006276
0 -2.200000 0.008306
0 -2.180000 0.010718
0 -2.160000 0.013513
0 -2.140000 0.016806
0 -2.120000 0.020390
0 -2.100000 0.024202
0 -2.080000 0.028313
0 -2.060000 0.032719
0 -2.040000 0.037196
0 -2.020000 0.041632
0 -2.000000 0.045758
0 -1.980000 0.049173
0 -1.960000 0.051773
0 -1.940001 0.053334
0 -1.920000 0.054112
0 -1.900001 0.053399
0 -1.880000 0.052612
0 -1.860001 0.050295
0 -1.840000 0.047432
0 -1.820001 0.044019
0 -1.800000 0.039960
0 -1.780001 0.035774
0 -1.760000 0.031411
0 -1.740000 0.027259
0 -1.720000 0.023271
0 -1.700000 0.019703
0 -1.680000 0.016520
0 -1.660000 0.013562
0 -1.640000 0.010911
0 -1.620000 0.008500
0 -1.600000 0.006306
0 -1.580000 0.004345
0 -1.560000 0.002712
0 -1.540000 0.001511
0 -1.520000 0.000730
0 -1.500000 0.000297
0 -1.480000 0.000100
0 -1.460000 0.000027
0 -1.440001 0.000005
1 -2.020000 0.000001
1 -2.000000 0.000002
1 -1.980000 0.000005
1 -1.960000 0.000010
1 -1.940001 0.000019
1 -1.920000 0.000035
1 -1.900001 0.000061
1 -1.880000 0.000101
1 -1.860001 0.000162
1 -1.840000 0.000256
1 -1.820001 0.000395
1 -1.800000 0.000596
1 -1.780001 0.000875
1 -1.760000 0.001267
1 -1.740000 0.001782
1 -1.720000 0.002485
1 -1.700000 0.003401
1 -1.680000 0.004529
1 -1.660000 0.005919
1 -1.640000 0.007652
1 -1.620000 0.009661
1 -1.600000 0.011952
1 -1.580000 0.014660
1 -1.560000 0.017640
1 -1.540000 0.020920
1 -1.520000 0.024431
1 -1.500000 0.028259
1 -1.480000 0.031976
1 -1.460000 0.036000
1 -1.440001 0.039481
1 -1.420000 0.042781
1 -1.400001 0.045523
1 -1.380000 0.047459
1 -1.360001 0.048959
1 -1.340000 0.049714
1 -1.320001 0.049779
1 -1.300000 0.048945
1 -1.280001 0.047470
1 -1.260000 0.045222
1 -1.240000 0.042695
1 -1.220000 0.039351
1 -1.200000 0.035800
1 -1.180000 0.032003
1 -1.160000 0.028525
1 -1.140000 0.025041
1 -1.120000 0.021890
1 -1.100000 0.018791
1 -1.080000 0.015741
1 -1.060000 0.012843
1 -1.040000 0.010183
1 -1.020000 0.007844
1 -1.000000 0.005950
1 -0.980000 0.004365
1 -0.960000 0.003067
1 -0.940001 0.002105
1 -0.920000 0.001395
1 -0.900001 0.000874
1 -0.880000 0.000523
1 -0.860001 0.000299
1 -0.840000 0.000162
1 -0.820001 0.000085
1 -0.800000 0.000043
1 -0.780001 0.000021
1 -0.760000 0.000010
1 -0.740001 0.000004
1 -0.720000 0.000002
2 -0.740001 0.000001
2 -0.720000 0.000002
2 -0.700000 0.000004
2 -0.680000 0.000007
2 -0.660000 0.000012
2 -0.640000 0.000021
2 -0.620000 0.000035
2 -0.600000 0.000054
2 -0.580000 0.000083
2 -0.560000 0.000125
2 -0.540000 0.000188
2 -0.520000 0.000275
2 -0.500000 0.000396
2 -0.480000 0.000567
2 -0.460000 0.000799
2 -0.440001 0.001093
2 -0.420000 0.001490
2 -0.400001 0.002005
2 -0.380000 0.002641
2 -0.360001 0.003437
2 -0.340000 0.004435
2 -0.320001 0.005579
2 -0.300000 0.006928
2 -0.280001 0.008550
2 -0.260000 0.010339
2 -0.240001 0.012406
2 -0.220000 0.014739
2 -0.200000 0.017360
2 -0.180000 0.019980
2 -0.160000 0.022813
2 -0.140000 0.025898
2 -0.120000 0.028863
2 -0.100000 0.031670
2 -0.080000 0.034495
2 -0.060000 0.036927
2 -0.040000 0.039144
2 -0.020000 0.041094
2 0.000000 0.042459
2 0.020000 0.043478
2 0.040000 0.044113
2 0.059999 0.044050
2 0.080000 0.043257
2 0.099999 0.042265
2 0.120000 0.040729
2 0.139999 0.038684
2 0.160000 0.036151
2 0.179999 0.033624
2 0.200000 0.030967
2 0.219999 0.028193
2 0.240000 0.025375
2 0.259999 0.022589
2 0.280000 0.019794
2 0.300000 0.017075
2 0.320000 0.014519
2 0.340000 0.012302
2 0.360000 0.010077
2 0.380000 0.008256
2 0.400000 0.006646
2 0.420000 0.005247
2 0.440000 0.004120
2 0.460000 0.003165
2 0.480000 0.002389
2 0.500000 0.001772
2 0.520000 0.001303
2 0.540000 0.000937
2 0.559999 0.000665
2 0.580000 0.000455
2 0.599999 0.000310
2 0.620000 0.000210
2 0.639999 0.000136
2 0.660000 0.000089
2 0.679999 0.000057
2 0.700000 0.000036
2 0.719999 0.000022
2 0.740000 0.000013
2 0.759999 0.000007
2 0.780000 0.000004
2 0.799999 0.000002
3 -2.040000 0.000001
3 -2.020000 0.000002
3 -2.000000 0.000004
3 -1.980000 0.000009
3 -1.960000 0.000016
3 -1.940001 0.000030
3 -1.920000 0.000050
3 -1.900001 0.000081
3 -1.880000 0.000129
3 -1.860001 0.000199
3 -1.840000 0.000304
3 -1.820001 0.000454
3 -1.800000 0.000665
3 -1.780001 0.000958
3 -1.760000 0.001348
3 -1.740000 0.001874
3 -1.720000 0.002564
3 -1.700000 0.003430
3 -1.680000 0.004528
3 -1.660000 0.005824
3 -1.640000 0.007449
3 -1.620000 0.009236
3 -1.600000 0.011425
3 -1.580000 0.013848
3 -1.560000 0.016590
3 -1.540000 0.019565
3 -1.520000 0.022855
3 -1.500000 0.026315
3 -1.480000 0.029748
3 -1.460000 0.033234
3 -1.440001 0.036760
3 -1.420000 0.039627
3 -1.400001 0.042199
3 -1.380000 0.044461
3 -1.360001 0.045992
3 -1.340000 0.047202
3 -1.320001 0.047625
3 -1.300000 0.047348
3 -1.280001 0.046383
3 -1.260000 0.044745
3 -1.240000 0.042714
3 -1.220000 0.040186
3 -1.200000 0.037201
3 -1.180000 0.033844
3 -1.160000 0.030557
3 -1.140000 0.027349
3 -1.120000 0.024317
3 -1.100000 0.021284
3 -1.080000 0.018257
3 -1.060000 0.015314
3 -1.040000 0.012643
3 -1.020000 0.010188
3 -1.000000 0.008075
3 -0.980000 0.006283
3 -0.960000 0.004812
3 -0.940001 0.003589
3 -0.920000 0.002612
3 -0.900001 0.001868
3 -0.880000 0.001314
3 -0.860001 0.000892
3 -0.840000 0.000594
3 -0.820001 0.000388
3 -0.800000 0.000249
3 -0.780001 0.000157
3 -0.760000 0.000098
3 -0.740001 0.000060
3 -0.720000 0.000036
3 -0.700000 0.000021
3 -0.680000 0.000012
3 -0.660000 0.000006
3 -0.640000 0.000003
3 -0.620000 0.000002
4 -2.520000 0.000002
4 -2.500000 0.000003
4 -2.480000 0.000006
4 -2.460000 0.000012
4 -2.440001 0.000024
4 -2.420000 0.000045
4 -2.400001 0.000080
4 -2.380000 0.000137
4 -2.360001 0.000227
4 -2.340000 0.000363
4 -2.320001 0.000561
4 -2.300000 0.000850
4 -2.280001 0.001244
4 -2.260000 0.001794
4 -2.240000 0.002513
4 -2.220000 0.003492
4 -2.200000 0.004704
4 -2.180000 0.006240
4 -2.160000 0.008079
4 -2.140000 0.010323
4 -2.120000 0.012922
4 -2.100000 0.015823
4 -2.080000 0.019149
4 -2.060000 0.022630
4 -2.040000 0.026402
4 -2.020000 0.030583
4 -2.000000 0.034703
4 -1.980000 0.038735
4 -1.960000 0.042829
4 -1.940001 0.045890
4 -1.920000 0.048685
4 -1.900001 0.050475
4 -1.880000 0.051398
4 -1.860001 0.051705
4 -1.840000 0.051144
4 -1.820001 0.049739
4 -1.800000 0.047612
4 -1.780001 0.044768
4 -1.760000 0.041347
4 -1.740000 0.037557
4 -1.720000 0.033606
4 -1.700000 0.029706
4 -1.680000 0.025863
4 -1.660000 0.022416
4 -1.640000 0.019172
4 -1.620000 0.016200
4 -1.600000 0.013204
4 -1.580000 0.010471
4 -1.560000 0.007951
4 -1.540000 0.005885
4 -1.520000 0.004139
4 -1.500000 0.002760
4 -1.480000 0.001753
4 -1.460000 0.001034
4 -1.440001 0.000563
4 -1.420000 0.000278
4 -1.400001 0.000125
4 -1.380000 0.000051
4 -1.360001 0.000019
4 -1.340000 0.000007
4 -1.320001 0.000002
5 -2.860001 0.000001
5 -2.840000 0.000002
5 -2.820001 0.000004
5 -2.800000 0.000008
5 -2.780000 0.000015
5 -2.760000 0.000031
5 -2.740000 0.000062
5 -2.720000 0.000117
5 -2.700000 0.000209
5 -2.680000 0.000354
5 -2.660000 0.000567
5 -2.640000 0.000871
5 -2.620000 0.001291
5 -2.600000 0.001875
5 -2.580000 0.002640
5 -2.560000 0.003688
5 -2.540000 0.005030
5 -2.520000 0.006740
5 -2.500000 0.008756
5 -2.480000 0.011298
5 -2.460000 0.014109
5 -2.440001 0.017374
5 -2.420000 0.020882
5 -2.400001 0.024692
5 -2.380000 0.028810
5 -2.360001 0.033117
5 -2.340000 0.037487
5 -2.320001 0.041894
5 -2.300000 0.045768
5 -2.280001 0.048974
5 -2.260000 0.051532
5 -2.240000 0.052860
5 -2.220000 0.053368
5 -2.200000 0.052809
5 -2.180000 0.051778
5 -2.160000 0.049674
5 -2.140000 0.046820
5 -2.120000 0.043319
5 -2.100000 0.039317
5 -2.080000 0.035248
5 -2.060000 0.031157
5 -2.040000 0.027006
5 -2.020000 0.023145
5 -2.000000 0.019697
5 -1.980000 0.016506
5 -1.960000 0.013601
5 -1.940001 0.010908
5 -1.920000 0.008490
5 -1.900001 0.006252
5 -1.880000 0.004326
5 -1.860001 0.002721
5 -1.840000 0.001547
5 -1.820001 0.000768
5 -1.800000 0.000325
5 -1.780001 0.000116
5 -1.760000 0.000033
5 -1.740000 0.000007
5 -1.720000 0.000001
6 -1.040000 0.000001
6 -1.020000 0.000002
6 -1.000000 0.000004
6 -0.980000 0.000007
6 -0.960000 0.000012
6 -0.940001 0.000020
6 -0.920000 0.000033
6 -0.900001 0.000051
6 -0.880000 0.000077
6 -0.860001 0.000117
6 -0.840000 0.000174
6 -0.820001 0.000254
6 -0.800000 0.000363
6 -0.780001 0.000518
6 -0.760000 0.000731
6 -0.740001 0.001003
6 -0.720000 0.001365
6 -0.700000 0.001831
6 -0.680000 0.002423
6 -0.660000 0.003155
6 -0.640000 0.004065
6 -0.620000 0.005141
6 -0.600000 0.006416
6 -0.580000 0.007902
6 -0.560000 0.009623
6 -0.540000 0.011549
6 -0.520000 0.013753
6 -0.500000 0.016207
6 -0.480000 0.018829
6 -0.460000 0.021542
6 -0.440001 0.024474
6 -0.420000 0.027458
6 -0.400001 0.030364
6 -0.380000 0.033232
6 -0.360001 0.035764
6 -0.340000 0.038063
6 -0.320001 0.040109
6 -0.300000 0.041599
6 -0.280001 0.043056
6 -0.260000 0.043733
6 -0.240001 0.044107
6 -0.220000 0.043557
6 -0.200000 0.042653
6 -0.180000 0.041441
6 -0.160000 0.039555
6 -0.140000 0.037419
6 -0.120000 0.034736
6 -0.100000 0.032261
6 -0.080000 0.029472
6 -0.060000 0.026729
6 -0.040000 0.023951
6 -0.020000 0.021113
6 0.000000 0.018451
6 0.020000 0.015710
6 0.040000 0.013306
6 0.059999 0.011121
6 0.080000 0.009063
6 0.099999 0.007326
6 0.120000 0.005852
6 0.139999 0.004555
6 0.160000 0.003520
6 0.179999 0.002665
6 0.200000 0.001972
6 0.219999 0.001439
6 0.240000 0.001022
6 0.259999 0.000708
6 0.280000 0.000472
6 0.300000 0.000308
6 0.320000 0.000198
6 0.340000 0.000123
6 0.360000 0.000074
6 0.380000 0.000044
6 0.400000 0.000025
6 0.420000 0.000014
6 0.440000 0.000007
6 0.460000 0.000004
6 0.480000 0.000002
7 -4.200000 0.000002
7 -4.180000 0.000003
7 -4.160000 0.000005
7 -4.140000 0.000010
7 -4.120000 0.000021
7 -4.100000 0.000043
7 -4.080000 0.000088
7 -4.060000 0.000172
7 -4.040000 0.000304
7 -4.020000 0.000510
7 -4.000000 0.000793
7 -3.980000 0.001193
7 -3.960000 0.001736
7 -3.940001 0.002471
7 -3.920000 0.003480
7 -3.900001 0.004784
7 -3.880000 0.006486
7 -3.860001 0.008514
7 -3.840000 0.011009
7 -3.820001 0.013827
7 -3.800000 0.017149
7 -3.780000 0.020734
7 -3.760000 0.024573
7 -3.740000 0.028708
7 -3.720000 0.033089
7 -3.700000 0.037549
7 -3.680000 0.042049
7 -3.660000 0.046029
7 -3.640000 0.049437
7 -3.620000 0.051830
7 -3.600000 0.053504
7 -3.580000 0.054080
7 -3.560000 0.053456
7 -3.540000 0.052402
7 -3.520000 0.050019
7 -3.500000 0.047126
7 -3.480000 0.043563
7 -3.460000 0.039614
7 -3.440001 0.035455
7 -3.420000 0.031001
7 -3.400001 0.026786
7 -3.380000 0.022991
7 -3.360001 0.019381
7 -3.340000 0.016162
7 -3.320001 0.013226
7 -3.300000 0.010675
7 -3.280000 0.008359
7 -3.260000 0.006252
7 -3.240000 0.004270
7 -3.220000 0.002662
7 -3.200000 0.001435
7 -3.180000 0.000649
7 -3.160000 0.000243
7 -3.140000 0.000071
7 -3.120000 0.000016
7 -3.100000 0.000002
8 -5.000000 0.000001
8 -4.980000 0.000003
8 -4.960000 0.000006
8 -4.940000 0.000012
8 -4.920000 0.000025
8 -4.900000 0.000055
8 -4.880000 0.000112
8 -4.860000 0.000213
8 -4.840000 0.000375
8 -4.820000 0.000618
8 -4.800000 0.000963
8 -4.780000 0.001449
8 -4.760000 0.002125
8 -4.740000 0.003041
8 -4.720000 0.004273
8 -4.700000 0.005871
8 -4.680000 0.007875
8 -4.660000 0.010283
8 -4.640000 0.013228
8 -4.620000 0.016442
8 -4.600000 0.020232
8 -4.580000 0.024157
8 -4.560000 0.028576
8 -4.540000 0.033014
8 -4.520000 0.037548
8 -4.500000 0.042070
8 -4.480000 0.046393
8 -4.460000 0.050130
8 -4.440000 0.052773
8 -4.420000 0.054618
8 -4.400000 0.055263
8 -4.380000 0.054796
8 -4.360000 0.053278
8 -4.340000 0.050920
8 -4.320000 0.047737
8 -4.300000 0.044259
8 -4.280000 0.039987
8 -4.260000 0.035685
8 -4.240000 0.031016
8 -4.220000 0.026725
8 -4.200000 0.022612
8 -4.180000 0.018985
8 -4.160000 0.015799
8 -4.140000 0.012821
8 -4.120000 0.010333
8 -4.100000 0.008038
8 -4.080000 0.006011
8 -4.060000 0.004148
8 -4.040000 0.002605
8 -4.020000 0.001446
8 -4.000000 0.000678
8 -3.980000 0.000264
8 -3.960000 0.000085
8 -3.940001 0.000021
8 -3.920000 0.000004
9 -5.180000 0.000001
9 -5.160000 0.000002
9 -5.140000 0.000004
9 -5.120000 0.000009
9 -5.100000 0.000018
9 -5.080000 0.000039
9 -5.060000 0.000082
9 -5.040000 0.000162
9 -5.020000 0.000296
9 -5.000000 0.000504
9 -4.980000 0.000796
9 -4.960000 0.001215
9 -4.940000 0.001785
9 -4.920000 0.002585
9 -4.900000 0.003674
9 -4.880000 0.005062
9 -4.860000 0.006890
9 -4.840000 0.009066
9 -4.820000 0.011717
9 -4.800000 0.014775
9 -4.780000 0.018270
9 -4.760000 0.022074
9 -4.740000 0.026265
9 -4.720000 0.030746
9 -4.700000 0.035071
9 -4.680000 0.039549
9 -4.660000 0.043985
9 -4.640000 0.048318
9 -4.620000 0.050965
9 -4.600000 0.053517
9 -4.580000 0.054689
9 -4.560000 0.054941
9 -4.540000 0.054019
9 -4.520000 0.051899
9 -4.500000 0.049302
9 -4.480000 0.046041
9 -4.460000 0.042205
9 -4.440000 0.038036
9 -4.420000 0.033548
9 -4.400000 0.029050
9 -4.380000 0.024779
9 -4.360000 0.020883
9 -4.340000 0.017657
9 -4.320000 0.014441
9 -4.300000 0.011691
9 -4.280000 0.009346
9 -4.260000 0.007167
9 -4.240000 0.005227
9 -4.220000 0.003521
9 -4.200000 0.002150
9 -4.180000 0.001151
9 -4.160000 0.000530
9 -4.140000 0.000203
9 -4.120000 0.000064
9 -4.100000 0.000016
9 -4.080000 0.000003
10 -5.240000 0.000001
10 -5.220000 0.000002
10 -5.200000 0.000004
10 -5.180000 0.000009
10 -5.160000 0.000019
10 -5.140000 0.000041
10 -5.120000 0.000085
10 -5.100000 0.000167
10 -5.080000 0.000302
10 -5.060000 0.000511
10 -5.040000 0.000805
10 -5.020000 0.001221
10 -5.000000 0.001801
10 -4.980000 0.002572
10 -4.960000 0.003656
10 -4.940000 0.005039
10 -4.920000 0.006792
10 -4.900000 0.009011
10 -4.880000 0.011589
10 -4.860000 0.014650
10 -4.840000 0.018011
10 -4.820000 0.021818
10 -4.800000 0.025858
10 -4.780000 0.030213
10 -4.760000 0.034649
10 -4.740000 0.039063
10 -4.720000 0.043406
10 -4.700000 0.047811
10 -4.680000 0.050309
10 -4.660000 0.053340
10 -4.640000 0.054064
10 -4.620000 0.055064
10 -4.600000 0.053526
10 -4.580000 0.052031
10 -4.560000 0.049353
10 -4.540000 0.046246
10 -4.520000 0.042488
10 -4.500000 0.038398
10 -4.480000 0.034104
10 -4.460000 0.029472
10 -4.440000 0.025276
10 -4.420000 0.021418
10 -4.400000 0.018011
10 -4.380000 0.014834
10 -4.360000 0.012119
10 -4.340000 0.009635
10 -4.320000 0.007474
10 -4.300000 0.005476
10 -4.280000 0.003761
10 -4.260000 0.002311
10 -4.240000 0.001264
10 -4.220000 0.000590
10 -4.200000 0.000231
10 -4.180000 0.000074
10 -4.160000 0.000019
10 -4.140000 0.000004
11 -5.080000 0.000002
11 -5.060000 0.000004
11 -5.040000 0.000008
11 -5.020000 0.000016
11 -5.000000 0.000034
11 -4.980000 0.000074
11 -4.960000 0.000148
11 -4.940000 0.000271
11 -4.920000 0.000467
11 -4.900000 0.000744
11 -4.880000 0.001146
11 -4.860000 0.001701
11 -4.840000 0.002455
11 -4.820000 0.003494
11 -4.800000 0.004865
11 -4.780000 0.006586
11 -4.760000 0.008787
11 -4.740000 0.011377
11 -4.720000 0.014426
11 -4.700000 0.017806
11 -4.680000 0.021647
11 -4.660000 0.025854
11 -4.640000 0.030144
11 -4.620000 0.034763
11 -4.600000 0.039151
11 -4.580000 0.043661
11 -4.560000 0.047864
11 -4.540000 0.050988
11 -4.520000 0.053432
11 -4.500000 0.054922
11 -4.480000 0.055111
11 -4.460000 0.054372
11 -4.440000 0.052323
11 -4.420000 0.049714
11 -4.400000 0.046442
11 -4.380000 0.042601
11 -4.360000 0.038515
11 -4.340000 0.034180
11 -4.320000 0.029422
11 -4.300000 0.025030
11 -4.280000 0.021242
11 -4.260000 0.017807
11 -4.240000 0.014675
11 -4.220000 0.011916
11 -4.200000 0.009446
11 -4.180000 0.007299
11 -4.160000 0.005325
11 -4.140000 0.003597
11 -4.120000 0.002184
11 -4.100000 0.001163
11 -4.080000 0.000524
11 -4.060000 0.000197
11 -4.040000 0.000060
11 -4.020000 0.000014
11 -4.000000 0.000002
12 -5.240000 0.000001
12 -5.220000 0.000003
12 -5.200000 0.000005
12 -5.180000 0.000011
12 -5.160000 0.000023
12 -5.140000 0.000049
12 -5.120000 0.000101
12 -5.100000 0.000195
12 -5.080000 0.000346
12 -5.060000 0.000575
12 -5.040000 0.000900
12 -5.020000 0.001356
12 -5.000000 0.001988
12 -4.980000 0.002831
12 -4.960000 0.004023
12 -4.940000 0.005515
12 -4.920000 0.007409
12 -4.900000 0.009713
12 -4.880000 0.012492
12 -4.860000 0.015654
12 -4.840000 0.019258
12 -4.820000 0.023147
12 -4.800000 0.027420
12 -4.780000 0.031734
12 -4.760000 0.036256
12 -4.740000 0.040563
12 -4.720000 0.045175
12 -4.700000 0.049093
12 -4.680000 0.051826
12 -4.660000 0.054002
12 -4.640000 0.054864
12 -4.620000 0.054807
12 -4.600000 0.053433
12 -4.580000 0.051205
12 -4.560000 0.048509
12 -4.540000 0.045031
12 -4.520000 0.041242
12 -4.500000 0.036966
12 -4.480000 0.032447
12 -4.460000 0.027893
12 -4.440000 0.023727
12 -4.420000 0.020082
12 -4.400000 0.016748
12 -4.380000 0.013731
12 -4.360000 0.011071
12 -4.340000 0.008755
12 -4.320000 0.006649
12 -4.300000 0.004730
12 -4.280000 0.003121
12 -4.260000 0.001817
12 -4.240000 0.000924
12 -4.220000 0.000397
12 -4.200000 0.000141
12 -4.180000 0.000041
12 -4.160000 0.000009
12 -4.140000 0.000001
13 -5.300000 0.000001
13 -5.280000 0.000002
13 -5.260000 0.000005
13 -5.240000 0.000009
13 -5.220000 0.000019
13 -5.200000 0.000042
13 -5.180000 0.000088
13 -5.160000 0.000173
13 -5.140000 0.000315
13 -5.120000 0.000527
13 -5.100000 0.000832
13 -5.080000 0.001261
13 -5.060000 0.001848
13 -5.040000 0.002663
13 -5.020000 0.003755
13 -5.000000 0.005206
13 -4.980000 0.007010
13 -4.960000 0.009228
13 -4.940000 0.011935
13 -4.920000 0.014994
13 -4.900000 0.018542
13 -4.880000 0.022256
13 -4.860000 0.026421
13 -4.840000 0.030805
13 -4.820000 0.035290
13 -4.800000 0.039744
13 -4.780000 0.044432
13 -4.760000 0.047969
13 -4.740000 0.051466
13 -4.720000 0.053124
13 -4.700000 0.054927
13 -4.680000 0.054650
13 -4.660000 0.053950
13 -4.640000 0.051583
13 -4.620000 0.049024
13 -4.600000 0.045845
13 -4.580000 0.042016
13 -4.560000 0.037912
13 -4.540000 0.033341
13 -4.520000 0.028923
13 -4.500000 0.024624
13 -4.480000 0.020803
13 -4.460000 0.017445
13 -4.440000 0.014373
13 -4.420000 0.011630
13 -4.400000 0.009242
13 -4.380000 0.007116
13 -4.360000 0.005173
13 -4.340000 0.003467
13 -4.320000 0.002106
13 -4.300000 0.001107
13 -4.280000 0.000509
13 -4.260000 0.000192
13 -4.240000 0.000060
13 -4.220000 0.000015
13 -4.200000 0.000003
