#fil mag PDF
0 -2.460000 0.000002
0 -2.440001 0.000004
0 -2.420000 0.000008
0 -2.400001 0.000014
0 -2.380000 0.000024
0 -2.360001 0.000041
0 -2.340000 0.000068
0 -2.320001 0.000112
0 -2.300000 0.000183
0 -2.280001 0.000290
0 -2.260000 0.000452
0 -2.240000 0.000688
0 -2.220000 0.001030
0 -2.200000 0.001499
0 -2.180000 0.002152
0 -2.160000 0.003039
0 -2.140000 0.004189
0 -2.120000 0.005662
0 -2.100000 0.007528
0 -2.080000 0.009849
0 -2.060000 0.012635
0 -2.040000 0.015786
0 -2.020000 0.019468
0 -2.000000 0.023639
0 -1.980000 0.028088
0 -1.960000 0.032599
0 -1.940001 0.037472
0 -1.920000 0.041864
0 -1.900001 0.046430
0 -1.880000 0.049965
0 -1.860001 0.053405
0 -1.840000 0.055533
0 -1.820001 0.057279
0 -1.800000 0.057946
0 -1.780001 0.057688
0 -1.760000 0.056599
0 -1.740000 0.054704
0 -1.720000 0.052514
0 -1.700000 0.048596
0 -1.680000 0.043790
0 -1.660000 0.037717
0 -1.640000 0.030238
0 -1.620000 0.021895
0 -1.600000 0.014098
0 -1.580000 0.007775
0 -1.560000 0.003573
0 -1.540000 0.001351
0 -1.520000 0.000405
0 -1.500000 0.000093
0 -1.480000 0.000015
0 -1.460000 0.000001
1 -2.020000 0.000002
1 -2.000000 0.000004
1 -1.980000 0.000007
1 -1.960000 0.000012
1 -1.940001 0.000021
1 -1.920000 0.000034
1 -1.900001 0.000055
1 -1.880000 0.000090
1 -1.860001 0.000142
1 -1.840000 0.000224
1 -1.820001 0.000346
1 -1.800000 0.000524
1 -1.780001 0.000776
1 -1.760000 0.001127
1 -1.740000 0.001608
1 -1.720000 0.002253
1 -1.700000 0.003099
1 -1.680000 0.004189
1 -1.660000 0.005615
1 -1.640000 0.007314
1 -1.620000 0.009377
1 -1.600000 0.011854
1 -1.580000 0.014783
1 -1.560000 0.018010
1 -1.540000 0.021781
1 -1.520000 0.025666
1 -1.500000 0.029792
1 -1.480000 0.034070
1 -1.460000 0.038144
1 -1.440001 0.042356
1 -1.420000 0.045767
1 -1.400001 0.049316
1 -1.380000 0.051661
1 -1.360001 0.053611
1 -1.340000 0.054684
1 -1.320001 0.055009
1 -1.300000 0.054290
1 -1.280001 0.053156
1 -1.260000 0.051418
1 -1.240000 0.048829
1 -1.220000 0.044781
1 -1.200000 0.039937
1 -1.180000 0.034446
1 -1.160000 0.028336
1 -1.140000 0.021660
1 -1.120000 0.015646
1 -1.100000 0.010525
1 -1.080000 0.006482
1 -1.060000 0.003687
1 -1.040000 0.001923
1 -1.020000 0.000924
1 -1.000000 0.000407
1 -0.980000 0.000159
1 -0.960000 0.000054
1 -0.940001 0.000015
1 -0.920000 0.000003
2 -0.840000 0.000001
2 -0.820001 0.000003
2 -0.800000 0.000005
2 -0.780001 0.000008
2 -0.760000 0.000014
2 -0.740001 0.000022
2 -0.720000 0.000036
2 -0.700000 0.000057
2 -0.680000 0.000088
2 -0.660000 0.000139
2 -0.640000 0.000210
2 -0.620000 0.000316
2 -0.600000 0.000466
2 -0.580000 0.000674
2 -0.560000 0.000959
2 -0.540000 0.001332
2 -0.520000 0.001837
2 -0.500000 0.002491
2 -0.480000 0.003311
2 -0.460000 0.004355
2 -0.440001 0.005622
2 -0.420000 0.007228
2 -0.400001 0.008914
2 -0.380000 0.011083
2 -0.360001 0.013591
2 -0.340000 0.016294
2 -0.320001 0.019313
2 -0.300000 0.022597
2 -0.280001 0.025989
2 -0.260000 0.029719
2 -0.240001 0.032934
2 -0.220000 0.036563
2 -0.200000 0.039673
2 -0.180000 0.042866
2 -0.160000 0.045203
2 -0.140000 0.047443
2 -0.120000 0.048687
2 -0.100000 0.049454
2 -0.080000 0.049843
2 -0.060000 0.049349
2 -0.040000 0.048434
2 -0.020000 0.046669
2 0.000000 0.043804
2 0.020000 0.040871
2 0.040000 0.037353
2 0.059999 0.033016
2 0.080000 0.028725
2 0.099999 0.024317
2 0.120000 0.019925
2 0.139999 0.015951
2 0.160000 0.012350
2 0.179999 0.009228
2 0.200000 0.006774
2 0.219999 0.004821
2 0.240000 0.003319
2 0.259999 0.002238
2 0.280000 0.001428
2 0.300000 0.000914
2 0.320000 0.000546
2 0.340000 0.000313
2 0.360000 0.000171
2 0.380000 0.000086
2 0.400000 0.000040
2 0.420000 0.000015
2 0.440000 0.000003
3 -2.060000 0.000001
3 -2.040000 0.000003
3 -2.020000 0.000006
3 -2.000000 0.000010
3 -1.980000 0.000017
3 -1.960000 0.000028
3 -1.940001 0.000046
3 -1.920000 0.000074
3 -1.900001 0.000116
3 -1.880000 0.000183
3 -1.860001 0.000286
3 -1.840000 0.000429
3 -1.820001 0.000642
3 -1.800000 0.000941
3 -1.780001 0.001330
3 -1.760000 0.001890
3 -1.740000 0.002611
3 -1.720000 0.003545
3 -1.700000 0.004759
3 -1.680000 0.006221
3 -1.660000 0.008031
3 -1.640000 0.010284
3 -1.620000 0.012789
3 -1.600000 0.015755
3 -1.580000 0.019344
3 -1.560000 0.022733
3 -1.540000 0.026799
3 -1.520000 0.030772
3 -1.500000 0.034965
3 -1.480000 0.038838
3 -1.460000 0.042803
3 -1.440001 0.046058
3 -1.420000 0.049253
3 -1.400001 0.051461
3 -1.380000 0.052856
3 -1.360001 0.053795
3 -1.340000 0.054042
3 -1.320001 0.053517
3 -1.300000 0.052127
3 -1.280001 0.050120
3 -1.260000 0.046924
3 -1.240000 0.043151
3 -1.220000 0.038279
3 -1.200000 0.032684
3 -1.180000 0.026882
3 -1.160000 0.020845
3 -1.140000 0.015249
3 -1.120000 0.010457
3 -1.100000 0.006863
3 -1.080000 0.004182
3 -1.060000 0.002425
3 -1.040000 0.001331
3 -1.020000 0.000684
3 -1.000000 0.000334
3 -0.980000 0.000147
3 -0.960000 0.000058
3 -0.940001 0.000019
3 -0.920000 0.000004
4 -2.500000 0.000001
4 -2.480000 0.000003
4 -2.460000 0.000006
4 -2.440001 0.000010
4 -2.420000 0.000018
4 -2.400001 0.000029
4 -2.380000 0.000049
4 -2.360001 0.000079
4 -2.340000 0.000129
4 -2.320001 0.000202
4 -2.300000 0.000317
4 -2.280001 0.000486
4 -2.260000 0.000732
4 -2.240000 0.001070
4 -2.220000 0.001550
4 -2.200000 0.002190
4 -2.180000 0.003053
4 -2.160000 0.004143
4 -2.140000 0.005556
4 -2.120000 0.007348
4 -2.100000 0.009531
4 -2.080000 0.012060
4 -2.060000 0.015036
4 -2.040000 0.018483
4 -2.020000 0.022463
4 -2.000000 0.026445
4 -1.980000 0.030871
4 -1.960000 0.035235
4 -1.940001 0.039615
4 -1.920000 0.044018
4 -1.900001 0.047643
4 -1.880000 0.050710
4 -1.860001 0.053339
4 -1.840000 0.055046
4 -1.820001 0.055905
4 -1.800000 0.055857
4 -1.780001 0.055556
4 -1.760000 0.054161
4 -1.740000 0.052177
4 -1.720000 0.048683
4 -1.700000 0.044837
4 -1.680000 0.039893
4 -1.660000 0.033129
4 -1.640000 0.026418
4 -1.620000 0.019064
4 -1.600000 0.012778
4 -1.580000 0.007392
4 -1.560000 0.003885
4 -1.540000 0.001769
4 -1.520000 0.000706
4 -1.500000 0.000238
4 -1.480000 0.000069
4 -1.460000 0.000016
4 -1.440001 0.000003
5 -2.780000 0.000002
5 -2.760000 0.000004
5 -2.740000 0.000007
5 -2.720000 0.000012
5 -2.700000 0.000021
5 -2.680000 0.000035
5 -2.660000 0.000058
5 -2.640000 0.000095
5 -2.620000 0.000154
5 -2.600000 0.000248
5 -2.580000 0.000385
5 -2.560000 0.000589
5 -2.540000 0.000887
5 -2.520000 0.001289
5 -2.500000 0.001873
5 -2.480000 0.002638
5 -2.460000 0.003650
5 -2.440001 0.004969
5 -2.420000 0.006647
5 -2.400001 0.008679
5 -2.380000 0.011171
5 -2.360001 0.014175
5 -2.340000 0.017641
5 -2.320001 0.021283
5 -2.300000 0.025603
5 -2.280001 0.030020
5 -2.260000 0.034733
5 -2.240000 0.039331
5 -2.220000 0.043354
5 -2.200000 0.047904
5 -2.180000 0.051075
5 -2.160000 0.053567
5 -2.140000 0.056025
5 -2.120000 0.057138
5 -2.100000 0.057124
5 -2.080000 0.056620
5 -2.060000 0.055418
5 -2.040000 0.053363
5 -2.020000 0.050404
5 -2.000000 0.046681
5 -1.980000 0.041270
5 -1.960000 0.034997
5 -1.940001 0.027308
5 -1.920000 0.019276
5 -1.900001 0.011928
5 -1.880000 0.006275
5 -1.860001 0.002748
5 -1.840000 0.000978
5 -1.820001 0.000275
5 -1.800000 0.000060
5 -1.780001 0.000009
6 -1.160000 0.000001
6 -1.140000 0.000002
6 -1.120000 0.000004
6 -1.100000 0.000007
6 -1.080000 0.000012
6 -1.060000 0.000020
6 -1.040000 0.000032
6 -1.020000 0.000050
6 -1.000000 0.000078
6 -0.980000 0.000122
6 -0.960000 0.000184
6 -0.940001 0.000275
6 -0.920000 0.000405
6 -0.900001 0.000583
6 -0.880000 0.000831
6 -0.860001 0.001156
6 -0.840000 0.001588
6 -0.820001 0.002161
6 -0.800000 0.002867
6 -0.780001 0.003774
6 -0.760000 0.004893
6 -0.740001 0.006255
6 -0.720000 0.007842
6 -0.700000 0.009663
6 -0.680000 0.011904
6 -0.660000 0.014281
6 -0.640000 0.017061
6 -0.620000 0.020014
6 -0.600000 0.023259
6 -0.580000 0.026714
6 -0.560000 0.029814
6 -0.540000 0.033240
6 -0.520000 0.036487
6 -0.500000 0.039513
6 -0.480000 0.042291
6 -0.460000 0.044735
6 -0.440001 0.046374
6 -0.420000 0.047466
6 -0.400001 0.048693
6 -0.380000 0.048259
6 -0.360001 0.048229
6 -0.340000 0.046903
6 -0.320001 0.045016
6 -0.300000 0.042645
6 -0.280001 0.039683
6 -0.260000 0.036445
6 -0.240001 0.032306
6 -0.220000 0.028222
6 -0.200000 0.024121
6 -0.180000 0.020123
6 -0.160000 0.016325
6 -0.140000 0.012972
6 -0.120000 0.009909
6 -0.100000 0.007496
6 -0.080000 0.005442
6 -0.060000 0.003869
6 -0.040000 0.002705
6 -0.020000 0.001806
6 0.000000 0.001164
6 0.020000 0.000747
6 0.040000 0.000449
6 0.059999 0.000256
6 0.080000 0.000140
6 0.099999 0.000071
6 0.120000 0.000032
6 0.139999 0.000011
6 0.160000 0.000002
7 -4.080000 0.000002
7 -4.060000 0.000005
7 -4.040000 0.000009
7 -4.020000 0.000015
7 -4.000000 0.000026
7 -3.980000 0.000043
7 -3.960000 0.000072
7 -3.940001 0.000120
7 -3.920000 0.000195
7 -3.900001 0.000309
7 -3.880000 0.000478
7 -3.860001 0.000729
7 -3.840000 0.001089
7 -3.820001 0.001582
7 -3.800000 0.002274
7 -3.780000 0.003199
7 -3.760000 0.004378
7 -3.740000 0.005932
7 -3.720000 0.007907
7 -3.700000 0.010348
7 -3.680000 0.013050
7 -3.660000 0.016513
7 -3.640000 0.020216
7 -3.620000 0.024336
7 -3.600000 0.028951
7 -3.580000 0.033442
7 -3.560000 0.038552
7 -3.540000 0.043058
7 -3.520000 0.047163
7 -3.500000 0.050818
7 -3.480000 0.053657
7 -3.460000 0.056118
7 -3.440001 0.057531
7 -3.420000 0.057858
7 -3.400001 0.057789
7 -3.380000 0.056512
7 -3.360001 0.054690
7 -3.340000 0.051789
7 -3.320001 0.048036
7 -3.300000 0.043168
7 -3.280000 0.036487
7 -3.260000 0.028800
7 -3.240000 0.020153
7 -3.220000 0.012398
7 -3.200000 0.006364
7 -3.180000 0.002664
7 -3.160000 0.000898
7 -3.140000 0.000231
7 -3.120000 0.000043
7 -3.100000 0.000005
8 -4.880000 0.000001
8 -4.860000 0.000003
8 -4.840000 0.000006
8 -4.820000 0.000011
8 -4.800000 0.000020
8 -4.780000 0.000034
8 -4.760000 0.000059
8 -4.740000 0.000099
8 -4.720000 0.000164
8 -4.700000 0.000265
8 -4.680000 0.000420
8 -4.660000 0.000649
8 -4.640000 0.000985
8 -4.620000 0.001457
8 -4.600000 0.002122
8 -4.580000 0.003017
8 -4.560000 0.004196
8 -4.540000 0.005776
8 -4.520000 0.007698
8 -4.500000 0.010133
8 -4.480000 0.013074
8 -4.460000 0.016536
8 -4.440000 0.020341
8 -4.420000 0.024775
8 -4.400000 0.029325
8 -4.380000 0.034190
8 -4.360000 0.039229
8 -4.340000 0.044038
8 -4.320000 0.048591
8 -4.300000 0.052046
8 -4.280000 0.055190
8 -4.260000 0.057594
8 -4.240000 0.058910
8 -4.220000 0.059357
8 -4.200000 0.058921
8 -4.180000 0.057736
8 -4.160000 0.055507
8 -4.140000 0.052058
8 -4.120000 0.047624
8 -4.100000 0.041634
8 -4.080000 0.034322
8 -4.060000 0.025811
8 -4.040000 0.017525
8 -4.020000 0.010319
8 -4.000000 0.005124
8 -3.980000 0.002138
8 -3.960000 0.000732
8 -3.940001 0.000194
8 -3.920000 0.000039
8 -3.900001 0.000004
9 -5.020000 0.000002
9 -5.000000 0.000004
9 -4.980000 0.000008
9 -4.960000 0.000015
9 -4.940000 0.000026
9 -4.920000 0.000045
9 -4.900000 0.000077
9 -4.880000 0.000128
9 -4.860000 0.000210
9 -4.840000 0.000336
9 -4.820000 0.000522
9 -4.800000 0.000801
9 -4.780000 0.001193
9 -4.760000 0.001751
9 -4.740000 0.002520
9 -4.720000 0.003534
9 -4.700000 0.004853
9 -4.680000 0.006650
9 -4.660000 0.008768
9 -4.640000 0.011379
9 -4.620000 0.014588
9 -4.600000 0.018092
9 -4.580000 0.022299
9 -4.560000 0.026605
9 -4.540000 0.031386
9 -4.520000 0.036231
9 -4.500000 0.041208
9 -4.480000 0.045785
9 -4.460000 0.049988
9 -4.440000 0.053055
9 -4.420000 0.056223
9 -4.400000 0.057918
9 -4.380000 0.058824
9 -4.360000 0.058875
9 -4.340000 0.058506
9 -4.320000 0.056490
9 -4.300000 0.053925
9 -4.280000 0.050656
9 -4.260000 0.045048
9 -4.240000 0.038613
9 -4.220000 0.030900
9 -4.200000 0.022474
9 -4.180000 0.014842
9 -4.160000 0.008251
9 -4.140000 0.004037
9 -4.120000 0.001633
9 -4.100000 0.000547
9 -4.080000 0.000143
9 -4.060000 0.000030
9 -4.040000 0.000003
10 -5.080000 0.000002
10 -5.060000 0.000004
10 -5.040000 0.000007
10 -5.020000 0.000014
10 -5.000000 0.000024
10 -4.980000 0.000041
10 -4.960000 0.000071
10 -4.940000 0.000117
10 -4.920000 0.000193
10 -4.900000 0.000309
10 -4.880000 0.000481
10 -4.860000 0.000740
10 -4.840000 0.001105
10 -4.820000 0.001623
10 -4.800000 0.002336
10 -4.780000 0.003287
10 -4.760000 0.004567
10 -4.740000 0.006212
10 -4.720000 0.008201
10 -4.700000 0.010826
10 -4.680000 0.013724
10 -4.660000 0.017314
10 -4.640000 0.021180
10 -4.620000 0.025491
10 -4.600000 0.030064
10 -4.580000 0.034937
10 -4.560000 0.039897
10 -4.540000 0.044602
10 -4.520000 0.048602
10 -4.500000 0.052472
10 -4.480000 0.055293
10 -4.460000 0.057133
10 -4.440000 0.058277
10 -4.420000 0.059089
10 -4.400000 0.058435
10 -4.380000 0.056758
10 -4.360000 0.054806
10 -4.340000 0.051324
10 -4.320000 0.046397
10 -4.300000 0.040610
10 -4.280000 0.033399
10 -4.260000 0.024883
10 -4.240000 0.016917
10 -4.220000 0.009901
10 -4.200000 0.005081
10 -4.180000 0.002192
10 -4.160000 0.000775
10 -4.140000 0.000223
10 -4.120000 0.000051
10 -4.100000 0.000008
11 -4.960000 0.000001
11 -4.940000 0.000003
11 -4.920000 0.000006
11 -4.900000 0.000011
11 -4.880000 0.000019
11 -4.860000 0.000034
11 -4.840000 0.000058
11 -4.820000 0.000097
11 -4.800000 0.000161
11 -4.780000 0.000261
11 -4.760000 0.000417
11 -4.740000 0.000640
11 -4.720000 0.000972
11 -4.700000 0.001439
11 -4.680000 0.002099
11 -4.660000 0.002990
11 -4.640000 0.004163
11 -4.620000 0.005715
11 -4.600000 0.007678
11 -4.580000 0.010064
11 -4.560000 0.013022
11 -4.540000 0.016452
11 -4.520000 0.020288
11 -4.500000 0.024624
11 -4.480000 0.029278
11 -4.460000 0.034186
11 -4.440000 0.039247
11 -4.420000 0.044002
11 -4.400000 0.048255
11 -4.380000 0.052241
11 -4.360000 0.055125
11 -4.340000 0.057549
11 -4.320000 0.059016
11 -4.300000 0.059481
11 -4.280000 0.058886
11 -4.260000 0.057772
11 -4.240000 0.055455
11 -4.220000 0.052308
11 -4.200000 0.047726
11 -4.180000 0.041585
11 -4.160000 0.034418
11 -4.140000 0.025687
11 -4.120000 0.017678
11 -4.100000 0.010377
11 -4.080000 0.005247
11 -4.060000 0.002216
11 -4.040000 0.000787
11 -4.020000 0.000211
11 -4.000000 0.000045
11 -3.980000 0.000006
12 -5.100000 0.000002
12 -5.080000 0.000003
12 -5.060000 0.000006
12 -5.040000 0.000012
12 -5.020000 0.000021
12 -5.000000 0.000036
12 -4.980000 0.000062
12 -4.960000 0.000104
12 -4.940000 0.000174
12 -4.920000 0.000279
12 -4.900000 0.000440
12 -4.880000 0.000677
12 -4.860000 0.001024
12 -4.840000 0.001513
12 -4.820000 0.002190
12 -4.800000 0.003124
12 -4.780000 0.004322
12 -4.760000 0.005921
12 -4.740000 0.007927
12 -4.720000 0.010401
12 -4.700000 0.013365
12 -4.680000 0.016845
12 -4.660000 0.020682
12 -4.640000 0.025086
12 -4.620000 0.029786
12 -4.600000 0.034576
12 -4.580000 0.039725
12 -4.560000 0.044314
12 -4.540000 0.048759
12 -4.520000 0.052335
12 -4.500000 0.055215
12 -4.480000 0.057667
12 -4.460000 0.058888
12 -4.440000 0.059022
12 -4.420000 0.058909
12 -4.400000 0.057714
12 -4.380000 0.055322
12 -4.360000 0.051938
12 -4.340000 0.046951
12 -4.320000 0.040840
12 -4.300000 0.033574
12 -4.280000 0.025170
12 -4.260000 0.016945
12 -4.240000 0.009947
12 -4.220000 0.005062
12 -4.200000 0.002129
12 -4.180000 0.000737
12 -4.160000 0.000209
12 -4.140000 0.000044
12 -4.120000 0.000006
13 -5.140000 0.000002
13 -5.120000 0.000004
13 -5.100000 0.000008
13 -5.080000 0.000014
13 -5.060000 0.000025
13 -5.040000 0.000044
13 -5.020000 0.000075
13 -5.000000 0.000126
13 -4.980000 0.000206
13 -4.960000 0.000329
13 -4.940000 0.000515
13 -4.920000 0.000788
13 -4.900000 0.001178
13 -4.880000 0.001733
13 -4.860000 0.002498
13 -4.840000 0.003500
13 -4.820000 0.004880
13 -4.800000 0.006532
13 -4.780000 0.008806
13 -4.760000 0.011320
13 -4.740000 0.014565
13 -4.720000 0.018174
13 -4.700000 0.022188
13 -4.680000 0.026673
13 -4.660000 0.031377
13 -4.640000 0.036461
13 -4.620000 0.041241
13 -4.600000 0.046000
13 -4.580000 0.049783
13 -4.560000 0.053551
13 -4.540000 0.056189
13 -4.520000 0.058096
13 -4.500000 0.058974
13 -4.480000 0.059110
13 -4.460000 0.058572
13 -4.440000 0.056905
13 -4.420000 0.053842
13 -4.400000 0.050307
13 -4.380000 0.045271
13 -4.360000 0.038393
13 -4.340000 0.030290
13 -4.320000 0.022335
13 -4.300000 0.014541
13 -4.280000 0.008189
13 -4.260000 0.004007
13 -4.240000 0.001637
13 -4.220000 0.000553
13 -4.200000 0.000152
13 -4.180000 0.000033
13 -4.160000 0.000004
