#logr PDFlogr r(Rs) PDF
1.576 1.00045e-07 37.6704 1.15339e-09
1.58 7.4864e-07 38.019 8.55179e-09
1.584 3.72235e-06 38.3707 4.2131e-08
1.588 1.38877e-05 38.7258 1.55745e-07
1.592 4.20368e-05 39.0841 4.67105e-07
1.596 0.000107973 39.4457 1.18877e-06
1.6 0.000246626 39.8107 2.69044e-06
1.604 0.000496027 40.1791 5.36154e-06
1.608 0.000883195 40.5509 9.45891e-06
1.612 0.00144621 40.9261 1.53467e-05
1.616 0.00224388 41.3048 2.3593e-05
1.62 0.00323502 41.687 3.37024e-05
1.624 0.00450041 42.0727 4.64554e-05
1.628 0.00610161 42.462 6.24063e-05
1.632 0.00806537 42.8549 8.1735e-05
1.636 0.0105148 43.2514 0.00010558
1.64 0.0134285 43.6516 0.000133602
1.644 0.0167525 44.0555 0.000165144
1.648 0.0205159 44.4632 0.000200389
1.652 0.024573 44.8746 0.000237816
1.656 0.0289811 45.2898 0.000277907
1.66 0.0335183 45.7088 0.000318468
1.664 0.038 46.1318 0.000357741
1.668 0.0425717 46.5586 0.000397105
1.672 0.0468446 46.9894 0.000432956
1.676 0.0501337 47.4242 0.000459107
1.68 0.0528479 47.863 0.000479526
1.684 0.0541747 48.3059 0.000487059
1.688 0.0552263 48.7529 0.00049196
1.692 0.0547192 49.204 0.000482974
1.696 0.0538215 49.6592 0.000470696
1.7 0.051613 50.1187 0.000447242
1.704 0.0486466 50.5825 0.000417673
1.708 0.0447798 51.0505 0.000380949
1.712 0.0406861 51.5229 0.000342949
1.716 0.0361702 51.9996 0.000302089
1.72 0.031449 52.4807 0.00026025
1.724 0.0268862 52.9664 0.000220452
1.728 0.0226112 53.4565 0.000183699
1.732 0.018412 53.9511 0.000148213
1.736 0.0147166 54.4503 0.000117379
1.74 0.0114476 54.9541 9.04689e-05
1.744 0.00877847 55.4626 6.8739e-05
1.748 0.00651619 55.9758 5.05566e-05
1.752 0.00474843 56.4937 3.65035e-05
1.756 0.00332986 57.0164 2.53635e-05
1.76 0.00223805 57.544 1.68909e-05
1.764 0.00140519 58.0765 1.0508e-05
1.768 0.000810325 58.6138 6.00404e-06
1.772 0.000424226 59.1562 3.11445e-06
1.776 0.000196255 59.7035 1.4276e-06
1.78 8.30378e-05 60.256 5.98494e-07
1.784 2.90467e-05 60.8135 2.07435e-07
1.788 9.27629e-06 61.3762 6.56385e-08
1.792 2.47738e-06 61.9441 1.73691e-08
1.796 5.42731e-07 62.5173 3.77024e-09
1.8 7.12327e-08 63.0958 4.90302e-10
