#logr PDFlogr r(Rs) PDF
1.556 3.41965e-07 35.975 4.12825e-09
1.56 4.18344e-06 36.3078 5.004e-08
1.564 2.58342e-05 36.6438 3.06181e-07
1.568 0.000110931 36.9828 1.30268e-06
1.572 0.000369408 37.325 4.29824e-06
1.576 0.00103975 37.6704 1.1987e-05
1.58 0.00247759 38.019 2.83018e-05
1.584 0.00527528 38.3707 5.97076e-05
1.588 0.0096315 38.7258 0.000108014
1.592 0.0156532 39.0841 0.000173935
1.596 0.0231995 39.4457 0.000255425
1.6 0.0308317 39.8107 0.000336343
1.604 0.0387112 40.1791 0.000418428
1.608 0.0449334 40.5509 0.000481231
1.612 0.0503217 40.9261 0.000533998
1.616 0.0546445 41.3048 0.000574553
1.62 0.0575414 41.687 0.000599466
1.624 0.0590435 42.0727 0.000609476
1.628 0.0595042 42.462 0.0006086
1.632 0.0591828 42.8549 0.000599763
1.636 0.0578686 43.2514 0.000581068
1.64 0.0557072 43.6516 0.000554237
1.644 0.0529604 44.0555 0.000522078
1.648 0.0493832 44.4632 0.000482351
1.652 0.045256 44.8746 0.000437986
1.656 0.0405152 45.2898 0.00038851
1.66 0.0355527 45.7088 0.000337798
1.664 0.0305084 46.1318 0.000287213
1.668 0.0259336 46.5586 0.000241906
1.672 0.0214327 46.9894 0.000198089
1.676 0.0176685 47.4242 0.000161802
1.68 0.0140112 47.863 0.000127133
1.684 0.0109586 48.3059 9.85235e-05
1.688 0.0083879 48.7529 7.47201e-05
1.692 0.00629072 49.204 5.55245e-05
1.696 0.00460727 49.6592 4.02928e-05
1.7 0.00333225 50.1187 2.8875e-05
1.704 0.00237663 50.5825 2.04054e-05
1.708 0.00164334 51.0505 1.39802e-05
1.712 0.00111067 51.5229 9.36205e-06
1.716 0.000737737 51.9996 6.16149e-06
1.72 0.000482278 52.4807 3.991e-06
1.724 0.000308002 52.9664 2.52544e-06
1.728 0.000190411 53.4565 1.54695e-06
1.732 0.000116773 53.9511 9.40001e-07
1.736 6.9069e-05 54.4503 5.50893e-07
1.74 4.01408e-05 54.9541 3.17227e-07
1.744 2.27905e-05 55.4626 1.78459e-07
1.748 1.25783e-05 55.9758 9.75898e-08
1.752 6.74484e-06 56.4937 5.18509e-08
1.756 3.46421e-06 57.0164 2.63869e-08
1.76 1.68244e-06 57.544 1.26976e-08
1.764 7.4957e-07 58.0765 5.60527e-09
1.768 3.12306e-07 58.6138 2.31401e-09
1.772 1.13334e-07 59.1562 8.32044e-10
1.776 3.66611e-08 59.7035 2.66679e-10
1.78 1.02779e-08 60.256 7.40777e-11
