#fil mag PDF
0 -2.540000 0.000001
0 -2.520000 0.000003
0 -2.500000 0.000005
0 -2.480000 0.000010
0 -2.460000 0.000022
0 -2.440001 0.000046
0 -2.420000 0.000089
0 -2.400001 0.000165
0 -2.380000 0.000289
0 -2.360001 0.000475
0 -2.340000 0.000748
0 -2.320001 0.001134
0 -2.300000 0.001657
0 -2.280001 0.002388
0 -2.260000 0.003358
0 -2.240000 0.004643
0 -2.220000 0.006253
0 -2.200000 0.008281
0 -2.180000 0.010693
0 -2.160000 0.013488
0 -2.140000 0.016783
0 -2.120000 0.020369
0 -2.100000 0.024173
0 -2.080000 0.028276
0 -2.060000 0.032682
0 -2.040000 0.037159
0 -2.020000 0.041604
0 -2.000000 0.045733
0 -1.980000 0.049164
0 -1.960000 0.051764
0 -1.940001 0.053331
0 -1.920000 0.054105
0 -1.900001 0.053409
0 -1.880000 0.052623
0 -1.860001 0.050320
0 -1.840000 0.047459
0 -1.820001 0.044059
0 -1.800000 0.039997
0 -1.780001 0.035808
0 -1.760000 0.031436
0 -1.740000 0.027271
0 -1.720000 0.023268
0 -1.700000 0.019689
0 -1.680000 0.016499
0 -1.660000 0.013546
0 -1.640000 0.010910
0 -1.620000 0.008522
0 -1.600000 0.006350
0 -1.580000 0.004403
0 -1.560000 0.002770
0 -1.540000 0.001557
0 -1.520000 0.000760
0 -1.500000 0.000312
0 -1.480000 0.000106
0 -1.460000 0.000029
0 -1.440001 0.000006
1 -2.020000 0.000001
1 -2.000000 0.000002
1 -1.980000 0.000005
1 -1.960000 0.000010
1 -1.940001 0.000019
1 -1.920000 0.000035
1 -1.900001 0.000061
1 -1.880000 0.000101
1 -1.860001 0.000163
1 -1.840000 0.000257
1 -1.820001 0.000396
1 -1.800000 0.000598
1 -1.780001 0.000878
1 -1.760000 0.001272
1 -1.740000 0.001789
1 -1.720000 0.002495
1 -1.700000 0.003414
1 -1.680000 0.004546
1 -1.660000 0.005942
1 -1.640000 0.007682
1 -1.620000 0.009699
1 -1.600000 0.011995
1 -1.580000 0.014710
1 -1.560000 0.017696
1 -1.540000 0.020983
1 -1.520000 0.024495
1 -1.500000 0.028327
1 -1.480000 0.032047
1 -1.460000 0.036065
1 -1.440001 0.039547
1 -1.420000 0.042834
1 -1.400001 0.045571
1 -1.380000 0.047498
1 -1.360001 0.048974
1 -1.340000 0.049719
1 -1.320001 0.049776
1 -1.300000 0.048923
1 -1.280001 0.047431
1 -1.260000 0.045176
1 -1.240000 0.042646
1 -1.220000 0.039295
1 -1.200000 0.035745
1 -1.180000 0.031930
1 -1.160000 0.028439
1 -1.140000 0.024940
1 -1.120000 0.021792
1 -1.100000 0.018707
1 -1.080000 0.015675
1 -1.060000 0.012797
1 -1.040000 0.010151
1 -1.020000 0.007828
1 -1.000000 0.005941
1 -0.980000 0.004362
1 -0.960000 0.003070
1 -0.940001 0.002110
1 -0.920000 0.001401
1 -0.900001 0.000879
1 -0.880000 0.000528
1 -0.860001 0.000302
1 -0.840000 0.000164
1 -0.820001 0.000086
1 -0.800000 0.000044
1 -0.780001 0.000021
1 -0.760000 0.000010
1 -0.740001 0.000004
1 -0.720000 0.000002
2 -0.740001 0.000001
2 -0.720000 0.000002
2 -0.700000 0.000004
2 -0.680000 0.000007
2 -0.660000 0.000013
2 -0.640000 0.000021
2 -0.620000 0.000035
2 -0.600000 0.000055
2 -0.580000 0.000084
2 -0.560000 0.000127
2 -0.540000 0.000190
2 -0.520000 0.000278
2 -0.500000 0.000401
2 -0.480000 0.000573
2 -0.460000 0.000807
2 -0.440001 0.001104
2 -0.420000 0.001505
2 -0.400001 0.002026
2 -0.380000 0.002666
2 -0.360001 0.003469
2 -0.340000 0.004475
2 -0.320001 0.005630
2 -0.300000 0.006986
2 -0.280001 0.008620
2 -0.260000 0.010417
2 -0.240001 0.012493
2 -0.220000 0.014834
2 -0.200000 0.017467
2 -0.180000 0.020099
2 -0.160000 0.022932
2 -0.140000 0.026019
2 -0.120000 0.028991
2 -0.100000 0.031786
2 -0.080000 0.034606
2 -0.060000 0.037030
2 -0.040000 0.039231
2 -0.020000 0.041164
2 0.000000 0.042506
2 0.020000 0.043503
2 0.040000 0.044111
2 0.059999 0.044040
2 0.080000 0.043220
2 0.099999 0.042202
2 0.120000 0.040658
2 0.139999 0.038597
2 0.160000 0.036053
2 0.179999 0.033513
2 0.200000 0.030844
2 0.219999 0.028062
2 0.240000 0.025243
2 0.259999 0.022459
2 0.280000 0.019673
2 0.300000 0.016967
2 0.320000 0.014417
2 0.340000 0.012215
2 0.360000 0.010006
2 0.380000 0.008193
2 0.400000 0.006596
2 0.420000 0.005206
2 0.440000 0.004087
2 0.460000 0.003140
2 0.480000 0.002371
2 0.500000 0.001758
2 0.520000 0.001292
2 0.540000 0.000929
2 0.559999 0.000660
2 0.580000 0.000451
2 0.599999 0.000307
2 0.620000 0.000208
2 0.639999 0.000135
2 0.660000 0.000089
2 0.679999 0.000056
2 0.700000 0.000035
2 0.719999 0.000021
2 0.740000 0.000013
2 0.759999 0.000007
2 0.780000 0.000004
2 0.799999 0.000002
3 -2.040000 0.000001
3 -2.020000 0.000002
3 -2.000000 0.000004
3 -1.980000 0.000008
3 -1.960000 0.000016
3 -1.940001 0.000030
3 -1.920000 0.000050
3 -1.900001 0.000081
3 -1.880000 0.000130
3 -1.860001 0.000200
3 -1.840000 0.000306
3 -1.820001 0.000456
3 -1.800000 0.000669
3 -1.780001 0.000964
3 -1.760000 0.001356
3 -1.740000 0.001886
3 -1.720000 0.002580
3 -1.700000 0.003450
3 -1.680000 0.004553
3 -1.660000 0.005858
3 -1.640000 0.007491
3 -1.620000 0.009287
3 -1.600000 0.011482
3 -1.580000 0.013912
3 -1.560000 0.016662
3 -1.540000 0.019643
3 -1.520000 0.022940
3 -1.500000 0.026407
3 -1.480000 0.029839
3 -1.460000 0.033323
3 -1.440001 0.036842
3 -1.420000 0.039702
3 -1.400001 0.042269
3 -1.380000 0.044514
3 -1.360001 0.046029
3 -1.340000 0.047215
3 -1.320001 0.047623
3 -1.300000 0.047333
3 -1.280001 0.046348
3 -1.260000 0.044699
3 -1.240000 0.042654
3 -1.220000 0.040119
3 -1.200000 0.037131
3 -1.180000 0.033757
3 -1.160000 0.030460
3 -1.140000 0.027241
3 -1.120000 0.024204
3 -1.100000 0.021183
3 -1.080000 0.018169
3 -1.060000 0.015237
3 -1.040000 0.012585
3 -1.020000 0.010141
3 -1.000000 0.008038
3 -0.980000 0.006256
3 -0.960000 0.004794
3 -0.940001 0.003577
3 -0.920000 0.002604
3 -0.900001 0.001863
3 -0.880000 0.001311
3 -0.860001 0.000890
3 -0.840000 0.000593
3 -0.820001 0.000387
3 -0.800000 0.000249
3 -0.780001 0.000156
3 -0.760000 0.000097
3 -0.740001 0.000060
3 -0.720000 0.000036
3 -0.700000 0.000021
3 -0.680000 0.000012
3 -0.660000 0.000006
3 -0.640000 0.000003
3 -0.620000 0.000002
4 -2.520000 0.000002
4 -2.500000 0.000003
4 -2.480000 0.000006
4 -2.460000 0.000012
4 -2.440001 0.000023
4 -2.420000 0.000044
4 -2.400001 0.000080
4 -2.380000 0.000137
4 -2.360001 0.000226
4 -2.340000 0.000362
4 -2.320001 0.000560
4 -2.300000 0.000850
4 -2.280001 0.001245
4 -2.260000 0.001795
4 -2.240000 0.002515
4 -2.220000 0.003497
4 -2.200000 0.004711
4 -2.180000 0.006249
4 -2.160000 0.008092
4 -2.140000 0.010343
4 -2.120000 0.012946
4 -2.100000 0.015850
4 -2.080000 0.019186
4 -2.060000 0.022664
4 -2.040000 0.026435
4 -2.020000 0.030619
4 -2.000000 0.034736
4 -1.980000 0.038770
4 -1.960000 0.042864
4 -1.940001 0.045925
4 -1.920000 0.048711
4 -1.900001 0.050489
4 -1.880000 0.051404
4 -1.860001 0.051703
4 -1.840000 0.051132
4 -1.820001 0.049724
4 -1.800000 0.047587
4 -1.780001 0.044744
4 -1.760000 0.041319
4 -1.740000 0.037530
4 -1.720000 0.033566
4 -1.700000 0.029657
4 -1.680000 0.025798
4 -1.660000 0.022340
4 -1.640000 0.019098
4 -1.620000 0.016142
4 -1.600000 0.013168
4 -1.580000 0.010456
4 -1.560000 0.007953
4 -1.540000 0.005897
4 -1.520000 0.004159
4 -1.500000 0.002781
4 -1.480000 0.001772
4 -1.460000 0.001050
4 -1.440001 0.000575
4 -1.420000 0.000285
4 -1.400001 0.000129
4 -1.380000 0.000053
4 -1.360001 0.000020
4 -1.340000 0.000007
4 -1.320001 0.000002
5 -2.860001 0.000001
5 -2.840000 0.000002
5 -2.820001 0.000004
5 -2.800000 0.000007
5 -2.780000 0.000015
5 -2.760000 0.000030
5 -2.740000 0.000061
5 -2.720000 0.000116
5 -2.700000 0.000207
5 -2.680000 0.000351
5 -2.660000 0.000564
5 -2.640000 0.000868
5 -2.620000 0.001286
5 -2.600000 0.001870
5 -2.580000 0.002633
5 -2.560000 0.003678
5 -2.540000 0.005020
5 -2.520000 0.006729
5 -2.500000 0.008744
5 -2.480000 0.011288
5 -2.460000 0.014104
5 -2.440001 0.017373
5 -2.420000 0.020882
5 -2.400001 0.024683
5 -2.380000 0.028794
5 -2.360001 0.033102
5 -2.340000 0.037472
5 -2.320001 0.041889
5 -2.300000 0.045771
5 -2.280001 0.048977
5 -2.260000 0.051538
5 -2.240000 0.052859
5 -2.220000 0.053364
5 -2.200000 0.052810
5 -2.180000 0.051781
5 -2.160000 0.049681
5 -2.140000 0.046836
5 -2.120000 0.043334
5 -2.100000 0.039330
5 -2.080000 0.035257
5 -2.060000 0.031153
5 -2.040000 0.026997
5 -2.020000 0.023118
5 -2.000000 0.019661
5 -1.980000 0.016467
5 -1.960000 0.013573
5 -1.940001 0.010897
5 -1.920000 0.008505
5 -1.900001 0.006287
5 -1.880000 0.004375
5 -1.860001 0.002770
5 -1.840000 0.001587
5 -1.820001 0.000795
5 -1.800000 0.000340
5 -1.780001 0.000122
5 -1.760000 0.000035
5 -1.740000 0.000008
5 -1.720000 0.000001
6 -1.040000 0.000001
6 -1.020000 0.000002
6 -1.000000 0.000004
6 -0.980000 0.000007
6 -0.960000 0.000012
6 -0.940001 0.000020
6 -0.920000 0.000033
6 -0.900001 0.000052
6 -0.880000 0.000078
6 -0.860001 0.000118
6 -0.840000 0.000176
6 -0.820001 0.000257
6 -0.800000 0.000367
6 -0.780001 0.000523
6 -0.760000 0.000739
6 -0.740001 0.001013
6 -0.720000 0.001378
6 -0.700000 0.001849
6 -0.680000 0.002447
6 -0.660000 0.003184
6 -0.640000 0.004101
6 -0.620000 0.005187
6 -0.600000 0.006469
6 -0.580000 0.007965
6 -0.560000 0.009696
6 -0.540000 0.011630
6 -0.520000 0.013842
6 -0.500000 0.016305
6 -0.480000 0.018941
6 -0.460000 0.021656
6 -0.440001 0.024592
6 -0.420000 0.027577
6 -0.400001 0.030485
6 -0.380000 0.033339
6 -0.360001 0.035871
6 -0.340000 0.038152
6 -0.320001 0.040187
6 -0.300000 0.041654
6 -0.280001 0.043092
6 -0.260000 0.043741
6 -0.240001 0.044099
6 -0.220000 0.043537
6 -0.200000 0.042595
6 -0.180000 0.041378
6 -0.160000 0.039474
6 -0.140000 0.037330
6 -0.120000 0.034631
6 -0.100000 0.032139
6 -0.080000 0.029348
6 -0.060000 0.026595
6 -0.040000 0.023822
6 -0.020000 0.020986
6 0.000000 0.018338
6 0.020000 0.015610
6 0.040000 0.013211
6 0.059999 0.011046
6 0.080000 0.008999
6 0.099999 0.007273
6 0.120000 0.005809
6 0.139999 0.004522
6 0.160000 0.003494
6 0.179999 0.002647
6 0.200000 0.001959
6 0.219999 0.001429
6 0.240000 0.001015
6 0.259999 0.000705
6 0.280000 0.000470
6 0.300000 0.000307
6 0.320000 0.000197
6 0.340000 0.000123
6 0.360000 0.000074
6 0.380000 0.000044
6 0.400000 0.000025
6 0.420000 0.000014
6 0.440000 0.000007
6 0.460000 0.000004
6 0.480000 0.000002
7 -4.200000 0.000002
7 -4.180000 0.000003
7 -4.160000 0.000005
7 -4.140000 0.000010
7 -4.120000 0.000020
7 -4.100000 0.000042
7 -4.080000 0.000086
7 -4.060000 0.000168
7 -4.040000 0.000299
7 -4.020000 0.000504
7 -4.000000 0.000786
7 -3.980000 0.001184
7 -3.960000 0.001724
7 -3.940001 0.002455
7 -3.920000 0.003458
7 -3.900001 0.004756
7 -3.880000 0.006453
7 -3.860001 0.008478
7 -3.840000 0.010971
7 -3.820001 0.013789
7 -3.800000 0.017112
7 -3.780000 0.020690
7 -3.760000 0.024523
7 -3.740000 0.028649
7 -3.720000 0.033026
7 -3.700000 0.037498
7 -3.680000 0.042001
7 -3.660000 0.045989
7 -3.640000 0.049415
7 -3.620000 0.051812
7 -3.600000 0.053497
7 -3.580000 0.054078
7 -3.560000 0.053464
7 -3.540000 0.052426
7 -3.520000 0.050056
7 -3.500000 0.047172
7 -3.480000 0.043619
7 -3.460000 0.039671
7 -3.440001 0.035502
7 -3.420000 0.031053
7 -3.400001 0.026815
7 -3.380000 0.023010
7 -3.360001 0.019386
7 -3.340000 0.016161
7 -3.320001 0.013220
7 -3.300000 0.010679
7 -3.280000 0.008386
7 -3.260000 0.006305
7 -3.240000 0.004338
7 -3.220000 0.002731
7 -3.200000 0.001488
7 -3.180000 0.000681
7 -3.160000 0.000258
7 -3.140000 0.000076
7 -3.120000 0.000017
7 -3.100000 0.000003
8 -5.000000 0.000001
8 -4.980000 0.000003
8 -4.960000 0.000005
8 -4.940000 0.000011
8 -4.920000 0.000024
8 -4.900000 0.000053
8 -4.880000 0.000108
8 -4.860000 0.000207
8 -4.840000 0.000367
8 -4.820000 0.000608
8 -4.800000 0.000949
8 -4.780000 0.001431
8 -4.760000 0.002100
8 -4.740000 0.003008
8 -4.720000 0.004230
8 -4.700000 0.005818
8 -4.680000 0.007813
8 -4.660000 0.010214
8 -4.640000 0.013153
8 -4.620000 0.016359
8 -4.600000 0.020143
8 -4.580000 0.024061
8 -4.560000 0.028474
8 -4.540000 0.032904
8 -4.520000 0.037445
8 -4.500000 0.041985
8 -4.480000 0.046309
8 -4.460000 0.050067
8 -4.440000 0.052734
8 -4.420000 0.054610
8 -4.400000 0.055264
8 -4.380000 0.054820
8 -4.360000 0.053323
8 -4.340000 0.050991
8 -4.320000 0.047829
8 -4.300000 0.044356
8 -4.280000 0.040089
8 -4.260000 0.035788
8 -4.240000 0.031115
8 -4.220000 0.026810
8 -4.200000 0.022674
8 -4.180000 0.019028
8 -4.160000 0.015829
8 -4.140000 0.012847
8 -4.120000 0.010362
8 -4.100000 0.008082
8 -4.080000 0.006076
8 -4.060000 0.004225
8 -4.040000 0.002679
8 -4.020000 0.001504
8 -4.000000 0.000713
8 -3.980000 0.000282
8 -3.960000 0.000092
8 -3.940001 0.000023
8 -3.920000 0.000004
9 -5.180000 0.000001
9 -5.160000 0.000002
9 -5.140000 0.000004
9 -5.120000 0.000008
9 -5.100000 0.000017
9 -5.080000 0.000037
9 -5.060000 0.000078
9 -5.040000 0.000156
9 -5.020000 0.000288
9 -5.000000 0.000494
9 -4.980000 0.000783
9 -4.960000 0.001198
9 -4.940000 0.001762
9 -4.920000 0.002553
9 -4.900000 0.003632
9 -4.880000 0.005008
9 -4.860000 0.006827
9 -4.840000 0.008993
9 -4.820000 0.011637
9 -4.800000 0.014686
9 -4.780000 0.018173
9 -4.760000 0.021969
9 -4.740000 0.026153
9 -4.720000 0.030623
9 -4.700000 0.034955
9 -4.680000 0.039439
9 -4.660000 0.043896
9 -4.640000 0.048226
9 -4.620000 0.050903
9 -4.600000 0.053493
9 -4.580000 0.054688
9 -4.560000 0.054952
9 -4.540000 0.054058
9 -4.520000 0.051963
9 -4.500000 0.049390
9 -4.480000 0.046148
9 -4.460000 0.042318
9 -4.440000 0.038149
9 -4.420000 0.033663
9 -4.400000 0.029154
9 -4.380000 0.024867
9 -4.360000 0.020944
9 -4.340000 0.017707
9 -4.320000 0.014479
9 -4.300000 0.011723
9 -4.280000 0.009387
9 -4.260000 0.007223
9 -4.240000 0.005300
9 -4.220000 0.003600
9 -4.200000 0.002220
9 -4.180000 0.001201
9 -4.160000 0.000559
9 -4.140000 0.000216
9 -4.120000 0.000069
9 -4.100000 0.000017
9 -4.080000 0.000003
10 -5.240000 0.000001
10 -5.220000 0.000002
10 -5.200000 0.000004
10 -5.180000 0.000009
10 -5.160000 0.000018
10 -5.140000 0.000039
10 -5.120000 0.000081
10 -5.100000 0.000161
10 -5.080000 0.000294
10 -5.060000 0.000502
10 -5.040000 0.000792
10 -5.020000 0.001204
10 -5.000000 0.001778
10 -4.980000 0.002542
10 -4.960000 0.003615
10 -4.940000 0.004988
10 -4.920000 0.006730
10 -4.900000 0.008942
10 -4.880000 0.011512
10 -4.860000 0.014566
10 -4.840000 0.017919
10 -4.820000 0.021718
10 -4.800000 0.025752
10 -4.780000 0.030095
10 -4.760000 0.034532
10 -4.740000 0.038962
10 -4.720000 0.043319
10 -4.700000 0.047719
10 -4.680000 0.050263
10 -4.660000 0.053299
10 -4.640000 0.054061
10 -4.620000 0.055076
10 -4.600000 0.053557
10 -4.580000 0.052094
10 -4.560000 0.049434
10 -4.540000 0.046346
10 -4.520000 0.042593
10 -4.500000 0.038505
10 -4.480000 0.034213
10 -4.460000 0.029576
10 -4.440000 0.025360
10 -4.420000 0.021481
10 -4.400000 0.018060
10 -4.380000 0.014871
10 -4.360000 0.012150
10 -4.340000 0.009673
10 -4.320000 0.007528
10 -4.300000 0.005546
10 -4.280000 0.003841
10 -4.260000 0.002383
10 -4.240000 0.001317
10 -4.220000 0.000622
10 -4.200000 0.000246
10 -4.180000 0.000080
10 -4.160000 0.000020
10 -4.140000 0.000004
11 -5.080000 0.000002
11 -5.060000 0.000004
11 -5.040000 0.000007
11 -5.020000 0.000015
11 -5.000000 0.000033
11 -4.980000 0.000071
11 -4.960000 0.000143
11 -4.940000 0.000264
11 -4.920000 0.000458
11 -4.900000 0.000732
11 -4.880000 0.001131
11 -4.860000 0.001680
11 -4.840000 0.002426
11 -4.820000 0.003456
11 -4.800000 0.004816
11 -4.780000 0.006526
11 -4.760000 0.008720
11 -4.740000 0.011303
11 -4.720000 0.014343
11 -4.700000 0.017717
11 -4.680000 0.021551
11 -4.660000 0.025750
11 -4.640000 0.030029
11 -4.620000 0.034650
11 -4.600000 0.039050
11 -4.580000 0.043570
11 -4.560000 0.047781
11 -4.540000 0.050932
11 -4.520000 0.053401
11 -4.500000 0.054914
11 -4.480000 0.055118
11 -4.460000 0.054409
11 -4.440000 0.052380
11 -4.420000 0.049801
11 -4.400000 0.046543
11 -4.380000 0.042705
11 -4.360000 0.038620
11 -4.340000 0.034289
11 -4.320000 0.029524
11 -4.300000 0.025112
11 -4.280000 0.021300
11 -4.260000 0.017851
11 -4.240000 0.014710
11 -4.220000 0.011944
11 -4.200000 0.009482
11 -4.180000 0.007352
11 -4.160000 0.005396
11 -4.140000 0.003675
11 -4.120000 0.002255
11 -4.100000 0.001214
11 -4.080000 0.000554
11 -4.060000 0.000210
11 -4.040000 0.000064
11 -4.020000 0.000015
11 -4.000000 0.000003
12 -5.240000 0.000001
12 -5.220000 0.000003
12 -5.200000 0.000005
12 -5.180000 0.000010
12 -5.160000 0.000022
12 -5.140000 0.000047
12 -5.120000 0.000097
12 -5.100000 0.000189
12 -5.080000 0.000338
12 -5.060000 0.000565
12 -5.040000 0.000887
12 -5.020000 0.001338
12 -5.000000 0.001964
12 -4.980000 0.002798
12 -4.960000 0.003980
12 -4.940000 0.005461
12 -4.920000 0.007346
12 -4.900000 0.009643
12 -4.880000 0.012414
12 -4.860000 0.015568
12 -4.840000 0.019166
12 -4.820000 0.023045
12 -4.800000 0.027311
12 -4.780000 0.031626
12 -4.760000 0.036139
12 -4.740000 0.040469
12 -4.720000 0.045088
12 -4.700000 0.049014
12 -4.680000 0.051778
12 -4.660000 0.053984
12 -4.640000 0.054863
12 -4.620000 0.054825
12 -4.600000 0.053481
12 -4.580000 0.051269
12 -4.560000 0.048598
12 -4.540000 0.045133
12 -4.520000 0.041347
12 -4.500000 0.037074
12 -4.480000 0.032555
12 -4.460000 0.027986
12 -4.440000 0.023803
12 -4.420000 0.020134
12 -4.400000 0.016792
12 -4.380000 0.013760
12 -4.360000 0.011101
12 -4.340000 0.008796
12 -4.320000 0.006708
12 -4.300000 0.004805
12 -4.280000 0.003199
12 -4.260000 0.001882
12 -4.240000 0.000968
12 -4.220000 0.000421
12 -4.200000 0.000151
12 -4.180000 0.000044
12 -4.160000 0.000010
12 -4.140000 0.000001
13 -5.300000 0.000001
13 -5.280000 0.000002
13 -5.260000 0.000004
13 -5.240000 0.000009
13 -5.220000 0.000019
13 -5.200000 0.000040
13 -5.180000 0.000084
13 -5.160000 0.000167
13 -5.140000 0.000307
13 -5.120000 0.000517
13 -5.100000 0.000819
13 -5.080000 0.001244
13 -5.060000 0.001825
13 -5.040000 0.002632
13 -5.020000 0.003713
13 -5.000000 0.005155
13 -4.980000 0.006948
13 -4.960000 0.009159
13 -4.940000 0.011857
13 -4.920000 0.014910
13 -4.900000 0.018451
13 -4.880000 0.022156
13 -4.860000 0.026314
13 -4.840000 0.030691
13 -4.820000 0.035181
13 -4.800000 0.039645
13 -4.780000 0.044340
13 -4.760000 0.047893
13 -4.740000 0.051409
13 -4.720000 0.053099
13 -4.700000 0.054923
13 -4.680000 0.054663
13 -4.660000 0.053996
13 -4.640000 0.051644
13 -4.620000 0.049110
13 -4.600000 0.045944
13 -4.580000 0.042121
13 -4.560000 0.038019
13 -4.540000 0.033450
13 -4.520000 0.029022
13 -4.500000 0.024704
13 -4.480000 0.020861
13 -4.460000 0.017489
13 -4.440000 0.014407
13 -4.420000 0.011659
13 -4.400000 0.009278
13 -4.380000 0.007171
13 -4.360000 0.005244
13 -4.340000 0.003545
13 -4.320000 0.002175
13 -4.300000 0.001156
13 -4.280000 0.000538
13 -4.260000 0.000205
13 -4.240000 0.000065
13 -4.220000 0.000016
13 -4.200000 0.000003
