#fil mag PDF
0 -2.540000 0.000002
0 -2.520000 0.000004
0 -2.500000 0.000007
0 -2.480000 0.000016
0 -2.460000 0.000035
0 -2.440001 0.000076
0 -2.420000 0.000148
0 -2.400001 0.000269
0 -2.380000 0.000455
0 -2.360001 0.000725
0 -2.340000 0.001113
0 -2.320001 0.001646
0 -2.300000 0.002370
0 -2.280001 0.003353
0 -2.260000 0.004658
0 -2.240000 0.006330
0 -2.220000 0.008425
0 -2.200000 0.010931
0 -2.180000 0.013868
0 -2.160000 0.017180
0 -2.140000 0.020986
0 -2.120000 0.025024
0 -2.100000 0.029177
0 -2.080000 0.033626
0 -2.060000 0.038030
0 -2.040000 0.042371
0 -2.020000 0.046371
0 -2.000000 0.049819
0 -1.980000 0.052244
0 -1.960000 0.054004
0 -1.940001 0.054481
0 -1.920000 0.054398
0 -1.900001 0.052428
0 -1.880000 0.050574
0 -1.860001 0.047328
0 -1.840000 0.043649
0 -1.820001 0.039698
0 -1.800000 0.035276
0 -1.780001 0.030800
0 -1.760000 0.026462
0 -1.740000 0.022376
0 -1.720000 0.018550
0 -1.700000 0.015196
0 -1.680000 0.012285
0 -1.660000 0.009700
0 -1.640000 0.007548
0 -1.620000 0.005723
0 -1.600000 0.004124
0 -1.580000 0.002792
0 -1.560000 0.001711
0 -1.540000 0.000941
0 -1.520000 0.000446
0 -1.500000 0.000176
0 -1.480000 0.000057
0 -1.460000 0.000015
0 -1.440001 0.000003
1 -2.040000 0.000001
1 -2.020000 0.000002
1 -2.000000 0.000004
1 -1.980000 0.000010
1 -1.960000 0.000020
1 -1.940001 0.000040
1 -1.920000 0.000073
1 -1.900001 0.000123
1 -1.880000 0.000200
1 -1.860001 0.000313
1 -1.840000 0.000484
1 -1.820001 0.000726
1 -1.800000 0.001062
1 -1.780001 0.001531
1 -1.760000 0.002148
1 -1.740000 0.002965
1 -1.720000 0.004024
1 -1.700000 0.005375
1 -1.680000 0.006994
1 -1.660000 0.008891
1 -1.640000 0.011208
1 -1.620000 0.013807
1 -1.600000 0.016692
1 -1.580000 0.019958
1 -1.560000 0.023525
1 -1.540000 0.027104
1 -1.520000 0.030916
1 -1.500000 0.034721
1 -1.480000 0.038374
1 -1.460000 0.041923
1 -1.440001 0.044810
1 -1.420000 0.047134
1 -1.400001 0.048827
1 -1.380000 0.049612
1 -1.360001 0.049936
1 -1.340000 0.049155
1 -1.320001 0.048233
1 -1.300000 0.046122
1 -1.280001 0.043411
1 -1.260000 0.040542
1 -1.240000 0.037151
1 -1.220000 0.033404
1 -1.200000 0.029642
1 -1.180000 0.025863
1 -1.160000 0.022434
1 -1.140000 0.019083
1 -1.120000 0.016072
1 -1.100000 0.013329
1 -1.080000 0.010733
1 -1.060000 0.008567
1 -1.040000 0.006624
1 -1.020000 0.005017
1 -1.000000 0.003694
1 -0.980000 0.002623
1 -0.960000 0.001804
1 -0.940001 0.001197
1 -0.920000 0.000760
1 -0.900001 0.000457
1 -0.880000 0.000263
1 -0.860001 0.000144
1 -0.840000 0.000074
1 -0.820001 0.000037
1 -0.800000 0.000018
1 -0.780001 0.000008
1 -0.760000 0.000004
1 -0.740001 0.000001
2 -0.760000 0.000001
2 -0.740001 0.000002
2 -0.720000 0.000005
2 -0.700000 0.000009
2 -0.680000 0.000017
2 -0.660000 0.000030
2 -0.640000 0.000050
2 -0.620000 0.000080
2 -0.600000 0.000123
2 -0.580000 0.000185
2 -0.560000 0.000275
2 -0.540000 0.000402
2 -0.520000 0.000579
2 -0.500000 0.000814
2 -0.480000 0.001136
2 -0.460000 0.001555
2 -0.440001 0.002089
2 -0.420000 0.002769
2 -0.400001 0.003623
2 -0.380000 0.004651
2 -0.360001 0.005896
2 -0.340000 0.007378
2 -0.320001 0.009046
2 -0.300000 0.010951
2 -0.280001 0.013117
2 -0.260000 0.015364
2 -0.240001 0.018059
2 -0.220000 0.020914
2 -0.200000 0.023804
2 -0.180000 0.026732
2 -0.160000 0.029509
2 -0.140000 0.032553
2 -0.120000 0.035456
2 -0.100000 0.037686
2 -0.080000 0.039992
2 -0.060000 0.041391
2 -0.040000 0.042799
2 -0.020000 0.043490
2 0.000000 0.043949
2 0.020000 0.043862
2 0.040000 0.042992
2 0.059999 0.041810
2 0.080000 0.039979
2 0.099999 0.038063
2 0.120000 0.035803
2 0.139999 0.033026
2 0.160000 0.030032
2 0.179999 0.027354
2 0.200000 0.024320
2 0.219999 0.021535
2 0.240000 0.018975
2 0.259999 0.016257
2 0.280000 0.013863
2 0.300000 0.011591
2 0.320000 0.009589
2 0.340000 0.007937
2 0.360000 0.006350
2 0.380000 0.005033
2 0.400000 0.003953
2 0.420000 0.003027
2 0.440000 0.002312
2 0.460000 0.001727
2 0.480000 0.001254
2 0.500000 0.000909
2 0.520000 0.000641
2 0.540000 0.000447
2 0.559999 0.000306
2 0.580000 0.000204
2 0.599999 0.000135
2 0.620000 0.000089
2 0.639999 0.000056
2 0.660000 0.000035
2 0.679999 0.000022
2 0.700000 0.000013
2 0.719999 0.000008
2 0.740000 0.000004
2 0.759999 0.000002
2 0.780000 0.000001
3 -2.060000 0.000001
3 -2.040000 0.000002
3 -2.020000 0.000004
3 -2.000000 0.000009
3 -1.980000 0.000019
3 -1.960000 0.000036
3 -1.940001 0.000065
3 -1.920000 0.000106
3 -1.900001 0.000169
3 -1.880000 0.000263
3 -1.860001 0.000396
3 -1.840000 0.000590
3 -1.820001 0.000861
3 -1.800000 0.001232
3 -1.780001 0.001732
3 -1.760000 0.002379
3 -1.740000 0.003216
3 -1.720000 0.004306
3 -1.700000 0.005599
3 -1.680000 0.007213
3 -1.660000 0.009028
3 -1.640000 0.011233
3 -1.620000 0.013633
3 -1.600000 0.016364
3 -1.580000 0.019337
3 -1.560000 0.022725
3 -1.540000 0.026010
3 -1.520000 0.029550
3 -1.500000 0.032980
3 -1.480000 0.036393
3 -1.460000 0.039535
3 -1.440001 0.042419
3 -1.420000 0.044608
3 -1.400001 0.046085
3 -1.380000 0.047093
3 -1.360001 0.047623
3 -1.340000 0.047612
3 -1.320001 0.046566
3 -1.300000 0.045047
3 -1.280001 0.042957
3 -1.260000 0.040442
3 -1.240000 0.037562
3 -1.220000 0.034411
3 -1.200000 0.031004
3 -1.180000 0.027448
3 -1.160000 0.024239
3 -1.140000 0.020950
3 -1.120000 0.018067
3 -1.100000 0.015206
3 -1.080000 0.012626
3 -1.060000 0.010346
3 -1.040000 0.008271
3 -1.020000 0.006502
3 -1.000000 0.005039
3 -0.980000 0.003799
3 -0.960000 0.002820
3 -0.940001 0.002032
3 -0.920000 0.001429
3 -0.900001 0.000990
3 -0.880000 0.000665
3 -0.860001 0.000433
3 -0.840000 0.000278
3 -0.820001 0.000175
3 -0.800000 0.000109
3 -0.780001 0.000067
3 -0.760000 0.000040
3 -0.740001 0.000024
3 -0.720000 0.000013
3 -0.700000 0.000008
3 -0.680000 0.000004
3 -0.660000 0.000002
3 -0.640000 0.000001
4 -2.540000 0.000001
4 -2.520000 0.000002
4 -2.500000 0.000005
4 -2.480000 0.000010
4 -2.460000 0.000022
4 -2.440001 0.000045
4 -2.420000 0.000085
4 -2.400001 0.000150
4 -2.380000 0.000250
4 -2.360001 0.000403
4 -2.340000 0.000626
4 -2.320001 0.000941
4 -2.300000 0.001391
4 -2.280001 0.001987
4 -2.260000 0.002799
4 -2.240000 0.003851
4 -2.220000 0.005233
4 -2.200000 0.006901
4 -2.180000 0.008945
4 -2.160000 0.011348
4 -2.140000 0.014140
4 -2.120000 0.017325
4 -2.100000 0.020751
4 -2.080000 0.024560
4 -2.060000 0.028378
4 -2.040000 0.032527
4 -2.020000 0.036626
4 -2.000000 0.040576
4 -1.980000 0.044116
4 -1.960000 0.047430
4 -1.940001 0.049692
4 -1.920000 0.051220
4 -1.900001 0.052054
4 -1.880000 0.051545
4 -1.860001 0.050826
4 -1.840000 0.048998
4 -1.820001 0.046638
4 -1.800000 0.043469
4 -1.780001 0.039957
4 -1.760000 0.035936
4 -1.740000 0.031924
4 -1.720000 0.027871
4 -1.700000 0.024034
4 -1.680000 0.020366
4 -1.660000 0.017069
4 -1.640000 0.014035
4 -1.620000 0.011440
4 -1.600000 0.009020
4 -1.580000 0.006991
4 -1.560000 0.005208
4 -1.540000 0.003776
4 -1.520000 0.002605
4 -1.500000 0.001704
4 -1.480000 0.001043
4 -1.460000 0.000596
4 -1.440001 0.000311
4 -1.420000 0.000147
4 -1.400001 0.000062
4 -1.380000 0.000024
4 -1.360001 0.000008
4 -1.340000 0.000003
5 -2.860001 0.000001
5 -2.840000 0.000003
5 -2.820001 0.000005
5 -2.800000 0.000011
5 -2.780000 0.000023
5 -2.760000 0.000050
5 -2.740000 0.000102
5 -2.720000 0.000192
5 -2.700000 0.000333
5 -2.680000 0.000547
5 -2.660000 0.000853
5 -2.640000 0.001278
5 -2.620000 0.001860
5 -2.600000 0.002651
5 -2.580000 0.003686
5 -2.560000 0.005080
5 -2.540000 0.006823
5 -2.520000 0.008986
5 -2.500000 0.011506
5 -2.480000 0.014534
5 -2.460000 0.017880
5 -2.440001 0.021576
5 -2.420000 0.025596
5 -2.400001 0.029749
5 -2.380000 0.034013
5 -2.360001 0.038306
5 -2.340000 0.042600
5 -2.320001 0.046308
5 -2.300000 0.049557
5 -2.280001 0.051812
5 -2.260000 0.053554
5 -2.240000 0.053841
5 -2.220000 0.053320
5 -2.200000 0.051768
5 -2.180000 0.049608
5 -2.160000 0.046576
5 -2.140000 0.043102
5 -2.120000 0.039025
5 -2.100000 0.034657
5 -2.080000 0.030419
5 -2.060000 0.026194
5 -2.040000 0.022245
5 -2.020000 0.018487
5 -2.000000 0.015197
5 -1.980000 0.012279
5 -1.960000 0.009772
5 -1.940001 0.007619
5 -1.920000 0.005774
5 -1.900001 0.004178
5 -1.880000 0.002869
5 -1.860001 0.001790
5 -1.840000 0.001015
5 -1.820001 0.000495
5 -1.800000 0.000204
5 -1.780001 0.000070
5 -1.760000 0.000019
5 -1.740000 0.000004
6 -1.060000 0.000001
6 -1.040000 0.000002
6 -1.020000 0.000005
6 -1.000000 0.000009
6 -0.980000 0.000017
6 -0.960000 0.000029
6 -0.940001 0.000048
6 -0.920000 0.000077
6 -0.900001 0.000116
6 -0.880000 0.000173
6 -0.860001 0.000257
6 -0.840000 0.000375
6 -0.820001 0.000535
6 -0.800000 0.000755
6 -0.780001 0.001044
6 -0.760000 0.001439
6 -0.740001 0.001920
6 -0.720000 0.002552
6 -0.700000 0.003344
6 -0.680000 0.004284
6 -0.660000 0.005430
6 -0.640000 0.006809
6 -0.620000 0.008405
6 -0.600000 0.010167
6 -0.580000 0.012248
6 -0.560000 0.014354
6 -0.540000 0.016857
6 -0.520000 0.019569
6 -0.500000 0.022435
6 -0.480000 0.025352
6 -0.460000 0.028106
6 -0.440001 0.030895
6 -0.420000 0.033885
6 -0.400001 0.036464
6 -0.380000 0.038660
6 -0.360001 0.040509
6 -0.340000 0.041815
6 -0.320001 0.042965
6 -0.300000 0.043450
6 -0.280001 0.043610
6 -0.260000 0.043301
6 -0.240001 0.042145
6 -0.220000 0.040709
6 -0.200000 0.038959
6 -0.180000 0.036746
6 -0.160000 0.034327
6 -0.140000 0.031516
6 -0.120000 0.028638
6 -0.100000 0.025877
6 -0.080000 0.022940
6 -0.060000 0.020343
6 -0.040000 0.017659
6 -0.020000 0.015218
6 0.000000 0.012807
6 0.020000 0.010631
6 0.040000 0.008854
6 0.059999 0.007203
6 0.080000 0.005709
6 0.099999 0.004535
6 0.120000 0.003516
6 0.139999 0.002664
6 0.160000 0.002009
6 0.179999 0.001475
6 0.200000 0.001063
6 0.219999 0.000754
6 0.240000 0.000515
6 0.259999 0.000347
6 0.280000 0.000224
6 0.300000 0.000143
6 0.320000 0.000088
6 0.340000 0.000053
6 0.360000 0.000031
6 0.380000 0.000017
6 0.400000 0.000009
6 0.420000 0.000005
6 0.440000 0.000003
6 0.460000 0.000001
7 -4.200000 0.000002
7 -4.180000 0.000003
7 -4.160000 0.000006
7 -4.140000 0.000012
7 -4.120000 0.000027
7 -4.100000 0.000060
7 -4.080000 0.000125
7 -4.060000 0.000244
7 -4.040000 0.000425
7 -4.020000 0.000697
7 -4.000000 0.001062
7 -3.980000 0.001574
7 -3.960000 0.002270
7 -3.940001 0.003207
7 -3.920000 0.004470
7 -3.900001 0.006101
7 -3.880000 0.008182
7 -3.860001 0.010610
7 -3.840000 0.013581
7 -3.820001 0.016799
7 -3.800000 0.020607
7 -3.780000 0.024601
7 -3.760000 0.028770
7 -3.740000 0.033112
7 -3.720000 0.037599
7 -3.700000 0.041946
7 -3.680000 0.045991
7 -3.660000 0.049485
7 -3.640000 0.052165
7 -3.620000 0.053779
7 -3.600000 0.054772
7 -3.580000 0.054387
7 -3.560000 0.052980
7 -3.540000 0.050795
7 -3.520000 0.047800
7 -3.500000 0.044175
7 -3.480000 0.040037
7 -3.460000 0.035661
7 -3.440001 0.031370
7 -3.420000 0.026836
7 -3.400001 0.022658
7 -3.380000 0.018930
7 -3.360001 0.015439
7 -3.340000 0.012480
7 -3.320001 0.009895
7 -3.300000 0.007705
7 -3.280000 0.005876
7 -3.260000 0.004302
7 -3.240000 0.002913
7 -3.220000 0.001808
7 -3.200000 0.000986
7 -3.180000 0.000451
7 -3.160000 0.000170
7 -3.140000 0.000050
7 -3.120000 0.000011
7 -3.100000 0.000002
8 -5.000000 0.000001
8 -4.980000 0.000003
8 -4.960000 0.000006
8 -4.940000 0.000015
8 -4.920000 0.000033
8 -4.900000 0.000076
8 -4.880000 0.000156
8 -4.860000 0.000294
8 -4.840000 0.000512
8 -4.820000 0.000829
8 -4.800000 0.001273
8 -4.780000 0.001889
8 -4.760000 0.002747
8 -4.740000 0.003913
8 -4.720000 0.005431
8 -4.700000 0.007391
8 -4.680000 0.009825
8 -4.660000 0.012677
8 -4.640000 0.016081
8 -4.620000 0.019829
8 -4.600000 0.024031
8 -4.580000 0.028346
8 -4.560000 0.033014
8 -4.540000 0.037647
8 -4.520000 0.042178
8 -4.500000 0.046377
8 -4.480000 0.050166
8 -4.460000 0.053178
8 -4.440000 0.055134
8 -4.420000 0.056085
8 -4.400000 0.055831
8 -4.380000 0.054389
8 -4.360000 0.052024
8 -4.340000 0.048781
8 -4.320000 0.044753
8 -4.300000 0.040749
8 -4.280000 0.036107
8 -4.260000 0.031372
8 -4.240000 0.026802
8 -4.220000 0.022513
8 -4.200000 0.018496
8 -4.180000 0.015047
8 -4.160000 0.012057
8 -4.140000 0.009485
8 -4.120000 0.007329
8 -4.100000 0.005490
8 -4.080000 0.003958
8 -4.060000 0.002640
8 -4.040000 0.001596
8 -4.020000 0.000853
8 -4.000000 0.000387
8 -3.980000 0.000145
8 -3.960000 0.000044
8 -3.940001 0.000010
8 -3.920000 0.000002
9 -5.180000 0.000001
9 -5.160000 0.000002
9 -5.140000 0.000004
9 -5.120000 0.000009
9 -5.100000 0.000021
9 -5.080000 0.000049
9 -5.060000 0.000105
9 -5.040000 0.000210
9 -5.020000 0.000383
9 -5.000000 0.000645
9 -4.980000 0.001011
9 -4.960000 0.001526
9 -4.940000 0.002231
9 -4.920000 0.003204
9 -4.900000 0.004523
9 -4.880000 0.006226
9 -4.860000 0.008378
9 -4.840000 0.010952
9 -4.820000 0.014027
9 -4.800000 0.017502
9 -4.780000 0.021423
9 -4.760000 0.025605
9 -4.740000 0.030078
9 -4.720000 0.034882
9 -4.700000 0.039175
9 -4.680000 0.043714
9 -4.660000 0.047586
9 -4.640000 0.051512
9 -4.620000 0.053515
9 -4.600000 0.055375
9 -4.580000 0.055786
9 -4.560000 0.055219
9 -4.540000 0.053463
9 -4.520000 0.050534
9 -4.500000 0.047263
9 -4.480000 0.043277
9 -4.460000 0.038933
9 -4.440000 0.034381
9 -4.420000 0.029745
9 -4.400000 0.025220
9 -4.380000 0.021059
9 -4.360000 0.017214
9 -4.340000 0.014017
9 -4.320000 0.011170
9 -4.300000 0.008717
9 -4.280000 0.006741
9 -4.260000 0.004976
9 -4.240000 0.003516
9 -4.220000 0.002308
9 -4.200000 0.001373
9 -4.180000 0.000720
9 -4.160000 0.000323
9 -4.140000 0.000121
9 -4.120000 0.000037
9 -4.100000 0.000009
9 -4.080000 0.000002
10 -5.240000 0.000001
10 -5.220000 0.000002
10 -5.200000 0.000004
10 -5.180000 0.000010
10 -5.160000 0.000022
10 -5.140000 0.000050
10 -5.120000 0.000106
10 -5.100000 0.000213
10 -5.080000 0.000385
10 -5.060000 0.000644
10 -5.040000 0.001008
10 -5.020000 0.001517
10 -5.000000 0.002215
10 -4.980000 0.003162
10 -4.960000 0.004467
10 -4.940000 0.006126
10 -4.920000 0.008212
10 -4.900000 0.010792
10 -4.880000 0.013781
10 -4.860000 0.017245
10 -4.840000 0.021002
10 -4.820000 0.025171
10 -4.800000 0.029572
10 -4.780000 0.034168
10 -4.760000 0.038666
10 -4.740000 0.043011
10 -4.720000 0.046938
10 -4.700000 0.051003
10 -4.680000 0.052543
10 -4.660000 0.055402
10 -4.640000 0.055084
10 -4.620000 0.055525
10 -4.600000 0.053102
10 -4.580000 0.050859
10 -4.560000 0.047420
10 -4.540000 0.043690
10 -4.520000 0.039445
10 -4.500000 0.034916
10 -4.480000 0.030359
10 -4.460000 0.025794
10 -4.440000 0.021645
10 -4.420000 0.017833
10 -4.400000 0.014519
10 -4.380000 0.011619
10 -4.360000 0.009131
10 -4.340000 0.007054
10 -4.320000 0.005291
10 -4.300000 0.003783
10 -4.280000 0.002531
10 -4.260000 0.001537
10 -4.240000 0.000828
10 -4.220000 0.000382
10 -4.200000 0.000150
10 -4.180000 0.000048
10 -4.160000 0.000012
10 -4.140000 0.000002
11 -5.080000 0.000002
11 -5.060000 0.000004
11 -5.040000 0.000008
11 -5.020000 0.000019
11 -5.000000 0.000044
11 -4.980000 0.000098
11 -4.960000 0.000197
11 -4.940000 0.000359
11 -4.920000 0.000611
11 -4.900000 0.000966
11 -4.880000 0.001467
11 -4.860000 0.002157
11 -4.840000 0.003099
11 -4.820000 0.004369
11 -4.800000 0.006070
11 -4.780000 0.008135
11 -4.760000 0.010751
11 -4.740000 0.013769
11 -4.720000 0.017281
11 -4.700000 0.021106
11 -4.680000 0.025350
11 -4.660000 0.029900
11 -4.640000 0.034507
11 -4.620000 0.039141
11 -4.600000 0.043524
11 -4.580000 0.047709
11 -4.560000 0.051242
11 -4.540000 0.053671
11 -4.520000 0.055478
11 -4.500000 0.056086
11 -4.480000 0.055588
11 -4.460000 0.053737
11 -4.440000 0.050847
11 -4.420000 0.047487
11 -4.400000 0.043497
11 -4.380000 0.039197
11 -4.360000 0.034712
11 -4.340000 0.030078
11 -4.320000 0.025334
11 -4.300000 0.021086
11 -4.280000 0.017331
11 -4.260000 0.014046
11 -4.240000 0.011208
11 -4.220000 0.008763
11 -4.200000 0.006714
11 -4.180000 0.004974
11 -4.160000 0.003504
11 -4.140000 0.002291
11 -4.120000 0.001345
11 -4.100000 0.000689
11 -4.080000 0.000303
11 -4.060000 0.000109
11 -4.040000 0.000032
11 -4.020000 0.000007
11 -4.000000 0.000001
12 -5.240000 0.000001
12 -5.220000 0.000003
12 -5.200000 0.000005
12 -5.180000 0.000012
12 -5.160000 0.000027
12 -5.140000 0.000062
12 -5.120000 0.000130
12 -5.100000 0.000254
12 -5.080000 0.000449
12 -5.060000 0.000739
12 -5.040000 0.001141
12 -5.020000 0.001711
12 -5.000000 0.002487
12 -4.980000 0.003535
12 -4.960000 0.004974
12 -4.940000 0.006776
12 -4.920000 0.009029
12 -4.900000 0.011757
12 -4.880000 0.014986
12 -4.860000 0.018569
12 -4.840000 0.022567
12 -4.820000 0.026830
12 -4.800000 0.031456
12 -4.780000 0.035966
12 -4.760000 0.040602
12 -4.740000 0.044592
12 -4.720000 0.048923
12 -4.700000 0.052157
12 -4.680000 0.054154
12 -4.660000 0.055756
12 -4.640000 0.055767
12 -4.620000 0.054892
12 -4.600000 0.052671
12 -4.580000 0.049660
12 -4.560000 0.046099
12 -4.540000 0.042106
12 -4.520000 0.037774
12 -4.500000 0.033094
12 -4.480000 0.028435
12 -4.460000 0.024009
12 -4.440000 0.019916
12 -4.420000 0.016295
12 -4.400000 0.013172
12 -4.380000 0.010431
12 -4.360000 0.008127
12 -4.340000 0.006188
12 -4.320000 0.004536
12 -4.300000 0.003127
12 -4.280000 0.002005
12 -4.260000 0.001137
12 -4.240000 0.000563
12 -4.220000 0.000236
12 -4.200000 0.000081
12 -4.180000 0.000023
12 -4.160000 0.000005
13 -5.300000 0.000001
13 -5.280000 0.000002
13 -5.260000 0.000005
13 -5.240000 0.000010
13 -5.220000 0.000023
13 -5.200000 0.000052
13 -5.180000 0.000112
13 -5.160000 0.000223
13 -5.140000 0.000403
13 -5.120000 0.000668
13 -5.100000 0.001047
13 -5.080000 0.001575
13 -5.060000 0.002294
13 -5.040000 0.003278
13 -5.020000 0.004616
13 -5.000000 0.006367
13 -4.980000 0.008503
13 -4.960000 0.011158
13 -4.940000 0.014214
13 -4.920000 0.017747
13 -4.900000 0.021684
13 -4.880000 0.025767
13 -4.860000 0.030344
13 -4.840000 0.034855
13 -4.820000 0.039484
13 -4.800000 0.043841
13 -4.780000 0.048054
13 -4.760000 0.051093
13 -4.740000 0.054033
13 -4.720000 0.054939
13 -4.700000 0.056224
13 -4.680000 0.054759
13 -4.660000 0.053517
13 -4.640000 0.050231
13 -4.620000 0.046938
13 -4.600000 0.043104
13 -4.580000 0.038682
13 -4.560000 0.034270
13 -4.540000 0.029519
13 -4.520000 0.025031
13 -4.500000 0.020861
13 -4.480000 0.017122
13 -4.460000 0.013841
13 -4.440000 0.011086
13 -4.420000 0.008654
13 -4.400000 0.006624
13 -4.380000 0.004937
13 -4.360000 0.003458
13 -4.340000 0.002263
13 -4.320000 0.001334
13 -4.300000 0.000689
13 -4.280000 0.000307
13 -4.260000 0.000114
13 -4.240000 0.000035
13 -4.220000 0.000008
13 -4.200000 0.000001
