#fil mag PDF
0 -2.580000 0.000001
0 -2.560000 0.000003
0 -2.540000 0.000012
0 -2.520000 0.000026
0 -2.500000 0.000052
0 -2.480000 0.000094
0 -2.460000 0.000156
0 -2.440001 0.000251
0 -2.420000 0.000394
0 -2.400001 0.000587
0 -2.380000 0.000933
0 -2.360001 0.001376
0 -2.340000 0.002054
0 -2.320001 0.002907
0 -2.300000 0.004040
0 -2.280001 0.005396
0 -2.260000 0.007355
0 -2.240000 0.009292
0 -2.220000 0.011863
0 -2.200000 0.014565
0 -2.180000 0.018557
0 -2.160000 0.022421
0 -2.140000 0.026687
0 -2.120000 0.030480
0 -2.100000 0.034780
0 -2.080000 0.039710
0 -2.060000 0.044429
0 -2.040000 0.047260
0 -2.020000 0.050589
0 -2.000000 0.052887
0 -1.980000 0.054979
0 -1.960000 0.054748
0 -1.940001 0.053620
0 -1.920000 0.053086
0 -1.900001 0.049614
0 -1.880000 0.047200
0 -1.860001 0.043474
0 -1.840000 0.038402
0 -1.820001 0.034903
0 -1.800000 0.029140
0 -1.780001 0.026126
0 -1.760000 0.022176
0 -1.740000 0.018833
0 -1.720000 0.015210
0 -1.700000 0.012107
0 -1.680000 0.009213
0 -1.660000 0.005404
0 -1.640000 0.002153
0 -1.620000 0.000419
0 -1.600000 0.000033
0 -1.580000 0.000001
1 -2.060000 0.000001
1 -2.040000 0.000003
1 -2.020000 0.000006
1 -2.000000 0.000011
1 -1.980000 0.000020
1 -1.960000 0.000034
1 -1.940001 0.000056
1 -1.920000 0.000095
1 -1.900001 0.000149
1 -1.880000 0.000238
1 -1.860001 0.000357
1 -1.840000 0.000539
1 -1.820001 0.000773
1 -1.800000 0.001122
1 -1.780001 0.001637
1 -1.760000 0.002248
1 -1.740000 0.003057
1 -1.720000 0.004134
1 -1.700000 0.005372
1 -1.680000 0.006876
1 -1.660000 0.008836
1 -1.640000 0.011016
1 -1.620000 0.013374
1 -1.600000 0.016281
1 -1.580000 0.020074
1 -1.560000 0.023513
1 -1.540000 0.027307
1 -1.520000 0.031133
1 -1.500000 0.034127
1 -1.480000 0.037890
1 -1.460000 0.040701
1 -1.440001 0.045036
1 -1.420000 0.045835
1 -1.400001 0.048938
1 -1.380000 0.049966
1 -1.360001 0.049985
1 -1.340000 0.050601
1 -1.320001 0.049293
1 -1.300000 0.046703
1 -1.280001 0.045502
1 -1.260000 0.042008
1 -1.240000 0.037489
1 -1.220000 0.034008
1 -1.200000 0.030888
1 -1.180000 0.026638
1 -1.160000 0.023297
1 -1.140000 0.020524
1 -1.120000 0.015871
1 -1.100000 0.013603
1 -1.080000 0.010016
1 -1.060000 0.007623
1 -1.040000 0.005472
1 -1.020000 0.003773
1 -1.000000 0.002422
1 -0.980000 0.001550
1 -0.960000 0.000928
1 -0.940001 0.000525
1 -0.920000 0.000277
1 -0.900001 0.000138
1 -0.880000 0.000063
1 -0.860001 0.000028
1 -0.840000 0.000013
1 -0.820001 0.000004
1 -0.800000 0.000001
2 -0.760000 0.000001
2 -0.740001 0.000002
2 -0.720000 0.000005
2 -0.700000 0.000008
2 -0.680000 0.000013
2 -0.660000 0.000021
2 -0.640000 0.000036
2 -0.620000 0.000051
2 -0.600000 0.000083
2 -0.580000 0.000124
2 -0.560000 0.000192
2 -0.540000 0.000268
2 -0.520000 0.000389
2 -0.500000 0.000550
2 -0.480000 0.000753
2 -0.460000 0.001111
2 -0.440001 0.001423
2 -0.420000 0.001889
2 -0.400001 0.002560
2 -0.380000 0.003371
2 -0.360001 0.004220
2 -0.340000 0.005448
2 -0.320001 0.006786
2 -0.300000 0.008117
2 -0.280001 0.010201
2 -0.260000 0.012192
2 -0.240001 0.014487
2 -0.220000 0.017216
2 -0.200000 0.019626
2 -0.180000 0.022779
2 -0.160000 0.025869
2 -0.140000 0.028573
2 -0.120000 0.031954
2 -0.100000 0.033771
2 -0.080000 0.037235
2 -0.060000 0.038822
2 -0.040000 0.041509
2 -0.020000 0.043232
2 0.000000 0.043577
2 0.020000 0.044510
2 0.040000 0.044480
2 0.059999 0.044777
2 0.080000 0.043460
2 0.099999 0.041195
2 0.120000 0.040138
2 0.139999 0.037917
2 0.160000 0.034514
2 0.179999 0.032235
2 0.200000 0.028181
2 0.219999 0.025495
2 0.240000 0.022216
2 0.259999 0.019618
2 0.280000 0.015950
2 0.300000 0.014253
2 0.320000 0.011849
2 0.340000 0.009399
2 0.360000 0.007893
2 0.380000 0.005900
2 0.400000 0.004603
2 0.420000 0.003667
2 0.440000 0.002669
2 0.460000 0.002052
2 0.480000 0.001498
2 0.500000 0.001007
2 0.520000 0.000704
2 0.540000 0.000498
2 0.559999 0.000321
2 0.580000 0.000213
2 0.599999 0.000131
2 0.620000 0.000079
2 0.639999 0.000049
2 0.660000 0.000030
2 0.679999 0.000017
2 0.700000 0.000009
2 0.719999 0.000004
2 0.740000 0.000002
2 0.759999 0.000001
3 -2.060000 0.000002
3 -2.040000 0.000005
3 -2.020000 0.000008
3 -2.000000 0.000015
3 -1.980000 0.000025
3 -1.960000 0.000041
3 -1.940001 0.000066
3 -1.920000 0.000109
3 -1.900001 0.000165
3 -1.880000 0.000256
3 -1.860001 0.000375
3 -1.840000 0.000548
3 -1.820001 0.000799
3 -1.800000 0.001153
3 -1.780001 0.001582
3 -1.760000 0.002170
3 -1.740000 0.002929
3 -1.720000 0.003821
3 -1.700000 0.005074
3 -1.680000 0.006468
3 -1.660000 0.008073
3 -1.640000 0.010030
3 -1.620000 0.012272
3 -1.600000 0.014831
3 -1.580000 0.018131
3 -1.560000 0.021240
3 -1.540000 0.024728
3 -1.520000 0.028506
3 -1.500000 0.031353
3 -1.480000 0.034776
3 -1.460000 0.037143
3 -1.440001 0.040915
3 -1.420000 0.043634
3 -1.400001 0.045158
3 -1.380000 0.047053
3 -1.360001 0.048110
3 -1.340000 0.048229
3 -1.320001 0.047718
3 -1.300000 0.046947
3 -1.280001 0.045219
3 -1.260000 0.043187
3 -1.240000 0.039415
3 -1.220000 0.036192
3 -1.200000 0.033425
3 -1.180000 0.029475
3 -1.160000 0.026775
3 -1.140000 0.022071
3 -1.120000 0.019656
3 -1.100000 0.016271
3 -1.080000 0.013184
3 -1.060000 0.010636
3 -1.040000 0.008484
3 -1.020000 0.006142
3 -1.000000 0.004625
3 -0.980000 0.003474
3 -0.960000 0.002403
3 -0.940001 0.001722
3 -0.920000 0.001105
3 -0.900001 0.000785
3 -0.880000 0.000503
3 -0.860001 0.000322
3 -0.840000 0.000202
3 -0.820001 0.000117
3 -0.800000 0.000071
3 -0.780001 0.000038
3 -0.760000 0.000021
3 -0.740001 0.000012
3 -0.720000 0.000006
3 -0.700000 0.000003
3 -0.680000 0.000001
4 -2.560000 0.000001
4 -2.540000 0.000004
4 -2.520000 0.000009
4 -2.500000 0.000016
4 -2.480000 0.000030
4 -2.460000 0.000053
4 -2.440001 0.000093
4 -2.420000 0.000150
4 -2.400001 0.000234
4 -2.380000 0.000369
4 -2.360001 0.000556
4 -2.340000 0.000830
4 -2.320001 0.001218
4 -2.300000 0.001769
4 -2.280001 0.002488
4 -2.260000 0.003388
4 -2.240000 0.004642
4 -2.220000 0.006077
4 -2.200000 0.007800
4 -2.180000 0.009864
4 -2.160000 0.012208
4 -2.140000 0.015118
4 -2.120000 0.018916
4 -2.100000 0.022799
4 -2.080000 0.026172
4 -2.060000 0.030752
4 -2.040000 0.033909
4 -2.020000 0.037816
4 -2.000000 0.041740
4 -1.980000 0.045943
4 -1.960000 0.047668
4 -1.940001 0.049676
4 -1.920000 0.052389
4 -1.900001 0.052120
4 -1.880000 0.052329
4 -1.860001 0.050830
4 -1.840000 0.049118
4 -1.820001 0.045890
4 -1.800000 0.043220
4 -1.780001 0.039430
4 -1.760000 0.034659
4 -1.740000 0.030775
4 -1.720000 0.026665
4 -1.700000 0.024215
4 -1.680000 0.019784
4 -1.660000 0.016553
4 -1.640000 0.013129
4 -1.620000 0.009647
4 -1.600000 0.006987
4 -1.580000 0.004582
4 -1.560000 0.002746
4 -1.540000 0.001460
4 -1.520000 0.000711
4 -1.500000 0.000301
4 -1.480000 0.000105
4 -1.460000 0.000036
4 -1.440001 0.000010
4 -1.420000 0.000002
5 -2.880000 0.000001
5 -2.860001 0.000005
5 -2.840000 0.000014
5 -2.820001 0.000030
5 -2.800000 0.000056
5 -2.780000 0.000101
5 -2.760000 0.000166
5 -2.740000 0.000257
5 -2.720000 0.000404
5 -2.700000 0.000607
5 -2.680000 0.000935
5 -2.660000 0.001371
5 -2.640000 0.002036
5 -2.620000 0.002894
5 -2.600000 0.003982
5 -2.580000 0.005315
5 -2.560000 0.007134
5 -2.540000 0.009063
5 -2.520000 0.011394
5 -2.500000 0.014478
5 -2.480000 0.017718
5 -2.460000 0.021823
5 -2.440001 0.025679
5 -2.420000 0.029739
5 -2.400001 0.034087
5 -2.380000 0.038311
5 -2.360001 0.042598
5 -2.340000 0.045975
5 -2.320001 0.050040
5 -2.300000 0.051430
5 -2.280001 0.053590
5 -2.260000 0.054119
5 -2.240000 0.053005
5 -2.220000 0.053216
5 -2.200000 0.049824
5 -2.180000 0.047119
5 -2.160000 0.044504
5 -2.140000 0.039567
5 -2.120000 0.035591
5 -2.100000 0.030576
5 -2.080000 0.026705
5 -2.060000 0.023598
5 -2.040000 0.019884
5 -2.020000 0.016344
5 -2.000000 0.012905
5 -1.980000 0.010128
5 -1.960000 0.006686
5 -1.940001 0.003422
5 -1.920000 0.001276
5 -1.900001 0.000263
5 -1.880000 0.000031
5 -1.860001 0.000002
6 -1.060000 0.000002
6 -1.040000 0.000003
6 -1.020000 0.000005
6 -1.000000 0.000008
6 -0.980000 0.000014
6 -0.960000 0.000021
6 -0.940001 0.000034
6 -0.920000 0.000052
6 -0.900001 0.000077
6 -0.880000 0.000128
6 -0.860001 0.000177
6 -0.840000 0.000262
6 -0.820001 0.000366
6 -0.800000 0.000539
6 -0.780001 0.000715
6 -0.760000 0.000998
6 -0.740001 0.001399
6 -0.720000 0.001793
6 -0.700000 0.002328
6 -0.680000 0.003156
6 -0.660000 0.003915
6 -0.640000 0.005052
6 -0.620000 0.006518
6 -0.600000 0.007652
6 -0.580000 0.009592
6 -0.560000 0.011345
6 -0.540000 0.013464
6 -0.520000 0.016072
6 -0.500000 0.018658
6 -0.480000 0.021084
6 -0.460000 0.024640
6 -0.440001 0.027780
6 -0.420000 0.030325
6 -0.400001 0.032541
6 -0.380000 0.035327
6 -0.360001 0.037254
6 -0.340000 0.040476
6 -0.320001 0.042275
6 -0.300000 0.042813
6 -0.280001 0.044210
6 -0.260000 0.044346
6 -0.240001 0.043838
6 -0.220000 0.044177
6 -0.200000 0.041774
6 -0.180000 0.041530
6 -0.160000 0.038379
6 -0.140000 0.035993
6 -0.120000 0.033461
6 -0.100000 0.030464
6 -0.080000 0.026761
6 -0.060000 0.024090
6 -0.040000 0.021180
6 -0.020000 0.017725
6 0.000000 0.015339
6 0.020000 0.012817
6 0.040000 0.010594
6 0.059999 0.008581
6 0.080000 0.006898
6 0.099999 0.005219
6 0.120000 0.004046
6 0.139999 0.003070
6 0.160000 0.002223
6 0.179999 0.001548
6 0.200000 0.001067
6 0.219999 0.000706
6 0.240000 0.000449
6 0.259999 0.000282
6 0.280000 0.000167
6 0.300000 0.000094
6 0.320000 0.000054
6 0.340000 0.000028
6 0.360000 0.000015
6 0.380000 0.000007
6 0.400000 0.000003
6 0.420000 0.000001
7 -4.240000 0.000001
7 -4.220000 0.000002
7 -4.200000 0.000007
7 -4.180000 0.000026
7 -4.160000 0.000059
7 -4.140000 0.000102
7 -4.120000 0.000163
7 -4.100000 0.000257
7 -4.080000 0.000408
7 -4.060000 0.000605
7 -4.040000 0.000957
7 -4.020000 0.001437
7 -4.000000 0.002113
7 -3.980000 0.003061
7 -3.960000 0.004162
7 -3.940001 0.005626
7 -3.920000 0.007322
7 -3.900001 0.009833
7 -3.880000 0.012236
7 -3.860001 0.014918
7 -3.840000 0.018890
7 -3.820001 0.022784
7 -3.800000 0.027415
7 -3.780000 0.031045
7 -3.760000 0.035347
7 -3.740000 0.040807
7 -3.720000 0.044635
7 -3.700000 0.048166
7 -3.680000 0.051355
7 -3.660000 0.053021
7 -3.640000 0.055399
7 -3.620000 0.054295
7 -3.600000 0.053868
7 -3.580000 0.052331
7 -3.560000 0.049241
7 -3.540000 0.046844
7 -3.520000 0.042954
7 -3.500000 0.038038
7 -3.480000 0.034472
7 -3.460000 0.028443
7 -3.440001 0.025158
7 -3.420000 0.021932
7 -3.400001 0.017886
7 -3.380000 0.014786
7 -3.360001 0.011966
7 -3.340000 0.009551
7 -3.320001 0.005359
7 -3.300000 0.000713
8 -5.040000 0.000002
8 -5.020000 0.000003
8 -5.000000 0.000020
8 -4.980000 0.000054
8 -4.960000 0.000095
8 -4.940000 0.000158
8 -4.920000 0.000253
8 -4.900000 0.000397
8 -4.880000 0.000620
8 -4.860000 0.000978
8 -4.840000 0.001521
8 -4.820000 0.002230
8 -4.800000 0.003257
8 -4.780000 0.004534
8 -4.760000 0.006064
8 -4.740000 0.008026
8 -4.720000 0.010862
8 -4.700000 0.013148
8 -4.680000 0.016830
8 -4.660000 0.020565
8 -4.640000 0.024838
8 -4.620000 0.029670
8 -4.600000 0.033564
8 -4.580000 0.038871
8 -4.560000 0.043968
8 -4.540000 0.047394
8 -4.520000 0.052074
8 -4.500000 0.053544
8 -4.480000 0.055426
8 -4.460000 0.056917
8 -4.440000 0.055127
8 -4.420000 0.053621
8 -4.400000 0.052362
8 -4.380000 0.048309
8 -4.360000 0.044781
8 -4.340000 0.040295
8 -4.320000 0.036188
8 -4.300000 0.030515
8 -4.280000 0.025832
8 -4.260000 0.023177
8 -4.240000 0.018479
8 -4.220000 0.015268
8 -4.200000 0.012796
8 -4.180000 0.010453
8 -4.160000 0.006270
8 -4.140000 0.000641
8 -4.120000 0.000002
9 -5.220000 0.000001
9 -5.200000 0.000002
9 -5.180000 0.000007
9 -5.160000 0.000041
9 -5.140000 0.000079
9 -5.120000 0.000127
9 -5.100000 0.000207
9 -5.080000 0.000331
9 -5.060000 0.000524
9 -5.040000 0.000817
9 -5.020000 0.001288
9 -5.000000 0.001868
9 -4.980000 0.002834
9 -4.960000 0.004033
9 -4.940000 0.005244
9 -4.920000 0.007111
9 -4.900000 0.009516
9 -4.880000 0.012238
9 -4.860000 0.015258
9 -4.840000 0.018826
9 -4.820000 0.022646
9 -4.800000 0.027154
9 -4.780000 0.031740
9 -4.760000 0.036139
9 -4.740000 0.041674
9 -4.720000 0.046238
9 -4.700000 0.050162
9 -4.680000 0.052124
9 -4.660000 0.054413
9 -4.640000 0.056413
9 -4.620000 0.055179
9 -4.600000 0.054845
9 -4.580000 0.052863
9 -4.560000 0.050405
9 -4.540000 0.045939
9 -4.520000 0.042249
9 -4.500000 0.037619
9 -4.480000 0.033913
9 -4.460000 0.027854
9 -4.440000 0.024488
9 -4.420000 0.020720
9 -4.400000 0.016708
9 -4.380000 0.014186
9 -4.360000 0.011731
9 -4.340000 0.008689
9 -4.320000 0.003395
9 -4.300000 0.000157
10 -5.280000 0.000001
10 -5.260000 0.000002
10 -5.240000 0.000007
10 -5.220000 0.000042
10 -5.200000 0.000079
10 -5.180000 0.000125
10 -5.160000 0.000203
10 -5.140000 0.000326
10 -5.120000 0.000507
10 -5.100000 0.000794
10 -5.080000 0.001256
10 -5.060000 0.001814
10 -5.040000 0.002737
10 -5.020000 0.003904
10 -5.000000 0.005141
10 -4.980000 0.006866
10 -4.960000 0.009188
10 -4.940000 0.011879
10 -4.920000 0.014786
10 -4.900000 0.018191
10 -4.880000 0.021994
10 -4.860000 0.026846
10 -4.840000 0.030692
10 -4.820000 0.035616
10 -4.800000 0.040565
10 -4.780000 0.044965
10 -4.760000 0.048784
10 -4.740000 0.051732
10 -4.720000 0.053342
10 -4.700000 0.056168
10 -4.680000 0.055795
10 -4.660000 0.054062
10 -4.640000 0.053383
10 -4.620000 0.050292
10 -4.600000 0.046952
10 -4.580000 0.042699
10 -4.560000 0.038721
10 -4.540000 0.034152
10 -4.520000 0.029497
10 -4.500000 0.024622
10 -4.480000 0.021814
10 -4.460000 0.017329
10 -4.440000 0.014836
10 -4.420000 0.012301
10 -4.400000 0.009601
10 -4.380000 0.004859
10 -4.360000 0.000532
11 -5.140000 0.000001
11 -5.120000 0.000002
11 -5.100000 0.000005
11 -5.080000 0.000033
11 -5.060000 0.000071
11 -5.040000 0.000117
11 -5.020000 0.000189
11 -5.000000 0.000301
11 -4.980000 0.000480
11 -4.960000 0.000750
11 -4.940000 0.001181
11 -4.920000 0.001751
11 -4.900000 0.002662
11 -4.880000 0.003728
11 -4.860000 0.005085
11 -4.840000 0.006716
11 -4.820000 0.009061
11 -4.800000 0.011895
11 -4.780000 0.014560
11 -4.760000 0.018297
11 -4.740000 0.022152
11 -4.720000 0.026660
11 -4.700000 0.031002
11 -4.680000 0.035839
11 -4.660000 0.040900
11 -4.640000 0.045708
11 -4.620000 0.048872
11 -4.600000 0.053385
11 -4.580000 0.053907
11 -4.560000 0.056052
11 -4.540000 0.056565
11 -4.520000 0.054492
11 -4.500000 0.053363
11 -4.480000 0.051120
11 -4.460000 0.047137
11 -4.440000 0.042678
11 -4.420000 0.038160
11 -4.400000 0.034535
11 -4.380000 0.028299
11 -4.360000 0.024674
11 -4.340000 0.021399
11 -4.320000 0.017057
11 -4.300000 0.014387
11 -4.280000 0.011811
11 -4.260000 0.009220
11 -4.240000 0.003633
11 -4.220000 0.000108
12 -5.280000 0.000001
12 -5.260000 0.000002
12 -5.240000 0.000013
12 -5.220000 0.000051
12 -5.200000 0.000089
12 -5.180000 0.000143
12 -5.160000 0.000233
12 -5.140000 0.000369
12 -5.120000 0.000569
12 -5.100000 0.000904
12 -5.080000 0.001408
12 -5.060000 0.002045
12 -5.040000 0.003029
12 -5.020000 0.004263
12 -5.000000 0.005677
12 -4.980000 0.007521
12 -4.960000 0.009999
12 -4.940000 0.012789
12 -4.920000 0.016053
12 -4.900000 0.019122
12 -4.880000 0.024009
12 -4.860000 0.028117
12 -4.840000 0.032229
12 -4.820000 0.037468
12 -4.800000 0.042798
12 -4.780000 0.046244
12 -4.760000 0.050839
12 -4.740000 0.052781
12 -4.720000 0.054996
12 -4.700000 0.055933
12 -4.680000 0.055605
12 -4.660000 0.053799
12 -4.640000 0.053033
12 -4.620000 0.049325
12 -4.600000 0.045276
12 -4.580000 0.041455
12 -4.560000 0.037093
12 -4.540000 0.032861
12 -4.520000 0.026834
12 -4.500000 0.024160
12 -4.480000 0.019706
12 -4.460000 0.015935
12 -4.440000 0.013890
12 -4.420000 0.011063
12 -4.400000 0.008105
12 -4.380000 0.002152
12 -4.360000 0.000013
13 -5.340000 0.000001
13 -5.320000 0.000002
13 -5.300000 0.000008
13 -5.280000 0.000045
13 -5.260000 0.000082
13 -5.240000 0.000131
13 -5.220000 0.000211
13 -5.200000 0.000341
13 -5.180000 0.000530
13 -5.160000 0.000835
13 -5.140000 0.001295
13 -5.120000 0.001905
13 -5.100000 0.002838
13 -5.080000 0.003988
13 -5.060000 0.005326
13 -5.040000 0.007167
13 -5.020000 0.009340
13 -5.000000 0.012254
13 -4.980000 0.015217
13 -4.960000 0.018605
13 -4.940000 0.022826
13 -4.920000 0.027144
13 -4.900000 0.031500
13 -4.880000 0.036670
13 -4.860000 0.040127
13 -4.840000 0.045863
13 -4.820000 0.049746
13 -4.800000 0.052750
13 -4.780000 0.054238
13 -4.760000 0.055855
13 -4.740000 0.055593
13 -4.720000 0.054610
13 -4.700000 0.052465
13 -4.680000 0.050276
13 -4.660000 0.046137
13 -4.640000 0.042533
13 -4.620000 0.037641
13 -4.600000 0.034331
13 -4.580000 0.028161
13 -4.560000 0.024500
13 -4.540000 0.021011
13 -4.520000 0.016819
13 -4.500000 0.014106
13 -4.480000 0.011810
13 -4.460000 0.009126
13 -4.440000 0.003831
13 -4.420000 0.000202
13 -4.400000 0.000004
