#[M/H] PDF
-0.360000 0.000000
-0.350000 0.000000
-0.340000 0.000000
-0.330000 0.000001
-0.320000 0.000001
-0.310000 0.000004
-0.300000 0.000008
-0.290000 0.000017
-0.280000 0.000034
-0.270000 0.000187
-0.250000 0.000212
-0.240000 0.000366
-0.230000 0.000603
-0.220000 0.000958
-0.210000 0.001467
-0.200000 0.002165
-0.190000 0.003094
-0.180000 0.004312
-0.170000 0.005811
-0.160000 0.007687
-0.150000 0.009901
-0.140000 0.012529
-0.130000 0.015593
-0.120000 0.018978
-0.110000 0.022730
-0.100000 0.026678
-0.090000 0.030719
-0.080000 0.034990
-0.070000 0.039124
-0.060000 0.042678
-0.050000 0.046026
-0.040000 0.049021
-0.030000 0.050979
-0.020000 0.052123
-0.010000 0.052368
0.000000 0.052087
0.010000 0.050649
0.020000 0.048281
0.030000 0.045200
0.040000 0.041778
0.050000 0.038020
0.060000 0.033877
0.070000 0.029732
0.080000 0.025693
0.090000 0.021850
0.100000 0.018273
0.110000 0.015003
0.120000 0.012146
0.130000 0.009653
0.140000 0.007547
0.150000 0.005825
0.160000 0.004401
0.170000 0.003270
0.180000 0.002398
0.190000 0.001728
0.200000 0.001225
