#[M/H] PDF
-0.250000 0.000076
-0.240000 0.000122
-0.230000 0.000191
-0.220000 0.000296
-0.210000 0.000448
-0.200000 0.000667
-0.190000 0.000977
-0.180000 0.001408
-0.170000 0.001987
-0.160000 0.002764
-0.150000 0.003763
-0.140000 0.005048
-0.130000 0.006658
-0.120000 0.008593
-0.110000 0.010960
-0.100000 0.013678
-0.090000 0.016806
-0.080000 0.020281
-0.070000 0.024145
-0.060000 0.028035
-0.050000 0.032103
-0.040000 0.036256
-0.030000 0.040176
-0.020000 0.043648
-0.010000 0.046552
0.000000 0.049387
0.010000 0.050923
0.020000 0.051723
0.030000 0.051650
0.040000 0.050732
0.050000 0.049286
0.060000 0.046752
0.070000 0.043622
0.080000 0.040189
0.090000 0.036379
0.100000 0.032415
0.110000 0.028318
0.120000 0.024402
0.130000 0.020621
0.140000 0.017171
0.150000 0.014113
0.160000 0.011327
0.170000 0.008965
0.180000 0.006987
0.190000 0.005361
0.200000 0.004045
0.210000 0.002986
0.220000 0.002178
0.230000 0.001564
0.240000 0.001106
0.250000 0.000763
0.260000 0.000514
0.270000 0.000337
0.280000 0.000217
0.290000 0.000136
0.300000 0.000084
0.310000 0.000050
0.320000 0.000030
0.330000 0.000017
0.340000 0.000009
0.350000 0.000005
