#[M/H] PDF
-0.560000 0.000000
-0.540000 0.000003
-0.520000 0.000026
-0.500000 0.000143
-0.480000 0.000546
-0.460000 0.001578
-0.440000 0.003698
-0.420000 0.007543
-0.400000 0.013684
-0.380000 0.022612
-0.360000 0.034569
-0.340000 0.049023
-0.320000 0.065103
-0.300000 0.080727
-0.280000 0.093486
-0.270000 0.050293
-0.260000 0.051241
-0.250000 0.051158
-0.240000 0.050962
-0.230000 0.050084
-0.220000 0.048225
-0.210000 0.045616
-0.200000 0.042578
-0.190000 0.038939
-0.180000 0.034897
-0.170000 0.030856
-0.160000 0.026665
-0.150000 0.022667
-0.140000 0.019043
-0.130000 0.015641
-0.120000 0.012637
-0.110000 0.010012
-0.100000 0.007788
-0.090000 0.005972
-0.080000 0.004515
-0.070000 0.003326
-0.050000 0.002415
-0.040000 0.001729
