#[M/H] PDF
-0.340000 0.000001
-0.330000 0.000001
-0.320000 0.000003
-0.310000 0.000006
-0.300000 0.000012
-0.290000 0.000023
-0.280000 0.000040
-0.270000 0.000069
-0.260000 0.000116
-0.250000 0.000185
-0.240000 0.000292
-0.230000 0.000453
-0.220000 0.000687
-0.210000 0.001015
-0.200000 0.001464
-0.190000 0.002076
-0.180000 0.002889
-0.170000 0.003929
-0.160000 0.005269
-0.150000 0.006908
-0.140000 0.008921
-0.130000 0.011353
-0.120000 0.014132
-0.110000 0.017360
-0.100000 0.020894
-0.090000 0.024657
-0.080000 0.028756
-0.070000 0.032991
-0.060000 0.036917
-0.050000 0.040773
-0.040000 0.044526
-0.030000 0.047435
-0.020000 0.049737
-0.010000 0.051176
0.000000 0.052344
0.010000 0.051986
0.020000 0.050879
0.030000 0.048896
0.040000 0.046317
0.050000 0.043269
0.060000 0.039514
0.070000 0.035566
0.080000 0.031557
0.090000 0.027584
0.100000 0.023615
0.110000 0.019879
0.120000 0.016501
0.130000 0.013448
0.140000 0.010779
0.150000 0.008534
0.160000 0.006612
0.170000 0.005044
0.180000 0.003789
0.190000 0.002802
0.200000 0.002037
0.210000 0.001451
0.220000 0.001020
0.230000 0.000706
0.240000 0.000481
0.250000 0.000321
