#logrho PDF
-5 0.0033785
-4.9975 0.00215068
-4.995 0.00245722
-4.9925 0.00285921
-4.99 0.00333991
-4.9875 0.00374086
-4.985 0.00432795
-4.9825 0.00488068
-4.98 0.00547243
-4.9775 0.00628615
-4.975 0.00699745
-4.9725 0.00766025
-4.97 0.00865446
-4.9675 0.00942199
-4.965 0.0103177
-4.9625 0.0115921
-4.96 0.0123557
-4.9575 0.01353
-4.955 0.014661
-4.9525 0.0155479
-4.95 0.0167777
-4.9475 0.0181355
-4.945 0.0191052
-4.9425 0.020045
-4.94 0.0212909
-4.9375 0.022444
-4.935 0.0231293
-4.9325 0.0240131
-4.93 0.0250093
-4.9275 0.02542
-4.925 0.0259812
-4.9225 0.0267727
-4.92 0.026883
-4.9175 0.0272374
-4.915 0.0274002
-4.9125 0.0274302
-4.91 0.0269325
-4.9075 0.0270934
-4.905 0.0265717
-4.9025 0.0259155
-4.9 0.0257563
-4.8975 0.0247742
-4.895 0.0237582
-4.8925 0.0232191
-4.89 0.0223305
-4.8875 0.0209695
-4.885 0.0201473
-4.8825 0.0190718
-4.88 0.0178257
-4.8775 0.0166671
-4.875 0.0158604
-4.8725 0.0144056
-4.87 0.0133479
-4.8675 0.0124961
-4.865 0.0113534
-4.8625 0.0101368
-4.86 0.00938422
-4.8575 0.00848019
-4.855 0.00755835
-4.8525 0.00668223
-4.85 0.00599772
-4.8475 0.00535632
-4.845 0.00465889
-4.8425 0.00407761
-4.84 0.00354465
-4.8375 0.00310007
-4.835 0.00259875
-4.8325 0.00229406
-4.83 0.00188977
-4.8275 0.00164824
-4.825 0.00137256
-4.8225 0.00113656
-4.82 0.000937768
-4.8175 0.00079701
-4.815 0.000644258
-4.8125 0.000528188
-4.81 0.000417952
-4.8075 0.000346952
-4.805 0.000278961
-4.8025 0.00021627
-4.8 0.000168343
-4.7975 0.000133771
-4.795 0.000105332
-4.7925 7.91806e-05
-4.79 5.96722e-05
-4.7875 4.58271e-05
-4.785 3.47486e-05
-4.7825 2.46975e-05
-4.78 1.81535e-05
-4.7775 1.31614e-05
-4.775 9.87291e-06
-4.7725 6.45399e-06
-4.77 4.54895e-06
-4.7675 3.11886e-06
-4.765 2.1442e-06
-4.7625 1.32949e-06
-4.76 8.34924e-07
-4.7575 5.2816e-07
-4.755 2.97332e-07
-4.7525 1.78883e-07
