#logrho PDF
-5 0.00527949
-4.9975 0.00327601
-4.995 0.00372148
-4.9925 0.00428215
-4.99 0.0048982
-4.9875 0.00547101
-4.985 0.00621367
-4.9825 0.00693655
-4.98 0.00773846
-4.9775 0.00870488
-4.975 0.00949037
-4.9725 0.0104207
-4.97 0.0114959
-4.9675 0.0124607
-4.965 0.0134131
-4.9625 0.0148722
-4.96 0.0155798
-4.9575 0.0169432
-4.955 0.0181264
-4.9525 0.0189048
-4.95 0.02005
-4.9475 0.0217431
-4.945 0.0222108
-4.9425 0.0230089
-4.94 0.0243523
-4.9375 0.0252262
-4.935 0.0254966
-4.9325 0.026296
-4.93 0.0271206
-4.9275 0.0269754
-4.925 0.0273499
-4.9225 0.0278001
-4.92 0.0275604
-4.9175 0.0273721
-4.915 0.0273062
-4.9125 0.0269483
-4.91 0.0261553
-4.9075 0.0257604
-4.905 0.0251087
-4.9025 0.0242218
-4.9 0.0232033
-4.8975 0.0227507
-4.895 0.0211571
-4.8925 0.0202231
-4.89 0.0194469
-4.8875 0.0179237
-4.885 0.0168083
-4.8825 0.0158957
-4.88 0.0145855
-4.8775 0.0134135
-4.875 0.0125032
-4.8725 0.0112946
-4.87 0.0102136
-4.8675 0.00941202
-4.865 0.0084799
-4.8625 0.00745007
-4.86 0.00667778
-4.8575 0.00605133
-4.855 0.00527595
-4.8525 0.00458506
-4.85 0.00409903
-4.8475 0.00351838
-4.845 0.00302535
-4.8425 0.00264796
-4.84 0.00222978
-4.8375 0.00191319
-4.835 0.00160191
-4.8325 0.00136337
-4.83 0.001115
-4.8275 0.000951306
-4.825 0.000781719
-4.8225 0.00062622
-4.82 0.000514605
-4.8175 0.00043017
-4.815 0.000339322
-4.8125 0.000270185
-4.81 0.000210914
-4.8075 0.000171083
-4.805 0.000134116
-4.8025 0.000102068
-4.8 7.87404e-05
-4.7975 6.08228e-05
-4.795 4.63755e-05
-4.7925 3.46477e-05
-4.79 2.53123e-05
-4.7875 1.90103e-05
-4.785 1.4284e-05
-4.7825 9.69133e-06
-4.78 7.03259e-06
-4.7775 4.96305e-06
-4.775 3.67855e-06
-4.7725 2.34787e-06
-4.77 1.55208e-06
-4.7675 1.07059e-06
-4.765 6.80172e-07
-4.7625 4.16424e-07
-4.76 2.57754e-07
-4.7575 1.46652e-07
