#logm PDFlogm m(Ms) PDF
-0.07303 3.1064e-09 0.84522 1.59614e-09
-0.07103 4.85469e-07 0.849122 2.48299e-07
-0.06903 7.21818e-06 0.853041 3.67487e-06
-0.06703 2.1511e-05 0.856979 1.09012e-05
-0.06503 5.47608e-05 0.860934 2.76238e-05
-0.06303 0.000149513 0.864908 7.50744e-05
-0.06103 0.000414964 0.8689 0.000207408
-0.05903 0.000783791 0.872911 0.000389955
-0.05703 0.00106429 0.87694 0.000527075
-0.05503 0.00188362 0.880988 0.000928555
-0.05303 0.00308359 0.885054 0.00151311
-0.05103 0.00324073 0.88914 0.00158291
-0.04903 0.00529509 0.893244 0.00257447
-0.04703 0.00595183 0.897367 0.00288048
-0.04503 0.00652842 0.901509 0.00314501
-0.04303 0.00789541 0.90567 0.00378607
-0.04103 0.00774936 0.90985 0.00369896
-0.03903 0.00828539 0.91405 0.00393665
-0.03703 0.0100345 0.918269 0.00474581
-0.03503 0.00925767 0.922508 0.00435829
-0.03303 0.00947544 0.926766 0.00444031
-0.03103 0.011393 0.931044 0.00531438
-0.02903 0.0101115 0.935341 0.00469493
-0.02703 0.0112174 0.939658 0.00518447
-0.02503 0.0115147 0.943996 0.00529744
-0.02303 0.0109573 0.948353 0.00501787
-0.02103 0.011744 0.95273 0.0053534
-0.01903 0.0123183 0.957128 0.00558938
-0.01703 0.0117372 0.961546 0.00530124
-0.01503 0.0125499 0.965984 0.00564226
-0.01303 0.0132655 0.970443 0.00593661
-0.01103 0.0121572 0.974922 0.00541564
-0.00902998 0.0136852 0.979422 0.00606827
-0.00703001 0.0127374 0.983943 0.00562207
-0.00503001 0.0128291 0.988485 0.00563652
-0.00303 0.0127948 0.993047 0.00559561
-0.00103 0.013436 0.997631 0.00584903
0.000970006 0.0131276 1.00224 0.0056885
0.00297001 0.0138554 1.00686 0.00597632
0.00497001 0.0135474 1.01151 0.0058166
0.00697002 0.0137785 1.01618 0.00588865
0.00896999 0.0135662 1.02087 0.00577128
0.01097 0.0135021 1.02558 0.00571761
0.01297 0.0146871 1.03031 0.00619083
0.01497 0.0144054 1.03507 0.00604421
0.01697 0.0149783 1.03985 0.00625573
0.01897 0.0143494 1.04465 0.0059655
0.02097 0.0146301 1.04947 0.00605426
0.02297 0.0138677 1.05431 0.0057124
0.02497 0.0146219 1.05918 0.00599542
0.02697 0.0144415 1.06407 0.00589422
0.02897 0.0140583 1.06898 0.00571146
0.03097 0.0137896 1.07392 0.00557656
0.03297 0.0137453 1.07887 0.0055331
0.03497 0.0144074 1.08385 0.00577299
0.03697 0.0140755 1.08885 0.00561407
0.03897 0.013802 1.09388 0.00547969
0.04097 0.0140777 1.09893 0.00556347
0.04297 0.01332 1.104 0.00523983
0.04497 0.0138659 1.1091 0.00542954
0.04697 0.0135116 1.11422 0.0052665
0.04897 0.0137446 1.11936 0.00533267
0.05097 0.0131652 1.12453 0.00508443
0.05297 0.0132682 1.12972 0.00510067
0.05497 0.0131486 1.13493 0.00503144
0.05697 0.0121393 1.14017 0.00462389
0.05897 0.0126191 1.14543 0.00478458
0.06097 0.0122454 1.15072 0.00462156
0.06297 0.0117584 1.15603 0.00441736
0.06497 0.0115601 1.16137 0.00432292
0.06697 0.0120824 1.16673 0.00449748
0.06897 0.0111298 1.17211 0.00412386
0.07097 0.0114055 1.17752 0.00420658
0.07297 0.0102511 1.18296 0.00376342
0.07497 0.0106778 1.18842 0.00390208
0.07697 0.0102275 1.19391 0.00372035
0.07897 0.00971133 1.19942 0.00351636
0.08097 0.00991203 1.20495 0.00357254
0.08297 0.00928096 1.21051 0.00332972
0.08497 0.00889369 1.2161 0.00317612
0.08697 0.00888218 1.22172 0.00315743
0.08897 0.00829315 1.22735 0.0029345
0.09097 0.00797721 1.23302 0.00280974
0.09297 0.0082969 1.23871 0.00290891
0.09497 0.00732753 1.24443 0.00255724
0.09697 0.00704318 1.25017 0.00244671
0.09897 0.00732921 1.25594 0.00253438
0.10097 0.00639771 1.26174 0.00220211
0.10297 0.00616662 1.26756 0.00211281
0.10497 0.00634481 1.27342 0.00216388
0.10697 0.00574884 1.27929 0.00195162
0.10897 0.00550554 1.2852 0.00186043
0.11097 0.00558384 1.29113 0.00187822
0.11297 0.0050661 1.29709 0.00169624
0.11497 0.00479398 1.30308 0.00159775
0.11697 0.00478864 1.30909 0.00158865
0.11897 0.00435922 1.31513 0.00143954
0.12097 0.00410284 1.3212 0.00134865
0.12297 0.00416494 1.3273 0.00136277
0.12497 0.00365574 1.33343 0.00119067
0.12697 0.00336648 1.33958 0.00109142
0.12897 0.00335072 1.34577 0.00108132
0.13097 0.00301871 1.35198 0.000969697
0.13297 0.00280295 1.35822 0.000896252
0.13497 0.00277226 1.36449 0.000882366
0.13697 0.00243757 1.37079 0.000772275
0.13897 0.00234873 1.37711 0.00074071
0.14097 0.00232498 1.38347 0.000729851
0.14297 0.00202516 1.38986 0.00063281
0.14497 0.00187096 1.39627 0.000581941
0.14697 0.00188527 1.40272 0.000583696
0.14897 0.00167974 1.40919 0.000517674
0.15097 0.00153462 1.4157 0.000470778
0.15297 0.00150263 1.42223 0.000458846
0.15497 0.00136088 1.4288 0.00041365
0.15697 0.00126543 1.43539 0.000382872
0.15897 0.00120631 1.44202 0.000363306
0.16097 0.00110513 1.44867 0.000331305
0.16297 0.00103918 1.45536 0.000310102
0.16497 0.00100237 1.46208 0.000297745
0.16697 0.00090719 1.46882 0.000268233
0.16897 0.000776458 1.4756 0.000228524
0.17097 0.000677751 1.48242 0.000198557
0.17297 0.000627627 1.48926 0.000183027
0.17497 0.000579122 1.49613 0.000168106
0.17697 0.000535037 1.50304 0.000154596
0.17897 0.000494924 1.50998 0.000142349
0.18097 0.000465926 1.51695 0.000133393
0.18297 0.000424737 1.52395 0.000121042
0.18497 0.000392086 1.53098 0.000111223
0.18697 0.000358484 1.53805 0.000101224
0.18897 0.000325469 1.54515 9.14795e-05
0.19097 0.000303758 1.55228 8.49849e-05
0.19297 0.000267298 1.55944 7.44405e-05
0.19497 0.000243566 1.56664 6.75197e-05
0.19697 0.000221241 1.57387 6.10491e-05
0.19897 0.000190867 1.58114 5.24258e-05
0.20097 0.00018021 1.58844 4.92713e-05
0.20297 0.000159197 1.59577 4.33261e-05
0.20497 0.000143236 1.60313 3.88032e-05
0.20697 0.000129505 1.61053 3.49222e-05
0.20897 0.000115874 1.61797 3.11029e-05
0.21097 0.000104638 1.62544 2.79578e-05
0.21297 9.45063e-05 1.63294 2.51348e-05
0.21497 8.42549e-05 1.64048 2.23054e-05
0.21697 7.34951e-05 1.64805 1.93675e-05
0.21897 6.52622e-05 1.65566 1.71189e-05
0.22097 5.83195e-05 1.6633 1.52275e-05
0.22297 5.21507e-05 1.67098 1.35542e-05
0.22497 4.42642e-05 1.67869 1.14516e-05
0.22697 3.92941e-05 1.68644 1.01191e-05
0.22897 3.49278e-05 1.69422 8.95335e-06
0.23097 3.17266e-05 1.70204 8.09539e-06
0.23297 2.7013e-05 1.7099 6.861e-06
0.23497 2.37105e-05 1.71779 5.99453e-06
0.23697 2.04363e-05 1.72572 5.14301e-06
0.23897 1.9185e-05 1.73368 4.80591e-06
0.24097 1.53267e-05 1.74169 3.82176e-06
0.24297 1.3328e-05 1.74973 3.30809e-06
0.24497 1.17035e-05 1.7578 2.89155e-06
0.24697 1.20942e-05 1.76592 2.97435e-06
0.24897 8.37223e-06 1.77407 2.04954e-06
0.25097 7.70773e-06 1.78226 1.8782e-06
0.25297 7.36548e-06 1.79048 1.78655e-06
0.25497 6.51066e-06 1.79875 1.57195e-06
0.25697 5.09509e-06 1.80705 1.22452e-06
0.25897 4.28203e-06 1.81539 1.02439e-06
0.26097 4.5341e-06 1.82377 1.07971e-06
0.26297 3.33289e-06 1.83219 7.90015e-07
0.26497 2.93358e-06 1.84064 6.9217e-07
0.26697 2.88016e-06 1.84914 6.76442e-07
0.26897 2.71534e-06 1.85768 6.34801e-07
0.27097 2.1799e-06 1.86625 5.07283e-07
0.27297 1.50536e-06 1.87486 3.48702e-07
0.27497 1.592e-06 1.88352 3.67078e-07
0.27697 1.31373e-06 1.89221 3.01523e-07
0.27897 1.27677e-06 1.90095 2.91694e-07
0.28097 8.52902e-07 1.90972 1.93961e-07
0.28297 7.51132e-07 1.91854 1.70032e-07
0.28497 5.7327e-07 1.92739 1.29173e-07
0.28697 5.34689e-07 1.93629 1.19927e-07
0.28897 4.42244e-07 1.94523 9.87362e-08
0.29097 2.76925e-07 1.9542 6.15426e-08
0.29297 2.2251e-07 1.96322 4.92225e-08
0.29497 1.60705e-07 1.97229 3.5387e-08
0.29697 1.42276e-07 1.98139 3.1185e-08
0.29897 6.83974e-08 1.99054 1.49229e-08
0.30097 3.17592e-08 1.99972 6.89737e-09
0.30297 1.96762e-08 2.00895 4.25358e-09
0.30497 1.33604e-08 2.01823 2.87497e-09
0.30697 6.29648e-09 2.02754 1.34869e-09
0.30897 8.11871e-09 2.0369 1.73102e-09
0.31097 5.24372e-09 2.0463 1.11289e-09
0.31297 5.51297e-09 2.05575 1.16466e-09
0.31497 4.47588e-09 2.06524 9.41224e-10
0.31697 2.69513e-09 2.07477 5.6415e-10
0.31897 1.89154e-09 2.08435 3.94122e-10
0.32097 3.11402e-09 2.09397 6.45856e-10
0.32297 1.8305e-09 2.10363 3.77905e-10
0.32497 1.31217e-09 2.11334 2.69653e-10
0.32697 1.41911e-09 2.1231 2.90288e-10
