#logm PDFlogm m(Ms) PDF
-0.06303 4.39842e-09 0.864908 2.20857e-09
-0.06103 2.65804e-08 0.8689 1.32855e-08
-0.05903 2.44095e-07 0.872911 1.21443e-07
-0.05703 1.37825e-06 0.87694 6.8256e-07
-0.05503 4.14355e-06 0.880988 2.04261e-06
-0.05303 8.00841e-06 0.885054 3.92971e-06
-0.05103 1.79317e-05 0.88914 8.75862e-06
-0.04903 3.03985e-05 0.893244 1.47797e-05
-0.04703 3.65346e-05 0.897367 1.76815e-05
-0.04503 6.75226e-05 0.901509 3.25285e-05
-0.04303 9.79297e-05 0.90567 4.69601e-05
-0.04103 0.000127702 0.90985 6.09556e-05
-0.03903 0.000165103 0.91405 7.84458e-05
-0.03703 0.000248709 0.918269 0.000117627
-0.03503 0.00036372 0.922508 0.000171231
-0.03303 0.000475575 0.926766 0.000222861
-0.03103 0.000654563 0.931044 0.000305327
-0.02903 0.000687362 0.935341 0.000319154
-0.02703 0.000881108 0.939658 0.000407234
-0.02503 0.000969897 0.943996 0.00044621
-0.02303 0.00116521 0.948353 0.000533605
-0.02103 0.00125253 0.95273 0.000570955
-0.01903 0.00129596 0.957128 0.000588038
-0.01703 0.00144928 0.961546 0.000654588
-0.01503 0.00163034 0.965984 0.000732981
-0.01303 0.00160116 0.970443 0.000716553
-0.01103 0.00167657 0.974922 0.000746857
-0.00902998 0.0018291 0.979422 0.000811059
-0.00703001 0.00188951 0.983943 0.000833996
-0.00503001 0.00198597 0.988485 0.000872544
-0.00303 0.00182025 0.993047 0.00079606
-0.00103 0.00217888 0.997631 0.000948523
0.000970006 0.00229952 1.00224 0.000996439
0.00297001 0.00223454 1.00686 0.000963834
0.00497001 0.00258987 1.01151 0.00111197
0.00697002 0.00274038 1.01618 0.00117119
0.00896999 0.00252205 1.02087 0.00107292
0.01097 0.00303544 1.02558 0.00128539
0.01297 0.00282089 1.03031 0.00118905
0.01497 0.00326275 1.03507 0.00136898
0.01697 0.0031174 1.03985 0.00130199
0.01897 0.00329504 1.04465 0.00136986
0.02097 0.00371204 1.04947 0.00153612
0.02297 0.0036602 1.05431 0.00150772
0.02497 0.00402274 1.05918 0.00164944
0.02697 0.00440883 1.06407 0.00179944
0.02897 0.00449284 1.06898 0.00182531
0.03097 0.00472021 1.07392 0.00190887
0.03297 0.0050534 1.07887 0.00203422
0.03497 0.00501382 1.08385 0.00200901
0.03697 0.00543757 1.08885 0.0021688
0.03897 0.00546566 1.09388 0.00216998
0.04097 0.0057285 1.09893 0.00226389
0.04297 0.00611462 1.104 0.00240538
0.04497 0.00601056 1.1091 0.00235358
0.04697 0.00652283 1.11422 0.00254244
0.04897 0.00682248 1.11936 0.00264702
0.05097 0.00716707 1.12453 0.00276793
0.05297 0.00735054 1.12972 0.00282575
0.05497 0.00736684 1.13493 0.002819
0.05697 0.00758057 1.14017 0.00288746
0.05897 0.00779099 1.14543 0.00295398
0.06097 0.0083558 1.15072 0.00315357
0.06297 0.00875188 1.15603 0.00328788
0.06497 0.00867396 1.16137 0.00324363
0.06697 0.00916003 1.16673 0.00340966
0.06897 0.00969371 1.17211 0.00359174
0.07097 0.00992687 1.17752 0.00366123
0.07297 0.00992412 1.18296 0.0036434
0.07497 0.0103412 1.18842 0.00377907
0.07697 0.0101578 1.19391 0.00369499
0.07897 0.0106095 1.19942 0.00384158
0.08097 0.0106294 1.20495 0.00383111
0.08297 0.0110234 1.21051 0.00395484
0.08497 0.0114711 1.2161 0.00409656
0.08697 0.0116224 1.22172 0.00413153
0.08897 0.0119212 1.22735 0.00421827
0.09097 0.012153 1.23302 0.00428053
0.09297 0.0119486 1.23871 0.00418921
0.09497 0.0120489 1.24443 0.00420495
0.09697 0.012158 1.25017 0.00422356
0.09897 0.0121261 1.25594 0.0041931
0.10097 0.0126258 1.26174 0.00434582
0.10297 0.0133788 1.26756 0.00458387
0.10497 0.013588 1.27342 0.00463413
0.10697 0.0128851 1.27929 0.00437423
0.10897 0.0131736 1.2852 0.00445164
0.11097 0.0128356 1.29113 0.00431748
0.11297 0.0133443 1.29709 0.00446798
0.11497 0.0133361 1.30308 0.00444469
0.11697 0.0131672 1.30909 0.00436824
0.11897 0.0129914 1.31513 0.00429011
0.12097 0.0131271 1.3212 0.00431503
0.12297 0.0134182 1.3273 0.00439045
0.12497 0.0139651 1.33343 0.00454841
0.12697 0.0138379 1.33958 0.00448625
0.12897 0.01357 1.34577 0.00437919
0.13097 0.0130637 1.35198 0.00419643
0.13297 0.0128229 1.35822 0.00410017
0.13497 0.0126938 1.36449 0.00404024
0.13697 0.0126987 1.37079 0.00402323
0.13897 0.0124232 1.37711 0.00391785
0.14097 0.0123288 1.38347 0.0038702
0.14297 0.0122288 1.38986 0.00382118
0.14497 0.0120975 1.39627 0.00376279
0.14697 0.0123325 1.40272 0.00381826
0.14897 0.0123657 1.40919 0.00381095
0.15097 0.0116072 1.4157 0.00356076
0.15297 0.0109965 1.42223 0.0033579
0.15497 0.0107134 1.4288 0.00325644
0.15697 0.0108585 1.43539 0.00328536
0.15897 0.0104262 1.44202 0.00314008
0.16097 0.0102325 1.44867 0.00306759
0.16297 0.0103948 1.45536 0.00310192
0.16497 0.0100405 1.46208 0.00298243
0.16697 0.00982769 1.46882 0.0029058
0.16897 0.0097695 1.4756 0.00287532
0.17097 0.00970439 1.48242 0.00284304
0.17297 0.00866988 1.48926 0.00252829
0.17497 0.00807175 1.49613 0.00234305
0.17697 0.00780311 1.50304 0.00225466
0.17897 0.00768217 1.50998 0.00220952
0.18097 0.00740735 1.51695 0.00212069
0.18297 0.007486 1.52395 0.00213336
0.18497 0.00763227 1.53098 0.00216505
0.18697 0.00710762 1.53805 0.00200696
0.18897 0.00677132 1.54515 0.00190322
0.19097 0.0064169 1.55228 0.00179531
0.19297 0.00613921 1.55944 0.00170973
0.19497 0.0057488 1.56664 0.00159365
0.19697 0.00548841 1.57387 0.00151447
0.19897 0.00527689 1.58114 0.00144941
0.20097 0.00514867 1.58844 0.0014077
0.20297 0.00485764 1.59577 0.00132203
0.20497 0.00463356 1.60313 0.00125525
0.20697 0.00445096 1.61053 0.00120024
0.20897 0.00419529 1.61797 0.0011261
0.21097 0.00401073 1.62544 0.00107161
0.21297 0.00379202 1.63294 0.00100852
0.21497 0.00360469 1.64048 0.000954294
0.21697 0.0034229 1.64805 0.000902005
0.21897 0.00323619 1.65566 0.000848883
0.22097 0.00306216 1.6633 0.000799544
0.22297 0.00289271 1.67098 0.000751828
0.22497 0.00275541 1.67869 0.000712855
0.22697 0.00261361 1.68644 0.000673061
0.22897 0.00247716 1.69422 0.000634993
0.23097 0.00238661 1.70204 0.000608971
0.23297 0.00215602 1.7099 0.000547605
0.23497 0.00206575 1.71779 0.000522265
0.23697 0.00181166 1.72572 0.000455923
0.23897 0.00174688 1.73368 0.0004376
0.24097 0.00151994 1.74169 0.000379001
0.24297 0.00152329 1.74973 0.000378092
0.24497 0.00130751 1.7578 0.000323043
0.24697 0.00130739 1.76592 0.00032153
0.24897 0.00119742 1.77407 0.000293131
0.25097 0.00103621 1.78226 0.0002525
0.25297 0.000994183 1.79048 0.000241146
0.25497 0.000901002 1.79875 0.00021754
0.25697 0.000773897 1.80705 0.000185993
0.25897 0.000762108 1.81539 0.000182319
0.26097 0.000700005 1.82377 0.000166692
0.26297 0.000604657 1.83219 0.000143326
0.26497 0.000583903 1.84064 0.00013777
0.26697 0.000537986 1.84914 0.000126353
0.26897 0.000465363 1.85768 0.000108794
0.27097 0.000443491 1.86625 0.000103205
0.27297 0.000414043 1.87486 9.59092e-05
0.27497 0.000353361 1.88352 8.14765e-05
0.27697 0.000344388 1.89221 7.90428e-05
0.27897 0.000309077 1.90095 7.06123e-05
0.28097 0.000263269 1.90972 5.98707e-05
0.28297 0.000257593 1.91854 5.83106e-05
0.28497 0.00022358 1.92739 5.03787e-05
0.28697 0.000203631 1.93629 4.56728e-05
0.28897 0.000182945 1.94523 4.08446e-05
0.29097 0.000178268 1.9542 3.96177e-05
0.29297 0.000150787 1.96322 3.33563e-05
0.29497 0.000133168 1.97229 2.93234e-05
0.29697 0.000124635 1.98139 2.73184e-05
0.29897 0.000116884 1.99054 2.55017e-05
0.30097 0.000116219 1.99972 2.52402e-05
0.30297 0.000107481 2.00895 2.32352e-05
0.30497 8.25062e-05 2.01823 1.77542e-05
0.30697 8.63597e-05 2.02754 1.8498e-05
0.30897 3.71095e-05 2.0369 7.91223e-06
0.31097 1.00972e-05 2.0463 2.14297e-06
0.31297 8.63909e-06 2.05575 1.82508e-06
0.31497 7.44902e-06 2.06524 1.56644e-06
0.31697 8.39745e-06 2.07477 1.75777e-06
0.31897 6.86251e-06 2.08435 1.42987e-06
0.32097 6.68921e-06 2.09397 1.38736e-06
0.32297 5.14364e-06 2.10363 1.0619e-06
0.32497 5.54355e-06 2.11334 1.13921e-06
0.32697 5.46102e-06 2.1231 1.11709e-06
0.32897 3.68985e-06 2.1329 7.51316e-07
0.33097 2.77061e-06 2.14274 5.61552e-07
0.33297 3.12416e-06 2.15263 6.303e-07
0.33497 2.63432e-06 2.16257 5.29033e-07
0.33697 2.26748e-06 2.17255 4.53271e-07
0.33897 2.06695e-06 2.18258 4.11285e-07
0.34097 1.89425e-06 2.19265 3.75191e-07
0.34297 1.37796e-06 2.20277 2.71676e-07
0.34497 1.34244e-06 2.21294 2.63457e-07
0.34697 1.12974e-06 2.22316 2.20695e-07
0.34897 9.89209e-07 2.23342 1.92355e-07
0.35097 8.64741e-07 2.24373 1.67379e-07
0.35297 7.01567e-07 2.25408 1.35171e-07
0.35497 6.15726e-07 2.26449 1.18087e-07
0.35697 5.58578e-07 2.27494 1.06635e-07
0.35897 4.4514e-07 2.28544 8.45885e-08
0.36097 3.93888e-07 2.29599 7.45052e-08
0.36297 3.52652e-07 2.30659 6.63988e-08
0.36497 2.98879e-07 2.31723 5.60157e-08
0.36697 2.53696e-07 2.32793 4.7329e-08
0.36897 2.15749e-07 2.33868 4.00648e-08
0.37097 1.36269e-07 2.34947 2.51891e-08
0.37297 1.6086e-07 2.36032 2.95979e-08
0.37497 1.15529e-07 2.37121 2.11594e-08
0.37697 1.02123e-07 2.38216 1.86182e-08
0.37897 8.60845e-08 2.39315 1.56221e-08
0.38097 7.73477e-08 2.4042 1.39721e-08
0.38297 5.94013e-08 2.41529 1.0681e-08
0.38497 5.22883e-08 2.42644 9.35877e-09
0.38697 4.34352e-08 2.43764 7.73849e-09
0.38897 3.49669e-08 2.44889 6.20114e-09
0.39097 3.1422e-08 2.4602 5.54686e-09
0.39297 2.36568e-08 2.47155 4.15691e-09
0.39497 2.17702e-08 2.48296 3.80783e-09
0.39697 6.76943e-09 2.49442 1.1786e-09
