#logage PDFlogage age(Gyr) PDF
9.39 1.66233e-08 2.45471 2.94105e-09
9.4 3.69711e-08 2.51188 6.39216e-09
9.41 8.04162e-08 2.57039 1.35871e-08
9.42 1.68809e-07 2.63027 2.78728e-08
9.43 3.42177e-07 2.69154 5.52121e-08
9.44 6.7816e-07 2.75423 1.06934e-07
9.45 1.33027e-06 2.81838 2.04986e-07
9.46 2.52647e-06 2.88403 3.80451e-07
9.47 4.5795e-06 2.95121 6.73911e-07
9.48 8.26977e-06 3.01995 1.18926e-06
9.49 1.48153e-05 3.09029 2.08206e-06
9.5 2.52664e-05 3.16228 3.46999e-06
9.51 4.26349e-05 3.23594 5.72203e-06
9.52 7.05202e-05 3.31131 9.24906e-06
9.53 0.000113004 3.38844 1.44837e-05
9.54 0.00017781 3.46737 2.22711e-05
9.55 0.000273823 3.54814 3.35161e-05
9.56 0.00041477 3.63078 4.96126e-05
9.57 0.000611273 3.71535 7.14529e-05
9.58 0.000889679 3.80189 0.000101629
9.59 0.00126861 3.89045 0.000141616
9.6 0.0017754 3.98108 0.000193677
9.61 0.00242379 4.0738 0.000258393
9.62 0.00331042 4.16869 0.000344879
9.63 0.00444368 4.2658 0.000452405
9.64 0.00571392 4.36515 0.000568485
9.65 0.00735188 4.46683 0.000714798
9.66 0.00918997 4.57088 0.000873169
9.67 0.0114893 4.67735 0.00106679
9.68 0.0137954 4.7863 0.00125176
9.69 0.0164263 4.89778 0.00145654
9.7 0.0195919 5.01187 0.0016977
9.71 0.0226967 5.12861 0.00192197
9.72 0.0260254 5.24808 0.00215368
9.73 0.0294729 5.37031 0.00238346
9.74 0.0329182 5.49541 0.00260148
9.75 0.0365264 5.62341 0.00282092
9.76 0.0390296 5.7544 0.00294563
9.77 0.041072 5.88844 0.00302921
9.78 0.0436911 6.02559 0.00314903
9.79 0.0456445 6.16595 0.00321494
9.8 0.0474825 6.30958 0.00326827
9.81 0.0478013 6.45653 0.00321532
9.82 0.0466803 6.60693 0.00306844
9.83 0.0452204 6.76083 0.00290482
9.84 0.0433444 6.91831 0.00272093
9.85 0.0414816 7.07946 0.00254472
9.86 0.0392257 7.24435 0.00235156
9.87 0.0366727 7.4131 0.00214846
9.88 0.0335239 7.58578 0.00191928
9.89 0.0305165 7.76246 0.00170734
9.9 0.0264615 7.94328 0.00144677
9.91 0.023108 8.1283 0.00123466
9.92 0.0199757 8.31764 0.00104301
9.93 0.0174382 8.51139 0.000889786
9.94 0.0151616 8.70963 0.000756016
9.95 0.0129004 8.91251 0.000628621
9.96 0.0109082 9.12011 0.000519441
9.97 0.00911195 9.33255 0.000424029
9.98 0.00760677 9.54992 0.000345927
9.99 0.00618894 9.77237 0.000275043
10 0.0050286 10 0.000218389
10.01 0.00403456 10.2329 0.00017123
10.02 0.00319348 10.4713 0.000132449
10.03 0.00254267 10.7152 0.000103056
10.04 0.00201825 10.9648 7.99392e-05
10.05 0.00158363 11.2202 6.1297e-05
10.06 0.00122119 11.4815 4.61923e-05
10.07 0.000923174 11.749 3.41247e-05
10.08 0.000657165 12.0226 2.37388e-05
10.09 0.000480297 12.3027 1.69548e-05
10.1 0.000350462 12.5893 1.209e-05
10.11 0.000252371 12.8825 8.50792e-06
10.12 0.000181048 13.1826 5.96455e-06
10.13 0.000125458 13.4896 4.03908e-06
10.14 8.80475e-05 13.8038 2.77014e-06
