#logage PDFlogage age(Gyr) PDF
9.4 1.06093e-08 2.51188 1.8343e-09
9.41 2.41966e-08 2.57039 4.08826e-09
9.42 5.33293e-08 2.63027 8.80542e-09
9.43 1.13392e-07 2.69154 1.82964e-08
9.44 2.36101e-07 2.75423 3.72291e-08
9.45 4.85427e-07 2.81838 7.48011e-08
9.46 9.64673e-07 2.88403 1.45266e-07
9.47 1.83768e-06 2.95121 2.70429e-07
9.48 3.46206e-06 3.01995 4.97874e-07
9.49 6.48516e-06 3.09029 9.11392e-07
9.5 1.14758e-05 3.16228 1.57604e-06
9.51 2.02218e-05 3.23594 2.71396e-06
9.52 3.47753e-05 3.31131 4.56095e-06
9.53 5.79972e-05 3.38844 7.43347e-06
9.54 9.48042e-05 3.46737 1.18744e-05
9.55 0.000151295 3.54814 1.85186e-05
9.56 0.000237208 3.63078 2.83736e-05
9.57 0.000356014 3.71535 4.16152e-05
9.58 0.000534717 3.80189 6.10813e-05
9.59 0.000789364 3.89045 8.81174e-05
9.6 0.00114343 3.98108 0.000124736
9.61 0.00159429 4.0738 0.000169962
9.62 0.00223952 4.16869 0.000233313
9.63 0.00313835 4.2658 0.000319511
9.64 0.0041249 4.36515 0.000410392
9.65 0.00539478 4.46683 0.000524516
9.66 0.00675474 4.57088 0.00064179
9.67 0.00870236 4.67735 0.000808019
9.68 0.010887 4.7863 0.000987849
9.69 0.0134613 4.89778 0.00119363
9.7 0.0164945 5.01187 0.0014293
9.71 0.0193841 5.12861 0.00164145
9.72 0.0224821 5.24808 0.00186046
9.73 0.0260545 5.37031 0.00210702
9.74 0.0299946 5.49541 0.00237044
9.75 0.0343143 5.62341 0.00265008
9.76 0.0370487 5.7544 0.00279613
9.77 0.0399073 5.88844 0.00294331
9.78 0.0429325 6.02559 0.00309436
9.79 0.0458105 6.16595 0.00322663
9.8 0.0480919 6.30958 0.00331022
9.81 0.0487517 6.45653 0.00327925
9.82 0.0479651 6.60693 0.0031529
9.83 0.0472946 6.76083 0.00303806
9.84 0.0458719 6.91831 0.00287959
9.85 0.0443007 7.07946 0.00271766
9.86 0.0420909 7.24435 0.00252332
9.87 0.039482 7.4131 0.00231304
9.88 0.0369455 7.58578 0.00211517
9.89 0.0338754 7.76246 0.00189526
9.9 0.0298725 7.94328 0.00163326
9.91 0.0258928 8.1283 0.00138345
9.92 0.0223728 8.31764 0.00116816
9.93 0.0194061 8.51139 0.000990196
9.94 0.0167106 8.70963 0.000833251
9.95 0.0142877 8.91251 0.000696218
9.96 0.011998 9.12011 0.000571338
9.97 0.0100561 9.33255 0.000467963
9.98 0.00836625 9.54992 0.000380466
9.99 0.00691187 9.77237 0.000307171
10 0.00567152 10 0.000246311
10.01 0.00458385 10.2329 0.000194543
10.02 0.00362328 10.4713 0.000150275
10.03 0.00283176 10.7152 0.000114774
10.04 0.00222071 10.9648 8.79583e-05
10.05 0.00173799 11.2202 6.72718e-05
10.06 0.00134262 11.4815 5.07854e-05
10.07 0.00102509 11.749 3.7892e-05
10.08 0.000734392 12.0226 2.65285e-05
10.09 0.000517447 12.3027 1.82663e-05
10.1 0.000363526 12.5893 1.25406e-05
10.11 0.000256021 12.8825 8.63097e-06
10.12 0.000179665 13.1826 5.91901e-06
10.13 0.000119372 13.4896 3.84316e-06
10.14 8.3286e-05 13.8038 2.62034e-06
