#logTeff PDF
3.569 2.33249e-09
3.57 4.10265e-08
3.571 4.13252e-07
3.572 2.43471e-06
3.573 1.0433e-05
3.574 3.35317e-05
3.575 9.93575e-05
3.576 0.000269102
3.577 0.000669143
3.578 0.00153116
3.579 0.00315392
3.58 0.00584544
3.581 0.00949861
3.582 0.0150873
3.583 0.0237095
3.584 0.0361077
3.585 0.0513923
3.586 0.0690457
3.587 0.0858833
3.588 0.0979745
3.589 0.102061
3.59 0.0989467
3.591 0.0899239
3.592 0.0784697
3.593 0.0652106
3.594 0.0525284
3.595 0.0394391
3.596 0.0277368
3.597 0.0187223
3.598 0.0120231
3.599 0.0073836
3.6 0.00433476
3.601 0.00235583
3.602 0.000549848
