#logTeff PDF
3.57 9.47152e-09
3.571 2.01605e-07
3.572 8.2074e-07
3.573 2.90255e-06
3.574 9.17318e-06
3.575 2.6439e-05
3.576 7.09125e-05
3.577 0.000175668
3.578 0.000403531
3.579 0.00086817
3.58 0.0017221
3.581 0.00314921
3.582 0.00541359
3.583 0.00885676
3.584 0.0138124
3.585 0.0205449
3.586 0.0292122
3.587 0.0393677
3.588 0.0502027
3.589 0.0606801
3.59 0.0698987
3.591 0.0766294
3.592 0.0809473
3.593 0.0824635
3.594 0.0808828
3.595 0.075632
3.596 0.0682727
3.597 0.0594736
3.598 0.04954
3.599 0.0392912
3.6 0.030116
3.601 0.0220827
3.602 0.0155973
3.603 0.0105498
3.604 0.00410376
