#logage logg JPDF
9.35 1.26 1.42011e-10 
9.35 1.265 2.07869e-10 
9.36 1.255 1.76658e-10 
9.36 1.26 3.56295e-10 
9.36 1.265 5.1266e-10 
9.37 1.25 1.96343e-10 
9.37 1.255 4.66909e-10 
9.37 1.26 8.72565e-10 
9.37 1.265 1.18517e-09 
9.37 1.27 1.67199e-10 
9.38 1.245 1.88127e-10 
9.38 1.25 4.9267e-10 
9.38 1.255 1.12373e-09 
9.38 1.26 2.14652e-09 
9.38 1.265 2.35489e-09 
9.38 1.27 2.53957e-10 
9.39 1.24 1.78214e-10 
9.39 1.245 5.24206e-10 
9.39 1.25 1.25447e-09 
9.39 1.255 2.69778e-09 
9.39 1.26 4.76128e-09 
9.39 1.265 5.25575e-09 
9.39 1.27 4.99853e-10 
9.4 1.235 1.61805e-10 
9.4 1.24 5.20077e-10 
9.4 1.245 1.39611e-09 
9.4 1.25 3.29303e-09 
9.4 1.255 6.31202e-09 
9.4 1.26 1.04966e-08 
9.4 1.265 1.07009e-08 
9.4 1.27 9.77979e-10 
9.41 1.23 1.13614e-10 
9.41 1.235 4.19668e-10 
9.41 1.24 1.32541e-09 
9.41 1.245 3.50444e-09 
9.41 1.25 7.8152e-09 
9.41 1.255 1.45097e-08 
9.41 1.26 2.28779e-08 
9.41 1.265 2.1559e-08 
9.41 1.27 1.644e-09 
9.42 1.23 3.46708e-10 
9.42 1.235 1.16191e-09 
9.42 1.24 3.4578e-09 
9.42 1.245 8.52787e-09 
9.42 1.25 1.80047e-08 
9.42 1.255 3.19016e-08 
9.42 1.26 4.81536e-08 
9.42 1.265 4.09592e-08 
9.42 1.27 2.39679e-09 
9.43 1.225 2.42546e-10 
9.43 1.23 9.33978e-10 
9.43 1.235 3.03301e-09 
9.43 1.24 8.68469e-09 
9.43 1.245 1.99725e-08 
9.43 1.25 3.95922e-08 
9.43 1.255 6.62563e-08 
9.43 1.26 9.48303e-08 
9.43 1.265 7.66942e-08 
9.43 1.27 4.12759e-09 
9.44 1.22 1.59807e-10 
9.44 1.225 6.87408e-10 
9.44 1.23 2.49499e-09 
9.44 1.235 7.70505e-09 
9.44 1.24 2.04121e-08 
9.44 1.245 4.61343e-08 
9.44 1.25 8.65435e-08 
9.44 1.255 1.38909e-07 
9.44 1.26 1.85885e-07 
9.44 1.265 1.27292e-07 
9.44 1.27 7.37751e-09 
9.45 1.22 4.72801e-10 
9.45 1.225 1.88769e-09 
9.45 1.23 6.16969e-09 
9.45 1.235 1.87081e-08 
9.45 1.24 4.75431e-08 
9.45 1.245 9.91484e-08 
9.45 1.25 1.82557e-07 
9.45 1.255 2.71993e-07 
9.45 1.26 3.41967e-07 
9.45 1.265 2.43548e-07 
9.45 1.27 9.97517e-09 
9.46 1.215 2.93526e-10 
9.46 1.22 1.29771e-09 
9.46 1.225 4.76485e-09 
9.46 1.23 1.59433e-08 
9.46 1.235 4.40651e-08 
9.46 1.24 1.05362e-07 
9.46 1.245 2.13897e-07 
9.46 1.25 3.62847e-07 
9.46 1.255 5.31557e-07 
9.46 1.26 6.18409e-07 
9.46 1.265 4.1216e-07 
9.46 1.27 1.58439e-08 
9.47 1.21 1.70112e-10 
9.47 1.215 8.52799e-10 
9.47 1.22 3.34263e-09 
9.47 1.225 1.25351e-08 
9.47 1.23 3.81579e-08 
9.47 1.235 1.01831e-07 
9.47 1.24 2.20209e-07 
9.47 1.245 4.26354e-07 
9.47 1.25 7.00949e-07 
9.47 1.255 9.40441e-07 
9.47 1.26 1.08721e-06 
9.47 1.265 6.67475e-07 
9.47 1.27 2.13274e-08 
9.48 1.21 5.06379e-10 
9.48 1.215 2.30548e-09 
9.48 1.22 8.95889e-09 
9.48 1.225 3.1338e-08 
9.48 1.23 8.76722e-08 
9.48 1.235 2.21088e-07 
9.48 1.24 4.62418e-07 
9.48 1.245 8.58637e-07 
9.48 1.25 1.30779e-06 
9.48 1.255 1.70937e-06 
9.48 1.26 1.87489e-06 
9.48 1.265 1.02438e-06 
9.48 1.27 3.93981e-08 
9.49 1.205 2.69202e-10 
9.49 1.21 1.38057e-09 
9.49 1.215 5.95471e-09 
9.49 1.22 2.26776e-08 
9.49 1.225 7.07636e-08 
9.49 1.23 2.05393e-07 
9.49 1.235 4.83114e-07 
9.49 1.24 9.50363e-07 
9.49 1.245 1.69175e-06 
9.49 1.25 2.47882e-06 
9.49 1.255 2.94781e-06 
9.49 1.26 3.10916e-06 
9.49 1.265 1.66623e-06 
9.49 1.27 4.61232e-08 
9.5 1.2 1.44071e-10 
9.5 1.205 8.16319e-10 
9.5 1.21 3.78493e-09 
9.5 1.215 1.55029e-08 
9.5 1.22 5.5373e-08 
9.5 1.225 1.65364e-07 
9.5 1.23 4.40554e-07 
9.5 1.235 9.98065e-07 
9.5 1.24 1.91815e-06 
9.5 1.245 3.00788e-06 
9.5 1.25 4.23344e-06 
9.5 1.255 5.10757e-06 
9.5 1.26 4.94871e-06 
9.5 1.265 2.40911e-06 
9.5 1.27 4.98474e-08 
9.51 1.2 4.1194e-10 
9.51 1.205 2.17946e-09 
9.51 1.21 9.80225e-09 
9.51 1.215 3.84962e-08 
9.51 1.22 1.29488e-07 
9.51 1.225 3.72298e-07 
9.51 1.23 9.3809e-07 
9.51 1.235 1.97442e-06 
9.51 1.24 3.57963e-06 
9.51 1.245 5.54504e-06 
9.51 1.25 7.42518e-06 
9.51 1.255 8.1453e-06 
9.51 1.26 7.77856e-06 
9.51 1.265 3.45473e-06 
9.51 1.27 5.75158e-08 
9.52 1.195 2.04605e-10 
9.52 1.2 1.19689e-09 
9.52 1.205 5.80626e-09 
9.52 1.21 2.56162e-08 
9.52 1.215 9.48175e-08 
9.52 1.22 2.98307e-07 
9.52 1.225 8.26014e-07 
9.52 1.23 1.89254e-06 
9.52 1.235 3.76777e-06 
9.52 1.24 6.77319e-06 
9.52 1.245 9.61514e-06 
9.52 1.25 1.22665e-05 
9.52 1.255 1.31501e-05 
9.52 1.26 1.18563e-05 
9.52 1.265 4.68061e-06 
9.52 1.27 7.86448e-08 
9.53 1.195 5.88458e-10 
9.53 1.2 3.30485e-09 
9.53 1.205 1.51991e-08 
9.53 1.21 6.07991e-08 
9.53 1.215 2.16808e-07 
9.53 1.22 6.5256e-07 
9.53 1.225 1.63815e-06 
9.53 1.23 3.82738e-06 
9.53 1.235 6.9896e-06 
9.53 1.24 1.16293e-05 
9.53 1.245 1.63194e-05 
9.53 1.25 1.96879e-05 
9.53 1.255 2.00693e-05 
9.53 1.26 1.66195e-05 
9.53 1.265 6.97969e-06 
9.53 1.27 1.04098e-07 
9.54 1.19 2.8709e-10 
9.54 1.195 1.78551e-09 
9.54 1.2 8.93808e-09 
9.54 1.205 3.64739e-08 
9.54 1.21 1.4482e-07 
9.54 1.215 4.78105e-07 
9.54 1.22 1.39214e-06 
9.54 1.225 3.41076e-06 
9.54 1.23 7.22714e-06 
9.54 1.235 1.29383e-05 
9.54 1.24 1.98904e-05 
9.54 1.245 2.69338e-05 
9.54 1.25 3.12479e-05 
9.54 1.255 2.88266e-05 
9.54 1.26 2.42817e-05 
9.54 1.265 8.22794e-06 
9.54 1.27 1.03207e-07 
9.55 1.185 1.21566e-10 
9.55 1.19 7.71241e-10 
9.55 1.195 4.59736e-09 
9.55 1.2 2.2627e-08 
9.55 1.205 9.06814e-08 
9.55 1.21 3.40754e-07 
9.55 1.215 1.02371e-06 
9.55 1.22 2.83841e-06 
9.55 1.225 6.56067e-06 
9.55 1.23 1.31302e-05 
9.55 1.235 2.27898e-05 
9.55 1.24 3.3733e-05 
9.55 1.245 4.28608e-05 
9.55 1.25 4.57529e-05 
9.55 1.255 4.23197e-05 
9.55 1.26 3.25955e-05 
9.55 1.265 1.0461e-05 
9.55 1.27 1.72979e-07 
9.56 1.185 3.72201e-10 
9.56 1.19 2.1337e-09 
9.56 1.195 1.17613e-08 
9.56 1.2 5.44982e-08 
9.56 1.205 2.13235e-07 
9.56 1.21 7.61528e-07 
9.56 1.215 2.17509e-06 
9.56 1.22 5.55745e-06 
9.56 1.225 1.23033e-05 
9.56 1.23 2.43644e-05 
9.56 1.235 3.77001e-05 
9.56 1.24 5.51631e-05 
9.56 1.245 6.60698e-05 
9.56 1.25 6.71048e-05 
9.56 1.255 5.99272e-05 
9.56 1.26 4.21622e-05 
9.56 1.265 1.26267e-05 
9.56 1.27 2.13016e-07 
9.57 1.18 1.51018e-10 
9.57 1.185 1.02049e-09 
9.57 1.19 5.91761e-09 
9.57 1.195 2.8999e-08 
9.57 1.2 1.2963e-07 
9.57 1.205 4.98853e-07 
9.57 1.21 1.54459e-06 
9.57 1.215 4.56288e-06 
9.57 1.22 1.10594e-05 
9.57 1.225 2.23706e-05 
9.57 1.23 4.20239e-05 
9.57 1.235 6.22395e-05 
9.57 1.24 8.57793e-05 
9.57 1.245 9.59735e-05 
9.57 1.25 9.50521e-05 
9.57 1.255 7.93045e-05 
9.57 1.26 5.45704e-05 
9.57 1.265 1.5106e-05 
9.57 1.27 1.90107e-07 
9.58 1.18 4.47759e-10 
9.58 1.185 2.68123e-09 
9.58 1.19 1.46069e-08 
9.58 1.195 7.28709e-08 
9.58 1.2 2.94571e-07 
9.58 1.205 1.03222e-06 
9.58 1.21 3.1783e-06 
9.58 1.215 8.90246e-06 
9.58 1.22 1.96336e-05 
9.58 1.225 4.06356e-05 
9.58 1.23 6.86494e-05 
9.58 1.235 9.92089e-05 
9.58 1.24 0.000132486 
9.58 1.245 0.000136875 
9.58 1.25 0.000131644 
9.58 1.255 0.000103776 
9.58 1.26 6.73342e-05 
9.58 1.265 1.78062e-05 
9.58 1.27 1.08545e-07 
9.59 1.175 1.70569e-10 
9.59 1.18 1.15378e-09 
9.59 1.185 6.78589e-09 
9.59 1.19 3.55264e-08 
9.59 1.195 1.63629e-07 
9.59 1.2 6.51652e-07 
9.59 1.205 2.16719e-06 
9.59 1.21 6.24845e-06 
9.59 1.215 1.65398e-05 
9.59 1.22 3.53356e-05 
9.59 1.225 6.88803e-05 
9.59 1.23 0.000110176 
9.59 1.235 0.000157093 
9.59 1.24 0.000184022 
9.59 1.245 0.000198582 
9.59 1.25 0.000176419 
9.59 1.255 0.000128513 
9.59 1.26 8.25365e-05 
9.59 1.265 2.05459e-05 
9.59 1.27 1.58896e-07 
9.6 1.175 4.662e-10 
9.6 1.18 3.05641e-09 
9.6 1.185 1.64358e-08 
9.6 1.19 8.73018e-08 
9.6 1.195 3.63714e-07 
9.6 1.2 1.41281e-06 
9.6 1.205 4.19174e-06 
9.6 1.21 1.26629e-05 
9.6 1.215 3.01759e-05 
9.6 1.22 6.14841e-05 
9.6 1.225 0.000115355 
9.6 1.23 0.000169446 
9.6 1.235 0.000237038 
9.6 1.24 0.000263784 
9.6 1.245 0.000266792 
9.6 1.25 0.000220215 
9.6 1.255 0.000163762 
9.6 1.26 9.70285e-05 
9.6 1.265 2.1857e-05 
9.6 1.27 1.2431e-07 
9.61 1.17 1.80064e-10 
9.61 1.175 1.28852e-09 
9.61 1.18 7.85175e-09 
9.61 1.185 4.37027e-08 
9.61 1.19 1.93488e-07 
9.61 1.195 7.85902e-07 
9.61 1.2 2.77103e-06 
9.61 1.205 8.87974e-06 
9.61 1.21 2.36398e-05 
9.61 1.215 5.16625e-05 
9.61 1.22 0.000106236 
9.61 1.225 0.000180924 
9.61 1.23 0.00025575 
9.61 1.235 0.000339925 
9.61 1.24 0.000356454 
9.61 1.245 0.000347617 
9.61 1.25 0.000275446 
9.61 1.255 0.000195499 
9.61 1.26 0.000111013 
9.61 1.265 2.18534e-05 
9.61 1.27 9.29235e-08 
9.62 1.17 4.97102e-10 
9.62 1.175 3.08028e-09 
9.62 1.18 1.83704e-08 
9.62 1.185 9.66722e-08 
9.62 1.19 4.28407e-07 
9.62 1.195 1.65199e-06 
9.62 1.2 5.75477e-06 
9.62 1.205 1.67238e-05 
9.62 1.21 4.18819e-05 
9.62 1.215 8.91445e-05 
9.62 1.22 0.000172533 
9.62 1.225 0.000275475 
9.62 1.23 0.000388151 
9.62 1.235 0.000468726 
9.62 1.24 0.000494486 
9.62 1.245 0.000456525 
9.62 1.25 0.00034031 
9.62 1.255 0.000219921 
9.62 1.26 0.000124064 
9.62 1.265 2.28172e-05 
9.62 1.27 1.1327e-07 
9.63 1.165 1.69054e-10 
9.63 1.17 1.32233e-09 
9.63 1.175 8.08504e-09 
9.63 1.18 4.42341e-08 
9.63 1.185 2.14556e-07 
9.63 1.19 8.90954e-07 
9.63 1.195 3.60349e-06 
9.63 1.2 1.08157e-05 
9.63 1.205 3.09924e-05 
9.63 1.21 7.19145e-05 
9.63 1.215 0.000150105 
9.63 1.22 0.000271412 
9.63 1.225 0.000410401 
9.63 1.23 0.000567866 
9.63 1.235 0.000654991 
9.63 1.24 0.000655581 
9.63 1.245 0.000548974 
9.63 1.25 0.000413356 
9.63 1.255 0.000250589 
9.63 1.26 0.000130294 
9.63 1.265 2.33768e-05 
9.63 1.27 1.26734e-07 
9.64 1.165 4.86305e-10 
9.64 1.17 3.22913e-09 
9.64 1.175 1.86603e-08 
9.64 1.18 1.00562e-07 
9.64 1.185 4.99098e-07 
9.64 1.19 1.98629e-06 
9.64 1.195 6.53425e-06 
9.64 1.2 2.05211e-05 
9.64 1.205 5.42966e-05 
9.64 1.21 0.000121703 
9.64 1.215 0.000237403 
9.64 1.22 0.000423149 
9.64 1.225 0.000600339 
9.64 1.23 0.000762596 
9.64 1.235 0.000846371 
9.64 1.24 0.000798826 
9.64 1.245 0.000635459 
9.64 1.25 0.000470169 
9.64 1.255 0.000272434 
9.64 1.26 0.000134118 
9.64 1.265 2.13648e-05 
9.64 1.27 9.75987e-08 
9.65 1.16 1.71615e-10 
9.65 1.165 1.27115e-09 
9.65 1.17 8.27921e-09 
9.65 1.175 4.62298e-08 
9.65 1.18 2.46514e-07 
9.65 1.185 1.06234e-06 
9.65 1.19 3.89029e-06 
9.65 1.195 1.29657e-05 
9.65 1.2 3.83998e-05 
9.65 1.205 9.23815e-05 
9.65 1.21 0.000203804 
9.65 1.215 0.000377501 
9.65 1.22 0.000607551 
9.65 1.225 0.000841713 
9.65 1.23 0.00101394 
9.65 1.235 0.00108582 
9.65 1.24 0.000978324 
9.65 1.245 0.00076449 
9.65 1.25 0.000509171 
9.65 1.255 0.000288156 
9.65 1.26 0.000134996 
9.65 1.265 2.06934e-05 
9.65 1.27 5.05773e-08 
9.66 1.16 4.65477e-10 
9.66 1.165 3.12179e-09 
9.66 1.17 2.05796e-08 
9.66 1.175 1.08398e-07 
9.66 1.18 5.00917e-07 
9.66 1.185 2.04574e-06 
9.66 1.19 7.57052e-06 
9.66 1.195 2.30829e-05 
9.66 1.2 6.2059e-05 
9.66 1.205 0.000153216 
9.66 1.21 0.000313755 
9.66 1.215 0.000545517 
9.66 1.22 0.000855716 
9.66 1.225 0.0011612 
9.66 1.23 0.00130958 
9.66 1.235 0.00133498 
9.66 1.24 0.00113495 
9.66 1.245 0.000858232 
9.66 1.25 0.000535144 
9.66 1.255 0.000294748 
9.66 1.26 0.000129516 
9.66 1.265 1.83578e-05 
9.66 1.27 2.2344e-08 
9.67 1.155 1.5253e-10 
9.67 1.16 1.19536e-09 
9.67 1.165 7.46987e-09 
9.67 1.17 4.71041e-08 
9.67 1.175 2.46302e-07 
9.67 1.18 1.02659e-06 
9.67 1.185 4.19597e-06 
9.67 1.19 1.42654e-05 
9.67 1.195 4.17365e-05 
9.67 1.2 0.000110374 
9.67 1.205 0.000240442 
9.67 1.21 0.000475458 
9.67 1.215 0.000830915 
9.67 1.22 0.00117566 
9.67 1.225 0.00152563 
9.67 1.23 0.00166533 
9.67 1.235 0.0015987 
9.67 1.24 0.00131732 
9.67 1.245 0.000941281 
9.67 1.25 0.00057041 
9.67 1.255 0.000300158 
9.67 1.26 0.000126629 
9.67 1.265 1.55176e-05 
9.67 1.27 3.71413e-08 
9.68 1.155 4.13707e-10 
9.68 1.16 2.81054e-09 
9.68 1.165 1.83562e-08 
9.68 1.17 1.03211e-07 
9.68 1.175 5.15305e-07 
9.68 1.18 2.10779e-06 
9.68 1.185 7.68903e-06 
9.68 1.19 2.53477e-05 
9.68 1.195 7.10175e-05 
9.68 1.2 0.000181138 
9.68 1.205 0.000363587 
9.68 1.21 0.00067967 
9.68 1.215 0.00113477 
9.68 1.22 0.00153986 
9.68 1.225 0.00192478 
9.68 1.23 0.00199544 
9.68 1.235 0.00183956 
9.68 1.24 0.00143247 
9.68 1.245 0.000989384 
9.68 1.25 0.000579239 
9.68 1.255 0.000292415 
9.68 1.26 0.00011445 
9.68 1.265 1.3865e-05 
9.68 1.27 2.26483e-08 
9.69 1.15 1.26148e-10 
9.69 1.155 9.67317e-10 
9.69 1.16 6.84821e-09 
9.69 1.165 4.08266e-08 
9.69 1.17 2.17735e-07 
9.69 1.175 1.02084e-06 
9.69 1.18 4.0812e-06 
9.69 1.185 1.41294e-05 
9.69 1.19 4.313e-05 
9.69 1.195 0.000112518 
9.69 1.2 0.000261589 
9.69 1.205 0.000553698 
9.69 1.21 0.000974753 
9.69 1.215 0.00144161 
9.69 1.22 0.00204587 
9.69 1.225 0.00236011 
9.69 1.23 0.00234333 
9.69 1.235 0.00205919 
9.69 1.24 0.0015811 
9.69 1.245 0.00099567 
9.69 1.25 0.00056835 
9.69 1.255 0.000268538 
9.69 1.26 0.000104142 
9.69 1.265 9.38811e-06 
9.69 1.27 6.10546e-09 
9.7 1.15 3.17184e-10 
9.7 1.155 2.49532e-09 
9.7 1.16 1.63814e-08 
9.7 1.165 9.11457e-08 
9.7 1.17 4.5691e-07 
9.7 1.175 1.88794e-06 
9.7 1.18 7.28672e-06 
9.7 1.185 2.38678e-05 
9.7 1.19 7.05968e-05 
9.7 1.195 0.000180167 
9.7 1.2 0.0003981 
9.7 1.205 0.000762861 
9.7 1.21 0.0013461 
9.7 1.215 0.00195719 
9.7 1.22 0.00253907 
9.7 1.225 0.00288868 
9.7 1.23 0.00272967 
9.7 1.235 0.00233485 
9.7 1.24 0.00164627 
9.7 1.245 0.00103951 
9.7 1.25 0.000548024 
9.7 1.255 0.000251363 
9.7 1.26 9.19763e-05 
9.7 1.265 8.3224e-06 
9.7 1.27 9.32992e-09 
9.71 1.15 8.30164e-10 
9.71 1.155 5.87298e-09 
9.71 1.16 3.48854e-08 
9.71 1.165 1.86771e-07 
9.71 1.17 8.70128e-07 
9.71 1.175 3.65762e-06 
9.71 1.18 1.30089e-05 
9.71 1.185 4.16124e-05 
9.71 1.19 0.000111522 
9.71 1.195 0.000268038 
9.71 1.2 0.000590782 
9.71 1.205 0.00107809 
9.71 1.21 0.00177685 
9.71 1.215 0.00260075 
9.71 1.22 0.00303943 
9.71 1.225 0.00334034 
9.71 1.23 0.0030658 
9.71 1.235 0.00243773 
9.71 1.24 0.00168855 
9.71 1.245 0.00101233 
9.71 1.25 0.000496962 
9.71 1.255 0.00022133 
9.71 1.26 7.67335e-05 
9.71 1.265 6.42912e-06 
9.71 1.27 6.35946e-09 
9.72 1.15 1.87296e-09 
9.72 1.155 1.30808e-08 
9.72 1.16 7.53542e-08 
9.72 1.165 3.77761e-07 
9.72 1.17 1.729e-06 
9.72 1.175 6.66093e-06 
9.72 1.18 2.17862e-05 
9.72 1.185 6.75696e-05 
9.72 1.19 0.000180111 
9.72 1.195 0.000401386 
9.72 1.2 0.000844055 
9.72 1.205 0.00152355 
9.72 1.21 0.00228557 
9.72 1.215 0.00317373 
9.72 1.22 0.00372464 
9.72 1.225 0.00373341 
9.72 1.23 0.00336897 
9.72 1.235 0.0025245 
9.72 1.24 0.0016432 
9.72 1.245 0.000929758 
9.72 1.25 0.00046003 
9.72 1.255 0.000193845 
9.72 1.26 6.34726e-05 
9.72 1.265 5.04194e-06 
9.72 1.27 7.72632e-09 
9.73 1.145 2.42711e-10 
9.73 1.15 4.30626e-09 
9.73 1.155 2.97937e-08 
9.73 1.16 1.50536e-07 
9.73 1.165 7.23515e-07 
9.73 1.17 3.09463e-06 
9.73 1.175 1.14393e-05 
9.73 1.18 3.75713e-05 
9.73 1.185 0.000110126 
9.73 1.19 0.000264428 
9.73 1.195 0.000592623 
9.73 1.2 0.00117753 
9.73 1.205 0.00198443 
9.73 1.21 0.00294333 
9.73 1.215 0.00376075 
9.73 1.22 0.00428236 
9.73 1.225 0.00417187 
9.73 1.23 0.00357894 
9.73 1.235 0.00256812 
9.73 1.24 0.00160088 
9.73 1.245 0.000866547 
9.73 1.25 0.00040034 
9.73 1.255 0.000159799 
9.73 1.26 5.097e-05 
9.73 1.265 3.33135e-06 
9.73 1.27 1.42007e-09 
9.74 1.145 5.21855e-10 
9.74 1.15 9.74101e-09 
9.74 1.155 5.7336e-08 
9.74 1.16 3.0015e-07 
9.74 1.165 1.38088e-06 
9.74 1.17 5.66057e-06 
9.74 1.175 1.98189e-05 
9.74 1.18 6.09005e-05 
9.74 1.185 0.000165954 
9.74 1.19 0.000414001 
9.74 1.195 0.000823577 
9.74 1.2 0.00156351 
9.74 1.205 0.00249887 
9.74 1.21 0.00360072 
9.74 1.215 0.00452069 
9.74 1.22 0.00476943 
9.74 1.225 0.00450822 
9.74 1.23 0.00366274 
9.74 1.235 0.00251689 
9.74 1.24 0.00155625 
9.74 1.245 0.000786469 
9.74 1.25 0.000352122 
9.74 1.255 0.000133837 
9.74 1.26 3.85171e-05 
9.74 1.265 2.33408e-06 
9.74 1.27 1.62369e-09 
9.75 1.145 1.29389e-09 
9.75 1.15 2.05147e-08 
9.75 1.155 1.22702e-07 
9.75 1.16 5.75612e-07 
9.75 1.165 2.56919e-06 
9.75 1.17 9.44129e-06 
9.75 1.175 3.26905e-05 
9.75 1.18 0.000100728 
9.75 1.185 0.000253922 
9.75 1.19 0.000577832 
9.75 1.195 0.00119179 
9.75 1.2 0.00204197 
9.75 1.205 0.0032626 
9.75 1.21 0.00436389 
9.75 1.215 0.00505757 
9.75 1.22 0.00534197 
9.75 1.225 0.0046841 
9.75 1.23 0.00367127 
9.75 1.235 0.00246213 
9.75 1.24 0.001402 
9.75 1.245 0.000713869 
9.75 1.25 0.000306259 
9.75 1.255 0.000109461 
9.75 1.26 3.15129e-05 
9.75 1.265 1.74509e-06 
9.75 1.27 1.13784e-09 
9.76 1.145 2.70888e-09 
9.76 1.15 4.40215e-08 
9.76 1.155 2.34398e-07 
9.76 1.16 1.05426e-06 
9.76 1.165 4.69023e-06 
9.76 1.17 1.67492e-05 
9.76 1.175 5.42971e-05 
9.76 1.18 0.000147846 
9.76 1.185 0.000374959 
9.76 1.19 0.000818917 
9.76 1.195 0.00153356 
9.76 1.2 0.00264159 
9.76 1.205 0.00379267 
9.76 1.21 0.00495267 
9.76 1.215 0.00563874 
9.76 1.22 0.00555562 
9.76 1.225 0.00473381 
9.76 1.23 0.003454 
9.76 1.235 0.00223473 
9.76 1.24 0.00127327 
9.76 1.245 0.000595458 
9.76 1.25 0.000249923 
9.76 1.255 8.55104e-05 
9.76 1.26 2.3788e-05 
9.76 1.265 1.17124e-06 
9.76 1.27 8.84694e-10 
9.77 1.145 7.20025e-09 
9.77 1.15 8.77511e-08 
9.77 1.155 4.37118e-07 
9.77 1.16 1.90266e-06 
9.77 1.165 7.8557e-06 
9.77 1.17 2.53341e-05 
9.77 1.175 7.99378e-05 
9.77 1.18 0.000218676 
9.77 1.185 0.000500227 
9.77 1.19 0.00108844 
9.77 1.195 0.00194226 
9.77 1.2 0.00312964 
9.77 1.205 0.00446164 
9.77 1.21 0.00554718 
9.77 1.215 0.00593591 
9.77 1.22 0.00558497 
9.77 1.225 0.00462582 
9.77 1.23 0.00326553 
9.77 1.235 0.002032 
9.77 1.24 0.00108031 
9.77 1.245 0.0005056 
9.77 1.25 0.000192883 
9.77 1.255 6.49193e-05 
9.77 1.26 1.67285e-05 
9.77 1.265 7.70346e-07 
9.77 1.27 4.67351e-10 
9.78 1.145 1.45193e-08 
9.78 1.15 1.68389e-07 
9.78 1.155 8.74094e-07 
9.78 1.16 3.36844e-06 
9.78 1.165 1.24289e-05 
9.78 1.17 4.20258e-05 
9.78 1.175 0.000116966 
9.78 1.18 0.000311958 
9.78 1.185 0.00069871 
9.78 1.19 0.00141115 
9.78 1.195 0.00244936 
9.78 1.2 0.00385262 
9.78 1.205 0.00518399 
9.78 1.21 0.00613368 
9.78 1.215 0.00637123 
9.78 1.22 0.00574608 
9.78 1.225 0.00435359 
9.78 1.23 0.00300779 
9.78 1.235 0.00182958 
9.78 1.24 0.000900648 
9.78 1.245 0.000391809 
9.78 1.25 0.000148361 
9.78 1.255 4.7423e-05 
9.78 1.26 1.21321e-05 
9.78 1.265 4.25026e-07 
9.78 1.27 2.08651e-10 
9.79 1.145 2.87087e-08 
9.79 1.15 3.39241e-07 
9.79 1.155 1.42131e-06 
9.79 1.16 5.96922e-06 
9.79 1.165 2.07679e-05 
9.79 1.17 6.38594e-05 
9.79 1.175 0.000183351 
9.79 1.18 0.000444287 
9.79 1.185 0.000973229 
9.79 1.19 0.00181819 
9.79 1.195 0.00312156 
9.79 1.2 0.00445866 
9.79 1.205 0.00589054 
9.79 1.21 0.00653821 
9.79 1.215 0.00639804 
9.79 1.22 0.00554084 
9.79 1.225 0.00414555 
9.79 1.23 0.00276307 
9.79 1.235 0.00152049 
9.79 1.24 0.000758402 
9.79 1.245 0.00031045 
9.79 1.25 0.000114513 
9.79 1.255 3.47627e-05 
9.79 1.26 8.03115e-06 
9.79 1.265 2.82973e-07 
9.8 1.14 2.05015e-10 
9.8 1.145 5.34887e-08 
9.8 1.15 6.04659e-07 
9.8 1.155 2.4634e-06 
9.8 1.16 9.88221e-06 
9.8 1.165 3.33896e-05 
9.8 1.17 0.000100277 
9.8 1.175 0.000265541 
9.8 1.18 0.000611542 
9.8 1.185 0.00124467 
9.8 1.19 0.00230323 
9.8 1.195 0.00369617 
9.8 1.2 0.00515994 
9.8 1.205 0.00635904 
9.8 1.21 0.00687018 
9.8 1.215 0.00656119 
9.8 1.22 0.00534686 
9.8 1.225 0.0038651 
9.8 1.23 0.00237892 
9.8 1.235 0.0013228 
9.8 1.24 0.00059543 
9.8 1.245 0.000248436 
9.8 1.25 8.47288e-05 
9.8 1.255 2.61788e-05 
9.8 1.26 5.57418e-06 
9.8 1.265 2.21315e-07 
9.81 1.14 4.36093e-10 
9.81 1.145 1.02414e-07 
9.81 1.15 1.03855e-06 
9.81 1.155 4.30905e-06 
9.81 1.16 1.56416e-05 
9.81 1.165 5.04329e-05 
9.81 1.17 0.000145215 
9.81 1.175 0.000363087 
9.81 1.18 0.000815333 
9.81 1.185 0.00156924 
9.81 1.19 0.00277014 
9.81 1.195 0.00413903 
9.81 1.2 0.00576102 
9.81 1.205 0.00660307 
9.81 1.21 0.00676206 
9.81 1.215 0.00628819 
9.81 1.22 0.00504336 
9.81 1.225 0.00341125 
9.81 1.23 0.00204459 
9.81 1.235 0.00105469 
9.81 1.24 0.000465754 
9.81 1.245 0.000187909 
9.81 1.25 6.24122e-05 
9.81 1.255 1.73531e-05 
9.81 1.26 3.50513e-06 
9.81 1.265 1.14291e-07 
9.82 1.14 6.4271e-10 
9.82 1.145 2.11315e-07 
9.82 1.15 1.73263e-06 
9.82 1.155 6.72538e-06 
9.82 1.16 2.28685e-05 
9.82 1.165 7.27079e-05 
9.82 1.17 0.000194102 
9.82 1.175 0.000464533 
9.82 1.18 0.000996494 
9.82 1.185 0.00183502 
9.82 1.19 0.00310748 
9.82 1.195 0.00456101 
9.82 1.2 0.00590685 
9.82 1.205 0.00670454 
9.82 1.21 0.00685211 
9.82 1.215 0.00558888 
9.82 1.22 0.00445754 
9.82 1.225 0.00283649 
9.82 1.23 0.00166281 
9.82 1.235 0.000802046 
9.82 1.24 0.000357198 
9.82 1.245 0.000135921 
9.82 1.25 4.09406e-05 
9.82 1.255 1.20059e-05 
9.82 1.26 2.36298e-06 
9.82 1.265 6.33701e-08 
9.83 1.14 1.23212e-09 
9.83 1.145 3.56403e-07 
9.83 1.15 2.73814e-06 
9.83 1.155 1.01617e-05 
9.83 1.16 3.48067e-05 
9.83 1.165 0.00010126 
9.83 1.17 0.000257751 
9.83 1.175 0.000604388 
9.83 1.18 0.00122929 
9.83 1.185 0.00217495 
9.83 1.19 0.00350396 
9.83 1.195 0.00487766 
9.83 1.2 0.0059642 
9.83 1.205 0.0066569 
9.83 1.21 0.00628408 
9.83 1.215 0.00512846 
9.83 1.22 0.00378035 
9.83 1.225 0.00239497 
9.83 1.23 0.00130604 
9.83 1.235 0.000635768 
9.83 1.24 0.000255907 
9.83 1.245 9.45538e-05 
9.83 1.25 2.83766e-05 
9.83 1.255 7.75006e-06 
9.83 1.26 1.37753e-06 
9.83 1.265 3.5947e-08 
9.84 1.14 2.75091e-09 
9.84 1.145 6.47019e-07 
9.84 1.15 4.37352e-06 
9.84 1.155 1.56769e-05 
9.84 1.16 4.93095e-05 
9.84 1.165 0.000138392 
9.84 1.17 0.000350841 
9.84 1.175 0.000783528 
9.84 1.18 0.00142874 
9.84 1.185 0.00256659 
9.84 1.19 0.00387608 
9.84 1.195 0.00502731 
9.84 1.2 0.00605388 
9.84 1.205 0.00633986 
9.84 1.21 0.00553144 
9.84 1.215 0.00461273 
9.84 1.22 0.00317069 
9.84 1.225 0.00187701 
9.84 1.23 0.00104726 
9.84 1.235 0.00047645 
9.84 1.24 0.000190349 
9.84 1.245 6.38766e-05 
9.84 1.25 1.92442e-05 
9.84 1.255 4.78981e-06 
9.84 1.26 8.78063e-07 
9.84 1.265 1.70782e-08 
9.85 1.14 7.28747e-09 
9.85 1.145 1.14809e-06 
9.85 1.15 6.88244e-06 
9.85 1.155 2.36569e-05 
9.85 1.16 7.00398e-05 
9.85 1.165 0.000180049 
9.85 1.17 0.000452171 
9.85 1.175 0.000916845 
9.85 1.18 0.00177067 
9.85 1.185 0.00287308 
9.85 1.19 0.00407676 
9.85 1.195 0.00510333 
9.85 1.2 0.00610629 
9.85 1.205 0.00585441 
9.85 1.21 0.00509442 
9.85 1.215 0.00394826 
9.85 1.22 0.00263531 
9.85 1.225 0.0014242 
9.85 1.23 0.000821128 
9.85 1.235 0.000367384 
9.85 1.24 0.000134055 
9.85 1.245 4.30826e-05 
9.85 1.25 1.26466e-05 
9.85 1.255 3.10624e-06 
9.85 1.26 5.33865e-07 
9.85 1.265 8.60686e-09 
9.86 1.14 1.81604e-08 
9.86 1.145 1.60467e-06 
9.86 1.15 9.87522e-06 
9.86 1.155 3.40885e-05 
9.86 1.16 9.08678e-05 
9.86 1.165 0.000247731 
9.86 1.17 0.000516076 
9.86 1.175 0.0011301 
9.86 1.18 0.00196086 
9.86 1.185 0.0031209 
9.86 1.19 0.00423814 
9.86 1.195 0.00533541 
9.86 1.2 0.00561712 
9.86 1.205 0.00537611 
9.86 1.21 0.00457619 
9.86 1.215 0.00334896 
9.86 1.22 0.00201475 
9.86 1.225 0.00120876 
9.86 1.23 0.000574206 
9.86 1.235 0.000261305 
9.86 1.24 9.33123e-05 
9.86 1.245 3.02773e-05 
9.86 1.25 8.16044e-06 
9.86 1.255 1.96085e-06 
9.86 1.26 3.09433e-07 
9.86 1.265 6.00721e-09 
9.87 1.14 2.134e-08 
9.87 1.145 2.55134e-06 
9.87 1.15 1.38962e-05 
9.87 1.155 4.49615e-05 
9.87 1.16 0.000125736 
9.87 1.165 0.000298557 
9.87 1.17 0.000626476 
9.87 1.175 0.00127161 
9.87 1.18 0.00217545 
9.87 1.185 0.00336454 
9.87 1.19 0.0043504 
9.87 1.195 0.00513997 
9.87 1.2 0.00521495 
9.87 1.205 0.00483854 
9.87 1.21 0.00394906 
9.87 1.215 0.00269765 
9.87 1.22 0.0016465 
9.87 1.225 0.000897189 
9.87 1.23 0.000431073 
9.87 1.235 0.000174975 
9.87 1.24 6.24185e-05 
9.87 1.245 1.97279e-05 
9.87 1.25 5.088e-06 
9.87 1.255 1.2145e-06 
9.87 1.26 1.7732e-07 
9.87 1.265 2.24229e-09 
9.88 1.14 4.32693e-08 
9.88 1.145 3.71277e-06 
9.88 1.15 1.91716e-05 
9.88 1.155 5.71846e-05 
9.88 1.16 0.00015628 
9.88 1.165 0.000366908 
9.88 1.17 0.000718286 
9.88 1.175 0.00139141 
9.88 1.18 0.00224908 
9.88 1.185 0.00329991 
9.88 1.19 0.00430608 
9.88 1.195 0.00480592 
9.88 1.2 0.00485842 
9.88 1.205 0.00412205 
9.88 1.21 0.00326067 
9.88 1.215 0.00219606 
9.88 1.22 0.00132699 
9.88 1.225 0.000658493 
9.88 1.23 0.000298376 
9.88 1.235 0.00011865 
9.88 1.24 4.14657e-05 
9.88 1.245 1.22264e-05 
9.88 1.25 3.26607e-06 
9.88 1.255 6.82077e-07 
9.88 1.26 9.20332e-08 
9.88 1.265 1.27336e-09 
9.89 1.14 8.36676e-08 
9.89 1.145 5.60121e-06 
9.89 1.15 2.59411e-05 
9.89 1.155 7.3625e-05 
9.89 1.16 0.000193419 
9.89 1.165 0.000425467 
9.89 1.17 0.000890775 
9.89 1.175 0.00150155 
9.89 1.18 0.00247346 
9.89 1.185 0.00324738 
9.89 1.19 0.00397546 
9.89 1.195 0.00444515 
9.89 1.2 0.00427733 
9.89 1.205 0.00363099 
9.89 1.21 0.00268221 
9.89 1.215 0.00168913 
9.89 1.22 0.000979322 
9.89 1.225 0.00047938 
9.89 1.23 0.000217841 
9.89 1.235 7.72237e-05 
9.89 1.24 2.60128e-05 
9.89 1.245 7.57029e-06 
9.89 1.25 1.83816e-06 
9.89 1.255 4.0136e-07 
9.89 1.26 5.30618e-08 
9.89 1.265 5.83476e-10 
9.9 1.14 1.28583e-07 
9.9 1.145 8.47127e-06 
9.9 1.15 3.53079e-05 
9.9 1.155 9.37516e-05 
9.9 1.16 0.000224658 
9.9 1.165 0.000489783 
9.9 1.17 0.000909779 
9.9 1.175 0.0016258 
9.9 1.18 0.00236281 
9.9 1.185 0.00317934 
9.9 1.19 0.00365779 
9.9 1.195 0.00383129 
9.9 1.2 0.00342932 
9.9 1.205 0.00289718 
9.9 1.21 0.00203851 
9.9 1.215 0.00125271 
9.9 1.22 0.000691867 
9.9 1.225 0.000333777 
9.9 1.23 0.000146819 
9.9 1.235 5.2468e-05 
9.9 1.24 1.65432e-05 
9.9 1.245 4.44847e-06 
9.9 1.25 1.09025e-06 
9.9 1.255 2.2773e-07 
9.9 1.26 2.81103e-08 
9.9 1.265 2.57004e-10 
9.91 1.14 2.33933e-07 
9.91 1.145 1.12019e-05 
9.91 1.15 4.63287e-05 
9.91 1.155 0.000119432 
9.91 1.16 0.000271739 
9.91 1.165 0.00054584 
9.91 1.17 0.000994399 
9.91 1.175 0.00159722 
9.91 1.18 0.00233524 
9.91 1.185 0.00294652 
9.91 1.19 0.00334865 
9.91 1.195 0.00331778 
9.91 1.2 0.00285999 
9.91 1.205 0.00223614 
9.91 1.21 0.00152565 
9.91 1.215 0.000921383 
9.91 1.22 0.000487969 
9.91 1.225 0.000225559 
9.91 1.23 9.47902e-05 
9.91 1.235 3.40283e-05 
9.91 1.24 1.05787e-05 
9.91 1.245 2.55868e-06 
9.91 1.25 6.40884e-07 
9.91 1.255 1.28034e-07 
9.91 1.26 1.52624e-08 
9.91 1.265 1.20682e-10 
9.92 1.14 3.26907e-07 
9.92 1.145 1.56334e-05 
9.92 1.15 5.77423e-05 
9.92 1.155 0.000137741 
9.92 1.16 0.000303954 
9.92 1.165 0.000597877 
9.92 1.17 0.00101822 
9.92 1.175 0.00159171 
9.92 1.18 0.00223289 
9.92 1.185 0.00265585 
9.92 1.19 0.00287621 
9.92 1.195 0.00276079 
9.92 1.2 0.00233793 
9.92 1.205 0.00179721 
9.92 1.21 0.00114417 
9.92 1.215 0.000665986 
9.92 1.22 0.000334909 
9.92 1.225 0.000153789 
9.92 1.23 6.3454e-05 
9.92 1.235 2.08135e-05 
9.92 1.24 6.40295e-06 
9.92 1.245 1.60283e-06 
9.92 1.25 3.62341e-07 
9.92 1.255 6.93069e-08 
9.92 1.26 7.68598e-09 
9.93 1.14 5.35232e-07 
9.93 1.145 1.96948e-05 
9.93 1.15 6.8153e-05 
9.93 1.155 0.000165596 
9.93 1.16 0.000334314 
9.93 1.165 0.000632486 
9.93 1.17 0.00104451 
9.93 1.175 0.00159014 
9.93 1.18 0.00207336 
9.93 1.185 0.0024082 
9.93 1.19 0.00258905 
9.93 1.195 0.00229299 
9.93 1.2 0.00190733 
9.93 1.205 0.00138014 
9.93 1.21 0.00084026 
9.93 1.215 0.000479505 
9.93 1.22 0.000235402 
9.93 1.225 9.88821e-05 
9.93 1.23 3.93131e-05 
9.93 1.235 1.24582e-05 
9.93 1.24 3.77694e-06 
9.93 1.245 9.02687e-07 
9.93 1.25 2.04375e-07 
9.93 1.255 3.68709e-08 
9.93 1.26 4.09379e-09 
9.94 1.14 8.05779e-07 
9.94 1.145 2.59104e-05 
9.94 1.15 8.32762e-05 
9.94 1.155 0.000183621 
9.94 1.16 0.000371516 
9.94 1.165 0.000649717 
9.94 1.17 0.00106658 
9.94 1.175 0.00151133 
9.94 1.18 0.00189533 
9.94 1.185 0.00218676 
9.94 1.19 0.00220781 
9.94 1.195 0.00194315 
9.94 1.2 0.00148035 
9.94 1.205 0.00106064 
9.94 1.21 0.000631155 
9.94 1.215 0.000348366 
9.94 1.22 0.000158671 
9.94 1.225 6.58115e-05 
9.94 1.23 2.40422e-05 
9.94 1.235 7.61241e-06 
9.94 1.24 2.10727e-06 
9.94 1.245 5.03549e-07 
9.94 1.25 1.07624e-07 
9.94 1.255 1.93131e-08 
9.94 1.26 2.00572e-09 
9.95 1.135 1.14228e-10 
9.95 1.14 1.20156e-06 
9.95 1.145 2.95896e-05 
9.95 1.15 9.61064e-05 
9.95 1.155 0.000200575 
9.95 1.16 0.00039234 
9.95 1.165 0.000671062 
9.95 1.17 0.00105719 
9.95 1.175 0.00138957 
9.95 1.18 0.00174853 
9.95 1.185 0.00185339 
9.95 1.19 0.00181825 
9.95 1.195 0.00153515 
9.95 1.2 0.00116675 
9.95 1.205 0.000780817 
9.95 1.21 0.000446082 
9.95 1.215 0.000236682 
9.95 1.22 0.000107408 
9.95 1.225 4.23916e-05 
9.95 1.23 1.44276e-05 
9.95 1.235 4.41821e-06 
9.95 1.24 1.18773e-06 
9.95 1.245 2.65747e-07 
9.95 1.25 5.45081e-08 
9.95 1.255 9.79257e-09 
9.95 1.26 9.37262e-10 
9.96 1.135 1.92894e-10 
9.96 1.14 1.68648e-06 
9.96 1.145 3.53133e-05 
9.96 1.15 0.000103535 
9.96 1.155 0.000212172 
9.96 1.16 0.000397264 
9.96 1.165 0.000654829 
9.96 1.17 0.000979478 
9.96 1.175 0.00129659 
9.96 1.18 0.00151998 
9.96 1.185 0.00160266 
9.96 1.19 0.00148923 
9.96 1.195 0.00121379 
9.96 1.2 0.000883777 
9.96 1.205 0.000563728 
9.96 1.21 0.000325933 
9.96 1.215 0.000157708 
9.96 1.22 6.84058e-05 
9.96 1.225 2.63814e-05 
9.96 1.23 8.64723e-06 
9.96 1.235 2.4992e-06 
9.96 1.24 6.58827e-07 
9.96 1.245 1.47225e-07 
9.96 1.25 2.73084e-08 
9.96 1.255 4.65281e-09 
9.96 1.26 4.7315e-10 
9.97 1.135 4.58663e-10 
9.97 1.14 1.75745e-06 
9.97 1.145 3.84756e-05 
9.97 1.15 0.000109152 
9.97 1.155 0.000227094 
9.97 1.16 0.000399627 
9.97 1.165 0.000644612 
9.97 1.17 0.000924193 
9.97 1.175 0.00117376 
9.97 1.18 0.00131639 
9.97 1.185 0.00131478 
9.97 1.19 0.00117917 
9.97 1.195 0.000913308 
9.97 1.2 0.00065589 
9.97 1.205 0.00040251 
9.97 1.21 0.000216852 
9.97 1.215 0.000102996 
9.97 1.22 4.32251e-05 
9.97 1.225 1.59316e-05 
9.97 1.23 5.1298e-06 
9.97 1.235 1.42224e-06 
9.97 1.24 3.45404e-07 
9.97 1.245 7.30509e-08 
9.97 1.25 1.39758e-08 
9.97 1.255 2.14016e-09 
9.97 1.26 1.9519e-10 
9.98 1.135 1.09648e-09 
9.98 1.14 2.21259e-06 
9.98 1.145 4.38935e-05 
9.98 1.15 0.000119572 
9.98 1.155 0.000228608 
9.98 1.16 0.000396791 
9.98 1.165 0.000594331 
9.98 1.17 0.000843774 
9.98 1.175 0.00102512 
9.98 1.18 0.00113285 
9.98 1.185 0.0010787 
9.98 1.19 0.000924243 
9.98 1.195 0.000716849 
9.98 1.2 0.000480669 
9.98 1.205 0.000280653 
9.98 1.21 0.000145957 
9.98 1.215 6.67765e-05 
9.98 1.22 2.71901e-05 
9.98 1.225 9.80846e-06 
9.98 1.23 3.00134e-06 
9.98 1.235 8.1024e-07 
9.98 1.24 1.94158e-07 
9.98 1.245 3.87428e-08 
9.98 1.25 7.03372e-09 
9.98 1.255 1.06112e-09 
9.99 1.135 1.64608e-09 
9.99 1.14 2.88142e-06 
9.99 1.145 4.89405e-05 
9.99 1.15 0.000128176 
9.99 1.155 0.000227997 
9.99 1.16 0.000383622 
9.99 1.165 0.000562321 
9.99 1.17 0.000747349 
9.99 1.175 0.000875473 
9.99 1.18 0.000921247 
9.99 1.185 0.0008397 
9.99 1.19 0.000703709 
9.99 1.195 0.000515535 
9.99 1.2 0.000328449 
9.99 1.205 0.000187875 
9.99 1.21 9.76303e-05 
9.99 1.215 4.3194e-05 
9.99 1.22 1.64457e-05 
9.99 1.225 5.72043e-06 
9.99 1.23 1.70046e-06 
9.99 1.235 4.43666e-07 
9.99 1.24 1.00987e-07 
9.99 1.245 2.00375e-08 
9.99 1.25 3.53653e-09 
9.99 1.255 5.00291e-10 
10 1.135 5.59796e-10 
10 1.14 3.80123e-06 
10 1.145 5.10246e-05 
10 1.15 0.000128868 
10 1.155 0.000227233 
10 1.16 0.000362448 
10 1.165 0.000499785 
10 1.17 0.000644397 
10 1.175 0.000739072 
10 1.18 0.000734623 
10 1.185 0.000655486 
10 1.19 0.000530385 
10 1.195 0.000371537 
10 1.2 0.000236777 
10 1.205 0.000130491 
10 1.21 6.10746e-05 
10 1.215 2.67083e-05 
10 1.22 1.00087e-05 
10 1.225 3.3153e-06 
10 1.23 9.52059e-07 
10 1.235 2.40575e-07 
10 1.24 5.31472e-08 
10 1.245 9.98345e-09 
10 1.25 1.66439e-09 
10 1.255 2.34747e-10 
10.01 1.135 1.12658e-09 
10.01 1.14 4.46554e-06 
10.01 1.145 5.40251e-05 
10.01 1.15 0.000126386 
10.01 1.155 0.00021744 
10.01 1.16 0.000323935 
10.01 1.165 0.000458007 
10.01 1.17 0.000544097 
10.01 1.175 0.000591369 
10.01 1.18 0.000576141 
10.01 1.185 0.000508367 
10.01 1.19 0.000380671 
10.01 1.195 0.000267742 
10.01 1.2 0.00016346 
10.01 1.205 8.45778e-05 
10.01 1.21 3.96685e-05 
10.01 1.215 1.67111e-05 
10.01 1.22 5.96097e-06 
10.01 1.225 1.89605e-06 
10.01 1.23 5.46787e-07 
10.01 1.235 1.32463e-07 
10.01 1.24 2.85966e-08 
10.01 1.245 5.26016e-09 
10.01 1.25 8.49156e-10 
10.01 1.255 1.12218e-10 
10.02 1.135 3.2306e-09 
10.02 1.14 4.60978e-06 
10.02 1.145 5.57269e-05 
10.02 1.15 0.00012189 
10.02 1.155 0.00020222 
10.02 1.16 0.000293057 
10.02 1.165 0.000391552 
10.02 1.17 0.000454539 
10.02 1.175 0.000473738 
10.02 1.18 0.000447905 
10.02 1.185 0.000363289 
10.02 1.19 0.000279632 
10.02 1.195 0.000179809 
10.02 1.2 0.000107186 
10.02 1.205 5.67309e-05 
10.02 1.21 2.50768e-05 
10.02 1.215 9.94392e-06 
10.02 1.22 3.52295e-06 
10.02 1.225 1.09875e-06 
10.02 1.23 2.94491e-07 
10.02 1.235 6.72294e-08 
10.02 1.24 1.40361e-08 
10.02 1.245 2.41793e-09 
10.02 1.25 3.90692e-10 
10.03 1.135 2.91045e-09 
10.03 1.14 5.12391e-06 
10.03 1.145 5.45324e-05 
10.03 1.15 0.000117171 
10.03 1.155 0.000189244 
10.03 1.16 0.000268333 
10.03 1.165 0.000333106 
10.03 1.17 0.000372067 
10.03 1.175 0.000379631 
10.03 1.18 0.000335284 
10.03 1.185 0.000271913 
10.03 1.19 0.000196645 
10.03 1.195 0.000124668 
10.03 1.2 6.99383e-05 
10.03 1.205 3.55685e-05 
10.03 1.21 1.51685e-05 
10.03 1.215 6.07637e-06 
10.03 1.22 2.0414e-06 
10.03 1.225 6.08099e-07 
10.03 1.23 1.55807e-07 
10.03 1.235 3.57972e-08 
10.03 1.24 6.82532e-09 
10.03 1.245 1.2205e-09 
10.03 1.25 1.79355e-10 
10.04 1.135 5.44022e-09 
10.04 1.14 4.91375e-06 
10.04 1.145 5.4715e-05 
10.04 1.15 0.000112089 
10.04 1.155 0.000174258 
10.04 1.16 0.000231448 
10.04 1.165 0.000285275 
10.04 1.17 0.000306797 
10.04 1.175 0.000296604 
10.04 1.18 0.00025049 
10.04 1.185 0.000198438 
10.04 1.19 0.000137192 
10.04 1.195 8.22018e-05 
10.04 1.2 4.43905e-05 
10.04 1.205 2.15804e-05 
10.04 1.21 9.24709e-06 
10.04 1.215 3.48255e-06 
10.04 1.22 1.15263e-06 
10.04 1.225 3.32653e-07 
10.04 1.23 8.24801e-08 
10.04 1.235 1.76015e-08 
10.04 1.24 3.20499e-09 
10.04 1.245 5.79579e-10 
10.05 1.135 5.89917e-09 
10.05 1.14 6.85072e-06 
10.05 1.145 5.34236e-05 
10.05 1.15 0.000103974 
10.05 1.155 0.000150526 
10.05 1.16 0.000201274 
10.05 1.165 0.000233741 
10.05 1.17 0.000241593 
10.05 1.175 0.000229384 
10.05 1.18 0.000191717 
10.05 1.185 0.000141274 
10.05 1.19 9.12525e-05 
10.05 1.195 5.19954e-05 
10.05 1.2 2.77728e-05 
10.05 1.205 1.3112e-05 
10.05 1.21 5.26291e-06 
10.05 1.215 1.9068e-06 
10.05 1.22 5.94255e-07 
10.05 1.225 1.68869e-07 
10.05 1.23 4.13932e-08 
10.05 1.235 8.72614e-09 
10.05 1.24 1.57595e-09 
10.05 1.245 2.58514e-10 
10.06 1.135 8.73074e-09 
10.06 1.14 6.21271e-06 
10.06 1.145 4.92108e-05 
10.06 1.15 8.89284e-05 
10.06 1.155 0.000130438 
10.06 1.16 0.000169558 
10.06 1.165 0.000185977 
10.06 1.17 0.000191487 
10.06 1.175 0.00017299 
10.06 1.18 0.000136742 
10.06 1.185 9.62315e-05 
10.06 1.19 6.14406e-05 
10.06 1.195 3.35885e-05 
10.06 1.2 1.67803e-05 
10.06 1.205 7.71804e-06 
10.06 1.21 2.91368e-06 
10.06 1.215 1.05222e-06 
10.06 1.22 3.17176e-07 
10.06 1.225 8.66412e-08 
10.06 1.23 1.95022e-08 
10.06 1.235 4.18409e-09 
10.06 1.24 7.34174e-10 
10.06 1.245 1.14415e-10 
10.07 1.135 1.28464e-08 
10.07 1.14 5.50872e-06 
10.07 1.145 4.33718e-05 
10.07 1.15 7.72181e-05 
10.07 1.155 0.00010803 
10.07 1.16 0.000131346 
10.07 1.165 0.00014964 
10.07 1.17 0.000143873 
10.07 1.175 0.000124837 
10.07 1.18 9.68387e-05 
10.07 1.185 6.62277e-05 
10.07 1.19 3.98433e-05 
10.07 1.195 2.14631e-05 
10.07 1.2 1.04138e-05 
10.07 1.205 4.46119e-06 
10.07 1.21 1.66488e-06 
10.07 1.215 5.63513e-07 
10.07 1.22 1.597e-07 
10.07 1.225 4.08924e-08 
10.07 1.23 9.26735e-09 
10.07 1.235 1.83848e-09 
10.07 1.24 3.11184e-10 
10.08 1.135 1.01913e-08 
10.08 1.14 5.44765e-06 
10.08 1.145 3.52249e-05 
10.08 1.15 5.9387e-05 
10.08 1.155 7.96814e-05 
10.08 1.16 9.55223e-05 
10.08 1.165 0.000106802 
10.08 1.17 0.00010177 
10.08 1.175 8.65739e-05 
10.08 1.18 6.76782e-05 
10.08 1.185 4.41727e-05 
10.08 1.19 2.56166e-05 
10.08 1.195 1.37248e-05 
10.08 1.2 6.2075e-06 
10.08 1.205 2.55571e-06 
10.08 1.21 9.27957e-07 
10.08 1.215 2.9692e-07 
10.08 1.22 7.99102e-08 
10.08 1.225 2.08662e-08 
10.08 1.23 4.49753e-09 
10.08 1.235 8.56006e-10 
10.08 1.24 1.49429e-10 
10.09 1.135 1.24176e-08 
10.09 1.14 5.18328e-06 
10.09 1.145 3.03593e-05 
10.09 1.15 4.90953e-05 
10.09 1.155 6.42375e-05 
10.09 1.16 7.54829e-05 
10.09 1.165 7.55537e-05 
10.09 1.17 7.24743e-05 
10.09 1.175 6.16427e-05 
10.09 1.18 4.40909e-05 
10.09 1.185 2.82723e-05 
10.09 1.19 1.67342e-05 
10.09 1.195 8.1008e-06 
10.09 1.2 3.59874e-06 
10.09 1.205 1.43008e-06 
10.09 1.21 5.01171e-07 
10.09 1.215 1.55022e-07 
10.09 1.22 4.24249e-08 
10.09 1.225 1.02115e-08 
10.09 1.23 2.07894e-09 
10.09 1.235 4.07037e-10 
10.1 1.135 7.56099e-09 
10.1 1.14 4.56983e-06 
10.1 1.145 2.49531e-05 
10.1 1.15 4.19203e-05 
10.1 1.155 4.94798e-05 
10.1 1.16 5.77197e-05 
10.1 1.165 5.71397e-05 
10.1 1.17 5.12485e-05 
10.1 1.175 4.09249e-05 
10.1 1.18 2.9297e-05 
10.1 1.185 1.8301e-05 
10.1 1.19 9.8966e-06 
10.1 1.195 4.72771e-06 
10.1 1.2 1.99715e-06 
10.1 1.205 7.95619e-07 
10.1 1.21 2.72902e-07 
10.1 1.215 8.18387e-08 
10.1 1.22 2.09749e-08 
10.1 1.225 4.93338e-09 
10.1 1.23 9.60722e-10 
10.1 1.235 1.77004e-10 
10.11 1.135 1.98048e-08 
10.11 1.14 3.95405e-06 
10.11 1.145 2.21592e-05 
10.11 1.15 3.2171e-05 
10.11 1.155 3.92945e-05 
10.11 1.16 4.25905e-05 
10.11 1.165 4.13173e-05 
10.11 1.17 3.56865e-05 
10.11 1.175 2.73851e-05 
10.11 1.18 1.87705e-05 
10.11 1.185 1.06059e-05 
10.11 1.19 5.87357e-06 
10.11 1.195 2.77196e-06 
10.11 1.2 1.16627e-06 
10.11 1.205 4.27326e-07 
10.11 1.21 1.39027e-07 
10.11 1.215 4.02373e-08 
10.11 1.22 1.00731e-08 
10.11 1.225 2.2817e-09 
10.11 1.23 4.70515e-10 
10.12 1.135 1.42391e-08 
10.12 1.14 3.16194e-06 
10.12 1.145 1.77035e-05 
10.12 1.15 2.58445e-05 
10.12 1.155 3.06866e-05 
10.12 1.16 3.13218e-05 
10.12 1.165 2.93722e-05 
10.12 1.17 2.41765e-05 
10.12 1.175 1.83351e-05 
10.12 1.18 1.15308e-05 
10.12 1.185 6.71352e-06 
10.12 1.19 3.39448e-06 
10.12 1.195 1.56564e-06 
10.12 1.2 6.46134e-07 
10.12 1.205 2.27676e-07 
10.12 1.21 7.28693e-08 
10.12 1.215 1.9864e-08 
10.12 1.22 5.12163e-09 
10.12 1.225 1.11045e-09 
10.12 1.23 2.03423e-10 
10.13 1.135 1.04619e-08 
10.13 1.14 3.09269e-06 
10.13 1.145 1.50882e-05 
10.13 1.15 2.04074e-05 
10.13 1.155 2.20326e-05 
10.13 1.16 2.18262e-05 
10.13 1.165 1.97948e-05 
10.13 1.17 1.51261e-05 
10.13 1.175 1.11354e-05 
10.13 1.18 6.93484e-06 
10.13 1.185 3.84352e-06 
10.13 1.19 1.92323e-06 
10.13 1.195 8.68397e-07 
10.13 1.2 3.28956e-07 
10.13 1.205 1.14706e-07 
10.13 1.21 3.66991e-08 
10.13 1.215 9.78581e-09 
10.13 1.22 2.26778e-09 
10.13 1.225 5.00017e-10 
10.14 1.135 1.11851e-08 
10.14 1.14 2.41856e-06 
10.14 1.145 1.17913e-05 
10.14 1.15 1.53236e-05 
10.14 1.155 1.67823e-05 
10.14 1.16 1.56314e-05 
10.14 1.165 1.33631e-05 
10.14 1.17 9.98561e-06 
10.14 1.175 7.03419e-06 
10.14 1.18 4.09742e-06 
10.14 1.185 2.18608e-06 
10.14 1.19 1.08953e-06 
10.14 1.195 4.61676e-07 
10.14 1.2 1.71485e-07 
10.14 1.205 5.80234e-08 
10.14 1.21 1.75809e-08 
10.14 1.215 4.69113e-09 
10.14 1.22 1.06888e-09 
10.14 1.225 2.16469e-10 
