#logage logg JPDF
9.36 1.26 1.00292e-10 
9.36 1.265 1.14011e-10 
9.37 1.255 1.2214e-10 
9.37 1.26 2.59173e-10 
9.37 1.265 2.83035e-10 
9.38 1.25 1.16215e-10 
9.38 1.255 3.18864e-10 
9.38 1.26 6.443e-10 
9.38 1.265 5.64734e-10 
9.39 1.245 1.17466e-10 
9.39 1.25 3.15876e-10 
9.39 1.255 7.9245e-10 
9.39 1.26 1.57775e-09 
9.39 1.265 1.29368e-09 
9.4 1.24 1.05633e-10 
9.4 1.245 3.34984e-10 
9.4 1.25 8.67855e-10 
9.4 1.255 1.92325e-09 
9.4 1.26 3.60423e-09 
9.4 1.265 2.83433e-09 
9.41 1.24 2.87754e-10 
9.41 1.245 8.6575e-10 
9.41 1.25 2.23434e-09 
9.41 1.255 4.64545e-09 
9.41 1.26 8.27882e-09 
9.41 1.265 5.76177e-09 
9.41 1.27 1.05658e-10 
9.42 1.235 2.32913e-10 
9.42 1.24 7.97606e-10 
9.42 1.245 2.28088e-09 
9.42 1.25 5.46077e-09 
9.42 1.255 1.08153e-08 
9.42 1.26 1.79761e-08 
9.42 1.265 1.1289e-08 
9.42 1.27 2.05878e-10 
9.43 1.23 1.75353e-10 
9.43 1.235 6.37546e-10 
9.43 1.24 2.0725e-09 
9.43 1.245 5.62593e-09 
9.43 1.25 1.24707e-08 
9.43 1.255 2.40167e-08 
9.43 1.26 3.67314e-08 
9.43 1.265 2.23918e-08 
9.43 1.27 3.60075e-10 
9.44 1.225 1.20296e-10 
9.44 1.23 4.95242e-10 
9.44 1.235 1.72727e-09 
9.44 1.24 5.34167e-09 
9.44 1.245 1.36465e-08 
9.44 1.25 2.92527e-08 
9.44 1.255 5.25038e-08 
9.44 1.26 7.63755e-08 
9.44 1.265 3.77896e-08 
9.44 1.27 4.98571e-10 
9.45 1.225 3.3352e-10 
9.45 1.23 1.3189e-09 
9.45 1.235 4.56015e-09 
9.45 1.24 1.31888e-08 
9.45 1.245 3.13499e-08 
9.45 1.25 6.50128e-08 
9.45 1.255 1.08046e-07 
9.45 1.26 1.50656e-07 
9.45 1.265 7.24588e-08 
9.45 1.27 9.96821e-10 
9.46 1.22 2.17969e-10 
9.46 1.225 9.54911e-10 
9.46 1.23 3.64688e-09 
9.46 1.235 1.14785e-08 
9.46 1.24 3.1481e-08 
9.46 1.245 6.89345e-08 
9.46 1.25 1.35911e-07 
9.46 1.255 2.18254e-07 
9.46 1.26 2.85623e-07 
9.46 1.265 1.32535e-07 
9.46 1.27 1.74029e-09 
9.47 1.215 1.33226e-10 
9.47 1.22 6.149e-10 
9.47 1.225 2.63048e-09 
9.47 1.23 9.50431e-09 
9.47 1.235 2.7942e-08 
9.47 1.24 6.94602e-08 
9.47 1.245 1.49424e-07 
9.47 1.25 2.72404e-07 
9.47 1.255 4.17288e-07 
9.47 1.26 5.14198e-07 
9.47 1.265 2.32857e-07 
9.47 1.27 1.78767e-09 
9.48 1.215 3.83222e-10 
9.48 1.22 1.69078e-09 
9.48 1.225 7.01305e-09 
9.48 1.23 2.31245e-08 
9.48 1.235 6.42934e-08 
9.48 1.24 1.52598e-07 
9.48 1.245 3.15879e-07 
9.48 1.25 5.3641e-07 
9.48 1.255 7.86355e-07 
9.48 1.26 9.46085e-07 
9.48 1.265 3.64957e-07 
9.48 1.27 3.03176e-09 
9.49 1.21 2.06972e-10 
9.49 1.215 1.05946e-09 
9.49 1.22 4.65691e-09 
9.49 1.225 1.74131e-08 
9.49 1.23 5.59329e-08 
9.49 1.235 1.49234e-07 
9.49 1.24 3.37475e-07 
9.49 1.245 6.51966e-07 
9.49 1.25 1.06869e-06 
9.49 1.255 1.48142e-06 
9.49 1.26 1.61962e-06 
9.49 1.265 6.09497e-07 
9.49 1.27 5.12435e-09 
9.5 1.205 1.07438e-10 
9.5 1.21 5.90988e-10 
9.5 1.215 2.98219e-09 
9.5 1.22 1.22203e-08 
9.5 1.225 4.12998e-08 
9.5 1.23 1.25907e-07 
9.5 1.235 3.29345e-07 
9.5 1.24 6.90804e-07 
9.5 1.245 1.27676e-06 
9.5 1.25 1.9339e-06 
9.5 1.255 2.56476e-06 
9.5 1.26 2.74767e-06 
9.5 1.265 8.98974e-07 
9.5 1.27 5.47015e-09 
9.51 1.205 3.18063e-10 
9.51 1.21 1.6787e-09 
9.51 1.215 7.9119e-09 
9.51 1.22 2.99976e-08 
9.51 1.225 9.9886e-08 
9.51 1.23 2.80957e-07 
9.51 1.235 6.86582e-07 
9.51 1.24 1.40644e-06 
9.51 1.245 2.43141e-06 
9.51 1.25 3.54193e-06 
9.51 1.255 4.34957e-06 
9.51 1.26 4.44508e-06 
9.51 1.265 1.46159e-06 
9.51 1.27 5.90558e-09 
9.52 1.2 1.64813e-10 
9.52 1.205 9.00816e-10 
9.52 1.21 4.81047e-09 
9.52 1.215 1.95213e-08 
9.52 1.22 7.2837e-08 
9.52 1.225 2.29717e-07 
9.52 1.23 6.07712e-07 
9.52 1.235 1.37103e-06 
9.52 1.24 2.78974e-06 
9.52 1.245 4.49231e-06 
9.52 1.25 6.37006e-06 
9.52 1.255 7.35086e-06 
9.52 1.26 7.07693e-06 
9.52 1.265 1.88437e-06 
9.52 1.27 4.96198e-09 
9.53 1.2 4.7609e-10 
9.53 1.205 2.49435e-09 
9.53 1.21 1.18014e-08 
9.53 1.215 4.88881e-08 
9.53 1.22 1.74208e-07 
9.53 1.225 5.04782e-07 
9.53 1.23 1.23757e-06 
9.53 1.235 2.66427e-06 
9.53 1.24 4.96726e-06 
9.53 1.245 8.04392e-06 
9.53 1.25 1.06758e-05 
9.53 1.255 1.17889e-05 
9.53 1.26 1.08746e-05 
9.53 1.265 2.86704e-06 
9.53 1.27 1.53863e-08 
9.54 1.195 2.25609e-10 
9.54 1.2 1.38459e-09 
9.54 1.205 6.95798e-09 
9.54 1.21 3.05223e-08 
9.54 1.215 1.17939e-07 
9.54 1.22 3.86069e-07 
9.54 1.225 1.08167e-06 
9.54 1.23 2.57845e-06 
9.54 1.235 5.33424e-06 
9.54 1.24 9.08532e-06 
9.54 1.245 1.34966e-05 
9.54 1.25 1.76166e-05 
9.54 1.255 1.85298e-05 
9.54 1.26 1.6044e-05 
9.54 1.265 3.8425e-06 
9.54 1.27 1.60121e-08 
9.55 1.195 6.33869e-10 
9.55 1.2 3.80987e-09 
9.55 1.205 1.81041e-08 
9.55 1.21 7.55249e-08 
9.55 1.215 2.68655e-07 
9.55 1.22 8.34418e-07 
9.55 1.225 2.22972e-06 
9.55 1.23 5.00145e-06 
9.55 1.235 9.51325e-06 
9.55 1.24 1.64347e-05 
9.55 1.245 2.37275e-05 
9.55 1.25 2.71284e-05 
9.55 1.255 2.81288e-05 
9.55 1.26 2.27283e-05 
9.55 1.265 4.75649e-06 
9.55 1.27 3.2503e-08 
9.56 1.19 2.85449e-10 
9.56 1.195 1.8306e-09 
9.56 1.2 9.89323e-09 
9.56 1.205 4.42612e-08 
9.56 1.21 1.82678e-07 
9.56 1.215 6.08164e-07 
9.56 1.22 1.79968e-06 
9.56 1.225 4.29872e-06 
9.56 1.23 9.73777e-06 
9.56 1.235 1.76877e-05 
9.56 1.24 2.77922e-05 
9.56 1.245 3.72899e-05 
9.56 1.25 4.34085e-05 
9.56 1.255 4.11572e-05 
9.56 1.26 3.13408e-05 
9.56 1.265 5.77079e-06 
9.56 1.27 4.81615e-08 
9.57 1.185 1.16968e-10 
9.57 1.19 8.36144e-10 
9.57 1.195 5.00954e-09 
9.57 1.2 2.53386e-08 
9.57 1.205 1.10813e-07 
9.57 1.21 4.08613e-07 
9.57 1.215 1.36363e-06 
9.57 1.22 3.67384e-06 
9.57 1.225 8.42511e-06 
9.57 1.23 1.77601e-05 
9.57 1.235 2.91312e-05 
9.57 1.24 4.58412e-05 
9.57 1.245 5.8023e-05 
9.57 1.25 6.143e-05 
9.57 1.255 5.75729e-05 
9.57 1.26 4.1325e-05 
9.57 1.265 7.31928e-06 
9.57 1.27 2.15722e-08 
9.58 1.185 3.40362e-10 
9.58 1.19 2.18337e-09 
9.58 1.195 1.23357e-08 
9.58 1.2 6.21473e-08 
9.58 1.205 2.44753e-07 
9.58 1.21 8.62355e-07 
9.58 1.215 2.78706e-06 
9.58 1.22 7.31109e-06 
9.58 1.225 1.59723e-05 
9.58 1.23 3.08271e-05 
9.58 1.235 5.04637e-05 
9.58 1.24 7.29793e-05 
9.58 1.245 8.60922e-05 
9.58 1.25 9.0849e-05 
9.58 1.255 7.85067e-05 
9.58 1.26 5.33135e-05 
9.58 1.265 9.71202e-06 
9.58 1.27 1.95998e-08 
9.59 1.18 1.40872e-10 
9.59 1.185 9.39627e-10 
9.59 1.19 5.73041e-09 
9.59 1.195 3.09755e-08 
9.59 1.2 1.46092e-07 
9.59 1.205 5.68975e-07 
9.59 1.21 1.87115e-06 
9.59 1.215 5.5063e-06 
9.59 1.22 1.36066e-05 
9.59 1.225 2.90043e-05 
9.59 1.23 5.28161e-05 
9.59 1.235 8.55065e-05 
9.59 1.24 0.000108918 
9.59 1.245 0.000131034 
9.59 1.25 0.000128603 
9.59 1.255 0.000101908 
9.59 1.26 6.92287e-05 
9.59 1.265 1.05427e-05 
9.59 1.27 2.3945e-08 
9.6 1.18 3.79294e-10 
9.6 1.185 2.5335e-09 
9.6 1.19 1.56696e-08 
9.6 1.195 7.41757e-08 
9.6 1.2 3.42683e-07 
9.6 1.205 1.24911e-06 
9.6 1.21 3.91395e-06 
9.6 1.215 1.08835e-05 
9.6 1.22 2.55802e-05 
9.6 1.225 5.12847e-05 
9.6 1.23 8.72474e-05 
9.6 1.235 0.000133726 
9.6 1.24 0.000167687 
9.6 1.245 0.000184225 
9.6 1.25 0.000169802 
9.6 1.255 0.000137806 
9.6 1.26 8.55877e-05 
9.6 1.265 1.31891e-05 
9.6 1.27 1.87654e-08 
9.61 1.175 1.47378e-10 
9.61 1.18 1.09185e-09 
9.61 1.185 6.99503e-09 
9.61 1.19 3.81598e-08 
9.61 1.195 1.7929e-07 
9.61 1.2 7.27622e-07 
9.61 1.205 2.55014e-06 
9.61 1.21 7.85213e-06 
9.61 1.215 2.01162e-05 
9.61 1.22 4.40931e-05 
9.61 1.225 8.61119e-05 
9.61 1.23 0.000136768 
9.61 1.235 0.00019891 
9.61 1.24 0.000236713 
9.61 1.245 0.00024936 
9.61 1.25 0.000221179 
9.61 1.255 0.000175468 
9.61 1.26 0.000104453 
9.61 1.265 1.35103e-05 
9.61 1.27 9.75076e-09 
9.62 1.175 4.22005e-10 
9.62 1.18 2.99293e-09 
9.62 1.185 1.69098e-08 
9.62 1.19 9.07533e-08 
9.62 1.195 3.98799e-07 
9.62 1.2 1.59337e-06 
9.62 1.205 5.14433e-06 
9.62 1.21 1.50327e-05 
9.62 1.215 3.61208e-05 
9.62 1.22 7.64803e-05 
9.62 1.225 0.000139738 
9.62 1.23 0.00021689 
9.62 1.235 0.00029388 
9.62 1.24 0.000335893 
9.62 1.245 0.000347784 
9.62 1.25 0.000294975 
9.62 1.255 0.000208747 
9.62 1.26 0.000120701 
9.62 1.265 1.4708e-05 
9.62 1.27 1.25994e-08 
9.63 1.17 1.57801e-10 
9.63 1.175 1.17276e-09 
9.63 1.18 7.54167e-09 
9.63 1.185 4.25609e-08 
9.63 1.19 2.09864e-07 
9.63 1.195 9.36618e-07 
9.63 1.2 3.22486e-06 
9.63 1.205 1.0357e-05 
9.63 1.21 2.75468e-05 
9.63 1.215 6.28363e-05 
9.63 1.22 0.000128216 
9.63 1.225 0.000222148 
9.63 1.23 0.000338762 
9.63 1.235 0.000451856 
9.63 1.24 0.00048355 
9.63 1.245 0.000458761 
9.63 1.25 0.000375553 
9.63 1.255 0.00025092 
9.63 1.26 0.000130109 
9.63 1.265 1.5148e-05 
9.63 1.27 1.48313e-08 
9.64 1.17 4.47624e-10 
9.64 1.175 3.13517e-09 
9.64 1.18 1.85564e-08 
9.64 1.185 1.06283e-07 
9.64 1.19 4.77063e-07 
9.64 1.195 1.79737e-06 
9.64 1.2 6.30413e-06 
9.64 1.205 1.90594e-05 
9.64 1.21 4.89119e-05 
9.64 1.215 0.000106547 
9.64 1.22 0.000212869 
9.64 1.225 0.000348485 
9.64 1.23 0.000479974 
9.64 1.235 0.000602226 
9.64 1.24 0.000631477 
9.64 1.245 0.000559486 
9.64 1.25 0.000443056 
9.64 1.255 0.000280951 
9.64 1.26 0.000143821 
9.64 1.265 1.36787e-05 
9.64 1.27 3.35418e-08 
9.65 1.165 1.61755e-10 
9.65 1.17 1.24715e-09 
9.65 1.175 8.23334e-09 
9.65 1.18 4.97283e-08 
9.65 1.185 2.29603e-07 
9.65 1.19 1.01246e-06 
9.65 1.195 3.94015e-06 
9.65 1.2 1.2693e-05 
9.65 1.205 3.53796e-05 
9.65 1.21 8.71478e-05 
9.65 1.215 0.00018087 
9.65 1.22 0.000327818 
9.65 1.225 0.000503382 
9.65 1.23 0.000670943 
9.65 1.235 0.000813907 
9.65 1.24 0.000797887 
9.65 1.245 0.000690925 
9.65 1.25 0.000511081 
9.65 1.255 0.000311255 
9.65 1.26 0.000149327 
9.65 1.265 1.32078e-05 
9.65 1.27 1.04008e-08 
9.66 1.165 4.38275e-10 
9.66 1.17 3.39657e-09 
9.66 1.175 2.127e-08 
9.66 1.18 1.08271e-07 
9.66 1.185 5.17388e-07 
9.66 1.19 2.13485e-06 
9.66 1.195 7.33164e-06 
9.66 1.2 2.23995e-05 
9.66 1.205 6.19256e-05 
9.66 1.21 0.000144575 
9.66 1.215 0.00028141 
9.66 1.22 0.000481954 
9.66 1.225 0.000711237 
9.66 1.23 0.000910725 
9.66 1.235 0.00102063 
9.66 1.24 0.000954439 
9.66 1.245 0.000783291 
9.66 1.25 0.000540594 
9.66 1.255 0.000336163 
9.66 1.26 0.000144553 
9.66 1.265 1.0714e-05 
9.66 1.27 1.46953e-09 
9.67 1.16 1.56093e-10 
9.67 1.165 1.14269e-09 
9.67 1.17 8.57235e-09 
9.67 1.175 5.12558e-08 
9.67 1.18 2.44854e-07 
9.67 1.185 1.12009e-06 
9.67 1.19 4.37639e-06 
9.67 1.195 1.42709e-05 
9.67 1.2 4.23088e-05 
9.67 1.205 0.000104415 
9.67 1.21 0.000230267 
9.67 1.215 0.000444877 
9.67 1.22 0.000708239 
9.67 1.225 0.0010033 
9.67 1.23 0.00122693 
9.67 1.235 0.00128395 
9.67 1.24 0.00118871 
9.67 1.245 0.000901629 
9.67 1.25 0.000612629 
9.67 1.255 0.000354122 
9.67 1.26 0.00015109 
9.67 1.265 1.10487e-05 
9.67 1.27 4.58985e-09 
9.68 1.16 4.06237e-10 
9.68 1.165 3.02043e-09 
9.68 1.17 2.1337e-08 
9.68 1.175 1.1378e-07 
9.68 1.18 5.31125e-07 
9.68 1.185 2.29238e-06 
9.68 1.19 8.1783e-06 
9.68 1.195 2.64658e-05 
9.68 1.2 7.23062e-05 
9.68 1.205 0.000169839 
9.68 1.21 0.000360258 
9.68 1.215 0.000647947 
9.68 1.22 0.00100883 
9.68 1.225 0.00134535 
9.68 1.23 0.00158643 
9.68 1.235 0.00157675 
9.68 1.24 0.00136319 
9.68 1.245 0.00103292 
9.68 1.25 0.000669081 
9.68 1.255 0.000362211 
9.68 1.26 0.000144732 
9.68 1.265 9.7278e-06 
9.68 1.27 2.44197e-09 
9.69 1.155 1.28709e-10 
9.69 1.16 1.05774e-09 
9.69 1.165 7.22253e-09 
9.69 1.17 4.48184e-08 
9.69 1.175 2.488e-07 
9.69 1.18 1.0996e-06 
9.69 1.185 4.28989e-06 
9.69 1.19 1.47955e-05 
9.69 1.195 4.58643e-05 
9.69 1.2 0.000117783 
9.69 1.205 0.000277844 
9.69 1.21 0.000552139 
9.69 1.215 0.000912911 
9.69 1.22 0.00138674 
9.69 1.225 0.00179706 
9.69 1.23 0.00196208 
9.69 1.235 0.00190323 
9.69 1.24 0.00159686 
9.69 1.245 0.00111217 
9.69 1.25 0.000688248 
9.69 1.255 0.000360214 
9.69 1.26 0.000133018 
9.69 1.265 8.17975e-06 
9.69 1.27 5.62317e-10 
9.7 1.155 3.45329e-10 
9.7 1.16 2.66448e-09 
9.7 1.165 1.72472e-08 
9.7 1.17 9.93942e-08 
9.7 1.175 4.94379e-07 
9.7 1.18 2.11315e-06 
9.7 1.185 7.9388e-06 
9.7 1.19 2.58428e-05 
9.7 1.195 7.39723e-05 
9.7 1.2 0.000189349 
9.7 1.205 0.000407707 
9.7 1.21 0.000807417 
9.7 1.215 0.00128738 
9.7 1.22 0.00186569 
9.7 1.225 0.0023228 
9.7 1.23 0.00242854 
9.7 1.235 0.00223508 
9.7 1.24 0.00175807 
9.7 1.245 0.00123829 
9.7 1.25 0.000688604 
9.7 1.255 0.000346507 
9.7 1.26 0.000123423 
9.7 1.265 6.32449e-06 
9.7 1.27 1.61496e-09 
9.71 1.15 1.09931e-10 
9.71 1.155 8.86753e-10 
9.71 1.16 6.44395e-09 
9.71 1.165 3.72399e-08 
9.71 1.17 2.08597e-07 
9.71 1.175 9.69571e-07 
9.71 1.18 3.9423e-06 
9.71 1.185 1.45241e-05 
9.71 1.19 4.38327e-05 
9.71 1.195 0.000117848 
9.71 1.2 0.000292813 
9.71 1.205 0.000606818 
9.71 1.21 0.00111318 
9.71 1.215 0.00179409 
9.71 1.22 0.00240837 
9.71 1.225 0.00273468 
9.71 1.23 0.00283336 
9.71 1.235 0.00246636 
9.71 1.24 0.00187696 
9.71 1.245 0.0012276 
9.71 1.25 0.000664873 
9.71 1.255 0.000321477 
9.71 1.26 0.00010963 
9.71 1.265 4.66429e-06 
9.71 1.27 9.4648e-10 
9.72 1.15 2.81413e-10 
9.72 1.155 2.1453e-09 
9.72 1.16 1.48557e-08 
9.72 1.165 8.15717e-08 
9.72 1.17 4.29001e-07 
9.72 1.175 1.95021e-06 
9.72 1.18 7.03489e-06 
9.72 1.185 2.51697e-05 
9.72 1.19 7.50919e-05 
9.72 1.195 0.000190155 
9.72 1.2 0.000441114 
9.72 1.205 0.000894582 
9.72 1.21 0.0015127 
9.72 1.215 0.00234198 
9.72 1.22 0.00296807 
9.72 1.225 0.00326461 
9.72 1.23 0.00320576 
9.72 1.235 0.00267021 
9.72 1.24 0.00187826 
9.72 1.245 0.00119469 
9.72 1.25 0.000623873 
9.72 1.255 0.000288828 
9.72 1.26 8.77158e-05 
9.72 1.265 3.95223e-06 
9.72 1.27 1.32239e-09 
9.73 1.15 7.10014e-10 
9.73 1.155 5.37232e-09 
9.73 1.16 3.26134e-08 
9.73 1.165 1.73768e-07 
9.73 1.17 8.6173e-07 
9.73 1.175 3.6246e-06 
9.73 1.18 1.29373e-05 
9.73 1.185 4.42164e-05 
9.73 1.19 0.000120597 
9.73 1.195 0.000299651 
9.73 1.2 0.000659547 
9.73 1.205 0.00125889 
9.73 1.21 0.00205926 
9.73 1.215 0.00290407 
9.73 1.22 0.00359452 
9.73 1.225 0.00388097 
9.73 1.23 0.00357318 
9.73 1.235 0.00283891 
9.73 1.24 0.00190595 
9.73 1.245 0.00113343 
9.73 1.25 0.000579264 
9.73 1.255 0.000245363 
9.73 1.26 7.4868e-05 
9.73 1.265 2.92046e-06 
9.73 1.27 4.43289e-10 
9.74 1.145 1.54437e-10 
9.74 1.15 1.81296e-09 
9.74 1.155 1.16182e-08 
9.74 1.16 7.07231e-08 
9.74 1.165 3.70851e-07 
9.74 1.17 1.62523e-06 
9.74 1.175 6.83825e-06 
9.74 1.18 2.32152e-05 
9.74 1.185 7.18075e-05 
9.74 1.19 0.000196334 
9.74 1.195 0.000454004 
9.74 1.2 0.00091534 
9.74 1.205 0.00168085 
9.74 1.21 0.00265622 
9.74 1.215 0.00370813 
9.74 1.22 0.00426907 
9.74 1.225 0.00437993 
9.74 1.23 0.00391063 
9.74 1.235 0.00299179 
9.74 1.24 0.00194329 
9.74 1.245 0.00106795 
9.74 1.25 0.000527782 
9.74 1.255 0.000218531 
9.74 1.26 5.73382e-05 
9.74 1.265 2.17258e-06 
9.74 1.27 6.06262e-10 
9.75 1.145 3.57399e-10 
9.75 1.15 4.1511e-09 
9.75 1.155 2.68593e-08 
9.75 1.16 1.42596e-07 
9.75 1.165 7.27857e-07 
9.75 1.17 3.17291e-06 
9.75 1.175 1.18562e-05 
9.75 1.18 4.0531e-05 
9.75 1.185 0.000117606 
9.75 1.19 0.00029943 
9.75 1.195 0.000672667 
9.75 1.2 0.00130866 
9.75 1.205 0.00223395 
9.75 1.21 0.00346431 
9.75 1.215 0.00441421 
9.75 1.22 0.00514848 
9.75 1.225 0.00490156 
9.75 1.23 0.00409921 
9.75 1.235 0.00306856 
9.75 1.24 0.00186244 
9.75 1.245 0.000999036 
9.75 1.25 0.000479724 
9.75 1.255 0.000188845 
9.75 1.26 5.02253e-05 
9.75 1.265 1.29865e-06 
9.75 1.27 6.50165e-10 
9.76 1.145 8.40691e-10 
9.76 1.15 9.65604e-09 
9.76 1.155 5.74009e-08 
9.76 1.16 3.0213e-07 
9.76 1.165 1.48499e-06 
9.76 1.17 5.87776e-06 
9.76 1.175 2.16271e-05 
9.76 1.18 6.65426e-05 
9.76 1.185 0.000183788 
9.76 1.19 0.000441691 
9.76 1.195 0.000938123 
9.76 1.2 0.00175573 
9.76 1.205 0.00279788 
9.76 1.21 0.00401772 
9.76 1.215 0.00501893 
9.76 1.22 0.00552808 
9.76 1.225 0.0050913 
9.76 1.23 0.00411643 
9.76 1.235 0.00292494 
9.76 1.24 0.00175069 
9.76 1.245 0.000872157 
9.76 1.25 0.000412636 
9.76 1.255 0.000148319 
9.76 1.26 3.94357e-05 
9.76 1.265 9.89198e-07 
9.76 1.27 2.06403e-10 
9.77 1.145 2.17306e-09 
9.77 1.15 2.08727e-08 
9.77 1.155 1.14729e-07 
9.77 1.16 5.7736e-07 
9.77 1.165 2.58033e-06 
9.77 1.17 9.85876e-06 
9.77 1.175 3.39148e-05 
9.77 1.18 0.000101696 
9.77 1.185 0.000273012 
9.77 1.19 0.000632788 
9.77 1.195 0.00128391 
9.77 1.2 0.00221486 
9.77 1.205 0.00356713 
9.77 1.21 0.00490998 
9.77 1.215 0.00562696 
9.77 1.22 0.00566416 
9.77 1.225 0.00526045 
9.77 1.23 0.0039279 
9.77 1.235 0.00272491 
9.77 1.24 0.00153794 
9.77 1.245 0.000803077 
9.77 1.25 0.000322888 
9.77 1.255 0.000123433 
9.77 1.26 2.79531e-05 
9.77 1.265 6.31083e-07 
9.77 1.27 1.19319e-10 
9.78 1.145 4.73611e-09 
9.78 1.15 4.3603e-08 
9.78 1.155 2.39453e-07 
9.78 1.16 1.0863e-06 
9.78 1.165 4.54416e-06 
9.78 1.17 1.73916e-05 
9.78 1.175 5.66019e-05 
9.78 1.18 0.000156195 
9.78 1.185 0.000411706 
9.78 1.19 0.000866811 
9.78 1.195 0.00170525 
9.78 1.2 0.00292423 
9.78 1.205 0.00425034 
9.78 1.21 0.00554447 
9.78 1.215 0.00643181 
9.78 1.22 0.00593374 
9.78 1.225 0.00531459 
9.78 1.23 0.00369131 
9.78 1.235 0.002506 
9.78 1.24 0.001333 
9.78 1.245 0.000641603 
9.78 1.25 0.000253241 
9.78 1.255 9.15721e-05 
9.78 1.26 2.02508e-05 
9.78 1.265 3.30706e-07 
9.79 1.145 9.87127e-09 
9.79 1.15 9.36054e-08 
9.79 1.155 4.4739e-07 
9.79 1.16 2.0211e-06 
9.79 1.165 8.33867e-06 
9.79 1.17 2.83598e-05 
9.79 1.175 9.1281e-05 
9.79 1.18 0.000245531 
9.79 1.185 0.000587324 
9.79 1.19 0.00121583 
9.79 1.195 0.00225432 
9.79 1.2 0.00357618 
9.79 1.205 0.00509049 
9.79 1.21 0.00619038 
9.79 1.215 0.00669981 
9.79 1.22 0.00632256 
9.79 1.225 0.00508613 
9.79 1.23 0.0035783 
9.79 1.235 0.002219 
9.79 1.24 0.00112806 
9.79 1.245 0.000526355 
9.79 1.25 0.000202475 
9.79 1.255 6.98026e-05 
9.79 1.26 1.39158e-05 
9.79 1.265 2.99906e-07 
9.8 1.14 2.11988e-10 
9.8 1.145 2.17458e-08 
9.8 1.15 1.78023e-07 
9.8 1.155 8.60424e-07 
9.8 1.16 3.50735e-06 
9.8 1.165 1.40142e-05 
9.8 1.17 4.70351e-05 
9.8 1.175 0.000141137 
9.8 1.18 0.000348376 
9.8 1.185 0.000811151 
9.8 1.19 0.00156813 
9.8 1.195 0.00282793 
9.8 1.2 0.00428405 
9.8 1.205 0.00578475 
9.8 1.21 0.00666579 
9.8 1.215 0.00719429 
9.8 1.22 0.00617707 
9.8 1.225 0.00493559 
9.8 1.23 0.00317347 
9.8 1.235 0.00197145 
9.8 1.24 0.000946132 
9.8 1.245 0.000433555 
9.8 1.25 0.000153221 
9.8 1.255 4.99072e-05 
9.8 1.26 9.86051e-06 
9.8 1.265 1.68008e-07 
9.81 1.14 3.23141e-10 
9.81 1.145 4.79922e-08 
9.81 1.15 3.54091e-07 
9.81 1.155 1.60121e-06 
9.81 1.16 6.47094e-06 
9.81 1.165 2.30963e-05 
9.81 1.17 7.38169e-05 
9.81 1.175 0.000201625 
9.81 1.18 0.000482808 
9.81 1.185 0.00105542 
9.81 1.19 0.00194275 
9.81 1.195 0.00335476 
9.81 1.2 0.00487206 
9.81 1.205 0.00628283 
9.81 1.21 0.00686383 
9.81 1.215 0.00708734 
9.81 1.22 0.00586718 
9.81 1.225 0.00447613 
9.81 1.23 0.00289968 
9.81 1.235 0.00162405 
9.81 1.24 0.000766519 
9.81 1.245 0.000323553 
9.81 1.25 0.000115663 
9.81 1.255 3.60747e-05 
9.81 1.26 6.47364e-06 
9.81 1.265 9.14102e-08 
9.82 1.14 6.94518e-10 
9.82 1.145 9.15565e-08 
9.82 1.15 6.20368e-07 
9.82 1.155 2.73286e-06 
9.82 1.16 9.97032e-06 
9.82 1.165 3.56492e-05 
9.82 1.17 0.000102905 
9.82 1.175 0.000279201 
9.82 1.18 0.000643962 
9.82 1.185 0.00131154 
9.82 1.19 0.00239396 
9.82 1.195 0.00375089 
9.82 1.2 0.00529317 
9.82 1.205 0.00660253 
9.82 1.21 0.00702836 
9.82 1.215 0.00643474 
9.82 1.22 0.00542427 
9.82 1.225 0.00385783 
9.82 1.23 0.00236032 
9.82 1.235 0.00127365 
9.82 1.24 0.000593926 
9.82 1.245 0.0002462 
9.82 1.25 8.21511e-05 
9.82 1.255 2.42806e-05 
9.82 1.26 4.17181e-06 
9.82 1.265 4.84302e-08 
9.83 1.14 1.5914e-09 
9.83 1.145 1.78443e-07 
9.83 1.15 1.07943e-06 
9.83 1.155 4.54111e-06 
9.83 1.16 1.61898e-05 
9.83 1.165 5.36521e-05 
9.83 1.17 0.000147939 
9.83 1.175 0.000378103 
9.83 1.18 0.000848869 
9.83 1.185 0.00164978 
9.83 1.19 0.00276226 
9.83 1.195 0.00427425 
9.83 1.2 0.00572622 
9.83 1.205 0.00670405 
9.83 1.21 0.006895 
9.83 1.215 0.00605641 
9.83 1.22 0.00486196 
9.83 1.225 0.00323426 
9.83 1.23 0.00196635 
9.83 1.235 0.000998279 
9.83 1.24 0.000434649 
9.83 1.245 0.000180569 
9.83 1.25 5.61965e-05 
9.83 1.255 1.68084e-05 
9.83 1.26 2.72118e-06 
9.83 1.265 2.46773e-08 
9.84 1.14 3.35132e-09 
9.84 1.145 3.2504e-07 
9.84 1.15 1.76612e-06 
9.84 1.155 7.36598e-06 
9.84 1.16 2.48605e-05 
9.84 1.165 7.76579e-05 
9.84 1.17 0.000212652 
9.84 1.175 0.000507926 
9.84 1.18 0.00105084 
9.84 1.185 0.00192871 
9.84 1.19 0.00326945 
9.84 1.195 0.00458181 
9.84 1.2 0.00593594 
9.84 1.205 0.00663616 
9.84 1.21 0.00629141 
9.84 1.215 0.00574223 
9.84 1.22 0.00417104 
9.84 1.225 0.00273816 
9.84 1.23 0.00157792 
9.84 1.235 0.000759205 
9.84 1.24 0.000334499 
9.84 1.245 0.000121102 
9.84 1.25 3.94217e-05 
9.84 1.255 1.05178e-05 
9.84 1.26 1.60752e-06 
9.84 1.265 1.41286e-08 
9.85 1.14 7.6417e-09 
9.85 1.145 5.91321e-07 
9.85 1.15 3.13353e-06 
9.85 1.155 1.15719e-05 
9.85 1.16 3.85829e-05 
9.85 1.165 0.000107129 
9.85 1.17 0.000289957 
9.85 1.175 0.000640631 
9.85 1.18 0.00135565 
9.85 1.185 0.00229551 
9.85 1.19 0.00363125 
9.85 1.195 0.00479716 
9.85 1.2 0.00615021 
9.85 1.205 0.00644274 
9.85 1.21 0.00603352 
9.85 1.215 0.00498957 
9.85 1.22 0.00346681 
9.85 1.225 0.00217826 
9.85 1.23 0.00122726 
9.85 1.235 0.00061447 
9.85 1.24 0.000234181 
9.85 1.245 8.4213e-05 
9.85 1.25 2.54022e-05 
9.85 1.255 6.78478e-06 
9.85 1.26 9.90241e-07 
9.85 1.265 5.9909e-09 
9.86 1.14 1.86155e-08 
9.86 1.145 9.26512e-07 
9.86 1.15 4.61071e-06 
9.86 1.155 1.73603e-05 
9.86 1.16 5.35016e-05 
9.86 1.165 0.000152214 
9.86 1.17 0.000356936 
9.86 1.175 0.000821404 
9.86 1.18 0.00155907 
9.86 1.185 0.00258853 
9.86 1.19 0.00393029 
9.86 1.195 0.0050875 
9.86 1.2 0.00590289 
9.86 1.205 0.00609969 
9.86 1.21 0.005463 
9.86 1.215 0.00432572 
9.86 1.22 0.0027911 
9.86 1.225 0.00181308 
9.86 1.23 0.000912739 
9.86 1.235 0.000437034 
9.86 1.24 0.00017038 
9.86 1.245 5.83719e-05 
9.86 1.25 1.6745e-05 
9.86 1.255 4.41376e-06 
9.86 1.26 5.5935e-07 
9.86 1.265 4.89771e-09 
9.87 1.14 3.46025e-08 
9.87 1.145 1.51657e-06 
9.87 1.15 7.0325e-06 
9.87 1.155 2.4742e-05 
9.87 1.16 7.35971e-05 
9.87 1.165 0.000198558 
9.87 1.17 0.000446786 
9.87 1.175 0.000954649 
9.87 1.18 0.00177999 
9.87 1.185 0.00289704 
9.87 1.19 0.00409103 
9.87 1.195 0.0050715 
9.87 1.2 0.00576208 
9.87 1.205 0.00551656 
9.87 1.21 0.00469274 
9.87 1.215 0.00368601 
9.87 1.22 0.00232176 
9.87 1.225 0.00140137 
9.87 1.23 0.000684912 
9.87 1.235 0.000305374 
9.87 1.24 0.000117639 
9.87 1.245 3.94419e-05 
9.87 1.25 1.09283e-05 
9.87 1.255 2.69282e-06 
9.87 1.26 3.23838e-07 
9.87 1.265 1.63282e-09 
9.88 1.14 5.61563e-08 
9.88 1.145 2.31533e-06 
9.88 1.15 9.925e-06 
9.88 1.155 3.37174e-05 
9.88 1.16 9.2027e-05 
9.88 1.165 0.000254838 
9.88 1.17 0.000530261 
9.88 1.175 0.00112893 
9.88 1.18 0.00196222 
9.88 1.185 0.00298682 
9.88 1.19 0.00428726 
9.88 1.195 0.00489239 
9.88 1.2 0.0054733 
9.88 1.205 0.0050448 
9.88 1.21 0.00420887 
9.88 1.215 0.00298034 
9.88 1.22 0.00188784 
9.88 1.225 0.00105957 
9.88 1.23 0.000489614 
9.88 1.235 0.000216072 
9.88 1.24 7.9684e-05 
9.88 1.245 2.50259e-05 
9.88 1.25 7.04471e-06 
9.88 1.255 1.59851e-06 
9.88 1.26 1.91721e-07 
9.88 1.265 7.70945e-10 
9.89 1.14 1.23807e-07 
9.89 1.145 3.74122e-06 
9.89 1.15 1.53085e-05 
9.89 1.155 4.41006e-05 
9.89 1.16 0.000129155 
9.89 1.165 0.000294834 
9.89 1.17 0.000660779 
9.89 1.175 0.00125747 
9.89 1.18 0.00214514 
9.89 1.185 0.00312 
9.89 1.19 0.00405602 
9.89 1.195 0.00477402 
9.89 1.2 0.00499159 
9.89 1.205 0.00440521 
9.89 1.21 0.00353229 
9.89 1.215 0.00243315 
9.89 1.22 0.00142833 
9.89 1.225 0.00079474 
9.89 1.23 0.000361308 
9.89 1.235 0.000144188 
9.89 1.24 5.16982e-05 
9.89 1.245 1.56e-05 
9.89 1.25 4.18281e-06 
9.89 1.255 9.53557e-07 
9.89 1.26 1.03325e-07 
9.89 1.265 3.95275e-10 
9.9 1.14 1.85295e-07 
9.9 1.145 5.71966e-06 
9.9 1.15 2.1378e-05 
9.9 1.155 6.10671e-05 
9.9 1.16 0.000150648 
9.9 1.165 0.000362666 
9.9 1.17 0.000712449 
9.9 1.175 0.00135308 
9.9 1.18 0.00215436 
9.9 1.185 0.00313736 
9.9 1.19 0.00385763 
9.9 1.195 0.00423249 
9.9 1.2 0.00426881 
9.9 1.205 0.00363987 
9.9 1.21 0.00282339 
9.9 1.215 0.0018707 
9.9 1.22 0.00108299 
9.9 1.225 0.00055744 
9.9 1.23 0.000255548 
9.9 1.235 0.000100442 
9.9 1.24 3.22541e-05 
9.9 1.245 9.56018e-06 
9.9 1.25 2.52966e-06 
9.9 1.255 5.5053e-07 
9.9 1.26 5.18204e-08 
9.9 1.265 1.33704e-10 
9.91 1.135 1.18471e-10 
9.91 1.14 3.0092e-07 
9.91 1.145 8.00108e-06 
9.91 1.15 2.87652e-05 
9.91 1.155 7.97493e-05 
9.91 1.16 0.000193275 
9.91 1.165 0.000401122 
9.91 1.17 0.000812215 
9.91 1.175 0.0013982 
9.91 1.18 0.00214043 
9.91 1.185 0.00290735 
9.91 1.19 0.00359204 
9.91 1.195 0.00373871 
9.91 1.2 0.00349959 
9.91 1.205 0.00294592 
9.91 1.21 0.00218884 
9.91 1.215 0.00135665 
9.91 1.22 0.000769906 
9.91 1.225 0.000392592 
9.91 1.23 0.000170154 
9.91 1.235 6.62395e-05 
9.91 1.24 2.14686e-05 
9.91 1.245 5.8396e-06 
9.91 1.25 1.46972e-06 
9.91 1.255 3.02153e-07 
9.91 1.26 2.7379e-08 
9.92 1.14 5.15593e-07 
9.92 1.145 1.11833e-05 
9.92 1.15 3.70968e-05 
9.92 1.155 9.88909e-05 
9.92 1.16 0.000227446 
9.92 1.165 0.000456652 
9.92 1.17 0.0008497 
9.92 1.175 0.00146592 
9.92 1.18 0.00203266 
9.92 1.185 0.00275344 
9.92 1.19 0.00312783 
9.92 1.195 0.00321342 
9.92 1.2 0.00291032 
9.92 1.205 0.0023253 
9.92 1.21 0.00165004 
9.92 1.215 0.00102068 
9.92 1.22 0.000555244 
9.92 1.225 0.000271323 
9.92 1.23 0.000116037 
9.92 1.235 4.10245e-05 
9.92 1.24 1.34874e-05 
9.92 1.245 3.5933e-06 
9.92 1.25 8.46656e-07 
9.92 1.255 1.66444e-07 
9.92 1.26 1.54752e-08 
9.93 1.135 1.10731e-10 
9.93 1.14 8.30119e-07 
9.93 1.145 1.5048e-05 
9.93 1.15 4.82945e-05 
9.93 1.155 0.000119028 
9.93 1.16 0.000260259 
9.93 1.165 0.000519255 
9.93 1.17 0.000899382 
9.93 1.175 0.00142847 
9.93 1.18 0.00200715 
9.93 1.185 0.00247893 
9.93 1.19 0.00279667 
9.93 1.195 0.00270911 
9.93 1.2 0.00241054 
9.93 1.205 0.00184553 
9.93 1.21 0.00122692 
9.93 1.215 0.000749717 
9.93 1.22 0.000388111 
9.93 1.225 0.000187228 
9.93 1.23 7.30668e-05 
9.93 1.235 2.54493e-05 
9.93 1.24 8.06071e-06 
9.93 1.245 2.04636e-06 
9.93 1.25 4.78787e-07 
9.93 1.255 9.04997e-08 
9.93 1.26 7.58987e-09 
9.94 1.135 2.26595e-10 
9.94 1.14 1.01697e-06 
9.94 1.145 2.03672e-05 
9.94 1.15 5.8363e-05 
9.94 1.155 0.00013306 
9.94 1.16 0.000295922 
9.94 1.165 0.000530092 
9.94 1.17 0.000946736 
9.94 1.175 0.00136801 
9.94 1.18 0.00187578 
9.94 1.185 0.00230763 
9.94 1.19 0.002427 
9.94 1.195 0.00228008 
9.94 1.2 0.00193308 
9.94 1.205 0.001382 
9.94 1.21 0.000920926 
9.94 1.215 0.00053326 
9.94 1.22 0.000268689 
9.94 1.225 0.00011881 
9.94 1.23 4.70725e-05 
9.94 1.235 1.53947e-05 
9.94 1.24 4.55568e-06 
9.94 1.245 1.10119e-06 
9.94 1.25 2.57497e-07 
9.94 1.255 4.83363e-08 
9.94 1.26 3.78669e-09 
9.95 1.135 5.37336e-10 
9.95 1.14 1.60377e-06 
9.95 1.145 2.43558e-05 
9.95 1.15 6.785e-05 
9.95 1.155 0.000154518 
9.95 1.16 0.000316706 
9.95 1.165 0.000562201 
9.95 1.17 0.000929074 
9.95 1.175 0.00132096 
9.95 1.18 0.00176254 
9.95 1.185 0.00200393 
9.95 1.19 0.00205634 
9.95 1.195 0.00185639 
9.95 1.2 0.00152939 
9.95 1.205 0.00107802 
9.95 1.21 0.000662086 
9.95 1.215 0.000376732 
9.95 1.22 0.000180446 
9.95 1.225 7.83702e-05 
9.95 1.23 2.75865e-05 
9.95 1.235 9.18172e-06 
9.95 1.24 2.57859e-06 
9.95 1.245 5.99204e-07 
9.95 1.25 1.29527e-07 
9.95 1.255 2.46873e-08 
9.95 1.26 1.83794e-09 
9.96 1.135 1.09236e-09 
9.96 1.14 2.34074e-06 
9.96 1.145 2.61324e-05 
9.96 1.15 7.77832e-05 
9.96 1.155 0.000169975 
9.96 1.16 0.000328436 
9.96 1.165 0.000558792 
9.96 1.17 0.000901477 
9.96 1.175 0.00124341 
9.96 1.18 0.00153157 
9.96 1.185 0.00175819 
9.96 1.19 0.0017266 
9.96 1.195 0.00148557 
9.96 1.2 0.00113568 
9.96 1.205 0.000791221 
9.96 1.21 0.000481984 
9.96 1.215 0.000248536 
9.96 1.22 0.000115583 
9.96 1.225 4.77924e-05 
9.96 1.23 1.68309e-05 
9.96 1.235 5.19001e-06 
9.96 1.24 1.4111e-06 
9.96 1.245 3.39436e-07 
9.96 1.25 6.70758e-08 
9.96 1.255 1.17685e-08 
9.96 1.26 8.46905e-10 
9.97 1.135 2.84892e-09 
9.97 1.14 2.77941e-06 
9.97 1.145 3.16443e-05 
9.97 1.15 8.75254e-05 
9.97 1.155 0.000182161 
9.97 1.16 0.000337652 
9.97 1.165 0.000569621 
9.97 1.17 0.000867781 
9.97 1.175 0.00115896 
9.97 1.18 0.00136607 
9.97 1.185 0.0014456 
9.97 1.19 0.00137787 
9.97 1.195 0.00118592 
9.97 1.2 0.000855424 
9.97 1.205 0.000575225 
9.97 1.21 0.000326578 
9.97 1.215 0.000167889 
9.97 1.22 7.38488e-05 
9.97 1.225 2.94874e-05 
9.97 1.23 9.98894e-06 
9.97 1.235 3.03408e-06 
9.97 1.24 7.92543e-07 
9.97 1.245 1.74967e-07 
9.97 1.25 3.44724e-08 
9.97 1.255 5.74604e-09 
9.97 1.26 3.50153e-10 
9.98 1.135 4.71013e-09 
9.98 1.14 2.98629e-06 
9.98 1.145 3.93185e-05 
9.98 1.15 9.30753e-05 
9.98 1.155 0.000189097 
9.98 1.16 0.000341245 
9.98 1.165 0.000571538 
9.98 1.17 0.000794925 
9.98 1.175 0.00101266 
9.98 1.18 0.00121665 
9.98 1.185 0.00121073 
9.98 1.19 0.00108261 
9.98 1.195 0.000907843 
9.98 1.2 0.000636161 
9.98 1.205 0.000404222 
9.98 1.21 0.00022547 
9.98 1.215 0.000106434 
9.98 1.22 4.735e-05 
9.98 1.225 1.72318e-05 
9.98 1.23 5.89513e-06 
9.98 1.235 1.70923e-06 
9.98 1.24 4.1637e-07 
9.98 1.245 9.02628e-08 
9.98 1.25 1.80891e-08 
9.98 1.255 2.77762e-09 
9.98 1.26 1.50769e-10 
9.99 1.135 4.25951e-09 
9.99 1.14 3.86894e-06 
9.99 1.145 4.39662e-05 
9.99 1.15 0.000101348 
9.99 1.155 0.000195703 
9.99 1.16 0.000342182 
9.99 1.165 0.000543471 
9.99 1.17 0.000723832 
9.99 1.175 0.000927407 
9.99 1.18 0.00101233 
9.99 1.185 0.000977761 
9.99 1.19 0.000872345 
9.99 1.195 0.000649756 
9.99 1.2 0.000457473 
9.99 1.205 0.000276977 
9.99 1.21 0.000152424 
9.99 1.215 6.89323e-05 
9.99 1.22 2.91024e-05 
9.99 1.225 1.08997e-05 
9.99 1.23 3.41237e-06 
9.99 1.235 9.20292e-07 
9.99 1.24 2.13524e-07 
9.99 1.245 4.78699e-08 
9.99 1.25 8.68426e-09 
9.99 1.255 1.27929e-09 
10 1.135 5.63267e-09 
10 1.14 5.58682e-06 
10 1.145 4.65581e-05 
10 1.15 0.000104692 
10 1.155 0.000204992 
10 1.16 0.000330917 
10 1.165 0.000479906 
10 1.17 0.00067052 
10 1.175 0.000793984 
10 1.18 0.000829648 
10 1.185 0.00079315 
10 1.19 0.000658173 
10 1.195 0.000495774 
10 1.2 0.000323242 
10 1.205 0.000191596 
10 1.21 9.57171e-05 
10 1.215 4.39796e-05 
10 1.22 1.83723e-05 
10 1.225 6.10853e-06 
10 1.23 1.88243e-06 
10 1.235 4.94732e-07 
10 1.24 1.18598e-07 
10 1.245 2.44871e-08 
10 1.25 3.97639e-09 
10 1.255 6.16988e-10 
10.01 1.135 7.67476e-09 
10.01 1.14 5.9965e-06 
10.01 1.145 4.91006e-05 
10.01 1.15 0.00010559 
10.01 1.155 0.000197568 
10.01 1.16 0.000312671 
10.01 1.165 0.000444501 
10.01 1.17 0.000573583 
10.01 1.175 0.000644723 
10.01 1.18 0.000686178 
10.01 1.185 0.000608327 
10.01 1.19 0.000493303 
10.01 1.195 0.000365065 
10.01 1.2 0.000227449 
10.01 1.205 0.000125526 
10.01 1.21 6.43415e-05 
10.01 1.215 2.8501e-05 
10.01 1.22 1.06407e-05 
10.01 1.225 3.50289e-06 
10.01 1.23 1.07255e-06 
10.01 1.235 2.63283e-07 
10.01 1.24 5.94741e-08 
10.01 1.245 1.21452e-08 
10.01 1.25 2.08482e-09 
10.01 1.255 3.04529e-10 
10.02 1.135 2.69415e-08 
10.02 1.14 6.13366e-06 
10.02 1.145 5.15907e-05 
10.02 1.15 0.000106493 
10.02 1.155 0.000188536 
10.02 1.16 0.000275416 
10.02 1.165 0.000399829 
10.02 1.17 0.000475077 
10.02 1.175 0.000533615 
10.02 1.18 0.00052887 
10.02 1.185 0.000456694 
10.02 1.19 0.000351113 
10.02 1.195 0.000250786 
10.02 1.2 0.000155503 
10.02 1.205 8.36012e-05 
10.02 1.21 4.00025e-05 
10.02 1.215 1.71854e-05 
10.02 1.22 6.27874e-06 
10.02 1.225 2.07671e-06 
10.02 1.23 5.61135e-07 
10.02 1.235 1.43354e-07 
10.02 1.24 2.92418e-08 
10.02 1.245 5.7349e-09 
10.02 1.25 9.59244e-10 
10.02 1.255 1.33441e-10 
10.03 1.135 1.49425e-08 
10.03 1.14 6.71971e-06 
10.03 1.145 5.33557e-05 
10.03 1.15 0.000103021 
10.03 1.155 0.000173501 
10.03 1.16 0.000254258 
10.03 1.165 0.000337217 
10.03 1.17 0.000398278 
10.03 1.175 0.000423135 
10.03 1.18 0.000393543 
10.03 1.185 0.000329145 
10.03 1.19 0.000255662 
10.03 1.195 0.000165238 
10.03 1.2 9.96449e-05 
10.03 1.205 5.40064e-05 
10.03 1.21 2.44171e-05 
10.03 1.215 1.01519e-05 
10.03 1.22 3.63098e-06 
10.03 1.225 1.15019e-06 
10.03 1.23 3.07066e-07 
10.03 1.235 7.6021e-08 
10.03 1.24 1.55158e-08 
10.03 1.245 2.7948e-09 
10.03 1.25 4.52691e-10 
10.04 1.135 2.30994e-08 
10.04 1.14 7.60316e-06 
10.04 1.145 5.18267e-05 
10.04 1.15 0.000100061 
10.04 1.155 0.000162038 
10.04 1.16 0.000225485 
10.04 1.165 0.000291652 
10.04 1.17 0.00032352 
10.04 1.175 0.000331048 
10.04 1.18 0.000290866 
10.04 1.185 0.000245008 
10.04 1.19 0.000174826 
10.04 1.195 0.00010993 
10.04 1.2 6.34933e-05 
10.04 1.205 3.26122e-05 
10.04 1.21 1.40136e-05 
10.04 1.215 5.90227e-06 
10.04 1.22 2.00878e-06 
10.04 1.225 6.48152e-07 
10.04 1.23 1.67915e-07 
10.04 1.235 3.75784e-08 
10.04 1.24 7.25321e-09 
10.04 1.245 1.36899e-09 
10.04 1.25 2.10055e-10 
10.05 1.135 2.52293e-08 
10.05 1.14 9.15291e-06 
10.05 1.145 5.08415e-05 
10.05 1.15 9.64495e-05 
10.05 1.155 0.000141962 
10.05 1.16 0.000198617 
10.05 1.165 0.00024147 
10.05 1.17 0.000263446 
10.05 1.175 0.000255117 
10.05 1.18 0.000222337 
10.05 1.185 0.000172225 
10.05 1.19 0.000116887 
10.05 1.195 7.3423e-05 
10.05 1.2 3.895e-05 
10.05 1.205 1.94933e-05 
10.05 1.21 8.29731e-06 
10.05 1.215 3.29465e-06 
10.05 1.22 1.07724e-06 
10.05 1.225 3.23967e-07 
10.05 1.23 8.49404e-08 
10.05 1.235 1.90742e-08 
10.05 1.24 3.76109e-09 
10.05 1.245 6.53712e-10 
10.06 1.135 3.98797e-08 
10.06 1.14 8.0897e-06 
10.06 1.145 4.88908e-05 
10.06 1.15 8.74863e-05 
10.06 1.155 0.000123278 
10.06 1.16 0.000170608 
10.06 1.165 0.000199101 
10.06 1.17 0.000199002 
10.06 1.175 0.000201861 
10.06 1.18 0.000158422 
10.06 1.185 0.000119211 
10.06 1.19 8.00439e-05 
10.06 1.195 4.62131e-05 
10.06 1.2 2.4127e-05 
10.06 1.205 1.14273e-05 
10.06 1.21 4.70527e-06 
10.06 1.215 1.71179e-06 
10.06 1.22 5.70899e-07 
10.06 1.225 1.64516e-07 
10.06 1.23 3.99406e-08 
10.06 1.235 9.4606e-09 
10.06 1.24 1.75079e-09 
10.06 1.245 2.95632e-10 
10.07 1.135 2.37771e-08 
10.07 1.14 7.75631e-06 
10.07 1.145 4.56867e-05 
10.07 1.15 7.63831e-05 
10.07 1.155 0.000108828 
10.07 1.16 0.000135119 
10.07 1.165 0.000154833 
10.07 1.17 0.000161023 
10.07 1.175 0.000143199 
10.07 1.18 0.000114466 
10.07 1.185 8.30931e-05 
10.07 1.19 5.22757e-05 
10.07 1.195 3.00246e-05 
10.07 1.2 1.51752e-05 
10.07 1.205 6.76824e-06 
10.07 1.21 2.60205e-06 
10.07 1.215 9.5509e-07 
10.07 1.22 2.88955e-07 
10.07 1.225 8.25968e-08 
10.07 1.23 1.97803e-08 
10.07 1.235 4.24604e-09 
10.07 1.24 7.5373e-10 
10.07 1.245 1.31349e-10 
10.08 1.135 3.83458e-08 
10.08 1.14 7.42311e-06 
10.08 1.145 3.54406e-05 
10.08 1.15 5.60466e-05 
10.08 1.155 8.07849e-05 
10.08 1.16 0.000103152 
10.08 1.165 0.000111663 
10.08 1.17 0.000117498 
10.08 1.175 0.000101319 
10.08 1.18 8.14257e-05 
10.08 1.185 5.45013e-05 
10.08 1.19 3.39803e-05 
10.08 1.195 1.90355e-05 
10.08 1.2 8.98318e-06 
10.08 1.205 3.997e-06 
10.08 1.21 1.51944e-06 
10.08 1.215 5.09768e-07 
10.08 1.22 1.49257e-07 
10.08 1.225 3.98241e-08 
10.08 1.23 9.43653e-09 
10.08 1.235 1.91746e-09 
10.08 1.24 3.49905e-10 
10.09 1.135 2.01267e-08 
10.09 1.14 6.81969e-06 
10.09 1.145 2.80297e-05 
10.09 1.15 4.48679e-05 
10.09 1.155 6.12564e-05 
10.09 1.16 7.70495e-05 
10.09 1.165 7.72804e-05 
10.09 1.17 8.06336e-05 
10.09 1.175 7.09571e-05 
10.09 1.18 5.27847e-05 
10.09 1.185 3.6319e-05 
10.09 1.19 2.18007e-05 
10.09 1.195 1.13869e-05 
10.09 1.2 5.21302e-06 
10.09 1.205 2.22179e-06 
10.09 1.21 8.38226e-07 
10.09 1.215 2.75425e-07 
10.09 1.22 7.63495e-08 
10.09 1.225 1.96788e-08 
10.09 1.23 4.29339e-09 
10.09 1.235 8.51212e-10 
10.09 1.24 1.52531e-10 
10.1 1.135 2.9839e-08 
10.1 1.14 5.23003e-06 
10.1 1.145 2.31057e-05 
10.1 1.15 3.60916e-05 
10.1 1.155 4.64412e-05 
10.1 1.16 5.49641e-05 
10.1 1.165 5.78844e-05 
10.1 1.17 5.49596e-05 
10.1 1.175 4.70661e-05 
10.1 1.18 3.3945e-05 
10.1 1.185 2.3442e-05 
10.1 1.19 1.26543e-05 
10.1 1.195 6.76418e-06 
10.1 1.2 3.02078e-06 
10.1 1.205 1.22626e-06 
10.1 1.21 4.36014e-07 
10.1 1.215 1.41655e-07 
10.1 1.22 3.83629e-08 
10.1 1.225 9.67621e-09 
10.1 1.23 2.04577e-09 
10.1 1.235 3.92001e-10 
10.11 1.135 3.69078e-08 
10.11 1.14 4.68755e-06 
10.11 1.145 1.87029e-05 
10.11 1.15 2.76111e-05 
10.11 1.155 3.56604e-05 
10.11 1.16 4.0797e-05 
10.11 1.165 4.11779e-05 
10.11 1.17 3.72091e-05 
10.11 1.175 3.19722e-05 
10.11 1.18 2.22795e-05 
10.11 1.185 1.37678e-05 
10.11 1.19 7.66619e-06 
10.11 1.195 3.78253e-06 
10.11 1.2 1.71742e-06 
10.11 1.205 6.7862e-07 
10.11 1.21 2.24218e-07 
10.11 1.215 7.13303e-08 
10.11 1.22 1.86661e-08 
10.11 1.225 4.49935e-09 
10.11 1.23 9.59903e-10 
10.11 1.235 1.82803e-10 
10.12 1.135 4.12842e-08 
10.12 1.14 3.73332e-06 
10.12 1.145 1.53163e-05 
10.12 1.15 2.17095e-05 
10.12 1.155 2.71175e-05 
10.12 1.16 2.8758e-05 
10.12 1.165 3.00296e-05 
10.12 1.17 2.55092e-05 
10.12 1.175 2.06261e-05 
10.12 1.18 1.36633e-05 
10.12 1.185 8.39413e-06 
10.12 1.19 4.45935e-06 
10.12 1.195 2.13906e-06 
10.12 1.2 9.42139e-07 
10.12 1.205 3.53724e-07 
10.12 1.21 1.17316e-07 
10.12 1.215 3.38722e-08 
10.12 1.22 9.28874e-09 
10.12 1.225 2.19305e-09 
10.12 1.23 4.22795e-10 
10.13 1.135 3.13618e-08 
10.13 1.14 3.27617e-06 
10.13 1.145 1.33223e-05 
10.13 1.15 1.71339e-05 
10.13 1.155 1.99023e-05 
10.13 1.16 1.9901e-05 
10.13 1.165 1.87867e-05 
10.13 1.17 1.50409e-05 
10.13 1.175 1.19996e-05 
10.13 1.18 7.57712e-06 
10.13 1.185 4.52786e-06 
10.13 1.19 2.32131e-06 
10.13 1.195 1.14726e-06 
10.13 1.2 4.537e-07 
10.13 1.205 1.69071e-07 
10.13 1.21 5.64894e-08 
10.13 1.215 1.64316e-08 
10.13 1.22 4.31484e-09 
10.13 1.225 9.42735e-10 
10.13 1.23 1.84901e-10 
10.14 1.135 3.97146e-08 
10.14 1.14 2.81472e-06 
10.14 1.145 1.03426e-05 
10.14 1.15 1.31172e-05 
10.14 1.155 1.45905e-05 
10.14 1.16 1.45391e-05 
10.14 1.165 1.27487e-05 
10.14 1.17 1.01711e-05 
10.14 1.175 7.33463e-06 
10.14 1.18 4.55774e-06 
10.14 1.185 2.52486e-06 
10.14 1.19 1.30133e-06 
10.14 1.195 6.01866e-07 
10.14 1.2 2.31637e-07 
10.14 1.205 8.70802e-08 
10.14 1.21 2.73214e-08 
10.14 1.215 7.6206e-09 
10.14 1.22 1.95049e-09 
10.14 1.225 4.32784e-10 
