#logm logg JPDF
-0.06703 1.155 1.19614e-10 
-0.06503 1.155 4.60858e-10 
-0.06503 1.16 2.57784e-10 
-0.06503 1.165 1.15926e-10 
-0.06303 1.15 1.29302e-10 
-0.06303 1.155 1.95556e-09 
-0.06303 1.16 1.10358e-09 
-0.06303 1.165 4.7823e-10 
-0.06303 1.17 2.05694e-10 
-0.06103 1.15 1.68174e-09 
-0.06103 1.155 8.59122e-09 
-0.06103 1.16 4.34106e-09 
-0.06103 1.165 2.03737e-09 
-0.06103 1.17 9.2119e-10 
-0.06103 1.175 3.44844e-10 
-0.05903 1.15 6.09915e-09 
-0.05903 1.155 1.74844e-08 
-0.05903 1.16 1.02029e-08 
-0.05903 1.165 4.8358e-09 
-0.05903 1.17 2.32215e-09 
-0.05903 1.175 9.6117e-10 
-0.05903 1.18 3.90488e-10 
-0.05903 1.185 1.23148e-10 
-0.05703 1.15 1.52912e-08 
-0.05703 1.155 4.19627e-08 
-0.05703 1.16 2.40265e-08 
-0.05703 1.165 1.32056e-08 
-0.05703 1.17 5.49139e-09 
-0.05703 1.175 2.35512e-09 
-0.05703 1.18 8.44825e-10 
-0.05703 1.185 2.87054e-10 
-0.05503 1.15 4.13886e-08 
-0.05503 1.155 9.36044e-08 
-0.05503 1.16 5.55189e-08 
-0.05503 1.165 2.96816e-08 
-0.05503 1.17 1.37231e-08 
-0.05503 1.175 5.91415e-09 
-0.05503 1.18 2.0265e-09 
-0.05503 1.185 6.91441e-10 
-0.05503 1.19 1.97094e-10 
-0.05303 1.15 2.09915e-07 
-0.05303 1.155 2.84177e-07 
-0.05303 1.16 1.72254e-07 
-0.05303 1.165 9.35075e-08 
-0.05303 1.17 4.49674e-08 
-0.05303 1.175 1.90055e-08 
-0.05303 1.18 7.55884e-09 
-0.05303 1.185 2.55364e-09 
-0.05303 1.19 8.10474e-10 
-0.05303 1.195 2.24481e-10 
-0.05103 1.15 3.06737e-07 
-0.05103 1.155 4.56981e-07 
-0.05103 1.16 2.80331e-07 
-0.05103 1.165 1.55492e-07 
-0.05103 1.17 7.50018e-08 
-0.05103 1.175 3.25894e-08 
-0.05103 1.18 1.36393e-08 
-0.05103 1.185 4.70753e-09 
-0.05103 1.19 1.47266e-09 
-0.05103 1.195 4.12257e-10 
-0.05103 1.2 1.03323e-10 
-0.04903 1.15 8.33742e-07 
-0.04903 1.155 9.80356e-07 
-0.04903 1.16 6.06476e-07 
-0.04903 1.165 3.42203e-07 
-0.04903 1.17 1.51544e-07 
-0.04903 1.175 6.73287e-08 
-0.04903 1.18 2.69181e-08 
-0.04903 1.185 9.5811e-09 
-0.04903 1.19 3.0444e-09 
-0.04903 1.195 8.47308e-10 
-0.04903 1.2 2.15678e-10 
-0.04703 1.15 1.83072e-06 
-0.04703 1.155 1.98047e-06 
-0.04703 1.16 1.26964e-06 
-0.04703 1.165 7.62983e-07 
-0.04703 1.17 4.0954e-07 
-0.04703 1.175 1.94831e-07 
-0.04703 1.18 7.41876e-08 
-0.04703 1.185 2.65577e-08 
-0.04703 1.19 8.65164e-09 
-0.04703 1.195 2.4371e-09 
-0.04703 1.2 5.54197e-10 
-0.04703 1.205 1.31417e-10 
-0.04503 1.15 2.18984e-06 
-0.04503 1.155 2.39598e-06 
-0.04503 1.16 1.68196e-06 
-0.04503 1.165 1.00628e-06 
-0.04503 1.17 5.22213e-07 
-0.04503 1.175 2.57135e-07 
-0.04503 1.18 1.12157e-07 
-0.04503 1.185 4.38938e-08 
-0.04503 1.19 1.48057e-08 
-0.04503 1.195 4.42448e-09 
-0.04503 1.2 1.27383e-09 
-0.04503 1.205 2.89115e-10 
-0.04303 1.145 4.49496e-09 
-0.04303 1.15 3.42943e-06 
-0.04303 1.155 3.621e-06 
-0.04303 1.16 2.43104e-06 
-0.04303 1.165 1.51065e-06 
-0.04303 1.17 7.61365e-07 
-0.04303 1.175 3.54692e-07 
-0.04303 1.18 1.6483e-07 
-0.04303 1.185 6.23524e-08 
-0.04303 1.19 2.25446e-08 
-0.04303 1.195 6.81545e-09 
-0.04303 1.2 1.8823e-09 
-0.04303 1.205 4.56215e-10 
-0.04303 1.21 1.02291e-10 
-0.04103 1.145 2.11943e-07 
-0.04103 1.15 5.91604e-06 
-0.04103 1.155 6.90743e-06 
-0.04103 1.16 4.62472e-06 
-0.04103 1.165 2.86125e-06 
-0.04103 1.17 1.64067e-06 
-0.04103 1.175 8.19974e-07 
-0.04103 1.18 3.73292e-07 
-0.04103 1.185 1.48933e-07 
-0.04103 1.19 4.87903e-08 
-0.04103 1.195 1.4636e-08 
-0.04103 1.2 4.08204e-09 
-0.04103 1.205 1.0055e-09 
-0.04103 1.21 2.09755e-10 
-0.03903 1.145 3.45594e-07 
-0.03903 1.15 6.28564e-06 
-0.03903 1.155 7.30939e-06 
-0.03903 1.16 5.53202e-06 
-0.03903 1.165 3.77354e-06 
-0.03903 1.17 2.1201e-06 
-0.03903 1.175 1.09305e-06 
-0.03903 1.18 5.04606e-07 
-0.03903 1.185 2.11875e-07 
-0.03903 1.19 8.12182e-08 
-0.03903 1.195 2.72034e-08 
-0.03903 1.2 7.88529e-09 
-0.03903 1.205 2.01828e-09 
-0.03903 1.21 4.93408e-10 
-0.03703 1.145 9.88579e-07 
-0.03703 1.15 1.01818e-05 
-0.03703 1.155 1.0835e-05 
-0.03703 1.16 8.36084e-06 
-0.03703 1.165 5.14479e-06 
-0.03703 1.17 3.03939e-06 
-0.03703 1.175 1.6274e-06 
-0.03703 1.18 7.90096e-07 
-0.03703 1.185 3.43776e-07 
-0.03703 1.19 1.24944e-07 
-0.03703 1.195 4.13318e-08 
-0.03703 1.2 1.22899e-08 
-0.03703 1.205 3.02502e-09 
-0.03703 1.21 6.40223e-10 
-0.03703 1.215 1.29292e-10 
-0.03503 1.145 1.42728e-06 
-0.03503 1.15 1.35112e-05 
-0.03503 1.155 1.48897e-05 
-0.03503 1.16 1.1228e-05 
-0.03503 1.165 8.13537e-06 
-0.03503 1.17 4.85002e-06 
-0.03503 1.175 2.66372e-06 
-0.03503 1.18 1.23211e-06 
-0.03503 1.185 5.31606e-07 
-0.03503 1.19 2.03751e-07 
-0.03503 1.195 7.23777e-08 
-0.03503 1.2 2.17253e-08 
-0.03503 1.205 6.03154e-09 
-0.03503 1.21 1.46273e-09 
-0.03503 1.215 2.85254e-10 
-0.03303 1.145 2.08518e-06 
-0.03303 1.15 2.01547e-05 
-0.03303 1.155 2.43962e-05 
-0.03303 1.16 1.88342e-05 
-0.03303 1.165 1.3291e-05 
-0.03303 1.17 8.46826e-06 
-0.03303 1.175 4.83657e-06 
-0.03303 1.18 2.44619e-06 
-0.03303 1.185 1.10009e-06 
-0.03303 1.19 4.30139e-07 
-0.03303 1.195 1.5033e-07 
-0.03303 1.2 4.43111e-08 
-0.03303 1.205 1.18553e-08 
-0.03303 1.21 2.73997e-09 
-0.03303 1.215 6.09683e-10 
-0.03303 1.22 1.07079e-10 
-0.03103 1.145 1.9926e-06 
-0.03103 1.15 2.21456e-05 
-0.03103 1.155 2.67975e-05 
-0.03103 1.16 2.20728e-05 
-0.03103 1.165 1.50769e-05 
-0.03103 1.17 9.48102e-06 
-0.03103 1.175 5.43788e-06 
-0.03103 1.18 2.81002e-06 
-0.03103 1.185 1.27485e-06 
-0.03103 1.19 5.12401e-07 
-0.03103 1.195 1.83597e-07 
-0.03103 1.2 5.7261e-08 
-0.03103 1.205 1.70943e-08 
-0.03103 1.21 4.32098e-09 
-0.03103 1.215 9.26046e-10 
-0.03103 1.22 1.90124e-10 
-0.02903 1.145 3.57924e-06 
-0.02903 1.15 3.16029e-05 
-0.02903 1.155 4.01083e-05 
-0.02903 1.16 3.27988e-05 
-0.02903 1.165 2.6628e-05 
-0.02903 1.17 1.69629e-05 
-0.02903 1.175 9.73098e-06 
-0.02903 1.18 4.89575e-06 
-0.02903 1.185 2.27932e-06 
-0.02903 1.19 9.44767e-07 
-0.02903 1.195 3.4599e-07 
-0.02903 1.2 1.11269e-07 
-0.02903 1.205 3.05592e-08 
-0.02903 1.21 7.56133e-09 
-0.02903 1.215 1.69344e-09 
-0.02903 1.22 3.40608e-10 
-0.02703 1.145 3.9872e-06 
-0.02703 1.15 3.66823e-05 
-0.02703 1.155 4.96977e-05 
-0.02703 1.16 4.26376e-05 
-0.02703 1.165 3.30192e-05 
-0.02703 1.17 2.17088e-05 
-0.02703 1.175 1.36719e-05 
-0.02703 1.18 7.29645e-06 
-0.02703 1.185 3.39142e-06 
-0.02703 1.19 1.40858e-06 
-0.02703 1.195 5.00506e-07 
-0.02703 1.2 1.62305e-07 
-0.02703 1.205 4.89604e-08 
-0.02703 1.21 1.36519e-08 
-0.02703 1.215 2.90502e-09 
-0.02703 1.22 5.85655e-10 
-0.02703 1.225 1.0753e-10 
-0.02503 1.145 5.98232e-06 
-0.02503 1.15 4.45461e-05 
-0.02503 1.155 5.74064e-05 
-0.02503 1.16 5.22248e-05 
-0.02503 1.165 3.99003e-05 
-0.02503 1.17 2.96745e-05 
-0.02503 1.175 1.85461e-05 
-0.02503 1.18 1.06628e-05 
-0.02503 1.185 5.35887e-06 
-0.02503 1.19 2.33901e-06 
-0.02503 1.195 9.38295e-07 
-0.02503 1.2 3.27415e-07 
-0.02503 1.205 1.00999e-07 
-0.02503 1.21 2.76747e-08 
-0.02503 1.215 6.90691e-09 
-0.02503 1.22 1.42903e-09 
-0.02503 1.225 2.57616e-10 
-0.02303 1.14 1.19895e-09 
-0.02303 1.145 4.67132e-06 
-0.02303 1.15 5.80064e-05 
-0.02303 1.155 7.40459e-05 
-0.02303 1.16 6.82115e-05 
-0.02303 1.165 5.33356e-05 
-0.02303 1.17 3.78386e-05 
-0.02303 1.175 2.37332e-05 
-0.02303 1.18 1.34008e-05 
-0.02303 1.185 6.6408e-06 
-0.02303 1.19 2.9853e-06 
-0.02303 1.195 1.18331e-06 
-0.02303 1.2 3.88002e-07 
-0.02303 1.205 1.17273e-07 
-0.02303 1.21 3.19888e-08 
-0.02303 1.215 7.95978e-09 
-0.02303 1.22 1.68808e-09 
-0.02303 1.225 3.18573e-10 
-0.02103 1.14 1.00137e-08 
-0.02103 1.145 9.09493e-06 
-0.02103 1.15 7.0524e-05 
-0.02103 1.155 9.87801e-05 
-0.02103 1.16 9.25589e-05 
-0.02103 1.165 8.03945e-05 
-0.02103 1.17 5.8144e-05 
-0.02103 1.175 3.93553e-05 
-0.02103 1.18 2.2759e-05 
-0.02103 1.185 1.18888e-05 
-0.02103 1.19 5.54247e-06 
-0.02103 1.195 2.33127e-06 
-0.02103 1.2 8.31217e-07 
-0.02103 1.205 2.73029e-07 
-0.02103 1.21 7.27053e-08 
-0.02103 1.215 1.80878e-08 
-0.02103 1.22 3.93645e-09 
-0.02103 1.225 7.40528e-10 
-0.02103 1.23 1.25789e-10 
-0.01903 1.14 8.31464e-09 
-0.01903 1.145 7.3506e-06 
-0.01903 1.15 7.39459e-05 
-0.01903 1.155 0.000103655 
-0.01903 1.16 9.63936e-05 
-0.01903 1.165 8.38121e-05 
-0.01903 1.17 6.92903e-05 
-0.01903 1.175 4.65685e-05 
-0.01903 1.18 3.00931e-05 
-0.01903 1.185 1.63856e-05 
-0.01903 1.19 7.36573e-06 
-0.01903 1.195 2.96958e-06 
-0.01903 1.2 1.10311e-06 
-0.01903 1.205 3.75598e-07 
-0.01903 1.21 1.08539e-07 
-0.01903 1.215 2.57088e-08 
-0.01903 1.22 5.69093e-09 
-0.01903 1.225 1.05091e-09 
-0.01903 1.23 1.84558e-10 
-0.01703 1.14 1.2677e-08 
-0.01703 1.145 9.84558e-06 
-0.01703 1.15 8.52137e-05 
-0.01703 1.155 0.000129011 
-0.01703 1.16 0.000124762 
-0.01703 1.165 0.000108447 
-0.01703 1.17 8.42332e-05 
-0.01703 1.175 5.90299e-05 
-0.01703 1.18 3.74085e-05 
-0.01703 1.185 2.09671e-05 
-0.01703 1.19 1.06508e-05 
-0.01703 1.195 4.72878e-06 
-0.01703 1.2 1.80744e-06 
-0.01703 1.205 6.17573e-07 
-0.01703 1.21 1.83166e-07 
-0.01703 1.215 5.1181e-08 
-0.01703 1.22 1.18129e-08 
-0.01703 1.225 2.46597e-09 
-0.01703 1.23 4.36872e-10 
-0.01503 1.14 1.94901e-08 
-0.01503 1.145 1.15922e-05 
-0.01503 1.15 0.000122428 
-0.01503 1.155 0.000186254 
-0.01503 1.16 0.000185968 
-0.01503 1.165 0.000175081 
-0.01503 1.17 0.000145033 
-0.01503 1.175 0.00010026 
-0.01503 1.18 6.11975e-05 
-0.01503 1.185 3.35533e-05 
-0.01503 1.19 1.65668e-05 
-0.01503 1.195 7.38943e-06 
-0.01503 1.2 2.57912e-06 
-0.01503 1.205 8.92696e-07 
-0.01503 1.21 2.55922e-07 
-0.01503 1.215 6.96778e-08 
-0.01503 1.22 1.67505e-08 
-0.01503 1.225 3.22838e-09 
-0.01503 1.23 5.3822e-10 
-0.01303 1.145 8.90843e-06 
-0.01303 1.15 0.000106155 
-0.01303 1.155 0.000165115 
-0.01303 1.16 0.000188693 
-0.01303 1.165 0.000168974 
-0.01303 1.17 0.000149005 
-0.01303 1.175 0.000114968 
-0.01303 1.18 7.59785e-05 
-0.01303 1.185 4.61651e-05 
-0.01303 1.19 2.41073e-05 
-0.01303 1.195 1.09726e-05 
-0.01303 1.2 4.57566e-06 
-0.01303 1.205 1.56345e-06 
-0.01303 1.21 4.89872e-07 
-0.01303 1.215 1.25316e-07 
-0.01303 1.22 3.20946e-08 
-0.01303 1.225 6.97697e-09 
-0.01303 1.23 1.34538e-09 
-0.01303 1.235 2.25643e-10 
-0.01103 1.14 1.81526e-08 
-0.01103 1.145 2.0073e-05 
-0.01103 1.15 0.000151453 
-0.01103 1.155 0.000236772 
-0.01103 1.16 0.000243923 
-0.01103 1.165 0.000239909 
-0.01103 1.17 0.000207437 
-0.01103 1.175 0.000158011 
-0.01103 1.18 0.00010755 
-0.01103 1.185 6.31997e-05 
-0.01103 1.19 3.31331e-05 
-0.01103 1.195 1.50741e-05 
-0.01103 1.2 6.54267e-06 
-0.01103 1.205 2.4337e-06 
-0.01103 1.21 7.76581e-07 
-0.01103 1.215 2.32733e-07 
-0.01103 1.22 5.77565e-08 
-0.01103 1.225 1.21685e-08 
-0.01103 1.23 2.24525e-09 
-0.01103 1.235 3.72589e-10 
-0.00902998 1.145 8.44181e-06 
-0.00902998 1.15 0.000127249 
-0.00902998 1.155 0.000211537 
-0.00902998 1.16 0.000251886 
-0.00902998 1.165 0.000254103 
-0.00902998 1.17 0.00021524 
-0.00902998 1.175 0.000173586 
-0.00902998 1.18 0.000121888 
-0.00902998 1.185 7.60988e-05 
-0.00902998 1.19 4.27247e-05 
-0.00902998 1.195 1.81733e-05 
-0.00902998 1.2 7.616e-06 
-0.00902998 1.205 2.91564e-06 
-0.00902998 1.21 9.88554e-07 
-0.00902998 1.215 2.87882e-07 
-0.00902998 1.22 7.48494e-08 
-0.00902998 1.225 1.69048e-08 
-0.00902998 1.23 3.39007e-09 
-0.00902998 1.235 5.5649e-10 
-0.00703001 1.14 2.32412e-08 
-0.00703001 1.145 1.96404e-05 
-0.00703001 1.15 0.000176601 
-0.00703001 1.155 0.00031085 
-0.00703001 1.16 0.00036146 
-0.00703001 1.165 0.000391512 
-0.00703001 1.17 0.000367442 
-0.00703001 1.175 0.000296669 
-0.00703001 1.18 0.000213088 
-0.00703001 1.185 0.00013131 
-0.00703001 1.19 7.2082e-05 
-0.00703001 1.195 3.80357e-05 
-0.00703001 1.2 1.63063e-05 
-0.00703001 1.205 6.35934e-06 
-0.00703001 1.21 1.98954e-06 
-0.00703001 1.215 6.28309e-07 
-0.00703001 1.22 1.5432e-07 
-0.00703001 1.225 3.44802e-08 
-0.00703001 1.23 6.64844e-09 
-0.00703001 1.235 1.18658e-09 
-0.00703001 1.24 1.80279e-10 
-0.00503001 1.14 8.78404e-09 
-0.00503001 1.145 9.52438e-06 
-0.00503001 1.15 0.000153042 
-0.00503001 1.155 0.000262595 
-0.00503001 1.16 0.000298591 
-0.00503001 1.165 0.000290678 
-0.00503001 1.17 0.000289818 
-0.00503001 1.175 0.000250164 
-0.00503001 1.18 0.000193745 
-0.00503001 1.185 0.000125852 
-0.00503001 1.19 6.69269e-05 
-0.00503001 1.195 3.83145e-05 
-0.00503001 1.2 1.69471e-05 
-0.00503001 1.205 6.41747e-06 
-0.00503001 1.21 2.16717e-06 
-0.00503001 1.215 6.88127e-07 
-0.00503001 1.22 1.82315e-07 
-0.00503001 1.225 4.33057e-08 
-0.00503001 1.23 9.15552e-09 
-0.00503001 1.235 1.59182e-09 
-0.00503001 1.24 2.55737e-10 
-0.00303 1.14 8.997e-09 
-0.00303 1.145 1.6864e-05 
-0.00303 1.15 0.000177496 
-0.00303 1.155 0.000335588 
-0.00303 1.16 0.000431508 
-0.00303 1.165 0.000448165 
-0.00303 1.17 0.000450894 
-0.00303 1.175 0.000395755 
-0.00303 1.18 0.000302354 
-0.00303 1.185 0.000200309 
-0.00303 1.19 0.000119431 
-0.00303 1.195 6.27391e-05 
-0.00303 1.2 2.96708e-05 
-0.00303 1.205 1.16895e-05 
-0.00303 1.21 4.17725e-06 
-0.00303 1.215 1.28434e-06 
-0.00303 1.22 3.59298e-07 
-0.00303 1.225 8.82122e-08 
-0.00303 1.23 1.82853e-08 
-0.00303 1.235 3.45756e-09 
-0.00303 1.24 5.38656e-10 
-0.00103 1.14 2.4787e-08 
-0.00103 1.145 1.55622e-05 
-0.00103 1.15 0.000205629 
-0.00103 1.155 0.000366018 
-0.00103 1.16 0.000451543 
-0.00103 1.165 0.000446769 
-0.00103 1.17 0.000483928 
-0.00103 1.175 0.00040528 
-0.00103 1.18 0.000286762 
-0.00103 1.185 0.000195168 
-0.00103 1.19 0.000116256 
-0.00103 1.195 6.65964e-05 
-0.00103 1.2 3.04936e-05 
-0.00103 1.205 1.26887e-05 
-0.00103 1.21 4.53526e-06 
-0.00103 1.215 1.48545e-06 
-0.00103 1.22 4.16935e-07 
-0.00103 1.225 1.0868e-07 
-0.00103 1.23 2.21564e-08 
-0.00103 1.235 4.38572e-09 
-0.00103 1.24 7.38504e-10 
-0.00103 1.245 1.10017e-10 
0.000970006 1.145 1.3725e-05 
0.000970006 1.15 0.000180889 
0.000970006 1.155 0.000367779 
0.000970006 1.16 0.000495977 
0.000970006 1.165 0.000552915 
0.000970006 1.17 0.000636484 
0.000970006 1.175 0.000605998 
0.000970006 1.18 0.000508296 
0.000970006 1.185 0.000355111 
0.000970006 1.19 0.000229025 
0.000970006 1.195 0.000125912 
0.000970006 1.2 6.3138e-05 
0.000970006 1.205 2.57926e-05 
0.000970006 1.21 9.58621e-06 
0.000970006 1.215 2.78492e-06 
0.000970006 1.22 8.75548e-07 
0.000970006 1.225 2.27542e-07 
0.000970006 1.23 4.79554e-08 
0.000970006 1.235 9.69442e-09 
0.000970006 1.24 1.5506e-09 
0.000970006 1.245 2.44501e-10 
0.00297001 1.14 3.22773e-08 
0.00297001 1.145 2.06993e-05 
0.00297001 1.15 0.000212619 
0.00297001 1.155 0.000417921 
0.00297001 1.16 0.000538576 
0.00297001 1.165 0.00062808 
0.00297001 1.17 0.000707973 
0.00297001 1.175 0.000677046 
0.00297001 1.18 0.000603903 
0.00297001 1.185 0.000419418 
0.00297001 1.19 0.000246178 
0.00297001 1.195 0.00013975 
0.00297001 1.2 6.70885e-05 
0.00297001 1.205 2.90235e-05 
0.00297001 1.21 1.09378e-05 
0.00297001 1.215 4.0583e-06 
0.00297001 1.22 1.15666e-06 
0.00297001 1.225 2.88506e-07 
0.00297001 1.23 6.21782e-08 
0.00297001 1.235 1.23701e-08 
0.00297001 1.24 2.03372e-09 
0.00297001 1.245 3.37198e-10 
0.00497001 1.145 8.98585e-06 
0.00497001 1.15 0.000185941 
0.00497001 1.155 0.00038129 
0.00497001 1.16 0.00052668 
0.00497001 1.165 0.000653708 
0.00497001 1.17 0.000727073 
0.00497001 1.175 0.000682469 
0.00497001 1.18 0.000612581 
0.00497001 1.185 0.000493584 
0.00497001 1.19 0.000349665 
0.00497001 1.195 0.000226748 
0.00497001 1.2 0.000113785 
0.00497001 1.205 5.29193e-05 
0.00497001 1.21 2.0675e-05 
0.00497001 1.215 6.38838e-06 
0.00497001 1.22 1.96062e-06 
0.00497001 1.225 5.82556e-07 
0.00497001 1.23 1.39641e-07 
0.00497001 1.235 2.76385e-08 
0.00497001 1.24 4.57848e-09 
0.00497001 1.245 7.4858e-10 
0.00697002 1.14 1.17848e-08 
0.00697002 1.145 1.69893e-05 
0.00697002 1.15 0.000193989 
0.00697002 1.155 0.0004109 
0.00697002 1.16 0.000614971 
0.00697002 1.165 0.000718113 
0.00697002 1.17 0.000897452 
0.00697002 1.175 0.000904439 
0.00697002 1.18 0.000793265 
0.00697002 1.185 0.000648582 
0.00697002 1.19 0.000436877 
0.00697002 1.195 0.000253907 
0.00697002 1.2 0.000145247 
0.00697002 1.205 6.89943e-05 
0.00697002 1.21 2.78647e-05 
0.00697002 1.215 1.00526e-05 
0.00697002 1.22 3.10154e-06 
0.00697002 1.225 8.43649e-07 
0.00697002 1.23 1.91573e-07 
0.00697002 1.235 3.69244e-08 
0.00697002 1.24 6.78735e-09 
0.00697002 1.245 1.16722e-09 
0.00697002 1.25 1.56309e-10 
0.00896999 1.14 1.89296e-08 
0.00896999 1.145 8.58821e-06 
0.00896999 1.15 0.000187188 
0.00896999 1.155 0.000398892 
0.00896999 1.16 0.000569061 
0.00896999 1.165 0.000696859 
0.00896999 1.17 0.000873831 
0.00896999 1.175 0.000927185 
0.00896999 1.18 0.000840051 
0.00896999 1.185 0.000698517 
0.00896999 1.19 0.000487542 
0.00896999 1.195 0.000338485 
0.00896999 1.2 0.000187363 
0.00896999 1.205 9.29686e-05 
0.00896999 1.21 3.73821e-05 
0.00896999 1.215 1.28533e-05 
0.00896999 1.22 4.00048e-06 
0.00896999 1.225 1.20587e-06 
0.00896999 1.23 2.98623e-07 
0.00896999 1.235 6.41576e-08 
0.00896999 1.24 1.15228e-08 
0.00896999 1.245 2.14659e-09 
0.00896999 1.25 2.92992e-10 
0.01097 1.145 1.24314e-05 
0.01097 1.15 0.000184887 
0.01097 1.155 0.000401219 
0.01097 1.16 0.000664003 
0.01097 1.165 0.000894063 
0.01097 1.17 0.00104382 
0.01097 1.175 0.00110915 
0.01097 1.18 0.00102463 
0.01097 1.185 0.000857157 
0.01097 1.19 0.000625144 
0.01097 1.195 0.000410344 
0.01097 1.2 0.000241395 
0.01097 1.205 0.000118088 
0.01097 1.21 5.07512e-05 
0.01097 1.215 1.95884e-05 
0.01097 1.22 6.35987e-06 
0.01097 1.225 1.89525e-06 
0.01097 1.23 4.85143e-07 
0.01097 1.235 1.11524e-07 
0.01097 1.24 2.10271e-08 
0.01097 1.245 3.35148e-09 
0.01097 1.25 4.69934e-10 
0.01297 1.14 2.60067e-08 
0.01297 1.145 1.34313e-05 
0.01297 1.15 0.00019115 
0.01297 1.155 0.000434856 
0.01297 1.16 0.000664717 
0.01297 1.165 0.000883712 
0.01297 1.17 0.00119264 
0.01297 1.175 0.00133032 
0.01297 1.18 0.00120402 
0.01297 1.185 0.00100234 
0.01297 1.19 0.000723995 
0.01297 1.195 0.000474971 
0.01297 1.2 0.000282082 
0.01297 1.205 0.000147817 
0.01297 1.21 6.83597e-05 
0.01297 1.215 2.74945e-05 
0.01297 1.22 8.99399e-06 
0.01297 1.225 2.58452e-06 
0.01297 1.23 6.58528e-07 
0.01297 1.235 1.44743e-07 
0.01297 1.24 2.90514e-08 
0.01297 1.245 5.00911e-09 
0.01297 1.25 7.89352e-10 
0.01497 1.145 1.22484e-05 
0.01497 1.15 0.000158755 
0.01497 1.155 0.000373807 
0.01497 1.16 0.000672875 
0.01497 1.165 0.0010272 
0.01497 1.17 0.00123621 
0.01497 1.175 0.00155479 
0.01497 1.18 0.00164447 
0.01497 1.185 0.00143918 
0.01497 1.19 0.00108706 
0.01497 1.195 0.000671591 
0.01497 1.2 0.000411348 
0.01497 1.205 0.000214438 
0.01497 1.21 9.76346e-05 
0.01497 1.215 3.85801e-05 
0.01497 1.22 1.30041e-05 
0.01497 1.225 4.00451e-06 
0.01497 1.23 1.13077e-06 
0.01497 1.235 2.85454e-07 
0.01497 1.24 5.75566e-08 
0.01497 1.245 9.28597e-09 
0.01497 1.25 1.39662e-09 
0.01497 1.255 1.90655e-10 
0.01697 1.14 8.32095e-09 
0.01697 1.145 1.25145e-05 
0.01697 1.15 0.00016733 
0.01697 1.155 0.000415277 
0.01697 1.16 0.000691465 
0.01697 1.165 0.000989136 
0.01697 1.17 0.00132118 
0.01697 1.175 0.00159926 
0.01697 1.18 0.00167708 
0.01697 1.185 0.00151309 
0.01697 1.19 0.00120835 
0.01697 1.195 0.000889802 
0.01697 1.2 0.000519742 
0.01697 1.205 0.00026072 
0.01697 1.21 0.00011985 
0.01697 1.215 5.30882e-05 
0.01697 1.22 1.84944e-05 
0.01697 1.225 5.33991e-06 
0.01697 1.23 1.48717e-06 
0.01697 1.235 3.62577e-07 
0.01697 1.24 7.81798e-08 
0.01697 1.245 1.45568e-08 
0.01697 1.25 2.18794e-09 
0.01697 1.255 2.65486e-10 
0.01897 1.145 1.18351e-05 
0.01897 1.15 0.000141697 
0.01897 1.155 0.000338436 
0.01897 1.16 0.000581874 
0.01897 1.165 0.000983716 
0.01897 1.17 0.00144743 
0.01897 1.175 0.0017865 
0.01897 1.18 0.00191424 
0.01897 1.185 0.00175709 
0.01897 1.19 0.00143841 
0.01897 1.195 0.000996173 
0.01897 1.2 0.000644219 
0.01897 1.205 0.000368082 
0.01897 1.21 0.000186148 
0.01897 1.215 7.36476e-05 
0.01897 1.22 2.70301e-05 
0.01897 1.225 8.49963e-06 
0.01897 1.23 2.44676e-06 
0.01897 1.235 6.12983e-07 
0.01897 1.24 1.25902e-07 
0.01897 1.245 2.49678e-08 
0.01897 1.25 3.70333e-09 
0.01897 1.255 5.45885e-10 
0.02097 1.14 1.85081e-09 
0.02097 1.145 9.10775e-06 
0.02097 1.15 0.000128388 
0.02097 1.155 0.000348732 
0.02097 1.16 0.000656361 
0.02097 1.165 0.00100656 
0.02097 1.17 0.00138586 
0.02097 1.175 0.00177668 
0.02097 1.18 0.00204794 
0.02097 1.185 0.00198313 
0.02097 1.19 0.00167304 
0.02097 1.195 0.00123292 
0.02097 1.2 0.000752643 
0.02097 1.205 0.000445909 
0.02097 1.21 0.000224633 
0.02097 1.215 9.92413e-05 
0.02097 1.22 3.92432e-05 
0.02097 1.225 1.29347e-05 
0.02097 1.23 3.50331e-06 
0.02097 1.235 8.07817e-07 
0.02097 1.24 1.73751e-07 
0.02097 1.245 3.37039e-08 
0.02097 1.25 5.656e-09 
0.02097 1.255 8.09234e-10 
0.02297 1.14 6.07247e-09 
0.02297 1.145 4.35171e-06 
0.02297 1.15 0.000111056 
0.02297 1.155 0.000304466 
0.02297 1.16 0.000595107 
0.02297 1.165 0.000981955 
0.02297 1.17 0.00149928 
0.02297 1.175 0.00207065 
0.02297 1.18 0.00224925 
0.02297 1.185 0.00222396 
0.02297 1.19 0.001906 
0.02297 1.195 0.0014869 
0.02297 1.2 0.00101521 
0.02297 1.205 0.00061471 
0.02297 1.21 0.000312843 
0.02297 1.215 0.000134076 
0.02297 1.22 5.24833e-05 
0.02297 1.225 1.80037e-05 
0.02297 1.23 5.47717e-06 
0.02297 1.235 1.40502e-06 
0.02297 1.24 3.00481e-07 
0.02297 1.245 5.98377e-08 
0.02297 1.25 9.86663e-09 
0.02297 1.255 1.32945e-09 
0.02297 1.26 1.53393e-10 
0.02497 1.145 4.35942e-06 
0.02497 1.15 9.45639e-05 
0.02497 1.155 0.000246602 
0.02497 1.16 0.000490434 
0.02497 1.165 0.000926852 
0.02497 1.17 0.00147059 
0.02497 1.175 0.00192331 
0.02497 1.18 0.00231022 
0.02497 1.185 0.00253165 
0.02497 1.19 0.00214936 
0.02497 1.195 0.00169804 
0.02497 1.2 0.00110751 
0.02497 1.205 0.000694075 
0.02497 1.21 0.000386792 
0.02497 1.215 0.000175586 
0.02497 1.22 7.00313e-05 
0.02497 1.225 2.50829e-05 
0.02497 1.23 7.40622e-06 
0.02497 1.235 1.92113e-06 
0.02497 1.24 4.5261e-07 
0.02497 1.245 9.49273e-08 
0.02497 1.25 1.54621e-08 
0.02497 1.255 2.33645e-09 
0.02497 1.26 2.85309e-10 
0.02697 1.145 4.31277e-06 
0.02697 1.15 8.54843e-05 
0.02697 1.155 0.000238514 
0.02697 1.16 0.00046749 
0.02697 1.165 0.000831162 
0.02697 1.17 0.00140414 
0.02697 1.175 0.00205803 
0.02697 1.18 0.00256866 
0.02697 1.185 0.00269091 
0.02697 1.19 0.00260187 
0.02697 1.195 0.00211979 
0.02697 1.2 0.00144161 
0.02697 1.205 0.000885276 
0.02697 1.21 0.000483375 
0.02697 1.215 0.000215907 
0.02697 1.22 9.5609e-05 
0.02697 1.225 3.51219e-05 
0.02697 1.23 1.08438e-05 
0.02697 1.235 2.97724e-06 
0.02697 1.24 7.31277e-07 
0.02697 1.245 1.49977e-07 
0.02697 1.25 2.59225e-08 
0.02697 1.255 3.8774e-09 
0.02697 1.26 5.04788e-10 
0.02897 1.145 4.35411e-06 
0.02897 1.15 7.20084e-05 
0.02897 1.155 0.000217292 
0.02897 1.16 0.000441263 
0.02897 1.165 0.000789148 
0.02897 1.17 0.00130101 
0.02897 1.175 0.00190843 
0.02897 1.18 0.00250251 
0.02897 1.185 0.00282835 
0.02897 1.19 0.00275346 
0.02897 1.195 0.0022991 
0.02897 1.2 0.00181011 
0.02897 1.205 0.00117796 
0.02897 1.21 0.000600284 
0.02897 1.215 0.000295308 
0.02897 1.22 0.000125941 
0.02897 1.225 4.77757e-05 
0.02897 1.23 1.5672e-05 
0.02897 1.235 4.29253e-06 
0.02897 1.24 1.08017e-06 
0.02897 1.245 2.22054e-07 
0.02897 1.25 4.15751e-08 
0.02897 1.255 6.32691e-09 
0.02897 1.26 9.49159e-10 
0.02897 1.265 1.08222e-10 
0.03097 1.145 2.76529e-06 
0.03097 1.15 5.93954e-05 
0.03097 1.155 0.000176923 
0.03097 1.16 0.000395072 
0.03097 1.165 0.000780219 
0.03097 1.17 0.00135073 
0.03097 1.175 0.00187312 
0.03097 1.18 0.0025592 
0.03097 1.185 0.00299573 
0.03097 1.19 0.00300483 
0.03097 1.195 0.00247407 
0.03097 1.2 0.00188092 
0.03097 1.205 0.00125314 
0.03097 1.21 0.000727309 
0.03097 1.215 0.00037126 
0.03097 1.22 0.000169097 
0.03097 1.225 6.15479e-05 
0.03097 1.23 2.04804e-05 
0.03097 1.235 5.77182e-06 
0.03097 1.24 1.43699e-06 
0.03097 1.245 3.13147e-07 
0.03097 1.25 5.94017e-08 
0.03097 1.255 9.90591e-09 
0.03097 1.26 1.37153e-09 
0.03097 1.265 1.81429e-10 
0.03297 1.145 3.2793e-06 
0.03297 1.15 4.75225e-05 
0.03297 1.155 0.000149474 
0.03297 1.16 0.00033013 
0.03297 1.165 0.000669061 
0.03297 1.17 0.00119785 
0.03297 1.175 0.00186961 
0.03297 1.18 0.00255916 
0.03297 1.185 0.00291332 
0.03297 1.19 0.00316088 
0.03297 1.195 0.00304362 
0.03297 1.2 0.0022565 
0.03297 1.205 0.00151733 
0.03297 1.21 0.000882777 
0.03297 1.215 0.00045028 
0.03297 1.22 0.000213838 
0.03297 1.225 9.15558e-05 
0.03297 1.23 3.09079e-05 
0.03297 1.235 8.98125e-06 
0.03297 1.24 2.28675e-06 
0.03297 1.245 5.0308e-07 
0.03297 1.25 9.57752e-08 
0.03297 1.255 1.58769e-08 
0.03297 1.26 2.28463e-09 
0.03297 1.265 2.82123e-10 
0.03497 1.145 2.43012e-06 
0.03497 1.15 4.08058e-05 
0.03497 1.155 0.000135586 
0.03497 1.16 0.0003169 
0.03497 1.165 0.000666879 
0.03497 1.17 0.00116592 
0.03497 1.175 0.00181828 
0.03497 1.18 0.00261784 
0.03497 1.185 0.00324153 
0.03497 1.19 0.00345269 
0.03497 1.195 0.00320551 
0.03497 1.2 0.00266399 
0.03497 1.205 0.0018115 
0.03497 1.21 0.00098337 
0.03497 1.215 0.000532905 
0.03497 1.22 0.000255186 
0.03497 1.225 0.000103743 
0.03497 1.23 3.7051e-05 
0.03497 1.235 1.22296e-05 
0.03497 1.24 3.22408e-06 
0.03497 1.245 6.78539e-07 
0.03497 1.25 1.37591e-07 
0.03497 1.255 2.32069e-08 
0.03497 1.26 3.67694e-09 
0.03497 1.265 4.4414e-10 
0.03697 1.145 1.72731e-06 
0.03697 1.15 3.54151e-05 
0.03697 1.155 0.000117354 
0.03697 1.16 0.000286859 
0.03697 1.165 0.00062319 
0.03697 1.17 0.00113848 
0.03697 1.175 0.00187617 
0.03697 1.18 0.00270923 
0.03697 1.185 0.00326856 
0.03697 1.19 0.0037481 
0.03697 1.195 0.00334543 
0.03697 1.2 0.00278109 
0.03697 1.205 0.00203213 
0.03697 1.21 0.0013354 
0.03697 1.215 0.000706399 
0.03697 1.22 0.000345959 
0.03697 1.225 0.000143218 
0.03697 1.23 5.27466e-05 
0.03697 1.235 1.6602e-05 
0.03697 1.24 4.50728e-06 
0.03697 1.245 1.10828e-06 
0.03697 1.25 2.09851e-07 
0.03697 1.255 3.79963e-08 
0.03697 1.26 5.96701e-09 
0.03697 1.265 7.34353e-10 
0.03897 1.145 1.08832e-06 
0.03897 1.15 2.49837e-05 
0.03897 1.155 8.58435e-05 
0.03897 1.16 0.000219542 
0.03897 1.165 0.000489002 
0.03897 1.17 0.00101578 
0.03897 1.175 0.00175437 
0.03897 1.18 0.00256013 
0.03897 1.185 0.00317061 
0.03897 1.19 0.00353227 
0.03897 1.195 0.00366245 
0.03897 1.2 0.0032998 
0.03897 1.205 0.00247209 
0.03897 1.21 0.00160505 
0.03897 1.215 0.000914431 
0.03897 1.22 0.000426917 
0.03897 1.225 0.000183378 
0.03897 1.23 6.72764e-05 
0.03897 1.235 2.15711e-05 
0.03897 1.24 5.85927e-06 
0.03897 1.245 1.47877e-06 
0.03897 1.25 3.08359e-07 
0.03897 1.255 5.31507e-08 
0.03897 1.26 8.16888e-09 
0.03897 1.265 1.03941e-09 
0.04097 1.145 1.09222e-06 
0.04097 1.15 1.90166e-05 
0.04097 1.155 7.33324e-05 
0.04097 1.16 0.000188171 
0.04097 1.165 0.000430973 
0.04097 1.17 0.000900873 
0.04097 1.175 0.0016042 
0.04097 1.18 0.00243372 
0.04097 1.185 0.00337873 
0.04097 1.19 0.00376753 
0.04097 1.195 0.00400725 
0.04097 1.2 0.00331737 
0.04097 1.205 0.00266923 
0.04097 1.21 0.00183734 
0.04097 1.215 0.00108723 
0.04097 1.22 0.000577553 
0.04097 1.225 0.000250121 
0.04097 1.23 9.56653e-05 
0.04097 1.235 2.97446e-05 
0.04097 1.24 8.91862e-06 
0.04097 1.245 2.1788e-06 
0.04097 1.25 4.92011e-07 
0.04097 1.255 8.99652e-08 
0.04097 1.26 1.46058e-08 
0.04097 1.265 1.77979e-09 
0.04097 1.27 1.26312e-10 
0.04297 1.145 7.5227e-07 
0.04297 1.15 1.52797e-05 
0.04297 1.155 5.50033e-05 
0.04297 1.16 0.000154114 
0.04297 1.165 0.000358011 
0.04297 1.17 0.000743223 
0.04297 1.175 0.00143932 
0.04297 1.18 0.00230669 
0.04297 1.185 0.00347831 
0.04297 1.19 0.00422707 
0.04297 1.195 0.00456554 
0.04297 1.2 0.00426503 
0.04297 1.205 0.00329517 
0.04297 1.21 0.00231145 
0.04297 1.215 0.00137354 
0.04297 1.22 0.00071323 
0.04297 1.225 0.0003288 
0.04297 1.23 0.000134118 
0.04297 1.235 4.34619e-05 
0.04297 1.24 1.2117e-05 
0.04297 1.245 2.95473e-06 
0.04297 1.25 6.73654e-07 
0.04297 1.255 1.30406e-07 
0.04297 1.26 2.07449e-08 
0.04297 1.265 2.6676e-09 
0.04297 1.27 1.77105e-10 
0.04497 1.145 5.08835e-07 
0.04497 1.15 1.12316e-05 
0.04497 1.155 4.59848e-05 
0.04497 1.16 0.000120771 
0.04497 1.165 0.000332506 
0.04497 1.17 0.000734941 
0.04497 1.175 0.00136315 
0.04497 1.18 0.00221438 
0.04497 1.185 0.00303854 
0.04497 1.19 0.00375237 
0.04497 1.195 0.00390551 
0.04497 1.2 0.00397324 
0.04497 1.205 0.00318211 
0.04497 1.21 0.00234475 
0.04497 1.215 0.00147375 
0.04497 1.22 0.000802425 
0.04497 1.225 0.000378945 
0.04497 1.23 0.000141873 
0.04497 1.235 4.99559e-05 
0.04497 1.24 1.59351e-05 
0.04497 1.245 4.41947e-06 
0.04497 1.25 9.70572e-07 
0.04497 1.255 1.79594e-07 
0.04497 1.26 2.97612e-08 
0.04497 1.265 4.119e-09 
0.04497 1.27 3.07968e-10 
0.04697 1.145 3.26211e-07 
0.04697 1.15 7.35589e-06 
0.04697 1.155 3.13396e-05 
0.04697 1.16 0.000106637 
0.04697 1.165 0.000262554 
0.04697 1.17 0.000595496 
0.04697 1.175 0.00114608 
0.04697 1.18 0.00204995 
0.04697 1.185 0.00316839 
0.04697 1.19 0.00415518 
0.04697 1.195 0.0045345 
0.04697 1.2 0.00454496 
0.04697 1.205 0.00386414 
0.04697 1.21 0.00282555 
0.04697 1.215 0.00186611 
0.04697 1.22 0.000982272 
0.04697 1.225 0.000474137 
0.04697 1.23 0.000200038 
0.04697 1.235 7.62476e-05 
0.04697 1.24 2.07021e-05 
0.04697 1.245 5.73944e-06 
0.04697 1.25 1.43605e-06 
0.04697 1.255 2.76517e-07 
0.04697 1.26 4.56059e-08 
0.04697 1.265 6.44758e-09 
0.04697 1.27 3.61118e-10 
0.04897 1.145 2.40713e-07 
0.04897 1.15 6.28664e-06 
0.04897 1.155 2.75019e-05 
0.04897 1.16 8.28507e-05 
0.04897 1.165 0.000227907 
0.04897 1.17 0.000524725 
0.04897 1.175 0.00103091 
0.04897 1.18 0.00177224 
0.04897 1.185 0.00267423 
0.04897 1.19 0.00344121 
0.04897 1.195 0.00423637 
0.04897 1.2 0.00415986 
0.04897 1.205 0.00378477 
0.04897 1.21 0.00276674 
0.04897 1.215 0.00177793 
0.04897 1.22 0.00103837 
0.04897 1.225 0.00049832 
0.04897 1.23 0.000230672 
0.04897 1.235 8.82207e-05 
0.04897 1.24 3.10874e-05 
0.04897 1.245 8.40799e-06 
0.04897 1.25 2.1043e-06 
0.04897 1.255 4.39114e-07 
0.04897 1.26 7.64996e-08 
0.04897 1.265 1.09901e-08 
0.04897 1.27 8.08081e-10 
0.05097 1.145 1.641e-07 
0.05097 1.15 4.2075e-06 
0.05097 1.155 1.89713e-05 
0.05097 1.16 6.2157e-05 
0.05097 1.165 0.000158072 
0.05097 1.17 0.000402107 
0.05097 1.175 0.000902481 
0.05097 1.18 0.00175076 
0.05097 1.185 0.00289405 
0.05097 1.19 0.00404001 
0.05097 1.195 0.00486673 
0.05097 1.2 0.00485551 
0.05097 1.205 0.00428265 
0.05097 1.21 0.00342621 
0.05097 1.215 0.00250051 
0.05097 1.22 0.0014259 
0.05097 1.225 0.000736535 
0.05097 1.23 0.000323389 
0.05097 1.235 0.000119479 
0.05097 1.24 3.74763e-05 
0.05097 1.245 1.12242e-05 
0.05097 1.25 2.63471e-06 
0.05097 1.255 5.65155e-07 
0.05097 1.26 9.84244e-08 
0.05097 1.265 1.47068e-08 
0.05097 1.27 1.05623e-09 
0.05297 1.145 1.24793e-07 
0.05297 1.15 3.42468e-06 
0.05297 1.155 1.51417e-05 
0.05297 1.16 5.21954e-05 
0.05297 1.165 0.000145029 
0.05297 1.17 0.000367096 
0.05297 1.175 0.000759451 
0.05297 1.18 0.00145135 
0.05297 1.185 0.00235967 
0.05297 1.19 0.00318556 
0.05297 1.195 0.00388273 
0.05297 1.2 0.00438249 
0.05297 1.205 0.00434271 
0.05297 1.21 0.00345247 
0.05297 1.215 0.00247732 
0.05297 1.22 0.00151759 
0.05297 1.225 0.000764072 
0.05297 1.23 0.000358375 
0.05297 1.235 0.000143932 
0.05297 1.24 5.41361e-05 
0.05297 1.245 1.54731e-05 
0.05297 1.25 3.82636e-06 
0.05297 1.255 8.04195e-07 
0.05297 1.26 1.55982e-07 
0.05297 1.265 2.38884e-08 
0.05297 1.27 2.13692e-09 
0.05497 1.145 8.79173e-08 
0.05497 1.15 2.08495e-06 
0.05497 1.155 9.74409e-06 
0.05497 1.16 3.3845e-05 
0.05497 1.165 0.000101662 
0.05497 1.17 0.000267131 
0.05497 1.175 0.000636139 
0.05497 1.18 0.00125214 
0.05497 1.185 0.00217792 
0.05497 1.19 0.00348181 
0.05497 1.195 0.00452199 
0.05497 1.2 0.00503729 
0.05497 1.205 0.00488125 
0.05497 1.21 0.00413772 
0.05497 1.215 0.00293194 
0.05497 1.22 0.00188315 
0.05497 1.225 0.00102312 
0.05497 1.23 0.0004778 
0.05497 1.235 0.00018145 
0.05497 1.24 6.08677e-05 
0.05497 1.245 1.80839e-05 
0.05497 1.25 5.19863e-06 
0.05497 1.255 1.19181e-06 
0.05497 1.26 2.24589e-07 
0.05497 1.265 3.1486e-08 
0.05497 1.27 2.2388e-09 
0.05697 1.145 6.46891e-08 
0.05697 1.15 1.69593e-06 
0.05697 1.155 7.67746e-06 
0.05697 1.16 2.70569e-05 
0.05697 1.165 8.3686e-05 
0.05697 1.17 0.000222673 
0.05697 1.175 0.000495771 
0.05697 1.18 0.00105652 
0.05697 1.185 0.00190627 
0.05697 1.19 0.00275258 
0.05697 1.195 0.00362256 
0.05697 1.2 0.00420724 
0.05697 1.205 0.00426192 
0.05697 1.21 0.00378355 
0.05697 1.215 0.0028231 
0.05697 1.22 0.00190615 
0.05697 1.225 0.00104724 
0.05697 1.23 0.000538878 
0.05697 1.235 0.000237397 
0.05697 1.24 8.8223e-05 
0.05697 1.245 2.74694e-05 
0.05697 1.25 6.97356e-06 
0.05697 1.255 1.53849e-06 
0.05697 1.26 2.96149e-07 
0.05697 1.265 5.47104e-08 
0.05697 1.27 4.01152e-09 
0.05897 1.145 3.02424e-08 
0.05897 1.15 9.5554e-07 
0.05897 1.155 4.9043e-06 
0.05897 1.16 1.70212e-05 
0.05897 1.165 5.53347e-05 
0.05897 1.17 0.000161746 
0.05897 1.175 0.000418329 
0.05897 1.18 0.000930382 
0.05897 1.185 0.0017246 
0.05897 1.19 0.00277059 
0.05897 1.195 0.00384037 
0.05897 1.2 0.004593 
0.05897 1.205 0.00486011 
0.05897 1.21 0.00440409 
0.05897 1.215 0.00348231 
0.05897 1.22 0.00225553 
0.05897 1.225 0.00136515 
0.05897 1.23 0.000704372 
0.05897 1.235 0.000295184 
0.05897 1.24 9.75119e-05 
0.05897 1.245 3.13154e-05 
0.05897 1.25 8.44951e-06 
0.05897 1.255 2.06967e-06 
0.05897 1.26 4.20234e-07 
0.05897 1.265 7.32859e-08 
0.05897 1.27 5.08773e-09 
0.06097 1.145 2.47111e-08 
0.06097 1.15 6.96544e-07 
0.06097 1.155 3.48163e-06 
0.06097 1.16 1.34714e-05 
0.06097 1.165 4.743e-05 
0.06097 1.17 0.000136325 
0.06097 1.175 0.000346933 
0.06097 1.18 0.000717397 
0.06097 1.185 0.00137247 
0.06097 1.19 0.00223382 
0.06097 1.195 0.00313984 
0.06097 1.2 0.0038702 
0.06097 1.205 0.00416687 
0.06097 1.21 0.00382307 
0.06097 1.215 0.00318635 
0.06097 1.22 0.00223666 
0.06097 1.225 0.0012995 
0.06097 1.23 0.000624746 
0.06097 1.235 0.000299654 
0.06097 1.24 0.000128217 
0.06097 1.245 4.09443e-05 
0.06097 1.25 1.17498e-05 
0.06097 1.255 2.95738e-06 
0.06097 1.26 5.91841e-07 
0.06097 1.265 1.12671e-07 
0.06097 1.27 8.69614e-09 
0.06297 1.145 1.0104e-08 
0.06297 1.15 4.17939e-07 
0.06297 1.155 2.37143e-06 
0.06297 1.16 9.88282e-06 
0.06297 1.165 3.34217e-05 
0.06297 1.17 9.81483e-05 
0.06297 1.175 0.000280436 
0.06297 1.18 0.000653481 
0.06297 1.185 0.00116804 
0.06297 1.19 0.00206909 
0.06297 1.195 0.00307701 
0.06297 1.2 0.00402052 
0.06297 1.205 0.00444457 
0.06297 1.21 0.00443971 
0.06297 1.215 0.00368977 
0.06297 1.22 0.00264668 
0.06297 1.225 0.00161477 
0.06297 1.23 0.000894181 
0.06297 1.235 0.000417817 
0.06297 1.24 0.000164461 
0.06297 1.245 5.3172e-05 
0.06297 1.25 1.49294e-05 
0.06297 1.255 3.4858e-06 
0.06297 1.26 7.67106e-07 
0.06297 1.265 1.42366e-07 
0.06297 1.27 1.08182e-08 
0.06497 1.145 1.13402e-08 
0.06497 1.15 3.009e-07 
0.06497 1.155 1.70146e-06 
0.06497 1.16 6.9571e-06 
0.06497 1.165 2.37103e-05 
0.06497 1.17 7.33605e-05 
0.06497 1.175 0.000196477 
0.06497 1.18 0.000472386 
0.06497 1.185 0.00100936 
0.06497 1.19 0.00171877 
0.06497 1.195 0.00265227 
0.06497 1.2 0.00341018 
0.06497 1.205 0.00401881 
0.06497 1.21 0.00394137 
0.06497 1.215 0.00336569 
0.06497 1.22 0.00254524 
0.06497 1.225 0.00161974 
0.06497 1.23 0.0008846 
0.06497 1.235 0.000413458 
0.06497 1.24 0.000174524 
0.06497 1.245 6.12255e-05 
0.06497 1.25 1.93083e-05 
0.06497 1.255 4.98087e-06 
0.06497 1.26 1.11468e-06 
0.06497 1.265 2.09662e-07 
0.06497 1.27 1.91925e-08 
0.06697 1.145 5.66872e-09 
0.06697 1.15 1.7213e-07 
0.06697 1.155 1.006e-06 
0.06697 1.16 4.42854e-06 
0.06697 1.165 1.73822e-05 
0.06697 1.17 5.81023e-05 
0.06697 1.175 0.000157896 
0.06697 1.18 0.000403384 
0.06697 1.185 0.000863266 
0.06697 1.19 0.0015617 
0.06697 1.195 0.00246535 
0.06697 1.2 0.00329798 
0.06697 1.205 0.00389954 
0.06697 1.21 0.00417873 
0.06697 1.215 0.00387353 
0.06697 1.22 0.00294332 
0.06697 1.225 0.00199444 
0.06697 1.23 0.00114286 
0.06697 1.235 0.000557806 
0.06697 1.24 0.000232615 
0.06697 1.245 8.18565e-05 
0.06697 1.25 2.58547e-05 
0.06697 1.255 6.21276e-06 
0.06697 1.26 1.35921e-06 
0.06697 1.265 2.61866e-07 
0.06697 1.27 2.19772e-08 
0.06897 1.145 3.23844e-09 
0.06897 1.15 1.09312e-07 
0.06897 1.155 7.49093e-07 
0.06897 1.16 3.27967e-06 
0.06897 1.165 1.26573e-05 
0.06897 1.17 4.38018e-05 
0.06897 1.175 0.000128263 
0.06897 1.18 0.000320836 
0.06897 1.185 0.000728507 
0.06897 1.19 0.00146915 
0.06897 1.195 0.0022246 
0.06897 1.2 0.00322393 
0.06897 1.205 0.00400381 
0.06897 1.21 0.00415718 
0.06897 1.215 0.00371733 
0.06897 1.22 0.00307622 
0.06897 1.225 0.00204984 
0.06897 1.23 0.00118064 
0.06897 1.235 0.000597797 
0.06897 1.24 0.000245098 
0.06897 1.245 8.72502e-05 
0.06897 1.25 2.91362e-05 
0.06897 1.255 8.12372e-06 
0.06897 1.26 1.96339e-06 
0.06897 1.265 3.84492e-07 
0.06897 1.27 3.25677e-08 
0.07097 1.145 1.70411e-09 
0.07097 1.15 7.1356e-08 
0.07097 1.155 4.46302e-07 
0.07097 1.16 2.11124e-06 
0.07097 1.165 8.72543e-06 
0.07097 1.17 3.01335e-05 
0.07097 1.175 9.13418e-05 
0.07097 1.18 0.000229231 
0.07097 1.185 0.00054809 
0.07097 1.19 0.00107566 
0.07097 1.195 0.00188135 
0.07097 1.2 0.00282223 
0.07097 1.205 0.00358142 
0.07097 1.21 0.00380836 
0.07097 1.215 0.00374956 
0.07097 1.22 0.00300288 
0.07097 1.225 0.00200689 
0.07097 1.23 0.00120547 
0.07097 1.235 0.000656193 
0.07097 1.24 0.000302201 
0.07097 1.245 0.000121041 
0.07097 1.25 4.10431e-05 
0.07097 1.255 1.15376e-05 
0.07097 1.26 2.75339e-06 
0.07097 1.265 5.48835e-07 
0.07097 1.27 4.31531e-08 
0.07297 1.145 1.15124e-09 
0.07297 1.15 4.09764e-08 
0.07297 1.155 2.77008e-07 
0.07297 1.16 1.3293e-06 
0.07297 1.165 5.27078e-06 
0.07297 1.17 2.00482e-05 
0.07297 1.175 6.53347e-05 
0.07297 1.18 0.000177405 
0.07297 1.185 0.000424521 
0.07297 1.19 0.000890112 
0.07297 1.195 0.00168718 
0.07297 1.2 0.00266341 
0.07297 1.205 0.00332679 
0.07297 1.21 0.00366589 
0.07297 1.215 0.00350846 
0.07297 1.22 0.0029894 
0.07297 1.225 0.00231038 
0.07297 1.23 0.00145154 
0.07297 1.235 0.000784706 
0.07297 1.24 0.000360018 
0.07297 1.245 0.000143073 
0.07297 1.25 4.47939e-05 
0.07297 1.255 1.24733e-05 
0.07297 1.26 2.90755e-06 
0.07297 1.265 6.33313e-07 
0.07297 1.27 6.87965e-08 
0.07497 1.145 8.04485e-10 
0.07497 1.15 2.61618e-08 
0.07497 1.155 1.7071e-07 
0.07497 1.16 8.94556e-07 
0.07497 1.165 3.85435e-06 
0.07497 1.17 1.42725e-05 
0.07497 1.175 4.68021e-05 
0.07497 1.18 0.00013715 
0.07497 1.185 0.000332463 
0.07497 1.19 0.000657443 
0.07497 1.195 0.00125632 
0.07497 1.2 0.00194212 
0.07497 1.205 0.00260366 
0.07497 1.21 0.00341361 
0.07497 1.215 0.00350581 
0.07497 1.22 0.00294823 
0.07497 1.225 0.00235817 
0.07497 1.23 0.001464 
0.07497 1.235 0.000828229 
0.07497 1.24 0.000380951 
0.07497 1.245 0.000158988 
0.07497 1.25 6.00259e-05 
0.07497 1.255 1.8294e-05 
0.07497 1.26 4.6298e-06 
0.07497 1.265 1.05161e-06 
0.07497 1.27 1.00806e-07 
0.07697 1.145 3.11921e-10 
0.07697 1.15 1.34955e-08 
0.07697 1.155 9.03081e-08 
0.07697 1.16 5.21583e-07 
0.07697 1.165 2.36705e-06 
0.07697 1.17 9.26542e-06 
0.07697 1.175 3.20981e-05 
0.07697 1.18 9.6023e-05 
0.07697 1.185 0.000244313 
0.07697 1.19 0.00056855 
0.07697 1.195 0.00107875 
0.07697 1.2 0.00180944 
0.07697 1.205 0.00273994 
0.07697 1.21 0.00339933 
0.07697 1.215 0.00353927 
0.07697 1.22 0.00328563 
0.07697 1.225 0.00251642 
0.07697 1.23 0.00162735 
0.07697 1.235 0.000927284 
0.07697 1.24 0.000443387 
0.07697 1.245 0.000200547 
0.07697 1.25 7.02708e-05 
0.07697 1.255 2.10723e-05 
0.07697 1.26 5.63061e-06 
0.07697 1.265 1.10424e-06 
0.07697 1.27 1.06667e-07 
0.07897 1.145 1.88769e-10 
0.07897 1.15 7.19827e-09 
0.07897 1.155 5.91491e-08 
0.07897 1.16 3.58053e-07 
0.07897 1.165 1.73677e-06 
0.07897 1.17 6.98112e-06 
0.07897 1.175 2.42036e-05 
0.07897 1.18 7.58644e-05 
0.07897 1.185 0.000195335 
0.07897 1.19 0.000443481 
0.07897 1.195 0.000872644 
0.07897 1.2 0.00154165 
0.07897 1.205 0.0022625 
0.07897 1.21 0.00288495 
0.07897 1.215 0.00309857 
0.07897 1.22 0.00270434 
0.07897 1.225 0.00214925 
0.07897 1.23 0.00153293 
0.07897 1.235 0.00095959 
0.07897 1.24 0.000446811 
0.07897 1.245 0.000197804 
0.07897 1.25 6.99696e-05 
0.07897 1.255 2.16309e-05 
0.07897 1.26 6.07022e-06 
0.07897 1.265 1.44131e-06 
0.07897 1.27 1.40646e-07 
0.08097 1.145 1.48993e-10 
0.08097 1.15 4.64907e-09 
0.08097 1.155 3.47499e-08 
0.08097 1.16 2.10802e-07 
0.08097 1.165 1.00354e-06 
0.08097 1.17 4.23543e-06 
0.08097 1.175 1.58049e-05 
0.08097 1.18 4.71413e-05 
0.08097 1.185 0.000134313 
0.08097 1.19 0.000325987 
0.08097 1.195 0.000630612 
0.08097 1.2 0.00117955 
0.08097 1.205 0.00175559 
0.08097 1.21 0.00234547 
0.08097 1.215 0.0027486 
0.08097 1.22 0.0026807 
0.08097 1.225 0.00224421 
0.08097 1.23 0.00166266 
0.08097 1.235 0.0010009 
0.08097 1.24 0.000543536 
0.08097 1.245 0.000258758 
0.08097 1.25 8.97343e-05 
0.08097 1.255 2.93051e-05 
0.08097 1.26 8.41426e-06 
0.08097 1.265 1.73483e-06 
0.08097 1.27 1.8053e-07 
0.08297 1.15 2.27214e-09 
0.08297 1.155 1.89029e-08 
0.08297 1.16 1.07087e-07 
0.08297 1.165 5.60567e-07 
0.08297 1.17 2.83491e-06 
0.08297 1.175 1.17098e-05 
0.08297 1.18 3.72784e-05 
0.08297 1.185 0.000104309 
0.08297 1.19 0.000256283 
0.08297 1.195 0.000533804 
0.08297 1.2 0.000994697 
0.08297 1.205 0.00153952 
0.08297 1.21 0.00209749 
0.08297 1.215 0.00258613 
0.08297 1.22 0.00246407 
0.08297 1.225 0.00214024 
0.08297 1.23 0.00149339 
0.08297 1.235 0.000959432 
0.08297 1.24 0.000511346 
0.08297 1.245 0.000240853 
0.08297 1.25 9.44816e-05 
0.08297 1.255 3.28038e-05 
0.08297 1.26 9.59774e-06 
0.08297 1.265 2.57534e-06 
0.08297 1.27 2.71826e-07 
0.08497 1.15 1.41137e-09 
0.08497 1.155 1.08579e-08 
0.08497 1.16 6.73529e-08 
0.08497 1.165 3.54268e-07 
0.08497 1.17 1.63021e-06 
0.08497 1.175 6.77235e-06 
0.08497 1.18 2.41797e-05 
0.08497 1.185 6.64012e-05 
0.08497 1.19 0.00017768 
0.08497 1.195 0.000409319 
0.08497 1.2 0.00075618 
0.08497 1.205 0.00129879 
0.08497 1.21 0.0018535 
0.08497 1.215 0.00209429 
0.08497 1.22 0.00241216 
0.08497 1.225 0.00221648 
0.08497 1.23 0.00160244 
0.08497 1.235 0.00106582 
0.08497 1.24 0.000634942 
0.08497 1.245 0.000293254 
0.08497 1.25 0.000122093 
0.08497 1.255 3.89019e-05 
0.08497 1.26 1.26413e-05 
0.08497 1.265 2.90319e-06 
0.08497 1.27 2.88271e-07 
0.08697 1.15 6.33549e-10 
0.08697 1.155 5.78636e-09 
0.08697 1.16 3.92496e-08 
0.08697 1.165 2.27699e-07 
0.08697 1.17 1.15826e-06 
0.08697 1.175 4.33719e-06 
0.08697 1.18 1.77701e-05 
0.08697 1.185 5.80584e-05 
0.08697 1.19 0.000149608 
0.08697 1.195 0.000332593 
0.08697 1.2 0.000673214 
0.08697 1.205 0.00113241 
0.08697 1.21 0.00172604 
0.08697 1.215 0.00209315 
0.08697 1.22 0.00214462 
0.08697 1.225 0.00183088 
0.08697 1.23 0.00150111 
0.08697 1.235 0.00101458 
0.08697 1.24 0.0005526 
0.08697 1.245 0.000287526 
0.08697 1.25 0.000125726 
0.08697 1.255 4.05305e-05 
0.08697 1.26 1.30692e-05 
0.08697 1.265 3.64062e-06 
0.08697 1.27 3.47226e-07 
0.08897 1.15 3.84376e-10 
0.08897 1.155 3.52968e-09 
0.08897 1.16 2.45787e-08 
0.08897 1.165 1.41219e-07 
0.08897 1.17 7.11665e-07 
0.08897 1.175 3.16133e-06 
0.08897 1.18 1.12957e-05 
0.08897 1.185 3.49268e-05 
0.08897 1.19 9.40787e-05 
0.08897 1.195 0.000233587 
0.08897 1.2 0.00048866 
0.08897 1.205 0.000800282 
0.08897 1.21 0.00130068 
0.08897 1.215 0.00157417 
0.08897 1.22 0.00185094 
0.08897 1.225 0.00185704 
0.08897 1.23 0.0015363 
0.08897 1.235 0.00106115 
0.08897 1.24 0.000616053 
0.08897 1.245 0.000314289 
0.08897 1.25 0.000151153 
0.08897 1.255 5.44532e-05 
0.08897 1.26 1.66754e-05 
0.08897 1.265 3.86987e-06 
0.08897 1.27 4.06218e-07 
0.09097 1.15 1.78914e-10 
0.09097 1.155 1.59916e-09 
0.09097 1.16 1.2263e-08 
0.09097 1.165 7.90756e-08 
0.09097 1.17 3.74282e-07 
0.09097 1.175 1.85927e-06 
0.09097 1.18 7.86295e-06 
0.09097 1.185 2.4834e-05 
0.09097 1.19 7.63746e-05 
0.09097 1.195 0.000181781 
0.09097 1.2 0.00039094 
0.09097 1.205 0.000675425 
0.09097 1.21 0.00112985 
0.09097 1.215 0.0015163 
0.09097 1.22 0.00167488 
0.09097 1.225 0.00165452 
0.09097 1.23 0.00143575 
0.09097 1.235 0.000970387 
0.09097 1.24 0.000646148 
0.09097 1.245 0.000336501 
0.09097 1.25 0.000143485 
0.09097 1.255 5.75833e-05 
0.09097 1.26 1.81374e-05 
0.09097 1.265 5.54765e-06 
0.09097 1.27 6.28717e-07 
0.09297 1.155 1.00657e-09 
0.09297 1.16 7.29836e-09 
0.09297 1.165 4.29665e-08 
0.09297 1.17 2.58629e-07 
0.09297 1.175 1.26608e-06 
0.09297 1.18 4.68912e-06 
0.09297 1.185 1.6316e-05 
0.09297 1.19 4.97307e-05 
0.09297 1.195 0.00013149 
0.09297 1.2 0.000283134 
0.09297 1.205 0.000536564 
0.09297 1.21 0.000905234 
0.09297 1.215 0.00117205 
0.09297 1.22 0.00153677 
0.09297 1.225 0.00157659 
0.09297 1.23 0.00136808 
0.09297 1.235 0.00105317 
0.09297 1.24 0.000676967 
0.09297 1.245 0.000372624 
0.09297 1.25 0.0001653 
0.09297 1.255 6.77217e-05 
0.09297 1.26 2.35387e-05 
0.09297 1.265 5.59508e-06 
0.09297 1.27 7.93551e-07 
0.09497 1.155 4.60866e-10 
0.09497 1.16 3.47095e-09 
0.09497 1.165 2.44866e-08 
0.09497 1.17 1.48801e-07 
0.09497 1.175 7.01811e-07 
0.09497 1.18 3.17487e-06 
0.09497 1.185 1.18535e-05 
0.09497 1.19 3.70039e-05 
0.09497 1.195 9.94002e-05 
0.09497 1.2 0.000227208 
0.09497 1.205 0.000443337 
0.09497 1.21 0.000759054 
0.09497 1.215 0.00105512 
0.09497 1.22 0.00121279 
0.09497 1.225 0.00133426 
0.09497 1.23 0.00123239 
0.09497 1.235 0.000937857 
0.09497 1.24 0.000620751 
0.09497 1.245 0.000338945 
0.09497 1.25 0.000169763 
0.09497 1.255 6.61601e-05 
0.09497 1.26 2.35522e-05 
0.09497 1.265 6.57211e-06 
0.09497 1.27 8.00632e-07 
0.09697 1.155 2.48364e-10 
0.09697 1.16 2.04358e-09 
0.09697 1.165 1.53228e-08 
0.09697 1.17 7.8415e-08 
0.09697 1.175 3.97791e-07 
0.09697 1.18 1.93672e-06 
0.09697 1.185 7.56299e-06 
0.09697 1.19 2.19022e-05 
0.09697 1.195 6.31934e-05 
0.09697 1.2 0.000159388 
0.09697 1.205 0.0003163 
0.09697 1.21 0.000542219 
0.09697 1.215 0.0008602 
0.09697 1.22 0.00104056 
0.09697 1.225 0.0012501 
0.09697 1.23 0.00109789 
0.09697 1.235 0.000893921 
0.09697 1.24 0.000617461 
0.09697 1.245 0.000367688 
0.09697 1.25 0.000177866 
0.09697 1.255 7.87714e-05 
0.09697 1.26 2.5762e-05 
0.09697 1.265 7.86943e-06 
0.09697 1.27 8.98039e-07 
0.09897 1.155 1.13905e-10 
0.09897 1.16 1.04533e-09 
0.09897 1.165 7.66798e-09 
0.09897 1.17 4.75907e-08 
0.09897 1.175 2.66383e-07 
0.09897 1.18 1.26326e-06 
0.09897 1.185 4.65053e-06 
0.09897 1.19 1.61706e-05 
0.09897 1.195 4.62914e-05 
0.09897 1.2 0.000115314 
0.09897 1.205 0.000238431 
0.09897 1.21 0.000440854 
0.09897 1.215 0.000662622 
0.09897 1.22 0.000832639 
0.09897 1.225 0.00100742 
0.09897 1.23 0.00097902 
0.09897 1.235 0.000797521 
0.09897 1.24 0.000565834 
0.09897 1.245 0.000336913 
0.09897 1.25 0.000179691 
0.09897 1.255 7.66437e-05 
0.09897 1.26 2.99083e-05 
0.09897 1.265 9.16346e-06 
0.09897 1.27 1.17346e-06 
0.10097 1.16 5.04112e-10 
0.10097 1.165 3.91511e-09 
0.10097 1.17 2.62574e-08 
0.10097 1.175 1.3024e-07 
0.10097 1.18 6.54073e-07 
0.10097 1.185 2.7389e-06 
0.10097 1.19 1.00392e-05 
0.10097 1.195 2.97912e-05 
0.10097 1.2 7.74598e-05 
0.10097 1.205 0.000169518 
0.10097 1.21 0.000321866 
0.10097 1.215 0.000542969 
0.10097 1.22 0.000743147 
0.10097 1.225 0.000908509 
0.10097 1.23 0.00088519 
0.10097 1.235 0.000763931 
0.10097 1.24 0.000580598 
0.10097 1.245 0.000365426 
0.10097 1.25 0.000194845 
0.10097 1.255 8.28293e-05 
0.10097 1.26 3.25274e-05 
0.10097 1.265 9.71512e-06 
0.10097 1.27 1.33058e-06 
0.10297 1.16 2.54138e-10 
0.10297 1.165 2.28032e-09 
0.10297 1.17 1.51961e-08 
0.10297 1.175 8.57194e-08 
0.10297 1.18 4.41493e-07 
0.10297 1.185 1.9144e-06 
0.10297 1.19 7.3433e-06 
0.10297 1.195 2.19996e-05 
0.10297 1.2 6.15546e-05 
0.10297 1.205 0.000138284 
0.10297 1.21 0.000258054 
0.10297 1.215 0.000446656 
0.10297 1.22 0.000607283 
0.10297 1.225 0.000712386 
0.10297 1.23 0.000764047 
0.10297 1.235 0.000680244 
0.10297 1.24 0.000509891 
0.10297 1.245 0.000332274 
0.10297 1.25 0.00018075 
0.10297 1.255 8.20224e-05 
0.10297 1.26 3.2482e-05 
0.10297 1.265 1.13263e-05 
0.10297 1.27 1.4442e-06 
0.10497 1.16 1.45642e-10 
0.10497 1.165 1.11297e-09 
0.10497 1.17 7.62858e-09 
0.10497 1.175 4.70655e-08 
0.10497 1.18 2.59961e-07 
0.10497 1.185 1.08333e-06 
0.10497 1.19 4.32174e-06 
0.10497 1.195 1.32581e-05 
0.10497 1.2 3.90652e-05 
0.10497 1.205 8.70721e-05 
0.10497 1.21 0.000184683 
0.10497 1.215 0.000343462 
0.10497 1.22 0.000504023 
0.10497 1.225 0.000612446 
0.10497 1.23 0.000654234 
0.10497 1.235 0.000640659 
0.10497 1.24 0.00049197 
0.10497 1.245 0.000320487 
0.10497 1.25 0.000190026 
0.10497 1.255 9.00142e-05 
0.10497 1.26 3.5835e-05 
0.10497 1.265 1.19635e-05 
0.10497 1.27 1.6112e-06 
0.10697 1.165 5.69303e-10 
0.10697 1.17 4.56451e-09 
0.10697 1.175 2.87474e-08 
0.10697 1.18 1.51651e-07 
0.10697 1.185 7.02702e-07 
0.10697 1.19 2.81991e-06 
0.10697 1.195 9.49552e-06 
0.10697 1.2 2.58239e-05 
0.10697 1.205 6.75622e-05 
0.10697 1.21 0.000135403 
0.10697 1.215 0.000241847 
0.10697 1.22 0.000366906 
0.10697 1.225 0.000469264 
0.10697 1.23 0.000551613 
0.10697 1.235 0.000526105 
0.10697 1.24 0.000425444 
0.10697 1.245 0.000287272 
0.10697 1.25 0.000168179 
0.10697 1.255 8.69351e-05 
0.10697 1.26 3.79265e-05 
0.10697 1.265 1.31996e-05 
0.10697 1.27 1.8045e-06 
0.10897 1.165 2.56571e-10 
0.10897 1.17 1.97956e-09 
0.10897 1.175 1.28993e-08 
0.10897 1.18 7.07589e-08 
0.10897 1.185 3.43363e-07 
0.10897 1.19 1.56062e-06 
0.10897 1.195 5.34648e-06 
0.10897 1.2 1.65475e-05 
0.10897 1.205 4.52827e-05 
0.10897 1.21 0.000103279 
0.10897 1.215 0.000187695 
0.10897 1.22 0.00030417 
0.10897 1.225 0.000409055 
0.10897 1.23 0.000494273 
0.10897 1.235 0.000483112 
0.10897 1.24 0.00039706 
0.10897 1.245 0.000280613 
0.10897 1.25 0.000174008 
0.10897 1.255 8.90682e-05 
0.10897 1.26 3.7391e-05 
0.10897 1.265 1.32896e-05 
0.10897 1.27 1.85492e-06 
0.11097 1.165 1.33215e-10 
0.11097 1.17 1.1557e-09 
0.11097 1.175 8.05239e-09 
0.11097 1.18 4.79008e-08 
0.11097 1.185 2.60686e-07 
0.11097 1.19 1.01893e-06 
0.11097 1.195 3.71247e-06 
0.11097 1.2 1.1474e-05 
0.11097 1.205 3.05096e-05 
0.11097 1.21 7.13663e-05 
0.11097 1.215 0.000130813 
0.11097 1.22 0.000212301 
0.11097 1.225 0.000312078 
0.11097 1.23 0.000359519 
0.11097 1.235 0.000373878 
0.11097 1.24 0.000329205 
0.11097 1.245 0.000249224 
0.11097 1.25 0.000152042 
0.11097 1.255 7.7028e-05 
0.11097 1.26 3.83208e-05 
0.11097 1.265 1.41727e-05 
0.11097 1.27 2.22715e-06 
0.11297 1.17 5.23685e-10 
0.11297 1.175 4.01442e-09 
0.11297 1.18 2.26746e-08 
0.11297 1.185 1.17484e-07 
0.11297 1.19 6.02836e-07 
0.11297 1.195 2.28526e-06 
0.11297 1.2 7.42364e-06 
0.11297 1.205 2.13746e-05 
0.11297 1.21 5.0141e-05 
0.11297 1.215 9.86129e-05 
0.11297 1.22 0.000173001 
0.11297 1.225 0.00026078 
0.11297 1.23 0.000308307 
0.11297 1.235 0.000344969 
0.11297 1.24 0.000307775 
0.11297 1.245 0.000235771 
0.11297 1.25 0.000157023 
0.11297 1.255 8.85596e-05 
0.11297 1.26 3.83619e-05 
0.11297 1.265 1.51627e-05 
0.11297 1.27 2.39138e-06 
0.11497 1.17 2.58538e-10 
0.11497 1.175 2.06052e-09 
0.11497 1.18 1.41412e-08 
0.11497 1.185 7.60467e-08 
0.11497 1.19 3.28337e-07 
0.11497 1.195 1.39404e-06 
0.11497 1.2 4.68133e-06 
0.11497 1.205 1.28603e-05 
0.11497 1.21 3.43468e-05 
0.11497 1.215 7.07121e-05 
0.11497 1.22 0.000126427 
0.11497 1.225 0.000187731 
0.11497 1.23 0.000257023 
0.11497 1.235 0.000269534 
0.11497 1.24 0.000254473 
0.11497 1.245 0.000211184 
0.11497 1.25 0.000139418 
0.11497 1.255 7.27965e-05 
0.11497 1.26 3.8488e-05 
0.11497 1.265 1.58106e-05 
0.11497 1.27 2.12085e-06 
0.11697 1.17 1.35474e-10 
0.11697 1.175 1.11277e-09 
0.11697 1.18 7.15081e-09 
0.11697 1.185 3.87573e-08 
0.11697 1.19 2.0258e-07 
0.11697 1.195 8.41566e-07 
0.11697 1.2 2.96422e-06 
0.11697 1.205 8.45928e-06 
0.11697 1.21 2.24615e-05 
0.11697 1.215 4.79103e-05 
0.11697 1.22 9.53816e-05 
0.11697 1.225 0.000147747 
0.11697 1.23 0.000198822 
0.11697 1.235 0.000228184 
0.11697 1.24 0.000222075 
0.11697 1.245 0.000180328 
0.11697 1.25 0.000128632 
0.11697 1.255 7.58507e-05 
0.11697 1.26 3.83174e-05 
0.11697 1.265 1.37429e-05 
0.11697 1.27 2.41649e-06 
0.11897 1.175 5.32926e-10 
0.11897 1.18 3.98813e-09 
0.11897 1.185 2.34294e-08 
0.11897 1.19 1.11008e-07 
0.11897 1.195 4.89462e-07 
0.11897 1.2 1.91364e-06 
0.11897 1.205 5.51338e-06 
0.11897 1.21 1.4803e-05 
0.11897 1.215 3.37479e-05 
0.11897 1.22 6.70122e-05 
0.11897 1.225 0.000105247 
0.11897 1.23 0.00015276 
0.11897 1.235 0.000184452 
0.11897 1.24 0.000180869 
0.11897 1.245 0.000155408 
0.11897 1.25 0.00011255 
0.11897 1.255 6.57539e-05 
0.11897 1.26 3.47202e-05 
0.11897 1.265 1.57406e-05 
0.11897 1.27 2.22143e-06 
0.12097 1.175 2.43586e-10 
0.12097 1.18 1.67375e-09 
0.12097 1.185 1.13529e-08 
0.12097 1.19 6.23966e-08 
0.12097 1.195 2.88639e-07 
0.12097 1.2 1.07783e-06 
0.12097 1.205 3.572e-06 
0.12097 1.21 1.03581e-05 
0.12097 1.215 2.34323e-05 
0.12097 1.22 4.84945e-05 
0.12097 1.225 8.49725e-05 
0.12097 1.23 0.000120719 
0.12097 1.235 0.000140811 
0.12097 1.24 0.000154756 
0.12097 1.245 0.000125149 
0.12097 1.25 0.000101094 
0.12097 1.255 6.36781e-05 
0.12097 1.26 3.27475e-05 
0.12097 1.265 1.38604e-05 
0.12097 1.27 2.59328e-06 
0.12297 1.175 1.13471e-10 
0.12297 1.18 9.59722e-10 
0.12297 1.185 6.39957e-09 
0.12297 1.19 3.35537e-08 
0.12297 1.195 1.50488e-07 
0.12297 1.2 6.28755e-07 
0.12297 1.205 2.0148e-06 
0.12297 1.21 5.89698e-06 
0.12297 1.215 1.46507e-05 
0.12297 1.22 3.06116e-05 
0.12297 1.225 5.52123e-05 
0.12297 1.23 8.29207e-05 
0.12297 1.235 0.000107292 
0.12297 1.24 0.0001159 
0.12297 1.245 0.000111097 
0.12297 1.25 8.49019e-05 
0.12297 1.255 5.46868e-05 
0.12297 1.26 2.87411e-05 
0.12297 1.265 1.44815e-05 
0.12297 1.27 2.27425e-06 
0.12497 1.18 4.5649e-10 
0.12497 1.185 3.20433e-09 
0.12497 1.19 1.79804e-08 
0.12497 1.195 9.08676e-08 
0.12497 1.2 3.64489e-07 
0.12497 1.205 1.32927e-06 
0.12497 1.21 4.19805e-06 
0.12497 1.215 1.06661e-05 
0.12497 1.22 2.27803e-05 
0.12497 1.225 4.15676e-05 
0.12497 1.23 6.51963e-05 
0.12497 1.235 8.91391e-05 
0.12497 1.24 9.77077e-05 
0.12497 1.245 9.46788e-05 
0.12497 1.25 7.46794e-05 
0.12497 1.255 5.01639e-05 
0.12497 1.26 2.87975e-05 
0.12497 1.265 1.30817e-05 
0.12497 1.27 2.38262e-06 
0.12697 1.18 2.23882e-10 
0.12697 1.185 1.59875e-09 
0.12697 1.19 1.00661e-08 
0.12697 1.195 4.70265e-08 
0.12697 1.2 2.0757e-07 
0.12697 1.205 7.31663e-07 
0.12697 1.21 2.24998e-06 
0.12697 1.215 6.24508e-06 
0.12697 1.22 1.3933e-05 
0.12697 1.225 2.79869e-05 
0.12697 1.23 4.4456e-05 
0.12697 1.235 6.25284e-05 
0.12697 1.24 7.39325e-05 
0.12697 1.245 7.11287e-05 
0.12697 1.25 6.05929e-05 
0.12697 1.255 4.3268e-05 
0.12697 1.26 2.40853e-05 
0.12697 1.265 1.1745e-05 
0.12697 1.27 2.19751e-06 
0.12897 1.18 1.01237e-10 
0.12897 1.185 7.60052e-10 
0.12897 1.19 4.85118e-09 
0.12897 1.195 2.66224e-08 
0.12897 1.2 1.27938e-07 
0.12897 1.205 4.69099e-07 
0.12897 1.21 1.54028e-06 
0.12897 1.215 4.27346e-06 
0.12897 1.22 9.85455e-06 
0.12897 1.225 2.01208e-05 
0.12897 1.23 3.42847e-05 
0.12897 1.235 4.75746e-05 
0.12897 1.24 5.88962e-05 
0.12897 1.245 6.04951e-05 
0.12897 1.25 5.24932e-05 
0.12897 1.255 3.74398e-05 
0.12897 1.26 2.18774e-05 
0.12897 1.265 1.13183e-05 
0.12897 1.27 2.13985e-06 
0.13097 1.185 3.81929e-10 
0.13097 1.19 2.42124e-09 
0.13097 1.195 1.43172e-08 
0.13097 1.2 6.34356e-08 
0.13097 1.205 2.58074e-07 
0.13097 1.21 8.65319e-07 
0.13097 1.215 2.60497e-06 
0.13097 1.22 6.31017e-06 
0.13097 1.225 1.31794e-05 
0.13097 1.23 2.27289e-05 
0.13097 1.235 3.50315e-05 
0.13097 1.24 4.29305e-05 
0.13097 1.245 4.66633e-05 
0.13097 1.25 4.15055e-05 
0.13097 1.255 3.10171e-05 
0.13097 1.26 1.98e-05 
0.13097 1.265 1.00457e-05 
0.13097 1.27 1.98324e-06 
0.13297 1.185 1.7356e-10 
0.13297 1.19 1.27229e-09 
0.13297 1.195 7.31491e-09 
0.13297 1.2 3.75603e-08 
0.13297 1.205 1.45295e-07 
0.13297 1.21 5.36959e-07 
0.13297 1.215 1.60518e-06 
0.13297 1.22 4.18487e-06 
0.13297 1.225 8.61137e-06 
0.13297 1.23 1.57547e-05 
0.13297 1.235 2.39064e-05 
0.13297 1.24 3.09877e-05 
0.13297 1.245 3.65875e-05 
0.13297 1.25 3.32111e-05 
0.13297 1.255 2.58397e-05 
0.13297 1.26 1.65311e-05 
0.13297 1.265 8.77322e-06 
0.13297 1.27 1.89858e-06 
0.13497 1.19 5.73542e-10 
0.13497 1.195 3.58225e-09 
0.13497 1.2 1.93456e-08 
0.13497 1.205 7.96136e-08 
0.13497 1.21 2.98923e-07 
0.13497 1.215 9.61387e-07 
0.13497 1.22 2.58707e-06 
0.13497 1.225 5.80415e-06 
0.13497 1.23 1.0824e-05 
0.13497 1.235 1.81614e-05 
0.13497 1.24 2.49883e-05 
0.13497 1.245 2.87849e-05 
0.13497 1.25 2.75334e-05 
0.13497 1.255 2.22622e-05 
0.13497 1.26 1.54525e-05 
0.13497 1.265 8.28837e-06 
0.13497 1.27 1.63185e-06 
0.13697 1.19 2.91791e-10 
0.13697 1.195 1.84184e-09 
0.13697 1.2 9.89785e-09 
0.13697 1.205 4.50777e-08 
0.13697 1.21 1.71087e-07 
0.13697 1.215 5.61174e-07 
0.13697 1.22 1.50537e-06 
0.13697 1.225 3.59655e-06 
0.13697 1.23 7.41232e-06 
0.13697 1.235 1.20841e-05 
0.13697 1.24 1.64135e-05 
0.13697 1.245 2.03225e-05 
0.13697 1.25 1.99488e-05 
0.13697 1.255 1.76933e-05 
0.13697 1.26 1.18635e-05 
0.13697 1.265 6.82785e-06 
0.13697 1.27 1.48137e-06 
0.13897 1.19 1.33177e-10 
0.13897 1.195 8.90316e-10 
0.13897 1.2 5.28759e-09 
0.13897 1.205 2.48605e-08 
0.13897 1.21 1.00938e-07 
0.13897 1.215 3.34919e-07 
0.13897 1.22 1.00699e-06 
0.13897 1.225 2.50164e-06 
0.13897 1.23 4.95133e-06 
0.13897 1.235 8.75027e-06 
0.13897 1.24 1.28454e-05 
0.13897 1.245 1.52313e-05 
0.13897 1.25 1.6752e-05 
0.13897 1.255 1.44819e-05 
0.13897 1.26 1.03752e-05 
0.13897 1.265 5.98643e-06 
0.13897 1.27 1.30936e-06 
0.14097 1.195 4.38096e-10 
0.14097 1.2 2.44302e-09 
0.14097 1.205 1.21673e-08 
0.14097 1.21 5.15871e-08 
0.14097 1.215 1.90876e-07 
0.14097 1.22 5.5704e-07 
0.14097 1.225 1.41076e-06 
0.14097 1.23 3.13409e-06 
0.14097 1.235 5.52653e-06 
0.14097 1.24 8.6187e-06 
0.14097 1.245 1.13579e-05 
0.14097 1.25 1.14434e-05 
0.14097 1.255 1.06793e-05 
0.14097 1.26 8.00954e-06 
0.14097 1.265 5.10243e-06 
0.14097 1.27 1.11122e-06 
0.14297 1.195 1.9625e-10 
0.14297 1.2 1.19919e-09 
0.14297 1.205 6.12602e-09 
0.14297 1.21 2.77503e-08 
0.14297 1.215 1.04905e-07 
0.14297 1.22 3.35508e-07 
0.14297 1.225 8.69587e-07 
0.14297 1.23 2.01821e-06 
0.14297 1.235 3.614e-06 
0.14297 1.24 5.88088e-06 
0.14297 1.245 7.90063e-06 
0.14297 1.25 8.88463e-06 
0.14297 1.255 8.17417e-06 
0.14297 1.26 6.18836e-06 
0.14297 1.265 3.91626e-06 
0.14297 1.27 9.36496e-07 
0.14497 1.2 6.43397e-10 
0.14497 1.205 3.41455e-09 
0.14497 1.21 1.56925e-08 
0.14497 1.215 5.8649e-08 
0.14497 1.22 1.94601e-07 
0.14497 1.225 5.1652e-07 
0.14497 1.23 1.25779e-06 
0.14497 1.235 2.34711e-06 
0.14497 1.24 4.06491e-06 
0.14497 1.245 5.79886e-06 
0.14497 1.25 6.71339e-06 
0.14497 1.255 6.63714e-06 
0.14497 1.26 5.50745e-06 
0.14497 1.265 3.53936e-06 
0.14497 1.27 6.97904e-07 
0.14697 1.2 2.84148e-10 
0.14697 1.205 1.63715e-09 
0.14697 1.21 8.36232e-09 
0.14697 1.215 3.29374e-08 
0.14697 1.22 1.09363e-07 
0.14697 1.225 3.19669e-07 
0.14697 1.23 7.75553e-07 
0.14697 1.235 1.60928e-06 
0.14697 1.24 2.83151e-06 
0.14697 1.245 3.76958e-06 
0.14697 1.25 4.7985e-06 
0.14697 1.255 4.80304e-06 
0.14697 1.26 4.08107e-06 
0.14697 1.265 2.71433e-06 
0.14697 1.27 7.02151e-07 
0.14897 1.2 1.40113e-10 
0.14897 1.205 8.25209e-10 
0.14897 1.21 3.84896e-09 
0.14897 1.215 1.65755e-08 
0.14897 1.22 5.78386e-08 
0.14897 1.225 1.74662e-07 
0.14897 1.23 4.56825e-07 
0.14897 1.235 9.93652e-07 
0.14897 1.24 1.6953e-06 
0.14897 1.245 2.53108e-06 
0.14897 1.25 3.31508e-06 
0.14897 1.255 3.41911e-06 
0.14897 1.26 3.06507e-06 
0.14897 1.265 2.10034e-06 
0.14897 1.27 5.20246e-07 
0.15097 1.205 3.88921e-10 
0.15097 1.21 2.08845e-09 
0.15097 1.215 8.79069e-09 
0.15097 1.22 3.33321e-08 
0.15097 1.225 1.10393e-07 
0.15097 1.23 2.94626e-07 
0.15097 1.235 6.23707e-07 
0.15097 1.24 1.13659e-06 
0.15097 1.245 1.8247e-06 
0.15097 1.25 2.37075e-06 
0.15097 1.255 2.59875e-06 
0.15097 1.26 2.30346e-06 
0.15097 1.265 1.68609e-06 
0.15097 1.27 5.14971e-07 
0.15297 1.205 1.79122e-10 
0.15297 1.21 1.03316e-09 
0.15297 1.215 4.74086e-09 
0.15297 1.22 1.81568e-08 
0.15297 1.225 5.83534e-08 
0.15297 1.23 1.56825e-07 
0.15297 1.235 3.70823e-07 
0.15297 1.24 7.11665e-07 
0.15297 1.245 1.16071e-06 
0.15297 1.25 1.58564e-06 
0.15297 1.255 1.784e-06 
0.15297 1.26 1.76842e-06 
0.15297 1.265 1.31025e-06 
0.15297 1.27 3.26179e-07 
0.15497 1.21 5.10557e-10 
0.15497 1.215 2.51269e-09 
0.15497 1.22 1.00735e-08 
0.15497 1.225 3.44055e-08 
0.15497 1.23 9.48506e-08 
0.15497 1.235 2.31021e-07 
0.15497 1.24 4.5587e-07 
0.15497 1.245 7.7779e-07 
0.15497 1.25 1.09388e-06 
0.15497 1.255 1.26904e-06 
0.15497 1.26 1.20699e-06 
0.15497 1.265 9.93913e-07 
0.15497 1.27 2.92145e-07 
0.15697 1.21 2.3204e-10 
0.15697 1.215 1.18305e-09 
0.15697 1.22 4.86592e-09 
0.15697 1.225 1.78211e-08 
0.15697 1.23 5.52006e-08 
0.15697 1.235 1.37553e-07 
0.15697 1.24 2.86774e-07 
0.15697 1.245 5.05746e-07 
0.15697 1.25 7.43996e-07 
0.15697 1.255 8.90362e-07 
0.15697 1.26 9.31389e-07 
0.15697 1.265 7.62042e-07 
0.15697 1.27 2.39292e-07 
0.15897 1.21 1.12169e-10 
0.15897 1.215 5.88011e-10 
0.15897 1.22 2.51419e-09 
0.15897 1.225 9.70923e-09 
0.15897 1.23 3.12466e-08 
0.15897 1.235 8.03192e-08 
0.15897 1.24 1.72426e-07 
0.15897 1.245 3.11478e-07 
0.15897 1.25 4.90526e-07 
0.15897 1.255 6.20731e-07 
0.15897 1.26 6.42107e-07 
0.15897 1.265 5.44917e-07 
0.15897 1.27 1.52504e-07 
0.16097 1.215 2.92804e-10 
0.16097 1.22 1.36316e-09 
0.16097 1.225 5.50935e-09 
0.16097 1.23 1.74265e-08 
0.16097 1.235 4.69689e-08 
0.16097 1.24 1.06635e-07 
0.16097 1.245 1.97515e-07 
0.16097 1.25 3.08983e-07 
0.16097 1.255 4.10822e-07 
0.16097 1.26 4.52732e-07 
0.16097 1.265 3.98801e-07 
0.16097 1.27 1.08997e-07 
0.16297 1.215 1.33712e-10 
0.16297 1.22 6.35416e-10 
0.16297 1.225 2.55633e-09 
0.16297 1.23 8.58601e-09 
0.16297 1.235 2.43268e-08 
0.16297 1.24 5.76994e-08 
0.16297 1.245 1.19022e-07 
0.16297 1.25 1.96695e-07 
0.16297 1.255 2.83906e-07 
0.16297 1.26 3.08852e-07 
0.16297 1.265 2.84638e-07 
0.16297 1.27 8.98304e-08 
0.16497 1.22 3.35412e-10 
0.16497 1.225 1.31798e-09 
0.16497 1.23 4.66444e-09 
0.16497 1.235 1.42858e-08 
0.16497 1.24 3.7015e-08 
0.16497 1.245 7.35157e-08 
0.16497 1.25 1.27611e-07 
0.16497 1.255 1.79064e-07 
0.16497 1.26 2.05311e-07 
0.16497 1.265 1.92149e-07 
0.16497 1.27 6.75793e-08 
0.16697 1.22 1.54446e-10 
0.16697 1.225 6.72258e-10 
0.16697 1.23 2.53442e-09 
0.16697 1.235 7.92704e-09 
0.16697 1.24 2.13501e-08 
0.16697 1.245 4.25697e-08 
0.16697 1.25 7.35348e-08 
0.16697 1.255 1.09476e-07 
0.16697 1.26 1.35164e-07 
0.16697 1.265 1.41227e-07 
0.16697 1.27 5.07783e-08 
0.16897 1.225 3.19977e-10 
0.16897 1.23 1.25694e-09 
0.16897 1.235 3.97522e-09 
0.16897 1.24 1.12381e-08 
0.16897 1.245 2.55433e-08 
0.16897 1.25 4.56307e-08 
0.16897 1.255 7.3274e-08 
0.16897 1.26 9.39751e-08 
0.16897 1.265 9.76929e-08 
0.16897 1.27 3.46576e-08 
0.17097 1.225 1.64301e-10 
0.17097 1.23 7.16213e-10 
0.17097 1.235 2.34256e-09 
0.17097 1.24 6.48217e-09 
0.17097 1.245 1.49112e-08 
0.17097 1.25 3.02838e-08 
0.17097 1.255 4.67622e-08 
0.17097 1.26 6.08883e-08 
0.17097 1.265 6.42184e-08 
0.17097 1.27 2.22042e-08 
0.17297 1.23 3.05648e-10 
0.17297 1.235 1.12621e-09 
0.17297 1.24 3.20062e-09 
0.17297 1.245 7.85601e-09 
0.17297 1.25 1.62127e-08 
0.17297 1.255 2.59886e-08 
0.17297 1.26 3.77666e-08 
0.17297 1.265 4.31693e-08 
0.17297 1.27 1.59052e-08 
0.17497 1.23 1.57687e-10 
0.17497 1.235 5.63022e-10 
0.17497 1.24 1.77505e-09 
0.17497 1.245 4.43293e-09 
0.17497 1.25 8.73432e-09 
0.17497 1.255 1.51627e-08 
0.17497 1.26 2.2833e-08 
0.17497 1.265 2.6779e-08 
0.17497 1.27 9.72678e-09 
0.17697 1.235 2.81107e-10 
0.17697 1.24 9.13986e-10 
0.17697 1.245 2.50682e-09 
0.17697 1.25 5.81357e-09 
0.17697 1.255 1.03339e-08 
0.17697 1.26 1.50139e-08 
0.17697 1.265 1.72894e-08 
0.17697 1.27 7.80587e-09 
0.17897 1.235 1.38829e-10 
0.17897 1.24 4.41158e-10 
0.17897 1.245 1.31011e-09 
0.17897 1.25 2.94282e-09 
0.17897 1.255 5.63107e-09 
0.17897 1.26 8.67973e-09 
0.17897 1.265 1.13693e-08 
0.17897 1.27 4.57845e-09 
0.18097 1.24 2.27509e-10 
0.18097 1.245 6.75202e-10 
0.18097 1.25 1.57668e-09 
0.18097 1.255 3.19122e-09 
0.18097 1.26 5.65677e-09 
0.18097 1.265 7.30528e-09 
0.18097 1.27 3.14216e-09 
0.18297 1.24 1.1554e-10 
0.18297 1.245 3.65128e-10 
0.18297 1.25 9.2421e-10 
0.18297 1.255 1.79809e-09 
0.18297 1.26 3.22235e-09 
0.18297 1.265 4.46636e-09 
0.18297 1.27 1.7485e-09 
0.18497 1.245 1.81621e-10 
0.18497 1.25 4.65607e-10 
0.18497 1.255 9.98193e-10 
0.18497 1.26 1.81085e-09 
0.18497 1.265 2.57523e-09 
0.18497 1.27 1.06539e-09 
0.18697 1.25 2.60628e-10 
0.18697 1.255 5.15698e-10 
0.18697 1.26 1.05418e-09 
0.18697 1.265 1.51999e-09 
0.18697 1.27 6.16365e-10 
0.18897 1.25 1.19925e-10 
0.18897 1.255 3.03904e-10 
0.18897 1.26 5.54194e-10 
0.18897 1.265 9.01505e-10 
0.18897 1.27 4.14777e-10 
0.19097 1.255 1.51668e-10 
0.19097 1.26 3.02924e-10 
0.19097 1.265 5.04095e-10 
0.19097 1.27 2.64028e-10 
0.19297 1.26 1.67142e-10 
0.19297 1.265 2.96537e-10 
0.19297 1.27 1.42621e-10 
0.19497 1.265 1.77602e-10 
