#logm logg JPDF
-0.04903 1.155 1.17974e-10 
-0.04703 1.15 2.56713e-10 
-0.04703 1.155 4.40572e-10 
-0.04703 1.16 2.15249e-10 
-0.04703 1.165 1.4621e-10 
-0.04503 1.145 1.09424e-10 
-0.04503 1.15 1.92727e-09 
-0.04503 1.155 1.89501e-09 
-0.04503 1.16 1.09238e-09 
-0.04503 1.165 6.33139e-10 
-0.04503 1.17 2.65664e-10 
-0.04503 1.175 1.39071e-10 
-0.04303 1.145 3.80719e-10 
-0.04303 1.15 3.91066e-09 
-0.04303 1.155 3.87386e-09 
-0.04303 1.16 2.59939e-09 
-0.04303 1.165 1.39732e-09 
-0.04303 1.17 8.60516e-10 
-0.04303 1.175 3.7967e-10 
-0.04303 1.18 1.7459e-10 
-0.04103 1.145 2.22231e-09 
-0.04103 1.15 1.41812e-08 
-0.04103 1.155 1.28494e-08 
-0.04103 1.16 9.22324e-09 
-0.04103 1.165 5.30617e-09 
-0.04103 1.17 2.98072e-09 
-0.04103 1.175 1.4727e-09 
-0.04103 1.18 6.47209e-10 
-0.04103 1.185 2.72958e-10 
-0.03903 1.145 2.74659e-09 
-0.03903 1.15 3.62154e-08 
-0.03903 1.155 3.1986e-08 
-0.03903 1.16 1.96544e-08 
-0.03903 1.165 1.45774e-08 
-0.03903 1.17 6.77741e-09 
-0.03903 1.175 3.92501e-09 
-0.03903 1.18 1.40676e-09 
-0.03903 1.185 7.01327e-10 
-0.03903 1.19 2.26453e-10 
-0.03703 1.145 9.42139e-09 
-0.03703 1.15 5.90841e-08 
-0.03703 1.155 5.57303e-08 
-0.03703 1.16 4.25565e-08 
-0.03703 1.165 2.65205e-08 
-0.03703 1.17 1.70016e-08 
-0.03703 1.175 9.00932e-09 
-0.03703 1.18 4.88472e-09 
-0.03703 1.185 1.90672e-09 
-0.03703 1.19 7.5813e-10 
-0.03703 1.195 2.06659e-10 
-0.03503 1.145 1.07014e-07 
-0.03503 1.15 2.86366e-07 
-0.03503 1.155 2.30589e-07 
-0.03503 1.16 1.98085e-07 
-0.03503 1.165 1.37375e-07 
-0.03503 1.17 8.3577e-08 
-0.03503 1.175 4.45775e-08 
-0.03503 1.18 2.12858e-08 
-0.03503 1.185 8.70283e-09 
-0.03503 1.19 3.13179e-09 
-0.03503 1.195 1.16498e-09 
-0.03503 1.2 3.41627e-10 
-0.03303 1.145 3.17376e-07 
-0.03303 1.15 7.87165e-07 
-0.03303 1.155 6.47836e-07 
-0.03303 1.16 5.09228e-07 
-0.03303 1.165 3.70567e-07 
-0.03303 1.17 1.67741e-07 
-0.03303 1.175 9.70624e-08 
-0.03303 1.18 3.82975e-08 
-0.03303 1.185 1.60496e-08 
-0.03303 1.19 6.26141e-09 
-0.03303 1.195 2.26138e-09 
-0.03303 1.2 5.62316e-10 
-0.03303 1.205 1.62225e-10 
-0.03103 1.145 5.32765e-07 
-0.03103 1.15 1.29285e-06 
-0.03103 1.155 1.28525e-06 
-0.03103 1.16 1.066e-06 
-0.03103 1.165 7.34254e-07 
-0.03103 1.17 5.31055e-07 
-0.03103 1.175 2.9841e-07 
-0.03103 1.18 1.61554e-07 
-0.03103 1.185 6.72256e-08 
-0.03103 1.19 2.75993e-08 
-0.03103 1.195 8.84179e-09 
-0.03103 1.2 3.04832e-09 
-0.03103 1.205 7.8094e-10 
-0.03103 1.21 1.99849e-10 
-0.02903 1.145 1.28352e-06 
-0.02903 1.15 2.42278e-06 
-0.02903 1.155 2.26629e-06 
-0.02903 1.16 1.87106e-06 
-0.02903 1.165 1.41559e-06 
-0.02903 1.17 9.11951e-07 
-0.02903 1.175 5.25758e-07 
-0.02903 1.18 2.46165e-07 
-0.02903 1.185 1.18338e-07 
-0.02903 1.19 4.97554e-08 
-0.02903 1.195 1.72539e-08 
-0.02903 1.2 5.1355e-09 
-0.02903 1.205 1.42887e-09 
-0.02903 1.21 4.03225e-10 
-0.02703 1.145 2.32729e-06 
-0.02703 1.15 4.45464e-06 
-0.02703 1.155 4.49306e-06 
-0.02703 1.16 3.86e-06 
-0.02703 1.165 2.79817e-06 
-0.02703 1.17 1.86312e-06 
-0.02703 1.175 1.17177e-06 
-0.02703 1.18 5.84459e-07 
-0.02703 1.185 2.86423e-07 
-0.02703 1.19 1.13816e-07 
-0.02703 1.195 4.09226e-08 
-0.02703 1.2 1.3613e-08 
-0.02703 1.205 3.83987e-09 
-0.02703 1.21 9.87028e-10 
-0.02703 1.215 2.00883e-10 
-0.02503 1.145 2.61228e-06 
-0.02503 1.15 4.83483e-06 
-0.02503 1.155 4.37535e-06 
-0.02503 1.16 4.10967e-06 
-0.02503 1.165 3.23213e-06 
-0.02503 1.17 1.96645e-06 
-0.02503 1.175 1.33508e-06 
-0.02503 1.18 6.98542e-07 
-0.02503 1.185 3.45838e-07 
-0.02503 1.19 1.37498e-07 
-0.02503 1.195 5.96034e-08 
-0.02503 1.2 1.82875e-08 
-0.02503 1.205 5.7835e-09 
-0.02503 1.21 1.41389e-09 
-0.02503 1.215 3.6822e-10 
-0.02303 1.14 3.07877e-08 
-0.02303 1.145 4.31794e-06 
-0.02303 1.15 8.16797e-06 
-0.02303 1.155 8.4678e-06 
-0.02303 1.16 7.61028e-06 
-0.02303 1.165 6.25759e-06 
-0.02303 1.17 4.57839e-06 
-0.02303 1.175 2.73411e-06 
-0.02303 1.18 1.54674e-06 
-0.02303 1.185 7.73223e-07 
-0.02303 1.19 3.40345e-07 
-0.02303 1.195 1.26685e-07 
-0.02303 1.2 4.6238e-08 
-0.02303 1.205 1.39244e-08 
-0.02303 1.21 3.78442e-09 
-0.02303 1.215 9.19373e-10 
-0.02303 1.22 1.89001e-10 
-0.02103 1.14 3.33814e-07 
-0.02103 1.145 7.70152e-06 
-0.02103 1.15 1.30195e-05 
-0.02103 1.155 1.46863e-05 
-0.02103 1.16 1.37652e-05 
-0.02103 1.165 1.07524e-05 
-0.02103 1.17 7.88996e-06 
-0.02103 1.175 5.02767e-06 
-0.02103 1.18 2.77938e-06 
-0.02103 1.185 1.42129e-06 
-0.02103 1.19 6.33916e-07 
-0.02103 1.195 2.50628e-07 
-0.02103 1.2 8.56563e-08 
-0.02103 1.205 2.72087e-08 
-0.02103 1.21 6.72175e-09 
-0.02103 1.215 1.57161e-09 
-0.02103 1.22 3.48035e-10 
-0.01903 1.14 3.96859e-07 
-0.01903 1.145 6.53486e-06 
-0.01903 1.15 1.16923e-05 
-0.01903 1.155 1.43941e-05 
-0.01903 1.16 1.44142e-05 
-0.01903 1.165 1.31159e-05 
-0.01903 1.17 9.74515e-06 
-0.01903 1.175 6.44562e-06 
-0.01903 1.18 3.65702e-06 
-0.01903 1.185 1.82292e-06 
-0.01903 1.19 9.05393e-07 
-0.01903 1.195 3.53368e-07 
-0.01903 1.2 1.28768e-07 
-0.01903 1.205 4.17663e-08 
-0.01903 1.21 1.18833e-08 
-0.01903 1.215 2.95438e-09 
-0.01903 1.22 6.73188e-10 
-0.01903 1.225 1.26042e-10 
-0.01703 1.14 1.1201e-06 
-0.01703 1.145 1.11715e-05 
-0.01703 1.15 1.91916e-05 
-0.01703 1.155 2.34104e-05 
-0.01703 1.16 2.41352e-05 
-0.01703 1.165 2.2189e-05 
-0.01703 1.17 1.69663e-05 
-0.01703 1.175 1.19066e-05 
-0.01703 1.18 7.74485e-06 
-0.01703 1.185 4.01921e-06 
-0.01703 1.19 1.95136e-06 
-0.01703 1.195 8.41018e-07 
-0.01703 1.2 3.09527e-07 
-0.01703 1.205 9.94249e-08 
-0.01703 1.21 2.9198e-08 
-0.01703 1.215 7.65789e-09 
-0.01703 1.22 1.62775e-09 
-0.01703 1.225 3.12513e-10 
-0.01503 1.14 1.30922e-06 
-0.01503 1.145 1.38455e-05 
-0.01503 1.15 2.29538e-05 
-0.01503 1.155 2.73065e-05 
-0.01503 1.16 2.89114e-05 
-0.01503 1.165 2.84088e-05 
-0.01503 1.17 2.38352e-05 
-0.01503 1.175 1.68011e-05 
-0.01503 1.18 1.03804e-05 
-0.01503 1.185 5.89344e-06 
-0.01503 1.19 2.92185e-06 
-0.01503 1.195 1.2638e-06 
-0.01503 1.2 4.54804e-07 
-0.01503 1.205 1.56536e-07 
-0.01503 1.21 4.65575e-08 
-0.01503 1.215 1.25077e-08 
-0.01503 1.22 2.71018e-09 
-0.01503 1.225 5.72999e-10 
-0.01503 1.23 1.00075e-10 
-0.01303 1.14 1.69592e-06 
-0.01303 1.145 1.5059e-05 
-0.01303 1.15 2.79794e-05 
-0.01303 1.155 3.39166e-05 
-0.01303 1.16 3.9799e-05 
-0.01303 1.165 3.85801e-05 
-0.01303 1.17 3.24572e-05 
-0.01303 1.175 2.50948e-05 
-0.01303 1.18 1.60991e-05 
-0.01303 1.185 9.11547e-06 
-0.01303 1.19 4.41331e-06 
-0.01303 1.195 1.88137e-06 
-0.01303 1.2 6.807e-07 
-0.01303 1.205 2.45679e-07 
-0.01303 1.21 7.36871e-08 
-0.01303 1.215 1.9717e-08 
-0.01303 1.22 4.53889e-09 
-0.01303 1.225 9.26073e-10 
-0.01303 1.23 1.72204e-10 
-0.01103 1.14 2.14892e-06 
-0.01103 1.145 2.00482e-05 
-0.01103 1.15 3.65631e-05 
-0.01103 1.155 4.30066e-05 
-0.01103 1.16 4.60101e-05 
-0.01103 1.165 4.41973e-05 
-0.01103 1.17 3.69575e-05 
-0.01103 1.175 2.83848e-05 
-0.01103 1.18 1.96316e-05 
-0.01103 1.185 1.07702e-05 
-0.01103 1.19 5.86672e-06 
-0.01103 1.195 2.62237e-06 
-0.01103 1.2 1.12994e-06 
-0.01103 1.205 3.81696e-07 
-0.01103 1.21 1.20355e-07 
-0.01103 1.215 3.13769e-08 
-0.01103 1.22 8.04897e-09 
-0.01103 1.225 1.76365e-09 
-0.01103 1.23 2.99293e-10 
-0.00902998 1.14 2.38457e-06 
-0.00902998 1.145 2.08702e-05 
-0.00902998 1.15 4.07764e-05 
-0.00902998 1.155 5.25451e-05 
-0.00902998 1.16 5.84661e-05 
-0.00902998 1.165 6.35569e-05 
-0.00902998 1.17 5.60521e-05 
-0.00902998 1.175 4.50004e-05 
-0.00902998 1.18 3.20313e-05 
-0.00902998 1.185 1.89271e-05 
-0.00902998 1.19 1.02288e-05 
-0.00902998 1.195 4.76676e-06 
-0.00902998 1.2 2.04914e-06 
-0.00902998 1.205 6.99558e-07 
-0.00902998 1.21 2.32028e-07 
-0.00902998 1.215 6.31294e-08 
-0.00902998 1.22 1.58615e-08 
-0.00902998 1.225 3.23761e-09 
-0.00902998 1.23 6.38424e-10 
-0.00703001 1.135 7.66051e-09 
-0.00703001 1.14 2.71134e-06 
-0.00703001 1.145 2.69816e-05 
-0.00703001 1.15 5.03912e-05 
-0.00703001 1.155 6.94538e-05 
-0.00703001 1.16 8.25717e-05 
-0.00703001 1.165 8.16781e-05 
-0.00703001 1.17 7.22205e-05 
-0.00703001 1.175 5.78795e-05 
-0.00703001 1.18 3.99475e-05 
-0.00703001 1.185 2.53064e-05 
-0.00703001 1.19 1.32522e-05 
-0.00703001 1.195 6.69175e-06 
-0.00703001 1.2 2.7362e-06 
-0.00703001 1.205 1.08746e-06 
-0.00703001 1.21 3.2474e-07 
-0.00703001 1.215 9.67617e-08 
-0.00703001 1.22 2.36825e-08 
-0.00703001 1.225 5.44308e-09 
-0.00703001 1.23 1.02616e-09 
-0.00703001 1.235 1.67802e-10 
-0.00503001 1.135 1.34724e-09 
-0.00503001 1.14 3.28596e-06 
-0.00503001 1.145 2.6397e-05 
-0.00503001 1.15 4.96352e-05 
-0.00503001 1.155 6.80687e-05 
-0.00503001 1.16 8.38989e-05 
-0.00503001 1.165 8.98448e-05 
-0.00503001 1.17 8.63705e-05 
-0.00503001 1.175 7.33297e-05 
-0.00503001 1.18 5.44994e-05 
-0.00503001 1.185 3.56873e-05 
-0.00503001 1.19 1.9243e-05 
-0.00503001 1.195 9.49549e-06 
-0.00503001 1.2 4.05071e-06 
-0.00503001 1.205 1.65419e-06 
-0.00503001 1.21 5.25571e-07 
-0.00503001 1.215 1.56969e-07 
-0.00503001 1.22 3.86435e-08 
-0.00503001 1.225 9.02915e-09 
-0.00503001 1.23 1.74269e-09 
-0.00503001 1.235 3.11627e-10 
-0.00303 1.135 1.22501e-08 
-0.00303 1.14 3.06462e-06 
-0.00303 1.145 3.36733e-05 
-0.00303 1.15 7.12387e-05 
-0.00303 1.155 9.71667e-05 
-0.00303 1.16 0.000124121 
-0.00303 1.165 0.000129223 
-0.00303 1.17 0.000128058 
-0.00303 1.175 0.000106374 
-0.00303 1.18 8.24887e-05 
-0.00303 1.185 5.16333e-05 
-0.00303 1.19 3.01238e-05 
-0.00303 1.195 1.49381e-05 
-0.00303 1.2 6.58485e-06 
-0.00303 1.205 2.57527e-06 
-0.00303 1.21 9.19447e-07 
-0.00303 1.215 2.76134e-07 
-0.00303 1.22 7.71884e-08 
-0.00303 1.225 1.78148e-08 
-0.00303 1.23 3.44873e-09 
-0.00303 1.235 6.43468e-10 
-0.00103 1.135 3.13337e-09 
-0.00103 1.14 3.1625e-06 
-0.00103 1.145 2.97995e-05 
-0.00103 1.15 5.89438e-05 
-0.00103 1.155 8.82802e-05 
-0.00103 1.16 0.000109766 
-0.00103 1.165 0.000133468 
-0.00103 1.17 0.000131013 
-0.00103 1.175 0.00011262 
-0.00103 1.18 8.7314e-05 
-0.00103 1.185 5.62903e-05 
-0.00103 1.19 3.29595e-05 
-0.00103 1.195 1.8649e-05 
-0.00103 1.2 8.52417e-06 
-0.00103 1.205 3.42296e-06 
-0.00103 1.21 1.23374e-06 
-0.00103 1.215 3.58712e-07 
-0.00103 1.22 1.03766e-07 
-0.00103 1.225 2.41428e-08 
-0.00103 1.23 4.93039e-09 
-0.00103 1.235 8.57307e-10 
-0.00103 1.24 1.38418e-10 
0.000970006 1.135 8.86175e-09 
0.000970006 1.14 3.5859e-06 
0.000970006 1.145 3.73853e-05 
0.000970006 1.15 8.06001e-05 
0.000970006 1.155 0.000124993 
0.000970006 1.16 0.000155483 
0.000970006 1.165 0.000190037 
0.000970006 1.17 0.000189424 
0.000970006 1.175 0.000175145 
0.000970006 1.18 0.000135704 
0.000970006 1.185 9.91443e-05 
0.000970006 1.19 5.6467e-05 
0.000970006 1.195 2.96458e-05 
0.000970006 1.2 1.36416e-05 
0.000970006 1.205 5.6943e-06 
0.000970006 1.21 2.06e-06 
0.000970006 1.215 6.38669e-07 
0.000970006 1.22 1.8376e-07 
0.000970006 1.225 4.37332e-08 
0.000970006 1.23 9.52062e-09 
0.000970006 1.235 1.77362e-09 
0.000970006 1.24 2.84399e-10 
0.00297001 1.135 1.06465e-08 
0.00297001 1.14 4.57515e-06 
0.00297001 1.145 4.11502e-05 
0.00297001 1.15 8.45942e-05 
0.00297001 1.155 0.000134903 
0.00297001 1.16 0.000178696 
0.00297001 1.165 0.000210249 
0.00297001 1.17 0.000209588 
0.00297001 1.175 0.000197467 
0.00297001 1.18 0.00015402 
0.00297001 1.185 0.000112021 
0.00297001 1.19 7.05476e-05 
0.00297001 1.195 3.78419e-05 
0.00297001 1.2 1.75022e-05 
0.00297001 1.205 8.03291e-06 
0.00297001 1.21 2.91721e-06 
0.00297001 1.215 9.42123e-07 
0.00297001 1.22 2.58296e-07 
0.00297001 1.225 6.71683e-08 
0.00297001 1.23 1.39635e-08 
0.00297001 1.235 2.50942e-09 
0.00297001 1.24 4.48259e-10 
0.00497001 1.135 4.63659e-09 
0.00497001 1.14 3.10128e-06 
0.00497001 1.145 3.20855e-05 
0.00497001 1.15 7.39949e-05 
0.00497001 1.155 0.000119479 
0.00497001 1.16 0.000165723 
0.00497001 1.165 0.000200572 
0.00497001 1.17 0.000231661 
0.00497001 1.175 0.000225312 
0.00497001 1.18 0.000187293 
0.00497001 1.185 0.000136203 
0.00497001 1.19 9.21358e-05 
0.00497001 1.195 4.99003e-05 
0.00497001 1.2 2.55241e-05 
0.00497001 1.205 1.12333e-05 
0.00497001 1.21 4.26431e-06 
0.00497001 1.215 1.56527e-06 
0.00497001 1.22 4.48972e-07 
0.00497001 1.225 1.18647e-07 
0.00497001 1.23 2.60169e-08 
0.00497001 1.235 5.37019e-09 
0.00497001 1.24 8.61374e-10 
0.00497001 1.245 1.2905e-10 
0.00697002 1.135 9.91735e-09 
0.00697002 1.14 3.67852e-06 
0.00697002 1.145 3.94757e-05 
0.00697002 1.15 9.00803e-05 
0.00697002 1.155 0.00014607 
0.00697002 1.16 0.000215286 
0.00697002 1.165 0.000262664 
0.00697002 1.17 0.000298694 
0.00697002 1.175 0.000285649 
0.00697002 1.18 0.000257897 
0.00697002 1.185 0.000195859 
0.00697002 1.19 0.000135727 
0.00697002 1.195 7.8437e-05 
0.00697002 1.2 4.09352e-05 
0.00697002 1.205 1.88587e-05 
0.00697002 1.21 7.48744e-06 
0.00697002 1.215 2.51084e-06 
0.00697002 1.22 7.44612e-07 
0.00697002 1.225 2.00757e-07 
0.00697002 1.23 4.5114e-08 
0.00697002 1.235 8.98342e-09 
0.00697002 1.24 1.51133e-09 
0.00697002 1.245 2.16361e-10 
0.00896999 1.135 2.40577e-09 
0.00896999 1.14 3.18931e-06 
0.00896999 1.145 3.19098e-05 
0.00896999 1.15 7.88942e-05 
0.00896999 1.155 0.000130891 
0.00896999 1.16 0.000202216 
0.00896999 1.165 0.000252841 
0.00896999 1.17 0.000302086 
0.00896999 1.175 0.000296513 
0.00896999 1.18 0.000271512 
0.00896999 1.185 0.000203371 
0.00896999 1.19 0.000147475 
0.00896999 1.195 9.21214e-05 
0.00896999 1.2 5.12591e-05 
0.00896999 1.205 2.21382e-05 
0.00896999 1.21 9.68884e-06 
0.00896999 1.215 3.31207e-06 
0.00896999 1.22 1.01614e-06 
0.00896999 1.225 2.7353e-07 
0.00896999 1.23 6.2892e-08 
0.00896999 1.235 1.30162e-08 
0.00896999 1.24 2.32091e-09 
0.00896999 1.245 3.9942e-10 
0.01097 1.135 1.43725e-08 
0.01097 1.14 3.38334e-06 
0.01097 1.145 3.53628e-05 
0.01097 1.15 8.61086e-05 
0.01097 1.155 0.000153153 
0.01097 1.16 0.000228778 
0.01097 1.165 0.000321447 
0.01097 1.17 0.000391412 
0.01097 1.175 0.000410056 
0.01097 1.18 0.000368666 
0.01097 1.185 0.000306817 
0.01097 1.19 0.000217153 
0.01097 1.195 0.000136499 
0.01097 1.2 7.56664e-05 
0.01097 1.205 3.57405e-05 
0.01097 1.21 1.51937e-05 
0.01097 1.215 5.8103e-06 
0.01097 1.22 1.98512e-06 
0.01097 1.225 5.3118e-07 
0.01097 1.23 1.33502e-07 
0.01097 1.235 2.72178e-08 
0.01097 1.24 5.23367e-09 
0.01097 1.245 8.09838e-10 
0.01097 1.25 1.12386e-10 
0.01297 1.135 1.20727e-09 
0.01297 1.14 3.60353e-06 
0.01297 1.145 3.64445e-05 
0.01297 1.15 8.36737e-05 
0.01297 1.155 0.0001571 
0.01297 1.16 0.000257678 
0.01297 1.165 0.000358183 
0.01297 1.17 0.000436052 
0.01297 1.175 0.000466819 
0.01297 1.18 0.000417124 
0.01297 1.185 0.000347671 
0.01297 1.19 0.00025337 
0.01297 1.195 0.00015846 
0.01297 1.2 8.45696e-05 
0.01297 1.205 4.30941e-05 
0.01297 1.21 1.76648e-05 
0.01297 1.215 7.18438e-06 
0.01297 1.22 2.34052e-06 
0.01297 1.225 7.26895e-07 
0.01297 1.23 1.82035e-07 
0.01297 1.235 3.93589e-08 
0.01297 1.24 7.10932e-09 
0.01297 1.245 1.11392e-09 
0.01297 1.25 1.61521e-10 
0.01497 1.135 6.82311e-09 
0.01497 1.14 2.96579e-06 
0.01497 1.145 2.98942e-05 
0.01497 1.15 7.47136e-05 
0.01497 1.155 0.000139793 
0.01497 1.16 0.000227967 
0.01497 1.165 0.000332517 
0.01497 1.17 0.000433097 
0.01497 1.175 0.000477959 
0.01497 1.18 0.000473186 
0.01497 1.185 0.000418168 
0.01497 1.19 0.000322474 
0.01497 1.195 0.000220217 
0.01497 1.2 0.000133661 
0.01497 1.205 6.83156e-05 
0.01497 1.21 3.03307e-05 
0.01497 1.215 1.18374e-05 
0.01497 1.22 4.01492e-06 
0.01497 1.225 1.2184e-06 
0.01497 1.23 3.14637e-07 
0.01497 1.235 7.46099e-08 
0.01497 1.24 1.49338e-08 
0.01497 1.245 2.52643e-09 
0.01497 1.25 3.54637e-10 
0.01697 1.135 2.28253e-09 
0.01697 1.14 2.13705e-06 
0.01697 1.145 3.0142e-05 
0.01697 1.15 8.13563e-05 
0.01697 1.155 0.000154558 
0.01697 1.16 0.000280753 
0.01697 1.165 0.000398648 
0.01697 1.17 0.000532105 
0.01697 1.175 0.000621899 
0.01697 1.18 0.000662931 
0.01697 1.185 0.000580502 
0.01697 1.19 0.000457719 
0.01697 1.195 0.000317064 
0.01697 1.2 0.00019223 
0.01697 1.205 0.000100143 
0.01697 1.21 4.57741e-05 
0.01697 1.215 1.69003e-05 
0.01697 1.22 5.94458e-06 
0.01697 1.225 1.77041e-06 
0.01697 1.23 4.47568e-07 
0.01697 1.235 1.05208e-07 
0.01697 1.24 2.06976e-08 
0.01697 1.245 3.4223e-09 
0.01697 1.25 5.03494e-10 
0.01897 1.135 3.66706e-09 
0.01897 1.14 2.13976e-06 
0.01897 1.145 2.61909e-05 
0.01897 1.15 7.21558e-05 
0.01897 1.155 0.00013266 
0.01897 1.16 0.000243871 
0.01897 1.165 0.000372907 
0.01897 1.17 0.000533785 
0.01897 1.175 0.00060378 
0.01897 1.18 0.000638378 
0.01897 1.185 0.00054979 
0.01897 1.19 0.000469968 
0.01897 1.195 0.000308703 
0.01897 1.2 0.000193048 
0.01897 1.205 0.000105361 
0.01897 1.21 5.08881e-05 
0.01897 1.215 2.2204e-05 
0.01897 1.22 8.02931e-06 
0.01897 1.225 2.56452e-06 
0.01897 1.23 7.1491e-07 
0.01897 1.235 1.68323e-07 
0.01897 1.24 3.54276e-08 
0.01897 1.245 6.12715e-09 
0.01897 1.25 9.52052e-10 
0.01897 1.255 1.26851e-10 
0.02097 1.135 4.86465e-09 
0.02097 1.14 2.20664e-06 
0.02097 1.145 2.58638e-05 
0.02097 1.15 7.30888e-05 
0.02097 1.155 0.000154075 
0.02097 1.16 0.000286915 
0.02097 1.165 0.00046041 
0.02097 1.17 0.000633805 
0.02097 1.175 0.000794087 
0.02097 1.18 0.000883948 
0.02097 1.185 0.00085434 
0.02097 1.19 0.000705035 
0.02097 1.195 0.000519928 
0.02097 1.2 0.000340484 
0.02097 1.205 0.000185142 
0.02097 1.21 9.22112e-05 
0.02097 1.215 3.8543e-05 
0.02097 1.22 1.44125e-05 
0.02097 1.225 4.53996e-06 
0.02097 1.23 1.32057e-06 
0.02097 1.235 3.17087e-07 
0.02097 1.24 6.4478e-08 
0.02097 1.245 1.16756e-08 
0.02097 1.25 1.87258e-09 
0.02097 1.255 2.37115e-10 
0.02297 1.135 1.51785e-09 
0.02297 1.14 1.93977e-06 
0.02297 1.145 2.21668e-05 
0.02297 1.15 6.43078e-05 
0.02297 1.155 0.000150318 
0.02297 1.16 0.000276848 
0.02297 1.165 0.000482443 
0.02297 1.17 0.000671877 
0.02297 1.175 0.000875434 
0.02297 1.18 0.000952798 
0.02297 1.185 0.000938476 
0.02297 1.19 0.000769948 
0.02297 1.195 0.000584184 
0.02297 1.2 0.000360027 
0.02297 1.205 0.000211978 
0.02297 1.21 0.000104464 
0.02297 1.215 4.5664e-05 
0.02297 1.22 1.66389e-05 
0.02297 1.225 5.17645e-06 
0.02297 1.23 1.43943e-06 
0.02297 1.235 3.75004e-07 
0.02297 1.24 8.0937e-08 
0.02297 1.245 1.48264e-08 
0.02297 1.25 2.68723e-09 
0.02297 1.255 3.53465e-10 
0.02497 1.135 1.7314e-09 
0.02497 1.14 2.04877e-06 
0.02497 1.145 1.94952e-05 
0.02497 1.15 5.75971e-05 
0.02497 1.155 0.000127971 
0.02497 1.16 0.000253002 
0.02497 1.165 0.000433571 
0.02497 1.17 0.000663856 
0.02497 1.175 0.000869481 
0.02497 1.18 0.00103555 
0.02497 1.185 0.0010613 
0.02497 1.19 0.000936597 
0.02497 1.195 0.000726798 
0.02497 1.2 0.000473208 
0.02497 1.205 0.000292203 
0.02497 1.21 0.000144801 
0.02497 1.215 6.77804e-05 
0.02497 1.22 2.67326e-05 
0.02497 1.225 9.36545e-06 
0.02497 1.23 2.61852e-06 
0.02497 1.235 6.32019e-07 
0.02497 1.24 1.47144e-07 
0.02497 1.245 2.69939e-08 
0.02497 1.25 4.65598e-09 
0.02497 1.255 6.81539e-10 
0.02697 1.135 2.03251e-09 
0.02697 1.14 1.26131e-06 
0.02697 1.145 1.48737e-05 
0.02697 1.15 4.7063e-05 
0.02697 1.155 0.000115082 
0.02697 1.16 0.000237702 
0.02697 1.165 0.000428201 
0.02697 1.17 0.000703027 
0.02697 1.175 0.000979278 
0.02697 1.18 0.00116479 
0.02697 1.185 0.00120699 
0.02697 1.19 0.00111078 
0.02697 1.195 0.000880119 
0.02697 1.2 0.00062906 
0.02697 1.205 0.000376621 
0.02697 1.21 0.000194768 
0.02697 1.215 8.9098e-05 
0.02697 1.22 3.79638e-05 
0.02697 1.225 1.21302e-05 
0.02697 1.23 3.82555e-06 
0.02697 1.235 1.00827e-06 
0.02697 1.24 2.39234e-07 
0.02697 1.245 4.62058e-08 
0.02697 1.25 7.68895e-09 
0.02697 1.255 1.14981e-09 
0.02697 1.26 1.29477e-10 
0.02897 1.135 1.14708e-09 
0.02897 1.14 1.10223e-06 
0.02897 1.145 1.52282e-05 
0.02897 1.15 4.42335e-05 
0.02897 1.155 0.000108342 
0.02897 1.16 0.000234201 
0.02897 1.165 0.000447777 
0.02897 1.17 0.000735825 
0.02897 1.175 0.00101946 
0.02897 1.18 0.00119345 
0.02897 1.185 0.00132434 
0.02897 1.19 0.00123116 
0.02897 1.195 0.00101584 
0.02897 1.2 0.000737425 
0.02897 1.205 0.000450564 
0.02897 1.21 0.000239629 
0.02897 1.215 0.00011605 
0.02897 1.22 4.59199e-05 
0.02897 1.225 1.67511e-05 
0.02897 1.23 5.40806e-06 
0.02897 1.235 1.43666e-06 
0.02897 1.24 3.33276e-07 
0.02897 1.245 6.40093e-08 
0.02897 1.25 1.08694e-08 
0.02897 1.255 1.6435e-09 
0.02897 1.26 2.17149e-10 
0.03097 1.135 7.67011e-10 
0.03097 1.14 8.37556e-07 
0.03097 1.145 1.22124e-05 
0.03097 1.15 4.06088e-05 
0.03097 1.155 0.000107489 
0.03097 1.16 0.000223004 
0.03097 1.165 0.000445535 
0.03097 1.17 0.000726606 
0.03097 1.175 0.0010881 
0.03097 1.18 0.00141763 
0.03097 1.185 0.00159044 
0.03097 1.19 0.0014752 
0.03097 1.195 0.0013032 
0.03097 1.2 0.000926952 
0.03097 1.205 0.00063235 
0.03097 1.21 0.000348839 
0.03097 1.215 0.000171575 
0.03097 1.22 7.18054e-05 
0.03097 1.225 2.73813e-05 
0.03097 1.23 8.25343e-06 
0.03097 1.235 2.3608e-06 
0.03097 1.24 5.50739e-07 
0.03097 1.245 1.17436e-07 
0.03097 1.25 2.20253e-08 
0.03097 1.255 3.47435e-09 
0.03097 1.26 4.61865e-10 
0.03297 1.135 2.04677e-10 
0.03297 1.14 8.77296e-07 
0.03297 1.145 1.07927e-05 
0.03297 1.15 3.67614e-05 
0.03297 1.155 8.96025e-05 
0.03297 1.16 0.000206098 
0.03297 1.165 0.000414029 
0.03297 1.17 0.000717689 
0.03297 1.175 0.0011358 
0.03297 1.18 0.00140706 
0.03297 1.185 0.00166352 
0.03297 1.19 0.00170934 
0.03297 1.195 0.00153094 
0.03297 1.2 0.00117485 
0.03297 1.205 0.000752276 
0.03297 1.21 0.000418995 
0.03297 1.215 0.000207299 
0.03297 1.22 9.13497e-05 
0.03297 1.225 3.49559e-05 
0.03297 1.23 1.18632e-05 
0.03297 1.235 3.2927e-06 
0.03297 1.24 7.82706e-07 
0.03297 1.245 1.61263e-07 
0.03297 1.25 3.12849e-08 
0.03297 1.255 5.04729e-09 
0.03297 1.26 6.35314e-10 
0.03497 1.135 1.31366e-09 
0.03497 1.14 5.31113e-07 
0.03497 1.145 8.12423e-06 
0.03497 1.15 2.85861e-05 
0.03497 1.155 7.75668e-05 
0.03497 1.16 0.000181435 
0.03497 1.165 0.000370922 
0.03497 1.17 0.000684437 
0.03497 1.175 0.00107276 
0.03497 1.18 0.00152139 
0.03497 1.185 0.00182278 
0.03497 1.19 0.00194938 
0.03497 1.195 0.00173358 
0.03497 1.2 0.00133813 
0.03497 1.205 0.000898403 
0.03497 1.21 0.000563963 
0.03497 1.215 0.000305957 
0.03497 1.22 0.000129229 
0.03497 1.225 4.94051e-05 
0.03497 1.23 1.74347e-05 
0.03497 1.235 5.02905e-06 
0.03497 1.24 1.31263e-06 
0.03497 1.245 2.88353e-07 
0.03497 1.25 5.73618e-08 
0.03497 1.255 8.95948e-09 
0.03497 1.26 1.18995e-09 
0.03697 1.135 4.32214e-10 
0.03697 1.14 4.51491e-07 
0.03697 1.145 6.55268e-06 
0.03697 1.15 2.46456e-05 
0.03697 1.155 7.14023e-05 
0.03697 1.16 0.000175255 
0.03697 1.165 0.000350002 
0.03697 1.17 0.000668477 
0.03697 1.175 0.00107827 
0.03697 1.18 0.00157367 
0.03697 1.185 0.00192653 
0.03697 1.19 0.00205214 
0.03697 1.195 0.00186005 
0.03697 1.2 0.00155501 
0.03697 1.205 0.00117482 
0.03697 1.21 0.000701126 
0.03697 1.215 0.000367053 
0.03697 1.22 0.000182506 
0.03697 1.225 7.54702e-05 
0.03697 1.23 2.66792e-05 
0.03697 1.235 8.40602e-06 
0.03697 1.24 2.17261e-06 
0.03697 1.245 4.7135e-07 
0.03697 1.25 9.02329e-08 
0.03697 1.255 1.42708e-08 
0.03697 1.26 2.16725e-09 
0.03697 1.265 1.40723e-10 
0.03897 1.135 8.77393e-10 
0.03897 1.14 3.7877e-07 
0.03897 1.145 6.04704e-06 
0.03897 1.15 2.26475e-05 
0.03897 1.155 6.27779e-05 
0.03897 1.16 0.000162593 
0.03897 1.165 0.000335003 
0.03897 1.17 0.000644533 
0.03897 1.175 0.00105981 
0.03897 1.18 0.00160571 
0.03897 1.185 0.00188428 
0.03897 1.19 0.00222683 
0.03897 1.195 0.00212388 
0.03897 1.2 0.00183553 
0.03897 1.205 0.00125928 
0.03897 1.21 0.000770412 
0.03897 1.215 0.000455378 
0.03897 1.22 0.000197022 
0.03897 1.225 8.89596e-05 
0.03897 1.23 3.16066e-05 
0.03897 1.235 9.55039e-06 
0.03897 1.24 2.69975e-06 
0.03897 1.245 6.64273e-07 
0.03897 1.25 1.23328e-07 
0.03897 1.255 2.08242e-08 
0.03897 1.26 2.96669e-09 
0.03897 1.265 1.95319e-10 
0.04097 1.135 1.05625e-10 
0.04097 1.14 2.85531e-07 
0.04097 1.145 3.9954e-06 
0.04097 1.15 1.55782e-05 
0.04097 1.155 4.50381e-05 
0.04097 1.16 0.00012094 
0.04097 1.165 0.000290246 
0.04097 1.17 0.000581753 
0.04097 1.175 0.00106441 
0.04097 1.18 0.00162514 
0.04097 1.185 0.0020743 
0.04097 1.19 0.0024304 
0.04097 1.195 0.00241966 
0.04097 1.2 0.00206057 
0.04097 1.205 0.00167476 
0.04097 1.21 0.00107076 
0.04097 1.215 0.000616243 
0.04097 1.22 0.00031208 
0.04097 1.225 0.000134603 
0.04097 1.23 5.35762e-05 
0.04097 1.235 1.72142e-05 
0.04097 1.24 4.58049e-06 
0.04097 1.245 1.06955e-06 
0.04097 1.25 2.26636e-07 
0.04097 1.255 3.87039e-08 
0.04097 1.26 5.87049e-09 
0.04097 1.265 3.54326e-10 
0.04297 1.135 3.65146e-10 
0.04297 1.14 2.15039e-07 
0.04297 1.145 3.82636e-06 
0.04297 1.15 1.44992e-05 
0.04297 1.155 4.64427e-05 
0.04297 1.16 0.000125408 
0.04297 1.165 0.000307925 
0.04297 1.17 0.000610538 
0.04297 1.175 0.00110329 
0.04297 1.18 0.0016734 
0.04297 1.185 0.00229222 
0.04297 1.19 0.00278086 
0.04297 1.195 0.00286712 
0.04297 1.2 0.00258663 
0.04297 1.205 0.00191957 
0.04297 1.21 0.00133476 
0.04297 1.215 0.000733915 
0.04297 1.22 0.000369052 
0.04297 1.225 0.000161822 
0.04297 1.23 6.18994e-05 
0.04297 1.235 2.07188e-05 
0.04297 1.24 5.72661e-06 
0.04297 1.245 1.35455e-06 
0.04297 1.25 3.13613e-07 
0.04297 1.255 5.92714e-08 
0.04297 1.26 8.25635e-09 
0.04297 1.265 5.13878e-10 
0.04497 1.14 1.42844e-07 
0.04497 1.145 2.47284e-06 
0.04497 1.15 1.09731e-05 
0.04497 1.155 3.39804e-05 
0.04497 1.16 0.000101435 
0.04497 1.165 0.000233976 
0.04497 1.17 0.00046654 
0.04497 1.175 0.00085533 
0.04497 1.18 0.00145249 
0.04497 1.185 0.00192596 
0.04497 1.19 0.00249911 
0.04497 1.195 0.00268442 
0.04497 1.2 0.0023367 
0.04497 1.205 0.00207848 
0.04497 1.21 0.0014387 
0.04497 1.215 0.000880652 
0.04497 1.22 0.000495108 
0.04497 1.225 0.000232025 
0.04497 1.23 9.43606e-05 
0.04497 1.235 3.17642e-05 
0.04497 1.24 9.17395e-06 
0.04497 1.245 2.25764e-06 
0.04497 1.25 4.65904e-07 
0.04497 1.255 9.47713e-08 
0.04497 1.26 1.45565e-08 
0.04497 1.265 1.02387e-09 
0.04697 1.135 1.22549e-10 
0.04697 1.14 7.62772e-08 
0.04697 1.145 1.5997e-06 
0.04697 1.15 6.72911e-06 
0.04697 1.155 2.5873e-05 
0.04697 1.16 7.75311e-05 
0.04697 1.165 0.000199898 
0.04697 1.17 0.000485232 
0.04697 1.175 0.000913887 
0.04697 1.18 0.0015545 
0.04697 1.185 0.00238425 
0.04697 1.19 0.00292554 
0.04697 1.195 0.00338304 
0.04697 1.2 0.00310465 
0.04697 1.205 0.00256423 
0.04697 1.21 0.00185976 
0.04697 1.215 0.00111837 
0.04697 1.22 0.000631714 
0.04697 1.225 0.000276148 
0.04697 1.23 0.000115715 
0.04697 1.235 3.79316e-05 
0.04697 1.24 1.05587e-05 
0.04697 1.245 2.98853e-06 
0.04697 1.25 6.71666e-07 
0.04697 1.255 1.2962e-07 
0.04697 1.26 1.9101e-08 
0.04697 1.265 1.21489e-09 
0.04897 1.14 9.37522e-08 
0.04897 1.145 1.34614e-06 
0.04897 1.15 6.31967e-06 
0.04897 1.155 2.25259e-05 
0.04897 1.16 6.84391e-05 
0.04897 1.165 0.000192934 
0.04897 1.17 0.000414367 
0.04897 1.175 0.000910664 
0.04897 1.18 0.00152133 
0.04897 1.185 0.00227226 
0.04897 1.19 0.00264261 
0.04897 1.195 0.00326966 
0.04897 1.2 0.00321839 
0.04897 1.205 0.00266966 
0.04897 1.21 0.00207092 
0.04897 1.215 0.00130719 
0.04897 1.22 0.000707374 
0.04897 1.225 0.000351358 
0.04897 1.23 0.0001513 
0.04897 1.235 5.39117e-05 
0.04897 1.24 1.81075e-05 
0.04897 1.245 4.79156e-06 
0.04897 1.25 1.04975e-06 
0.04897 1.255 2.05097e-07 
0.04897 1.26 3.59486e-08 
0.04897 1.265 2.28971e-09 
0.05097 1.14 5.09752e-08 
0.05097 1.145 1.05966e-06 
0.05097 1.15 4.57581e-06 
0.05097 1.155 1.71223e-05 
0.05097 1.16 5.2734e-05 
0.05097 1.165 0.000151361 
0.05097 1.17 0.000342668 
0.05097 1.175 0.000746592 
0.05097 1.18 0.00137218 
0.05097 1.185 0.00226365 
0.05097 1.19 0.00313858 
0.05097 1.195 0.00368156 
0.05097 1.2 0.00378222 
0.05097 1.205 0.00335759 
0.05097 1.21 0.00268692 
0.05097 1.215 0.00176237 
0.05097 1.22 0.000991109 
0.05097 1.225 0.000476966 
0.05097 1.23 0.000214659 
0.05097 1.235 7.94545e-05 
0.05097 1.24 2.57836e-05 
0.05097 1.245 6.67438e-06 
0.05097 1.25 1.56683e-06 
0.05097 1.255 3.19909e-07 
0.05097 1.26 5.08648e-08 
0.05097 1.265 4.12146e-09 
0.05297 1.14 3.55043e-08 
0.05297 1.145 6.76873e-07 
0.05297 1.15 3.84166e-06 
0.05297 1.155 1.52752e-05 
0.05297 1.16 4.66366e-05 
0.05297 1.165 0.000131977 
0.05297 1.17 0.000330904 
0.05297 1.175 0.000725234 
0.05297 1.18 0.00136622 
0.05297 1.185 0.00227066 
0.05297 1.19 0.00307374 
0.05297 1.195 0.00363439 
0.05297 1.2 0.00398134 
0.05297 1.205 0.00354254 
0.05297 1.21 0.00281111 
0.05297 1.215 0.00193224 
0.05297 1.22 0.00114172 
0.05297 1.225 0.000564801 
0.05297 1.23 0.000250014 
0.05297 1.235 9.28469e-05 
0.05297 1.24 2.92324e-05 
0.05297 1.245 8.31555e-06 
0.05297 1.25 2.13973e-06 
0.05297 1.255 4.24214e-07 
0.05297 1.26 7.36684e-08 
0.05297 1.265 6.01477e-09 
0.05497 1.14 2.71896e-08 
0.05497 1.145 5.49794e-07 
0.05497 1.15 2.60826e-06 
0.05497 1.155 1.10192e-05 
0.05497 1.16 3.98239e-05 
0.05497 1.165 0.000117821 
0.05497 1.17 0.000286255 
0.05497 1.175 0.000644519 
0.05497 1.18 0.00124115 
0.05497 1.185 0.00202189 
0.05497 1.19 0.00293013 
0.05497 1.195 0.00350358 
0.05497 1.2 0.00396105 
0.05497 1.205 0.00381642 
0.05497 1.21 0.003156 
0.05497 1.215 0.00215274 
0.05497 1.22 0.00134645 
0.05497 1.225 0.000685313 
0.05497 1.23 0.000329084 
0.05497 1.235 0.000131399 
0.05497 1.24 4.31637e-05 
0.05497 1.245 1.2651e-05 
0.05497 1.25 3.25194e-06 
0.05497 1.255 6.74435e-07 
0.05497 1.26 1.21222e-07 
0.05497 1.265 9.01581e-09 
0.05697 1.14 1.58779e-08 
0.05697 1.145 3.51073e-07 
0.05697 1.15 1.87415e-06 
0.05697 1.155 8.11313e-06 
0.05697 1.16 2.77548e-05 
0.05697 1.165 8.2726e-05 
0.05697 1.17 0.000235923 
0.05697 1.175 0.000546139 
0.05697 1.18 0.00111102 
0.05697 1.185 0.00195244 
0.05697 1.19 0.00297998 
0.05697 1.195 0.00380031 
0.05697 1.2 0.00420948 
0.05697 1.205 0.00442177 
0.05697 1.21 0.00358979 
0.05697 1.215 0.00262105 
0.05697 1.22 0.0015819 
0.05697 1.225 0.000864991 
0.05697 1.23 0.000414061 
0.05697 1.235 0.000166209 
0.05697 1.24 5.7748e-05 
0.05697 1.245 1.76476e-05 
0.05697 1.25 4.59195e-06 
0.05697 1.255 9.55367e-07 
0.05697 1.26 1.77528e-07 
0.05697 1.265 1.63304e-08 
0.05897 1.14 1.06311e-08 
0.05897 1.145 2.32638e-07 
0.05897 1.15 1.33571e-06 
0.05897 1.155 5.68056e-06 
0.05897 1.16 2.1755e-05 
0.05897 1.165 6.8419e-05 
0.05897 1.17 0.000205242 
0.05897 1.175 0.000495493 
0.05897 1.18 0.000989159 
0.05897 1.185 0.00180128 
0.05897 1.19 0.00275369 
0.05897 1.195 0.00369394 
0.05897 1.2 0.00453326 
0.05897 1.205 0.00449798 
0.05897 1.21 0.00394052 
0.05897 1.215 0.00291617 
0.05897 1.22 0.00194111 
0.05897 1.225 0.0010862 
0.05897 1.23 0.000570501 
0.05897 1.235 0.000224535 
0.05897 1.24 7.94391e-05 
0.05897 1.245 2.18568e-05 
0.05897 1.25 5.62613e-06 
0.05897 1.255 1.21985e-06 
0.05897 1.26 2.28526e-07 
0.05897 1.265 1.63434e-08 
0.05897 1.27 1.04178e-10 
0.06097 1.14 6.95079e-09 
0.06097 1.145 1.60826e-07 
0.06097 1.15 8.76358e-07 
0.06097 1.155 4.0126e-06 
0.06097 1.16 1.5276e-05 
0.06097 1.165 5.14042e-05 
0.06097 1.17 0.000140384 
0.06097 1.175 0.000377964 
0.06097 1.18 0.000798268 
0.06097 1.185 0.00140099 
0.06097 1.19 0.00229483 
0.06097 1.195 0.00328849 
0.06097 1.2 0.00394921 
0.06097 1.205 0.00409967 
0.06097 1.21 0.00391418 
0.06097 1.215 0.00306603 
0.06097 1.22 0.00210801 
0.06097 1.225 0.00116085 
0.06097 1.23 0.000589495 
0.06097 1.235 0.000262557 
0.06097 1.24 9.76289e-05 
0.06097 1.245 3.23332e-05 
0.06097 1.25 8.93357e-06 
0.06097 1.255 2.07521e-06 
0.06097 1.26 3.8889e-07 
0.06097 1.265 3.41425e-08 
0.06297 1.14 3.99911e-09 
0.06297 1.145 1.03869e-07 
0.06297 1.15 6.17756e-07 
0.06297 1.155 2.84565e-06 
0.06297 1.16 1.1925e-05 
0.06297 1.165 4.07739e-05 
0.06297 1.17 0.000121227 
0.06297 1.175 0.000329876 
0.06297 1.18 0.000736639 
0.06297 1.185 0.00146363 
0.06297 1.19 0.00253278 
0.06297 1.195 0.00358123 
0.06297 1.2 0.00471321 
0.06297 1.205 0.00502652 
0.06297 1.21 0.00465804 
0.06297 1.215 0.00383857 
0.06297 1.22 0.00264028 
0.06297 1.225 0.00156175 
0.06297 1.23 0.000851537 
0.06297 1.235 0.000381669 
0.06297 1.24 0.000144214 
0.06297 1.245 4.58207e-05 
0.06297 1.25 1.18241e-05 
0.06297 1.255 2.76945e-06 
0.06297 1.26 5.14152e-07 
0.06297 1.265 4.59527e-08 
0.06297 1.27 2.19383e-10 
0.06497 1.14 2.71243e-09 
0.06497 1.145 7.59919e-08 
0.06497 1.15 4.76113e-07 
0.06497 1.155 2.22121e-06 
0.06497 1.16 9.22698e-06 
0.06497 1.165 3.46449e-05 
0.06497 1.17 0.000100794 
0.06497 1.175 0.000277316 
0.06497 1.18 0.000642637 
0.06497 1.185 0.00128609 
0.06497 1.19 0.00223857 
0.06497 1.195 0.00317574 
0.06497 1.2 0.00405999 
0.06497 1.205 0.00451649 
0.06497 1.21 0.00431769 
0.06497 1.215 0.00361775 
0.06497 1.22 0.00255737 
0.06497 1.225 0.00157688 
0.06497 1.23 0.000856512 
0.06497 1.235 0.00039126 
0.06497 1.24 0.000149141 
0.06497 1.245 5.25008e-05 
0.06497 1.25 1.51439e-05 
0.06497 1.255 3.87277e-06 
0.06497 1.26 8.10511e-07 
0.06497 1.265 6.42656e-08 
0.06497 1.27 1.96341e-10 
0.06697 1.14 1.99133e-09 
0.06697 1.145 4.11373e-08 
0.06697 1.15 2.6789e-07 
0.06697 1.155 1.32079e-06 
0.06697 1.16 5.44849e-06 
0.06697 1.165 2.09474e-05 
0.06697 1.17 6.27216e-05 
0.06697 1.175 0.000180573 
0.06697 1.18 0.000443514 
0.06697 1.185 0.000892521 
0.06697 1.19 0.00168161 
0.06697 1.195 0.00275652 
0.06697 1.2 0.00388998 
0.06697 1.205 0.00462182 
0.06697 1.21 0.00466315 
0.06697 1.215 0.00404043 
0.06697 1.22 0.00310495 
0.06697 1.225 0.00194762 
0.06697 1.23 0.00110536 
0.06697 1.235 0.000531832 
0.06697 1.24 0.000213029 
0.06697 1.245 7.5851e-05 
0.06697 1.25 2.22811e-05 
0.06697 1.255 5.29501e-06 
0.06697 1.26 1.08672e-06 
0.06697 1.265 9.65728e-08 
0.06697 1.27 6.78665e-10 
0.06897 1.14 9.93041e-10 
0.06897 1.145 2.58936e-08 
0.06897 1.15 2.0628e-07 
0.06897 1.155 1.10511e-06 
0.06897 1.16 4.88953e-06 
0.06897 1.165 1.89108e-05 
0.06897 1.17 6.48598e-05 
0.06897 1.175 0.00018191 
0.06897 1.18 0.000466631 
0.06897 1.185 0.000990356 
0.06897 1.19 0.00187069 
0.06897 1.195 0.00296147 
0.06897 1.2 0.00400575 
0.06897 1.205 0.00498096 
0.06897 1.21 0.00517029 
0.06897 1.215 0.00453276 
0.06897 1.22 0.00344057 
0.06897 1.225 0.00223393 
0.06897 1.23 0.0012675 
0.06897 1.235 0.000587863 
0.06897 1.24 0.0002366 
0.06897 1.245 8.08166e-05 
0.06897 1.25 2.44217e-05 
0.06897 1.255 6.63763e-06 
0.06897 1.26 1.4522e-06 
0.06897 1.265 1.1973e-07 
0.06897 1.27 5.29957e-10 
0.07097 1.14 7.30199e-10 
0.07097 1.145 1.83844e-08 
0.07097 1.15 1.22347e-07 
0.07097 1.155 6.8346e-07 
0.07097 1.16 3.1835e-06 
0.07097 1.165 1.30678e-05 
0.07097 1.17 4.27115e-05 
0.07097 1.175 0.000123311 
0.07097 1.18 0.000311612 
0.07097 1.185 0.000708318 
0.07097 1.19 0.00134337 
0.07097 1.195 0.00227721 
0.07097 1.2 0.00343441 
0.07097 1.205 0.00404162 
0.07097 1.21 0.00448138 
0.07097 1.215 0.00407388 
0.07097 1.22 0.00349038 
0.07097 1.225 0.00234784 
0.07097 1.23 0.0013947 
0.07097 1.235 0.000696873 
0.07097 1.24 0.000326802 
0.07097 1.245 0.000123104 
0.07097 1.25 3.8855e-05 
0.07097 1.255 1.08981e-05 
0.07097 1.26 2.21883e-06 
0.07097 1.265 2.04091e-07 
0.07097 1.27 9.22888e-10 
0.07297 1.14 4.3377e-10 
0.07297 1.145 1.02312e-08 
0.07297 1.15 7.23896e-08 
0.07297 1.155 4.2184e-07 
0.07297 1.16 2.06408e-06 
0.07297 1.165 9.03415e-06 
0.07297 1.17 3.27996e-05 
0.07297 1.175 0.000112414 
0.07297 1.18 0.000302 
0.07297 1.185 0.000710162 
0.07297 1.19 0.00138398 
0.07297 1.195 0.00240827 
0.07297 1.2 0.00361916 
0.07297 1.205 0.00450816 
0.07297 1.21 0.00500498 
0.07297 1.215 0.00458506 
0.07297 1.22 0.00392192 
0.07297 1.225 0.0027538 
0.07297 1.23 0.00169165 
0.07297 1.235 0.000865986 
0.07297 1.24 0.000374382 
0.07297 1.245 0.000142587 
0.07297 1.25 4.28788e-05 
0.07297 1.255 1.22426e-05 
0.07297 1.26 2.78065e-06 
0.07297 1.265 2.85068e-07 
0.07297 1.27 1.77927e-09 
0.07497 1.14 2.37774e-10 
0.07497 1.145 6.20793e-09 
0.07497 1.15 4.92973e-08 
0.07497 1.155 2.64398e-07 
0.07497 1.16 1.43043e-06 
0.07497 1.165 6.27223e-06 
0.07497 1.17 2.3632e-05 
0.07497 1.175 7.88021e-05 
0.07497 1.18 0.00021979 
0.07497 1.185 0.000536251 
0.07497 1.19 0.00113794 
0.07497 1.195 0.00203753 
0.07497 1.2 0.00309985 
0.07497 1.205 0.00398715 
0.07497 1.21 0.00442918 
0.07497 1.215 0.00440863 
0.07497 1.22 0.00376953 
0.07497 1.225 0.00278165 
0.07497 1.23 0.00163792 
0.07497 1.235 0.000925315 
0.07497 1.24 0.000404936 
0.07497 1.245 0.000164033 
0.07497 1.25 5.61814e-05 
0.07497 1.255 1.6013e-05 
0.07497 1.26 3.75107e-06 
0.07497 1.265 3.60178e-07 
0.07497 1.27 1.73305e-09 
0.07697 1.14 1.44994e-10 
0.07697 1.145 3.82699e-09 
0.07697 1.15 2.91202e-08 
0.07697 1.155 1.83362e-07 
0.07697 1.16 9.3996e-07 
0.07697 1.165 4.39208e-06 
0.07697 1.17 1.72913e-05 
0.07697 1.175 5.83951e-05 
0.07697 1.18 0.000166978 
0.07697 1.185 0.000403971 
0.07697 1.19 0.000910356 
0.07697 1.195 0.00168527 
0.07697 1.2 0.00270535 
0.07697 1.205 0.00389426 
0.07697 1.21 0.00449343 
0.07697 1.215 0.00481953 
0.07697 1.22 0.00414277 
0.07697 1.225 0.00315628 
0.07697 1.23 0.0020199 
0.07697 1.235 0.0011124 
0.07697 1.24 0.000517322 
0.07697 1.245 0.000219094 
0.07697 1.25 7.53763e-05 
0.07697 1.255 2.16538e-05 
0.07697 1.26 5.39521e-06 
0.07697 1.265 5.60594e-07 
0.07697 1.27 1.44987e-09 
0.07897 1.145 2.08458e-09 
0.07897 1.15 1.6746e-08 
0.07897 1.155 1.09803e-07 
0.07897 1.16 6.40084e-07 
0.07897 1.165 2.85948e-06 
0.07897 1.17 1.1801e-05 
0.07897 1.175 4.11222e-05 
0.07897 1.18 0.000137367 
0.07897 1.185 0.000330667 
0.07897 1.19 0.000793449 
0.07897 1.195 0.00153164 
0.07897 1.2 0.00252253 
0.07897 1.205 0.00396644 
0.07897 1.21 0.00469194 
0.07897 1.215 0.00509817 
0.07897 1.22 0.00448157 
0.07897 1.225 0.00338233 
0.07897 1.23 0.00242529 
0.07897 1.235 0.00136059 
0.07897 1.24 0.000658926 
0.07897 1.245 0.0002671 
0.07897 1.25 9.01803e-05 
0.07897 1.255 2.51671e-05 
0.07897 1.26 6.76428e-06 
0.07897 1.265 6.71723e-07 
0.07897 1.27 1.91676e-09 
0.08097 1.145 1.16139e-09 
0.08097 1.15 1.04264e-08 
0.08097 1.155 6.61588e-08 
0.08097 1.16 3.67299e-07 
0.08097 1.165 1.86263e-06 
0.08097 1.17 8.28622e-06 
0.08097 1.175 3.01573e-05 
0.08097 1.18 9.17164e-05 
0.08097 1.185 0.000245288 
0.08097 1.19 0.000583951 
0.08097 1.195 0.00112077 
0.08097 1.2 0.00198171 
0.08097 1.205 0.0029318 
0.08097 1.21 0.00384102 
0.08097 1.215 0.00441794 
0.08097 1.22 0.00390537 
0.08097 1.225 0.00310838 
0.08097 1.23 0.00219795 
0.08097 1.235 0.00127035 
0.08097 1.24 0.000663693 
0.08097 1.245 0.000292495 
0.08097 1.25 0.000108466 
0.08097 1.255 3.46805e-05 
0.08097 1.26 8.61051e-06 
0.08097 1.265 8.42318e-07 
0.08097 1.27 3.82499e-09 
0.08297 1.145 6.67745e-10 
0.08297 1.15 5.86119e-09 
0.08297 1.155 4.10867e-08 
0.08297 1.16 2.49308e-07 
0.08297 1.165 1.35062e-06 
0.08297 1.17 5.56713e-06 
0.08297 1.175 2.22246e-05 
0.08297 1.18 7.53677e-05 
0.08297 1.185 0.000208652 
0.08297 1.19 0.000503307 
0.08297 1.195 0.00104553 
0.08297 1.2 0.00186088 
0.08297 1.205 0.00287192 
0.08297 1.21 0.00389462 
0.08297 1.215 0.00419829 
0.08297 1.22 0.00436604 
0.08297 1.225 0.00366747 
0.08297 1.23 0.00261468 
0.08297 1.235 0.00161671 
0.08297 1.24 0.000869873 
0.08297 1.245 0.000366997 
0.08297 1.25 0.000144401 
0.08297 1.255 4.53206e-05 
0.08297 1.26 1.1789e-05 
0.08297 1.265 1.115e-06 
0.08297 1.27 9.04785e-09 
0.08497 1.145 3.32397e-10 
0.08497 1.15 3.20673e-09 
0.08497 1.155 2.30057e-08 
0.08497 1.16 1.41045e-07 
0.08497 1.165 7.55663e-07 
0.08497 1.17 3.68727e-06 
0.08497 1.175 1.51639e-05 
0.08497 1.18 5.10522e-05 
0.08497 1.185 0.000143574 
0.08497 1.19 0.000382165 
0.08497 1.195 0.000783872 
0.08497 1.2 0.00151626 
0.08497 1.205 0.00245508 
0.08497 1.21 0.00329376 
0.08497 1.215 0.00388145 
0.08497 1.22 0.00399096 
0.08497 1.225 0.00333447 
0.08497 1.23 0.00259277 
0.08497 1.235 0.00165676 
0.08497 1.24 0.000860122 
0.08497 1.245 0.000398919 
0.08497 1.25 0.000148593 
0.08497 1.255 4.79649e-05 
0.08497 1.26 1.43347e-05 
0.08497 1.265 1.527e-06 
0.08497 1.27 6.77631e-09 
0.08697 1.145 1.99029e-10 
0.08697 1.15 1.93257e-09 
0.08697 1.155 1.39924e-08 
0.08697 1.16 9.73782e-08 
0.08697 1.165 5.20911e-07 
0.08697 1.17 2.50077e-06 
0.08697 1.175 1.01693e-05 
0.08697 1.18 3.8926e-05 
0.08697 1.185 0.000115789 
0.08697 1.19 0.000300488 
0.08697 1.195 0.000645343 
0.08697 1.2 0.00122315 
0.08697 1.205 0.00205797 
0.08697 1.21 0.00291747 
0.08697 1.215 0.00355145 
0.08697 1.22 0.00377837 
0.08697 1.225 0.00334792 
0.08697 1.23 0.00254409 
0.08697 1.235 0.00166029 
0.08697 1.24 0.000941897 
0.08697 1.245 0.000446537 
0.08697 1.25 0.00019106 
0.08697 1.255 6.41068e-05 
0.08697 1.26 1.67543e-05 
0.08697 1.265 1.8851e-06 
0.08697 1.27 5.66937e-09 
0.08897 1.145 1.10987e-10 
0.08897 1.15 1.14494e-09 
0.08897 1.155 8.4263e-09 
0.08897 1.16 5.5718e-08 
0.08897 1.165 3.19922e-07 
0.08897 1.17 1.58341e-06 
0.08897 1.175 6.99564e-06 
0.08897 1.18 2.55617e-05 
0.08897 1.185 8.30798e-05 
0.08897 1.19 0.000218386 
0.08897 1.195 0.000517858 
0.08897 1.2 0.00111462 
0.08897 1.205 0.00185903 
0.08897 1.21 0.00274295 
0.08897 1.215 0.00341075 
0.08897 1.22 0.0036344 
0.08897 1.225 0.00337491 
0.08897 1.23 0.00263196 
0.08897 1.235 0.00170416 
0.08897 1.24 0.00098893 
0.08897 1.245 0.00049781 
0.08897 1.25 0.000207587 
0.08897 1.255 7.12049e-05 
0.08897 1.26 2.05569e-05 
0.08897 1.265 2.11064e-06 
0.08897 1.27 8.96338e-09 
0.09097 1.15 5.60046e-10 
0.09097 1.155 4.60854e-09 
0.09097 1.16 3.22354e-08 
0.09097 1.165 1.92761e-07 
0.09097 1.17 1.05231e-06 
0.09097 1.175 4.64014e-06 
0.09097 1.18 1.74665e-05 
0.09097 1.185 5.92509e-05 
0.09097 1.19 0.000169803 
0.09097 1.195 0.000404278 
0.09097 1.2 0.000846185 
0.09097 1.205 0.00145089 
0.09097 1.21 0.00232363 
0.09097 1.215 0.00310375 
0.09097 1.22 0.00348695 
0.09097 1.225 0.00344142 
0.09097 1.23 0.00275945 
0.09097 1.235 0.0019961 
0.09097 1.24 0.00114101 
0.09097 1.245 0.000572208 
0.09097 1.25 0.000230632 
0.09097 1.255 8.67955e-05 
0.09097 1.26 2.75849e-05 
0.09097 1.265 3.38696e-06 
0.09097 1.27 4.84517e-09 
0.09297 1.15 2.83677e-10 
0.09297 1.155 2.58082e-09 
0.09297 1.16 2.01412e-08 
0.09297 1.165 1.29221e-07 
0.09297 1.17 7.18401e-07 
0.09297 1.175 3.36257e-06 
0.09297 1.18 1.35774e-05 
0.09297 1.185 4.60027e-05 
0.09297 1.19 0.000136885 
0.09297 1.195 0.000341734 
0.09297 1.2 0.00072506 
0.09297 1.205 0.00139466 
0.09297 1.21 0.0020592 
0.09297 1.215 0.00289788 
0.09297 1.22 0.00342957 
0.09297 1.225 0.00323344 
0.09297 1.23 0.00266337 
0.09297 1.235 0.00192851 
0.09297 1.24 0.00118091 
0.09297 1.245 0.000644622 
0.09297 1.25 0.00028271 
0.09297 1.255 0.000108397 
0.09297 1.26 3.43093e-05 
0.09297 1.265 3.34762e-06 
0.09297 1.27 1.37199e-08 
0.09497 1.15 1.49456e-10 
0.09497 1.155 1.3852e-09 
0.09497 1.16 1.01722e-08 
0.09497 1.165 6.82274e-08 
0.09497 1.17 3.85405e-07 
0.09497 1.175 1.86556e-06 
0.09497 1.18 7.6452e-06 
0.09497 1.185 2.81995e-05 
0.09497 1.19 8.65766e-05 
0.09497 1.195 0.000225904 
0.09497 1.2 0.000482964 
0.09497 1.205 0.000917314 
0.09497 1.21 0.00161303 
0.09497 1.215 0.00231243 
0.09497 1.22 0.00271644 
0.09497 1.225 0.00292524 
0.09497 1.23 0.0026251 
0.09497 1.235 0.00197772 
0.09497 1.24 0.00120841 
0.09497 1.245 0.000677909 
0.09497 1.25 0.000307087 
0.09497 1.255 0.000118027 
0.09497 1.26 3.89627e-05 
0.09497 1.265 4.45234e-06 
0.09497 1.27 3.19753e-08 
0.09697 1.155 6.97105e-10 
0.09697 1.16 6.20977e-09 
0.09697 1.165 4.29978e-08 
0.09697 1.17 2.5627e-07 
0.09697 1.175 1.30847e-06 
0.09697 1.18 5.71977e-06 
0.09697 1.185 2.07727e-05 
0.09697 1.19 6.40483e-05 
0.09697 1.195 0.000175405 
0.09697 1.2 0.000453143 
0.09697 1.205 0.00091224 
0.09697 1.21 0.00156968 
0.09697 1.215 0.00234667 
0.09697 1.22 0.00281619 
0.09697 1.225 0.00311073 
0.09697 1.23 0.00275555 
0.09697 1.235 0.00212137 
0.09697 1.24 0.00142222 
0.09697 1.245 0.00075658 
0.09697 1.25 0.000351 
0.09697 1.255 0.000135429 
0.09697 1.26 4.66731e-05 
0.09697 1.265 5.46053e-06 
0.09697 1.27 2.04947e-08 
0.09897 1.155 3.79057e-10 
0.09897 1.16 3.24082e-09 
0.09897 1.165 2.3167e-08 
0.09897 1.17 1.39861e-07 
0.09897 1.175 7.78275e-07 
0.09897 1.18 3.35809e-06 
0.09897 1.185 1.30222e-05 
0.09897 1.19 3.97853e-05 
0.09897 1.195 0.000117206 
0.09897 1.2 0.000290293 
0.09897 1.205 0.000599732 
0.09897 1.21 0.00107536 
0.09897 1.215 0.00159522 
0.09897 1.22 0.00206867 
0.09897 1.225 0.00225309 
0.09897 1.23 0.00215991 
0.09897 1.235 0.00170814 
0.09897 1.24 0.00115649 
0.09897 1.245 0.000695603 
0.09897 1.25 0.00035649 
0.09897 1.255 0.000151039 
0.09897 1.26 5.19196e-05 
0.09897 1.265 6.46637e-06 
0.09897 1.27 3.0506e-08 
0.10097 1.155 1.75636e-10 
0.10097 1.16 1.57988e-09 
0.10097 1.165 1.15553e-08 
0.10097 1.17 7.63034e-08 
0.10097 1.175 4.18243e-07 
0.10097 1.18 1.93552e-06 
0.10097 1.185 8.43515e-06 
0.10097 1.19 3.0678e-05 
0.10097 1.195 8.94624e-05 
0.10097 1.2 0.000228923 
0.10097 1.205 0.000512319 
0.10097 1.21 0.000919396 
0.10097 1.215 0.00148416 
0.10097 1.22 0.00199579 
0.10097 1.225 0.0022478 
0.10097 1.23 0.00215617 
0.10097 1.235 0.00186377 
0.10097 1.24 0.00128047 
0.10097 1.245 0.00075887 
0.10097 1.25 0.000385557 
0.10097 1.255 0.000168505 
0.10097 1.26 5.68068e-05 
0.10097 1.265 6.82617e-06 
0.10097 1.27 2.40851e-08 
0.10297 1.155 1.06391e-10 
0.10297 1.16 9.42425e-10 
0.10297 1.165 7.50525e-09 
0.10297 1.17 5.16603e-08 
0.10297 1.175 3.07106e-07 
0.10297 1.18 1.45781e-06 
0.10297 1.185 6.37489e-06 
0.10297 1.19 2.28745e-05 
0.10297 1.195 6.85312e-05 
0.10297 1.2 0.000181402 
0.10297 1.205 0.000405213 
0.10297 1.21 0.000777244 
0.10297 1.215 0.00124333 
0.10297 1.22 0.00173992 
0.10297 1.225 0.00199415 
0.10297 1.23 0.00192953 
0.10297 1.235 0.00163563 
0.10297 1.24 0.00118137 
0.10297 1.245 0.00071528 
0.10297 1.25 0.000380008 
0.10297 1.255 0.000166079 
0.10297 1.26 6.19596e-05 
0.10297 1.265 7.45847e-06 
0.10297 1.27 3.85709e-08 
0.10497 1.16 5.18331e-10 
0.10497 1.165 4.28869e-09 
0.10497 1.17 3.01129e-08 
0.10497 1.175 1.89357e-07 
0.10497 1.18 8.69981e-07 
0.10497 1.185 3.92129e-06 
0.10497 1.19 1.39432e-05 
0.10497 1.195 4.25012e-05 
0.10497 1.2 0.000121744 
0.10497 1.205 0.000266065 
0.10497 1.21 0.000535087 
0.10497 1.215 0.000912792 
0.10497 1.22 0.00132539 
0.10497 1.225 0.0016815 
0.10497 1.23 0.00178456 
0.10497 1.235 0.0016514 
0.10497 1.24 0.00123414 
0.10497 1.245 0.00078937 
0.10497 1.25 0.000443011 
0.10497 1.255 0.000202933 
0.10497 1.26 7.50759e-05 
0.10497 1.265 1.13282e-05 
0.10497 1.27 4.374e-08 
0.10697 1.16 2.50395e-10 
0.10697 1.165 1.97125e-09 
0.10697 1.17 1.51327e-08 
0.10697 1.175 9.24152e-08 
0.10697 1.18 5.52665e-07 
0.10697 1.185 2.47817e-06 
0.10697 1.19 1.01364e-05 
0.10697 1.195 3.46663e-05 
0.10697 1.2 9.91405e-05 
0.10697 1.205 0.000236995 
0.10697 1.21 0.000494225 
0.10697 1.215 0.000852388 
0.10697 1.22 0.00122749 
0.10697 1.225 0.0015752 
0.10697 1.23 0.00171469 
0.10697 1.235 0.00155041 
0.10697 1.24 0.00120722 
0.10697 1.245 0.000825774 
0.10697 1.25 0.000447855 
0.10697 1.255 0.000211039 
0.10697 1.26 8.14925e-05 
0.10697 1.265 1.08314e-05 
0.10697 1.27 5.07015e-08 
0.10897 1.16 1.35985e-10 
0.10897 1.165 1.21839e-09 
0.10897 1.17 9.52125e-09 
0.10897 1.175 6.17497e-08 
0.10897 1.18 3.40626e-07 
0.10897 1.185 1.54234e-06 
0.10897 1.19 6.45196e-06 
0.10897 1.195 2.18384e-05 
0.10897 1.2 6.61109e-05 
0.10897 1.205 0.000167253 
0.10897 1.21 0.000365511 
0.10897 1.215 0.000642361 
0.10897 1.22 0.000939116 
0.10897 1.225 0.00127545 
0.10897 1.23 0.00140289 
0.10897 1.235 0.00133895 
0.10897 1.24 0.00109691 
0.10897 1.245 0.000724246 
0.10897 1.25 0.000407215 
0.10897 1.255 0.000206968 
0.10897 1.26 7.71237e-05 
0.10897 1.265 1.08322e-05 
0.10897 1.27 6.84543e-08 
0.11097 1.165 5.8295e-10 
0.11097 1.17 4.75472e-09 
0.11097 1.175 2.98313e-08 
0.11097 1.18 1.82886e-07 
0.11097 1.185 9.10385e-07 
0.11097 1.19 3.88172e-06 
0.11097 1.195 1.45304e-05 
0.11097 1.2 4.02332e-05 
0.11097 1.205 0.000115198 
0.11097 1.21 0.000253753 
0.11097 1.215 0.000465275 
0.11097 1.22 0.00081632 
0.11097 1.225 0.00110723 
0.11097 1.23 0.00121417 
0.11097 1.235 0.00119972 
0.11097 1.24 0.00100203 
0.11097 1.245 0.000703085 
0.11097 1.25 0.000441859 
0.11097 1.255 0.000227884 
0.11097 1.26 8.83879e-05 
0.11097 1.265 1.26239e-05 
0.11097 1.27 8.60851e-08 
0.11297 1.165 3.0471e-10 
0.11297 1.17 2.63223e-09 
0.11297 1.175 1.86028e-08 
0.11297 1.18 1.10438e-07 
0.11297 1.185 5.77414e-07 
0.11297 1.19 2.53201e-06 
0.11297 1.195 9.18794e-06 
0.11297 1.2 3.01912e-05 
0.11297 1.205 8.14442e-05 
0.11297 1.21 0.000190511 
0.11297 1.215 0.000374475 
0.11297 1.22 0.000609846 
0.11297 1.225 0.000875678 
0.11297 1.23 0.00109748 
0.11297 1.235 0.00106288 
0.11297 1.24 0.000995177 
0.11297 1.245 0.000730102 
0.11297 1.25 0.000430625 
0.11297 1.255 0.000226278 
0.11297 1.26 9.53829e-05 
0.11297 1.265 1.53396e-05 
0.11297 1.27 9.84127e-08 
0.11497 1.165 1.45737e-10 
0.11497 1.17 1.36025e-09 
0.11497 1.175 9.35556e-09 
0.11497 1.18 5.9813e-08 
0.11497 1.185 3.35213e-07 
0.11497 1.19 1.51468e-06 
0.11497 1.195 5.89403e-06 
0.11497 1.2 1.94042e-05 
0.11497 1.205 5.41644e-05 
0.11497 1.21 0.000134597 
0.11497 1.215 0.000278112 
0.11497 1.22 0.000476202 
0.11497 1.225 0.000713461 
0.11497 1.23 0.000849726 
0.11497 1.235 0.000936309 
0.11497 1.24 0.000824058 
0.11497 1.245 0.000613429 
0.11497 1.25 0.000421804 
0.11497 1.255 0.000237979 
0.11497 1.26 0.000101024 
0.11497 1.265 1.52266e-05 
0.11497 1.27 1.12017e-07 
0.11697 1.17 6.28552e-10 
0.11697 1.175 5.18425e-09 
0.11697 1.18 3.36373e-08 
0.11697 1.185 2.04801e-07 
0.11697 1.19 9.12898e-07 
0.11697 1.195 3.82782e-06 
0.11697 1.2 1.34158e-05 
0.11697 1.205 3.98651e-05 
0.11697 1.21 0.000103945 
0.11697 1.215 0.000218031 
0.11697 1.22 0.000394276 
0.11697 1.225 0.000583452 
0.11697 1.23 0.000764451 
0.11697 1.235 0.000820784 
0.11697 1.24 0.000778654 
0.11697 1.245 0.000603132 
0.11697 1.25 0.000416637 
0.11697 1.255 0.000225132 
0.11697 1.26 0.000105241 
0.11697 1.265 1.75116e-05 
0.11697 1.27 1.34697e-07 
0.11897 1.17 3.33807e-10 
0.11897 1.175 2.78942e-09 
0.11897 1.18 1.87646e-08 
0.11897 1.185 1.07043e-07 
0.11897 1.19 5.03493e-07 
0.11897 1.195 2.13209e-06 
0.11897 1.2 8.22746e-06 
0.11897 1.205 2.46263e-05 
0.11897 1.21 6.11623e-05 
0.11897 1.215 0.000137919 
0.11897 1.22 0.000263743 
0.11897 1.225 0.000404202 
0.11897 1.23 0.00058053 
0.11897 1.235 0.000654311 
0.11897 1.24 0.000626413 
0.11897 1.245 0.000507826 
0.11897 1.25 0.000354572 
0.11897 1.255 0.000202196 
0.11897 1.26 9.98877e-05 
0.11897 1.265 1.65412e-05 
0.11897 1.27 5.19635e-08 
0.12097 1.17 1.52589e-10 
0.12097 1.175 1.29914e-09 
0.12097 1.18 9.25325e-09 
0.12097 1.185 5.72225e-08 
0.12097 1.19 3.39775e-07 
0.12097 1.195 1.47607e-06 
0.12097 1.2 5.54829e-06 
0.12097 1.205 1.74441e-05 
0.12097 1.21 4.91972e-05 
0.12097 1.215 0.000112494 
0.12097 1.22 0.000210196 
0.12097 1.225 0.000364474 
0.12097 1.23 0.000464723 
0.12097 1.235 0.000579205 
0.12097 1.24 0.000568628 
0.12097 1.245 0.000500875 
0.12097 1.25 0.000345439 
0.12097 1.255 0.000211396 
0.12097 1.26 0.000102986 
0.12097 1.265 1.63617e-05 
0.12097 1.27 7.95781e-08 
0.12297 1.175 7.12721e-10 
0.12297 1.18 5.50096e-09 
0.12297 1.185 3.42894e-08 
0.12297 1.19 1.8818e-07 
0.12297 1.195 8.6443e-07 
0.12297 1.2 3.42714e-06 
0.12297 1.205 1.13744e-05 
0.12297 1.21 3.0702e-05 
0.12297 1.215 7.20827e-05 
0.12297 1.22 0.000145872 
0.12297 1.225 0.000252409 
0.12297 1.23 0.00034952 
0.12297 1.235 0.000442989 
0.12297 1.24 0.00046619 
0.12297 1.245 0.000409384 
0.12297 1.25 0.000304285 
0.12297 1.255 0.000190061 
0.12297 1.26 9.46108e-05 
0.12297 1.265 1.66374e-05 
0.12297 1.27 9.18621e-08 
0.12497 1.175 3.30973e-10 
0.12497 1.18 2.59217e-09 
0.12497 1.185 1.67401e-08 
0.12497 1.19 1.00977e-07 
0.12497 1.195 4.52556e-07 
0.12497 1.2 1.93645e-06 
0.12497 1.205 6.75822e-06 
0.12497 1.21 2.10885e-05 
0.12497 1.215 5.43419e-05 
0.12497 1.22 0.000110865 
0.12497 1.225 0.000200695 
0.12497 1.23 0.000298911 
0.12497 1.235 0.00039825 
0.12497 1.24 0.000407697 
0.12497 1.245 0.000382027 
0.12497 1.25 0.00029708 
0.12497 1.255 0.000189253 
0.12497 1.26 9.56801e-05 
0.12497 1.265 1.62195e-05 
0.12497 1.27 1.39726e-07 
0.12697 1.175 1.71736e-10 
0.12697 1.18 1.35374e-09 
0.12697 1.185 1.0143e-08 
0.12697 1.19 5.90111e-08 
0.12697 1.195 3.08365e-07 
0.12697 1.2 1.26135e-06 
0.12697 1.205 4.58967e-06 
0.12697 1.21 1.43123e-05 
0.12697 1.215 3.63939e-05 
0.12697 1.22 7.76104e-05 
0.12697 1.225 0.000150224 
0.12697 1.23 0.000231271 
0.12697 1.235 0.000317526 
0.12697 1.24 0.000340384 
0.12697 1.245 0.000339841 
0.12697 1.25 0.000250554 
0.12697 1.255 0.000163426 
0.12697 1.26 8.98805e-05 
0.12697 1.265 1.56012e-05 
0.12697 1.27 1.19666e-07 
0.12897 1.18 6.79993e-10 
0.12897 1.185 4.96161e-09 
0.12897 1.19 3.15544e-08 
0.12897 1.195 1.66658e-07 
0.12897 1.2 7.56408e-07 
0.12897 1.205 2.94563e-06 
0.12897 1.21 8.78823e-06 
0.12897 1.215 2.34528e-05 
0.12897 1.22 5.26251e-05 
0.12897 1.225 0.000102014 
0.12897 1.23 0.000164596 
0.12897 1.235 0.00022427 
0.12897 1.24 0.000262627 
0.12897 1.245 0.000260479 
0.12897 1.25 0.00022292 
0.12897 1.255 0.000155404 
0.12897 1.26 8.39146e-05 
0.12897 1.265 1.44215e-05 
0.12897 1.27 5.95285e-08 
0.13097 1.18 3.31416e-10 
0.13097 1.185 2.64138e-09 
0.13097 1.19 1.60645e-08 
0.13097 1.195 8.56924e-08 
0.13097 1.2 3.96666e-07 
0.13097 1.205 1.63099e-06 
0.13097 1.21 5.63369e-06 
0.13097 1.215 1.62988e-05 
0.13097 1.22 3.80352e-05 
0.13097 1.225 7.82103e-05 
0.13097 1.23 0.000125387 
0.13097 1.235 0.000189873 
0.13097 1.24 0.000218168 
0.13097 1.245 0.000230943 
0.13097 1.25 0.000201133 
0.13097 1.255 0.000141293 
0.13097 1.26 8.23154e-05 
0.13097 1.265 1.69814e-05 
0.13097 1.27 1.31581e-07 
0.13297 1.18 1.55509e-10 
0.13297 1.185 1.22159e-09 
0.13297 1.19 8.88366e-09 
0.13297 1.195 5.2999e-08 
0.13297 1.2 2.54829e-07 
0.13297 1.205 1.0619e-06 
0.13297 1.21 3.69631e-06 
0.13297 1.215 1.09442e-05 
0.13297 1.22 2.62987e-05 
0.13297 1.225 5.40087e-05 
0.13297 1.23 9.65803e-05 
0.13297 1.235 0.000135685 
0.13297 1.24 0.000177565 
0.13297 1.245 0.000188184 
0.13297 1.25 0.000167835 
0.13297 1.255 0.000124823 
0.13297 1.26 7.4004e-05 
0.13297 1.265 1.46894e-05 
0.13297 1.27 8.87228e-08 
0.13497 1.185 6.25538e-10 
0.13497 1.19 4.75555e-09 
0.13497 1.195 2.83602e-08 
0.13497 1.2 1.4722e-07 
0.13497 1.205 6.3052e-07 
0.13497 1.21 2.26096e-06 
0.13497 1.215 6.98482e-06 
0.13497 1.22 1.77456e-05 
0.13497 1.225 3.8229e-05 
0.13497 1.23 6.77928e-05 
0.13497 1.235 0.000107806 
0.13497 1.24 0.000139894 
0.13497 1.245 0.000153614 
0.13497 1.25 0.00013998 
0.13497 1.255 0.00011254 
0.13497 1.26 7.01405e-05 
0.13497 1.265 1.34816e-05 
0.13497 1.27 7.54001e-08 
0.13697 1.185 3.06136e-10 
0.13697 1.19 2.18998e-09 
0.13697 1.195 1.45507e-08 
0.13697 1.2 7.64699e-08 
0.13697 1.205 3.43708e-07 
0.13697 1.21 1.31744e-06 
0.13697 1.215 4.17045e-06 
0.13697 1.22 1.15289e-05 
0.13697 1.225 2.50689e-05 
0.13697 1.23 4.9525e-05 
0.13697 1.235 7.64005e-05 
0.13697 1.24 0.000106272 
0.13697 1.245 0.000117197 
0.13697 1.25 0.000119399 
0.13697 1.255 9.28625e-05 
0.13697 1.26 6.09657e-05 
0.13697 1.265 1.16427e-05 
0.13697 1.27 1.28567e-07 
0.13897 1.185 1.50759e-10 
0.13897 1.19 1.18029e-09 
0.13897 1.195 8.04625e-09 
0.13897 1.2 4.15606e-08 
0.13897 1.205 1.89726e-07 
0.13897 1.21 7.87889e-07 
0.13897 1.215 2.56203e-06 
0.13897 1.22 7.45976e-06 
0.13897 1.225 1.72121e-05 
0.13897 1.23 3.38188e-05 
0.13897 1.235 5.83396e-05 
0.13897 1.24 8.06788e-05 
0.13897 1.245 9.52532e-05 
0.13897 1.25 9.65786e-05 
0.13897 1.255 8.13592e-05 
0.13897 1.26 5.30235e-05 
0.13897 1.265 1.0944e-05 
0.13897 1.27 9.01483e-08 
0.14097 1.19 5.25825e-10 
0.14097 1.195 3.54098e-09 
0.14097 1.2 2.10223e-08 
0.14097 1.205 1.00408e-07 
0.14097 1.21 4.15699e-07 
0.14097 1.215 1.38512e-06 
0.14097 1.22 4.15059e-06 
0.14097 1.225 9.54874e-06 
0.14097 1.23 2.08449e-05 
0.14097 1.235 3.44818e-05 
0.14097 1.24 5.20999e-05 
0.14097 1.245 6.51107e-05 
0.14097 1.25 6.33463e-05 
0.14097 1.255 5.84381e-05 
0.14097 1.26 3.90255e-05 
0.14097 1.265 8.56324e-06 
0.14097 1.27 9.7302e-08 
0.14297 1.19 2.84536e-10 
0.14297 1.195 2.01677e-09 
0.14297 1.2 1.20485e-08 
0.14297 1.205 6.11107e-08 
0.14297 1.21 2.69485e-07 
0.14297 1.215 9.73029e-07 
0.14297 1.22 2.99193e-06 
0.14297 1.225 7.3175e-06 
0.14297 1.23 1.57373e-05 
0.14297 1.235 2.90068e-05 
0.14297 1.24 4.31817e-05 
0.14297 1.245 5.52022e-05 
0.14297 1.25 6.00619e-05 
0.14297 1.255 5.32743e-05 
0.14297 1.26 3.72522e-05 
0.14297 1.265 7.957e-06 
0.14297 1.27 3.29056e-08 
0.14497 1.19 1.40605e-10 
0.14497 1.195 1.07153e-09 
0.14497 1.2 6.37089e-09 
0.14497 1.205 3.53287e-08 
0.14497 1.21 1.56674e-07 
0.14497 1.215 5.6341e-07 
0.14497 1.22 1.6656e-06 
0.14497 1.225 4.58799e-06 
0.14497 1.23 1.02229e-05 
0.14497 1.235 1.85097e-05 
0.14497 1.24 3.02732e-05 
0.14497 1.245 4.03229e-05 
0.14497 1.25 4.51844e-05 
0.14497 1.255 4.08567e-05 
0.14497 1.26 3.11541e-05 
0.14497 1.265 6.71777e-06 
0.14497 1.27 6.44137e-08 
0.14697 1.195 4.5343e-10 
0.14697 1.2 2.92564e-09 
0.14697 1.205 1.5655e-08 
0.14697 1.21 7.68308e-08 
0.14697 1.215 3.19583e-07 
0.14697 1.22 1.05125e-06 
0.14697 1.225 2.96273e-06 
0.14697 1.23 6.90666e-06 
0.14697 1.235 1.37585e-05 
0.14697 1.24 2.16624e-05 
0.14697 1.245 2.99246e-05 
0.14697 1.25 3.45499e-05 
0.14697 1.255 3.42639e-05 
0.14697 1.26 2.531e-05 
0.14697 1.265 6.0895e-06 
0.14697 1.27 7.36182e-08 
0.14897 1.195 2.4858e-10 
0.14897 1.2 1.61811e-09 
0.14897 1.205 9.33283e-09 
0.14897 1.21 4.44926e-08 
0.14897 1.215 1.8418e-07 
0.14897 1.22 6.32692e-07 
0.14897 1.225 1.83932e-06 
0.14897 1.23 4.60114e-06 
0.14897 1.235 9.14193e-06 
0.14897 1.24 1.61091e-05 
0.14897 1.245 2.23976e-05 
0.14897 1.25 2.7835e-05 
0.14897 1.255 2.74065e-05 
0.14897 1.26 2.19811e-05 
0.14897 1.265 4.94577e-06 
0.14897 1.27 3.18928e-08 
0.15097 1.195 1.02284e-10 
0.15097 1.2 7.46691e-10 
0.15097 1.205 4.4582e-09 
0.15097 1.21 2.36358e-08 
0.15097 1.215 1.04501e-07 
0.15097 1.22 3.7922e-07 
0.15097 1.225 1.12825e-06 
0.15097 1.23 2.89841e-06 
0.15097 1.235 5.83629e-06 
0.15097 1.24 1.06535e-05 
0.15097 1.245 1.60425e-05 
0.15097 1.25 1.93669e-05 
0.15097 1.255 2.08655e-05 
0.15097 1.26 1.60852e-05 
0.15097 1.265 4.1365e-06 
0.15097 1.27 3.36737e-08 
0.15297 1.2 3.54318e-10 
0.15297 1.205 2.18017e-09 
0.15297 1.21 1.14858e-08 
0.15297 1.215 5.24294e-08 
0.15297 1.22 1.93597e-07 
0.15297 1.225 6.09075e-07 
0.15297 1.23 1.55593e-06 
0.15297 1.235 3.78112e-06 
0.15297 1.24 6.89385e-06 
0.15297 1.245 1.08741e-05 
0.15297 1.25 1.40245e-05 
0.15297 1.255 1.47048e-05 
0.15297 1.26 1.29349e-05 
0.15297 1.265 3.16516e-06 
0.15297 1.27 2.53902e-08 
0.15497 1.2 1.46348e-10 
0.15497 1.205 1.10435e-09 
0.15497 1.21 6.259e-09 
0.15497 1.215 3.02509e-08 
0.15497 1.22 1.24016e-07 
0.15497 1.225 3.84968e-07 
0.15497 1.23 1.07841e-06 
0.15497 1.235 2.52466e-06 
0.15497 1.24 5.19641e-06 
0.15497 1.245 8.22929e-06 
0.15497 1.25 1.15301e-05 
0.15497 1.255 1.27569e-05 
0.15497 1.26 1.11938e-05 
0.15497 1.265 2.72114e-06 
0.15497 1.27 2.72287e-08 
0.15697 1.205 5.42462e-10 
0.15697 1.21 3.11853e-09 
0.15697 1.215 1.54057e-08 
0.15697 1.22 6.31447e-08 
0.15697 1.225 2.13178e-07 
0.15697 1.23 6.18586e-07 
0.15697 1.235 1.43361e-06 
0.15697 1.24 2.90151e-06 
0.15697 1.245 4.95579e-06 
0.15697 1.25 7.00373e-06 
0.15697 1.255 8.2318e-06 
0.15697 1.26 7.13734e-06 
0.15697 1.265 2.34124e-06 
0.15697 1.27 1.39322e-08 
0.15897 1.205 2.39514e-10 
0.15897 1.21 1.46821e-09 
0.15897 1.215 7.49442e-09 
0.15897 1.22 3.08827e-08 
0.15897 1.225 1.10244e-07 
0.15897 1.23 3.28569e-07 
0.15897 1.235 8.86507e-07 
0.15897 1.24 1.85385e-06 
0.15897 1.245 3.22231e-06 
0.15897 1.25 4.73031e-06 
0.15897 1.255 5.60605e-06 
0.15897 1.26 5.36436e-06 
0.15897 1.265 1.57253e-06 
0.15897 1.27 1.24508e-08 
0.16097 1.205 1.13631e-10 
0.16097 1.21 8.02705e-10 
0.16097 1.215 4.2884e-09 
0.16097 1.22 1.91642e-08 
0.16097 1.225 7.08469e-08 
0.16097 1.23 2.16949e-07 
0.16097 1.235 5.64857e-07 
0.16097 1.24 1.26501e-06 
0.16097 1.245 2.27677e-06 
0.16097 1.25 3.4779e-06 
0.16097 1.255 4.35403e-06 
0.16097 1.26 4.406e-06 
0.16097 1.265 1.18771e-06 
0.16097 1.27 1.19734e-08 
0.16297 1.21 3.4335e-10 
0.16297 1.215 1.87875e-09 
0.16297 1.22 8.78811e-09 
0.16297 1.225 3.28526e-08 
0.16297 1.23 1.10101e-07 
0.16297 1.235 3.14682e-07 
0.16297 1.24 6.98965e-07 
0.16297 1.245 1.40352e-06 
0.16297 1.25 2.19642e-06 
0.16297 1.255 2.94951e-06 
0.16297 1.26 2.92747e-06 
0.16297 1.265 9.37046e-07 
0.16297 1.27 9.38922e-09 
0.16497 1.21 1.61335e-10 
0.16497 1.215 9.08669e-10 
0.16497 1.22 4.43717e-09 
0.16497 1.225 1.88309e-08 
0.16497 1.23 6.16236e-08 
0.16497 1.235 1.80719e-07 
0.16497 1.24 4.26626e-07 
0.16497 1.245 8.75003e-07 
0.16497 1.25 1.43861e-06 
0.16497 1.255 1.99935e-06 
0.16497 1.26 2.08881e-06 
0.16497 1.265 6.73637e-07 
0.16497 1.27 4.47001e-09 
0.16697 1.215 4.6224e-10 
0.16697 1.22 2.29467e-09 
0.16697 1.225 9.90126e-09 
0.16697 1.23 3.56862e-08 
0.16697 1.235 1.08292e-07 
0.16697 1.24 2.73834e-07 
0.16697 1.245 5.65034e-07 
0.16697 1.25 9.78339e-07 
0.16697 1.255 1.37824e-06 
0.16697 1.26 1.51768e-06 
0.16697 1.265 5.06874e-07 
0.16697 1.27 6.20597e-09 
0.16897 1.215 2.29271e-10 
0.16897 1.22 1.23303e-09 
0.16897 1.225 5.30543e-09 
0.16897 1.23 1.95821e-08 
0.16897 1.235 6.17524e-08 
0.16897 1.24 1.61887e-07 
0.16897 1.245 3.37242e-07 
0.16897 1.25 6.10627e-07 
0.16897 1.255 9.00236e-07 
0.16897 1.26 1.01927e-06 
0.16897 1.265 3.33289e-07 
0.16897 1.27 4.57214e-09 
0.17097 1.215 1.04989e-10 
0.17097 1.22 5.57387e-10 
0.17097 1.225 2.85244e-09 
0.17097 1.23 1.15452e-08 
0.17097 1.235 3.75171e-08 
0.17097 1.24 1.00619e-07 
0.17097 1.245 2.28192e-07 
0.17097 1.25 4.21086e-07 
0.17097 1.255 6.54731e-07 
0.17097 1.26 7.68551e-07 
0.17097 1.265 2.50012e-07 
0.17097 1.27 4.60636e-09 
0.17297 1.22 3.04789e-10 
0.17297 1.225 1.44924e-09 
0.17297 1.23 5.92356e-09 
0.17297 1.235 2.02538e-08 
0.17297 1.24 5.73161e-08 
0.17297 1.245 1.3614e-07 
0.17297 1.25 2.63727e-07 
0.17297 1.255 4.06371e-07 
0.17297 1.26 4.92982e-07 
0.17297 1.265 1.64425e-07 
0.17297 1.27 1.60092e-09 
0.17497 1.22 1.32315e-10 
0.17497 1.225 7.27938e-10 
0.17497 1.23 3.13103e-09 
0.17497 1.235 1.13417e-08 
0.17497 1.24 3.34018e-08 
0.17497 1.245 7.87929e-08 
0.17497 1.25 1.60558e-07 
0.17497 1.255 2.73764e-07 
0.17497 1.26 3.60327e-07 
0.17497 1.265 1.24907e-07 
0.17497 1.27 1.99064e-09 
0.17697 1.225 2.8882e-10 
0.17697 1.23 1.36021e-09 
0.17697 1.235 4.82818e-09 
0.17697 1.24 1.53087e-08 
0.17697 1.245 3.87241e-08 
0.17697 1.25 7.98556e-08 
0.17697 1.255 1.40348e-07 
0.17697 1.26 1.99077e-07 
0.17697 1.265 7.25222e-08 
0.17697 1.27 1.00811e-09 
0.17897 1.225 1.40419e-10 
0.17897 1.23 6.17151e-10 
0.17897 1.235 2.399e-09 
0.17897 1.24 7.94483e-09 
0.17897 1.245 2.13572e-08 
0.17897 1.25 4.6287e-08 
0.17897 1.255 8.63252e-08 
0.17897 1.26 1.13599e-07 
0.17897 1.265 4.14812e-08 
0.17897 1.27 8.17418e-10 
0.18097 1.23 3.35061e-10 
0.18097 1.235 1.31913e-09 
0.18097 1.24 4.56345e-09 
0.18097 1.245 1.1911e-08 
0.18097 1.25 2.8456e-08 
0.18097 1.255 5.25718e-08 
0.18097 1.26 7.6926e-08 
0.18097 1.265 2.83839e-08 
0.18097 1.27 3.86899e-10 
0.18297 1.23 1.56823e-10 
0.18297 1.235 6.83582e-10 
0.18297 1.24 2.36361e-09 
0.18297 1.245 6.81261e-09 
0.18297 1.25 1.6004e-08 
0.18297 1.255 3.17616e-08 
0.18297 1.26 4.88011e-08 
0.18297 1.265 1.8728e-08 
0.18297 1.27 1.38876e-10 
0.18497 1.235 3.27109e-10 
0.18497 1.24 1.17144e-09 
0.18497 1.245 3.55604e-09 
0.18497 1.25 8.70103e-09 
0.18497 1.255 1.75286e-08 
0.18497 1.26 2.75079e-08 
0.18497 1.265 1.21306e-08 
0.18497 1.27 2.01298e-10 
0.18697 1.235 1.71838e-10 
0.18697 1.24 6.30502e-10 
0.18697 1.245 1.95351e-09 
0.18697 1.25 5.1148e-09 
0.18697 1.255 1.08721e-08 
0.18697 1.26 1.7953e-08 
0.18697 1.265 8.18599e-09 
0.18697 1.27 1.14526e-10 
0.18897 1.24 3.12521e-10 
0.18897 1.245 9.68988e-10 
0.18897 1.25 2.64809e-09 
0.18897 1.255 6.14746e-09 
0.18897 1.26 1.03051e-08 
0.18897 1.265 5.01854e-09 
0.18897 1.27 1.00477e-10 
0.19097 1.24 1.46422e-10 
0.19097 1.245 5.03241e-10 
0.19097 1.25 1.41007e-09 
0.19097 1.255 3.29941e-09 
0.19097 1.26 5.91155e-09 
0.19097 1.265 2.63354e-09 
0.19297 1.245 2.68176e-10 
0.19297 1.25 8.15682e-10 
0.19297 1.255 1.97453e-09 
0.19297 1.26 3.73387e-09 
0.19297 1.265 1.8754e-09 
0.19497 1.245 1.16969e-10 
0.19497 1.25 3.62724e-10 
0.19497 1.255 9.59724e-10 
0.19497 1.26 1.8682e-09 
0.19497 1.265 9.71436e-10 
0.19697 1.25 1.89789e-10 
0.19697 1.255 5.27379e-10 
0.19697 1.26 1.08494e-09 
0.19697 1.265 4.90227e-10 
0.19897 1.255 2.57199e-10 
0.19897 1.26 5.52973e-10 
0.19897 1.265 2.96537e-10 
0.20097 1.255 1.29648e-10 
0.20097 1.26 3.04612e-10 
0.20097 1.265 1.51916e-10 
0.20297 1.26 1.48562e-10 
