#logm logg JPDF
-0.04303 1.145 1.05169e-06 
-0.04103 1.145 7.94999e-06 
-0.03903 1.145 1.65901e-05 
-0.03703 1.145 3.86222e-05 
-0.03503 1.145 0.000159766 
-0.03303 1.145 0.000249831 
-0.03103 1.145 0.000656936 
-0.02903 1.145 0.00099232 
-0.02703 1.145 0.00216496 
-0.02503 1.14 8.60817e-06 
-0.02503 1.145 0.00256966 
-0.02303 1.14 9.90232e-06 
-0.02303 1.145 0.00445 
-0.02103 1.14 0.000200232 
-0.02103 1.145 0.00855877 
-0.01903 1.14 0.000430868 
-0.01903 1.145 0.00596969 
-0.01703 1.14 0.00120388 
-0.01703 1.145 0.014346 
-0.01503 1.14 0.00164037 
-0.01503 1.145 0.013995 
-0.01303 1.14 0.00213632 
-0.01303 1.145 0.0196429 
-0.01103 1.14 0.00278187 
-0.01103 1.145 0.026174 
-0.00902998 1.14 0.0025691 
-0.00902998 1.145 0.0204303 
-0.00703001 1.135 3.13401e-06 
-0.00703001 1.14 0.00331729 
-0.00703001 1.145 0.0347535 
-0.00503001 1.135 7.69137e-07 
-0.00503001 1.14 0.00335287 
-0.00503001 1.145 0.0259019 
-0.00303 1.135 4.02038e-06 
-0.00303 1.14 0.00376929 
-0.00303 1.145 0.0389089 
-0.00103 1.135 1.63605e-06 
-0.00103 1.14 0.00331948 
-0.00103 1.145 0.0379624 
0.000970006 1.135 2.84374e-06 
0.000970006 1.14 0.00389303 
0.000970006 1.145 0.040243 
0.00297001 1.135 7.58366e-06 
0.00297001 1.14 0.00515745 
0.00297001 1.145 0.05431 
0.00497001 1.135 3.31694e-06 
0.00497001 1.14 0.00307387 
0.00497001 1.145 0.034746 
0.00697002 1.135 7.44083e-06 
0.00697002 1.14 0.00493276 
0.00697002 1.145 0.0543728 
0.00896999 1.135 1.84137e-06 
0.00896999 1.14 0.00366336 
0.00896999 1.145 0.0394267 
0.01097 1.135 1.10174e-05 
0.01097 1.14 0.00414464 
0.01097 1.145 0.0480186 
0.01297 1.135 1.13697e-06 
0.01297 1.14 0.00443705 
0.01297 1.145 0.0478613 
0.01497 1.135 5.05971e-06 
0.01497 1.14 0.00257959 
0.01497 1.145 0.0361362 
0.01697 1.135 1.70744e-06 
0.01697 1.14 0.00270136 
0.01697 1.145 0.0425806 
0.01897 1.135 2.36892e-06 
0.01897 1.14 0.00265749 
0.01897 1.145 0.0383182 
0.02097 1.135 1.58724e-06 
0.02097 1.14 0.00223331 
0.02097 1.145 0.0351306 
0.02297 1.135 2.74947e-06 
0.02297 1.14 0.00222758 
0.02297 1.145 0.0320081 
0.02497 1.135 2.06934e-06 
0.02497 1.14 0.00234713 
0.02497 1.145 0.0254886 
0.02697 1.135 1.40655e-06 
0.02697 1.14 0.00138002 
0.02697 1.145 0.0233545 
0.02897 1.135 9.8748e-07 
0.02897 1.14 0.0011107 
0.02897 1.145 0.0202307 
0.03097 1.135 5.83978e-07 
0.03097 1.14 0.000963128 
0.03097 1.145 0.0176432 
0.03297 1.135 8.5506e-07 
0.03297 1.14 0.000971347 
0.03297 1.145 0.0171819 
0.03497 1.135 3.28706e-07 
0.03497 1.14 0.000746595 
0.03497 1.145 0.0120887 
0.03697 1.135 3.64423e-07 
0.03697 1.14 0.000602025 
0.03697 1.145 0.0102174 
0.03897 1.135 6.19027e-07 
0.03897 1.14 0.000466999 
0.03897 1.145 0.0102707 
0.04097 1.135 7.74195e-08 
0.04097 1.14 0.00046134 
0.04097 1.145 0.00652376 
0.04297 1.135 2.65269e-07 
0.04297 1.14 0.000213209 
0.04297 1.145 0.00540368 
0.04497 1.135 2.37265e-08 
0.04497 1.14 0.000179017 
0.04497 1.145 0.00404055 
0.04697 1.135 9.00307e-08 
0.04697 1.14 0.000148997 
0.04697 1.145 0.00247356 
0.04897 1.135 5.79211e-08 
0.04897 1.14 0.000129728 
0.04897 1.145 0.00213316 
0.05097 1.135 2.85592e-08 
0.05097 1.14 6.55345e-05 
0.05097 1.145 0.00157694 
0.05297 1.135 1.44534e-08 
0.05297 1.14 4.54649e-05 
0.05297 1.145 0.00110842 
0.05497 1.135 2.46411e-09 
0.05497 1.14 3.36416e-05 
0.05497 1.145 0.00101492 
0.05697 1.135 3.95071e-09 
0.05697 1.14 1.77032e-05 
0.05697 1.145 0.000560084 
0.05897 1.135 8.97016e-09 
0.05897 1.14 1.17304e-05 
0.05897 1.145 0.000379314 
0.06097 1.135 6.576e-09 
0.06097 1.14 8.60416e-06 
0.06097 1.145 0.000292665 
0.06297 1.135 6.38375e-09 
0.06297 1.14 6.68695e-06 
0.06297 1.145 0.000161826 
0.06497 1.135 5.12792e-10 
0.06497 1.14 3.41501e-06 
0.06497 1.145 0.000128085 
0.06697 1.135 1.69279e-09 
0.06697 1.14 2.69528e-06 
0.06697 1.145 7.85224e-05 
0.06897 1.135 6.68708e-10 
0.06897 1.14 1.18677e-06 
0.06897 1.145 4.28545e-05 
0.07097 1.135 1.96271e-10 
0.07097 1.14 8.79167e-07 
0.07097 1.145 3.19087e-05 
0.07297 1.14 4.93039e-07 
0.07297 1.145 1.70461e-05 
0.07497 1.14 3.60046e-07 
0.07497 1.145 1.23629e-05 
0.07697 1.14 2.18776e-07 
0.07697 1.145 6.28242e-06 
0.07897 1.14 7.82695e-08 
0.07897 1.145 3.70961e-06 
0.08097 1.14 5.1529e-08 
0.08097 1.145 2.32887e-06 
0.08297 1.14 3.22142e-08 
0.08297 1.145 1.12588e-06 
0.08497 1.14 1.40894e-08 
0.08497 1.145 6.33261e-07 
0.08697 1.14 9.81684e-09 
0.08697 1.145 3.88901e-07 
0.08897 1.14 4.33393e-09 
0.08897 1.145 2.06284e-07 
0.09097 1.14 2.1051e-09 
0.09097 1.145 9.23549e-08 
0.09297 1.14 6.9499e-10 
0.09297 1.145 5.03531e-08 
0.09497 1.14 5.06076e-10 
0.09497 1.145 2.84465e-08 
0.09697 1.14 2.54005e-10 
0.09697 1.145 1.18957e-08 
0.09897 1.14 1.37604e-10 
0.09897 1.145 6.38788e-09 
0.10097 1.145 2.88696e-09 
0.10297 1.145 1.34136e-09 
0.10497 1.145 6.97166e-10 
0.10697 1.145 2.8135e-10 
0.10897 1.145 1.38796e-10 
