#logage logr JPDF
9.36 1.684 1.1052e-10 
9.37 1.68 2.11342e-10 
9.37 1.684 2.84057e-10 
9.37 1.688 1.39417e-10 
9.38 1.676 2.14593e-10 
9.38 1.68 5.95629e-10 
9.38 1.684 5.62732e-10 
9.38 1.688 2.59574e-10 
9.39 1.672 1.17053e-10 
9.39 1.676 7.34081e-10 
9.39 1.68 1.55859e-09 
9.39 1.684 1.19247e-09 
9.39 1.688 4.6517e-10 
9.4 1.672 5.49921e-10 
9.4 1.676 2.43967e-09 
9.4 1.68 3.6203e-09 
9.4 1.684 2.31541e-09 
9.4 1.688 6.96445e-10 
9.4 1.692 1.27533e-10 
9.41 1.668 1.28886e-10 
9.41 1.672 2.29735e-09 
9.41 1.676 6.55246e-09 
9.41 1.68 7.85848e-09 
9.41 1.684 4.13592e-09 
9.41 1.688 1.10962e-09 
9.41 1.692 1.78481e-10 
9.42 1.668 9.60126e-10 
9.42 1.672 6.95766e-09 
9.42 1.676 1.66208e-08 
9.42 1.68 1.57223e-08 
9.42 1.684 6.89751e-09 
9.42 1.688 1.70453e-09 
9.42 1.692 2.46401e-10 
9.43 1.668 4.6821e-09 
9.43 1.672 2.01831e-08 
9.43 1.676 3.71866e-08 
9.43 1.68 2.82094e-08 
9.43 1.684 1.13138e-08 
9.43 1.688 2.49757e-09 
9.43 1.692 3.40233e-10 
9.44 1.664 1.08854e-09 
9.44 1.668 1.72156e-08 
9.44 1.672 5.39678e-08 
9.44 1.676 7.55903e-08 
9.44 1.68 4.88361e-08 
9.44 1.684 1.70655e-08 
9.44 1.688 3.52177e-09 
9.44 1.692 4.57359e-10 
9.45 1.664 6.08505e-09 
9.45 1.668 5.30812e-08 
9.45 1.672 1.29022e-07 
9.45 1.676 1.49064e-07 
9.45 1.68 8.02343e-08 
9.45 1.684 2.51527e-08 
9.45 1.688 4.74278e-09 
9.45 1.692 5.81669e-10 
9.46 1.66 6.82609e-10 
9.46 1.664 2.75241e-08 
9.46 1.668 1.42409e-07 
9.46 1.672 2.93421e-07 
9.46 1.676 2.56664e-07 
9.46 1.68 1.26744e-07 
9.46 1.684 3.63665e-08 
9.46 1.688 6.24209e-09 
9.46 1.692 7.21914e-10 
9.47 1.66 7.1429e-09 
9.47 1.664 8.74068e-08 
9.47 1.668 3.50454e-07 
9.47 1.672 5.66224e-07 
9.47 1.676 4.3867e-07 
9.47 1.68 1.90014e-07 
9.47 1.684 4.93869e-08 
9.47 1.688 8.06062e-09 
9.47 1.692 8.5095e-10 
9.48 1.66 3.61356e-08 
9.48 1.664 2.70759e-07 
9.48 1.668 7.91397e-07 
9.48 1.672 1.03259e-06 
9.48 1.676 7.16073e-07 
9.48 1.68 2.77096e-07 
9.48 1.684 6.64395e-08 
9.48 1.688 1.03649e-08 
9.48 1.692 9.85856e-10 
9.49 1.656 4.26197e-09 
9.49 1.66 1.34361e-07 
9.49 1.664 7.28156e-07 
9.49 1.668 1.68405e-06 
9.49 1.672 1.8405e-06 
9.49 1.676 1.1132e-06 
9.49 1.68 3.94557e-07 
9.49 1.684 8.95163e-08 
9.49 1.688 1.25244e-08 
9.49 1.692 1.13337e-09 
9.5 1.656 2.87528e-08 
9.5 1.66 4.20043e-07 
9.5 1.664 1.74776e-06 
9.5 1.668 3.09071e-06 
9.5 1.672 3.06512e-06 
9.5 1.676 1.6131e-06 
9.5 1.68 5.36484e-07 
9.5 1.684 1.13471e-07 
9.5 1.688 1.40999e-08 
9.5 1.692 1.20736e-09 
9.51 1.652 1.28454e-10 
9.51 1.656 1.38886e-07 
9.51 1.66 1.12673e-06 
9.51 1.664 3.77341e-06 
9.51 1.668 5.80738e-06 
9.51 1.672 4.71838e-06 
9.51 1.676 2.32824e-06 
9.51 1.68 7.03372e-07 
9.51 1.684 1.3479e-07 
9.51 1.688 1.65805e-08 
9.51 1.692 1.34927e-09 
9.52 1.652 1.56607e-08 
9.52 1.656 4.75728e-07 
9.52 1.66 2.76724e-06 
9.52 1.664 7.57001e-06 
9.52 1.668 9.82029e-06 
9.52 1.672 7.25455e-06 
9.52 1.676 3.30709e-06 
9.52 1.68 8.93235e-07 
9.52 1.684 1.51638e-07 
9.52 1.688 1.89732e-08 
9.52 1.692 1.46812e-09 
9.53 1.652 9.95806e-08 
9.53 1.656 1.45575e-06 
9.53 1.66 6.47581e-06 
9.53 1.664 1.38667e-05 
9.53 1.668 1.61319e-05 
9.53 1.672 1.02876e-05 
9.53 1.676 4.27593e-06 
9.53 1.68 1.07562e-06 
9.53 1.684 1.8595e-07 
9.53 1.688 2.10765e-08 
9.53 1.692 1.51946e-09 
9.54 1.648 2.64263e-09 
9.54 1.652 4.19186e-07 
9.54 1.656 3.65504e-06 
9.54 1.66 1.36241e-05 
9.54 1.664 2.48419e-05 
9.54 1.668 2.41758e-05 
9.54 1.672 1.44976e-05 
9.54 1.676 5.40405e-06 
9.54 1.68 1.30498e-06 
9.54 1.684 2.184e-07 
9.54 1.688 2.29794e-08 
9.54 1.692 1.57222e-09 
9.55 1.648 5.6198e-08 
9.55 1.652 1.2695e-06 
9.55 1.656 8.70967e-06 
9.55 1.66 2.61421e-05 
9.55 1.664 4.00907e-05 
9.55 1.668 3.63037e-05 
9.55 1.672 1.9857e-05 
9.55 1.676 6.61465e-06 
9.55 1.68 1.57484e-06 
9.55 1.684 2.38709e-07 
9.55 1.688 2.37109e-08 
9.55 1.692 1.52971e-09 
9.56 1.644 1.49593e-09 
9.56 1.648 2.75552e-07 
9.56 1.652 3.76017e-06 
9.56 1.656 1.82728e-05 
9.56 1.66 4.74802e-05 
9.56 1.664 6.33077e-05 
9.56 1.668 5.18176e-05 
9.56 1.672 2.55502e-05 
9.56 1.676 8.58778e-06 
9.56 1.68 1.83492e-06 
9.56 1.684 2.63756e-07 
9.56 1.688 2.50488e-08 
9.56 1.692 1.51952e-09 
9.57 1.644 2.79178e-08 
9.57 1.648 9.19742e-07 
9.57 1.652 9.11418e-06 
9.57 1.656 3.70116e-05 
9.57 1.66 7.80415e-05 
9.57 1.664 9.36968e-05 
9.57 1.668 6.93676e-05 
9.57 1.672 3.16975e-05 
9.57 1.676 1.01192e-05 
9.57 1.68 2.12589e-06 
9.57 1.684 2.89454e-07 
9.57 1.688 2.48692e-08 
9.57 1.692 1.49445e-09 
9.58 1.64 5.06153e-10 
9.58 1.644 1.25855e-07 
9.58 1.648 2.77192e-06 
9.58 1.652 2.0606e-05 
9.58 1.656 7.11165e-05 
9.58 1.66 0.000125554 
9.58 1.664 0.000135867 
9.58 1.668 8.96043e-05 
9.58 1.672 3.96928e-05 
9.58 1.676 1.20362e-05 
9.58 1.68 2.30747e-06 
9.58 1.684 3.08632e-07 
9.58 1.688 2.46231e-08 
9.58 1.692 1.39461e-09 
9.59 1.64 5.36303e-09 
9.59 1.644 4.88673e-07 
9.59 1.648 7.16552e-06 
9.59 1.652 4.35605e-05 
9.59 1.656 0.000117369 
9.59 1.66 0.000199545 
9.59 1.664 0.000187527 
9.59 1.668 0.000117714 
9.59 1.672 4.93682e-05 
9.59 1.676 1.36542e-05 
9.59 1.68 2.58698e-06 
9.59 1.684 3.11463e-07 
9.59 1.688 2.49999e-08 
9.59 1.692 1.24687e-09 
9.6 1.64 4.49471e-08 
9.6 1.644 1.74871e-06 
9.6 1.648 1.79139e-05 
9.6 1.652 8.40592e-05 
9.6 1.656 0.000201409 
9.6 1.66 0.000285469 
9.6 1.664 0.000252716 
9.6 1.668 0.000152653 
9.6 1.672 5.77015e-05 
9.6 1.676 1.58459e-05 
9.6 1.68 2.74927e-06 
9.6 1.684 2.99829e-07 
9.6 1.688 2.51976e-08 
9.6 1.692 1.07698e-09 
9.61 1.636 1.89198e-09 
9.61 1.64 2.36176e-07 
9.61 1.644 4.73736e-06 
9.61 1.648 3.71109e-05 
9.61 1.652 0.000149858 
9.61 1.656 0.000318329 
9.61 1.66 0.000396239 
9.61 1.664 0.000323536 
9.61 1.668 0.000179994 
9.61 1.672 6.81555e-05 
9.61 1.676 1.67625e-05 
9.61 1.68 2.75863e-06 
9.61 1.684 3.07379e-07 
9.61 1.688 2.17319e-08 
9.61 1.692 1.02885e-09 
9.62 1.636 1.13043e-08 
9.62 1.64 8.78357e-07 
9.62 1.644 1.19581e-05 
9.62 1.648 7.70022e-05 
9.62 1.652 0.000259609 
9.62 1.656 0.000483234 
9.62 1.66 0.000546609 
9.62 1.664 0.000416744 
9.62 1.668 0.000214391 
9.62 1.672 7.68485e-05 
9.62 1.676 1.78207e-05 
9.62 1.68 2.79568e-06 
9.62 1.684 2.87641e-07 
9.62 1.688 1.94342e-08 
9.62 1.692 8.54342e-10 
9.63 1.632 4.60057e-10 
9.63 1.636 8.15803e-08 
9.63 1.64 2.72627e-06 
9.63 1.644 2.65354e-05 
9.63 1.648 0.000143344 
9.63 1.652 0.000408778 
9.63 1.656 0.000698454 
9.63 1.66 0.000770183 
9.63 1.664 0.000547147 
9.63 1.668 0.000258914 
9.63 1.672 8.24712e-05 
9.63 1.676 1.8564e-05 
9.63 1.68 2.71911e-06 
9.63 1.684 2.64472e-07 
9.63 1.688 1.63306e-08 
9.63 1.692 7.11181e-10 
9.64 1.632 3.68276e-09 
9.64 1.636 3.32118e-07 
9.64 1.64 6.67243e-06 
9.64 1.644 5.38882e-05 
9.64 1.648 0.000245588 
9.64 1.652 0.00061714 
9.64 1.656 0.000940619 
9.64 1.66 0.000951927 
9.64 1.664 0.000666778 
9.64 1.668 0.000302163 
9.64 1.672 9.25944e-05 
9.64 1.676 1.87362e-05 
9.64 1.68 2.58761e-06 
9.64 1.684 2.38535e-07 
9.64 1.688 1.41915e-08 
9.64 1.692 5.79618e-10 
9.65 1.632 1.69138e-08 
9.65 1.636 1.0838e-06 
9.65 1.64 1.47806e-05 
9.65 1.644 0.000108787 
9.65 1.648 0.000405325 
9.65 1.652 0.000879264 
9.65 1.656 0.00126709 
9.65 1.66 0.00119665 
9.65 1.664 0.000775564 
9.65 1.668 0.000341853 
9.65 1.672 9.90372e-05 
9.65 1.676 1.89161e-05 
9.65 1.68 2.4812e-06 
9.65 1.684 2.10651e-07 
9.65 1.688 1.23939e-08 
9.65 1.692 4.68144e-10 
9.66 1.628 9.47522e-10 
9.66 1.632 9.42661e-08 
9.66 1.636 2.87344e-06 
9.66 1.64 3.29604e-05 
9.66 1.644 0.000190308 
9.66 1.648 0.000635197 
9.66 1.652 0.00120436 
9.66 1.656 0.0015907 
9.66 1.66 0.00142529 
9.66 1.664 0.000857758 
9.66 1.668 0.000359579 
9.66 1.672 9.5049e-05 
9.66 1.676 1.81081e-05 
9.66 1.68 2.25746e-06 
9.66 1.684 1.78337e-07 
9.66 1.688 9.91428e-09 
9.66 1.692 3.77559e-10 
9.67 1.628 5.47949e-09 
9.67 1.632 3.39462e-07 
9.67 1.636 7.38662e-06 
9.67 1.64 6.59157e-05 
9.67 1.644 0.000333425 
9.67 1.648 0.000915125 
9.67 1.652 0.00165897 
9.67 1.656 0.00208954 
9.67 1.66 0.00171742 
9.67 1.664 0.00100247 
9.67 1.668 0.000374256 
9.67 1.672 9.91148e-05 
9.67 1.676 1.74802e-05 
9.67 1.68 1.99418e-06 
9.67 1.684 1.55474e-07 
9.67 1.688 8.12549e-09 
9.67 1.692 2.89718e-10 
9.68 1.624 1.50002e-10 
9.68 1.628 2.13795e-08 
9.68 1.632 9.47498e-07 
9.68 1.636 1.62455e-05 
9.68 1.64 0.000120406 
9.68 1.644 0.000513456 
9.68 1.648 0.00129399 
9.68 1.652 0.00224783 
9.68 1.656 0.00255109 
9.68 1.66 0.00204305 
9.68 1.664 0.00109206 
9.68 1.668 0.00039402 
9.68 1.672 9.63616e-05 
9.68 1.676 1.58249e-05 
9.68 1.68 1.72942e-06 
9.68 1.684 1.33476e-07 
9.68 1.688 6.40561e-09 
9.68 1.692 2.2552e-10 
9.69 1.624 1.18335e-09 
9.69 1.628 9.00818e-08 
9.69 1.632 2.32191e-06 
9.69 1.636 3.07295e-05 
9.69 1.64 0.000209543 
9.69 1.644 0.000759122 
9.69 1.648 0.00181274 
9.69 1.652 0.00287256 
9.69 1.656 0.00315562 
9.69 1.66 0.00233877 
9.69 1.664 0.00118134 
9.69 1.668 0.000401845 
9.69 1.672 9.42062e-05 
9.69 1.676 1.42912e-05 
9.69 1.68 1.52876e-06 
9.69 1.684 1.08091e-07 
9.69 1.688 5.15296e-09 
9.69 1.692 1.70587e-10 
9.7 1.624 4.57467e-09 
9.7 1.628 2.36079e-07 
9.7 1.632 5.84232e-06 
9.7 1.636 6.11851e-05 
9.7 1.64 0.000330371 
9.7 1.644 0.00110345 
9.7 1.648 0.00250798 
9.7 1.652 0.00366335 
9.7 1.656 0.00378804 
9.7 1.66 0.00258659 
9.7 1.664 0.00126429 
9.7 1.668 0.000404413 
9.7 1.672 8.5963e-05 
9.7 1.676 1.25973e-05 
9.7 1.68 1.25797e-06 
9.7 1.684 8.72486e-08 
9.7 1.688 4.15764e-09 
9.7 1.692 1.17498e-10 
9.71 1.62 1.93879e-10 
9.71 1.624 1.54895e-08 
9.71 1.628 6.287e-07 
9.71 1.632 1.24582e-05 
9.71 1.636 0.000101888 
9.71 1.64 0.000519393 
9.71 1.644 0.00156506 
9.71 1.648 0.00318122 
9.71 1.652 0.00453204 
9.71 1.656 0.00427115 
9.71 1.66 0.0027715 
9.71 1.664 0.00121747 
9.71 1.668 0.000376329 
9.71 1.672 7.53345e-05 
9.71 1.676 1.06929e-05 
9.71 1.68 9.85823e-07 
9.71 1.684 6.68573e-08 
9.71 1.688 2.78913e-09 
9.72 1.62 7.63962e-10 
9.72 1.624 5.90578e-08 
9.72 1.628 1.56853e-06 
9.72 1.632 2.41057e-05 
9.72 1.636 0.000168523 
9.72 1.64 0.000743247 
9.72 1.644 0.00213528 
9.72 1.648 0.00400536 
9.72 1.652 0.00526337 
9.72 1.656 0.00474679 
9.72 1.66 0.0029394 
9.72 1.664 0.0012247 
9.72 1.668 0.000344766 
9.72 1.672 6.90791e-05 
9.72 1.676 9.11721e-06 
9.72 1.68 8.3746e-07 
9.72 1.684 5.16597e-08 
9.72 1.688 2.15635e-09 
9.73 1.62 2.95924e-09 
9.73 1.624 1.57525e-07 
9.73 1.628 3.63199e-06 
9.73 1.632 4.27623e-05 
9.73 1.636 0.000267745 
9.73 1.64 0.00105359 
9.73 1.644 0.0028126 
9.73 1.648 0.00499798 
9.73 1.652 0.00613112 
9.73 1.656 0.00519535 
9.73 1.66 0.00310747 
9.73 1.664 0.00118328 
9.73 1.668 0.000329514 
9.73 1.672 5.98242e-05 
9.73 1.676 7.5096e-06 
9.73 1.68 6.75023e-07 
9.73 1.684 3.95034e-08 
9.73 1.688 1.59003e-09 
9.74 1.616 1.55626e-10 
9.74 1.62 1.05802e-08 
9.74 1.624 4.20074e-07 
9.74 1.628 7.19215e-06 
9.74 1.632 6.93355e-05 
9.74 1.636 0.000406774 
9.74 1.64 0.00146394 
9.74 1.644 0.00366683 
9.74 1.648 0.00610187 
9.74 1.652 0.00708861 
9.74 1.656 0.00569186 
9.74 1.66 0.00309068 
9.74 1.664 0.00114046 
9.74 1.668 0.000295966 
9.74 1.672 5.25169e-05 
9.74 1.676 6.30361e-06 
9.74 1.68 5.14661e-07 
9.74 1.684 2.89345e-08 
9.74 1.688 1.09754e-09 
9.75 1.616 4.76485e-10 
9.75 1.62 2.87229e-08 
9.75 1.624 9.08939e-07 
9.75 1.628 1.34728e-05 
9.75 1.632 0.00011532 
9.75 1.636 0.000612796 
9.75 1.64 0.00200888 
9.75 1.644 0.00455627 
9.75 1.648 0.00737413 
9.75 1.652 0.0081629 
9.75 1.656 0.00603696 
9.75 1.66 0.00308189 
9.75 1.664 0.00108615 
9.75 1.668 0.000266518 
9.75 1.672 4.48552e-05 
9.75 1.676 5.15652e-06 
9.75 1.68 3.98349e-07 
9.75 1.684 2.17683e-08 
9.75 1.688 7.56484e-10 
9.76 1.616 1.802e-09 
9.76 1.62 8.40728e-08 
9.76 1.624 2.04333e-06 
9.76 1.628 2.3989e-05 
9.76 1.632 0.000183664 
9.76 1.636 0.000854547 
9.76 1.64 0.00259038 
9.76 1.644 0.00558117 
9.76 1.648 0.00824266 
9.76 1.652 0.00852891 
9.76 1.656 0.00597896 
9.76 1.66 0.00288724 
9.76 1.664 0.000991309 
9.76 1.668 0.000228289 
9.76 1.672 3.70754e-05 
9.76 1.676 4.08523e-06 
9.76 1.68 3.1782e-07 
9.76 1.684 1.58586e-08 
9.76 1.688 5.0882e-10 
9.77 1.616 4.84216e-09 
9.77 1.62 1.92908e-07 
9.77 1.624 3.76486e-06 
9.77 1.628 4.207e-05 
9.77 1.632 0.000266151 
9.77 1.636 0.00111642 
9.77 1.64 0.00327194 
9.77 1.644 0.00648179 
9.77 1.648 0.00914769 
9.77 1.652 0.00897225 
9.77 1.656 0.00581383 
9.77 1.66 0.0027953 
9.77 1.664 0.000903996 
9.77 1.668 0.000201086 
9.77 1.672 3.08394e-05 
9.77 1.676 3.17105e-06 
9.77 1.68 2.33417e-07 
9.77 1.684 1.12193e-08 
9.77 1.688 3.11666e-10 
9.78 1.612 1.87109e-10 
9.78 1.616 1.24603e-08 
9.78 1.62 3.85156e-07 
9.78 1.624 6.63411e-06 
9.78 1.628 6.30301e-05 
9.78 1.632 0.000358237 
9.78 1.636 0.00145413 
9.78 1.64 0.00396456 
9.78 1.644 0.00771964 
9.78 1.648 0.00996319 
9.78 1.652 0.00931758 
9.78 1.656 0.00567075 
9.78 1.66 0.00266014 
9.78 1.664 0.0007835 
9.78 1.668 0.000167246 
9.78 1.672 2.46484e-05 
9.78 1.676 2.49513e-06 
9.78 1.68 1.70173e-07 
9.78 1.684 7.43628e-09 
9.78 1.688 2.0964e-10 
9.79 1.612 5.43466e-10 
9.79 1.616 3.36101e-08 
9.79 1.62 8.22954e-07 
9.79 1.624 1.08464e-05 
9.79 1.628 9.72188e-05 
9.79 1.632 0.000488687 
9.79 1.636 0.00192676 
9.79 1.64 0.00477927 
9.79 1.644 0.00887811 
9.79 1.648 0.0107786 
9.79 1.652 0.00944069 
9.79 1.656 0.00554607 
9.79 1.66 0.00234632 
9.79 1.664 0.000684455 
9.79 1.668 0.00013801 
9.79 1.672 1.94964e-05 
9.79 1.676 1.81549e-06 
9.79 1.68 1.16796e-07 
9.79 1.684 4.96119e-09 
9.79 1.688 1.27964e-10 
9.8 1.612 1.76689e-09 
9.8 1.616 7.15793e-08 
9.8 1.62 1.56706e-06 
9.8 1.624 1.8081e-05 
9.8 1.628 0.000139131 
9.8 1.632 0.000703364 
9.8 1.636 0.0024083 
9.8 1.64 0.00594244 
9.8 1.644 0.00979688 
9.8 1.648 0.0117298 
9.8 1.652 0.00892182 
9.8 1.656 0.0051736 
9.8 1.66 0.00200704 
9.8 1.664 0.000573988 
9.8 1.668 0.000109618 
9.8 1.672 1.45146e-05 
9.8 1.676 1.32482e-06 
9.8 1.68 8.2203e-08 
9.8 1.684 3.12027e-09 
9.81 1.612 4.94404e-09 
9.81 1.616 1.57284e-07 
9.81 1.62 2.727e-06 
9.81 1.624 2.86802e-05 
9.81 1.628 0.000201122 
9.81 1.632 0.000915033 
9.81 1.636 0.00308087 
9.81 1.64 0.00638431 
9.81 1.644 0.0108179 
9.81 1.648 0.0113374 
9.81 1.652 0.00856237 
9.81 1.656 0.00469067 
9.81 1.66 0.0017762 
9.81 1.664 0.000468128 
9.81 1.668 8.6933e-05 
9.81 1.672 1.06956e-05 
9.81 1.676 9.68427e-07 
9.81 1.68 5.41687e-08 
9.81 1.684 1.89398e-09 
9.82 1.608 1.93198e-10 
9.82 1.612 1.17134e-08 
9.82 1.616 3.06542e-07 
9.82 1.62 4.79606e-06 
9.82 1.624 4.05718e-05 
9.82 1.628 0.000268513 
9.82 1.632 0.00115624 
9.82 1.636 0.00338536 
9.82 1.64 0.00725489 
9.82 1.644 0.010625 
9.82 1.648 0.0109316 
9.82 1.652 0.00793153 
9.82 1.656 0.00422345 
9.82 1.66 0.00147348 
9.82 1.664 0.000384735 
9.82 1.668 6.79019e-05 
9.82 1.672 8.06408e-06 
9.82 1.676 6.47344e-07 
9.82 1.68 3.33289e-08 
9.82 1.684 1.01521e-09 
9.83 1.608 5.03388e-10 
9.83 1.612 2.40664e-08 
9.83 1.616 5.08219e-07 
9.83 1.62 6.82416e-06 
9.83 1.624 5.68516e-05 
9.83 1.628 0.000325943 
9.83 1.632 0.00133245 
9.83 1.636 0.00385697 
9.83 1.64 0.00763889 
9.83 1.644 0.0105809 
9.83 1.648 0.0107177 
9.83 1.652 0.00741142 
9.83 1.656 0.00371263 
9.83 1.66 0.00127121 
9.83 1.664 0.000301046 
9.83 1.668 5.06568e-05 
9.83 1.672 5.90603e-06 
9.83 1.676 4.1928e-07 
9.83 1.68 2.07398e-08 
9.83 1.684 5.78515e-10 
9.84 1.608 1.30278e-09 
9.84 1.612 4.75253e-08 
9.84 1.616 8.15737e-07 
9.84 1.62 1.02204e-05 
9.84 1.624 7.5732e-05 
9.84 1.628 0.000415755 
9.84 1.632 0.00155929 
9.84 1.636 0.00434902 
9.84 1.64 0.00801676 
9.84 1.644 0.0105687 
9.84 1.648 0.00997727 
9.84 1.652 0.00660103 
9.84 1.656 0.00314933 
9.84 1.66 0.00102415 
9.84 1.664 0.000233369 
9.84 1.668 3.69182e-05 
9.84 1.672 3.88344e-06 
9.84 1.676 2.85302e-07 
9.84 1.68 1.19425e-08 
9.84 1.684 2.96523e-10 
9.85 1.608 2.92557e-09 
9.85 1.612 7.9637e-08 
9.85 1.616 1.2935e-06 
9.85 1.62 1.40741e-05 
9.85 1.624 0.000105434 
9.85 1.628 0.000518075 
9.85 1.632 0.00183927 
9.85 1.636 0.00471983 
9.85 1.64 0.00841045 
9.85 1.644 0.0102369 
9.85 1.648 0.00927484 
9.85 1.652 0.00585461 
9.85 1.656 0.00262206 
9.85 1.66 0.000829849 
9.85 1.664 0.000169762 
9.85 1.668 2.61645e-05 
9.85 1.672 2.66273e-06 
9.85 1.676 1.82661e-07 
9.85 1.68 7.26511e-09 
9.85 1.684 1.51434e-10 
9.86 1.604 1.39616e-10 
9.86 1.608 6.24409e-09 
9.86 1.612 1.46239e-07 
9.86 1.616 2.04114e-06 
9.86 1.62 1.95132e-05 
9.86 1.624 0.000136715 
9.86 1.628 0.000627525 
9.86 1.632 0.00220006 
9.86 1.636 0.00494184 
9.86 1.64 0.00850482 
9.86 1.644 0.00971347 
9.86 1.648 0.00852472 
9.86 1.652 0.00499665 
9.86 1.656 0.0021279 
9.86 1.66 0.000623878 
9.86 1.664 0.000128146 
9.86 1.668 1.86968e-05 
9.86 1.672 1.83297e-06 
9.86 1.676 1.18071e-07 
9.86 1.68 3.90244e-09 
9.87 1.604 2.97821e-10 
9.87 1.608 1.03044e-08 
9.87 1.612 2.29326e-07 
9.87 1.616 3.21324e-06 
9.87 1.62 2.65976e-05 
9.87 1.624 0.000174403 
9.87 1.628 0.000766926 
9.87 1.632 0.0024085 
9.87 1.636 0.00518115 
9.87 1.64 0.00823268 
9.87 1.644 0.00938728 
9.87 1.648 0.00747092 
9.87 1.652 0.00419312 
9.87 1.656 0.00165808 
9.87 1.66 0.000477205 
9.87 1.664 9.39608e-05 
9.87 1.668 1.28074e-05 
9.87 1.672 1.18025e-06 
9.87 1.676 6.70681e-08 
9.87 1.68 2.18924e-09 
9.88 1.604 6.63441e-10 
9.88 1.608 1.94275e-08 
9.88 1.612 3.53254e-07 
9.88 1.616 4.20704e-06 
9.88 1.62 3.51785e-05 
9.88 1.624 0.000206005 
9.88 1.628 0.000887058 
9.88 1.632 0.00254709 
9.88 1.636 0.00537988 
9.88 1.64 0.00810904 
9.88 1.644 0.00863854 
9.88 1.648 0.00646603 
9.88 1.652 0.00356085 
9.88 1.656 0.00138448 
9.88 1.66 0.000361154 
9.88 1.664 6.56133e-05 
9.88 1.668 8.44621e-06 
9.88 1.672 7.41767e-07 
9.88 1.676 3.72214e-08 
9.88 1.68 9.51942e-10 
9.89 1.604 1.22086e-09 
9.89 1.608 3.26976e-08 
9.89 1.612 5.35315e-07 
9.89 1.616 5.84291e-06 
9.89 1.62 4.48497e-05 
9.89 1.624 0.00025371 
9.89 1.628 0.000971637 
9.89 1.632 0.00277639 
9.89 1.636 0.00525684 
9.89 1.64 0.00762327 
9.89 1.644 0.00780141 
9.89 1.648 0.0055872 
9.89 1.652 0.00293451 
9.89 1.656 0.00108552 
9.89 1.66 0.000270496 
9.89 1.664 4.57636e-05 
9.89 1.668 5.57665e-06 
9.89 1.672 4.27718e-07 
9.89 1.676 1.86014e-08 
9.89 1.68 3.36454e-10 
9.9 1.604 2.2416e-09 
9.9 1.608 4.8556e-08 
9.9 1.612 7.40194e-07 
9.9 1.616 7.73564e-06 
9.9 1.62 5.5154e-05 
9.9 1.624 0.000291996 
9.9 1.628 0.000994799 
9.9 1.632 0.00273886 
9.9 1.636 0.0049997 
9.9 1.64 0.00681848 
9.9 1.644 0.00669821 
9.9 1.648 0.004685 
9.9 1.652 0.00237372 
9.9 1.656 0.000813476 
9.9 1.66 0.000180427 
9.9 1.664 3.11184e-05 
9.9 1.668 3.43775e-06 
9.9 1.672 2.50296e-07 
9.9 1.676 8.94847e-09 
9.9 1.68 1.02829e-10 
9.91 1.6 1.15634e-10 
9.91 1.604 3.71854e-09 
9.91 1.608 8.03558e-08 
9.91 1.612 1.01865e-06 
9.91 1.616 1.03849e-05 
9.91 1.62 6.90131e-05 
9.91 1.624 0.000327754 
9.91 1.628 0.00101954 
9.91 1.632 0.00264139 
9.91 1.636 0.00467483 
9.91 1.64 0.00596137 
9.91 1.644 0.00572782 
9.91 1.648 0.00376574 
9.91 1.652 0.00179186 
9.91 1.656 0.000575216 
9.91 1.66 0.000129843 
9.91 1.664 2.08876e-05 
9.91 1.668 2.24756e-06 
9.91 1.672 1.40692e-07 
9.91 1.676 4.15351e-09 
9.92 1.6 2.45337e-10 
9.92 1.604 6.02361e-09 
9.92 1.608 1.18248e-07 
9.92 1.612 1.44686e-06 
9.92 1.616 1.32607e-05 
9.92 1.62 7.96159e-05 
9.92 1.624 0.000351713 
9.92 1.628 0.00105048 
9.92 1.632 0.0025149 
9.92 1.636 0.00429118 
9.92 1.64 0.00529399 
9.92 1.644 0.0047199 
9.92 1.648 0.00298333 
9.92 1.652 0.00134878 
9.92 1.656 0.000429204 
9.92 1.66 8.97981e-05 
9.92 1.664 1.37265e-05 
9.92 1.668 1.31139e-06 
9.92 1.672 7.22377e-08 
9.92 1.676 1.37329e-09 
9.93 1.6 3.67017e-10 
9.93 1.604 9.57917e-09 
9.93 1.608 1.56711e-07 
9.93 1.612 1.81593e-06 
9.93 1.616 1.46401e-05 
9.93 1.62 8.8609e-05 
9.93 1.624 0.000359573 
9.93 1.628 0.00106158 
9.93 1.632 0.00240916 
9.93 1.636 0.00391809 
9.93 1.64 0.00465082 
9.93 1.644 0.003857 
9.93 1.648 0.00242205 
9.93 1.652 0.00102845 
9.93 1.656 0.000312303 
9.93 1.66 6.54764e-05 
9.93 1.664 9.11293e-06 
9.93 1.668 7.73523e-07 
9.93 1.672 3.42732e-08 
9.93 1.676 3.04e-10 
9.94 1.6 6.21685e-10 
9.94 1.604 1.22896e-08 
9.94 1.608 2.09187e-07 
9.94 1.612 2.13751e-06 
9.94 1.616 1.66949e-05 
9.94 1.62 8.86683e-05 
9.94 1.624 0.00036473 
9.94 1.628 0.00106604 
9.94 1.632 0.00224236 
9.94 1.636 0.00359798 
9.94 1.64 0.00402925 
9.94 1.644 0.0031692 
9.94 1.648 0.00184871 
9.94 1.652 0.000776544 
9.94 1.656 0.000216682 
9.94 1.66 4.38903e-05 
9.94 1.664 5.71345e-06 
9.94 1.668 4.35089e-07 
9.94 1.672 1.40139e-08 
9.95 1.6 8.5788e-10 
9.95 1.604 1.72654e-08 
9.95 1.608 2.46225e-07 
9.95 1.612 2.47615e-06 
9.95 1.616 1.79007e-05 
9.95 1.62 9.66767e-05 
9.95 1.624 0.000373097 
9.95 1.628 0.00103696 
9.95 1.632 0.00213961 
9.95 1.636 0.00319932 
9.95 1.64 0.00338766 
9.95 1.644 0.00256944 
9.95 1.648 0.00142537 
9.95 1.652 0.000566955 
9.95 1.656 0.000152949 
9.95 1.66 2.9269e-05 
9.95 1.664 3.43939e-06 
9.95 1.668 2.22705e-07 
9.95 1.672 4.56129e-09 
9.96 1.6 1.20304e-09 
9.96 1.604 2.35751e-08 
9.96 1.608 3.021e-07 
9.96 1.612 2.88951e-06 
9.96 1.616 2.03983e-05 
9.96 1.62 0.000103249 
9.96 1.624 0.000369113 
9.96 1.628 0.000997933 
9.96 1.632 0.00197561 
9.96 1.636 0.00274861 
9.96 1.64 0.0028133 
9.96 1.644 0.00206275 
9.96 1.648 0.0010484 
9.96 1.652 0.000391075 
9.96 1.656 0.000101787 
9.96 1.66 1.75555e-05 
9.96 1.664 1.83171e-06 
9.96 1.668 9.59272e-08 
9.96 1.672 1.24516e-09 
9.97 1.6 1.67345e-09 
9.97 1.604 3.04167e-08 
9.97 1.608 3.59609e-07 
9.97 1.612 3.29945e-06 
9.97 1.616 2.18957e-05 
9.97 1.62 0.000107413 
9.97 1.624 0.0003661 
9.97 1.628 0.000950567 
9.97 1.632 0.0017726 
9.97 1.636 0.00235133 
9.97 1.64 0.00231332 
9.97 1.644 0.0016116 
9.97 1.648 0.00079826 
9.97 1.652 0.000277814 
9.97 1.656 6.99737e-05 
9.97 1.66 1.0569e-05 
9.97 1.664 8.9406e-07 
9.97 1.668 3.65581e-08 
9.98 1.6 2.18531e-09 
9.98 1.604 3.54803e-08 
9.98 1.608 4.29832e-07 
9.98 1.612 3.71781e-06 
9.98 1.616 2.3681e-05 
9.98 1.62 0.000109991 
9.98 1.624 0.000356747 
9.98 1.628 0.000883218 
9.98 1.632 0.00159483 
9.98 1.636 0.00198675 
9.98 1.64 0.00186869 
9.98 1.644 0.00124218 
9.98 1.648 0.000589633 
9.98 1.652 0.00019722 
9.98 1.656 4.42696e-05 
9.98 1.66 5.8294e-06 
9.98 1.664 4.45242e-07 
9.98 1.668 1.12772e-08 
9.99 1.596 1.31193e-10 
9.99 1.6 2.91017e-09 
9.99 1.604 4.51262e-08 
9.99 1.608 5.40155e-07 
9.99 1.612 4.30691e-06 
9.99 1.616 2.60404e-05 
9.99 1.62 0.00011066 
9.99 1.624 0.000339663 
9.99 1.628 0.000825799 
9.99 1.632 0.00136713 
9.99 1.636 0.00168399 
9.99 1.64 0.00150102 
9.99 1.644 0.000942906 
9.99 1.648 0.000420609 
9.99 1.652 0.000138972 
9.99 1.656 2.93264e-05 
9.99 1.66 3.20118e-06 
9.99 1.664 1.77186e-07 
9.99 1.668 1.54183e-09 
10 1.596 1.8397e-10 
10 1.6 3.69107e-09 
10 1.604 5.61471e-08 
10 1.608 6.05008e-07 
10 1.612 4.76098e-06 
10 1.616 2.60779e-05 
10 1.62 0.000108367 
10 1.624 0.000334564 
10 1.628 0.00072864 
10 1.632 0.00120551 
10 1.636 0.00137689 
10 1.64 0.00117074 
10 1.644 0.000714494 
10 1.648 0.000310308 
10 1.652 9.58952e-05 
10 1.656 1.695e-05 
10 1.66 1.5237e-06 
10 1.664 6.34343e-08 
10.01 1.596 2.48615e-10 
10.01 1.6 4.94213e-09 
10.01 1.604 6.82856e-08 
10.01 1.608 6.86686e-07 
10.01 1.612 5.05131e-06 
10.01 1.616 2.72927e-05 
10.01 1.62 0.000109416 
10.01 1.624 0.000323255 
10.01 1.628 0.000650064 
10.01 1.632 0.000996382 
10.01 1.636 0.00112874 
10.01 1.64 0.000894999 
10.01 1.644 0.000522334 
10.01 1.648 0.000219344 
10.01 1.652 6.02735e-05 
10.01 1.656 9.3655e-06 
10.01 1.66 6.93009e-07 
10.01 1.664 1.49805e-08 
10.02 1.596 3.09825e-10 
10.02 1.6 5.84058e-09 
10.02 1.604 7.93264e-08 
10.02 1.608 7.73597e-07 
10.02 1.612 5.34652e-06 
10.02 1.616 2.7734e-05 
10.02 1.62 0.000106146 
10.02 1.624 0.000287934 
10.02 1.628 0.000564795 
10.02 1.632 0.000823214 
10.02 1.636 0.000871466 
10.02 1.64 0.000687233 
10.02 1.644 0.000371044 
10.02 1.648 0.000144486 
10.02 1.652 3.43079e-05 
10.02 1.656 4.69764e-06 
10.02 1.66 3.01878e-07 
10.02 1.664 1.24255e-09 
10.03 1.596 3.96088e-10 
10.03 1.6 7.25817e-09 
10.03 1.604 9.03973e-08 
10.03 1.608 8.03732e-07 
10.03 1.612 5.81367e-06 
10.03 1.616 2.79171e-05 
10.03 1.62 9.88413e-05 
10.03 1.624 0.000260928 
10.03 1.628 0.0004838 
10.03 1.632 0.000644912 
10.03 1.636 0.000685766 
10.03 1.64 0.000506661 
10.03 1.644 0.000257137 
10.03 1.648 9.26375e-05 
10.03 1.652 1.88207e-05 
10.03 1.656 2.25063e-06 
10.03 1.66 1.06041e-07 
10.04 1.596 5.06298e-10 
10.04 1.6 8.44375e-09 
10.04 1.604 1.05884e-07 
10.04 1.608 9.14807e-07 
10.04 1.612 5.6764e-06 
10.04 1.616 2.82299e-05 
10.04 1.62 9.19943e-05 
10.04 1.624 0.000224841 
10.04 1.628 0.000404971 
10.04 1.632 0.000544956 
10.04 1.636 0.000516591 
10.04 1.64 0.000365325 
10.04 1.644 0.000181523 
10.04 1.648 5.69859e-05 
10.04 1.652 9.56289e-06 
10.04 1.656 1.0695e-06 
10.04 1.66 2.29214e-08 
10.05 1.596 6.55029e-10 
10.05 1.6 1.05288e-08 
10.05 1.604 1.15093e-07 
10.05 1.608 9.67854e-07 
10.05 1.612 5.91228e-06 
10.05 1.616 2.67004e-05 
10.05 1.62 8.19909e-05 
10.05 1.624 0.000195188 
10.05 1.628 0.000344728 
10.05 1.632 0.000431868 
10.05 1.636 0.00039837 
10.05 1.64 0.000266493 
10.05 1.644 0.000121304 
10.05 1.648 3.40783e-05 
10.05 1.652 5.32936e-06 
10.05 1.656 4.38691e-07 
10.05 1.66 2.57808e-09 
10.06 1.596 7.7772e-10 
10.06 1.6 1.15763e-08 
10.06 1.604 1.27574e-07 
10.06 1.608 9.90514e-07 
10.06 1.612 5.57005e-06 
10.06 1.616 2.44788e-05 
10.06 1.62 7.71146e-05 
10.06 1.624 0.000164586 
10.06 1.628 0.000276304 
10.06 1.632 0.000347235 
10.06 1.636 0.000302164 
10.06 1.64 0.000185941 
10.06 1.644 7.87957e-05 
10.06 1.648 1.87621e-05 
10.06 1.652 2.78742e-06 
10.06 1.656 1.33798e-07 
10.07 1.596 9.6417e-10 
10.07 1.6 1.30171e-08 
10.07 1.604 1.38318e-07 
10.07 1.608 1.03387e-06 
10.07 1.612 5.5845e-06 
10.07 1.616 2.18389e-05 
10.07 1.62 6.5444e-05 
10.07 1.624 0.000145169 
10.07 1.628 0.000229893 
10.07 1.632 0.000258125 
10.07 1.636 0.000221165 
10.07 1.64 0.00013041 
10.07 1.644 4.89986e-05 
10.07 1.648 9.5352e-06 
10.07 1.652 1.22606e-06 
10.07 1.656 3.36588e-08 
10.08 1.596 1.11388e-09 
10.08 1.6 1.50064e-08 
10.08 1.604 1.40788e-07 
10.08 1.608 1.02036e-06 
10.08 1.612 5.42109e-06 
10.08 1.616 2.04937e-05 
10.08 1.62 5.80008e-05 
10.08 1.624 0.000118668 
10.08 1.628 0.000171656 
10.08 1.632 0.00018026 
10.08 1.636 0.0001468 
10.08 1.64 8.19781e-05 
10.08 1.644 2.70949e-05 
10.08 1.648 5.47409e-06 
10.08 1.652 4.93111e-07 
10.09 1.596 1.27881e-09 
10.09 1.6 1.60039e-08 
10.09 1.604 1.42882e-07 
10.09 1.608 1.00366e-06 
10.09 1.612 5.14119e-06 
10.09 1.616 1.81821e-05 
10.09 1.62 4.80221e-05 
10.09 1.624 9.54691e-05 
10.09 1.628 0.000125298 
10.09 1.632 0.000121942 
10.09 1.636 9.32517e-05 
10.09 1.64 5.14604e-05 
10.09 1.644 1.53185e-05 
10.09 1.648 2.4622e-06 
10.09 1.652 1.44277e-07 
10.1 1.596 1.36772e-09 
10.1 1.6 1.71393e-08 
10.1 1.604 1.47793e-07 
10.1 1.608 9.49314e-07 
10.1 1.612 4.56987e-06 
10.1 1.616 1.62358e-05 
10.1 1.62 3.96576e-05 
10.1 1.624 7.06894e-05 
10.1 1.628 8.96233e-05 
10.1 1.632 8.70467e-05 
10.1 1.636 6.10102e-05 
10.1 1.64 2.90579e-05 
10.1 1.644 7.31019e-06 
10.1 1.648 1.11289e-06 
10.1 1.652 2.38751e-08 
10.11 1.592 1.01227e-10 
10.11 1.596 1.60398e-09 
10.11 1.6 1.7955e-08 
10.11 1.604 1.52005e-07 
10.11 1.608 8.587e-07 
10.11 1.612 4.00465e-06 
10.11 1.616 1.35574e-05 
10.11 1.62 3.27108e-05 
10.11 1.624 5.34776e-05 
10.11 1.628 6.46309e-05 
10.11 1.632 5.837e-05 
10.11 1.636 3.97838e-05 
10.11 1.64 1.65071e-05 
10.11 1.644 3.58359e-06 
10.11 1.648 4.10727e-07 
10.12 1.592 1.06839e-10 
10.12 1.596 1.58711e-09 
10.12 1.6 1.76604e-08 
10.12 1.604 1.44036e-07 
10.12 1.608 7.96731e-07 
10.12 1.612 3.4084e-06 
10.12 1.616 1.10693e-05 
10.12 1.62 2.60736e-05 
10.12 1.624 4.12179e-05 
10.12 1.628 4.5765e-05 
10.12 1.632 4.02883e-05 
10.12 1.636 2.46034e-05 
10.12 1.64 7.83648e-06 
10.12 1.644 1.64767e-06 
10.12 1.648 8.53094e-08 
10.13 1.596 1.36938e-09 
10.13 1.6 1.37735e-08 
10.13 1.604 1.14805e-07 
10.13 1.608 6.28663e-07 
10.13 1.612 2.4462e-06 
10.13 1.616 7.6415e-06 
10.13 1.62 1.67441e-05 
10.13 1.624 2.75825e-05 
10.13 1.628 3.39365e-05 
10.13 1.632 2.76489e-05 
10.13 1.636 1.43189e-05 
10.13 1.64 3.99583e-06 
10.13 1.644 5.84631e-07 
10.13 1.648 1.11162e-08 
10.14 1.592 1.1123e-10 
10.14 1.596 1.44658e-09 
10.14 1.6 1.38842e-08 
10.14 1.604 9.95149e-08 
10.14 1.608 5.49413e-07 
10.14 1.612 2.12008e-06 
10.14 1.616 6.14372e-06 
10.14 1.62 1.32247e-05 
10.14 1.624 2.11023e-05 
10.14 1.628 2.35665e-05 
10.14 1.632 1.77637e-05 
10.14 1.636 8.12047e-06 
10.14 1.64 2.03851e-06 
10.14 1.644 2.95796e-07 
