#logage logr JPDF
9.31 1.68 1.75386e-10 
9.32 1.676 3.45914e-10 
9.32 1.68 3.97072e-10 
9.32 1.684 1.60623e-10 
9.33 1.672 2.23345e-10 
9.33 1.676 1.05969e-09 
9.33 1.68 8.30404e-10 
9.33 1.684 2.71634e-10 
9.34 1.672 1.41057e-09 
9.34 1.676 2.67579e-09 
9.34 1.68 1.52577e-09 
9.34 1.684 4.54412e-10 
9.35 1.668 5.90095e-10 
9.35 1.672 4.81858e-09 
9.35 1.676 5.47631e-09 
9.35 1.68 2.73707e-09 
9.35 1.684 7.68034e-10 
9.35 1.688 1.31587e-10 
9.36 1.668 4.23136e-09 
9.36 1.672 1.29393e-08 
9.36 1.676 1.06377e-08 
9.36 1.68 4.59411e-09 
9.36 1.684 1.15544e-09 
9.36 1.688 1.71663e-10 
9.37 1.668 1.67072e-08 
9.37 1.672 2.76869e-08 
9.37 1.676 1.8958e-08 
9.37 1.68 7.31696e-09 
9.37 1.684 1.68647e-09 
9.37 1.688 2.37111e-10 
9.38 1.664 6.6553e-09 
9.38 1.668 4.40655e-08 
9.38 1.672 5.41567e-08 
9.38 1.676 3.16341e-08 
9.38 1.68 1.10401e-08 
9.38 1.684 2.38032e-09 
9.38 1.688 3.30041e-10 
9.39 1.664 3.72224e-08 
9.39 1.668 1.02189e-07 
9.39 1.672 9.73735e-08 
9.39 1.676 5.16416e-08 
9.39 1.68 1.66957e-08 
9.39 1.684 3.34338e-09 
9.39 1.688 4.53324e-10 
9.4 1.66 7.79676e-09 
9.4 1.664 1.16687e-07 
9.4 1.668 2.13095e-07 
9.4 1.672 1.76727e-07 
9.4 1.676 8.26274e-08 
9.4 1.68 2.41689e-08 
9.4 1.684 4.6406e-09 
9.4 1.688 5.68203e-10 
9.41 1.66 6.17996e-08 
9.41 1.664 2.90509e-07 
9.41 1.668 4.01726e-07 
9.41 1.672 2.98715e-07 
9.41 1.676 1.25258e-07 
9.41 1.68 3.47613e-08 
9.41 1.684 6.01382e-09 
9.41 1.688 7.17648e-10 
9.42 1.66 2.40857e-07 
9.42 1.664 6.38955e-07 
9.42 1.668 7.13618e-07 
9.42 1.672 4.69766e-07 
9.42 1.676 1.87872e-07 
9.42 1.68 4.83194e-08 
9.42 1.684 7.7256e-09 
9.42 1.688 8.52165e-10 
9.43 1.656 5.80128e-08 
9.43 1.66 6.37018e-07 
9.43 1.664 1.26431e-06 
9.43 1.668 1.2315e-06 
9.43 1.672 7.41514e-07 
9.43 1.676 2.5927e-07 
9.43 1.68 6.5111e-08 
9.43 1.684 1.01248e-08 
9.43 1.688 9.69502e-10 
9.44 1.656 3.22443e-07 
9.44 1.66 1.48548e-06 
9.44 1.664 2.25485e-06 
9.44 1.668 1.98071e-06 
9.44 1.672 1.09788e-06 
9.44 1.676 3.63593e-07 
9.44 1.68 8.27062e-08 
9.44 1.684 1.17814e-08 
9.44 1.688 1.14301e-09 
9.45 1.652 3.10394e-08 
9.45 1.656 9.9954e-07 
9.45 1.66 2.95451e-06 
9.45 1.664 4.0246e-06 
9.45 1.668 3.18968e-06 
9.45 1.672 1.54933e-06 
9.45 1.676 5.11463e-07 
9.45 1.68 1.04642e-07 
9.45 1.684 1.41631e-08 
9.45 1.688 1.22838e-09 
9.46 1.652 2.99974e-07 
9.46 1.656 2.49237e-06 
9.46 1.66 5.67135e-06 
9.46 1.664 6.72995e-06 
9.46 1.668 4.66137e-06 
9.46 1.672 2.19543e-06 
9.46 1.676 6.61112e-07 
9.46 1.68 1.27566e-07 
9.46 1.684 1.59714e-08 
9.46 1.688 1.40589e-09 
9.47 1.652 1.22367e-06 
9.47 1.656 5.48088e-06 
9.47 1.66 1.03754e-05 
9.47 1.664 1.05785e-05 
9.47 1.668 7.05989e-06 
9.47 1.672 3.01346e-06 
9.47 1.676 8.52912e-07 
9.47 1.68 1.53526e-07 
9.47 1.684 1.91957e-08 
9.47 1.688 1.48888e-09 
9.48 1.648 1.92206e-07 
9.48 1.652 3.55626e-06 
9.48 1.656 1.09795e-05 
9.48 1.66 1.79823e-05 
9.48 1.664 1.64045e-05 
9.48 1.668 1.04005e-05 
9.48 1.672 4.09638e-06 
9.48 1.676 1.08471e-06 
9.48 1.68 1.86301e-07 
9.48 1.684 2.19146e-08 
9.48 1.688 1.67686e-09 
9.49 1.648 1.19594e-06 
9.49 1.652 8.01503e-06 
9.49 1.656 2.03416e-05 
9.49 1.66 2.88987e-05 
9.49 1.664 2.43579e-05 
9.49 1.668 1.43586e-05 
9.49 1.672 5.25191e-06 
9.49 1.676 1.31103e-06 
9.49 1.68 2.06287e-07 
9.49 1.684 2.40149e-08 
9.49 1.688 1.64801e-09 
9.5 1.644 8.30711e-08 
9.5 1.648 3.96868e-06 
9.5 1.652 1.66629e-05 
9.5 1.656 3.628e-05 
9.5 1.66 4.46743e-05 
9.5 1.664 3.64e-05 
9.5 1.668 1.89923e-05 
9.5 1.672 6.80419e-06 
9.5 1.676 1.53856e-06 
9.5 1.68 2.37229e-07 
9.5 1.684 2.50342e-08 
9.5 1.688 1.6883e-09 
9.51 1.644 7.1583e-07 
9.51 1.648 9.08711e-06 
9.51 1.652 3.13323e-05 
9.51 1.656 6.00195e-05 
9.51 1.66 6.82949e-05 
9.51 1.664 5.13817e-05 
9.51 1.668 2.53739e-05 
9.51 1.672 8.12888e-06 
9.51 1.676 1.80643e-06 
9.51 1.68 2.60503e-07 
9.51 1.684 2.53627e-08 
9.51 1.688 1.66695e-09 
9.52 1.644 2.93077e-06 
9.52 1.648 1.94782e-05 
9.52 1.652 5.81288e-05 
9.52 1.656 9.56223e-05 
9.52 1.66 9.91064e-05 
9.52 1.664 6.9056e-05 
9.52 1.668 3.19929e-05 
9.52 1.672 9.90124e-06 
9.52 1.676 2.02177e-06 
9.52 1.68 2.84687e-07 
9.52 1.684 2.61412e-08 
9.52 1.688 1.67932e-09 
9.53 1.64 2.51565e-07 
9.53 1.644 7.95825e-06 
9.53 1.648 3.86934e-05 
9.53 1.652 9.52286e-05 
9.53 1.656 0.000143157 
9.53 1.66 0.000143792 
9.53 1.664 9.19079e-05 
9.53 1.668 3.94194e-05 
9.53 1.672 1.15646e-05 
9.53 1.676 2.26285e-06 
9.53 1.68 2.99183e-07 
9.53 1.684 2.60198e-08 
9.53 1.688 1.62324e-09 
9.54 1.64 1.68958e-06 
9.54 1.644 1.90427e-05 
9.54 1.648 6.93455e-05 
9.54 1.652 0.000156068 
9.54 1.656 0.000216741 
9.54 1.66 0.000194925 
9.54 1.664 0.0001196 
9.54 1.668 4.75356e-05 
9.54 1.672 1.30193e-05 
9.54 1.676 2.41144e-06 
9.54 1.68 3.04646e-07 
9.54 1.684 2.55732e-08 
9.54 1.688 1.473e-09 
9.55 1.636 4.47122e-08 
9.55 1.64 6.11803e-06 
9.55 1.644 3.81189e-05 
9.55 1.648 0.000122921 
9.55 1.652 0.000243114 
9.55 1.656 0.0003028 
9.55 1.66 0.000264356 
9.55 1.664 0.000145627 
9.55 1.668 5.65918e-05 
9.55 1.672 1.47715e-05 
9.55 1.676 2.60831e-06 
9.55 1.68 3.113e-07 
9.55 1.684 2.5179e-08 
9.55 1.688 1.33907e-09 
9.56 1.636 7.24977e-07 
9.56 1.64 1.32743e-05 
9.56 1.644 7.1605e-05 
9.56 1.648 0.00020403 
9.56 1.652 0.000355594 
9.56 1.656 0.000436343 
9.56 1.66 0.000340384 
9.56 1.664 0.000185469 
9.56 1.668 6.65227e-05 
9.56 1.672 1.60215e-05 
9.56 1.676 2.71207e-06 
9.56 1.68 3.10419e-07 
9.56 1.684 2.34489e-08 
9.56 1.688 1.16039e-09 
9.57 1.636 2.69421e-06 
9.57 1.64 2.89356e-05 
9.57 1.644 0.000121574 
9.57 1.648 0.000316073 
9.57 1.652 0.000513267 
9.57 1.656 0.000594864 
9.57 1.66 0.000431247 
9.57 1.664 0.000214707 
9.57 1.668 7.4404e-05 
9.57 1.672 1.75818e-05 
9.57 1.676 2.78355e-06 
9.57 1.68 2.96438e-07 
9.57 1.684 2.09133e-08 
9.57 1.688 9.76609e-10 
9.58 1.632 1.45986e-07 
9.58 1.636 7.99042e-06 
9.58 1.64 5.39546e-05 
9.58 1.644 0.000194845 
9.58 1.648 0.000470834 
9.58 1.652 0.000737065 
9.58 1.656 0.000764931 
9.58 1.66 0.000531348 
9.58 1.664 0.000251253 
9.58 1.668 8.19757e-05 
9.58 1.672 1.79425e-05 
9.58 1.676 2.6631e-06 
9.58 1.68 2.73344e-07 
9.58 1.684 1.89734e-08 
9.58 1.688 8.60786e-10 
9.59 1.632 9.12027e-07 
9.59 1.636 1.54521e-05 
9.59 1.64 8.84977e-05 
9.59 1.644 0.000310664 
9.59 1.648 0.000687311 
9.59 1.652 0.000982487 
9.59 1.656 0.000966711 
9.59 1.66 0.000612054 
9.59 1.664 0.000278369 
9.59 1.668 8.58158e-05 
9.59 1.672 1.81257e-05 
9.59 1.676 2.44393e-06 
9.59 1.68 2.45057e-07 
9.59 1.684 1.64495e-08 
9.59 1.688 6.67144e-10 
9.6 1.632 3.41442e-06 
9.6 1.636 3.13803e-05 
9.6 1.64 0.000158632 
9.6 1.644 0.000478437 
9.6 1.648 0.000982989 
9.6 1.652 0.00130659 
9.6 1.656 0.00118977 
9.6 1.66 0.00073318 
9.6 1.664 0.000309898 
9.6 1.668 9.24539e-05 
9.6 1.672 1.81344e-05 
9.6 1.676 2.3773e-06 
9.6 1.68 2.28139e-07 
9.6 1.684 1.39617e-08 
9.6 1.688 5.8484e-10 
9.61 1.628 2.43025e-07 
9.61 1.632 7.29536e-06 
9.61 1.636 5.57762e-05 
9.61 1.64 0.000250571 
9.61 1.644 0.000721997 
9.61 1.648 0.00133939 
9.61 1.652 0.00169712 
9.61 1.656 0.00143242 
9.61 1.66 0.000841213 
9.61 1.664 0.00034483 
9.61 1.668 9.3431e-05 
9.61 1.672 1.72436e-05 
9.61 1.676 2.19362e-06 
9.61 1.68 2.00564e-07 
9.61 1.684 1.19074e-08 
9.61 1.688 4.57602e-10 
9.62 1.628 8.37523e-07 
9.62 1.632 1.54088e-05 
9.62 1.636 9.73843e-05 
9.62 1.64 0.000394656 
9.62 1.644 0.00102872 
9.62 1.648 0.00183585 
9.62 1.652 0.00212337 
9.62 1.656 0.00167945 
9.62 1.66 0.000952655 
9.62 1.664 0.00035785 
9.62 1.668 9.50704e-05 
9.62 1.672 1.71717e-05 
9.62 1.676 2.05669e-06 
9.62 1.68 1.63439e-07 
9.62 1.684 9.45968e-09 
9.62 1.688 3.62963e-10 
9.63 1.624 2.83005e-08 
9.63 1.628 2.67647e-06 
9.63 1.632 2.86193e-05 
9.63 1.636 0.000162534 
9.63 1.64 0.000589659 
9.63 1.644 0.00146137 
9.63 1.648 0.00233162 
9.63 1.652 0.00254419 
9.63 1.656 0.00194132 
9.63 1.66 0.00103951 
9.63 1.664 0.000374073 
9.63 1.668 9.03188e-05 
9.63 1.672 1.55252e-05 
9.63 1.676 1.79639e-06 
9.63 1.68 1.3934e-07 
9.63 1.684 7.68017e-09 
9.63 1.688 2.72643e-10 
9.64 1.624 2.0539e-07 
9.64 1.628 5.41027e-06 
9.64 1.632 5.07737e-05 
9.64 1.636 0.000259889 
9.64 1.64 0.000854223 
9.64 1.644 0.00196128 
9.64 1.648 0.00295728 
9.64 1.652 0.00312867 
9.64 1.656 0.00221447 
9.64 1.66 0.00110237 
9.64 1.664 0.000373138 
9.64 1.668 9.07693e-05 
9.64 1.672 1.48758e-05 
9.64 1.676 1.68678e-06 
9.64 1.68 1.21597e-07 
9.64 1.684 5.77183e-09 
9.64 1.688 1.92469e-10 
9.65 1.624 7.30263e-07 
9.65 1.628 1.11155e-05 
9.65 1.632 8.45517e-05 
9.65 1.636 0.000396643 
9.65 1.64 0.00124478 
9.65 1.644 0.00263742 
9.65 1.648 0.00362027 
9.65 1.652 0.0036299 
9.65 1.656 0.00248873 
9.65 1.66 0.00118612 
9.65 1.664 0.000370917 
9.65 1.668 8.44459e-05 
9.65 1.672 1.32668e-05 
9.65 1.676 1.3946e-06 
9.65 1.68 1.01542e-07 
9.65 1.684 4.56472e-09 
9.65 1.688 1.39775e-10 
9.66 1.62 4.15539e-08 
9.66 1.624 1.57933e-06 
9.66 1.628 2.01828e-05 
9.66 1.632 0.000137951 
9.66 1.636 0.000583777 
9.66 1.64 0.00169512 
9.66 1.644 0.0033006 
9.66 1.648 0.00441613 
9.66 1.652 0.00411491 
9.66 1.656 0.00268858 
9.66 1.66 0.00116576 
9.66 1.664 0.000369687 
9.66 1.668 7.82827e-05 
9.66 1.672 1.16424e-05 
9.66 1.676 1.15587e-06 
9.66 1.68 8.04367e-08 
9.66 1.684 3.64504e-09 
9.67 1.62 1.33034e-07 
9.67 1.624 3.43882e-06 
9.67 1.628 3.37237e-05 
9.67 1.632 0.000217423 
9.67 1.636 0.000844374 
9.67 1.64 0.00229385 
9.67 1.644 0.00410781 
9.67 1.648 0.00521647 
9.67 1.652 0.00459821 
9.67 1.656 0.0027892 
9.67 1.66 0.00118754 
9.67 1.664 0.000352562 
9.67 1.668 7.18018e-05 
9.67 1.672 9.85322e-06 
9.67 1.676 9.37065e-07 
9.67 1.68 6.10893e-08 
9.67 1.684 2.62327e-09 
9.68 1.616 4.48545e-09 
9.68 1.62 3.8894e-07 
9.68 1.624 6.96985e-06 
9.68 1.628 6.02885e-05 
9.68 1.632 0.000331451 
9.68 1.636 0.00121639 
9.68 1.64 0.00290913 
9.68 1.644 0.00500491 
9.68 1.648 0.00599948 
9.68 1.652 0.00502709 
9.68 1.656 0.00289258 
9.68 1.66 0.00114075 
9.68 1.664 0.000319904 
9.68 1.668 6.32039e-05 
9.68 1.672 8.35163e-06 
9.68 1.676 7.56035e-07 
9.68 1.68 4.8012e-08 
9.68 1.684 1.82914e-09 
9.69 1.616 2.19297e-08 
9.69 1.62 9.35257e-07 
9.69 1.624 1.23468e-05 
9.69 1.628 9.52712e-05 
9.69 1.632 0.000472188 
9.69 1.636 0.00167135 
9.69 1.64 0.00367831 
9.69 1.644 0.00594719 
9.69 1.648 0.00685368 
9.69 1.652 0.00531318 
9.69 1.656 0.00285226 
9.69 1.66 0.0010869 
9.69 1.664 0.00029355 
9.69 1.668 5.54026e-05 
9.69 1.672 6.87176e-06 
9.69 1.676 6.04224e-07 
9.69 1.68 3.42057e-08 
9.69 1.684 1.19119e-09 
9.7 1.616 7.9326e-08 
9.7 1.62 1.80455e-06 
9.7 1.624 1.88642e-05 
9.7 1.628 0.000148805 
9.7 1.632 0.000661995 
9.7 1.636 0.00205262 
9.7 1.64 0.00450032 
9.7 1.644 0.0068733 
9.7 1.648 0.00726697 
9.7 1.652 0.00538032 
9.7 1.656 0.00286079 
9.7 1.66 0.0010028 
9.7 1.664 0.000257396 
9.7 1.668 4.57328e-05 
9.7 1.672 5.36816e-06 
9.7 1.676 4.61801e-07 
9.7 1.68 2.44486e-08 
9.7 1.684 7.38667e-10 
9.71 1.612 1.71998e-09 
9.71 1.616 1.9606e-07 
9.71 1.62 3.37667e-06 
9.71 1.624 3.15538e-05 
9.71 1.628 0.000206824 
9.71 1.632 0.000903883 
9.71 1.636 0.0026199 
9.71 1.64 0.00541011 
9.71 1.644 0.00779969 
9.71 1.648 0.00799068 
9.71 1.652 0.00552983 
9.71 1.656 0.00263762 
9.71 1.66 0.000938824 
9.71 1.664 0.000226999 
9.71 1.668 3.70641e-05 
9.71 1.672 4.39373e-06 
9.71 1.676 3.4548e-07 
9.71 1.68 1.67113e-08 
9.71 1.684 4.29407e-10 
9.72 1.612 9.0915e-09 
9.72 1.616 3.88749e-07 
9.72 1.62 5.86439e-06 
9.72 1.624 4.96554e-05 
9.72 1.628 0.000283385 
9.72 1.632 0.00125296 
9.72 1.636 0.00326703 
9.72 1.64 0.00638172 
9.72 1.644 0.008748 
9.72 1.648 0.00839033 
9.72 1.652 0.00562627 
9.72 1.656 0.00251075 
9.72 1.66 0.000838417 
9.72 1.664 0.000193151 
9.72 1.668 3.07728e-05 
9.72 1.672 3.51186e-06 
9.72 1.676 2.59075e-07 
9.72 1.68 1.12188e-08 
9.72 1.684 2.3343e-10 
9.73 1.608 1.78233e-10 
9.73 1.612 2.76119e-08 
9.73 1.616 7.40831e-07 
9.73 1.62 9.30266e-06 
9.73 1.624 7.33991e-05 
9.73 1.628 0.000386541 
9.73 1.632 0.00163633 
9.73 1.636 0.00393264 
9.73 1.64 0.00705083 
9.73 1.644 0.0098591 
9.73 1.648 0.00849325 
9.73 1.652 0.00528233 
9.73 1.656 0.0023869 
9.73 1.66 0.000751358 
9.73 1.664 0.000167788 
9.73 1.668 2.64084e-05 
9.73 1.672 2.75025e-06 
9.73 1.676 1.79603e-07 
9.73 1.68 6.23696e-09 
9.73 1.684 1.16793e-10 
9.74 1.608 1.02918e-09 
9.74 1.612 6.20747e-08 
9.74 1.616 1.29959e-06 
9.74 1.62 1.40585e-05 
9.74 1.624 0.000105467 
9.74 1.628 0.000525247 
9.74 1.632 0.00190925 
9.74 1.636 0.00464289 
9.74 1.64 0.00789594 
9.74 1.644 0.00993004 
9.74 1.648 0.00842972 
9.74 1.652 0.00508405 
9.74 1.656 0.00221464 
9.74 1.66 0.000648593 
9.74 1.664 0.000142115 
9.74 1.668 2.10175e-05 
9.74 1.672 2.07489e-06 
9.74 1.676 1.18369e-07 
9.74 1.68 3.60871e-09 
9.75 1.608 3.6447e-09 
9.75 1.612 1.33635e-07 
9.75 1.616 2.15813e-06 
9.75 1.62 2.22577e-05 
9.75 1.624 0.0001449 
9.75 1.628 0.000681372 
9.75 1.632 0.0023527 
9.75 1.636 0.0054549 
9.75 1.64 0.00887399 
9.75 1.644 0.0100681 
9.75 1.648 0.00837851 
9.75 1.652 0.00479162 
9.75 1.656 0.00190511 
9.75 1.66 0.000562551 
9.75 1.664 0.000110145 
9.75 1.668 1.59934e-05 
9.75 1.672 1.47183e-06 
9.75 1.676 7.95994e-08 
9.75 1.68 2.01854e-09 
9.76 1.608 8.72216e-09 
9.76 1.612 2.40907e-07 
9.76 1.616 3.43801e-06 
9.76 1.62 3.17803e-05 
9.76 1.624 0.000198335 
9.76 1.628 0.000866013 
9.76 1.632 0.00286147 
9.76 1.636 0.00632344 
9.76 1.64 0.00937971 
9.76 1.644 0.0102633 
9.76 1.648 0.00802409 
9.76 1.652 0.00437232 
9.76 1.656 0.00170335 
9.76 1.66 0.00045768 
9.76 1.664 9.01183e-05 
9.76 1.668 1.21718e-05 
9.76 1.672 9.75725e-07 
9.76 1.676 4.47937e-08 
9.76 1.68 1.03215e-09 
9.77 1.604 3.45547e-10 
9.77 1.608 1.86833e-08 
9.77 1.612 4.09777e-07 
9.77 1.616 5.40988e-06 
9.77 1.62 4.44951e-05 
9.77 1.624 0.000264283 
9.77 1.628 0.00111914 
9.77 1.632 0.00327745 
9.77 1.636 0.00717239 
9.77 1.64 0.0101301 
9.77 1.644 0.00995818 
9.77 1.648 0.00758345 
9.77 1.652 0.00395621 
9.77 1.656 0.00145117 
9.77 1.66 0.000381126 
9.77 1.664 7.08458e-05 
9.77 1.668 8.94021e-06 
9.77 1.672 6.3063e-07 
9.77 1.676 2.68734e-08 
9.77 1.68 5.22076e-10 
9.78 1.604 8.70785e-10 
9.78 1.608 3.65623e-08 
9.78 1.612 6.86639e-07 
9.78 1.616 7.93676e-06 
9.78 1.62 6.27136e-05 
9.78 1.624 0.000346911 
9.78 1.628 0.00133926 
9.78 1.632 0.00383242 
9.78 1.636 0.00765324 
9.78 1.64 0.010402 
9.78 1.644 0.00994041 
9.78 1.648 0.00697863 
9.78 1.652 0.00349443 
9.78 1.656 0.00126776 
9.78 1.66 0.000313826 
9.78 1.664 5.46651e-05 
9.78 1.668 6.13736e-06 
9.78 1.672 4.11173e-07 
9.78 1.676 1.59471e-08 
9.78 1.68 1.8421e-10 
9.79 1.604 2.17733e-09 
9.79 1.608 6.45573e-08 
9.79 1.612 1.05956e-06 
9.79 1.616 1.11854e-05 
9.79 1.62 8.16197e-05 
9.79 1.624 0.000419329 
9.79 1.628 0.00157063 
9.79 1.632 0.0041281 
9.79 1.636 0.00789701 
9.79 1.64 0.0101564 
9.79 1.644 0.00960685 
9.79 1.648 0.00642559 
9.79 1.652 0.00309964 
9.79 1.656 0.00106564 
9.79 1.66 0.000260507 
9.79 1.664 4.18699e-05 
9.79 1.668 4.26669e-06 
9.79 1.672 2.49796e-07 
9.79 1.676 6.72393e-09 
9.8 1.604 4.31897e-09 
9.8 1.608 1.07401e-07 
9.8 1.612 1.61567e-06 
9.8 1.616 1.53455e-05 
9.8 1.62 0.000102145 
9.8 1.624 0.000526016 
9.8 1.628 0.00180798 
9.8 1.632 0.00448831 
9.8 1.636 0.00791996 
9.8 1.64 0.0104567 
9.8 1.644 0.00913509 
9.8 1.648 0.00587909 
9.8 1.652 0.0026743 
9.8 1.656 0.000885708 
9.8 1.66 0.000202297 
9.8 1.664 3.08394e-05 
9.8 1.668 2.61205e-06 
9.8 1.672 1.25316e-07 
9.8 1.676 3.3614e-09 
9.81 1.6 1.80059e-10 
9.81 1.604 8.30937e-09 
9.81 1.608 1.75242e-07 
9.81 1.612 2.26867e-06 
9.81 1.616 2.14959e-05 
9.81 1.62 0.000133166 
9.81 1.624 0.000628193 
9.81 1.628 0.00204752 
9.81 1.632 0.00494229 
9.81 1.636 0.00807311 
9.81 1.64 0.0095501 
9.81 1.644 0.00832476 
9.81 1.648 0.0050812 
9.81 1.652 0.00221984 
9.81 1.656 0.000680225 
9.81 1.66 0.000146258 
9.81 1.664 2.05044e-05 
9.81 1.668 1.60224e-06 
9.81 1.672 6.85482e-08 
9.81 1.676 1.31066e-09 
9.82 1.6 4.04082e-10 
9.82 1.604 1.38005e-08 
9.82 1.608 2.67216e-07 
9.82 1.612 3.15517e-06 
9.82 1.616 2.7201e-05 
9.82 1.62 0.000162979 
9.82 1.624 0.00073205 
9.82 1.628 0.00229413 
9.82 1.632 0.00496954 
9.82 1.636 0.00778747 
9.82 1.64 0.00887135 
9.82 1.644 0.00728408 
9.82 1.648 0.00424076 
9.82 1.652 0.00179315 
9.82 1.656 0.000527729 
9.82 1.66 0.00010565 
9.82 1.664 1.30793e-05 
9.82 1.668 9.8706e-07 
9.82 1.672 3.80808e-08 
9.82 1.676 4.79295e-10 
9.83 1.6 7.27079e-10 
9.83 1.604 2.1904e-08 
9.83 1.608 3.66284e-07 
9.83 1.612 4.30883e-06 
9.83 1.616 3.46553e-05 
9.83 1.62 0.000201023 
9.83 1.624 0.000829331 
9.83 1.628 0.00239302 
9.83 1.632 0.00506939 
9.83 1.636 0.00775342 
9.83 1.64 0.00844289 
9.83 1.644 0.00638559 
9.83 1.648 0.00370938 
9.83 1.652 0.00150201 
9.83 1.656 0.000390792 
9.83 1.66 7.40157e-05 
9.83 1.664 8.54972e-06 
9.83 1.668 5.43293e-07 
9.83 1.672 1.82746e-08 
9.83 1.676 1.26454e-10 
9.84 1.6 1.52172e-09 
9.84 1.604 3.2105e-08 
9.84 1.608 5.14752e-07 
9.84 1.612 5.74518e-06 
9.84 1.616 4.18346e-05 
9.84 1.62 0.000238355 
9.84 1.624 0.000903069 
9.84 1.628 0.00257518 
9.84 1.632 0.00517688 
9.84 1.636 0.00748126 
9.84 1.64 0.00770858 
9.84 1.644 0.00574538 
9.84 1.648 0.00306836 
9.84 1.652 0.00120526 
9.84 1.656 0.000291138 
9.84 1.66 4.96359e-05 
9.84 1.664 5.33007e-06 
9.84 1.668 2.86917e-07 
9.84 1.672 8.81303e-09 
9.85 1.6 2.2747e-09 
9.85 1.604 4.82376e-08 
9.85 1.608 7.36628e-07 
9.85 1.612 7.33492e-06 
9.85 1.616 5.37169e-05 
9.85 1.62 0.000268524 
9.85 1.624 0.00100613 
9.85 1.628 0.0026289 
9.85 1.632 0.00498838 
9.85 1.636 0.00685219 
9.85 1.64 0.00681656 
9.85 1.644 0.0048567 
9.85 1.648 0.00249907 
9.85 1.652 0.000895126 
9.85 1.656 0.000219463 
9.85 1.66 3.39273e-05 
9.85 1.664 2.99707e-06 
9.85 1.668 1.46625e-07 
9.85 1.672 2.8057e-09 
9.86 1.596 1.23134e-10 
9.86 1.6 3.53218e-09 
9.86 1.604 7.29999e-08 
9.86 1.608 9.85022e-07 
9.86 1.612 9.72504e-06 
9.86 1.616 6.53394e-05 
9.86 1.62 0.000307032 
9.86 1.624 0.00106479 
9.86 1.628 0.00266718 
9.86 1.632 0.004818 
9.86 1.636 0.00618536 
9.86 1.64 0.00592762 
9.86 1.644 0.00407656 
9.86 1.648 0.0020401 
9.86 1.652 0.00067767 
9.86 1.656 0.000156413 
9.86 1.66 2.16525e-05 
9.86 1.664 1.70845e-06 
9.86 1.668 5.38926e-08 
9.86 1.672 5.82963e-10 
9.87 1.596 2.25199e-10 
9.87 1.6 5.69736e-09 
9.87 1.604 1.02252e-07 
9.87 1.608 1.34811e-06 
9.87 1.612 1.16848e-05 
9.87 1.616 7.50056e-05 
9.87 1.62 0.000340404 
9.87 1.624 0.0010892 
9.87 1.628 0.00266795 
9.87 1.632 0.00455607 
9.87 1.636 0.00556808 
9.87 1.64 0.00529093 
9.87 1.644 0.00339448 
9.87 1.648 0.00159486 
9.87 1.652 0.00052041 
9.87 1.656 0.000107424 
9.87 1.66 1.38844e-05 
9.87 1.664 9.31076e-07 
9.87 1.668 1.84282e-08 
9.88 1.596 3.79748e-10 
9.88 1.6 8.11558e-09 
9.88 1.604 1.40849e-07 
9.88 1.608 1.67402e-06 
9.88 1.612 1.42676e-05 
9.88 1.616 8.61023e-05 
9.88 1.62 0.000353481 
9.88 1.624 0.00111949 
9.88 1.628 0.00258749 
9.88 1.632 0.00420748 
9.88 1.636 0.00521077 
9.88 1.64 0.00438056 
9.88 1.644 0.00282386 
9.88 1.648 0.00131833 
9.88 1.652 0.000384482 
9.88 1.656 7.05217e-05 
9.88 1.66 8.31614e-06 
9.88 1.664 5.13084e-07 
9.88 1.668 8.84306e-09 
9.89 1.596 5.42929e-10 
9.89 1.6 1.21985e-08 
9.89 1.604 1.81042e-07 
9.89 1.608 2.08176e-06 
9.89 1.612 1.68948e-05 
9.89 1.616 9.02815e-05 
9.89 1.62 0.000384886 
9.89 1.624 0.0011473 
9.89 1.628 0.00244805 
9.89 1.632 0.00399864 
9.89 1.636 0.00456858 
9.89 1.64 0.00391063 
9.89 1.644 0.00230812 
9.89 1.648 0.000974602 
9.89 1.652 0.000268294 
9.89 1.656 4.75836e-05 
9.89 1.66 4.29211e-06 
9.89 1.664 1.75823e-07 
9.89 1.668 6.37477e-10 
9.9 1.596 8.0021e-10 
9.9 1.6 1.67642e-08 
9.9 1.604 2.43667e-07 
9.9 1.608 2.50218e-06 
9.9 1.612 1.93783e-05 
9.9 1.616 0.000101996 
9.9 1.62 0.000392843 
9.9 1.624 0.00114371 
9.9 1.628 0.0024599 
9.9 1.632 0.00364589 
9.9 1.636 0.00399023 
9.9 1.64 0.00321961 
9.9 1.644 0.00192046 
9.9 1.648 0.000696854 
9.9 1.652 0.000174607 
9.9 1.656 2.84449e-05 
9.9 1.66 2.5527e-06 
9.9 1.664 6.75311e-08 
9.91 1.596 1.2439e-09 
9.91 1.6 2.24327e-08 
9.91 1.604 3.1147e-07 
9.91 1.608 3.12087e-06 
9.91 1.612 2.15368e-05 
9.91 1.616 0.00011222 
9.91 1.62 0.000434569 
9.91 1.624 0.00113447 
9.91 1.628 0.0022445 
9.91 1.632 0.00332408 
9.91 1.636 0.00351352 
9.91 1.64 0.00260907 
9.91 1.644 0.00138009 
9.91 1.648 0.000519268 
9.91 1.652 0.000111394 
9.91 1.656 1.57671e-05 
9.91 1.66 1.11631e-06 
9.91 1.664 2.12978e-08 
9.92 1.596 1.68448e-09 
9.92 1.6 3.16322e-08 
9.92 1.604 3.91413e-07 
9.92 1.608 3.42214e-06 
9.92 1.612 2.54178e-05 
9.92 1.616 0.000121645 
9.92 1.62 0.000423777 
9.92 1.624 0.00112154 
9.92 1.628 0.00205129 
9.92 1.632 0.00283989 
9.92 1.636 0.00288823 
9.92 1.64 0.00210359 
9.92 1.644 0.00103707 
9.92 1.648 0.000324906 
9.92 1.652 7.22258e-05 
9.92 1.656 8.99756e-06 
9.92 1.66 4.27956e-07 
9.92 1.664 3.08161e-09 
9.93 1.596 2.4183e-09 
9.93 1.6 3.78936e-08 
9.93 1.604 4.8233e-07 
9.93 1.608 4.23093e-06 
9.93 1.612 2.61183e-05 
9.93 1.616 0.000120583 
9.93 1.62 0.000417136 
9.93 1.624 0.00098553 
9.93 1.628 0.00174016 
9.93 1.632 0.00241934 
9.93 1.636 0.00231555 
9.93 1.64 0.00151689 
9.93 1.644 0.000737111 
9.93 1.648 0.000236119 
9.93 1.652 4.11804e-05 
9.93 1.656 3.9731e-06 
9.93 1.66 1.60218e-07 
9.94 1.592 1.43228e-10 
9.94 1.596 3.09889e-09 
9.94 1.6 5.28528e-08 
9.94 1.604 5.62277e-07 
9.94 1.608 4.58584e-06 
9.94 1.612 2.79443e-05 
9.94 1.616 0.000123171 
9.94 1.62 0.000372051 
9.94 1.624 0.000870958 
9.94 1.628 0.00157467 
9.94 1.632 0.00192057 
9.94 1.636 0.00180734 
9.94 1.64 0.00121709 
9.94 1.644 0.000544245 
9.94 1.648 0.00014612 
9.94 1.652 2.47095e-05 
9.94 1.656 2.10126e-06 
9.94 1.66 4.68011e-08 
9.95 1.592 1.84056e-10 
9.95 1.596 4.33901e-09 
9.95 1.6 6.06696e-08 
9.95 1.604 6.51852e-07 
9.95 1.608 5.10418e-06 
9.95 1.612 2.884e-05 
9.95 1.616 0.000115564 
9.95 1.62 0.000357088 
9.95 1.624 0.000823584 
9.95 1.628 0.00131215 
9.95 1.632 0.00162707 
9.95 1.636 0.00154857 
9.95 1.64 0.000912088 
9.95 1.644 0.000369001 
9.95 1.648 9.86186e-05 
9.95 1.652 1.46791e-05 
9.95 1.656 8.31217e-07 
9.95 1.66 1.07515e-08 
9.96 1.592 2.68854e-10 
9.96 1.596 4.95038e-09 
9.96 1.6 7.03028e-08 
9.96 1.604 7.257e-07 
9.96 1.608 5.33615e-06 
9.96 1.612 2.89873e-05 
9.96 1.616 0.000116249 
9.96 1.62 0.000352261 
9.96 1.624 0.000728758 
9.96 1.628 0.0011453 
9.96 1.632 0.00136528 
9.96 1.636 0.00114543 
9.96 1.64 0.000657502 
9.96 1.644 0.000250662 
9.96 1.648 5.90898e-05 
9.96 1.652 7.32724e-06 
9.96 1.656 3.70616e-07 
9.97 1.592 3.45271e-10 
9.97 1.596 6.46835e-09 
9.97 1.6 8.29431e-08 
9.97 1.604 7.94055e-07 
9.97 1.608 5.60808e-06 
9.97 1.612 2.99486e-05 
9.97 1.616 0.000116338 
9.97 1.62 0.000321388 
9.97 1.624 0.000662178 
9.97 1.628 0.000983133 
9.97 1.632 0.00107902 
9.97 1.636 0.000851802 
9.97 1.64 0.000452913 
9.97 1.644 0.000157426 
9.97 1.648 3.15602e-05 
9.97 1.652 3.50381e-06 
9.97 1.656 1.3379e-07 
9.98 1.592 4.4234e-10 
9.98 1.596 7.87649e-09 
9.98 1.6 9.8215e-08 
9.98 1.604 8.98354e-07 
9.98 1.608 6.07234e-06 
9.98 1.612 3.10257e-05 
9.98 1.616 0.000110284 
9.98 1.62 0.000301816 
9.98 1.624 0.000580807 
9.98 1.628 0.000818873 
9.98 1.632 0.000846912 
9.98 1.636 0.000641175 
9.98 1.64 0.000303504 
9.98 1.644 9.42067e-05 
9.98 1.648 1.74654e-05 
9.98 1.652 1.64165e-06 
9.98 1.656 2.83345e-08 
9.99 1.592 5.75537e-10 
9.99 1.596 9.54974e-09 
9.99 1.6 1.09994e-07 
9.99 1.604 9.82411e-07 
9.99 1.608 6.14732e-06 
9.99 1.612 2.92822e-05 
9.99 1.616 0.000103698 
9.99 1.62 0.000257459 
9.99 1.624 0.000509993 
9.99 1.628 0.000651107 
9.99 1.632 0.000668353 
9.99 1.636 0.000479919 
9.99 1.64 0.000204028 
9.99 1.644 6.03834e-05 
9.99 1.648 8.97351e-06 
9.99 1.652 7.20559e-07 
10 1.592 7.31656e-10 
10 1.596 1.05526e-08 
10 1.6 1.23869e-07 
10 1.604 1.01024e-06 
10 1.608 5.98639e-06 
10 1.612 2.72578e-05 
10 1.616 8.91009e-05 
10 1.62 0.000227692 
10 1.624 0.000408699 
10 1.628 0.000542937 
10 1.632 0.000535634 
10 1.636 0.000339071 
10 1.64 0.000140903 
10 1.644 3.67188e-05 
10 1.648 5.33128e-06 
10 1.652 2.35582e-07 
10.01 1.592 8.37197e-10 
10.01 1.596 1.28886e-08 
10.01 1.6 1.27832e-07 
10.01 1.604 1.04018e-06 
10.01 1.608 6.05682e-06 
10.01 1.612 2.59169e-05 
10.01 1.616 8.35351e-05 
10.01 1.62 0.000194974 
10.01 1.624 0.000346962 
10.01 1.628 0.000450619 
10.01 1.632 0.000403617 
10.01 1.636 0.000235345 
10.01 1.64 9.47799e-05 
10.01 1.644 2.00292e-05 
10.01 1.648 2.386e-06 
10.01 1.652 5.87451e-08 
10.02 1.592 9.96853e-10 
10.02 1.596 1.37201e-08 
10.02 1.6 1.39274e-07 
10.02 1.604 1.07199e-06 
10.02 1.608 5.97473e-06 
10.02 1.612 2.37664e-05 
10.02 1.616 7.62469e-05 
10.02 1.62 0.000170126 
10.02 1.624 0.000288505 
10.02 1.628 0.000354725 
10.02 1.632 0.000301432 
10.02 1.636 0.000167002 
10.02 1.64 5.87525e-05 
10.02 1.644 1.13934e-05 
10.02 1.648 1.12943e-06 
10.02 1.652 7.84969e-09 
10.03 1.592 1.18907e-09 
10.03 1.596 1.53714e-08 
10.03 1.6 1.49325e-07 
10.03 1.604 1.06586e-06 
10.03 1.608 5.53225e-06 
10.03 1.612 2.16598e-05 
10.03 1.616 6.51655e-05 
10.03 1.62 0.000143576 
10.03 1.624 0.000233436 
10.03 1.628 0.000278972 
10.03 1.632 0.000215591 
10.03 1.636 0.000111715 
10.03 1.64 3.47435e-05 
10.03 1.644 6.27045e-06 
10.03 1.648 3.67099e-07 
10.04 1.592 1.35364e-09 
10.04 1.596 1.72891e-08 
10.04 1.6 1.49012e-07 
10.04 1.604 1.03988e-06 
10.04 1.608 5.21053e-06 
10.04 1.612 1.99915e-05 
10.04 1.616 5.79653e-05 
10.04 1.62 0.000119395 
10.04 1.624 0.000192147 
10.04 1.628 0.00020779 
10.04 1.632 0.000150809 
10.04 1.636 7.2656e-05 
10.04 1.64 2.08673e-05 
10.04 1.644 2.81819e-06 
10.04 1.648 1.12132e-07 
10.05 1.592 1.479e-09 
10.05 1.596 1.79427e-08 
10.05 1.6 1.57679e-07 
10.05 1.604 9.8969e-07 
10.05 1.608 4.97731e-06 
10.05 1.612 1.83563e-05 
10.05 1.616 4.85231e-05 
10.05 1.62 9.85887e-05 
10.05 1.624 0.000141725 
10.05 1.628 0.000148449 
10.05 1.632 9.79328e-05 
10.05 1.636 4.39395e-05 
10.05 1.64 1.10909e-05 
10.05 1.644 1.34491e-06 
10.05 1.648 2.5369e-08 
10.06 1.588 1.13873e-10 
10.06 1.592 1.66268e-09 
10.06 1.596 1.87561e-08 
10.06 1.6 1.54161e-07 
10.06 1.604 1.00458e-06 
10.06 1.608 4.5366e-06 
10.06 1.612 1.60097e-05 
10.06 1.616 4.11323e-05 
10.06 1.62 7.70877e-05 
10.06 1.624 0.000109817 
10.06 1.628 0.000101736 
10.06 1.632 6.35285e-05 
10.06 1.636 2.46882e-05 
10.06 1.64 4.78743e-06 
10.06 1.644 4.45079e-07 
10.07 1.588 1.23548e-10 
10.07 1.592 1.81225e-09 
10.07 1.596 1.93998e-08 
10.07 1.6 1.547e-07 
10.07 1.604 9.31651e-07 
10.07 1.608 4.15094e-06 
10.07 1.612 1.3885e-05 
10.07 1.616 3.39274e-05 
10.07 1.62 6.27948e-05 
10.07 1.624 8.25849e-05 
10.07 1.628 6.94898e-05 
10.07 1.632 4.16014e-05 
10.07 1.636 1.35342e-05 
10.07 1.64 2.17126e-06 
10.07 1.644 9.94995e-08 
10.08 1.588 1.39822e-10 
10.08 1.592 1.92364e-09 
10.08 1.596 2.0186e-08 
10.08 1.6 1.49748e-07 
10.08 1.604 8.75872e-07 
10.08 1.608 3.78914e-06 
10.08 1.612 1.15044e-05 
10.08 1.616 2.77575e-05 
10.08 1.62 5.01993e-05 
10.08 1.624 5.87454e-05 
10.08 1.628 4.83253e-05 
10.08 1.632 2.49419e-05 
10.08 1.636 7.62795e-06 
10.08 1.64 1.12552e-06 
10.08 1.644 1.5007e-08 
10.09 1.588 1.50723e-10 
10.09 1.592 1.99136e-09 
10.09 1.596 1.84739e-08 
10.09 1.6 1.38947e-07 
10.09 1.604 7.69075e-07 
10.09 1.608 3.09489e-06 
10.09 1.612 9.5887e-06 
10.09 1.616 2.26173e-05 
10.09 1.62 3.79929e-05 
10.09 1.624 4.25915e-05 
10.09 1.628 3.12969e-05 
10.09 1.632 1.47983e-05 
10.09 1.636 3.6532e-06 
10.09 1.64 4.47423e-07 
10.1 1.588 1.61993e-10 
10.1 1.592 1.95176e-09 
10.1 1.596 1.83133e-08 
10.1 1.6 1.27723e-07 
10.1 1.604 6.62666e-07 
10.1 1.608 2.70737e-06 
10.1 1.612 7.90735e-06 
10.1 1.616 1.83408e-05 
10.1 1.62 2.86146e-05 
10.1 1.624 2.93643e-05 
10.1 1.628 2.02411e-05 
10.1 1.632 8.60993e-06 
10.1 1.636 1.61519e-06 
10.1 1.64 1.2774e-07 
10.11 1.588 1.68438e-10 
10.11 1.592 2.01904e-09 
10.11 1.596 1.76219e-08 
10.11 1.6 1.20577e-07 
10.11 1.604 5.95022e-07 
10.11 1.608 2.28906e-06 
10.11 1.612 6.80808e-06 
10.11 1.616 1.42903e-05 
10.11 1.62 2.08606e-05 
10.11 1.624 2.00072e-05 
10.11 1.628 1.30302e-05 
10.11 1.632 4.3329e-06 
10.11 1.636 8.17656e-07 
10.11 1.64 2.97353e-08 
10.12 1.588 1.74719e-10 
10.12 1.592 2.02606e-09 
10.12 1.596 1.69649e-08 
10.12 1.6 1.10006e-07 
10.12 1.604 5.3132e-07 
10.12 1.608 1.85196e-06 
10.12 1.612 5.2449e-06 
10.12 1.616 1.0158e-05 
10.12 1.62 1.4001e-05 
10.12 1.624 1.17612e-05 
10.12 1.628 6.95024e-06 
10.12 1.632 2.3566e-06 
10.12 1.636 3.27741e-07 
10.13 1.588 1.80918e-10 
10.13 1.592 1.94859e-09 
10.13 1.596 1.61424e-08 
10.13 1.6 9.75631e-08 
10.13 1.604 4.45082e-07 
10.13 1.608 1.57188e-06 
10.13 1.612 4.06128e-06 
10.13 1.616 7.47358e-06 
10.13 1.62 8.83662e-06 
10.13 1.624 7.67458e-06 
10.13 1.628 3.65229e-06 
10.13 1.632 1.07152e-06 
10.13 1.636 1.03901e-07 
10.14 1.588 1.81696e-10 
10.14 1.592 1.88503e-09 
10.14 1.596 1.45937e-08 
10.14 1.6 8.87834e-08 
10.14 1.604 3.78194e-07 
10.14 1.608 1.28325e-06 
10.14 1.612 3.1991e-06 
10.14 1.616 5.39516e-06 
10.14 1.62 5.92024e-06 
10.14 1.624 4.51794e-06 
10.14 1.628 2.1875e-06 
10.14 1.632 4.57667e-07 
10.14 1.636 3.05902e-08 
