#logage logr JPDF
9.35 1.68 1.58138e-10 
9.35 1.684 2.15824e-10 
9.36 1.676 1.48322e-10 
9.36 1.68 5.24983e-10 
9.36 1.684 4.39053e-10 
9.36 1.688 1.64234e-10 
9.37 1.676 7.16131e-10 
9.37 1.68 1.31488e-09 
9.37 1.684 8.95134e-10 
9.37 1.688 2.7846e-10 
9.38 1.672 1.64733e-10 
9.38 1.676 2.12107e-09 
9.38 1.68 2.89756e-09 
9.38 1.684 1.46877e-09 
9.38 1.688 4.38424e-10 
9.39 1.672 1.71895e-09 
9.39 1.676 5.83664e-09 
9.39 1.68 5.87781e-09 
9.39 1.684 2.69975e-09 
9.39 1.688 7.24738e-10 
9.39 1.692 1.0609e-10 
9.4 1.668 1.75897e-10 
9.4 1.672 7.02732e-09 
9.4 1.676 1.43045e-08 
9.4 1.68 1.11682e-08 
9.4 1.684 4.47453e-09 
9.4 1.688 1.00312e-09 
9.4 1.692 1.45987e-10 
9.41 1.668 2.78655e-09 
9.41 1.672 2.12406e-08 
9.41 1.676 3.01662e-08 
9.41 1.68 2.04241e-08 
9.41 1.684 7.18449e-09 
9.41 1.688 1.51213e-09 
9.41 1.692 1.99982e-10 
9.42 1.668 1.4812e-08 
9.42 1.672 5.09759e-08 
9.42 1.676 6.10438e-08 
9.42 1.68 3.48456e-08 
9.42 1.684 1.06897e-08 
9.42 1.688 2.11959e-09 
9.42 1.692 2.6644e-10 
9.43 1.664 3.71006e-09 
9.43 1.668 5.10789e-08 
9.43 1.672 1.15885e-07 
9.43 1.676 1.11173e-07 
9.43 1.68 5.46443e-08 
9.43 1.684 1.60245e-08 
9.43 1.688 2.91597e-09 
9.43 1.692 3.49652e-10 
9.44 1.664 2.58489e-08 
9.44 1.668 1.44775e-07 
9.44 1.672 2.33866e-07 
9.44 1.676 1.93226e-07 
9.44 1.68 8.47566e-08 
9.44 1.684 2.23859e-08 
9.44 1.688 4.01757e-09 
9.44 1.692 4.63665e-10 
9.45 1.66 1.90288e-09 
9.45 1.664 9.34171e-08 
9.45 1.668 3.46027e-07 
9.45 1.672 4.51811e-07 
9.45 1.676 3.23329e-07 
9.45 1.68 1.24563e-07 
9.45 1.684 3.10835e-08 
9.45 1.688 5.21141e-09 
9.45 1.692 5.73807e-10 
9.46 1.66 2.5486e-08 
9.46 1.664 2.93702e-07 
9.46 1.668 7.3084e-07 
9.46 1.672 8.31086e-07 
9.46 1.676 4.87827e-07 
9.46 1.68 1.82059e-07 
9.46 1.684 4.37786e-08 
9.46 1.688 6.3655e-09 
9.46 1.692 6.94076e-10 
9.47 1.66 1.34969e-07 
9.47 1.664 7.28838e-07 
9.47 1.668 1.42717e-06 
9.47 1.672 1.36158e-06 
9.47 1.676 7.37766e-07 
9.47 1.68 2.49905e-07 
9.47 1.684 5.73454e-08 
9.47 1.688 8.19705e-09 
9.47 1.692 7.89494e-10 
9.48 1.656 1.90479e-08 
9.48 1.66 4.7457e-07 
9.48 1.664 1.64845e-06 
9.48 1.668 2.64812e-06 
9.48 1.672 2.12585e-06 
9.48 1.676 1.09619e-06 
9.48 1.68 3.46077e-07 
9.48 1.684 7.54031e-08 
9.48 1.688 1.02546e-08 
9.48 1.692 8.57346e-10 
9.49 1.656 1.45932e-07 
9.49 1.66 1.28805e-06 
9.49 1.664 3.43974e-06 
9.49 1.668 4.64266e-06 
9.49 1.672 3.37009e-06 
9.49 1.676 1.56716e-06 
9.49 1.68 4.71346e-07 
9.49 1.684 9.58135e-08 
9.49 1.688 1.20399e-08 
9.49 1.692 9.9291e-10 
9.5 1.652 8.49226e-09 
9.5 1.656 5.52411e-07 
9.5 1.66 3.10689e-06 
9.5 1.664 6.57696e-06 
9.5 1.668 7.27601e-06 
9.5 1.672 5.02466e-06 
9.5 1.676 2.15371e-06 
9.5 1.68 6.18235e-07 
9.5 1.684 1.1489e-07 
9.5 1.688 1.31297e-08 
9.5 1.692 1.03517e-09 
9.51 1.652 9.58254e-08 
9.51 1.656 1.63878e-06 
9.51 1.66 6.47224e-06 
9.51 1.664 1.17953e-05 
9.51 1.668 1.15178e-05 
9.51 1.672 7.20983e-06 
9.51 1.676 2.97982e-06 
9.51 1.68 7.79341e-07 
9.51 1.684 1.33593e-07 
9.51 1.688 1.54489e-08 
9.51 1.692 1.16936e-09 
9.52 1.652 4.76692e-07 
9.52 1.656 4.22565e-06 
9.52 1.66 1.23308e-05 
9.52 1.664 1.96262e-05 
9.52 1.668 1.77895e-05 
9.52 1.672 1.02396e-05 
9.52 1.676 4.03892e-06 
9.52 1.68 9.67749e-07 
9.52 1.684 1.48646e-07 
9.52 1.688 1.73671e-08 
9.52 1.692 1.21587e-09 
9.53 1.648 3.54826e-08 
9.53 1.652 1.63052e-06 
9.53 1.656 9.50284e-06 
9.53 1.66 2.28731e-05 
9.53 1.664 3.08646e-05 
9.53 1.668 2.62152e-05 
9.53 1.672 1.36366e-05 
9.53 1.676 5.08251e-06 
9.53 1.68 1.16689e-06 
9.53 1.684 1.81753e-07 
9.53 1.688 1.87534e-08 
9.53 1.692 1.18242e-09 
9.54 1.648 2.57875e-07 
9.54 1.652 4.48078e-06 
9.54 1.656 1.88213e-05 
9.54 1.66 3.9446e-05 
9.54 1.664 4.81204e-05 
9.54 1.668 3.65492e-05 
9.54 1.672 1.88105e-05 
9.54 1.676 6.27966e-06 
9.54 1.68 1.35261e-06 
9.54 1.684 2.00493e-07 
9.54 1.688 1.93476e-08 
9.54 1.692 1.22831e-09 
9.55 1.648 1.17941e-06 
9.55 1.652 1.0117e-05 
9.55 1.656 3.56585e-05 
9.55 1.66 6.41128e-05 
9.55 1.664 7.09013e-05 
9.55 1.668 5.0983e-05 
9.55 1.672 2.44641e-05 
9.55 1.676 7.45985e-06 
9.55 1.68 1.57773e-06 
9.55 1.684 2.28351e-07 
9.55 1.688 1.99923e-08 
9.55 1.692 1.18959e-09 
9.56 1.644 1.27587e-07 
9.56 1.648 3.54512e-06 
9.56 1.652 2.23351e-05 
9.56 1.656 6.22817e-05 
9.56 1.66 9.94358e-05 
9.56 1.664 0.000102005 
9.56 1.668 7.03889e-05 
9.56 1.672 3.06808e-05 
9.56 1.676 9.14394e-06 
9.56 1.68 1.78939e-06 
9.56 1.684 2.28275e-07 
9.56 1.688 1.97312e-08 
9.56 1.692 1.13812e-09 
9.57 1.644 7.45642e-07 
9.57 1.648 8.70717e-06 
9.57 1.652 4.19059e-05 
9.57 1.656 0.000102093 
9.57 1.66 0.000153848 
9.57 1.664 0.000144632 
9.57 1.668 9.11324e-05 
9.57 1.672 3.7193e-05 
9.57 1.676 1.03547e-05 
9.57 1.68 1.98201e-06 
9.57 1.684 2.44713e-07 
9.57 1.688 1.90108e-08 
9.57 1.692 1.06928e-09 
9.58 1.64 3.46859e-08 
9.58 1.644 2.25388e-06 
9.58 1.648 1.9874e-05 
9.58 1.652 7.72523e-05 
9.58 1.656 0.000167897 
9.58 1.66 0.000219795 
9.58 1.664 0.000197854 
9.58 1.668 0.000114155 
9.58 1.672 4.53661e-05 
9.58 1.676 1.20299e-05 
9.58 1.68 2.12179e-06 
9.58 1.684 2.50392e-07 
9.58 1.688 1.86755e-08 
9.58 1.692 1.00571e-09 
9.59 1.64 2.8258e-07 
9.59 1.644 5.71599e-06 
9.59 1.648 3.90639e-05 
9.59 1.652 0.000130386 
9.59 1.656 0.00024987 
9.59 1.66 0.000314668 
9.59 1.664 0.00026064 
9.59 1.668 0.00014324 
9.59 1.672 5.37549e-05 
9.59 1.676 1.34196e-05 
9.59 1.68 2.31665e-06 
9.59 1.684 2.43494e-07 
9.59 1.688 1.77625e-08 
9.59 1.692 8.62219e-10 
9.6 1.64 1.07403e-06 
9.6 1.644 1.38448e-05 
9.6 1.648 7.34708e-05 
9.6 1.652 0.000211352 
9.6 1.656 0.000369555 
9.6 1.66 0.000436128 
9.6 1.664 0.000336428 
9.6 1.668 0.000177308 
9.6 1.672 6.11748e-05 
9.6 1.676 1.4847e-05 
9.6 1.68 2.34631e-06 
9.6 1.684 2.38049e-07 
9.6 1.688 1.81887e-08 
9.6 1.692 7.72606e-10 
9.61 1.636 7.02016e-08 
9.61 1.64 3.14743e-06 
9.61 1.644 2.88642e-05 
9.61 1.648 0.000126977 
9.61 1.652 0.000330442 
9.61 1.656 0.000538465 
9.61 1.66 0.000577734 
9.61 1.664 0.000417309 
9.61 1.668 0.000206022 
9.61 1.672 6.81653e-05 
9.61 1.676 1.56448e-05 
9.61 1.68 2.27075e-06 
9.61 1.684 2.25e-07 
9.61 1.688 1.51887e-08 
9.61 1.692 6.82358e-10 
9.62 1.636 3.35811e-07 
9.62 1.64 7.60258e-06 
9.62 1.644 5.47605e-05 
9.62 1.648 0.000210917 
9.62 1.652 0.000503412 
9.62 1.656 0.000758892 
9.62 1.66 0.000754527 
9.62 1.664 0.000520378 
9.62 1.668 0.000242021 
9.62 1.672 7.74564e-05 
9.62 1.676 1.60284e-05 
9.62 1.68 2.21626e-06 
9.62 1.684 2.20124e-07 
9.62 1.688 1.44295e-08 
9.62 1.692 5.71773e-10 
9.63 1.632 1.19758e-08 
9.63 1.636 1.10399e-06 
9.63 1.64 1.7588e-05 
9.63 1.644 9.886e-05 
9.63 1.648 0.00033427 
9.63 1.652 0.000714805 
9.63 1.656 0.00102797 
9.63 1.66 0.000979709 
9.63 1.664 0.000631466 
9.63 1.668 0.000278362 
9.63 1.672 8.12492e-05 
9.63 1.676 1.61091e-05 
9.63 1.68 2.16597e-06 
9.63 1.684 2.00306e-07 
9.63 1.688 1.19058e-08 
9.63 1.692 4.67865e-10 
9.64 1.632 7.50956e-08 
9.64 1.636 3.29762e-06 
9.64 1.64 3.28785e-05 
9.64 1.644 0.000167264 
9.64 1.648 0.000516904 
9.64 1.652 0.00102308 
9.64 1.656 0.00132653 
9.64 1.66 0.00118866 
9.64 1.664 0.000746763 
9.64 1.668 0.000309228 
9.64 1.672 8.65262e-05 
9.64 1.676 1.63566e-05 
9.64 1.68 2.09302e-06 
9.64 1.684 1.83341e-07 
9.64 1.688 9.91147e-09 
9.64 1.692 3.8785e-10 
9.65 1.632 3.24156e-07 
9.65 1.636 7.63665e-06 
9.65 1.64 6.12443e-05 
9.65 1.644 0.000275198 
9.65 1.648 0.000767839 
9.65 1.652 0.0013998 
9.65 1.656 0.00174497 
9.65 1.66 0.00145347 
9.65 1.664 0.000831739 
9.65 1.668 0.000337234 
9.65 1.672 8.81167e-05 
9.65 1.676 1.52896e-05 
9.65 1.68 1.94697e-06 
9.65 1.684 1.57355e-07 
9.65 1.688 8.5298e-09 
9.65 1.692 3.14783e-10 
9.66 1.628 1.2363e-08 
9.66 1.632 1.1012e-06 
9.66 1.636 1.54793e-05 
9.66 1.64 0.00010586 
9.66 1.644 0.000430939 
9.66 1.648 0.00110864 
9.66 1.652 0.00183251 
9.66 1.656 0.00216714 
9.66 1.66 0.00171393 
9.66 1.664 0.000926592 
9.66 1.668 0.000353719 
9.66 1.672 8.5487e-05 
9.66 1.676 1.4965e-05 
9.66 1.68 1.75239e-06 
9.66 1.684 1.31078e-07 
9.66 1.688 7.0181e-09 
9.66 1.692 2.46531e-10 
9.67 1.628 6.86307e-08 
9.67 1.632 2.72651e-06 
9.67 1.636 3.11527e-05 
9.67 1.64 0.000179711 
9.67 1.644 0.000652867 
9.67 1.648 0.00149299 
9.67 1.652 0.00241253 
9.67 1.656 0.00268062 
9.67 1.66 0.00198066 
9.67 1.664 0.00104587 
9.67 1.668 0.00035758 
9.67 1.672 8.4671e-05 
9.67 1.676 1.40984e-05 
9.67 1.68 1.56965e-06 
9.67 1.684 1.13192e-07 
9.67 1.688 5.65235e-09 
9.67 1.692 1.9053e-10 
9.68 1.628 2.69072e-07 
9.68 1.632 5.92094e-06 
9.68 1.636 5.52205e-05 
9.68 1.64 0.000275489 
9.68 1.644 0.000913196 
9.68 1.648 0.00196346 
9.68 1.652 0.00301606 
9.68 1.656 0.00304801 
9.68 1.66 0.00221178 
9.68 1.664 0.00106586 
9.68 1.668 0.000366069 
9.68 1.672 8.06568e-05 
9.68 1.676 1.25243e-05 
9.68 1.68 1.2916e-06 
9.68 1.684 9.49225e-08 
9.68 1.688 4.33124e-09 
9.68 1.692 1.45617e-10 
9.69 1.624 1.40293e-08 
9.69 1.628 7.10253e-07 
9.69 1.632 1.12593e-05 
9.69 1.636 8.78238e-05 
9.69 1.64 0.000422667 
9.69 1.644 0.00125553 
9.69 1.648 0.00258514 
9.69 1.652 0.00364035 
9.69 1.656 0.00345855 
9.69 1.66 0.00238923 
9.69 1.664 0.00110913 
9.69 1.668 0.000348397 
9.69 1.672 7.59196e-05 
9.69 1.676 1.10652e-05 
9.69 1.68 1.11706e-06 
9.69 1.684 7.65433e-08 
9.69 1.688 3.47028e-09 
9.69 1.692 1.09915e-10 
9.7 1.624 4.35901e-08 
9.7 1.628 1.57888e-06 
9.7 1.632 2.0492e-05 
9.7 1.636 0.000143777 
9.7 1.64 0.00059402 
9.7 1.644 0.00172183 
9.7 1.648 0.00330558 
9.7 1.652 0.00437528 
9.7 1.656 0.00404136 
9.7 1.66 0.00256034 
9.7 1.664 0.0011362 
9.7 1.668 0.000339981 
9.7 1.672 6.73784e-05 
9.7 1.676 9.42251e-06 
9.7 1.68 9.12917e-07 
9.7 1.684 5.95426e-08 
9.7 1.688 2.85199e-09 
9.71 1.62 7.93989e-10 
9.71 1.624 1.31069e-07 
9.71 1.628 3.26245e-06 
9.71 1.632 3.51536e-05 
9.71 1.636 0.000218237 
9.71 1.64 0.00085689 
9.71 1.644 0.00225548 
9.71 1.648 0.00405017 
9.71 1.652 0.00520897 
9.71 1.656 0.00444105 
9.71 1.66 0.0026655 
9.71 1.664 0.00112951 
9.71 1.668 0.000318492 
9.71 1.672 6.15477e-05 
9.71 1.676 8.18399e-06 
9.71 1.68 7.49333e-07 
9.71 1.684 4.83828e-08 
9.71 1.688 1.94277e-09 
9.72 1.62 5.81617e-09 
9.72 1.624 3.6163e-07 
9.72 1.628 6.26899e-06 
9.72 1.632 5.74553e-05 
9.72 1.636 0.000316858 
9.72 1.64 0.00117883 
9.72 1.644 0.00293195 
9.72 1.648 0.0048874 
9.72 1.652 0.00595842 
9.72 1.656 0.00486162 
9.72 1.66 0.00281854 
9.72 1.664 0.00109426 
9.72 1.668 0.000292567 
9.72 1.672 5.53281e-05 
9.72 1.676 6.86848e-06 
9.72 1.68 6.01798e-07 
9.72 1.684 3.65392e-08 
9.72 1.688 1.44955e-09 
9.73 1.62 2.55694e-08 
9.73 1.624 8.14254e-07 
9.73 1.628 1.09202e-05 
9.73 1.632 9.31122e-05 
9.73 1.636 0.000462482 
9.73 1.64 0.00156356 
9.73 1.644 0.00369029 
9.73 1.648 0.0058875 
9.73 1.652 0.00657481 
9.73 1.656 0.00518553 
9.73 1.66 0.00289325 
9.73 1.664 0.00103475 
9.73 1.668 0.00027724 
9.73 1.672 4.67306e-05 
9.73 1.676 5.55093e-06 
9.73 1.68 4.82361e-07 
9.73 1.684 2.85949e-08 
9.73 1.688 1.01903e-09 
9.74 1.616 5.54605e-10 
9.74 1.62 5.84449e-08 
9.74 1.624 1.62888e-06 
9.74 1.628 1.93991e-05 
9.74 1.632 0.000135068 
9.74 1.636 0.000650824 
9.74 1.64 0.00206737 
9.74 1.644 0.00450135 
9.74 1.648 0.00674622 
9.74 1.652 0.00727528 
9.74 1.656 0.00541458 
9.74 1.66 0.00285008 
9.74 1.664 0.000967619 
9.74 1.668 0.000242459 
9.74 1.672 4.09713e-05 
9.74 1.676 4.62318e-06 
9.74 1.68 3.77064e-07 
9.74 1.684 2.08495e-08 
9.74 1.688 7.06132e-10 
9.75 1.616 2.21506e-09 
9.75 1.62 1.42813e-07 
9.75 1.624 2.86413e-06 
9.75 1.628 3.05511e-05 
9.75 1.632 0.000205582 
9.75 1.636 0.00090964 
9.75 1.64 0.00260324 
9.75 1.644 0.00526553 
9.75 1.648 0.00775755 
9.75 1.652 0.00806161 
9.75 1.656 0.00560813 
9.75 1.66 0.00270595 
9.75 1.664 0.000919179 
9.75 1.668 0.000214289 
9.75 1.672 3.50484e-05 
9.75 1.676 3.91119e-06 
9.75 1.68 2.92742e-07 
9.75 1.684 1.49778e-08 
9.75 1.688 4.70849e-10 
9.76 1.616 8.46417e-09 
9.76 1.62 3.34864e-07 
9.76 1.624 5.1255e-06 
9.76 1.628 4.7957e-05 
9.76 1.632 0.000288701 
9.76 1.636 0.0011612 
9.76 1.64 0.00313641 
9.76 1.644 0.00619771 
9.76 1.648 0.00873747 
9.76 1.652 0.00820624 
9.76 1.656 0.00560592 
9.76 1.66 0.00255867 
9.76 1.664 0.000835241 
9.76 1.668 0.000194037 
9.76 1.672 2.88728e-05 
9.76 1.676 3.05544e-06 
9.76 1.68 2.26448e-07 
9.76 1.684 1.07562e-08 
9.76 1.688 2.98725e-10 
9.77 1.612 1.69317e-10 
9.77 1.616 2.28702e-08 
9.77 1.62 5.97985e-07 
9.77 1.624 8.3321e-06 
9.77 1.628 7.15662e-05 
9.77 1.632 0.000389845 
9.77 1.636 0.00145163 
9.77 1.64 0.00386723 
9.77 1.644 0.00698194 
9.77 1.648 0.00932352 
9.77 1.652 0.0084898 
9.77 1.656 0.00534705 
9.77 1.66 0.00239228 
9.77 1.664 0.000747548 
9.77 1.668 0.000155359 
9.77 1.672 2.27916e-05 
9.77 1.676 2.3805e-06 
9.77 1.68 1.66407e-07 
9.77 1.684 7.35781e-09 
9.77 1.688 1.74784e-10 
9.78 1.612 9.32144e-10 
9.78 1.616 5.21094e-08 
9.78 1.62 1.06427e-06 
9.78 1.624 1.32974e-05 
9.78 1.628 0.000100123 
9.78 1.632 0.000510853 
9.78 1.636 0.00181247 
9.78 1.64 0.0044951 
9.78 1.644 0.00807982 
9.78 1.648 0.00995127 
9.78 1.652 0.00870197 
9.78 1.656 0.00501317 
9.78 1.66 0.00218792 
9.78 1.664 0.000633826 
9.78 1.668 0.000125562 
9.78 1.672 1.84772e-05 
9.78 1.676 1.86084e-06 
9.78 1.68 1.20037e-07 
9.78 1.684 4.45527e-09 
9.79 1.612 2.83859e-09 
9.79 1.616 1.00644e-07 
9.79 1.62 1.86833e-06 
9.79 1.624 1.95571e-05 
9.79 1.628 0.00014349 
9.79 1.632 0.000667802 
9.79 1.636 0.00226258 
9.79 1.64 0.00516298 
9.79 1.644 0.00893084 
9.79 1.648 0.0103396 
9.79 1.652 0.00852761 
9.79 1.656 0.00481883 
9.79 1.66 0.00191674 
9.79 1.664 0.000541629 
9.79 1.668 0.000105515 
9.79 1.672 1.47199e-05 
9.79 1.676 1.37887e-06 
9.79 1.68 7.86349e-08 
9.79 1.684 2.86842e-09 
9.8 1.612 6.7129e-09 
9.8 1.616 1.86744e-07 
9.8 1.62 2.99305e-06 
9.8 1.624 2.89384e-05 
9.8 1.628 0.000187788 
9.8 1.632 0.000873069 
9.8 1.636 0.00267905 
9.8 1.64 0.00609163 
9.8 1.644 0.00975622 
9.8 1.648 0.0109161 
9.8 1.652 0.00816286 
9.8 1.656 0.00440026 
9.8 1.66 0.00166238 
9.8 1.664 0.000467096 
9.8 1.668 8.60866e-05 
9.8 1.672 1.10834e-05 
9.8 1.676 9.80856e-07 
9.8 1.68 5.63108e-08 
9.8 1.684 1.49242e-09 
9.81 1.608 2.69317e-10 
9.81 1.612 1.43313e-08 
9.81 1.616 3.33583e-07 
9.81 1.62 4.60465e-06 
9.81 1.624 4.02873e-05 
9.81 1.628 0.000251823 
9.81 1.632 0.00105483 
9.81 1.636 0.00322919 
9.81 1.64 0.00660465 
9.81 1.644 0.0104599 
9.81 1.648 0.0107377 
9.81 1.652 0.00778517 
9.81 1.656 0.00393306 
9.81 1.66 0.00149275 
9.81 1.664 0.000387594 
9.81 1.668 6.66452e-05 
9.81 1.672 8.24805e-06 
9.81 1.676 7.12731e-07 
9.81 1.68 3.37993e-08 
9.81 1.684 8.57004e-10 
9.82 1.608 7.37743e-10 
9.82 1.612 2.80534e-08 
9.82 1.616 5.79244e-07 
9.82 1.62 7.01596e-06 
9.82 1.624 5.65288e-05 
9.82 1.628 0.000319246 
9.82 1.632 0.00124132 
9.82 1.636 0.00358332 
9.82 1.64 0.00737677 
9.82 1.644 0.0104569 
9.82 1.648 0.0100663 
9.82 1.652 0.00718348 
9.82 1.656 0.00359415 
9.82 1.66 0.00123687 
9.82 1.664 0.00031152 
9.82 1.668 5.39107e-05 
9.82 1.672 6.26414e-06 
9.82 1.676 4.74445e-07 
9.82 1.68 1.91178e-08 
9.82 1.684 4.51636e-10 
9.83 1.608 1.38937e-09 
9.83 1.612 4.88045e-08 
9.83 1.616 8.32786e-07 
9.83 1.62 9.68232e-06 
9.83 1.624 7.2475e-05 
9.83 1.628 0.000373804 
9.83 1.632 0.00145394 
9.83 1.636 0.00408584 
9.83 1.64 0.00770054 
9.83 1.644 0.0101443 
9.83 1.648 0.00957242 
9.83 1.652 0.00643631 
9.83 1.656 0.0031845 
9.83 1.66 0.00102935 
9.83 1.664 0.000237878 
9.83 1.668 4.06463e-05 
9.83 1.672 4.58982e-06 
9.83 1.676 3.13784e-07 
9.83 1.68 1.05959e-08 
9.83 1.684 2.12666e-10 
9.84 1.608 3.15352e-09 
9.84 1.612 8.45316e-08 
9.84 1.616 1.27822e-06 
9.84 1.62 1.30305e-05 
9.84 1.624 9.41778e-05 
9.84 1.628 0.000472523 
9.84 1.632 0.00168278 
9.84 1.636 0.00449595 
9.84 1.64 0.00802787 
9.84 1.644 0.0098523 
9.84 1.648 0.00888934 
9.84 1.652 0.0058255 
9.84 1.656 0.00270803 
9.84 1.66 0.000830533 
9.84 1.664 0.000190567 
9.84 1.668 3.00418e-05 
9.84 1.672 3.14219e-06 
9.84 1.676 1.92716e-07 
9.84 1.68 5.91182e-09 
9.85 1.604 1.34772e-10 
9.85 1.608 6.29963e-09 
9.85 1.612 1.31015e-07 
9.85 1.616 1.78513e-06 
9.85 1.62 1.76834e-05 
9.85 1.624 0.000124773 
9.85 1.628 0.000570174 
9.85 1.632 0.00192274 
9.85 1.636 0.00474355 
9.85 1.64 0.00819955 
9.85 1.644 0.00969391 
9.85 1.648 0.00829526 
9.85 1.652 0.00509386 
9.85 1.656 0.00220847 
9.85 1.66 0.000686827 
9.85 1.664 0.000143117 
9.85 1.668 2.19236e-05 
9.85 1.672 2.14153e-06 
9.85 1.676 1.09977e-07 
9.85 1.68 3.08388e-09 
9.86 1.604 2.83447e-10 
9.86 1.608 1.08691e-08 
9.86 1.612 2.09721e-07 
9.86 1.616 2.61721e-06 
9.86 1.62 2.2772e-05 
9.86 1.624 0.000153889 
9.86 1.628 0.000673206 
9.86 1.632 0.00216381 
9.86 1.636 0.00494315 
9.86 1.64 0.00810978 
9.86 1.644 0.0092572 
9.86 1.648 0.00751396 
9.86 1.652 0.00447625 
9.86 1.656 0.00187366 
9.86 1.66 0.000536271 
9.86 1.664 0.00010829 
9.86 1.668 1.55682e-05 
9.86 1.672 1.33425e-06 
9.86 1.676 6.19166e-08 
9.86 1.68 1.42152e-09 
9.87 1.604 5.64515e-10 
9.87 1.608 1.65193e-08 
9.87 1.612 3.18826e-07 
9.87 1.616 3.60595e-06 
9.87 1.62 2.97734e-05 
9.87 1.624 0.000177926 
9.87 1.628 0.00080727 
9.87 1.632 0.00237595 
9.87 1.636 0.00508091 
9.87 1.64 0.00788725 
9.87 1.644 0.00857678 
9.87 1.648 0.00676322 
9.87 1.652 0.00370709 
9.87 1.656 0.00147824 
9.87 1.66 0.000427 
9.87 1.664 8.17044e-05 
9.87 1.668 1.00449e-05 
9.87 1.672 7.84206e-07 
9.87 1.676 2.99613e-08 
9.87 1.68 6.90075e-10 
9.88 1.604 1.10447e-09 
9.88 1.608 2.60551e-08 
9.88 1.612 4.23351e-07 
9.88 1.616 4.74533e-06 
9.88 1.62 3.75782e-05 
9.88 1.624 0.000206435 
9.88 1.628 0.000876471 
9.88 1.632 0.00250503 
9.88 1.636 0.00520033 
9.88 1.64 0.00750066 
9.88 1.644 0.00766291 
9.88 1.648 0.00600107 
9.88 1.652 0.00309497 
9.88 1.656 0.00122804 
9.88 1.66 0.000321631 
9.88 1.664 5.66821e-05 
9.88 1.668 6.39086e-06 
9.88 1.672 4.11464e-07 
9.88 1.676 1.46694e-08 
9.88 1.68 2.88276e-10 
9.89 1.604 1.85495e-09 
9.89 1.608 4.03345e-08 
9.89 1.612 5.77793e-07 
9.89 1.616 5.85091e-06 
9.89 1.62 4.53181e-05 
9.89 1.624 0.00025347 
9.89 1.628 0.000942707 
9.89 1.632 0.00264766 
9.89 1.636 0.00501958 
9.89 1.64 0.0070337 
9.89 1.644 0.00703836 
9.89 1.648 0.00512749 
9.89 1.652 0.00262555 
9.89 1.656 0.000957366 
9.89 1.66 0.00025071 
9.89 1.664 3.81028e-05 
9.89 1.668 4.12606e-06 
9.89 1.672 2.27823e-07 
9.89 1.676 6.69688e-09 
9.9 1.604 2.65164e-09 
9.9 1.608 5.19658e-08 
9.9 1.612 7.7539e-07 
9.9 1.616 7.69954e-06 
9.9 1.62 5.31176e-05 
9.9 1.624 0.000284157 
9.9 1.628 0.00100357 
9.9 1.632 0.00258479 
9.9 1.636 0.00466097 
9.9 1.64 0.00642933 
9.9 1.644 0.00600601 
9.9 1.648 0.00428415 
9.9 1.652 0.00205783 
9.9 1.656 0.000721185 
9.9 1.66 0.000166341 
9.9 1.664 2.69112e-05 
9.9 1.668 2.37035e-06 
9.9 1.672 1.2213e-07 
9.9 1.676 2.73498e-09 
9.91 1.6 1.32989e-10 
9.91 1.604 4.13045e-09 
9.91 1.608 7.7951e-08 
9.91 1.612 1.02129e-06 
9.91 1.616 9.68385e-06 
9.91 1.62 6.47619e-05 
9.91 1.624 0.000304528 
9.91 1.628 0.00101408 
9.91 1.632 0.00258059 
9.91 1.636 0.00451156 
9.91 1.64 0.00559933 
9.91 1.644 0.00521842 
9.91 1.648 0.00349298 
9.91 1.652 0.00161526 
9.91 1.656 0.000537115 
9.91 1.66 0.000119266 
9.91 1.664 1.7574e-05 
9.91 1.668 1.35132e-06 
9.91 1.672 6.16005e-08 
9.91 1.676 1.25825e-09 
9.92 1.6 2.57805e-10 
9.92 1.604 6.04793e-09 
9.92 1.608 1.07762e-07 
9.92 1.612 1.32824e-06 
9.92 1.616 1.21184e-05 
9.92 1.62 7.53082e-05 
9.92 1.624 0.000336587 
9.92 1.628 0.00104244 
9.92 1.632 0.00247607 
9.92 1.636 0.0041382 
9.92 1.64 0.00506448 
9.92 1.644 0.00440849 
9.92 1.648 0.00278914 
9.92 1.652 0.0012389 
9.92 1.656 0.000404443 
9.92 1.66 8.42225e-05 
9.92 1.664 1.12771e-05 
9.92 1.668 7.31382e-07 
9.92 1.672 2.55706e-08 
9.92 1.676 3.84007e-10 
9.93 1.6 3.66566e-10 
9.93 1.604 9.05246e-09 
9.93 1.608 1.46342e-07 
9.93 1.612 1.68363e-06 
9.93 1.616 1.40118e-05 
9.93 1.62 8.2994e-05 
9.93 1.624 0.000342321 
9.93 1.628 0.00106025 
9.93 1.632 0.002401 
9.93 1.636 0.00379901 
9.93 1.64 0.00452735 
9.93 1.644 0.00367825 
9.93 1.648 0.0023107 
9.93 1.652 0.000968794 
9.93 1.656 0.000291878 
9.93 1.66 6.02531e-05 
9.93 1.664 6.63559e-06 
9.93 1.668 3.86575e-07 
9.93 1.672 1.09964e-08 
9.93 1.676 1.08676e-10 
9.94 1.6 5.72658e-10 
9.94 1.604 1.19014e-08 
9.94 1.608 1.85213e-07 
9.94 1.612 1.93748e-06 
9.94 1.616 1.56448e-05 
9.94 1.62 8.62882e-05 
9.94 1.624 0.000359143 
9.94 1.628 0.00105477 
9.94 1.632 0.00227404 
9.94 1.636 0.00354194 
9.94 1.64 0.00398485 
9.94 1.644 0.00314174 
9.94 1.648 0.0018361 
9.94 1.652 0.000746101 
9.94 1.656 0.000204386 
9.94 1.66 3.77686e-05 
9.94 1.664 3.57057e-06 
9.94 1.668 1.86339e-07 
9.94 1.672 4.09231e-09 
9.95 1.6 7.98885e-10 
9.95 1.604 1.6078e-08 
9.95 1.608 2.25785e-07 
9.95 1.612 2.33883e-06 
9.95 1.616 1.69048e-05 
9.95 1.62 9.11789e-05 
9.95 1.624 0.000368601 
9.95 1.628 0.00101796 
9.95 1.632 0.00215441 
9.95 1.636 0.00317257 
9.95 1.64 0.00337388 
9.95 1.644 0.00259262 
9.95 1.648 0.00145063 
9.95 1.652 0.000542827 
9.95 1.656 0.000139382 
9.95 1.66 2.38258e-05 
9.95 1.664 1.89704e-06 
9.95 1.668 8.54207e-08 
9.95 1.672 1.15545e-09 
9.96 1.6 1.1431e-09 
9.96 1.604 2.18786e-08 
9.96 1.608 2.82134e-07 
9.96 1.612 2.74197e-06 
9.96 1.616 1.93843e-05 
9.96 1.62 9.98945e-05 
9.96 1.624 0.000365255 
9.96 1.628 0.00100263 
9.96 1.632 0.00196403 
9.96 1.636 0.00280069 
9.96 1.64 0.00284234 
9.96 1.644 0.00213723 
9.96 1.648 0.00107228 
9.96 1.652 0.000382528 
9.96 1.656 9.26097e-05 
9.96 1.66 1.30029e-05 
9.96 1.664 8.2561e-07 
9.96 1.668 3.13777e-08 
9.96 1.672 4.34849e-10 
9.97 1.6 1.50875e-09 
9.97 1.604 2.63794e-08 
9.97 1.608 3.38941e-07 
9.97 1.612 3.20004e-06 
9.97 1.616 2.11546e-05 
9.97 1.62 0.000103998 
9.97 1.624 0.000366135 
9.97 1.628 0.000911987 
9.97 1.632 0.00179724 
9.97 1.636 0.00238759 
9.97 1.64 0.00235287 
9.97 1.644 0.00171045 
9.97 1.648 0.000808987 
9.97 1.652 0.000273465 
9.97 1.656 6.37079e-05 
9.97 1.66 6.75556e-06 
9.97 1.664 3.65936e-07 
9.97 1.668 1.00309e-08 
9.98 1.6 1.99939e-09 
9.98 1.604 3.34484e-08 
9.98 1.608 4.20485e-07 
9.98 1.612 3.56743e-06 
9.98 1.616 2.33829e-05 
9.98 1.62 0.000106007 
9.98 1.624 0.000349959 
9.98 1.628 0.000864136 
9.98 1.632 0.00156778 
9.98 1.636 0.00201373 
9.98 1.64 0.00196246 
9.98 1.644 0.00129239 
9.98 1.648 0.000600805 
9.98 1.652 0.000192807 
9.98 1.656 3.94249e-05 
9.98 1.66 3.10583e-06 
9.98 1.664 1.70438e-07 
9.98 1.668 3.71696e-09 
9.99 1.596 1.16349e-10 
9.99 1.6 2.66534e-09 
9.99 1.604 4.18667e-08 
9.99 1.608 4.9863e-07 
9.99 1.612 4.13026e-06 
9.99 1.616 2.4424e-05 
9.99 1.62 0.000105115 
9.99 1.624 0.000324133 
9.99 1.628 0.000792419 
9.99 1.632 0.0013534 
9.99 1.636 0.00168478 
9.99 1.64 0.00155332 
9.99 1.644 0.000986678 
9.99 1.648 0.000433822 
9.99 1.652 0.000139689 
9.99 1.656 2.45181e-05 
9.99 1.66 1.61245e-06 
9.99 1.664 5.74352e-08 
9.99 1.668 8.39542e-10 
10 1.596 1.61821e-10 
10 1.6 3.28151e-09 
10 1.604 5.10207e-08 
10 1.608 5.53935e-07 
10 1.612 4.37302e-06 
10 1.616 2.45374e-05 
10 1.62 0.000100174 
10 1.624 0.000309739 
10 1.628 0.000714016 
10 1.632 0.00115975 
10 1.636 0.00138561 
10 1.64 0.00121893 
10 1.644 0.000748341 
10 1.648 0.000320337 
10 1.652 9.32399e-05 
10 1.656 1.11705e-05 
10 1.66 6.89828e-07 
10 1.664 2.06015e-08 
10 1.668 1.59128e-10 
10.01 1.596 2.08368e-10 
10.01 1.6 4.11358e-09 
10.01 1.604 5.94528e-08 
10.01 1.608 6.38343e-07 
10.01 1.612 4.59455e-06 
10.01 1.616 2.46008e-05 
10.01 1.62 9.83034e-05 
10.01 1.624 0.00030112 
10.01 1.628 0.000632487 
10.01 1.632 0.000987249 
10.01 1.636 0.0011376 
10.01 1.64 0.000929941 
10.01 1.644 0.000543503 
10.01 1.648 0.000220917 
10.01 1.652 5.56079e-05 
10.01 1.656 5.44379e-06 
10.01 1.66 2.59732e-07 
10.01 1.664 5.30927e-09 
10.02 1.596 2.68886e-10 
10.02 1.6 4.91516e-09 
10.02 1.604 6.83427e-08 
10.02 1.608 6.69498e-07 
10.02 1.612 4.67232e-06 
10.02 1.616 2.52577e-05 
10.02 1.62 9.82154e-05 
10.02 1.624 0.000273637 
10.02 1.628 0.000567586 
10.02 1.632 0.000822958 
10.02 1.636 0.000898573 
10.02 1.64 0.000729063 
10.02 1.644 0.000395404 
10.02 1.648 0.000147534 
10.02 1.652 2.94597e-05 
10.02 1.656 2.47621e-06 
10.02 1.66 1.02189e-07 
10.02 1.664 1.58087e-09 
10.03 1.596 3.2962e-10 
10.03 1.6 5.81055e-09 
10.03 1.604 7.63785e-08 
10.03 1.608 6.88414e-07 
10.03 1.612 5.10736e-06 
10.03 1.616 2.50827e-05 
10.03 1.62 9.25181e-05 
10.03 1.624 0.000252353 
10.03 1.628 0.000486935 
10.03 1.632 0.000683316 
10.03 1.636 0.000730923 
10.03 1.64 0.000552635 
10.03 1.644 0.000282471 
10.03 1.648 9.7911e-05 
10.03 1.652 1.38677e-05 
10.03 1.656 1.02499e-06 
10.03 1.66 3.3775e-08 
10.03 1.664 3.54764e-10 
10.04 1.596 4.04699e-10 
10.04 1.6 6.7575e-09 
10.04 1.604 8.62655e-08 
10.04 1.608 7.69857e-07 
10.04 1.612 5.077e-06 
10.04 1.616 2.5127e-05 
10.04 1.62 8.723e-05 
10.04 1.624 0.000219238 
10.04 1.628 0.000413902 
10.04 1.632 0.000587551 
10.04 1.636 0.000577793 
10.04 1.64 0.00040508 
10.04 1.644 0.000207444 
10.04 1.648 5.75568e-05 
10.04 1.652 5.44813e-06 
10.04 1.656 4.27495e-07 
10.04 1.66 1.04834e-08 
10.05 1.596 5.0491e-10 
10.05 1.6 8.20802e-09 
10.05 1.604 9.45888e-08 
10.05 1.608 8.1874e-07 
10.05 1.612 5.19587e-06 
10.05 1.616 2.31431e-05 
10.05 1.62 7.9846e-05 
10.05 1.624 0.000196208 
10.05 1.628 0.000358191 
10.05 1.632 0.00046416 
10.05 1.636 0.000450172 
10.05 1.64 0.000315561 
10.05 1.644 0.000135468 
10.05 1.648 3.33629e-05 
10.05 1.652 2.74136e-06 
10.05 1.656 1.51101e-07 
10.05 1.66 2.81055e-09 
10.06 1.596 6.20881e-10 
10.06 1.6 9.06706e-09 
10.06 1.604 1.05506e-07 
10.06 1.608 8.38994e-07 
10.06 1.612 4.98373e-06 
10.06 1.616 2.16528e-05 
10.06 1.62 7.2039e-05 
10.06 1.624 0.000166192 
10.06 1.628 0.000287334 
10.06 1.632 0.000384837 
10.06 1.636 0.000343611 
10.06 1.64 0.000210208 
10.06 1.644 8.81403e-05 
10.06 1.648 1.59122e-05 
10.06 1.652 1.29478e-06 
10.06 1.656 4.59525e-08 
10.06 1.66 7.04318e-10 
10.07 1.596 7.31002e-10 
10.07 1.6 1.04523e-08 
10.07 1.604 1.12416e-07 
10.07 1.608 8.59315e-07 
10.07 1.612 4.7279e-06 
10.07 1.616 2.00588e-05 
10.07 1.62 6.28516e-05 
10.07 1.624 0.000144443 
10.07 1.628 0.000242577 
10.07 1.632 0.000289538 
10.07 1.636 0.000236936 
10.07 1.64 0.000141477 
10.07 1.644 5.36801e-05 
10.07 1.648 5.30067e-06 
10.07 1.652 4.52049e-07 
10.07 1.656 1.50214e-08 
10.07 1.66 1.36486e-10 
10.08 1.596 8.48299e-10 
10.08 1.6 1.1593e-08 
10.08 1.604 1.1639e-07 
10.08 1.608 8.17036e-07 
10.08 1.612 4.57194e-06 
10.08 1.616 1.85798e-05 
10.08 1.62 5.53886e-05 
10.08 1.624 0.00011985 
10.08 1.628 0.000187701 
10.08 1.632 0.000210751 
10.08 1.636 0.00016652 
10.08 1.64 9.1179e-05 
10.08 1.644 2.62558e-05 
10.08 1.648 2.9613e-06 
10.08 1.652 1.87423e-07 
10.08 1.656 4.51052e-09 
10.09 1.596 9.65613e-10 
10.09 1.6 1.22487e-08 
10.09 1.604 1.12125e-07 
10.09 1.608 8.08596e-07 
10.09 1.612 4.30041e-06 
10.09 1.616 1.65458e-05 
10.09 1.62 4.58655e-05 
10.09 1.624 9.94635e-05 
10.09 1.628 0.000147743 
10.09 1.632 0.000151876 
10.09 1.636 0.000115803 
10.09 1.64 6.20612e-05 
10.09 1.644 1.32605e-05 
10.09 1.648 1.04319e-06 
10.09 1.652 6.68686e-08 
10.09 1.656 9.3202e-10 
10.1 1.596 1.03446e-09 
10.1 1.6 1.31965e-08 
10.1 1.604 1.12283e-07 
10.1 1.608 7.85502e-07 
10.1 1.612 3.96479e-06 
10.1 1.616 1.46743e-05 
10.1 1.62 3.95419e-05 
10.1 1.624 7.89728e-05 
10.1 1.628 0.000111879 
10.1 1.632 0.000114108 
10.1 1.636 7.92978e-05 
10.1 1.64 3.54564e-05 
10.1 1.644 4.87341e-06 
10.1 1.648 4.42265e-07 
10.1 1.652 1.83318e-08 
10.1 1.656 1.30885e-10 
10.11 1.596 1.11479e-09 
10.11 1.6 1.33727e-08 
10.11 1.604 1.1646e-07 
10.11 1.608 7.45578e-07 
10.11 1.612 3.57658e-06 
10.11 1.616 1.27405e-05 
10.11 1.62 3.3544e-05 
10.11 1.624 6.24788e-05 
10.11 1.628 8.52125e-05 
10.11 1.632 7.86582e-05 
10.11 1.636 5.38023e-05 
10.11 1.64 1.95369e-05 
10.11 1.644 1.75082e-06 
10.11 1.648 1.50895e-07 
10.11 1.652 4.57418e-09 
10.12 1.596 1.18905e-09 
10.12 1.6 1.33653e-08 
10.12 1.604 1.16357e-07 
10.12 1.608 6.99574e-07 
10.12 1.612 3.19343e-06 
10.12 1.616 1.07577e-05 
10.12 1.62 2.76985e-05 
10.12 1.624 5.00994e-05 
10.12 1.628 6.28508e-05 
10.12 1.632 5.55694e-05 
10.12 1.636 3.5661e-05 
10.12 1.64 8.45104e-06 
10.12 1.644 8.28095e-07 
10.12 1.648 4.23155e-08 
10.12 1.652 7.74098e-10 
10.13 1.596 1.21154e-09 
10.13 1.6 1.27007e-08 
10.13 1.604 1.09039e-07 
10.13 1.608 6.17997e-07 
10.13 1.612 2.69154e-06 
10.13 1.616 8.97161e-06 
10.13 1.62 2.09723e-05 
10.13 1.624 3.78215e-05 
10.13 1.628 4.59858e-05 
10.13 1.632 3.90937e-05 
10.13 1.636 2.15243e-05 
10.13 1.64 3.25828e-06 
10.13 1.644 2.36972e-07 
10.13 1.648 1.13769e-08 
10.14 1.596 1.23475e-09 
10.14 1.6 1.25269e-08 
10.14 1.604 9.57932e-08 
10.14 1.608 5.55963e-07 
10.14 1.612 2.31758e-06 
10.14 1.616 7.30529e-06 
10.14 1.62 1.62988e-05 
10.14 1.624 2.74701e-05 
10.14 1.628 3.44147e-05 
10.14 1.632 2.69984e-05 
10.14 1.636 1.17529e-05 
10.14 1.64 1.12816e-06 
10.14 1.644 1.23263e-07 
10.14 1.648 2.86618e-09 
