#logrho PDF
-5 0.0820787
-4.9975 0.0443284
-4.995 0.0449407
-4.9925 0.0460662
-4.99 0.0455877
-4.9875 0.0471922
-4.985 0.0482354
-4.9825 0.0473191
-4.98 0.0451205
-4.9775 0.0467856
-4.975 0.0443655
-4.9725 0.0415292
-4.97 0.0429404
-4.9675 0.0374677
-4.965 0.0370319
-4.9625 0.0342418
-4.96 0.0313435
-4.9575 0.0302401
-4.955 0.0280139
-4.9525 0.0243169
-4.95 0.0229427
-4.9475 0.0209611
-4.945 0.0178056
-4.9425 0.0161421
-4.94 0.0145814
-4.9375 0.0131981
-4.935 0.0108937
-4.9325 0.00929569
-4.93 0.00793755
-4.9275 0.00640123
-4.925 0.00455732
-4.9225 0.00303909
-4.92 0.00169411
-4.9175 0.000902624
-4.915 0.000339929
-4.9125 0.000124273
-4.91 3.18974e-05
-4.9075 5.77274e-06
-4.905 3.87393e-07
