#logm PDFlogm m(Ms) PDF
-0.04103 1.26253e-09 0.90985 6.02636e-10
-0.03903 6.61652e-09 0.91405 3.14372e-09
-0.03703 1.98762e-08 0.918269 9.40042e-09
-0.03503 3.55385e-07 0.922508 1.67307e-07
-0.03303 1.1489e-06 0.926766 5.38389e-07
-0.03103 2.79311e-06 0.931044 1.30287e-06
-0.02903 6.66033e-06 0.935341 3.0925e-06
-0.02703 1.55054e-05 0.939658 7.16632e-06
-0.02503 1.74931e-05 0.943996 8.04786e-06
-0.02303 3.51384e-05 0.948353 1.60915e-05
-0.02103 6.69022e-05 0.95273 3.04968e-05
-0.01903 7.42352e-05 0.957128 3.36841e-05
-0.01703 0.0001124 0.961546 5.07669e-05
-0.01503 0.000165098 0.965984 7.42258e-05
-0.01303 0.000198482 0.970443 8.88249e-05
-0.01103 0.000242594 0.974922 0.000108067
-0.00902998 0.000366888 0.979422 0.000162685
-0.00703001 0.000449566 0.983943 0.00019843
-0.00503001 0.000586836 0.988485 0.000257828
-0.00303 0.000801855 0.993047 0.000350679
-0.00103 0.000850213 0.997631 0.00037012
0.000970006 0.0011712 1.00224 0.00050751
0.00297001 0.00130246 1.00686 0.000561797
0.00497001 0.00150983 1.01151 0.000648249
0.00697002 0.0019332 1.01618 0.00082621
0.00896999 0.00194598 1.02087 0.000827854
0.01097 0.00259954 1.02558 0.00110081
0.01297 0.00286251 1.03031 0.0012066
0.01497 0.00315184 1.03507 0.00132245
0.01697 0.0041894 1.03985 0.00174971
0.01897 0.00411067 1.04465 0.00170894
0.02097 0.00540162 1.04947 0.00223531
0.02297 0.00552081 1.05431 0.00227414
0.02497 0.00674773 1.05918 0.00276676
0.02697 0.00691393 1.06407 0.00282189
0.02897 0.00805506 1.06898 0.00327253
0.03097 0.00970931 1.07392 0.00392647
0.03297 0.0101644 1.07887 0.00409161
0.03497 0.0120848 1.08385 0.00484234
0.03697 0.0119847 1.08885 0.00478016
0.03897 0.0141217 1.09388 0.00560661
0.04097 0.0145356 1.09893 0.00574444
0.04297 0.0166724 1.104 0.00655864
0.04497 0.0170688 1.1091 0.00668372
0.04697 0.0196301 1.11422 0.00765134
0.04897 0.0212623 1.11936 0.00824946
0.05097 0.0236017 1.12453 0.00911502
0.05297 0.0248345 1.12972 0.00954706
0.05497 0.0260841 1.13493 0.00998139
0.05697 0.0269434 1.14017 0.0102628
0.05897 0.0270318 1.14543 0.0102492
0.06097 0.028242 1.15072 0.0106588
0.06297 0.0306086 1.15603 0.011499
0.06497 0.0294682 1.16137 0.0110197
0.06697 0.0293046 1.16673 0.0109081
0.06897 0.0312294 1.17211 0.0115712
0.07097 0.0311727 1.17752 0.0114971
0.07297 0.0328188 1.18296 0.0120486
0.07497 0.0310266 1.18842 0.0113383
0.07697 0.0287626 1.19391 0.0104627
0.07897 0.0311246 1.19942 0.0112698
0.08097 0.0298137 1.20495 0.0107456
0.08297 0.0298014 1.21051 0.0106918
0.08497 0.0277246 1.2161 0.00990101
0.08697 0.0257806 1.22172 0.00916446
0.08897 0.0241953 1.22735 0.00856143
0.09097 0.0224923 1.23302 0.00792224
0.09297 0.0216966 1.23871 0.00760687
0.09497 0.020717 1.24443 0.00723005
0.09697 0.0203956 1.25017 0.00708516
0.09897 0.0168792 1.25594 0.00583668
0.10097 0.0161874 1.26174 0.00557175
0.10297 0.0138234 1.26756 0.00473619
0.10497 0.0118386 1.27342 0.00403751
0.10697 0.0113231 1.27929 0.00384397
0.10897 0.0102766 1.2852 0.00347266
0.11097 0.00880458 1.29113 0.00296158
0.11297 0.00776896 1.29709 0.00260122
0.11497 0.00670698 1.30308 0.00223533
0.11697 0.00593371 1.30909 0.00196852
0.11897 0.00468813 1.31513 0.00154815
0.12097 0.00395756 1.3212 0.00130089
0.12297 0.0033233 1.3273 0.00108739
0.12497 0.00296387 1.33343 0.000965325
0.12697 0.00245755 1.33958 0.000796741
0.12897 0.00192411 1.34577 0.000620931
0.13097 0.00166174 1.35198 0.000533797
0.13297 0.00135431 1.35822 0.000433043
0.13497 0.00108924 1.36449 0.000346688
0.13697 0.00087435 1.37079 0.000277013
0.13897 0.00065082 1.37711 0.000205246
0.14097 0.000475872 1.38347 0.000149384
0.14297 0.000384905 1.38986 0.000120273
0.14497 0.000294864 1.39627 9.17141e-05
0.14697 0.000225498 1.40272 6.98164e-05
0.14897 0.000172525 1.40919 5.31701e-05
0.15097 0.000127767 1.4157 3.91951e-05
0.15297 9.33193e-05 1.42223 2.84961e-05
0.15497 7.43941e-05 1.4288 2.26127e-05
0.15697 4.63132e-05 1.43539 1.40126e-05
0.15897 3.14989e-05 1.44202 9.48659e-06
0.16097 2.29903e-05 1.44867 6.89221e-06
0.16297 1.57276e-05 1.45536 4.69328e-06
0.16497 1.05758e-05 1.46208 3.14144e-06
0.16697 7.60112e-06 1.46882 2.24746e-06
0.16897 4.74376e-06 1.4756 1.39617e-06
0.17097 3.39088e-06 1.48242 9.93406e-07
0.17297 2.16906e-06 1.48926 6.32537e-07
0.17497 1.46854e-06 1.49613 4.26284e-07
0.17697 7.61361e-07 1.50304 2.19991e-07
0.17897 4.65429e-07 1.50998 1.33865e-07
0.18097 2.89442e-07 1.51695 8.28659e-08
0.18297 1.80044e-07 1.52395 5.1309e-08
0.18497 1.0257e-07 1.53098 2.90961e-08
0.18697 6.22011e-08 1.53805 1.75636e-08
0.18897 3.5799e-08 1.54515 1.0062e-08
0.19097 2.03967e-08 1.55228 5.70655e-09
0.19297 1.18164e-08 1.55944 3.29079e-09
0.19497 6.149e-09 1.56664 1.70459e-09
0.19697 3.51238e-09 1.57387 9.69205e-10
0.19897 1.69012e-09 1.58114 4.64227e-10
