#logm PDFlogm m(Ms) PDF
-0.04903 2.6793e-09 0.893244 1.30268e-09
-0.04703 9.49438e-09 0.897367 4.59495e-09
-0.04503 2.60802e-08 0.901509 1.25639e-08
-0.04303 5.25304e-08 0.90567 2.51898e-08
-0.04103 1.47767e-07 0.90985 7.05328e-08
-0.03903 3.19359e-07 0.91405 1.51737e-07
-0.03703 5.81352e-07 0.918269 2.7495e-07
-0.03503 1.90958e-06 0.922508 8.98984e-07
-0.03303 3.84104e-06 0.926766 1.79996e-06
-0.03103 8.07884e-06 0.931044 3.76845e-06
-0.02903 1.31095e-05 0.935341 6.08697e-06
-0.02703 2.65134e-05 0.939658 1.2254e-05
-0.02503 3.07318e-05 0.943996 1.41385e-05
-0.02303 5.79177e-05 0.948353 2.65232e-05
-0.02103 0.000103926 0.95273 4.73738e-05
-0.01903 0.000101622 0.957128 4.61107e-05
-0.01703 0.000210842 0.961546 9.52297e-05
-0.01503 0.000233909 0.965984 0.000105163
-0.01303 0.000346506 0.970443 0.000155069
-0.01103 0.000421625 0.974922 0.00018782
-0.00902998 0.000512807 0.979422 0.000227388
-0.00703001 0.000758721 0.983943 0.000334886
-0.00503001 0.000744902 0.988485 0.000327275
-0.00303 0.00117301 0.993047 0.000512997
-0.00103 0.00113466 0.997631 0.000493948
0.000970006 0.00167228 1.00224 0.000724643
0.00297001 0.00203406 1.00686 0.000877361
0.00497001 0.00191976 1.01151 0.000824255
0.00697002 0.00280223 1.01618 0.00119762
0.00896999 0.00264522 1.02087 0.00112532
0.01097 0.00360484 1.02558 0.00152651
0.01297 0.00413454 1.03031 0.00174278
0.01497 0.00425239 1.03507 0.00178422
0.01697 0.00572205 1.03985 0.00238982
0.01897 0.00541632 1.04465 0.00225174
0.02097 0.00769564 1.04947 0.00318463
0.02297 0.00856509 1.05431 0.00352814
0.02497 0.00888344 1.05918 0.00364247
0.02697 0.0107098 1.06407 0.00437114
0.02897 0.011033 1.06898 0.00448236
0.03097 0.012955 1.07392 0.00523903
0.03297 0.0141854 1.07887 0.00571025
0.03497 0.0147925 1.08385 0.00592729
0.03697 0.0167464 1.08885 0.00667939
0.03897 0.0171415 1.09388 0.00680557
0.04097 0.0190365 1.09893 0.00752319
0.04297 0.0223954 1.104 0.00880994
0.04497 0.0195991 1.1091 0.0076745
0.04697 0.0242835 1.11422 0.0094651
0.04897 0.0241517 1.11936 0.00937048
0.05097 0.027012 1.12453 0.0104321
0.05297 0.027732 1.12972 0.010661
0.05497 0.0279794 1.13493 0.0107066
0.05697 0.0302998 1.14017 0.0115413
0.05897 0.0317156 1.14543 0.012025
0.06097 0.0275641 1.15072 0.010403
0.06297 0.0338538 1.15603 0.0127181
0.06497 0.0303327 1.16137 0.0113429
0.06697 0.0296142 1.16673 0.0110234
0.06897 0.0332867 1.17211 0.0123335
0.07097 0.0278557 1.17752 0.0102737
0.07297 0.0316225 1.18296 0.0116094
0.07497 0.0281003 1.18842 0.0102689
0.07697 0.0297405 1.19391 0.0108184
0.07897 0.0299494 1.19942 0.0108443
0.08097 0.0242452 1.20495 0.00873856
0.08297 0.0261573 1.21051 0.0093844
0.08497 0.0227402 1.2161 0.008121
0.08697 0.0215461 1.22172 0.00765919
0.08897 0.0206345 1.22735 0.00730145
0.09097 0.0197189 1.23302 0.0069454
0.09297 0.0185823 1.23871 0.00651501
0.09497 0.0153138 1.24443 0.00534438
0.09697 0.0163459 1.25017 0.00567837
0.09897 0.0119227 1.25594 0.00412276
0.10097 0.0118771 1.26174 0.00408812
0.10297 0.0104901 1.26756 0.00359414
0.10497 0.00919215 1.27342 0.00313496
0.10697 0.00865204 1.27929 0.00293719
0.10897 0.0069756 1.2852 0.0023572
0.11097 0.00615453 1.29113 0.00207018
0.11297 0.00545381 1.29709 0.00182606
0.11497 0.00441456 1.30308 0.0014713
0.11697 0.00398614 1.30909 0.00132241
0.11897 0.00301616 1.31513 0.000996021
0.12097 0.00271824 1.3212 0.000893516
0.12297 0.00210588 1.3273 0.000689046
0.12497 0.00188804 1.33343 0.00061493
0.12697 0.0014826 1.33958 0.000480661
0.12897 0.00116653 1.34577 0.000376452
0.13097 0.000969357 1.35198 0.000311385
0.13297 0.000769812 1.35822 0.000246149
0.13497 0.000622936 1.36449 0.00019827
0.13697 0.000473781 1.37079 0.000150104
0.13897 0.000386726 1.37711 0.00012196
0.14097 0.000247577 1.38347 7.77185e-05
0.14297 0.000226551 1.38986 7.07914e-05
0.14497 0.000159314 1.39627 4.95528e-05
0.14697 0.00012184 1.40272 3.77227e-05
0.14897 9.43786e-05 1.40919 2.90863e-05
0.15097 6.68584e-05 1.4157 2.05102e-05
0.15297 4.60004e-05 1.42223 1.40467e-05
0.15497 3.75442e-05 1.4288 1.14119e-05
0.15697 2.35113e-05 1.43539 7.11363e-06
0.15897 1.6055e-05 1.44202 4.83532e-06
0.16097 1.21717e-05 1.44867 3.64894e-06
0.16297 7.72608e-06 1.45536 2.30555e-06
0.16497 5.18916e-06 1.46208 1.54139e-06
0.16697 3.53414e-06 1.46882 1.04496e-06
0.16897 2.3162e-06 1.4756 6.81696e-07
0.17097 1.65953e-06 1.48242 4.86183e-07
0.17297 1.00873e-06 1.48926 2.94164e-07
0.17497 6.96691e-07 1.49613 2.02234e-07
0.17697 3.72742e-07 1.50304 1.07702e-07
0.17897 2.13953e-07 1.50998 6.15366e-08
0.18097 1.39179e-07 1.51695 3.98462e-08
0.18297 8.45739e-08 1.52395 2.41019e-08
0.18497 4.69495e-08 1.53098 1.33182e-08
0.18697 3.0525e-08 1.53805 8.61927e-09
0.18897 1.73173e-08 1.54515 4.86738e-09
0.19097 9.32466e-09 1.55228 2.60884e-09
0.19297 6.20981e-09 1.55944 1.72939e-09
0.19497 2.94519e-09 1.56664 8.16447e-10
0.19697 1.58362e-09 1.57387 4.36985e-10
