#logm PDFlogm m(Ms) PDF
-0.05103 1.10764e-09 0.88914 5.41019e-10
-0.04903 6.42891e-09 0.893244 3.12573e-09
-0.04703 1.96259e-08 0.897367 9.49826e-09
-0.04503 5.12053e-08 0.901509 2.46677e-08
-0.04303 1.03218e-07 0.90567 4.94958e-08
-0.04103 2.72045e-07 0.90985 1.29854e-07
-0.03903 5.56473e-07 0.91405 2.64398e-07
-0.03703 1.01849e-06 0.918269 4.81692e-07
-0.03503 2.60551e-06 0.922508 1.22661e-06
-0.03303 4.86582e-06 0.926766 2.28019e-06
-0.03103 1.03712e-05 0.931044 4.83773e-06
-0.02903 1.55916e-05 0.935341 7.23945e-06
-0.02703 3.12957e-05 0.939658 1.44644e-05
-0.02503 3.96808e-05 0.943996 1.82556e-05
-0.02303 7.01919e-05 0.948353 3.21441e-05
-0.02103 0.000127863 0.95273 5.82852e-05
-0.01903 0.000114472 0.957128 5.19414e-05
-0.01703 0.000254619 0.961546 0.000115002
-0.01503 0.000262357 0.965984 0.000117952
-0.01303 0.000414853 0.970443 0.000185656
-0.01103 0.000526705 0.974922 0.000234629
-0.00902998 0.000577709 0.979422 0.000256167
-0.00703001 0.000925012 0.983943 0.000408283
-0.00503001 0.000795511 0.988485 0.000349511
-0.00303 0.00143066 0.993047 0.000625678
-0.00103 0.00133044 0.997631 0.000579177
0.000970006 0.00193326 1.00224 0.00083773
0.00297001 0.00251921 1.00686 0.00108662
0.00497001 0.0021063 1.01151 0.000904347
0.00697002 0.00336032 1.01618 0.00143613
0.00896999 0.00296053 1.02087 0.00125946
0.01097 0.00439502 1.02558 0.00186112
0.01297 0.00464941 1.03031 0.0019598
0.01497 0.00484799 1.03507 0.00203412
0.01697 0.00654332 1.03985 0.00273283
0.01897 0.00646446 1.04465 0.00268749
0.02097 0.00895067 1.04947 0.00370399
0.02297 0.00937456 1.05431 0.00386158
0.02497 0.0103937 1.05918 0.0042617
0.02697 0.0122884 1.06407 0.00501546
0.02897 0.0123716 1.06898 0.00502622
0.03097 0.0142117 1.07392 0.00574724
0.03297 0.0161138 1.07887 0.00648653
0.03497 0.0158372 1.08385 0.00634588
0.03697 0.0183302 1.08885 0.0073111
0.03897 0.0186907 1.09388 0.00742061
0.04097 0.0200953 1.09893 0.0079416
0.04297 0.024173 1.104 0.00950921
0.04497 0.0205747 1.1091 0.00805654
0.04697 0.0267227 1.11422 0.0104158
0.04897 0.0255855 1.11936 0.00992676
0.05097 0.0261142 1.12453 0.0100854
0.05297 0.0302092 1.12972 0.0116132
0.05497 0.029076 1.13493 0.0111262
0.05697 0.0289808 1.14017 0.0110389
0.05897 0.032521 1.14543 0.0123304
0.06097 0.0294954 1.15072 0.0111319
0.06297 0.0337872 1.15603 0.0126931
0.06497 0.0289708 1.16137 0.0108336
0.06697 0.0307831 1.16673 0.0114585
0.06897 0.0327531 1.17211 0.0121358
0.07097 0.0252768 1.17752 0.00932259
0.07297 0.0327001 1.18296 0.012005
0.07497 0.0270345 1.18842 0.00987945
0.07697 0.0289603 1.19391 0.0105346
0.07897 0.026519 1.19942 0.00960222
0.08097 0.0248524 1.20495 0.00895741
0.08297 0.0244905 1.21051 0.00878643
0.08497 0.0203367 1.2161 0.00726263
0.08697 0.0209418 1.22172 0.00744436
0.08897 0.0188529 1.22735 0.00667103
0.09097 0.018195 1.23302 0.00640864
0.09297 0.0161918 1.23871 0.00567688
0.09497 0.0144929 1.24443 0.00505789
0.09697 0.0147281 1.25017 0.00511636
0.09897 0.0105848 1.25594 0.00366015
0.10097 0.0106395 1.26174 0.00366216
0.10297 0.00932846 1.26756 0.00319613
0.10497 0.00807851 1.27342 0.00275515
0.10697 0.0075814 1.27929 0.00257374
0.10897 0.00606086 1.2852 0.00204809
0.11097 0.00532838 1.29113 0.0017923
0.11297 0.00449692 1.29709 0.00150567
0.11497 0.00402565 1.30308 0.00134169
0.11697 0.0034138 1.30909 0.00113254
0.11897 0.00254064 1.31513 0.000838993
0.12097 0.00227811 1.3212 0.00074884
0.12297 0.00177502 1.3273 0.000580789
0.12497 0.00157075 1.33343 0.000511589
0.12697 0.00121272 1.33958 0.000393164
0.12897 0.000959694 1.34577 0.000309704
0.13097 0.000777767 1.35198 0.000249841
0.13297 0.000628501 1.35822 0.000200965
0.13497 0.000498461 1.36449 0.000158652
0.13697 0.000371327 1.37079 0.000117644
0.13897 0.000295288 1.37711 9.31236e-05
0.14097 0.000213456 1.38347 6.70072e-05
0.14297 0.000180881 1.38986 5.65207e-05
0.14497 0.000116277 1.39627 3.61665e-05
0.14697 0.000102393 1.40272 3.1702e-05
0.14897 7.32441e-05 1.40919 2.25729e-05
0.15097 4.86602e-05 1.4157 1.49275e-05
0.15297 3.8549e-05 1.42223 1.17714e-05
0.15497 2.88637e-05 1.4288 8.77335e-06
0.15697 1.65639e-05 1.43539 5.01159e-06
0.15897 1.37285e-05 1.44202 4.13465e-06
0.16097 9.2892e-06 1.44867 2.78479e-06
0.16297 5.36676e-06 1.45536 1.6015e-06
0.16497 4.37411e-06 1.46208 1.29928e-06
0.16697 2.65344e-06 1.46882 7.84554e-07
0.16897 1.75507e-06 1.4756 5.16546e-07
0.17097 1.1903e-06 1.48242 3.48716e-07
0.17297 8.11829e-07 1.48926 2.36744e-07
0.17497 5.19497e-07 1.49613 1.50799e-07
0.17697 2.64834e-07 1.50304 7.65223e-08
0.17897 1.74865e-07 1.50998 5.0294e-08
0.18097 1.0635e-07 1.51695 3.04475e-08
0.18297 5.91287e-08 1.52395 1.68505e-08
0.18497 4.00078e-08 1.53098 1.1349e-08
0.18697 2.31572e-08 1.53805 6.53883e-09
0.18897 1.20765e-08 1.54515 3.39435e-09
0.19097 7.72755e-09 1.55228 2.162e-09
0.19297 4.72875e-09 1.55944 1.31692e-09
0.19497 2.16135e-09 1.56664 5.99155e-10
0.19697 1.1606e-09 1.57387 3.20256e-10
