#logm PDFlogm m(Ms) PDF
-0.04703 1.33712e-09 0.897367 6.47118e-10
-0.04503 7.09751e-09 0.901509 3.41917e-09
-0.04303 1.574e-08 0.90567 7.54779e-09
-0.04103 5.67627e-08 0.90985 2.70943e-08
-0.03903 1.36235e-07 0.91405 6.47296e-08
-0.03703 2.609e-07 0.918269 1.23392e-07
-0.03503 1.29105e-06 0.922508 6.07793e-07
-0.03303 3.41688e-06 0.926766 1.60119e-06
-0.03103 6.89173e-06 0.931044 3.21472e-06
-0.02903 1.27918e-05 0.935341 5.93943e-06
-0.02703 2.52427e-05 0.939658 1.16668e-05
-0.02503 2.71882e-05 0.943996 1.25082e-05
-0.02303 5.14315e-05 0.948353 2.35529e-05
-0.02103 8.94758e-05 0.95273 4.07868e-05
-0.01903 9.50592e-05 0.957128 4.31329e-05
-0.01703 0.000164504 0.961546 7.43002e-05
-0.01503 0.000208657 0.965984 9.38098e-05
-0.01303 0.000278633 0.970443 0.000124694
-0.01103 0.000336127 0.974922 0.000149733
-0.00902998 0.000458502 0.979422 0.000203309
-0.00703001 0.000598232 0.983943 0.000264049
-0.00503001 0.000676771 0.988485 0.000297342
-0.00303 0.00098386 0.993047 0.000430276
-0.00103 0.000972966 0.997631 0.000423557
0.000970006 0.00144012 1.00224 0.00062404
0.00297001 0.00162065 1.00686 0.000699044
0.00497001 0.00171675 1.01151 0.00073709
0.00697002 0.00228191 1.01618 0.000975245
0.00896999 0.00229691 1.02087 0.000977144
0.01097 0.00304307 1.02558 0.00128862
0.01297 0.00340626 1.03031 0.00143579
0.01497 0.00367875 1.03507 0.00154353
0.01697 0.00482958 1.03985 0.00201708
0.01897 0.00466403 1.04465 0.00193899
0.02097 0.00649454 1.04947 0.00268759
0.02297 0.00698132 1.05431 0.00287576
0.02497 0.0076594 1.05918 0.00314057
0.02697 0.00872271 1.06407 0.00356013
0.02897 0.00949553 1.06898 0.00385775
0.03097 0.01118 1.07392 0.00452121
0.03297 0.0121897 1.07887 0.00490689
0.03497 0.0133394 1.08385 0.00534502
0.03697 0.014467 1.08885 0.00577024
0.03897 0.015375 1.09388 0.00610422
0.04097 0.017204 1.09893 0.006799
0.04297 0.0196584 1.104 0.00773326
0.04497 0.0183827 1.1091 0.00719821
0.04697 0.0222563 1.11422 0.00867497
0.04897 0.0224077 1.11936 0.00869384
0.05097 0.0256541 1.12453 0.00990765
0.05297 0.0264289 1.12972 0.01016
0.05497 0.0268364 1.13493 0.0102693
0.05697 0.0290456 1.14017 0.0110636
0.05897 0.0301239 1.14543 0.0114216
0.06097 0.0278288 1.15072 0.0105029
0.06297 0.0328004 1.15603 0.0123223
0.06497 0.0299411 1.16137 0.0111965
0.06697 0.0301725 1.16673 0.0112312
0.06897 0.0330078 1.17211 0.0122301
0.07097 0.0290685 1.17752 0.010721
0.07297 0.0321987 1.18296 0.011821
0.07497 0.029401 1.18842 0.0107443
0.07697 0.0299927 1.19391 0.0109101
0.07897 0.031296 1.19942 0.0113319
0.08097 0.0263383 1.20495 0.00949296
0.08297 0.0277808 1.21051 0.00996687
0.08497 0.0249727 1.2161 0.00891824
0.08697 0.0232489 1.22172 0.00826452
0.08897 0.0224872 1.22735 0.007957
0.09097 0.0214601 1.23302 0.00755867
0.09297 0.020468 1.23871 0.00717613
0.09497 0.0176469 1.24443 0.0061586
0.09697 0.0183891 1.25017 0.00638815
0.09897 0.0138002 1.25594 0.004772
0.10097 0.0136336 1.26174 0.00469273
0.10297 0.0120098 1.26756 0.00411483
0.10497 0.0106088 1.27342 0.0036181
0.10697 0.010108 1.27929 0.00343145
0.10897 0.00834676 1.2852 0.00282054
0.11097 0.00733508 1.29113 0.00246728
0.11297 0.0064852 1.29709 0.00217139
0.11497 0.00538931 1.30308 0.00179617
0.11697 0.00481923 1.30909 0.00159879
0.11897 0.00372848 1.31513 0.00123125
0.12097 0.0033515 1.3212 0.00110168
0.12297 0.00262962 1.3273 0.000860412
0.12497 0.00233483 1.33343 0.000760449
0.12697 0.00191084 1.33958 0.000619497
0.12897 0.00148161 1.34577 0.000478134
0.13097 0.00126144 1.35198 0.000405211
0.13297 0.00100668 1.35822 0.00032189
0.13497 0.000814338 1.36449 0.000259191
0.13697 0.000631887 1.37079 0.000200195
0.13897 0.000501946 1.37711 0.000158296
0.14097 0.000333112 1.38347 0.000104569
0.14297 0.000291565 1.38986 9.11067e-05
0.14497 0.000214086 1.39627 6.65889e-05
0.14697 0.000164359 1.40272 5.0887e-05
0.14897 0.000127253 1.40919 3.92177e-05
0.15097 9.04551e-05 1.4157 2.7749e-05
0.15297 6.37586e-05 1.42223 1.94694e-05
0.15497 5.165e-05 1.4288 1.56995e-05
0.15697 3.23082e-05 1.43539 9.77522e-06
0.15897 2.19312e-05 1.44202 6.60507e-06
0.16097 1.64942e-05 1.44867 4.94476e-06
0.16297 1.07002e-05 1.45536 3.19304e-06
0.16497 7.17208e-06 1.46208 2.13039e-06
0.16697 4.96421e-06 1.46882 1.46779e-06
0.16897 3.18492e-06 1.4756 9.37374e-07
0.17097 2.2852e-06 1.48242 6.69482e-07
0.17297 1.42798e-06 1.48926 4.16425e-07
0.17497 9.65575e-07 1.49613 2.80285e-07
0.17697 5.09071e-07 1.50304 1.47093e-07
0.17897 2.9523e-07 1.50998 8.49131e-08
0.18097 1.88422e-07 1.51695 5.39444e-08
0.18297 1.15331e-07 1.52395 3.28671e-08
0.18497 6.54249e-08 1.53098 1.85591e-08
0.18697 4.13643e-08 1.53805 1.16799e-08
0.18897 2.35036e-08 1.54515 6.60616e-09
0.19097 1.28665e-08 1.55228 3.59977e-09
0.19297 8.06677e-09 1.55944 2.24654e-09
0.19497 3.97151e-09 1.56664 1.10096e-09
0.19697 2.18045e-09 1.57387 6.01672e-10
0.19897 1.13227e-09 1.58114 3.11002e-10
