#fil mag PDF
0 -2.600000 0.000001
0 -2.580000 0.000002
0 -2.560000 0.000004
0 -2.540000 0.000007
0 -2.520000 0.000013
0 -2.500000 0.000022
0 -2.480000 0.000038
0 -2.460000 0.000065
0 -2.440001 0.000109
0 -2.420000 0.000180
0 -2.400001 0.000290
0 -2.380000 0.000458
0 -2.360001 0.000707
0 -2.340000 0.001073
0 -2.320001 0.001584
0 -2.300000 0.002303
0 -2.280001 0.003284
0 -2.260000 0.004574
0 -2.240000 0.006294
0 -2.220000 0.008509
0 -2.200000 0.011219
0 -2.180000 0.014716
0 -2.160000 0.018705
0 -2.140000 0.023169
0 -2.120000 0.028225
0 -2.100000 0.033306
0 -2.080000 0.038750
0 -2.060000 0.044374
0 -2.040000 0.049241
0 -2.020000 0.053776
0 -2.000000 0.057416
0 -1.980000 0.059372
0 -1.960000 0.060153
0 -1.940001 0.059396
0 -1.920000 0.057436
0 -1.900001 0.054338
0 -1.880000 0.050388
0 -1.860001 0.045645
0 -1.840000 0.040661
0 -1.820001 0.035581
0 -1.800000 0.030342
0 -1.780001 0.025191
0 -1.760000 0.020393
0 -1.740000 0.016022
0 -1.720000 0.012337
0 -1.700000 0.009198
0 -1.680000 0.006711
0 -1.660000 0.004784
0 -1.640000 0.003338
0 -1.620000 0.002263
0 -1.600000 0.001505
0 -1.580000 0.000979
0 -1.560000 0.000619
0 -1.540000 0.000385
0 -1.520000 0.000234
0 -1.500000 0.000138
0 -1.480000 0.000080
0 -1.460000 0.000045
0 -1.440001 0.000024
0 -1.420000 0.000013
0 -1.400001 0.000007
0 -1.380000 0.000003
0 -1.360001 0.000002
1 -2.100000 0.000001
1 -2.080000 0.000002
1 -2.060000 0.000004
1 -2.040000 0.000007
1 -2.020000 0.000012
1 -2.000000 0.000020
1 -1.980000 0.000034
1 -1.960000 0.000057
1 -1.940001 0.000095
1 -1.920000 0.000155
1 -1.900001 0.000248
1 -1.880000 0.000392
1 -1.860001 0.000606
1 -1.840000 0.000919
1 -1.820001 0.001363
1 -1.800000 0.001981
1 -1.780001 0.002832
1 -1.760000 0.003979
1 -1.740000 0.005532
1 -1.720000 0.007544
1 -1.700000 0.010091
1 -1.680000 0.013220
1 -1.660000 0.017010
1 -1.640000 0.021354
1 -1.620000 0.025971
1 -1.600000 0.031335
1 -1.580000 0.036740
1 -1.560000 0.042199
1 -1.540000 0.047730
1 -1.520000 0.052284
1 -1.500000 0.056616
1 -1.480000 0.059569
1 -1.460000 0.061123
1 -1.440001 0.061086
1 -1.420000 0.059650
1 -1.400001 0.056798
1 -1.380000 0.053314
1 -1.360001 0.048522
1 -1.340000 0.043250
1 -1.320001 0.037685
1 -1.300000 0.031961
1 -1.280001 0.026444
1 -1.260000 0.021228
1 -1.240000 0.016642
1 -1.220000 0.012649
1 -1.200000 0.009336
1 -1.180000 0.006749
1 -1.160000 0.004726
1 -1.140000 0.003221
1 -1.120000 0.002148
1 -1.100000 0.001403
1 -1.080000 0.000883
1 -1.060000 0.000543
1 -1.040000 0.000324
1 -1.020000 0.000188
1 -1.000000 0.000106
1 -0.980000 0.000057
1 -0.960000 0.000030
1 -0.940001 0.000015
1 -0.920000 0.000008
1 -0.900001 0.000004
1 -0.880000 0.000002
2 -0.860001 0.000002
2 -0.840000 0.000003
2 -0.820001 0.000005
2 -0.800000 0.000009
2 -0.780001 0.000015
2 -0.760000 0.000025
2 -0.740001 0.000040
2 -0.720000 0.000064
2 -0.700000 0.000101
2 -0.680000 0.000156
2 -0.660000 0.000242
2 -0.640000 0.000366
2 -0.620000 0.000547
2 -0.600000 0.000804
2 -0.580000 0.001162
2 -0.560000 0.001648
2 -0.540000 0.002308
2 -0.520000 0.003189
2 -0.500000 0.004334
2 -0.480000 0.005794
2 -0.460000 0.007635
2 -0.440001 0.009889
2 -0.420000 0.012602
2 -0.400001 0.015770
2 -0.380000 0.019478
2 -0.360001 0.023502
2 -0.340000 0.027906
2 -0.320001 0.032400
2 -0.300000 0.037174
2 -0.280001 0.041665
2 -0.260000 0.045799
2 -0.240001 0.049127
2 -0.220000 0.052196
2 -0.200000 0.054365
2 -0.180000 0.055377
2 -0.160000 0.055580
2 -0.140000 0.054502
2 -0.120000 0.052727
2 -0.100000 0.049762
2 -0.080000 0.046058
2 -0.060000 0.041684
2 -0.040000 0.037111
2 -0.020000 0.032295
2 0.000000 0.027273
2 0.020000 0.022652
2 0.040000 0.018393
2 0.059999 0.014663
2 0.080000 0.011434
2 0.099999 0.008724
2 0.120000 0.006485
2 0.139999 0.004726
2 0.160000 0.003364
2 0.179999 0.002357
2 0.200000 0.001611
2 0.219999 0.001079
2 0.240000 0.000705
2 0.259999 0.000452
2 0.280000 0.000281
2 0.300000 0.000171
2 0.320000 0.000099
2 0.340000 0.000056
2 0.360000 0.000030
2 0.380000 0.000015
2 0.400000 0.000007
2 0.420000 0.000003
2 0.440000 0.000001
3 -2.120000 0.000001
3 -2.100000 0.000002
3 -2.080000 0.000004
3 -2.060000 0.000007
3 -2.040000 0.000013
3 -2.020000 0.000022
3 -2.000000 0.000038
3 -1.980000 0.000063
3 -1.960000 0.000103
3 -1.940001 0.000166
3 -1.920000 0.000264
3 -1.900001 0.000412
3 -1.880000 0.000633
3 -1.860001 0.000954
3 -1.840000 0.001401
3 -1.820001 0.002031
3 -1.800000 0.002882
3 -1.780001 0.004051
3 -1.760000 0.005576
3 -1.740000 0.007581
3 -1.720000 0.010070
3 -1.700000 0.013185
3 -1.680000 0.016849
3 -1.660000 0.021036
3 -1.640000 0.025659
3 -1.620000 0.030788
3 -1.600000 0.036104
3 -1.580000 0.041585
3 -1.560000 0.046655
3 -1.540000 0.051451
3 -1.520000 0.055271
3 -1.500000 0.058356
3 -1.480000 0.060156
3 -1.460000 0.060335
3 -1.440001 0.059293
3 -1.420000 0.056600
3 -1.400001 0.053341
3 -1.380000 0.048738
3 -1.360001 0.044043
3 -1.340000 0.038395
3 -1.320001 0.032817
3 -1.300000 0.027280
3 -1.280001 0.022196
3 -1.260000 0.017342
3 -1.240000 0.013462
3 -1.220000 0.010049
3 -1.200000 0.007330
3 -1.180000 0.005189
3 -1.160000 0.003610
3 -1.140000 0.002427
3 -1.120000 0.001603
3 -1.100000 0.001032
3 -1.080000 0.000643
3 -1.060000 0.000392
3 -1.040000 0.000231
3 -1.020000 0.000132
3 -1.000000 0.000073
3 -0.980000 0.000039
3 -0.960000 0.000020
3 -0.940001 0.000010
3 -0.920000 0.000005
3 -0.900001 0.000002
4 -2.580000 0.000001
4 -2.560000 0.000003
4 -2.540000 0.000005
4 -2.520000 0.000009
4 -2.500000 0.000015
4 -2.480000 0.000027
4 -2.460000 0.000045
4 -2.440001 0.000077
4 -2.420000 0.000126
4 -2.400001 0.000208
4 -2.380000 0.000332
4 -2.360001 0.000520
4 -2.340000 0.000796
4 -2.320001 0.001201
4 -2.300000 0.001769
4 -2.280001 0.002553
4 -2.260000 0.003610
4 -2.240000 0.005050
4 -2.220000 0.006946
4 -2.200000 0.009376
4 -2.180000 0.012387
4 -2.160000 0.016106
4 -2.140000 0.020406
4 -2.120000 0.025189
4 -2.100000 0.030365
4 -2.080000 0.035783
4 -2.060000 0.041360
4 -2.040000 0.046954
4 -2.020000 0.052112
4 -2.000000 0.056449
4 -1.980000 0.059964
4 -1.960000 0.061349
4 -1.940001 0.061728
4 -1.920000 0.060210
4 -1.900001 0.057480
4 -1.880000 0.054016
4 -1.860001 0.049450
4 -1.840000 0.043788
4 -1.820001 0.038459
4 -1.800000 0.032957
4 -1.780001 0.027176
4 -1.760000 0.021950
4 -1.740000 0.017388
4 -1.720000 0.013086
4 -1.700000 0.009756
4 -1.680000 0.007050
4 -1.660000 0.004939
4 -1.640000 0.003395
4 -1.620000 0.002271
4 -1.600000 0.001488
4 -1.580000 0.000939
4 -1.560000 0.000577
4 -1.540000 0.000349
4 -1.520000 0.000203
4 -1.500000 0.000116
4 -1.480000 0.000064
4 -1.460000 0.000034
4 -1.440001 0.000018
4 -1.420000 0.000009
4 -1.400001 0.000004
4 -1.380000 0.000002
5 -2.880000 0.000002
5 -2.860001 0.000003
5 -2.840000 0.000006
5 -2.820001 0.000011
5 -2.800000 0.000020
5 -2.780000 0.000034
5 -2.760000 0.000058
5 -2.740000 0.000097
5 -2.720000 0.000160
5 -2.700000 0.000261
5 -2.680000 0.000414
5 -2.660000 0.000646
5 -2.640000 0.000982
5 -2.620000 0.001467
5 -2.600000 0.002141
5 -2.580000 0.003057
5 -2.560000 0.004308
5 -2.540000 0.005965
5 -2.520000 0.008137
5 -2.500000 0.010817
5 -2.480000 0.014236
5 -2.460000 0.018287
5 -2.440001 0.022729
5 -2.420000 0.027872
5 -2.400001 0.032920
5 -2.380000 0.038778
5 -2.360001 0.044174
5 -2.340000 0.049587
5 -2.320001 0.054626
5 -2.300000 0.058083
5 -2.280001 0.060357
5 -2.260000 0.061415
5 -2.240000 0.060405
5 -2.220000 0.058474
5 -2.200000 0.055365
5 -2.180000 0.051049
5 -2.160000 0.046310
5 -2.140000 0.041095
5 -2.120000 0.035687
5 -2.100000 0.030169
5 -2.080000 0.024833
5 -2.060000 0.019916
5 -2.040000 0.015525
5 -2.020000 0.011761
5 -2.000000 0.008708
5 -1.980000 0.006233
5 -1.960000 0.004396
5 -1.940001 0.003010
5 -1.920000 0.002013
5 -1.900001 0.001314
5 -1.880000 0.000836
5 -1.860001 0.000519
5 -1.840000 0.000314
5 -1.820001 0.000185
5 -1.800000 0.000107
5 -1.780001 0.000060
5 -1.760000 0.000033
5 -1.740000 0.000017
5 -1.720000 0.000009
5 -1.700000 0.000004
5 -1.680000 0.000002
5 -1.660000 0.000001
6 -1.200000 0.000001
6 -1.180000 0.000002
6 -1.160000 0.000004
6 -1.140000 0.000006
6 -1.120000 0.000010
6 -1.100000 0.000017
6 -1.080000 0.000027
6 -1.060000 0.000043
6 -1.040000 0.000069
6 -1.020000 0.000107
6 -1.000000 0.000166
6 -0.980000 0.000253
6 -0.960000 0.000378
6 -0.940001 0.000557
6 -0.920000 0.000811
6 -0.900001 0.001159
6 -0.880000 0.001628
6 -0.860001 0.002258
6 -0.840000 0.003083
6 -0.820001 0.004154
6 -0.800000 0.005524
6 -0.780001 0.007186
6 -0.760000 0.009241
6 -0.740001 0.011714
6 -0.720000 0.014547
6 -0.700000 0.017837
6 -0.680000 0.021535
6 -0.660000 0.025489
6 -0.640000 0.029635
6 -0.620000 0.033923
6 -0.600000 0.038079
6 -0.580000 0.042039
6 -0.560000 0.045634
6 -0.540000 0.048304
6 -0.520000 0.050787
6 -0.500000 0.052633
6 -0.480000 0.053289
6 -0.460000 0.053056
6 -0.440001 0.052061
6 -0.420000 0.049841
6 -0.400001 0.047304
6 -0.380000 0.043577
6 -0.360001 0.039882
6 -0.340000 0.035391
6 -0.320001 0.030906
6 -0.300000 0.026486
6 -0.280001 0.022200
6 -0.260000 0.018209
6 -0.240001 0.014654
6 -0.220000 0.011634
6 -0.200000 0.008996
6 -0.180000 0.006823
6 -0.160000 0.005088
6 -0.140000 0.003693
6 -0.120000 0.002639
6 -0.100000 0.001853
6 -0.080000 0.001269
6 -0.060000 0.000851
6 -0.040000 0.000561
6 -0.020000 0.000361
6 0.000000 0.000225
6 0.020000 0.000137
6 0.040000 0.000080
6 0.059999 0.000045
6 0.080000 0.000024
6 0.099999 0.000012
6 0.120000 0.000006
6 0.139999 0.000002
7 -4.220000 0.000002
7 -4.200000 0.000003
7 -4.180000 0.000006
7 -4.160000 0.000011
7 -4.140000 0.000019
7 -4.120000 0.000033
7 -4.100000 0.000056
7 -4.080000 0.000095
7 -4.060000 0.000156
7 -4.040000 0.000253
7 -4.020000 0.000400
7 -4.000000 0.000620
7 -3.980000 0.000943
7 -3.960000 0.001403
7 -3.940001 0.002042
7 -3.920000 0.002907
7 -3.900001 0.004082
7 -3.880000 0.005596
7 -3.860001 0.007598
7 -3.840000 0.010090
7 -3.820001 0.013138
7 -3.800000 0.016878
7 -3.780000 0.021138
7 -3.760000 0.025772
7 -3.740000 0.030839
7 -3.720000 0.036154
7 -3.700000 0.041506
7 -3.680000 0.046752
7 -3.660000 0.051481
7 -3.640000 0.055241
7 -3.620000 0.057856
7 -3.600000 0.059102
7 -3.580000 0.059110
7 -3.560000 0.057733
7 -3.540000 0.055166
7 -3.520000 0.051813
7 -3.500000 0.047690
7 -3.480000 0.042926
7 -3.460000 0.038045
7 -3.440001 0.032978
7 -3.420000 0.027864
7 -3.400001 0.023110
7 -3.380000 0.018575
7 -3.360001 0.014538
7 -3.340000 0.011091
7 -3.320001 0.008258
7 -3.300000 0.006012
7 -3.280000 0.004273
7 -3.260000 0.002985
7 -3.240000 0.002020
7 -3.220000 0.001349
7 -3.200000 0.000877
7 -3.180000 0.000558
7 -3.160000 0.000349
7 -3.140000 0.000213
7 -3.120000 0.000127
7 -3.100000 0.000074
7 -3.080000 0.000042
7 -3.060000 0.000023
7 -3.040000 0.000012
7 -3.020000 0.000006
7 -3.000000 0.000003
7 -2.980000 0.000002
8 -5.060000 0.000002
8 -5.040000 0.000003
8 -5.020000 0.000006
8 -5.000000 0.000011
8 -4.980000 0.000019
8 -4.960000 0.000032
8 -4.940000 0.000055
8 -4.920000 0.000091
8 -4.900000 0.000148
8 -4.880000 0.000237
8 -4.860000 0.000373
8 -4.840000 0.000573
8 -4.820000 0.000863
8 -4.800000 0.001275
8 -4.780000 0.001839
8 -4.760000 0.002611
8 -4.740000 0.003624
8 -4.720000 0.004951
8 -4.700000 0.006645
8 -4.680000 0.008797
8 -4.660000 0.011434
8 -4.640000 0.014524
8 -4.620000 0.018353
8 -4.600000 0.022480
8 -4.580000 0.026985
8 -4.560000 0.031926
8 -4.540000 0.036914
8 -4.520000 0.041741
8 -4.500000 0.046180
8 -4.480000 0.050390
8 -4.460000 0.053196
8 -4.440000 0.055420
8 -4.420000 0.055957
8 -4.400000 0.056111
8 -4.380000 0.054957
8 -4.360000 0.052577
8 -4.340000 0.049500
8 -4.320000 0.045744
8 -4.300000 0.041477
8 -4.280000 0.037298
8 -4.260000 0.032497
8 -4.240000 0.028245
8 -4.220000 0.023592
8 -4.200000 0.019476
8 -4.180000 0.015586
8 -4.160000 0.012209
8 -4.140000 0.009330
8 -4.120000 0.007003
8 -4.100000 0.005134
8 -4.080000 0.003711
8 -4.060000 0.002612
8 -4.040000 0.001814
8 -4.020000 0.001230
8 -4.000000 0.000816
8 -3.980000 0.000536
8 -3.960000 0.000345
8 -3.940001 0.000217
8 -3.920000 0.000134
8 -3.900001 0.000081
8 -3.880000 0.000048
8 -3.860001 0.000027
8 -3.840000 0.000015
8 -3.820001 0.000008
8 -3.800000 0.000004
8 -3.780000 0.000002
8 -3.760000 0.000001
9 -5.220000 0.000002
9 -5.200000 0.000003
9 -5.180000 0.000006
9 -5.160000 0.000011
9 -5.140000 0.000018
9 -5.120000 0.000031
9 -5.100000 0.000053
9 -5.080000 0.000087
9 -5.060000 0.000141
9 -5.040000 0.000226
9 -5.020000 0.000352
9 -5.000000 0.000542
9 -4.980000 0.000814
9 -4.960000 0.001195
9 -4.940000 0.001729
9 -4.920000 0.002437
9 -4.900000 0.003396
9 -4.880000 0.004613
9 -4.860000 0.006201
9 -4.840000 0.008167
9 -4.820000 0.010634
9 -4.800000 0.013577
9 -4.780000 0.017029
9 -4.760000 0.020943
9 -4.740000 0.025320
9 -4.720000 0.030017
9 -4.700000 0.034897
9 -4.680000 0.039674
9 -4.660000 0.044352
9 -4.640000 0.048265
9 -4.620000 0.051636
9 -4.600000 0.053666
9 -4.580000 0.055101
9 -4.560000 0.055532
9 -4.540000 0.054592
9 -4.520000 0.052826
9 -4.500000 0.050213
9 -4.480000 0.046853
9 -4.460000 0.043021
9 -4.440000 0.038594
9 -4.420000 0.034527
9 -4.400000 0.030088
9 -4.380000 0.025824
9 -4.360000 0.021430
9 -4.340000 0.017433
9 -4.320000 0.013951
9 -4.300000 0.010858
9 -4.280000 0.008273
9 -4.260000 0.006155
9 -4.240000 0.004530
9 -4.220000 0.003247
9 -4.200000 0.002286
9 -4.180000 0.001594
9 -4.160000 0.001070
9 -4.140000 0.000716
9 -4.120000 0.000469
9 -4.100000 0.000303
9 -4.080000 0.000190
9 -4.060000 0.000118
9 -4.040000 0.000072
9 -4.020000 0.000042
9 -4.000000 0.000024
9 -3.980000 0.000014
9 -3.960000 0.000007
9 -3.940001 0.000004
9 -3.920000 0.000002
9 -3.900001 0.000001
10 -5.280000 0.000002
10 -5.260000 0.000003
10 -5.240000 0.000005
10 -5.220000 0.000009
10 -5.200000 0.000015
10 -5.180000 0.000026
10 -5.160000 0.000044
10 -5.140000 0.000073
10 -5.120000 0.000120
10 -5.100000 0.000192
10 -5.080000 0.000303
10 -5.060000 0.000469
10 -5.040000 0.000709
10 -5.020000 0.001051
10 -5.000000 0.001528
10 -4.980000 0.002175
10 -4.960000 0.003041
10 -4.940000 0.004176
10 -4.920000 0.005625
10 -4.900000 0.007500
10 -4.880000 0.009752
10 -4.860000 0.012531
10 -4.840000 0.015843
10 -4.820000 0.019599
10 -4.800000 0.023860
10 -4.780000 0.028470
10 -4.760000 0.033369
10 -4.740000 0.038185
10 -4.720000 0.042954
10 -4.700000 0.047236
10 -4.680000 0.050768
10 -4.660000 0.053278
10 -4.640000 0.054921
10 -4.620000 0.055468
10 -4.600000 0.054996
10 -4.580000 0.053715
10 -4.560000 0.051083
10 -4.540000 0.048054
10 -4.520000 0.044134
10 -4.500000 0.040376
10 -4.480000 0.035877
10 -4.460000 0.031286
10 -4.440000 0.027063
10 -4.420000 0.022863
10 -4.400000 0.018612
10 -4.380000 0.014927
10 -4.360000 0.011737
10 -4.340000 0.008946
10 -4.320000 0.006723
10 -4.300000 0.004981
10 -4.280000 0.003600
10 -4.260000 0.002533
10 -4.240000 0.001769
10 -4.220000 0.001195
10 -4.200000 0.000804
10 -4.180000 0.000531
10 -4.160000 0.000343
10 -4.140000 0.000218
10 -4.120000 0.000136
10 -4.100000 0.000083
10 -4.080000 0.000049
10 -4.060000 0.000028
10 -4.040000 0.000016
10 -4.020000 0.000009
10 -4.000000 0.000005
10 -3.980000 0.000003
10 -3.960000 0.000001
11 -5.160000 0.000001
11 -5.140000 0.000002
11 -5.120000 0.000004
11 -5.100000 0.000007
11 -5.080000 0.000013
11 -5.060000 0.000022
11 -5.040000 0.000037
11 -5.020000 0.000062
11 -5.000000 0.000103
11 -4.980000 0.000167
11 -4.960000 0.000264
11 -4.940000 0.000413
11 -4.920000 0.000631
11 -4.900000 0.000943
11 -4.880000 0.001382
11 -4.860000 0.001979
11 -4.840000 0.002793
11 -4.820000 0.003855
11 -4.800000 0.005228
11 -4.780000 0.006988
11 -4.760000 0.009191
11 -4.740000 0.011884
11 -4.720000 0.015055
11 -4.700000 0.018825
11 -4.680000 0.023026
11 -4.660000 0.027536
11 -4.640000 0.032480
11 -4.620000 0.037379
11 -4.600000 0.042040
11 -4.580000 0.046771
11 -4.560000 0.050251
11 -4.540000 0.053280
11 -4.520000 0.054955
11 -4.500000 0.055932
11 -4.480000 0.055597
11 -4.460000 0.054228
11 -4.440000 0.051888
11 -4.420000 0.049013
11 -4.400000 0.044887
11 -4.380000 0.041266
11 -4.360000 0.036404
11 -4.340000 0.032365
11 -4.320000 0.027750
11 -4.300000 0.023319
11 -4.280000 0.019225
11 -4.260000 0.015414
11 -4.240000 0.012082
11 -4.220000 0.009299
11 -4.200000 0.006948
11 -4.180000 0.005126
11 -4.160000 0.003723
11 -4.140000 0.002610
11 -4.120000 0.001830
11 -4.100000 0.001240
11 -4.080000 0.000830
11 -4.060000 0.000544
11 -4.040000 0.000355
11 -4.020000 0.000222
11 -4.000000 0.000138
11 -3.980000 0.000084
11 -3.960000 0.000050
11 -3.940001 0.000029
11 -3.920000 0.000016
11 -3.900001 0.000009
11 -3.880000 0.000005
11 -3.860001 0.000003
11 -3.840000 0.000001
12 -5.300000 0.000001
12 -5.280000 0.000002
12 -5.260000 0.000005
12 -5.240000 0.000008
12 -5.220000 0.000014
12 -5.200000 0.000024
12 -5.180000 0.000041
12 -5.160000 0.000069
12 -5.140000 0.000113
12 -5.120000 0.000182
12 -5.100000 0.000290
12 -5.080000 0.000449
12 -5.060000 0.000685
12 -5.040000 0.001017
12 -5.020000 0.001484
12 -5.000000 0.002114
12 -4.980000 0.002976
12 -4.960000 0.004081
12 -4.940000 0.005548
12 -4.920000 0.007345
12 -4.900000 0.009653
12 -4.880000 0.012438
12 -4.860000 0.015714
12 -4.840000 0.019480
12 -4.820000 0.023772
12 -4.800000 0.028369
12 -4.780000 0.033218
12 -4.760000 0.038114
12 -4.740000 0.042866
12 -4.720000 0.047141
12 -4.700000 0.050741
12 -4.680000 0.053305
12 -4.660000 0.055092
12 -4.640000 0.055789
12 -4.620000 0.055050
12 -4.600000 0.053711
12 -4.580000 0.051573
12 -4.560000 0.047855
12 -4.540000 0.044678
12 -4.520000 0.039881
12 -4.500000 0.036121
12 -4.480000 0.031518
12 -4.460000 0.027165
12 -4.440000 0.022659
12 -4.420000 0.018725
12 -4.400000 0.015104
12 -4.380000 0.011727
12 -4.360000 0.008989
12 -4.340000 0.006758
12 -4.320000 0.004958
12 -4.300000 0.003605
12 -4.280000 0.002557
12 -4.260000 0.001772
12 -4.240000 0.001205
12 -4.220000 0.000812
12 -4.200000 0.000536
12 -4.180000 0.000345
12 -4.160000 0.000220
12 -4.140000 0.000136
12 -4.120000 0.000084
12 -4.100000 0.000050
12 -4.080000 0.000029
12 -4.060000 0.000016
12 -4.040000 0.000009
12 -4.020000 0.000005
12 -4.000000 0.000003
12 -3.980000 0.000001
13 -5.360000 0.000001
13 -5.340000 0.000002
13 -5.320000 0.000003
13 -5.300000 0.000006
13 -5.280000 0.000011
13 -5.260000 0.000019
13 -5.240000 0.000032
13 -5.220000 0.000054
13 -5.200000 0.000089
13 -5.180000 0.000146
13 -5.160000 0.000232
13 -5.140000 0.000364
13 -5.120000 0.000558
13 -5.100000 0.000840
13 -5.080000 0.001237
13 -5.060000 0.001780
13 -5.040000 0.002511
13 -5.020000 0.003488
13 -5.000000 0.004757
13 -4.980000 0.006377
13 -4.960000 0.008397
13 -4.940000 0.010920
13 -4.920000 0.013885
13 -4.900000 0.017377
13 -4.880000 0.021409
13 -4.860000 0.025846
13 -4.840000 0.030425
13 -4.820000 0.035386
13 -4.800000 0.040160
13 -4.780000 0.044725
13 -4.760000 0.048726
13 -4.740000 0.051669
13 -4.720000 0.054042
13 -4.700000 0.055137
13 -4.680000 0.055123
13 -4.660000 0.054493
13 -4.640000 0.052457
13 -4.620000 0.049768
13 -4.600000 0.046381
13 -4.580000 0.042314
13 -4.560000 0.038514
13 -4.540000 0.033935
13 -4.520000 0.029669
13 -4.500000 0.025237
13 -4.480000 0.021132
13 -4.460000 0.017235
13 -4.440000 0.013702
13 -4.420000 0.010616
13 -4.400000 0.008141
13 -4.380000 0.006109
13 -4.360000 0.004454
13 -4.340000 0.003191
13 -4.320000 0.002280
13 -4.300000 0.001577
13 -4.280000 0.001072
13 -4.260000 0.000719
13 -4.240000 0.000471
13 -4.220000 0.000305
13 -4.200000 0.000194
13 -4.180000 0.000122
13 -4.160000 0.000073
13 -4.140000 0.000044
13 -4.120000 0.000025
13 -4.100000 0.000014
13 -4.080000 0.000008
13 -4.060000 0.000004
13 -4.040000 0.000002
13 -4.020000 0.000001
