#fil mag PDF
0 -2.600000 0.000001
0 -2.580000 0.000002
0 -2.560000 0.000004
0 -2.540000 0.000008
0 -2.520000 0.000015
0 -2.500000 0.000026
0 -2.480000 0.000046
0 -2.460000 0.000078
0 -2.440001 0.000130
0 -2.420000 0.000211
0 -2.400001 0.000334
0 -2.380000 0.000518
0 -2.360001 0.000781
0 -2.340000 0.001166
0 -2.320001 0.001691
0 -2.300000 0.002406
0 -2.280001 0.003355
0 -2.260000 0.004596
0 -2.240000 0.006159
0 -2.220000 0.008113
0 -2.200000 0.010468
0 -2.180000 0.013204
0 -2.160000 0.016429
0 -2.140000 0.020040
0 -2.120000 0.024058
0 -2.100000 0.028268
0 -2.080000 0.032636
0 -2.060000 0.037039
0 -2.040000 0.041064
0 -2.020000 0.045052
0 -2.000000 0.048359
0 -1.980000 0.051019
0 -1.960000 0.052952
0 -1.940001 0.053831
0 -1.920000 0.053905
0 -1.900001 0.052726
0 -1.880000 0.051153
0 -1.860001 0.048689
0 -1.840000 0.045478
0 -1.820001 0.041664
0 -1.800000 0.037074
0 -1.780001 0.032389
0 -1.760000 0.027736
0 -1.740000 0.023285
0 -1.720000 0.019190
0 -1.700000 0.015537
0 -1.680000 0.012305
0 -1.660000 0.009518
0 -1.640000 0.007242
0 -1.620000 0.005412
0 -1.600000 0.003948
0 -1.580000 0.002830
0 -1.560000 0.001980
0 -1.540000 0.001364
0 -1.520000 0.000916
0 -1.500000 0.000602
0 -1.480000 0.000388
0 -1.460000 0.000244
0 -1.440001 0.000151
0 -1.420000 0.000091
0 -1.400001 0.000053
0 -1.380000 0.000031
0 -1.360001 0.000017
0 -1.340000 0.000009
0 -1.320001 0.000005
0 -1.300000 0.000003
0 -1.280001 0.000001
1 -2.060000 0.000001
1 -2.040000 0.000002
1 -2.020000 0.000004
1 -2.000000 0.000007
1 -1.980000 0.000013
1 -1.960000 0.000023
1 -1.940001 0.000039
1 -1.920000 0.000067
1 -1.900001 0.000109
1 -1.880000 0.000175
1 -1.860001 0.000274
1 -1.840000 0.000421
1 -1.820001 0.000633
1 -1.800000 0.000928
1 -1.780001 0.001346
1 -1.760000 0.001905
1 -1.740000 0.002647
1 -1.720000 0.003620
1 -1.700000 0.004854
1 -1.680000 0.006384
1 -1.660000 0.008217
1 -1.640000 0.010464
1 -1.620000 0.013042
1 -1.600000 0.015978
1 -1.580000 0.019261
1 -1.560000 0.022804
1 -1.540000 0.026604
1 -1.520000 0.030471
1 -1.500000 0.034371
1 -1.480000 0.038143
1 -1.460000 0.041635
1 -1.440001 0.044770
1 -1.420000 0.047309
1 -1.400001 0.049196
1 -1.380000 0.050352
1 -1.360001 0.050767
1 -1.340000 0.050291
1 -1.320001 0.049207
1 -1.300000 0.047301
1 -1.280001 0.044907
1 -1.260000 0.041969
1 -1.240000 0.038599
1 -1.220000 0.034724
1 -1.200000 0.030811
1 -1.180000 0.026711
1 -1.160000 0.022864
1 -1.140000 0.019110
1 -1.120000 0.015690
1 -1.100000 0.012695
1 -1.080000 0.009994
1 -1.060000 0.007767
1 -1.040000 0.005892
1 -1.020000 0.004389
1 -1.000000 0.003209
1 -0.980000 0.002300
1 -0.960000 0.001607
1 -0.940001 0.001103
1 -0.920000 0.000742
1 -0.900001 0.000485
1 -0.880000 0.000312
1 -0.860001 0.000196
1 -0.840000 0.000120
1 -0.820001 0.000072
1 -0.800000 0.000042
1 -0.780001 0.000024
1 -0.760000 0.000013
1 -0.740001 0.000007
1 -0.720000 0.000004
1 -0.700000 0.000002
2 -0.760000 0.000001
2 -0.740001 0.000002
2 -0.720000 0.000004
2 -0.700000 0.000007
2 -0.680000 0.000013
2 -0.660000 0.000022
2 -0.640000 0.000037
2 -0.620000 0.000059
2 -0.600000 0.000094
2 -0.580000 0.000145
2 -0.560000 0.000219
2 -0.540000 0.000324
2 -0.520000 0.000474
2 -0.500000 0.000677
2 -0.480000 0.000961
2 -0.460000 0.001333
2 -0.440001 0.001822
2 -0.420000 0.002446
2 -0.400001 0.003244
2 -0.380000 0.004230
2 -0.360001 0.005431
2 -0.340000 0.006872
2 -0.320001 0.008536
2 -0.300000 0.010459
2 -0.280001 0.012662
2 -0.260000 0.015091
2 -0.240001 0.017755
2 -0.220000 0.020569
2 -0.200000 0.023515
2 -0.180000 0.026581
2 -0.160000 0.029649
2 -0.140000 0.032645
2 -0.120000 0.035442
2 -0.100000 0.037964
2 -0.080000 0.040298
2 -0.060000 0.042126
2 -0.040000 0.043551
2 -0.020000 0.044412
2 0.000000 0.044697
2 0.020000 0.044465
2 0.040000 0.043790
2 0.059999 0.042591
2 0.080000 0.040783
2 0.099999 0.038784
2 0.120000 0.036318
2 0.139999 0.033666
2 0.160000 0.030668
2 0.179999 0.027830
2 0.200000 0.024757
2 0.219999 0.021743
2 0.240000 0.018835
2 0.259999 0.016048
2 0.280000 0.013513
2 0.300000 0.011209
2 0.320000 0.009161
2 0.340000 0.007405
2 0.360000 0.005902
2 0.380000 0.004628
2 0.400000 0.003587
2 0.420000 0.002735
2 0.440000 0.002061
2 0.460000 0.001525
2 0.480000 0.001109
2 0.500000 0.000796
2 0.520000 0.000562
2 0.540000 0.000391
2 0.559999 0.000267
2 0.580000 0.000179
2 0.599999 0.000119
2 0.620000 0.000077
2 0.639999 0.000049
2 0.660000 0.000031
2 0.679999 0.000019
2 0.700000 0.000011
2 0.719999 0.000007
2 0.740000 0.000004
2 0.759999 0.000002
2 0.780000 0.000001
3 -2.060000 0.000002
3 -2.040000 0.000003
3 -2.020000 0.000006
3 -2.000000 0.000010
3 -1.980000 0.000018
3 -1.960000 0.000031
3 -1.940001 0.000053
3 -1.920000 0.000087
3 -1.900001 0.000140
3 -1.880000 0.000218
3 -1.860001 0.000333
3 -1.840000 0.000499
3 -1.820001 0.000734
3 -1.800000 0.001061
3 -1.780001 0.001500
3 -1.760000 0.002096
3 -1.740000 0.002858
3 -1.720000 0.003853
3 -1.700000 0.005078
3 -1.680000 0.006598
3 -1.660000 0.008403
3 -1.640000 0.010546
3 -1.620000 0.013009
3 -1.600000 0.015791
3 -1.580000 0.018827
3 -1.560000 0.022180
3 -1.540000 0.025666
3 -1.520000 0.029242
3 -1.500000 0.032878
3 -1.480000 0.036343
3 -1.460000 0.039476
3 -1.440001 0.042534
3 -1.420000 0.044934
3 -1.400001 0.046754
3 -1.380000 0.047964
3 -1.360001 0.048531
3 -1.340000 0.048453
3 -1.320001 0.047558
3 -1.300000 0.046163
3 -1.280001 0.044068
3 -1.260000 0.041601
3 -1.240000 0.038697
3 -1.220000 0.035361
3 -1.200000 0.031906
3 -1.180000 0.028188
3 -1.160000 0.024649
3 -1.140000 0.021071
3 -1.120000 0.017787
3 -1.100000 0.014741
3 -1.080000 0.012028
3 -1.060000 0.009668
3 -1.040000 0.007628
3 -1.020000 0.005916
3 -1.000000 0.004522
3 -0.980000 0.003395
3 -0.960000 0.002507
3 -0.940001 0.001822
3 -0.920000 0.001294
3 -0.900001 0.000909
3 -0.880000 0.000626
3 -0.860001 0.000423
3 -0.840000 0.000280
3 -0.820001 0.000183
3 -0.800000 0.000117
3 -0.780001 0.000073
3 -0.760000 0.000045
3 -0.740001 0.000027
3 -0.720000 0.000016
3 -0.700000 0.000009
3 -0.680000 0.000005
3 -0.660000 0.000003
3 -0.640000 0.000002
4 -2.560000 0.000001
4 -2.540000 0.000003
4 -2.520000 0.000005
4 -2.500000 0.000010
4 -2.480000 0.000018
4 -2.460000 0.000032
4 -2.440001 0.000054
4 -2.420000 0.000091
4 -2.400001 0.000149
4 -2.380000 0.000239
4 -2.360001 0.000375
4 -2.340000 0.000571
4 -2.320001 0.000858
4 -2.300000 0.001260
4 -2.280001 0.001809
4 -2.260000 0.002551
4 -2.240000 0.003525
4 -2.220000 0.004779
4 -2.200000 0.006361
4 -2.180000 0.008292
4 -2.160000 0.010605
4 -2.140000 0.013320
4 -2.120000 0.016461
4 -2.100000 0.019924
4 -2.080000 0.023755
4 -2.060000 0.027822
4 -2.040000 0.031968
4 -2.020000 0.036045
4 -2.000000 0.040052
4 -1.980000 0.043719
4 -1.960000 0.046979
4 -1.940001 0.049547
4 -1.920000 0.051439
4 -1.900001 0.052372
4 -1.880000 0.052400
4 -1.860001 0.051689
4 -1.840000 0.050065
4 -1.820001 0.048022
4 -1.800000 0.045068
4 -1.780001 0.041730
4 -1.760000 0.037740
4 -1.740000 0.033481
4 -1.720000 0.029073
4 -1.700000 0.024822
4 -1.680000 0.020640
4 -1.660000 0.016953
4 -1.640000 0.013574
4 -1.620000 0.010692
4 -1.600000 0.008180
4 -1.580000 0.006166
4 -1.560000 0.004540
4 -1.540000 0.003283
4 -1.520000 0.002317
4 -1.500000 0.001602
4 -1.480000 0.001081
4 -1.460000 0.000713
4 -1.440001 0.000462
4 -1.420000 0.000290
4 -1.400001 0.000178
4 -1.380000 0.000107
4 -1.360001 0.000062
4 -1.340000 0.000035
4 -1.320001 0.000020
4 -1.300000 0.000011
4 -1.280001 0.000006
4 -1.260000 0.000003
4 -1.240000 0.000001
5 -2.900001 0.000001
5 -2.880000 0.000002
5 -2.860001 0.000005
5 -2.840000 0.000008
5 -2.820001 0.000016
5 -2.800000 0.000028
5 -2.780000 0.000049
5 -2.760000 0.000083
5 -2.740000 0.000138
5 -2.720000 0.000224
5 -2.700000 0.000354
5 -2.680000 0.000548
5 -2.660000 0.000830
5 -2.640000 0.001228
5 -2.620000 0.001785
5 -2.600000 0.002539
5 -2.580000 0.003515
5 -2.560000 0.004814
5 -2.540000 0.006442
5 -2.520000 0.008444
5 -2.500000 0.010833
5 -2.480000 0.013717
5 -2.460000 0.016929
5 -2.440001 0.020628
5 -2.420000 0.024647
5 -2.400001 0.028898
5 -2.380000 0.033266
5 -2.360001 0.037530
5 -2.340000 0.041601
5 -2.320001 0.045380
5 -2.300000 0.048620
5 -2.280001 0.051189
5 -2.260000 0.053051
5 -2.240000 0.053702
5 -2.220000 0.053681
5 -2.200000 0.052355
5 -2.180000 0.050536
5 -2.160000 0.048101
5 -2.140000 0.045057
5 -2.120000 0.041073
5 -2.100000 0.036624
5 -2.080000 0.032102
5 -2.060000 0.027276
5 -2.040000 0.023022
5 -2.020000 0.018824
5 -2.000000 0.015199
5 -1.980000 0.011953
5 -1.960000 0.009235
5 -1.940001 0.006972
5 -1.920000 0.005180
5 -1.900001 0.003750
5 -1.880000 0.002665
5 -1.860001 0.001852
5 -1.840000 0.001259
5 -1.820001 0.000836
5 -1.800000 0.000542
5 -1.780001 0.000344
5 -1.760000 0.000214
5 -1.740000 0.000129
5 -1.720000 0.000076
5 -1.700000 0.000044
5 -1.680000 0.000025
5 -1.660000 0.000014
5 -1.640000 0.000007
5 -1.620000 0.000004
5 -1.600000 0.000002
6 -1.060000 0.000001
6 -1.040000 0.000003
6 -1.020000 0.000004
6 -1.000000 0.000008
6 -0.980000 0.000013
6 -0.960000 0.000022
6 -0.940001 0.000036
6 -0.920000 0.000057
6 -0.900001 0.000090
6 -0.880000 0.000137
6 -0.860001 0.000208
6 -0.840000 0.000304
6 -0.820001 0.000439
6 -0.800000 0.000630
6 -0.780001 0.000886
6 -0.760000 0.001226
6 -0.740001 0.001673
6 -0.720000 0.002252
6 -0.700000 0.002980
6 -0.680000 0.003877
6 -0.660000 0.004994
6 -0.640000 0.006316
6 -0.620000 0.007875
6 -0.600000 0.009671
6 -0.580000 0.011746
6 -0.560000 0.014025
6 -0.540000 0.016539
6 -0.520000 0.019247
6 -0.500000 0.022118
6 -0.480000 0.025112
6 -0.460000 0.028066
6 -0.440001 0.031126
6 -0.420000 0.033938
6 -0.400001 0.036633
6 -0.380000 0.038999
6 -0.360001 0.041037
6 -0.340000 0.042655
6 -0.320001 0.043796
6 -0.300000 0.044335
6 -0.280001 0.044429
6 -0.260000 0.043996
6 -0.240001 0.043043
6 -0.220000 0.041540
6 -0.200000 0.039736
6 -0.180000 0.037504
6 -0.160000 0.034949
6 -0.140000 0.032137
6 -0.120000 0.029262
6 -0.100000 0.026329
6 -0.080000 0.023325
6 -0.060000 0.020367
6 -0.040000 0.017477
6 -0.020000 0.014873
6 0.000000 0.012389
6 0.020000 0.010193
6 0.040000 0.008288
6 0.059999 0.006639
6 0.080000 0.005235
6 0.099999 0.004056
6 0.120000 0.003104
6 0.139999 0.002334
6 0.160000 0.001727
6 0.179999 0.001252
6 0.200000 0.000893
6 0.219999 0.000626
6 0.240000 0.000429
6 0.259999 0.000288
6 0.280000 0.000190
6 0.300000 0.000123
6 0.320000 0.000078
6 0.340000 0.000048
6 0.360000 0.000029
6 0.380000 0.000017
6 0.400000 0.000010
6 0.420000 0.000006
6 0.440000 0.000003
6 0.460000 0.000002
7 -4.260000 0.000001
7 -4.240000 0.000002
7 -4.220000 0.000004
7 -4.200000 0.000008
7 -4.180000 0.000015
7 -4.160000 0.000026
7 -4.140000 0.000045
7 -4.120000 0.000077
7 -4.100000 0.000128
7 -4.080000 0.000207
7 -4.060000 0.000329
7 -4.040000 0.000506
7 -4.020000 0.000770
7 -4.000000 0.001140
7 -3.980000 0.001656
7 -3.960000 0.002360
7 -3.940001 0.003291
7 -3.920000 0.004507
7 -3.900001 0.006047
7 -3.880000 0.007952
7 -3.860001 0.010231
7 -3.840000 0.012963
7 -3.820001 0.016137
7 -3.800000 0.019774
7 -3.780000 0.023644
7 -3.760000 0.027788
7 -3.740000 0.032199
7 -3.720000 0.036532
7 -3.700000 0.040642
7 -3.680000 0.044435
7 -3.660000 0.047863
7 -3.640000 0.050644
7 -3.620000 0.052550
7 -3.600000 0.053747
7 -3.580000 0.053744
7 -3.560000 0.052770
7 -3.540000 0.051221
7 -3.520000 0.048941
7 -3.500000 0.045873
7 -3.480000 0.041935
7 -3.460000 0.037472
7 -3.440001 0.032826
7 -3.420000 0.028154
7 -3.400001 0.023766
7 -3.380000 0.019651
7 -3.360001 0.015975
7 -3.340000 0.012699
7 -3.320001 0.009907
7 -3.300000 0.007569
7 -3.280000 0.005674
7 -3.260000 0.004190
7 -3.240000 0.003007
7 -3.220000 0.002133
7 -3.200000 0.001478
7 -3.180000 0.001001
7 -3.160000 0.000664
7 -3.140000 0.000432
7 -3.120000 0.000276
7 -3.100000 0.000172
7 -3.080000 0.000105
7 -3.060000 0.000062
7 -3.040000 0.000036
7 -3.020000 0.000021
7 -3.000000 0.000012
7 -2.980000 0.000006
7 -2.960000 0.000003
7 -2.940001 0.000002
8 -5.080000 0.000001
8 -5.060000 0.000002
8 -5.040000 0.000004
8 -5.020000 0.000008
8 -5.000000 0.000015
8 -4.980000 0.000027
8 -4.960000 0.000047
8 -4.940000 0.000080
8 -4.920000 0.000130
8 -4.900000 0.000210
8 -4.880000 0.000332
8 -4.860000 0.000509
8 -4.840000 0.000768
8 -4.820000 0.001132
8 -4.800000 0.001644
8 -4.780000 0.002334
8 -4.760000 0.003253
8 -4.740000 0.004441
8 -4.720000 0.005943
8 -4.700000 0.007809
8 -4.680000 0.010042
8 -4.660000 0.012720
8 -4.640000 0.015832
8 -4.620000 0.019333
8 -4.600000 0.023226
8 -4.580000 0.027289
8 -4.560000 0.031682
8 -4.540000 0.035930
8 -4.520000 0.039970
8 -4.500000 0.043787
8 -4.480000 0.047256
8 -4.460000 0.050148
8 -4.440000 0.052115
8 -4.420000 0.053428
8 -4.400000 0.053637
8 -4.380000 0.052839
8 -4.360000 0.051403
8 -4.340000 0.049114
8 -4.320000 0.045773
8 -4.300000 0.041972
8 -4.280000 0.037592
8 -4.260000 0.033050
8 -4.240000 0.028556
8 -4.220000 0.024247
8 -4.200000 0.020195
8 -4.180000 0.016536
8 -4.160000 0.013275
8 -4.140000 0.010474
8 -4.120000 0.008121
8 -4.100000 0.006168
8 -4.080000 0.004613
8 -4.060000 0.003372
8 -4.040000 0.002433
8 -4.020000 0.001713
8 -4.000000 0.001186
8 -3.980000 0.000806
8 -3.960000 0.000539
8 -3.940001 0.000353
8 -3.920000 0.000226
8 -3.900001 0.000142
8 -3.880000 0.000087
8 -3.860001 0.000053
8 -3.840000 0.000031
8 -3.820001 0.000018
8 -3.800000 0.000010
8 -3.780000 0.000006
8 -3.760000 0.000003
8 -3.740000 0.000002
9 -5.240000 0.000002
9 -5.220000 0.000004
9 -5.200000 0.000007
9 -5.180000 0.000012
9 -5.160000 0.000022
9 -5.140000 0.000038
9 -5.120000 0.000065
9 -5.100000 0.000107
9 -5.080000 0.000174
9 -5.060000 0.000273
9 -5.040000 0.000423
9 -5.020000 0.000640
9 -5.000000 0.000951
9 -4.980000 0.001383
9 -4.960000 0.001976
9 -4.940000 0.002763
9 -4.920000 0.003802
9 -4.900000 0.005128
9 -4.880000 0.006784
9 -4.860000 0.008791
9 -4.840000 0.011175
9 -4.820000 0.014021
9 -4.800000 0.017276
9 -4.780000 0.020878
9 -4.760000 0.024721
9 -4.740000 0.028871
9 -4.720000 0.033381
9 -4.700000 0.037242
9 -4.680000 0.041138
9 -4.660000 0.044747
9 -4.640000 0.048143
9 -4.620000 0.050529
9 -4.600000 0.052279
9 -4.580000 0.053065
9 -4.560000 0.053007
9 -4.540000 0.052008
9 -4.520000 0.050167
9 -4.500000 0.047628
9 -4.480000 0.044178
9 -4.460000 0.040115
9 -4.440000 0.035847
9 -4.420000 0.031409
9 -4.400000 0.027033
9 -4.380000 0.022943
9 -4.360000 0.019000
9 -4.340000 0.015527
9 -4.320000 0.012476
9 -4.300000 0.009824
9 -4.280000 0.007599
9 -4.260000 0.005772
9 -4.240000 0.004309
9 -4.220000 0.003162
9 -4.200000 0.002282
9 -4.180000 0.001616
9 -4.160000 0.001119
9 -4.140000 0.000763
9 -4.120000 0.000511
9 -4.100000 0.000335
9 -4.080000 0.000215
9 -4.060000 0.000136
9 -4.040000 0.000084
9 -4.020000 0.000051
9 -4.000000 0.000031
9 -3.980000 0.000018
9 -3.960000 0.000010
9 -3.940001 0.000006
9 -3.920000 0.000003
9 -3.900001 0.000002
10 -5.300000 0.000002
10 -5.280000 0.000003
10 -5.260000 0.000007
10 -5.240000 0.000012
10 -5.220000 0.000021
10 -5.200000 0.000037
10 -5.180000 0.000063
10 -5.160000 0.000104
10 -5.140000 0.000168
10 -5.120000 0.000265
10 -5.100000 0.000410
10 -5.080000 0.000621
10 -5.060000 0.000922
10 -5.040000 0.001340
10 -5.020000 0.001920
10 -5.000000 0.002689
10 -4.980000 0.003695
10 -4.960000 0.005002
10 -4.940000 0.006611
10 -4.920000 0.008565
10 -4.900000 0.010943
10 -4.880000 0.013715
10 -4.860000 0.016946
10 -4.840000 0.020440
10 -4.820000 0.024342
10 -4.800000 0.028407
10 -4.780000 0.032696
10 -4.760000 0.036832
10 -4.740000 0.040733
10 -4.720000 0.044194
10 -4.700000 0.047869
10 -4.680000 0.049977
10 -4.660000 0.052239
10 -4.640000 0.052874
10 -4.620000 0.053011
10 -4.600000 0.051963
10 -4.580000 0.050422
10 -4.560000 0.047936
10 -4.540000 0.044590
10 -4.520000 0.040604
10 -4.500000 0.036399
10 -4.480000 0.031902
10 -4.460000 0.027548
10 -4.440000 0.023406
10 -4.420000 0.019524
10 -4.400000 0.015969
10 -4.380000 0.012808
10 -4.360000 0.010122
10 -4.340000 0.007853
10 -4.320000 0.005984
10 -4.300000 0.004478
10 -4.280000 0.003295
10 -4.260000 0.002377
10 -4.240000 0.001686
10 -4.220000 0.001172
10 -4.200000 0.000802
10 -4.180000 0.000538
10 -4.160000 0.000353
10 -4.140000 0.000228
10 -4.120000 0.000144
10 -4.100000 0.000089
10 -4.080000 0.000054
10 -4.060000 0.000033
10 -4.040000 0.000019
10 -4.020000 0.000011
10 -4.000000 0.000006
10 -3.980000 0.000003
10 -3.960000 0.000002
11 -5.160000 0.000002
11 -5.140000 0.000003
11 -5.120000 0.000006
11 -5.100000 0.000011
11 -5.080000 0.000019
11 -5.060000 0.000034
11 -5.040000 0.000059
11 -5.020000 0.000098
11 -5.000000 0.000158
11 -4.980000 0.000253
11 -4.960000 0.000394
11 -4.940000 0.000597
11 -4.920000 0.000894
11 -4.900000 0.001311
11 -4.880000 0.001882
11 -4.860000 0.002641
11 -4.840000 0.003659
11 -4.820000 0.004949
11 -4.800000 0.006589
11 -4.780000 0.008556
11 -4.760000 0.010937
11 -4.740000 0.013763
11 -4.720000 0.017020
11 -4.700000 0.020610
11 -4.680000 0.024568
11 -4.660000 0.028692
11 -4.640000 0.033084
11 -4.620000 0.037257
11 -4.600000 0.041156
11 -4.580000 0.044832
11 -4.560000 0.048248
11 -4.540000 0.050670
11 -4.520000 0.052518
11 -4.500000 0.053432
11 -4.480000 0.053311
11 -4.460000 0.052349
11 -4.440000 0.050462
11 -4.420000 0.047996
11 -4.400000 0.044482
11 -4.380000 0.040428
11 -4.360000 0.036139
11 -4.340000 0.031617
11 -4.320000 0.027119
11 -4.300000 0.022929
11 -4.280000 0.019031
11 -4.260000 0.015507
11 -4.240000 0.012420
11 -4.220000 0.009758
11 -4.200000 0.007541
11 -4.180000 0.005706
11 -4.160000 0.004250
11 -4.140000 0.003104
11 -4.120000 0.002228
11 -4.100000 0.001568
11 -4.080000 0.001083
11 -4.060000 0.000734
11 -4.040000 0.000489
11 -4.020000 0.000319
11 -4.000000 0.000205
11 -3.980000 0.000128
11 -3.960000 0.000079
11 -3.940001 0.000048
11 -3.920000 0.000028
11 -3.900001 0.000016
11 -3.880000 0.000009
11 -3.860001 0.000005
11 -3.840000 0.000003
11 -3.820001 0.000002
12 -5.320000 0.000001
12 -5.300000 0.000002
12 -5.280000 0.000004
12 -5.260000 0.000008
12 -5.240000 0.000014
12 -5.220000 0.000024
12 -5.200000 0.000042
12 -5.180000 0.000072
12 -5.160000 0.000118
12 -5.140000 0.000191
12 -5.120000 0.000300
12 -5.100000 0.000462
12 -5.080000 0.000698
12 -5.060000 0.001031
12 -5.040000 0.001498
12 -5.020000 0.002135
12 -5.000000 0.002981
12 -4.980000 0.004077
12 -4.960000 0.005495
12 -4.940000 0.007227
12 -4.920000 0.009325
12 -4.900000 0.011850
12 -4.880000 0.014809
12 -4.860000 0.018229
12 -4.840000 0.021875
12 -4.820000 0.025806
12 -4.800000 0.030168
12 -4.780000 0.034330
12 -4.760000 0.038511
12 -4.740000 0.042113
12 -4.720000 0.045921
12 -4.700000 0.049017
12 -4.680000 0.051242
12 -4.660000 0.052763
12 -4.640000 0.053315
12 -4.620000 0.052920
12 -4.600000 0.051684
12 -4.580000 0.049750
12 -4.560000 0.046885
12 -4.540000 0.043175
12 -4.520000 0.039076
12 -4.500000 0.034665
12 -4.480000 0.030213
12 -4.460000 0.025778
12 -4.440000 0.021753
12 -4.420000 0.017949
12 -4.400000 0.014535
12 -4.380000 0.011607
12 -4.360000 0.009063
12 -4.340000 0.006982
12 -4.320000 0.005268
12 -4.300000 0.003897
12 -4.280000 0.002845
12 -4.260000 0.002033
12 -4.240000 0.001425
12 -4.220000 0.000983
12 -4.200000 0.000666
12 -4.180000 0.000440
12 -4.160000 0.000287
12 -4.140000 0.000183
12 -4.120000 0.000115
12 -4.100000 0.000070
12 -4.080000 0.000043
12 -4.060000 0.000025
12 -4.040000 0.000015
12 -4.020000 0.000008
12 -4.000000 0.000005
12 -3.980000 0.000003
12 -3.960000 0.000001
13 -5.360000 0.000002
13 -5.340000 0.000003
13 -5.320000 0.000007
13 -5.300000 0.000012
13 -5.280000 0.000022
13 -5.260000 0.000038
13 -5.240000 0.000064
13 -5.220000 0.000106
13 -5.200000 0.000172
13 -5.180000 0.000271
13 -5.160000 0.000419
13 -5.140000 0.000638
13 -5.120000 0.000945
13 -5.100000 0.001376
13 -5.080000 0.001969
13 -5.060000 0.002761
13 -5.040000 0.003798
13 -5.020000 0.005119
13 -5.000000 0.006795
13 -4.980000 0.008782
13 -4.960000 0.011215
13 -4.940000 0.014066
13 -4.920000 0.017350
13 -4.900000 0.020959
13 -4.880000 0.024801
13 -4.860000 0.028915
13 -4.840000 0.033333
13 -4.820000 0.037478
13 -4.800000 0.041233
13 -4.780000 0.044989
13 -4.760000 0.048149
13 -4.740000 0.050747
13 -4.720000 0.052268
13 -4.700000 0.053298
13 -4.680000 0.052953
13 -4.660000 0.052055
13 -4.640000 0.050224
13 -4.620000 0.047681
13 -4.600000 0.044129
13 -4.580000 0.040174
13 -4.560000 0.035809
13 -4.540000 0.031362
13 -4.520000 0.026883
13 -4.500000 0.022755
13 -4.480000 0.018901
13 -4.460000 0.015375
13 -4.440000 0.012334
13 -4.420000 0.009720
13 -4.400000 0.007492
13 -4.380000 0.005690
13 -4.360000 0.004244
13 -4.340000 0.003101
13 -4.320000 0.002234
13 -4.300000 0.001574
13 -4.280000 0.001095
13 -4.260000 0.000745
13 -4.240000 0.000496
13 -4.220000 0.000327
13 -4.200000 0.000211
13 -4.180000 0.000133
13 -4.160000 0.000082
13 -4.140000 0.000050
13 -4.120000 0.000030
13 -4.100000 0.000018
13 -4.080000 0.000010
13 -4.060000 0.000006
13 -4.040000 0.000003
13 -4.020000 0.000002
