#fil mag PDF
0 -2.580000 0.000001
0 -2.560000 0.000003
0 -2.540000 0.000005
0 -2.520000 0.000008
0 -2.500000 0.000015
0 -2.480000 0.000026
0 -2.460000 0.000045
0 -2.440001 0.000075
0 -2.420000 0.000123
0 -2.400001 0.000196
0 -2.380000 0.000309
0 -2.360001 0.000475
0 -2.340000 0.000720
0 -2.320001 0.001065
0 -2.300000 0.001544
0 -2.280001 0.002200
0 -2.260000 0.003080
0 -2.240000 0.004224
0 -2.220000 0.005679
0 -2.200000 0.007511
0 -2.180000 0.009673
0 -2.160000 0.012323
0 -2.140000 0.015431
0 -2.120000 0.018990
0 -2.100000 0.022831
0 -2.080000 0.026992
0 -2.060000 0.031353
0 -2.040000 0.035579
0 -2.020000 0.040001
0 -2.000000 0.044189
0 -1.980000 0.047839
0 -1.960000 0.050769
0 -1.940001 0.052734
0 -1.920000 0.053911
0 -1.900001 0.053875
0 -1.880000 0.053319
0 -1.860001 0.051861
0 -1.840000 0.049579
0 -1.820001 0.046412
0 -1.800000 0.042363
0 -1.780001 0.037993
0 -1.760000 0.033403
0 -1.740000 0.028802
0 -1.720000 0.024464
0 -1.700000 0.020336
0 -1.680000 0.016539
0 -1.660000 0.013139
0 -1.640000 0.010249
0 -1.620000 0.007851
0 -1.600000 0.005892
0 -1.580000 0.004332
0 -1.560000 0.003117
0 -1.540000 0.002197
0 -1.520000 0.001516
0 -1.500000 0.001025
0 -1.480000 0.000678
0 -1.460000 0.000440
0 -1.440001 0.000278
0 -1.420000 0.000172
0 -1.400001 0.000104
0 -1.380000 0.000062
0 -1.360001 0.000036
0 -1.340000 0.000020
0 -1.320001 0.000011
0 -1.300000 0.000006
0 -1.280001 0.000003
0 -1.260000 0.000002
1 -2.020000 0.000002
1 -2.000000 0.000003
1 -1.980000 0.000005
1 -1.960000 0.000010
1 -1.940001 0.000017
1 -1.920000 0.000029
1 -1.900001 0.000049
1 -1.880000 0.000082
1 -1.860001 0.000131
1 -1.840000 0.000207
1 -1.820001 0.000321
1 -1.800000 0.000486
1 -1.780001 0.000724
1 -1.760000 0.001058
1 -1.740000 0.001511
1 -1.720000 0.002130
1 -1.700000 0.002945
1 -1.680000 0.003985
1 -1.660000 0.005289
1 -1.640000 0.006922
1 -1.620000 0.008903
1 -1.600000 0.011218
1 -1.580000 0.013911
1 -1.560000 0.016950
1 -1.540000 0.020348
1 -1.520000 0.023968
1 -1.500000 0.027877
1 -1.480000 0.031740
1 -1.460000 0.035729
1 -1.440001 0.039474
1 -1.420000 0.042914
1 -1.400001 0.045996
1 -1.380000 0.048346
1 -1.360001 0.050077
1 -1.340000 0.051014
1 -1.320001 0.051085
1 -1.300000 0.050495
1 -1.280001 0.049252
1 -1.260000 0.047115
1 -1.240000 0.044499
1 -1.220000 0.041050
1 -1.200000 0.037290
1 -1.180000 0.033261
1 -1.160000 0.029131
1 -1.140000 0.024973
1 -1.120000 0.021104
1 -1.100000 0.017526
1 -1.080000 0.014249
1 -1.060000 0.011352
1 -1.040000 0.008858
1 -1.020000 0.006781
1 -1.000000 0.005137
1 -0.980000 0.003803
1 -0.960000 0.002743
1 -0.940001 0.001951
1 -0.920000 0.001364
1 -0.900001 0.000927
1 -0.880000 0.000619
1 -0.860001 0.000405
1 -0.840000 0.000259
1 -0.820001 0.000162
1 -0.800000 0.000099
1 -0.780001 0.000059
1 -0.760000 0.000035
1 -0.740001 0.000020
1 -0.720000 0.000011
1 -0.700000 0.000006
1 -0.680000 0.000003
1 -0.660000 0.000002
2 -0.720000 0.000002
2 -0.700000 0.000003
2 -0.680000 0.000005
2 -0.660000 0.000009
2 -0.640000 0.000015
2 -0.620000 0.000025
2 -0.600000 0.000042
2 -0.580000 0.000066
2 -0.560000 0.000102
2 -0.540000 0.000156
2 -0.520000 0.000231
2 -0.500000 0.000339
2 -0.480000 0.000491
2 -0.460000 0.000699
2 -0.440001 0.000978
2 -0.420000 0.001348
2 -0.400001 0.001836
2 -0.380000 0.002453
2 -0.360001 0.003232
2 -0.340000 0.004195
2 -0.320001 0.005367
2 -0.300000 0.006746
2 -0.280001 0.008391
2 -0.260000 0.010281
2 -0.240001 0.012402
2 -0.220000 0.014764
2 -0.200000 0.017351
2 -0.180000 0.020142
2 -0.160000 0.023121
2 -0.140000 0.026096
2 -0.120000 0.029151
2 -0.100000 0.032118
2 -0.080000 0.034979
2 -0.060000 0.037621
2 -0.040000 0.039973
2 -0.020000 0.041972
2 0.000000 0.043371
2 0.020000 0.044390
2 0.040000 0.044924
2 0.059999 0.044805
2 0.080000 0.044188
2 0.099999 0.043009
2 0.120000 0.041353
2 0.139999 0.039411
2 0.160000 0.036976
2 0.179999 0.034332
2 0.200000 0.031376
2 0.219999 0.028298
2 0.240000 0.025066
2 0.259999 0.021926
2 0.280000 0.018949
2 0.300000 0.016068
2 0.320000 0.013475
2 0.340000 0.011161
2 0.360000 0.009108
2 0.380000 0.007339
2 0.400000 0.005823
2 0.420000 0.004574
2 0.440000 0.003550
2 0.460000 0.002703
2 0.480000 0.002030
2 0.500000 0.001503
2 0.520000 0.001099
2 0.540000 0.000789
2 0.559999 0.000556
2 0.580000 0.000385
2 0.599999 0.000263
2 0.620000 0.000176
2 0.639999 0.000116
2 0.660000 0.000076
2 0.679999 0.000049
2 0.700000 0.000031
2 0.719999 0.000019
2 0.740000 0.000012
2 0.759999 0.000007
2 0.780000 0.000004
2 0.799999 0.000002
2 0.820000 0.000001
3 -2.040000 0.000001
3 -2.020000 0.000002
3 -2.000000 0.000004
3 -1.980000 0.000007
3 -1.960000 0.000013
3 -1.940001 0.000023
3 -1.920000 0.000038
3 -1.900001 0.000062
3 -1.880000 0.000100
3 -1.860001 0.000158
3 -1.840000 0.000244
3 -1.820001 0.000369
3 -1.800000 0.000548
3 -1.780001 0.000798
3 -1.760000 0.001148
3 -1.740000 0.001611
3 -1.720000 0.002238
3 -1.700000 0.003037
3 -1.680000 0.004061
3 -1.660000 0.005327
3 -1.640000 0.006874
3 -1.620000 0.008734
3 -1.600000 0.010927
3 -1.580000 0.013403
3 -1.560000 0.016206
3 -1.540000 0.019279
3 -1.520000 0.022618
3 -1.500000 0.026165
3 -1.480000 0.029760
3 -1.460000 0.033300
3 -1.440001 0.036874
3 -1.420000 0.040031
3 -1.400001 0.042919
3 -1.380000 0.045313
3 -1.360001 0.047173
3 -1.340000 0.048305
3 -1.320001 0.048765
3 -1.300000 0.048614
3 -1.280001 0.047680
3 -1.260000 0.046219
3 -1.240000 0.044166
3 -1.220000 0.041462
3 -1.200000 0.038405
3 -1.180000 0.034884
3 -1.160000 0.031215
3 -1.140000 0.027466
3 -1.120000 0.023787
3 -1.100000 0.020283
3 -1.080000 0.017015
3 -1.060000 0.014014
3 -1.040000 0.011387
3 -1.020000 0.009083
3 -1.000000 0.007133
3 -0.980000 0.005527
3 -0.960000 0.004225
3 -0.940001 0.003175
3 -0.920000 0.002334
3 -0.900001 0.001700
3 -0.880000 0.001217
3 -0.860001 0.000853
3 -0.840000 0.000587
3 -0.820001 0.000398
3 -0.800000 0.000265
3 -0.780001 0.000174
3 -0.760000 0.000112
3 -0.740001 0.000071
3 -0.720000 0.000044
3 -0.700000 0.000027
3 -0.680000 0.000017
3 -0.660000 0.000010
3 -0.640000 0.000006
3 -0.620000 0.000003
3 -0.600000 0.000002
4 -2.540000 0.000001
4 -2.520000 0.000002
4 -2.500000 0.000005
4 -2.480000 0.000008
4 -2.460000 0.000015
4 -2.440001 0.000026
4 -2.420000 0.000044
4 -2.400001 0.000074
4 -2.380000 0.000120
4 -2.360001 0.000194
4 -2.340000 0.000304
4 -2.320001 0.000468
4 -2.300000 0.000707
4 -2.280001 0.001043
4 -2.260000 0.001515
4 -2.240000 0.002151
4 -2.220000 0.003002
4 -2.200000 0.004110
4 -2.180000 0.005509
4 -2.160000 0.007239
4 -2.140000 0.009374
4 -2.120000 0.011904
4 -2.100000 0.014799
4 -2.080000 0.018164
4 -2.060000 0.021847
4 -2.040000 0.025783
4 -2.020000 0.029914
4 -2.000000 0.034134
4 -1.980000 0.038354
4 -1.960000 0.042309
4 -1.940001 0.045806
4 -1.920000 0.048995
4 -1.900001 0.051078
4 -1.880000 0.052477
4 -1.860001 0.053007
4 -1.840000 0.052587
4 -1.820001 0.051590
4 -1.800000 0.049596
4 -1.780001 0.046963
4 -1.760000 0.043519
4 -1.740000 0.039575
4 -1.720000 0.035193
4 -1.700000 0.030760
4 -1.680000 0.026257
4 -1.660000 0.022167
4 -1.640000 0.018301
4 -1.620000 0.014783
4 -1.600000 0.011643
4 -1.580000 0.009010
4 -1.560000 0.006821
4 -1.540000 0.005090
4 -1.520000 0.003696
4 -1.500000 0.002630
4 -1.480000 0.001835
4 -1.460000 0.001249
4 -1.440001 0.000837
4 -1.420000 0.000544
4 -1.400001 0.000346
4 -1.380000 0.000215
4 -1.360001 0.000131
4 -1.340000 0.000078
4 -1.320001 0.000045
4 -1.300000 0.000025
4 -1.280001 0.000014
4 -1.260000 0.000008
4 -1.240000 0.000004
4 -1.220000 0.000002
4 -1.200000 0.000001
5 -2.880000 0.000001
5 -2.860001 0.000003
5 -2.840000 0.000005
5 -2.820001 0.000009
5 -2.800000 0.000015
5 -2.780000 0.000027
5 -2.760000 0.000046
5 -2.740000 0.000077
5 -2.720000 0.000127
5 -2.700000 0.000204
5 -2.680000 0.000322
5 -2.660000 0.000498
5 -2.640000 0.000754
5 -2.620000 0.001118
5 -2.600000 0.001628
5 -2.580000 0.002308
5 -2.560000 0.003231
5 -2.540000 0.004433
5 -2.520000 0.005952
5 -2.500000 0.007822
5 -2.480000 0.010140
5 -2.460000 0.012817
5 -2.440001 0.016015
5 -2.420000 0.019629
5 -2.400001 0.023554
5 -2.380000 0.027817
5 -2.360001 0.032053
5 -2.340000 0.036394
5 -2.320001 0.040734
5 -2.300000 0.044782
5 -2.280001 0.048432
5 -2.260000 0.051223
5 -2.240000 0.053058
5 -2.220000 0.054131
5 -2.200000 0.053866
5 -2.180000 0.053075
5 -2.160000 0.051512
5 -2.140000 0.049210
5 -2.120000 0.045823
5 -2.100000 0.041784
5 -2.080000 0.037452
5 -2.060000 0.032617
5 -2.040000 0.028211
5 -2.020000 0.023748
5 -2.000000 0.019685
5 -1.980000 0.015869
5 -1.960000 0.012571
5 -1.940001 0.009708
5 -1.920000 0.007392
5 -1.900001 0.005494
5 -1.880000 0.004003
5 -1.860001 0.002852
5 -1.840000 0.001983
5 -1.820001 0.001352
5 -1.800000 0.000902
5 -1.780001 0.000589
5 -1.760000 0.000376
5 -1.740000 0.000233
5 -1.720000 0.000142
5 -1.700000 0.000084
5 -1.680000 0.000049
5 -1.660000 0.000028
5 -1.640000 0.000015
5 -1.620000 0.000008
5 -1.600000 0.000004
5 -1.580000 0.000002
5 -1.560000 0.000001
6 -1.020000 0.000002
6 -1.000000 0.000003
6 -0.980000 0.000005
6 -0.960000 0.000009
6 -0.940001 0.000015
6 -0.920000 0.000025
6 -0.900001 0.000040
6 -0.880000 0.000062
6 -0.860001 0.000096
6 -0.840000 0.000145
6 -0.820001 0.000213
6 -0.800000 0.000312
6 -0.780001 0.000449
6 -0.760000 0.000637
6 -0.740001 0.000891
6 -0.720000 0.001228
6 -0.700000 0.001670
6 -0.680000 0.002232
6 -0.660000 0.002947
6 -0.640000 0.003837
6 -0.620000 0.004902
6 -0.600000 0.006199
6 -0.580000 0.007724
6 -0.560000 0.009495
6 -0.540000 0.011505
6 -0.520000 0.013752
6 -0.500000 0.016227
6 -0.480000 0.018910
6 -0.460000 0.021777
6 -0.440001 0.024738
6 -0.420000 0.027774
6 -0.400001 0.030767
6 -0.380000 0.033699
6 -0.360001 0.036439
6 -0.340000 0.038963
6 -0.320001 0.041030
6 -0.300000 0.042692
6 -0.280001 0.044012
6 -0.260000 0.044753
6 -0.240001 0.044977
6 -0.220000 0.044473
6 -0.200000 0.043632
6 -0.180000 0.042220
6 -0.160000 0.040370
6 -0.140000 0.038137
6 -0.120000 0.035594
6 -0.100000 0.032814
6 -0.080000 0.029763
6 -0.060000 0.026551
6 -0.040000 0.023402
6 -0.020000 0.020259
6 0.000000 0.017321
6 0.020000 0.014572
6 0.040000 0.012096
6 0.059999 0.009915
6 0.080000 0.008004
6 0.099999 0.006362
6 0.120000 0.004996
6 0.139999 0.003861
6 0.160000 0.002943
6 0.179999 0.002202
6 0.200000 0.001625
6 0.219999 0.001177
6 0.240000 0.000836
6 0.259999 0.000581
6 0.280000 0.000397
6 0.300000 0.000267
6 0.320000 0.000176
6 0.340000 0.000114
6 0.360000 0.000073
6 0.380000 0.000046
6 0.400000 0.000028
6 0.420000 0.000017
6 0.440000 0.000010
6 0.460000 0.000006
6 0.480000 0.000003
6 0.500000 0.000002
7 -4.240000 0.000002
7 -4.220000 0.000003
7 -4.200000 0.000005
7 -4.180000 0.000010
7 -4.160000 0.000017
7 -4.140000 0.000029
7 -4.120000 0.000050
7 -4.100000 0.000082
7 -4.080000 0.000134
7 -4.060000 0.000214
7 -4.040000 0.000332
7 -4.020000 0.000511
7 -4.000000 0.000766
7 -3.980000 0.001128
7 -3.960000 0.001632
7 -3.940001 0.002308
7 -3.920000 0.003217
7 -3.900001 0.004388
7 -3.880000 0.005888
7 -3.860001 0.007709
7 -3.840000 0.009940
7 -3.820001 0.012647
7 -3.800000 0.015818
7 -3.780000 0.019317
7 -3.760000 0.023142
7 -3.740000 0.027340
7 -3.720000 0.031583
7 -3.700000 0.035911
7 -3.680000 0.040138
7 -3.660000 0.044276
7 -3.640000 0.047891
7 -3.620000 0.050675
7 -3.600000 0.052717
7 -3.580000 0.053650
7 -3.560000 0.053560
7 -3.540000 0.052947
7 -3.520000 0.051500
7 -3.500000 0.049152
7 -3.480000 0.045940
7 -3.460000 0.041988
7 -3.440001 0.037619
7 -3.420000 0.033031
7 -3.400001 0.028583
7 -3.380000 0.024282
7 -3.360001 0.020185
7 -3.340000 0.016413
7 -3.320001 0.013084
7 -3.300000 0.010246
7 -3.280000 0.007838
7 -3.260000 0.005927
7 -3.240000 0.004348
7 -3.220000 0.003161
7 -3.200000 0.002232
7 -3.180000 0.001546
7 -3.160000 0.001050
7 -3.140000 0.000700
7 -3.120000 0.000457
7 -3.100000 0.000292
7 -3.080000 0.000182
7 -3.060000 0.000111
7 -3.040000 0.000066
7 -3.020000 0.000039
7 -3.000000 0.000022
7 -2.980000 0.000013
7 -2.960000 0.000007
7 -2.940001 0.000004
7 -2.920000 0.000002
7 -2.900001 0.000001
8 -5.080000 0.000001
8 -5.060000 0.000002
8 -5.040000 0.000004
8 -5.020000 0.000007
8 -5.000000 0.000012
8 -4.980000 0.000021
8 -4.960000 0.000035
8 -4.940000 0.000057
8 -4.920000 0.000093
8 -4.900000 0.000148
8 -4.880000 0.000232
8 -4.860000 0.000356
8 -4.840000 0.000536
8 -4.820000 0.000793
8 -4.800000 0.001158
8 -4.780000 0.001658
8 -4.760000 0.002327
8 -4.740000 0.003206
8 -4.720000 0.004353
8 -4.700000 0.005799
8 -4.680000 0.007559
8 -4.660000 0.009724
8 -4.640000 0.012348
8 -4.620000 0.015335
8 -4.600000 0.018745
8 -4.580000 0.022425
8 -4.560000 0.026531
8 -4.540000 0.030637
8 -4.520000 0.034789
8 -4.500000 0.038967
8 -4.480000 0.043020
8 -4.460000 0.046599
8 -4.440000 0.049476
8 -4.420000 0.051572
8 -4.400000 0.052726
8 -4.380000 0.052923
8 -4.360000 0.052496
8 -4.340000 0.051204
8 -4.320000 0.049091
8 -4.300000 0.046137
8 -4.280000 0.042437
8 -4.260000 0.038335
8 -4.240000 0.033910
8 -4.220000 0.029599
8 -4.200000 0.025382
8 -4.180000 0.021287
8 -4.160000 0.017561
8 -4.140000 0.014194
8 -4.120000 0.011285
8 -4.100000 0.008786
8 -4.080000 0.006735
8 -4.060000 0.005061
8 -4.040000 0.003741
8 -4.020000 0.002707
8 -4.000000 0.001921
8 -3.980000 0.001338
8 -3.960000 0.000918
8 -3.940001 0.000615
8 -3.920000 0.000406
8 -3.900001 0.000263
8 -3.880000 0.000166
8 -3.860001 0.000103
8 -3.840000 0.000063
8 -3.820001 0.000037
8 -3.800000 0.000022
8 -3.780000 0.000013
8 -3.760000 0.000007
8 -3.740000 0.000004
8 -3.720000 0.000002
8 -3.700000 0.000001
9 -5.260000 0.000001
9 -5.240000 0.000002
9 -5.220000 0.000003
9 -5.200000 0.000006
9 -5.180000 0.000011
9 -5.160000 0.000018
9 -5.140000 0.000030
9 -5.120000 0.000050
9 -5.100000 0.000081
9 -5.080000 0.000129
9 -5.060000 0.000202
9 -5.040000 0.000310
9 -5.020000 0.000469
9 -5.000000 0.000695
9 -4.980000 0.001014
9 -4.960000 0.001454
9 -4.940000 0.002042
9 -4.920000 0.002830
9 -4.900000 0.003848
9 -4.880000 0.005144
9 -4.860000 0.006750
9 -4.840000 0.008690
9 -4.820000 0.011075
9 -4.800000 0.013877
9 -4.780000 0.017051
9 -4.760000 0.020462
9 -4.740000 0.024297
9 -4.720000 0.028486
9 -4.700000 0.032399
9 -4.680000 0.036476
9 -4.660000 0.040535
9 -4.640000 0.044540
9 -4.620000 0.047523
9 -4.600000 0.049992
9 -4.580000 0.051624
9 -4.560000 0.052433
9 -4.540000 0.052311
9 -4.520000 0.051441
9 -4.500000 0.049869
9 -4.480000 0.047470
9 -4.460000 0.044205
9 -4.440000 0.040437
9 -4.420000 0.036303
9 -4.400000 0.032039
9 -4.380000 0.027809
9 -4.360000 0.023659
9 -4.340000 0.019850
9 -4.320000 0.016275
9 -4.300000 0.013140
9 -4.280000 0.010393
9 -4.260000 0.008082
9 -4.240000 0.006183
9 -4.220000 0.004642
9 -4.200000 0.003433
9 -4.180000 0.002489
9 -4.160000 0.001764
9 -4.140000 0.001232
9 -4.120000 0.000845
9 -4.100000 0.000568
9 -4.080000 0.000375
9 -4.060000 0.000243
9 -4.040000 0.000154
9 -4.020000 0.000097
9 -4.000000 0.000059
9 -3.980000 0.000035
9 -3.960000 0.000021
9 -3.940001 0.000012
9 -3.920000 0.000007
9 -3.900001 0.000004
9 -3.880000 0.000002
9 -3.860001 0.000001
10 -5.300000 0.000002
10 -5.280000 0.000003
10 -5.260000 0.000006
10 -5.240000 0.000010
10 -5.220000 0.000017
10 -5.200000 0.000029
10 -5.180000 0.000049
10 -5.160000 0.000079
10 -5.140000 0.000126
10 -5.120000 0.000197
10 -5.100000 0.000303
10 -5.080000 0.000457
10 -5.060000 0.000680
10 -5.040000 0.000988
10 -5.020000 0.001422
10 -5.000000 0.002006
10 -4.980000 0.002767
10 -4.960000 0.003776
10 -4.940000 0.005054
10 -4.920000 0.006618
10 -4.900000 0.008562
10 -4.880000 0.010903
10 -4.860000 0.013699
10 -4.840000 0.016779
10 -4.820000 0.020262
10 -4.800000 0.024009
10 -4.780000 0.028080
10 -4.760000 0.032126
10 -4.740000 0.036204
10 -4.720000 0.040143
10 -4.700000 0.044276
10 -4.680000 0.047232
10 -4.660000 0.049987
10 -4.640000 0.051423
10 -4.620000 0.052414
10 -4.600000 0.052217
10 -4.580000 0.051559
10 -4.560000 0.049971
10 -4.540000 0.047648
10 -4.520000 0.044448
10 -4.500000 0.040760
10 -4.480000 0.036601
10 -4.460000 0.032326
10 -4.440000 0.028159
10 -4.420000 0.024043
10 -4.400000 0.020114
10 -4.380000 0.016518
10 -4.360000 0.013383
10 -4.340000 0.010596
10 -4.320000 0.008255
10 -4.300000 0.006317
10 -4.280000 0.004757
10 -4.260000 0.003508
10 -4.240000 0.002550
10 -4.220000 0.001814
10 -4.200000 0.001267
10 -4.180000 0.000872
10 -4.160000 0.000585
10 -4.140000 0.000387
10 -4.120000 0.000251
10 -4.100000 0.000159
10 -4.080000 0.000100
10 -4.060000 0.000061
10 -4.040000 0.000037
10 -4.020000 0.000022
10 -4.000000 0.000013
10 -3.980000 0.000007
10 -3.960000 0.000004
10 -3.940001 0.000002
10 -3.920000 0.000001
11 -5.160000 0.000002
11 -5.140000 0.000003
11 -5.120000 0.000005
11 -5.100000 0.000009
11 -5.080000 0.000016
11 -5.060000 0.000026
11 -5.040000 0.000044
11 -5.020000 0.000072
11 -5.000000 0.000115
11 -4.980000 0.000182
11 -4.960000 0.000283
11 -4.940000 0.000428
11 -4.920000 0.000640
11 -4.900000 0.000940
11 -4.880000 0.001359
11 -4.860000 0.001920
11 -4.840000 0.002674
11 -4.820000 0.003658
11 -4.800000 0.004922
11 -4.780000 0.006473
11 -4.760000 0.008389
11 -4.740000 0.010735
11 -4.720000 0.013495
11 -4.700000 0.016641
11 -4.680000 0.020136
11 -4.660000 0.023913
11 -4.640000 0.028057
11 -4.620000 0.032187
11 -4.600000 0.036231
11 -4.580000 0.040390
11 -4.560000 0.044328
11 -4.540000 0.047580
11 -4.520000 0.050156
11 -4.500000 0.051924
11 -4.480000 0.052632
11 -4.460000 0.052720
11 -4.440000 0.051829
11 -4.420000 0.050339
11 -4.400000 0.047901
11 -4.380000 0.044683
11 -4.360000 0.040932
11 -4.340000 0.036747
11 -4.320000 0.032300
11 -4.300000 0.028048
11 -4.280000 0.023896
11 -4.260000 0.019987
11 -4.240000 0.016369
11 -4.220000 0.013203
11 -4.200000 0.010439
11 -4.180000 0.008089
11 -4.160000 0.006174
11 -4.140000 0.004628
11 -4.120000 0.003404
11 -4.100000 0.002456
11 -4.080000 0.001739
11 -4.060000 0.001206
11 -4.040000 0.000823
11 -4.020000 0.000551
11 -4.000000 0.000363
11 -3.980000 0.000234
11 -3.960000 0.000148
11 -3.940001 0.000092
11 -3.920000 0.000056
11 -3.900001 0.000033
11 -3.880000 0.000019
11 -3.860001 0.000011
11 -3.840000 0.000006
11 -3.820001 0.000003
11 -3.800000 0.000002
11 -3.780000 0.000001
12 -5.320000 0.000001
12 -5.300000 0.000002
12 -5.280000 0.000003
12 -5.260000 0.000006
12 -5.240000 0.000011
12 -5.220000 0.000019
12 -5.200000 0.000032
12 -5.180000 0.000053
12 -5.160000 0.000085
12 -5.140000 0.000136
12 -5.120000 0.000214
12 -5.100000 0.000328
12 -5.080000 0.000497
12 -5.060000 0.000736
12 -5.040000 0.001074
12 -5.020000 0.001541
12 -5.000000 0.002171
12 -4.980000 0.002989
12 -4.960000 0.004083
12 -4.940000 0.005441
12 -4.920000 0.007114
12 -4.900000 0.009153
12 -4.880000 0.011672
12 -4.860000 0.014594
12 -4.840000 0.017841
12 -4.820000 0.021377
12 -4.800000 0.025392
12 -4.780000 0.029420
12 -4.760000 0.033538
12 -4.740000 0.037592
12 -4.720000 0.041762
12 -4.700000 0.045567
12 -4.680000 0.048534
12 -4.660000 0.050767
12 -4.640000 0.052161
12 -4.620000 0.052661
12 -4.600000 0.052376
12 -4.580000 0.051360
12 -4.560000 0.049505
12 -4.540000 0.046754
12 -4.520000 0.043418
12 -4.500000 0.039468
12 -4.480000 0.035207
12 -4.460000 0.030836
12 -4.440000 0.026663
12 -4.420000 0.022550
12 -4.400000 0.018725
12 -4.380000 0.015312
12 -4.360000 0.012243
12 -4.340000 0.009650
12 -4.320000 0.007446
12 -4.300000 0.005646
12 -4.280000 0.004229
12 -4.260000 0.003088
12 -4.240000 0.002222
12 -4.220000 0.001565
12 -4.200000 0.001085
12 -4.180000 0.000735
12 -4.160000 0.000492
12 -4.140000 0.000323
12 -4.120000 0.000207
12 -4.100000 0.000130
12 -4.080000 0.000081
12 -4.060000 0.000049
12 -4.040000 0.000029
12 -4.020000 0.000017
12 -4.000000 0.000010
12 -3.980000 0.000006
12 -3.960000 0.000003
12 -3.940001 0.000002
13 -5.360000 0.000002
13 -5.340000 0.000003
13 -5.320000 0.000005
13 -5.300000 0.000009
13 -5.280000 0.000016
13 -5.260000 0.000027
13 -5.240000 0.000046
13 -5.220000 0.000075
13 -5.200000 0.000121
13 -5.180000 0.000190
13 -5.160000 0.000293
13 -5.140000 0.000448
13 -5.120000 0.000667
13 -5.100000 0.000976
13 -5.080000 0.001411
13 -5.060000 0.001992
13 -5.040000 0.002773
13 -5.020000 0.003785
13 -5.000000 0.005082
13 -4.980000 0.006667
13 -4.960000 0.008634
13 -4.940000 0.011028
13 -4.920000 0.013860
13 -4.900000 0.017049
13 -4.880000 0.020495
13 -4.860000 0.024270
13 -4.840000 0.028480
13 -4.820000 0.032602
13 -4.800000 0.036645
13 -4.780000 0.040864
13 -4.760000 0.044630
13 -4.740000 0.047955
13 -4.720000 0.050245
13 -4.700000 0.051971
13 -4.680000 0.052607
13 -4.660000 0.052567
13 -4.640000 0.051616
13 -4.620000 0.050030
13 -4.600000 0.047458
13 -4.580000 0.044276
13 -4.560000 0.040397
13 -4.540000 0.036228
13 -4.520000 0.031872
13 -4.500000 0.027631
13 -4.480000 0.023510
13 -4.460000 0.019608
13 -4.440000 0.016071
13 -4.420000 0.012970
13 -4.400000 0.010236
13 -4.380000 0.007955
13 -4.360000 0.006075
13 -4.340000 0.004538
13 -4.320000 0.003357
13 -4.300000 0.002418
13 -4.280000 0.001719
13 -4.260000 0.001197
13 -4.240000 0.000818
13 -4.220000 0.000551
13 -4.200000 0.000365
13 -4.180000 0.000236
13 -4.160000 0.000150
13 -4.140000 0.000092
13 -4.120000 0.000057
13 -4.100000 0.000034
13 -4.080000 0.000020
13 -4.060000 0.000012
13 -4.040000 0.000007
13 -4.020000 0.000004
13 -4.000000 0.000002
13 -3.980000 0.000001
