#logage logg JPDF
9.67 1.145 2.36295e-10 
9.68 1.14 1.63074e-10 
9.68 1.145 6.32453e-10 
9.69 1.135 1.00685e-10 
9.69 1.14 4.38167e-10 
9.69 1.145 1.64174e-09 
9.7 1.135 2.7553e-10 
9.7 1.14 1.10864e-09 
9.7 1.145 4.3509e-09 
9.71 1.13 1.8647e-10 
9.71 1.135 7.83141e-10 
9.71 1.14 3.4001e-09 
9.71 1.145 1.06201e-08 
9.72 1.125 1.21832e-10 
9.72 1.13 5.30686e-10 
9.72 1.135 2.2962e-09 
9.72 1.14 7.72357e-09 
9.72 1.145 2.36806e-08 
9.73 1.125 3.46581e-10 
9.73 1.13 1.59436e-09 
9.73 1.135 5.50938e-09 
9.73 1.14 1.71335e-08 
9.73 1.145 5.43779e-08 
9.74 1.12 2.23294e-10 
9.74 1.125 1.13936e-09 
9.74 1.13 3.85714e-09 
9.74 1.135 1.26673e-08 
9.74 1.14 3.84616e-08 
9.74 1.145 1.17317e-07 
9.75 1.115 1.4271e-10 
9.75 1.12 6.83931e-10 
9.75 1.125 2.79339e-09 
9.75 1.13 9.22309e-09 
9.75 1.135 2.88628e-08 
9.75 1.14 8.73627e-08 
9.75 1.145 2.49463e-07 
9.76 1.115 4.05151e-10 
9.76 1.12 2.12089e-09 
9.76 1.125 6.45729e-09 
9.76 1.13 2.0902e-08 
9.76 1.135 6.51791e-08 
9.76 1.14 1.92958e-07 
9.76 1.145 5.13811e-07 
9.77 1.11 2.70611e-10 
9.77 1.115 1.44779e-09 
9.77 1.12 4.6233e-09 
9.77 1.125 1.55415e-08 
9.77 1.13 4.86134e-08 
9.77 1.135 1.39735e-07 
9.77 1.14 4.00627e-07 
9.77 1.145 1.03963e-06 
9.78 1.105 1.74276e-10 
9.78 1.11 9.41531e-10 
9.78 1.115 3.51674e-09 
9.78 1.12 1.11708e-08 
9.78 1.125 3.45976e-08 
9.78 1.13 1.05991e-07 
9.78 1.135 3.17745e-07 
9.78 1.14 7.98111e-07 
9.78 1.145 2.03549e-06 
9.79 1.1 1.24402e-10 
9.79 1.105 6.96214e-10 
9.79 1.11 2.51459e-09 
9.79 1.115 8.38259e-09 
9.79 1.12 2.66071e-08 
9.79 1.125 8.58649e-08 
9.79 1.13 2.34129e-07 
9.79 1.135 6.41925e-07 
9.79 1.14 1.65885e-06 
9.79 1.145 3.78648e-06 
9.8 1.1 4.06757e-10 
9.8 1.105 2.02681e-09 
9.8 1.11 6.21923e-09 
9.8 1.115 2.0202e-08 
9.8 1.12 6.51392e-08 
9.8 1.125 1.78803e-07 
9.8 1.13 5.11099e-07 
9.8 1.135 1.29154e-06 
9.8 1.14 3.18659e-06 
9.8 1.145 7.33752e-06 
9.81 1.095 3.03491e-10 
9.81 1.1 1.32281e-09 
9.81 1.105 4.62121e-09 
9.81 1.11 1.52215e-08 
9.81 1.115 4.87536e-08 
9.81 1.12 1.44941e-07 
9.81 1.125 4.04451e-07 
9.81 1.13 1.05635e-06 
9.81 1.135 2.58219e-06 
9.81 1.14 5.9244e-06 
9.81 1.145 1.25412e-05 
9.82 1.09 1.70017e-10 
9.82 1.095 1.03442e-09 
9.82 1.1 3.11384e-09 
9.82 1.105 1.09678e-08 
9.82 1.11 3.44788e-08 
9.82 1.115 1.03855e-07 
9.82 1.12 3.08261e-07 
9.82 1.125 8.20737e-07 
9.82 1.13 2.06969e-06 
9.82 1.135 4.8554e-06 
9.82 1.14 1.0574e-05 
9.82 1.145 2.12425e-05 
9.83 1.085 1.11057e-10 
9.83 1.09 5.70255e-10 
9.83 1.095 2.07061e-09 
9.83 1.1 7.52174e-09 
9.83 1.105 2.29447e-08 
9.83 1.11 6.64229e-08 
9.83 1.115 2.05315e-07 
9.83 1.12 5.42618e-07 
9.83 1.125 1.42701e-06 
9.83 1.13 3.49897e-06 
9.83 1.135 7.82676e-06 
9.83 1.14 1.67035e-05 
9.83 1.145 3.29552e-05 
9.84 1.085 3.46439e-10 
9.84 1.09 1.74468e-09 
9.84 1.095 5.74927e-09 
9.84 1.1 1.73485e-08 
9.84 1.105 5.26727e-08 
9.84 1.11 1.56082e-07 
9.84 1.115 4.23488e-07 
9.84 1.12 1.13105e-06 
9.84 1.125 2.81682e-06 
9.84 1.13 6.4445e-06 
9.84 1.135 1.41101e-05 
9.84 1.14 2.89961e-05 
9.84 1.145 5.54994e-05 
9.85 1.08 2.34564e-10 
9.85 1.085 1.38026e-09 
9.85 1.09 4.09045e-09 
9.85 1.095 1.32838e-08 
9.85 1.1 3.88604e-08 
9.85 1.105 1.17386e-07 
9.85 1.11 3.24717e-07 
9.85 1.115 8.64387e-07 
9.85 1.12 2.21607e-06 
9.85 1.125 5.18805e-06 
9.85 1.13 1.22575e-05 
9.85 1.135 2.52532e-05 
9.85 1.14 4.8239e-05 
9.85 1.145 8.70387e-05 
9.86 1.075 1.60176e-10 
9.86 1.08 8.97134e-10 
9.86 1.085 3.00842e-09 
9.86 1.09 1.01974e-08 
9.86 1.095 2.95298e-08 
9.86 1.1 8.32413e-08 
9.86 1.105 2.56009e-07 
9.86 1.11 7.07152e-07 
9.86 1.115 1.7422e-06 
9.86 1.12 4.4303e-06 
9.86 1.125 1.00682e-05 
9.86 1.13 2.081e-05 
9.86 1.135 4.0612e-05 
9.86 1.14 7.53627e-05 
9.86 1.145 0.000135742 
9.87 1.07 1.1006e-10 
9.87 1.075 6.32823e-10 
9.87 1.08 2.40624e-09 
9.87 1.085 7.67271e-09 
9.87 1.09 2.09685e-08 
9.87 1.095 6.62495e-08 
9.87 1.1 1.84862e-07 
9.87 1.105 5.53773e-07 
9.87 1.11 1.36015e-06 
9.87 1.115 3.43359e-06 
9.87 1.12 8.2677e-06 
9.87 1.125 1.76029e-05 
9.87 1.13 3.52195e-05 
9.87 1.135 6.63997e-05 
9.87 1.14 0.00011869 
9.87 1.145 0.000200538 
9.88 1.07 4.16414e-10 
9.88 1.075 1.73251e-09 
9.88 1.08 5.28071e-09 
9.88 1.085 1.70193e-08 
9.88 1.09 5.13012e-08 
9.88 1.095 1.44257e-07 
9.88 1.1 4.09361e-07 
9.88 1.105 1.08264e-06 
9.88 1.11 2.68055e-06 
9.88 1.115 6.61451e-06 
9.88 1.12 1.49564e-05 
9.88 1.125 2.97244e-05 
9.88 1.13 5.61717e-05 
9.88 1.135 0.000107543 
9.88 1.14 0.00018497 
9.88 1.145 0.000287042 
9.89 1.065 2.92619e-10 
9.89 1.07 1.33092e-09 
9.89 1.075 4.43868e-09 
9.89 1.08 1.24076e-08 
9.89 1.085 3.79994e-08 
9.89 1.09 1.15322e-07 
9.89 1.095 2.97795e-07 
9.89 1.1 8.10549e-07 
9.89 1.105 2.02985e-06 
9.89 1.11 5.24381e-06 
9.89 1.115 1.16474e-05 
9.89 1.12 2.34206e-05 
9.89 1.125 4.55826e-05 
9.89 1.13 8.96681e-05 
9.89 1.135 0.0001603 
9.89 1.14 0.000270331 
9.89 1.145 0.000419126 
9.9 1.06 1.59849e-10 
9.9 1.065 8.55066e-10 
9.9 1.07 2.99655e-09 
9.9 1.075 9.22836e-09 
9.9 1.08 2.81905e-08 
9.9 1.085 9.04392e-08 
9.9 1.09 2.3894e-07 
9.9 1.095 6.32672e-07 
9.9 1.1 1.59168e-06 
9.9 1.105 3.89341e-06 
9.9 1.11 9.07416e-06 
9.9 1.115 1.95654e-05 
9.9 1.12 3.82381e-05 
9.9 1.125 7.43126e-05 
9.9 1.13 0.000135245 
9.9 1.135 0.000233015 
9.9 1.14 0.000385964 
9.9 1.145 0.000603963 
9.91 1.055 1.00028e-10 
9.91 1.06 5.20111e-10 
9.91 1.065 2.00047e-09 
9.91 1.07 6.5171e-09 
9.91 1.075 1.92038e-08 
9.91 1.08 5.76897e-08 
9.91 1.085 1.66006e-07 
9.91 1.09 4.47658e-07 
9.91 1.095 1.24009e-06 
9.91 1.1 3.18567e-06 
9.91 1.105 7.19843e-06 
9.91 1.11 1.55443e-05 
9.91 1.115 3.09841e-05 
9.91 1.12 6.30033e-05 
9.91 1.125 0.000119118 
9.91 1.13 0.000206077 
9.91 1.135 0.000346593 
9.91 1.14 0.000512808 
9.91 1.145 0.000785989 
9.92 1.055 2.30587e-10 
9.92 1.06 1.14387e-09 
9.92 1.065 4.03953e-09 
9.92 1.07 1.1635e-08 
9.92 1.075 3.71994e-08 
9.92 1.08 1.06969e-07 
9.92 1.085 3.08314e-07 
9.92 1.09 8.38319e-07 
9.92 1.095 2.20208e-06 
9.92 1.1 5.85087e-06 
9.92 1.105 1.28629e-05 
9.92 1.11 2.60379e-05 
9.92 1.115 5.24943e-05 
9.92 1.12 0.000101068 
9.92 1.125 0.000177337 
9.92 1.13 0.000297337 
9.92 1.135 0.000494365 
9.92 1.14 0.000728443 
9.92 1.145 0.00107818 
9.93 1.055 6.71481e-10 
9.93 1.06 2.52991e-09 
9.93 1.065 7.67288e-09 
9.93 1.07 2.19523e-08 
9.93 1.075 7.36043e-08 
9.93 1.08 2.20529e-07 
9.93 1.085 5.9712e-07 
9.93 1.09 1.67196e-06 
9.93 1.095 4.12523e-06 
9.93 1.1 1.05429e-05 
9.93 1.105 2.16023e-05 
9.93 1.11 4.28035e-05 
9.93 1.115 8.44956e-05 
9.93 1.12 0.000157582 
9.93 1.125 0.000265318 
9.93 1.13 0.000438641 
9.93 1.135 0.000685956 
9.93 1.14 0.000939187 
9.93 1.145 0.00131787 
9.94 1.05 3.15731e-10 
9.94 1.055 1.49089e-09 
9.94 1.06 4.26776e-09 
9.94 1.065 1.42271e-08 
9.94 1.07 4.69253e-08 
9.94 1.075 1.36597e-07 
9.94 1.08 4.16628e-07 
9.94 1.085 1.10727e-06 
9.94 1.09 2.88013e-06 
9.94 1.095 8.0729e-06 
9.94 1.1 1.75392e-05 
9.94 1.105 3.57411e-05 
9.94 1.11 7.04104e-05 
9.94 1.115 0.000132632 
9.94 1.12 0.000232179 
9.94 1.125 0.000380664 
9.94 1.13 0.000602563 
9.94 1.135 0.000895992 
9.94 1.14 0.00129016 
9.94 1.145 0.00174583 
9.95 1.045 1.39499e-10 
9.95 1.05 6.5395e-10 
9.95 1.055 2.44023e-09 
9.95 1.06 8.78625e-09 
9.95 1.065 2.79662e-08 
9.95 1.07 9.15419e-08 
9.95 1.075 2.83851e-07 
9.95 1.08 7.68414e-07 
9.95 1.085 2.09188e-06 
9.95 1.09 5.661e-06 
9.95 1.095 1.25339e-05 
9.95 1.1 2.96215e-05 
9.95 1.105 5.67742e-05 
9.95 1.11 0.000110077 
9.95 1.115 0.000200444 
9.95 1.12 0.000338955 
9.95 1.125 0.000559146 
9.95 1.13 0.000840468 
9.95 1.135 0.00122756 
9.95 1.14 0.00168259 
9.95 1.145 0.00213048 
9.96 1.045 3.8841e-10 
9.96 1.05 1.28565e-09 
9.96 1.055 4.76765e-09 
9.96 1.06 1.58367e-08 
9.96 1.065 5.04154e-08 
9.96 1.07 1.87573e-07 
9.96 1.075 5.27509e-07 
9.96 1.08 1.40405e-06 
9.96 1.085 3.73571e-06 
9.96 1.09 9.36707e-06 
9.96 1.095 2.20285e-05 
9.96 1.1 4.75345e-05 
9.96 1.105 9.17753e-05 
9.96 1.11 0.000171252 
9.96 1.115 0.000303075 
9.96 1.12 0.000479906 
9.96 1.125 0.000762684 
9.96 1.13 0.00110188 
9.96 1.135 0.00151267 
9.96 1.14 0.00200106 
9.96 1.145 0.00252428 
9.97 1.04 1.95676e-10 
9.97 1.045 8.65483e-10 
9.97 1.05 2.50892e-09 
9.97 1.055 9.83072e-09 
9.97 1.06 3.3435e-08 
9.97 1.065 1.12171e-07 
9.97 1.07 3.49108e-07 
9.97 1.075 9.38284e-07 
9.97 1.08 2.6018e-06 
9.97 1.085 7.02362e-06 
9.97 1.09 1.56614e-05 
9.97 1.095 3.48739e-05 
9.97 1.1 7.61034e-05 
9.97 1.105 0.000140824 
9.97 1.11 0.000255444 
9.97 1.115 0.000424353 
9.97 1.12 0.000672325 
9.97 1.125 0.00103638 
9.97 1.13 0.00142858 
9.97 1.135 0.001958 
9.97 1.14 0.00245145 
9.97 1.145 0.00282194 
9.98 1.04 4.07064e-10 
9.98 1.045 1.35301e-09 
9.98 1.05 5.52304e-09 
9.98 1.055 2.22755e-08 
9.98 1.06 7.19431e-08 
9.98 1.065 2.03205e-07 
9.98 1.07 6.39844e-07 
9.98 1.075 1.80249e-06 
9.98 1.08 4.70543e-06 
9.98 1.085 1.15615e-05 
9.98 1.09 2.71769e-05 
9.98 1.095 5.77378e-05 
9.98 1.1 0.000118849 
9.98 1.105 0.000201012 
9.98 1.11 0.000345937 
9.98 1.115 0.000597113 
9.98 1.12 0.000928587 
9.98 1.125 0.00134634 
9.98 1.13 0.00186264 
9.98 1.135 0.00243416 
9.98 1.14 0.00289235 
9.98 1.145 0.00333174 
9.99 1.035 1.7599e-10 
9.99 1.04 7.3749e-10 
9.99 1.045 2.9113e-09 
9.99 1.05 1.1758e-08 
9.99 1.055 5.63433e-08 
9.99 1.06 1.51824e-07 
9.99 1.065 4.15541e-07 
9.99 1.07 1.19101e-06 
9.99 1.075 3.12065e-06 
9.99 1.08 8.07555e-06 
9.99 1.085 1.91077e-05 
9.99 1.09 4.22906e-05 
9.99 1.095 9.26611e-05 
9.99 1.1 0.000176627 
9.99 1.105 0.000313946 
9.99 1.11 0.000508383 
9.99 1.115 0.000815282 
9.99 1.12 0.00126049 
9.99 1.125 0.00179678 
9.99 1.13 0.00238484 
9.99 1.135 0.00296716 
9.99 1.14 0.00354778 
9.99 1.145 0.00385718 
10 1.035 3.8003e-10 
10 1.04 1.58974e-09 
10 1.045 6.70137e-09 
10 1.05 3.03311e-08 
10 1.055 9.48433e-08 
10 1.06 2.79698e-07 
10 1.065 8.04e-07 
10 1.07 2.14487e-06 
10 1.075 5.37276e-06 
10 1.08 1.31252e-05 
10 1.085 3.2363e-05 
10 1.09 7.023e-05 
10 1.095 0.000145563 
10 1.1 0.000260259 
10 1.105 0.000445033 
10 1.11 0.000732609 
10 1.115 0.00119139 
10 1.12 0.00166333 
10 1.125 0.00232317 
10 1.13 0.00303432 
10 1.135 0.00364319 
10 1.14 0.00411015 
10 1.145 0.00431906 
10.01 1.03 2.01373e-10 
10.01 1.035 9.1673e-10 
10.01 1.04 3.48918e-09 
10.01 1.045 1.42545e-08 
10.01 1.05 5.92907e-08 
10.01 1.055 1.80047e-07 
10.01 1.06 5.13637e-07 
10.01 1.065 1.44362e-06 
10.01 1.07 3.81672e-06 
10.01 1.075 9.36066e-06 
10.01 1.08 2.17437e-05 
10.01 1.085 5.25814e-05 
10.01 1.09 0.000111672 
10.01 1.095 0.000209056 
10.01 1.1 0.000370137 
10.01 1.105 0.000635048 
10.01 1.11 0.00102909 
10.01 1.115 0.00159284 
10.01 1.12 0.00217407 
10.01 1.125 0.00293649 
10.01 1.13 0.00361721 
10.01 1.135 0.00426046 
10.01 1.14 0.0046431 
10.01 1.145 0.00486219 
10.02 1.025 1.06682e-10 
10.02 1.03 4.63934e-10 
10.02 1.035 2.05896e-09 
10.02 1.04 8.19997e-09 
10.02 1.045 3.17362e-08 
10.02 1.05 1.09711e-07 
10.02 1.055 3.42527e-07 
10.02 1.06 9.79456e-07 
10.02 1.065 2.5762e-06 
10.02 1.07 6.4923e-06 
10.02 1.075 1.56101e-05 
10.02 1.08 3.67184e-05 
10.02 1.085 7.97539e-05 
10.02 1.09 0.000168975 
10.02 1.095 0.000294119 
10.02 1.1 0.000525368 
10.02 1.105 0.000899565 
10.02 1.11 0.00136611 
10.02 1.115 0.00204502 
10.02 1.12 0.00278207 
10.02 1.125 0.00368962 
10.02 1.13 0.00432382 
10.02 1.135 0.00476156 
10.02 1.14 0.0052314 
10.02 1.145 0.00532541 
10.03 1.025 2.54113e-10 
10.03 1.03 1.091e-09 
10.03 1.035 4.30441e-09 
10.03 1.04 1.73169e-08 
10.03 1.045 6.7079e-08 
10.03 1.05 2.14851e-07 
10.03 1.055 6.41321e-07 
10.03 1.06 1.73349e-06 
10.03 1.065 4.58596e-06 
10.03 1.07 1.13712e-05 
10.03 1.075 2.61021e-05 
10.03 1.08 6.10062e-05 
10.03 1.085 0.000123478 
10.03 1.09 0.000243459 
10.03 1.095 0.000456114 
10.03 1.1 0.000734189 
10.03 1.105 0.00119587 
10.03 1.11 0.00183055 
10.03 1.115 0.00267242 
10.03 1.12 0.00351792 
10.03 1.125 0.0043297 
10.03 1.13 0.00500504 
10.03 1.135 0.00541596 
10.03 1.14 0.00579185 
10.03 1.145 0.00570439 
10.04 1.02 1.22665e-10 
10.04 1.025 5.82496e-10 
10.04 1.03 2.42645e-09 
10.04 1.035 9.51594e-09 
10.04 1.04 3.77413e-08 
10.04 1.045 1.31996e-07 
10.04 1.05 4.13742e-07 
10.04 1.055 1.16916e-06 
10.04 1.06 3.24148e-06 
10.04 1.065 8.00209e-06 
10.04 1.07 2.00585e-05 
10.04 1.075 4.57821e-05 
10.04 1.08 9.51775e-05 
10.04 1.085 0.000190465 
10.04 1.09 0.00034846 
10.04 1.095 0.000639666 
10.04 1.1 0.00105341 
10.04 1.105 0.00162396 
10.04 1.11 0.00236466 
10.04 1.115 0.00330636 
10.04 1.12 0.00427253 
10.04 1.125 0.00498905 
10.04 1.13 0.00579464 
10.04 1.135 0.00629547 
10.04 1.14 0.00617477 
10.04 1.145 0.00588523 
10.05 1.02 2.95818e-10 
10.05 1.025 1.27286e-09 
10.05 1.03 5.63741e-09 
10.05 1.035 2.16419e-08 
10.05 1.04 8.20036e-08 
10.05 1.045 2.59455e-07 
10.05 1.05 8.00906e-07 
10.05 1.055 2.26919e-06 
10.05 1.06 5.87251e-06 
10.05 1.065 1.46763e-05 
10.05 1.07 3.38877e-05 
10.05 1.075 7.67872e-05 
10.05 1.08 0.000144917 
10.05 1.085 0.000297734 
10.05 1.09 0.000515285 
10.05 1.095 0.000846275 
10.05 1.1 0.00142226 
10.05 1.105 0.00209736 
10.05 1.11 0.0030443 
10.05 1.115 0.00396599 
10.05 1.12 0.0049084 
10.05 1.125 0.00570691 
10.05 1.13 0.00621714 
10.05 1.135 0.00659092 
10.05 1.14 0.00665291 
10.05 1.145 0.00608109 
10.06 1.015 1.47386e-10 
10.06 1.02 6.634e-10 
10.06 1.025 2.91203e-09 
10.06 1.03 1.15391e-08 
10.06 1.035 4.63486e-08 
10.06 1.04 1.57262e-07 
10.06 1.045 4.95851e-07 
10.06 1.05 1.49121e-06 
10.06 1.055 3.88706e-06 
10.06 1.06 1.01983e-05 
10.06 1.065 2.44623e-05 
10.06 1.07 5.68734e-05 
10.06 1.075 0.000119346 
10.06 1.08 0.000238594 
10.06 1.085 0.000432751 
10.06 1.09 0.000726532 
10.06 1.095 0.00119416 
10.06 1.1 0.00187017 
10.06 1.105 0.00263908 
10.06 1.11 0.00368865 
10.06 1.115 0.00465697 
10.06 1.12 0.0056341 
10.06 1.125 0.00627776 
10.06 1.13 0.00668922 
10.06 1.135 0.00693589 
10.06 1.14 0.00650867 
10.06 1.145 0.00588329 
10.07 1.015 3.34687e-10 
10.07 1.02 1.48569e-09 
10.07 1.025 6.24047e-09 
10.07 1.03 2.51469e-08 
10.07 1.035 9.08542e-08 
10.07 1.04 3.1889e-07 
10.07 1.045 9.46551e-07 
10.07 1.05 2.66199e-06 
10.07 1.055 6.90239e-06 
10.07 1.06 1.67809e-05 
10.07 1.065 4.00426e-05 
10.07 1.07 8.74116e-05 
10.07 1.075 0.000177104 
10.07 1.08 0.000342879 
10.07 1.085 0.00059467 
10.07 1.09 0.00103845 
10.07 1.095 0.00161006 
10.07 1.1 0.0023909 
10.07 1.105 0.00341551 
10.07 1.11 0.00434829 
10.07 1.115 0.00566799 
10.07 1.12 0.00634768 
10.07 1.125 0.00691379 
10.07 1.13 0.00721616 
10.07 1.135 0.00715072 
10.07 1.14 0.00657442 
10.07 1.145 0.00557481 
10.08 1.01 1.60655e-10 
10.08 1.015 7.10084e-10 
10.08 1.02 3.2608e-09 
10.08 1.025 1.32661e-08 
10.08 1.03 5.02959e-08 
10.08 1.035 1.86251e-07 
10.08 1.04 6.01766e-07 
10.08 1.045 1.76129e-06 
10.08 1.05 4.72069e-06 
10.08 1.055 1.21925e-05 
10.08 1.06 2.84931e-05 
10.08 1.065 6.2445e-05 
10.08 1.07 0.000134833 
10.08 1.075 0.000265024 
10.08 1.08 0.000470754 
10.08 1.085 0.000802849 
10.08 1.09 0.00130766 
10.08 1.095 0.00199755 
10.08 1.1 0.00289084 
10.08 1.105 0.00386556 
10.08 1.11 0.0048797 
10.08 1.115 0.00602503 
10.08 1.12 0.00680504 
10.08 1.125 0.00717914 
10.08 1.13 0.00706404 
10.08 1.135 0.00692969 
10.08 1.14 0.00631129 
10.08 1.145 0.00532217 
10.09 1.01 3.56574e-10 
10.09 1.015 1.692e-09 
10.09 1.02 7.10668e-09 
10.09 1.025 2.8871e-08 
10.09 1.03 1.12081e-07 
10.09 1.035 3.60315e-07 
10.09 1.04 1.16492e-06 
10.09 1.045 3.14724e-06 
10.09 1.05 8.44447e-06 
10.09 1.055 2.04133e-05 
10.09 1.06 4.80838e-05 
10.09 1.065 0.000102554 
10.09 1.07 0.000203659 
10.09 1.075 0.00038755 
10.09 1.08 0.00067328 
10.09 1.085 0.00112496 
10.09 1.09 0.00180716 
10.09 1.095 0.00263348 
10.09 1.1 0.00361577 
10.09 1.105 0.00476191 
10.09 1.11 0.00590801 
10.09 1.115 0.00675047 
10.09 1.12 0.00734383 
10.09 1.125 0.00756377 
10.09 1.13 0.007447 
10.09 1.135 0.00696257 
10.09 1.14 0.00611278 
10.09 1.145 0.00504459 
10.1 1.005 1.8042e-10 
10.1 1.01 8.56709e-10 
10.1 1.015 3.98471e-09 
10.1 1.02 1.64985e-08 
10.1 1.025 6.24826e-08 
10.1 1.03 2.23036e-07 
10.1 1.035 7.51953e-07 
10.1 1.04 2.17122e-06 
10.1 1.045 6.05785e-06 
10.1 1.05 1.45654e-05 
10.1 1.055 3.43257e-05 
10.1 1.06 7.94152e-05 
10.1 1.065 0.000164363 
10.1 1.07 0.000315493 
10.1 1.075 0.00056831 
10.1 1.08 0.000984176 
10.1 1.085 0.00157345 
10.1 1.09 0.0023852 
10.1 1.095 0.00349057 
10.1 1.1 0.00470624 
10.1 1.105 0.00578594 
10.1 1.11 0.00689144 
10.1 1.115 0.00772274 
10.1 1.12 0.00820421 
10.1 1.125 0.00819855 
10.1 1.13 0.00775937 
10.1 1.135 0.00693549 
10.1 1.14 0.00585175 
10.1 1.145 0.00470425 
10.11 1.005 4.16162e-10 
10.11 1.01 2.00075e-09 
10.11 1.015 8.67528e-09 
10.11 1.02 3.43153e-08 
10.11 1.025 1.40677e-07 
10.11 1.03 4.43276e-07 
10.11 1.035 1.38759e-06 
10.11 1.04 3.91671e-06 
10.11 1.045 1.01126e-05 
10.11 1.05 2.58838e-05 
10.11 1.055 5.74063e-05 
10.11 1.06 0.000127271 
10.11 1.065 0.000262723 
10.11 1.07 0.000489638 
10.11 1.075 0.000854158 
10.11 1.08 0.00136811 
10.11 1.085 0.00217894 
10.11 1.09 0.00317648 
10.11 1.095 0.00451618 
10.11 1.1 0.00573377 
10.11 1.105 0.00702005 
10.11 1.11 0.00798363 
10.11 1.115 0.00883317 
10.11 1.12 0.0089688 
10.11 1.125 0.00871181 
10.11 1.13 0.0080805 
10.11 1.135 0.0067194 
10.11 1.14 0.00554939 
10.11 1.145 0.00428149 
10.12 1 2.02166e-10 
10.12 1.005 9.83719e-10 
10.12 1.01 4.32987e-09 
10.12 1.015 1.85612e-08 
10.12 1.02 7.76016e-08 
10.12 1.025 2.67094e-07 
10.12 1.03 8.94107e-07 
10.12 1.035 2.60656e-06 
10.12 1.04 7.00074e-06 
10.12 1.045 1.79351e-05 
10.12 1.05 4.31243e-05 
10.12 1.055 9.36939e-05 
10.12 1.06 0.000206128 
10.12 1.065 0.000381653 
10.12 1.07 0.000693509 
10.12 1.075 0.00116551 
10.12 1.08 0.00189406 
10.12 1.085 0.00292185 
10.12 1.09 0.0041003 
10.12 1.095 0.00572656 
10.12 1.1 0.00700814 
10.12 1.105 0.00820439 
10.12 1.11 0.00923076 
10.12 1.115 0.00962167 
10.12 1.12 0.00960372 
10.12 1.125 0.00900155 
10.12 1.13 0.00792985 
10.12 1.135 0.00661338 
10.12 1.14 0.00517418 
10.12 1.145 0.00382604 
10.13 1 4.99082e-10 
10.13 1.005 2.23179e-09 
10.13 1.01 9.87546e-09 
10.13 1.015 3.9458e-08 
10.13 1.02 1.51875e-07 
10.13 1.025 5.11322e-07 
10.13 1.03 1.71269e-06 
10.13 1.035 4.79178e-06 
10.13 1.04 1.24342e-05 
10.13 1.045 3.053e-05 
10.13 1.05 6.8853e-05 
10.13 1.055 0.000152405 
10.13 1.06 0.000305819 
10.13 1.065 0.00055801 
10.13 1.07 0.00100927 
10.13 1.075 0.00162088 
10.13 1.08 0.00257807 
10.13 1.085 0.00378543 
10.13 1.09 0.00522676 
10.13 1.095 0.00683861 
10.13 1.1 0.00826696 
10.13 1.105 0.0094225 
10.13 1.11 0.0102556 
10.13 1.115 0.010472 
10.13 1.12 0.0100296 
10.13 1.125 0.00901636 
10.13 1.13 0.00794034 
10.13 1.135 0.00640543 
10.13 1.14 0.00486827 
10.13 1.145 0.00347057 
10.14 0.995 2.33594e-10 
10.14 1 1.14764e-09 
10.14 1.005 4.99422e-09 
10.14 1.01 2.10533e-08 
10.14 1.015 8.39608e-08 
10.14 1.02 2.93213e-07 
10.14 1.025 9.98667e-07 
10.14 1.03 3.1078e-06 
10.14 1.035 8.37132e-06 
10.14 1.04 2.09778e-05 
10.14 1.045 4.99525e-05 
10.14 1.05 0.00011149 
10.14 1.055 0.000235033 
10.14 1.06 0.000461209 
10.14 1.065 0.000832332 
10.14 1.07 0.00142606 
10.14 1.075 0.0022705 
10.14 1.08 0.0034028 
10.14 1.085 0.00484363 
10.14 1.09 0.00649535 
10.14 1.095 0.00816057 
10.14 1.1 0.00961965 
10.14 1.105 0.0108142 
10.14 1.11 0.0111966 
10.14 1.115 0.0112976 
10.14 1.12 0.0101762 
10.14 1.125 0.00914998 
10.14 1.13 0.00748117 
10.14 1.135 0.00603266 
10.14 1.14 0.00443927 
10.14 1.145 0.00299793 
