#logm PDFlogm m(Ms) PDF
-0.07303 3.25082e-09 0.84522 1.67035e-09
-0.07103 5.08039e-07 0.849122 2.59843e-07
-0.06903 7.55376e-06 0.853041 3.84572e-06
-0.06703 2.24615e-05 0.856979 1.13829e-05
-0.06503 5.52506e-05 0.860934 2.78709e-05
-0.06303 0.000136567 0.864908 6.8574e-05
-0.06103 0.000334037 0.8689 0.000166959
-0.05903 0.000626426 0.872911 0.000311662
-0.05703 0.000874115 0.87694 0.000432895
-0.05503 0.00166361 0.880988 0.000820098
-0.05303 0.00290656 0.885054 0.00142624
-0.05103 0.00302661 0.88914 0.00147833
-0.04903 0.00516752 0.893244 0.00251245
-0.04703 0.00585356 0.897367 0.00283292
-0.04503 0.00640551 0.901509 0.0030858
-0.04303 0.00782158 0.90567 0.00375067
-0.04103 0.00765398 0.90985 0.00365344
-0.03903 0.00826365 0.91405 0.00392632
-0.03703 0.0100507 0.918269 0.00475345
-0.03503 0.00922857 0.922508 0.00434459
-0.03303 0.00941702 0.926766 0.00441294
-0.03103 0.011428 0.931044 0.00533069
-0.02903 0.0100633 0.935341 0.00467256
-0.02703 0.0111975 0.939658 0.00517531
-0.02503 0.0115142 0.943996 0.00529724
-0.02303 0.0110072 0.948353 0.0050407
-0.02103 0.0117055 0.95273 0.00533586
-0.01903 0.0123452 0.957128 0.00560163
-0.01703 0.0117787 0.961546 0.00532
-0.01503 0.0125451 0.965984 0.0056401
-0.01303 0.0133642 0.970443 0.00598078
-0.01103 0.0121895 0.974922 0.00543
-0.00902998 0.0136656 0.979422 0.0060596
-0.00703001 0.0128 0.983943 0.00564967
-0.00503001 0.0128318 0.988485 0.00563769
-0.00303 0.0128463 0.993047 0.00561813
-0.00103 0.013437 0.997631 0.00584946
0.000970006 0.0130879 1.00224 0.00567133
0.00297001 0.0139343 1.00686 0.00601035
0.00497001 0.01352 1.01151 0.00580483
0.00697002 0.0138816 1.01618 0.00593272
0.00896999 0.013528 1.02087 0.00575502
0.01097 0.0136241 1.02558 0.00576931
0.01297 0.0147423 1.03031 0.00621411
0.01497 0.014582 1.03507 0.00611833
0.01697 0.0149808 1.03985 0.00625677
0.01897 0.0144627 1.04465 0.00601261
0.02097 0.0147103 1.04947 0.00608745
0.02297 0.0138681 1.05431 0.00571257
0.02497 0.0147516 1.05918 0.00604856
0.02697 0.0145477 1.06407 0.00593758
0.02897 0.0141613 1.06898 0.00575332
0.03097 0.0138056 1.07392 0.00558302
0.03297 0.0137578 1.07887 0.00553812
0.03497 0.0144765 1.08385 0.00580068
0.03697 0.0141552 1.08885 0.00564586
0.03897 0.0139857 1.09388 0.00555263
0.04097 0.0140984 1.09893 0.00557166
0.04297 0.0133432 1.104 0.00524897
0.04497 0.0138885 1.1091 0.00543837
0.04697 0.0134624 1.11422 0.00524732
0.04897 0.0138534 1.11936 0.00537489
0.05097 0.0132604 1.12453 0.00512118
0.05297 0.0132697 1.12972 0.00510123
0.05497 0.0132044 1.13493 0.00505282
0.05697 0.0121529 1.14017 0.00462906
0.05897 0.0126107 1.14543 0.0047814
0.06097 0.0123147 1.15072 0.00464769
0.06297 0.0117242 1.15603 0.00440449
0.06497 0.011538 1.16137 0.00431466
0.06697 0.0121185 1.16673 0.00451091
0.06897 0.0111161 1.17211 0.00411876
0.07097 0.0114923 1.17752 0.00423858
0.07297 0.0102502 1.18296 0.00376309
0.07497 0.0106844 1.18842 0.00390448
0.07697 0.0102421 1.19391 0.00372566
0.07897 0.00968292 1.19942 0.00350607
0.08097 0.00994948 1.20495 0.00358604
0.08297 0.00921694 1.21051 0.00330675
0.08497 0.00886052 1.2161 0.00316427
0.08697 0.00888365 1.22172 0.00315795
0.08897 0.0082403 1.22735 0.0029158
0.09097 0.00801392 1.23302 0.00282267
0.09297 0.00831145 1.23871 0.00291401
0.09497 0.00728339 1.24443 0.00254184
0.09697 0.0070384 1.25017 0.00244505
0.09897 0.00732982 1.25594 0.00253459
0.10097 0.00641407 1.26174 0.00220774
0.10297 0.00616396 1.26756 0.0021119
0.10497 0.00632414 1.27342 0.00215683
0.10697 0.00572073 1.27929 0.00194207
0.10897 0.0054776 1.2852 0.00185099
0.11097 0.00559146 1.29113 0.00188079
0.11297 0.00508476 1.29709 0.00170249
0.11497 0.00478083 1.30308 0.00159337
0.11697 0.00476409 1.30909 0.0015805
0.11897 0.00436316 1.31513 0.00144084
0.12097 0.00408108 1.3212 0.0013415
0.12297 0.00418349 1.3273 0.00136884
0.12497 0.00365797 1.33343 0.00119139
0.12697 0.00331695 1.33958 0.00107536
0.12897 0.0033503 1.34577 0.00108118
0.13097 0.00300313 1.35198 0.00096469
0.13297 0.0027879 1.35822 0.000891437
0.13497 0.00278072 1.36449 0.000885056
0.13697 0.00241908 1.37079 0.000766415
0.13897 0.00233477 1.37711 0.000736306
0.14097 0.00232699 1.38347 0.00073048
0.14297 0.00201671 1.38986 0.00063017
0.14497 0.00186563 1.39627 0.000580282
0.14697 0.00187837 1.40272 0.000581561
0.14897 0.00167084 1.40919 0.000514931
0.15097 0.00152571 1.4157 0.000468043
0.15297 0.00150205 1.42223 0.000458669
0.15497 0.0013529 1.4288 0.000411224
0.15697 0.00126078 1.43539 0.000381464
0.15897 0.00121323 1.44202 0.00036539
0.16097 0.00110216 1.44867 0.000330415
0.16297 0.00103701 1.45536 0.000309456
0.16497 0.00100229 1.46208 0.000297721
0.16697 0.000902744 1.46882 0.000266919
0.16897 0.000774143 1.4756 0.000227843
0.17097 0.000674315 1.48242 0.00019755
0.17297 0.000623291 1.48926 0.000181763
0.17497 0.000582482 1.49613 0.000169082
0.17697 0.000533744 1.50304 0.000154222
0.17897 0.000493216 1.50998 0.000141857
0.18097 0.000463641 1.51695 0.000132738
0.18297 0.000424857 1.52395 0.000121076
0.18497 0.000392223 1.53098 0.000111262
0.18697 0.000361388 1.53805 0.000102044
0.18897 0.00032655 1.54515 9.17834e-05
0.19097 0.000304989 1.55228 8.53293e-05
0.19297 0.000268325 1.55944 7.47267e-05
0.19497 0.000243566 1.56664 6.75197e-05
0.19697 0.000221704 1.57387 6.11769e-05
0.19897 0.000192016 1.58114 5.27415e-05
0.20097 0.000180827 1.58844 4.94398e-05
0.20297 0.000159672 1.59577 4.34552e-05
0.20497 0.000143634 1.60313 3.8911e-05
0.20697 0.000130774 1.61053 3.52644e-05
0.20897 0.000116268 1.61797 3.12086e-05
0.21097 0.000105185 1.62544 2.81039e-05
0.21297 9.51836e-05 1.63294 2.53149e-05
0.21497 8.42553e-05 1.64048 2.23055e-05
0.21697 7.39306e-05 1.64805 1.94822e-05
0.21897 6.57239e-05 1.65566 1.724e-05
0.22097 5.83781e-05 1.6633 1.52428e-05
0.22297 5.25706e-05 1.67098 1.36633e-05
0.22497 4.45776e-05 1.67869 1.15327e-05
0.22697 3.947e-05 1.68644 1.01644e-05
0.22897 3.50153e-05 1.69422 8.97577e-06
0.23097 3.19874e-05 1.70204 8.16194e-06
0.23297 2.73267e-05 1.7099 6.94068e-06
0.23497 2.36791e-05 1.71779 5.98658e-06
0.23697 2.04282e-05 1.72572 5.14097e-06
0.23897 1.92918e-05 1.73368 4.83268e-06
0.24097 1.54187e-05 1.74169 3.8447e-06
0.24297 1.33648e-05 1.74973 3.31725e-06
0.24497 1.17056e-05 1.7578 2.89206e-06
0.24697 1.22142e-05 1.76592 3.00387e-06
0.24897 8.36372e-06 1.77407 2.04745e-06
0.25097 7.72612e-06 1.78226 1.88268e-06
0.25297 7.35917e-06 1.79048 1.78502e-06
0.25497 6.56958e-06 1.79875 1.58618e-06
0.25697 5.09148e-06 1.80705 1.22365e-06
0.25897 4.2691e-06 1.81539 1.02129e-06
0.26097 4.59818e-06 1.82377 1.09497e-06
0.26297 3.33472e-06 1.83219 7.90448e-07
0.26497 2.91373e-06 1.84064 6.87485e-07
0.26697 2.85562e-06 1.84914 6.70679e-07
0.26897 2.74023e-06 1.85768 6.4062e-07
0.27097 2.19403e-06 1.86625 5.10571e-07
0.27297 1.5031e-06 1.87486 3.48179e-07
0.27497 1.58321e-06 1.88352 3.65049e-07
0.27697 1.30086e-06 1.89221 2.9857e-07
0.27897 1.26117e-06 1.90095 2.88129e-07
0.28097 8.49248e-07 1.90972 1.9313e-07
0.28297 7.46557e-07 1.91854 1.68996e-07
0.28497 5.72574e-07 1.92739 1.29017e-07
0.28697 5.18171e-07 1.93629 1.16222e-07
0.28897 4.334e-07 1.94523 9.67617e-08
0.29097 2.44051e-07 1.9542 5.42368e-08
0.29297 2.14994e-07 1.96322 4.756e-08
0.29497 1.43721e-07 1.97229 3.16471e-08
0.29697 1.3087e-07 1.98139 2.86849e-08
0.29897 5.67877e-08 1.99054 1.23899e-08
0.30097 2.35782e-08 1.99972 5.12066e-09
0.30297 5.3606e-09 2.00895 1.15885e-09
0.30497 5.34635e-09 2.01823 1.15046e-09
