#logm PDFlogm m(Ms) PDF
-0.04703 6.50028e-07 0.897367 3.14591e-07
-0.04503 2.90337e-06 0.901509 1.39867e-06
-0.04303 5.87008e-06 0.90567 2.81487e-06
-0.04103 1.20107e-05 0.90985 5.73299e-06
-0.03903 2.1779e-05 0.91405 1.03479e-05
-0.03703 4.19062e-05 0.918269 1.98195e-05
-0.03503 7.2836e-05 0.922508 3.42894e-05
-0.03303 0.000117044 0.926766 5.48483e-05
-0.03103 0.000180763 0.931044 8.43186e-05
-0.02903 0.00025729 0.935341 0.000119464
-0.02703 0.000346831 0.939658 0.0001603
-0.02503 0.000451122 0.943996 0.000207543
-0.02303 0.000540271 0.948353 0.000247415
-0.02103 0.000626574 0.95273 0.000285619
-0.01903 0.000737738 0.957128 0.000334747
-0.01703 0.000883657 0.961546 0.000399115
-0.01503 0.000953566 0.965984 0.000428711
-0.01303 0.00106029 0.970443 0.000474501
-0.01103 0.00113239 0.974922 0.000504442
-0.00902998 0.00120258 0.979422 0.000533247
-0.00703001 0.00125592 0.983943 0.00055434
-0.00503001 0.00129138 0.988485 0.000567372
-0.00303 0.00137144 0.993047 0.000599779
-0.00103 0.00144215 0.997631 0.000627803
0.000970006 0.00160246 1.00224 0.000694386
0.00297001 0.00181656 1.00686 0.000783546
0.00497001 0.0018982 1.01151 0.000814996
0.00697002 0.00201871 1.01618 0.000862755
0.00896999 0.00212642 1.02087 0.000904613
0.01097 0.00224888 1.02558 0.000952317
0.01297 0.00242744 1.03031 0.0010232
0.01497 0.00263772 1.03507 0.00110673
0.01697 0.00263359 1.03985 0.00109992
0.01897 0.00288638 1.04465 0.00119996
0.02097 0.00304674 1.04947 0.00126081
0.02297 0.00320718 1.05431 0.00132111
0.02497 0.00339525 1.05918 0.00139215
0.02697 0.00372113 1.06407 0.00151876
0.02897 0.00376654 1.06898 0.00153023
0.03097 0.0040399 1.07392 0.00163375
0.03297 0.00438 1.07887 0.00176315
0.03497 0.00436579 1.08385 0.00174935
0.03697 0.00476743 1.08885 0.00190151
0.03897 0.00465029 1.09388 0.00184627
0.04097 0.00512011 1.09893 0.00202345
0.04297 0.00528757 1.104 0.00208003
0.04497 0.00567357 1.1091 0.00222163
0.04697 0.00586104 1.11422 0.00228449
0.04897 0.00639953 1.11936 0.00248292
0.05097 0.00672138 1.12453 0.00259581
0.05297 0.00679583 1.12972 0.0026125
0.05497 0.00702705 1.13493 0.00268898
0.05697 0.00713657 1.14017 0.00271834
0.05897 0.00728647 1.14543 0.00276268
0.06097 0.00751412 1.15072 0.00283591
0.06297 0.00797081 1.15603 0.00299445
0.06497 0.00811806 1.16137 0.00303575
0.06697 0.0087285 1.16673 0.00324903
0.06897 0.0089425 1.17211 0.00331339
0.07097 0.00968617 1.17752 0.00357245
0.07297 0.00930911 1.18296 0.00341761
0.07497 0.00976664 1.18842 0.00356911
0.07697 0.00958764 1.19391 0.00348759
0.07897 0.0101449 1.19942 0.00367336
0.08097 0.0101731 1.20495 0.00366662
0.08297 0.0107056 1.21051 0.00384083
0.08497 0.0112923 1.2161 0.00403271
0.08697 0.0113714 1.22172 0.00404229
0.08897 0.0115582 1.22735 0.00408983
0.09097 0.0116416 1.23302 0.00410042
0.09297 0.0116684 1.23871 0.00409095
0.09497 0.0117318 1.24443 0.0040943
0.09697 0.0122623 1.25017 0.00425978
0.09897 0.0123399 1.25594 0.00426704
0.10097 0.0127084 1.26174 0.00437428
0.10297 0.0131221 1.26756 0.0044959
0.10497 0.0133246 1.27342 0.0045443
0.10697 0.0127363 1.27929 0.00432372
0.10897 0.0132178 1.2852 0.00446657
0.11097 0.012955 1.29113 0.00435764
0.11297 0.013421 1.29709 0.00449364
0.11497 0.0133804 1.30308 0.00445949
0.11697 0.0132968 1.30909 0.00441125
0.11897 0.0133519 1.31513 0.00440919
0.12097 0.0133447 1.3212 0.00438655
0.12297 0.0138284 1.3273 0.00452467
0.12497 0.0142618 1.33343 0.00464502
0.12697 0.0139936 1.33958 0.00453675
0.12897 0.0138298 1.34577 0.00446304
0.13097 0.0134928 1.35198 0.00433427
0.13297 0.0132161 1.35822 0.00422589
0.13497 0.0131667 1.36449 0.00419075
0.13697 0.0131581 1.37079 0.00416877
0.13897 0.0128848 1.37711 0.00406344
0.14097 0.0128455 1.38347 0.00403241
0.14297 0.012771 1.38986 0.0039906
0.14497 0.0127512 1.39627 0.00396611
0.14697 0.0127886 1.40272 0.00395949
0.14897 0.0127945 1.40919 0.0039431
0.15097 0.0121262 1.4157 0.00371997
0.15297 0.0116134 1.42223 0.00354628
0.15497 0.0114588 1.4288 0.00348301
0.15697 0.0113673 1.43539 0.00343932
0.15897 0.0111464 1.44202 0.00335699
0.16097 0.0109807 1.44867 0.00329187
0.16297 0.0110654 1.45536 0.00330203
0.16497 0.0108436 1.46208 0.00322099
0.16697 0.0107887 1.46882 0.00318994
0.16897 0.0106749 1.4756 0.0031418
0.17097 0.0104957 1.48242 0.00307486
0.17297 0.00950427 1.48926 0.00277162
0.17497 0.0087992 1.49613 0.00255422
0.17697 0.00852645 1.50304 0.00246367
0.17897 0.0082832 1.50998 0.00238239
0.18097 0.00820316 1.51695 0.00234853
0.18297 0.00839481 1.52395 0.00239235
0.18497 0.00871633 1.53098 0.00247257
0.18697 0.00808024 1.53805 0.00228159
0.18897 0.00766023 1.54515 0.00215306
0.19097 0.0071909 1.55228 0.00201186
0.19297 0.00681873 1.55944 0.00189897
0.19497 0.00646417 1.56664 0.00179195
0.19697 0.00616885 1.57387 0.00170223
0.19897 0.00591202 1.58114 0.00162387
0.20097 0.00566843 1.58844 0.0015498
0.20297 0.00541038 1.59577 0.00147245
0.20497 0.00515342 1.60313 0.00139608
0.20697 0.00490051 1.61053 0.00132146
0.20897 0.00467836 1.61797 0.00125576
0.21097 0.00446573 1.62544 0.00119318
0.21297 0.00424782 1.63294 0.00112974
0.21497 0.00407919 1.64048 0.00107991
0.21697 0.00388358 1.64805 0.0010234
0.21897 0.00365837 1.65566 0.000959625
0.22097 0.00341943 1.6633 0.000892828
0.22297 0.00324329 1.67098 0.000842948
0.22497 0.00309877 1.67869 0.000801684
0.22697 0.00297211 1.68644 0.000765385
0.22897 0.00282294 1.69422 0.000723628
0.23097 0.0027279 1.70204 0.000696053
0.23297 0.00250432 1.7099 0.000636069
0.23497 0.00235685 1.71779 0.000595863
0.23697 0.00209682 1.72572 0.000527687
0.23897 0.0019843 1.73368 0.000497075
0.24097 0.00175884 1.74169 0.000438571
0.24297 0.00174192 1.74973 0.000432358
0.24497 0.00150651 1.7578 0.000372209
0.24697 0.00153338 1.76592 0.000377108
0.24897 0.00137415 1.77407 0.000336395
0.25097 0.00122725 1.78226 0.000299052
0.25297 0.00115402 1.79048 0.000279916
0.25497 0.00103119 1.79875 0.000248975
0.25697 0.000917168 1.80705 0.000220426
0.25897 0.000878336 1.81539 0.000210124
0.26097 0.000801837 1.82377 0.000190942
0.26297 0.000708632 1.83219 0.000167971
0.26497 0.000680743 1.84064 0.000160619
0.26697 0.000618205 1.84914 0.000145193
0.26897 0.000539295 1.85768 0.000126078
0.27097 0.000526958 1.86625 0.000122628
0.27297 0.000467995 1.87486 0.000108407
0.27497 0.000397571 1.88352 9.16704e-05
0.27697 0.000410021 1.89221 9.41068e-05
0.27897 0.000353604 1.90095 8.0785e-05
0.28097 0.000305155 1.90972 6.93961e-05
0.28297 0.00030234 1.91854 6.844e-05
0.28497 0.000261098 1.92739 5.88325e-05
0.28697 0.000235835 1.93629 5.28959e-05
0.28897 0.000213955 1.94523 4.77679e-05
0.29097 0.00020739 1.9542 4.60894e-05
0.29297 0.000174466 1.96322 3.85946e-05
0.29497 0.000155915 1.97229 3.43322e-05
0.29697 0.00014266 1.98139 3.12692e-05
0.29897 0.000129925 1.99054 2.8347e-05
0.30097 0.000132739 1.99972 2.88278e-05
0.30297 0.000122478 2.00895 2.64771e-05
0.30497 9.51659e-05 2.01823 2.04784e-05
0.30697 9.71106e-05 2.02754 2.08008e-05
0.30897 2.92884e-05 2.0369 6.24468e-06
0.31097 8.07506e-07 2.0463 1.7138e-07
