#logm PDFlogm m(Ms) PDF
-0.05503 2.65789e-08 0.880988 1.31024e-08
-0.05303 1.45539e-07 0.885054 7.14157e-08
-0.05103 5.91027e-07 0.88914 2.88683e-07
-0.04903 2.84047e-06 0.893244 1.38104e-06
-0.04703 5.43066e-06 0.897367 2.62825e-06
-0.04503 1.32927e-05 0.901509 6.40367e-06
-0.04303 2.02916e-05 0.90567 9.73041e-06
-0.04103 3.39291e-05 0.90985 1.61952e-05
-0.03903 5.67417e-05 0.91405 2.69598e-05
-0.03703 9.39486e-05 0.918269 4.44329e-05
-0.03503 0.000141202 0.922508 6.64746e-05
-0.03303 0.000202849 0.926766 9.50576e-05
-0.03103 0.000281782 0.931044 0.00013144
-0.02903 0.000364363 0.935341 0.00016918
-0.02703 0.000452031 0.939658 0.000208921
-0.02503 0.000535965 0.943996 0.000246576
-0.02303 0.000607561 0.948353 0.00027823
-0.02103 0.000683311 0.95273 0.000311482
-0.01903 0.000769574 0.957128 0.000349192
-0.01703 0.000890789 0.961546 0.000402336
-0.01503 0.000956643 0.965984 0.000430095
-0.01303 0.00103636 0.970443 0.000463794
-0.01103 0.00110706 0.974922 0.000493156
-0.00902998 0.00117031 0.979422 0.000518938
-0.00703001 0.0012007 0.983943 0.000529965
-0.00503001 0.00121892 0.988485 0.000535539
-0.00303 0.00130135 0.993047 0.000569127
-0.00103 0.00139415 0.997631 0.00060691
0.000970006 0.00161069 1.00224 0.000697951
0.00297001 0.00177374 1.00686 0.000765074
0.00497001 0.00185821 1.01151 0.000797829
0.00697002 0.00193594 1.01618 0.000827384
0.00896999 0.00205421 1.02087 0.000873896
0.01097 0.00217667 1.02558 0.000921737
0.01297 0.00232594 1.03031 0.000980419
0.01497 0.0025302 1.03507 0.00106162
0.01697 0.0025624 1.03985 0.00107019
0.01897 0.00275333 1.04465 0.00114465
0.02097 0.00292656 1.04947 0.00121108
0.02297 0.00305959 1.05431 0.00126031
0.02497 0.00330175 1.05918 0.00135381
0.02697 0.00366107 1.06407 0.00149425
0.02897 0.00373438 1.06898 0.00151716
0.03097 0.00393533 1.07392 0.00159146
0.03297 0.00421249 1.07887 0.00169571
0.03497 0.0041788 1.08385 0.00167442
0.03697 0.00450307 1.08885 0.00179607
0.03897 0.00453463 1.09388 0.00180035
0.04097 0.00494224 1.09893 0.00195316
0.04297 0.00531219 1.104 0.00208972
0.04497 0.00558519 1.1091 0.00218702
0.04697 0.00579806 1.11422 0.00225994
0.04897 0.0062672 1.11936 0.00243158
0.05097 0.0065266 1.12453 0.00252059
0.05297 0.00659659 1.12972 0.00253591
0.05497 0.00681859 1.13493 0.00260921
0.05697 0.00695656 1.14017 0.00264978
0.05897 0.00717912 1.14543 0.00272198
0.06097 0.00744921 1.15072 0.00281141
0.06297 0.00803754 1.15603 0.00301952
0.06497 0.00820387 1.16137 0.00306784
0.06697 0.00878457 1.16673 0.0032699
0.06897 0.00903333 1.17211 0.00334705
0.07097 0.0094744 1.17752 0.00349435
0.07297 0.00920606 1.18296 0.00337978
0.07497 0.00964605 1.18842 0.00352504
0.07697 0.00954174 1.19391 0.0034709
0.07897 0.010149 1.19942 0.00367482
0.08097 0.0104372 1.20495 0.00376183
0.08297 0.0109401 1.21051 0.00392495
0.08497 0.0114909 1.2161 0.00410362
0.08697 0.0113802 1.22172 0.00404543
0.08897 0.0114938 1.22735 0.00406702
0.09097 0.0114256 1.23302 0.00402432
0.09297 0.0116654 1.23871 0.00408992
0.09497 0.0117981 1.24443 0.00411742
0.09697 0.0125005 1.25017 0.00434252
0.09897 0.0127164 1.25594 0.00439722
0.10097 0.0130279 1.26174 0.00448425
0.10297 0.0131587 1.26756 0.00450845
0.10497 0.013143 1.27342 0.00448236
0.10697 0.0126533 1.27929 0.00429554
0.10897 0.012992 1.2852 0.00439028
0.11097 0.0129207 1.29113 0.00434612
0.11297 0.0134216 1.29709 0.00449385
0.11497 0.013562 1.30308 0.00452
0.11697 0.0134595 1.30909 0.00446523
0.11897 0.013583 1.31513 0.00448548
0.12097 0.0136641 1.3212 0.00449155
0.12297 0.0141436 1.3273 0.00462779
0.12497 0.0147164 1.33343 0.00479311
0.12697 0.0140562 1.33958 0.00455704
0.12897 0.013727 1.34577 0.00442987
0.13097 0.0133214 1.35198 0.00427921
0.13297 0.0133748 1.35822 0.00427663
0.13497 0.0133132 1.36449 0.00423736
0.13697 0.0133316 1.37079 0.00422372
0.13897 0.0130586 1.37711 0.00411824
0.14097 0.013041 1.38347 0.00409378
0.14297 0.0129599 1.38986 0.00404965
0.14497 0.0127948 1.39627 0.00397967
0.14697 0.0127541 1.40272 0.00394879
0.14897 0.0125176 1.40919 0.00385776
0.15097 0.0122154 1.4157 0.00374733
0.15297 0.011857 1.42223 0.00362067
0.15497 0.0117392 1.4288 0.00356824
0.15697 0.0117526 1.43539 0.00355589
0.15897 0.0115154 1.44202 0.00346811
0.16097 0.0113098 1.44867 0.00339054
0.16297 0.0115296 1.45536 0.00344056
0.16497 0.0111291 1.46208 0.00330578
0.16697 0.0108931 1.46882 0.00322081
0.16897 0.0105889 1.4756 0.00311649
0.17097 0.0101965 1.48242 0.00298721
0.17297 0.00933907 1.48926 0.00272344
0.17497 0.00880732 1.49613 0.00255657
0.17697 0.00855352 1.50304 0.00247149
0.17897 0.00833607 1.50998 0.00239759
0.18097 0.00829456 1.51695 0.00237469
0.18297 0.00868056 1.52395 0.00247379
0.18497 0.00880639 1.53098 0.00249811
0.18697 0.00808471 1.53805 0.00228286
0.18897 0.00761836 1.54515 0.00214129
0.19097 0.00717874 1.55228 0.00200846
0.19297 0.00681167 1.55944 0.001897
0.19497 0.00643371 1.56664 0.00178351
0.19697 0.00617854 1.57387 0.0017049
0.19897 0.00589758 1.58114 0.0016199
0.20097 0.00563366 1.58844 0.0015403
0.20297 0.00539157 1.59577 0.00146734
0.20497 0.00514519 1.60313 0.00139385
0.20697 0.00486935 1.61053 0.00131306
0.20897 0.00463943 1.61797 0.00124531
0.21097 0.00441386 1.62544 0.00117932
0.21297 0.00419131 1.63294 0.00111471
0.21497 0.00401252 1.64048 0.00106226
0.21697 0.00382493 1.64805 0.00100795
0.21897 0.00359542 1.65566 0.000943113
0.22097 0.00337488 1.6633 0.000881197
0.22297 0.00319977 1.67098 0.000831635
0.22497 0.00304024 1.67869 0.000786541
0.22697 0.00291813 1.68644 0.000751482
0.22897 0.00279181 1.69422 0.000715648
0.23097 0.00270373 1.70204 0.000689886
0.23297 0.00245631 1.7099 0.000623875
0.23497 0.00230042 1.71779 0.000581596
0.23697 0.00205261 1.72572 0.00051656
0.23897 0.00186291 1.73368 0.000466665
0.24097 0.00171645 1.74169 0.000428001
0.24297 0.00158312 1.74973 0.000392941
0.24497 0.00145377 1.7578 0.000359179
0.24697 0.00147433 1.76592 0.000362583
0.24897 0.00127296 1.77407 0.000311624
0.25097 0.00113694 1.78226 0.000277046
0.25297 0.00108332 1.79048 0.000262768
0.25497 0.000967298 1.79875 0.000233547
0.25697 0.000843078 1.80705 0.00020262
0.25897 0.000802812 1.81539 0.000192056
0.26097 0.000752748 1.82377 0.000179252
0.26297 0.000650478 1.83219 0.000154187
0.26497 0.000611934 1.84064 0.000144384
0.26697 0.000563174 1.84914 0.000132269
0.26897 0.000496416 1.85768 0.000116054
0.27097 0.000470665 1.86625 0.000109528
0.27297 0.000424185 1.87486 9.82583e-05
0.27497 0.00035813 1.88352 8.25762e-05
0.27697 0.000361662 1.89221 8.30074e-05
0.27897 0.00032035 1.90095 7.31878e-05
0.28097 0.00026887 1.90972 6.11445e-05
0.28297 0.000261534 1.91854 5.92029e-05
0.28497 0.000234856 1.92739 5.29195e-05
0.28697 0.000206397 1.93629 4.62932e-05
0.28897 0.000194068 1.94523 4.33279e-05
0.29097 0.000176844 1.9542 3.93011e-05
0.29297 0.000149805 1.96322 3.31391e-05
0.29497 0.000137778 1.97229 3.03385e-05
0.29697 0.000116797 1.98139 2.56004e-05
0.29897 0.000112698 1.99054 2.45885e-05
0.30097 0.000118632 1.99972 2.57641e-05
0.30297 0.000102902 2.00895 2.22452e-05
0.30497 8.70468e-05 2.01823 1.87313e-05
0.30697 7.7381e-05 2.02754 1.65748e-05
0.30897 2.0996e-05 2.0369 4.47662e-06
0.31097 7.48078e-07 2.0463 1.58767e-07
