#logL_Lsun PDF
2.496 1.24945e-07
2.497 1.55311e-07
2.498 2.01636e-07
2.499 2.65653e-07
2.5 3.34072e-07
2.501 4.27079e-07
2.502 5.3189e-07
2.503 6.6052e-07
2.504 8.28538e-07
2.505 1.05889e-06
2.506 1.29242e-06
2.507 1.64776e-06
2.508 1.99149e-06
2.509 2.45257e-06
2.51 3.01722e-06
2.511 3.69391e-06
2.512 4.35193e-06
2.513 5.41137e-06
2.514 6.52465e-06
2.515 8.11497e-06
2.516 9.49231e-06
2.517 1.13789e-05
2.518 1.33845e-05
2.519 1.64877e-05
2.52 1.9107e-05
2.521 2.25366e-05
2.522 2.67531e-05
2.523 3.1499e-05
2.524 3.67893e-05
2.525 4.30833e-05
2.526 5.10715e-05
2.527 5.83116e-05
2.528 6.8308e-05
2.529 7.83199e-05
2.53 9.02618e-05
2.531 0.000106881
2.532 0.000119889
2.533 0.000140891
2.534 0.000160746
2.535 0.000181652
2.536 0.000207016
2.537 0.000240779
2.538 0.000266836
2.539 0.000300758
2.54 0.000340307
2.541 0.000387799
2.542 0.000435744
2.543 0.00049117
2.544 0.000547969
2.545 0.000616181
2.546 0.000695166
2.547 0.0007632
2.548 0.00084939
2.549 0.000941047
2.55 0.00104269
2.551 0.0011595
2.552 0.00128437
2.553 0.00140603
2.554 0.00152463
2.555 0.00169037
2.556 0.00184553
2.557 0.00203574
2.558 0.00223825
2.559 0.00240993
2.56 0.00263665
2.561 0.00284601
2.562 0.00308788
2.563 0.0033402
2.564 0.00360787
2.565 0.00393518
2.566 0.00419861
2.567 0.0044971
2.568 0.00482685
2.569 0.00516621
2.57 0.00554371
2.571 0.00587597
2.572 0.00635024
2.573 0.00662777
2.574 0.00705161
2.575 0.00752841
2.576 0.00786847
2.577 0.00837759
2.578 0.00881102
2.579 0.00922832
2.58 0.00957337
2.581 0.010196
2.582 0.0104755
2.583 0.0109953
2.584 0.0114148
2.585 0.0118956
2.586 0.0122621
2.587 0.0125676
2.588 0.0131224
2.589 0.0134839
2.59 0.0140282
2.591 0.0142454
2.592 0.0145013
2.593 0.0150388
2.594 0.015419
2.595 0.0153881
2.596 0.0156463
2.597 0.0161959
2.598 0.0163986
2.599 0.01644
2.6 0.0163496
2.601 0.016869
2.602 0.0170931
2.603 0.0172803
2.604 0.0173697
2.605 0.0173519
2.606 0.0172295
2.607 0.0172515
2.608 0.0175419
2.609 0.0170362
2.61 0.0169706
2.611 0.0169568
2.612 0.0168834
2.613 0.0163841
2.614 0.0164433
2.615 0.0160707
2.616 0.0157997
2.617 0.0157534
2.618 0.0151323
2.619 0.014732
2.62 0.0144121
2.621 0.0137372
2.622 0.0135636
2.623 0.0131373
2.624 0.01262
2.625 0.0122419
2.626 0.0116337
2.627 0.0108879
2.628 0.010786
2.629 0.0101435
2.63 0.00969963
2.631 0.0091483
2.632 0.00870063
2.633 0.00828921
2.634 0.00770033
2.635 0.00740001
2.636 0.00668674
2.637 0.00664118
2.638 0.00604914
2.639 0.0056246
2.64 0.00519454
2.641 0.00501016
2.642 0.00455706
2.643 0.00428103
2.644 0.00397263
2.645 0.00361822
2.646 0.0032856
2.647 0.00310459
2.648 0.00287208
2.649 0.00265156
2.65 0.00239264
2.651 0.00218994
2.652 0.00200606
2.653 0.00183507
2.654 0.00165502
2.655 0.00151405
2.656 0.00135932
2.657 0.00123613
2.658 0.00112118
2.659 0.000997988
2.66 0.000919559
2.661 0.000795942
2.662 0.000725358
2.663 0.000643125
2.664 0.000577154
2.665 0.000512831
2.666 0.000455455
2.667 0.000405846
2.668 0.000357027
2.669 0.000316241
2.67 0.000277645
2.671 0.000244032
2.672 0.00021362
2.673 0.000187263
2.674 0.000163114
2.675 0.000142692
2.676 0.000125324
2.677 0.000106241
2.678 9.23359e-05
2.679 8.00743e-05
2.68 6.89512e-05
2.681 5.9401e-05
2.682 5.1102e-05
2.683 4.39616e-05
2.684 3.74932e-05
2.685 3.18205e-05
2.686 2.69089e-05
2.687 2.28133e-05
2.688 1.92837e-05
2.689 1.61766e-05
2.69 1.35829e-05
2.691 1.13928e-05
2.692 9.47889e-06
2.693 7.98328e-06
2.694 6.71929e-06
2.695 5.50683e-06
2.696 4.50256e-06
2.697 3.77192e-06
2.698 3.19016e-06
2.699 2.60149e-06
2.7 2.09008e-06
2.701 1.70867e-06
2.702 1.4317e-06
2.703 1.14531e-06
2.704 9.3589e-07
2.705 7.4882e-07
2.706 6.05963e-07
2.707 4.92214e-07
2.708 3.93648e-07
2.709 3.20947e-07
2.71 2.58704e-07
2.711 2.01996e-07
2.712 1.58287e-07
2.713 1.29361e-07
2.714 1.04212e-07
