#logr PDFlogr r(Rs) PDF
1.592 9.82986e-08 39.0841 1.09227e-09
1.596 9.50046e-07 39.4457 1.04599e-08
1.6 7.3338e-06 39.8107 8.00043e-08
1.604 4.62054e-05 40.1791 4.99432e-07
1.608 0.000237419 40.5509 2.54273e-06
1.612 0.00102058 40.9261 1.08301e-05
1.616 0.00363356 41.3048 3.82047e-05
1.62 0.0107826 41.687 0.000112333
1.624 0.0268441 42.0727 0.000277098
1.628 0.0561001 42.462 0.000573783
1.632 0.099242 42.8549 0.00100573
1.636 0.145253 43.2514 0.00145851
1.64 0.174136 43.6516 0.0017325
1.644 0.172217 44.0555 0.0016977
1.648 0.139901 44.4632 0.00136648
1.652 0.0918131 44.8746 0.000888564
1.656 0.0485892 45.2898 0.000465933
1.66 0.0207216 45.7088 0.000196883
1.664 0.00706212 46.1318 6.64843e-05
1.668 0.001912 46.5586 1.7835e-05
1.672 0.000404681 46.9894 3.74022e-06
1.676 6.68128e-05 47.4242 6.11848e-07
1.68 8.65658e-06 47.863 7.85472e-08
1.684 8.65989e-07 48.3059 7.78568e-09
1.688 6.61029e-08 48.7529 5.8885e-10
