#logr PDFlogr r(Rs) PDF
1.592 1.92046e-08 39.0841 2.13398e-10
1.596 2.49753e-07 39.4457 2.74976e-09
1.6 2.56262e-06 39.8107 2.79556e-08
1.604 2.02531e-05 40.1791 2.18915e-07
1.608 0.000124088 40.5509 1.32897e-06
1.612 0.000613477 40.9261 6.51002e-06
1.616 0.00242958 41.3048 2.55455e-05
1.62 0.00780854 41.687 8.13493e-05
1.624 0.020871 42.0727 0.000215441
1.628 0.0458706 42.462 0.000469157
1.632 0.0859454 42.8549 0.000870978
1.636 0.132495 43.2514 0.00133041
1.64 0.169623 43.6516 0.0016876
1.644 0.177415 44.0555 0.00174894
1.648 0.151898 44.4632 0.00148367
1.652 0.105653 44.8746 0.00102251
1.656 0.0593368 45.2898 0.000568995
1.66 0.0267821 45.7088 0.000254465
1.664 0.00960713 46.1318 9.04436e-05
1.668 0.00275489 46.5586 2.56974e-05
1.672 0.000621578 46.9894 5.74487e-06
1.676 0.000109795 47.4242 1.00546e-06
1.68 1.51121e-05 47.863 1.37123e-07
1.684 1.59877e-06 48.3059 1.43737e-08
1.688 1.30538e-07 48.7529 1.16284e-09
