#logr PDFlogr r(Rs) PDF
1.592 1.53259e-08 39.0841 1.70299e-10
1.596 2.08599e-07 39.4457 2.29666e-09
1.6 2.20656e-06 39.8107 2.40713e-08
1.604 1.80214e-05 40.1791 1.94793e-07
1.608 0.000112745 40.5509 1.20748e-06
1.612 0.000562796 40.9261 5.97221e-06
1.616 0.00227475 41.3048 2.39176e-05
1.62 0.00741357 41.687 7.72346e-05
1.624 0.0197811 42.0727 0.00020419
1.628 0.0439412 42.462 0.000449424
1.632 0.0831379 42.8549 0.000842525
1.636 0.129349 43.2514 0.00129882
1.64 0.1672 43.6516 0.00166349
1.644 0.178059 44.0555 0.00175529
1.648 0.154715 44.4632 0.00151118
1.652 0.108977 44.8746 0.00105468
1.656 0.0619456 45.2898 0.000594011
1.66 0.0283514 45.7088 0.000269376
1.664 0.0103277 46.1318 9.72274e-05
1.668 0.00300121 46.5586 2.7995e-05
1.672 0.000685809 46.9894 6.33851e-06
1.676 0.000123732 47.4242 1.13309e-06
1.68 1.73813e-05 47.863 1.57712e-07
1.684 1.88596e-06 48.3059 1.69558e-08
1.688 1.56218e-07 48.7529 1.3916e-09
