#logTeff PDF
3.574 8.4128e-05
3.575 0.000274858
3.576 0.000623894
3.577 0.00132571
3.578 0.00260211
3.579 0.00486364
3.58 0.00846497
3.581 0.0137961
3.582 0.0212759
3.583 0.0312106
3.584 0.0431675
3.585 0.0560064
3.586 0.0690305
3.587 0.0808903
3.588 0.0885703
3.589 0.0914638
3.59 0.0905308
3.591 0.0854254
3.592 0.076448
3.593 0.0645032
3.594 0.0522187
3.595 0.0398813
3.596 0.0283683
3.597 0.0193571
3.598 0.0126371
3.599 0.00762719
3.6 0.0044469
3.601 0.00247687
3.602 0.00130391
3.603 0.000637764
3.604 0.000292808
3.605 0.000126534
3.606 5.07726e-05
3.607 1.6545e-05
