#logL_Lsun PDF
2.506 1.05619e-07
2.507 1.41555e-07
2.508 1.75844e-07
2.509 2.2515e-07
2.51 2.85702e-07
2.511 3.64523e-07
2.512 4.47397e-07
2.513 5.77387e-07
2.514 7.11297e-07
2.515 8.87865e-07
2.516 1.12682e-06
2.517 1.3614e-06
2.518 1.70364e-06
2.519 2.07836e-06
2.52 2.536e-06
2.521 3.07784e-06
2.522 3.75422e-06
2.523 4.50529e-06
2.524 5.49846e-06
2.525 6.79759e-06
2.526 8.02322e-06
2.527 9.52292e-06
2.528 1.13814e-05
2.529 1.34533e-05
2.53 1.57959e-05
2.531 1.91953e-05
2.532 2.27458e-05
2.533 2.67249e-05
2.534 3.11318e-05
2.535 3.64665e-05
2.536 4.27626e-05
2.537 5.03381e-05
2.538 5.7942e-05
2.539 6.6245e-05
2.54 7.75789e-05
2.541 8.98167e-05
2.542 0.000102356
2.543 0.000118997
2.544 0.000136423
2.545 0.000156046
2.546 0.000181237
2.547 0.000199819
2.548 0.000228955
2.549 0.000258689
2.55 0.000297265
2.551 0.000336331
2.552 0.000376786
2.553 0.000429209
2.554 0.000476386
2.555 0.00053437
2.556 0.000601467
2.557 0.000668102
2.558 0.000756421
2.559 0.000832925
2.56 0.00093046
2.561 0.00101097
2.562 0.00112953
2.563 0.00126269
2.564 0.00137292
2.565 0.00154376
2.566 0.00166559
2.567 0.00182753
2.568 0.00199112
2.569 0.00219422
2.57 0.0023693
2.571 0.0026126
2.572 0.00282631
2.573 0.00306032
2.574 0.00337171
2.575 0.00358761
2.576 0.00386038
2.577 0.0041719
2.578 0.00454571
2.579 0.00478818
2.58 0.00511479
2.581 0.0055528
2.582 0.00577519
2.583 0.00619133
2.584 0.00664639
2.585 0.00700168
2.586 0.00744854
2.587 0.00772433
2.588 0.00827457
2.589 0.0086583
2.59 0.00921352
2.591 0.0094557
2.592 0.00992075
2.593 0.0104272
2.594 0.0110351
2.595 0.0113609
2.596 0.011617
2.597 0.0121651
2.598 0.0125885
2.599 0.0131301
2.6 0.0132962
2.601 0.0137994
2.602 0.0142457
2.603 0.0146089
2.604 0.0147643
2.605 0.0153809
2.606 0.0154162
2.607 0.0157334
2.608 0.016153
2.609 0.0162118
2.61 0.016568
2.611 0.0167807
2.612 0.0169756
2.613 0.0171026
2.614 0.0173162
2.615 0.0171154
2.616 0.0172877
2.617 0.0171162
2.618 0.0172789
2.619 0.0173125
2.62 0.0169444
2.621 0.0168802
2.622 0.0168199
2.623 0.0168911
2.624 0.0163463
2.625 0.0164201
2.626 0.0157176
2.627 0.015483
2.628 0.0152148
2.629 0.0147805
2.63 0.0145965
2.631 0.0141069
2.632 0.0137623
2.633 0.0133879
2.634 0.0127503
2.635 0.0123116
2.636 0.0119094
2.637 0.0117166
2.638 0.0110992
2.639 0.0106168
2.64 0.00995991
2.641 0.00983064
2.642 0.00913216
2.643 0.0088088
2.644 0.00834245
2.645 0.00792465
2.646 0.00737567
2.647 0.00711815
2.648 0.00666612
2.649 0.0063444
2.65 0.00589747
2.651 0.00555826
2.652 0.00514423
2.653 0.00489429
2.654 0.00446292
2.655 0.00420751
2.656 0.00388004
2.657 0.00362966
2.658 0.00334119
2.659 0.00305824
2.66 0.00286788
2.661 0.00259915
2.662 0.0023921
2.663 0.00218449
2.664 0.00200223
2.665 0.0018298
2.666 0.00164543
2.667 0.00150937
2.668 0.00136157
2.669 0.00124233
2.67 0.00111738
2.671 0.0010008
2.672 0.000904933
2.673 0.000815063
2.674 0.000721457
2.675 0.000651396
2.676 0.000574223
2.677 0.000506962
2.678 0.000453909
2.679 0.000401538
2.68 0.000356343
2.681 0.000314612
2.682 0.000273908
2.683 0.000241239
2.684 0.000211466
2.685 0.000186011
2.686 0.000159218
2.687 0.000140092
2.688 0.000119657
2.689 0.000104946
2.69 8.7869e-05
2.691 7.73162e-05
2.692 6.57315e-05
2.693 5.6452e-05
2.694 4.81957e-05
2.695 4.00748e-05
2.696 3.423e-05
2.697 2.95494e-05
2.698 2.47562e-05
2.699 2.07069e-05
2.7 1.72449e-05
2.701 1.4454e-05
2.702 1.21121e-05
2.703 9.94369e-06
2.704 8.1177e-06
2.705 6.71671e-06
2.706 5.46806e-06
2.707 4.50302e-06
2.708 3.69735e-06
2.709 2.97831e-06
2.71 2.51828e-06
2.711 1.97302e-06
2.712 1.59996e-06
2.713 1.25962e-06
2.714 1.03683e-06
2.715 7.97057e-07
2.716 6.36208e-07
2.717 5.14304e-07
2.718 4.11097e-07
2.719 3.25409e-07
2.72 2.51951e-07
2.721 1.95143e-07
2.722 1.52535e-07
2.723 1.17249e-07
