#logL_Lsun PDF
2.539 1.10662e-07
2.54 1.48095e-07
2.541 1.88083e-07
2.542 2.50739e-07
2.543 2.98446e-07
2.544 4.01608e-07
2.545 5.06852e-07
2.546 6.28173e-07
2.547 8.05171e-07
2.548 1.00115e-06
2.549 1.25477e-06
2.55 1.58782e-06
2.551 1.91907e-06
2.552 2.40524e-06
2.553 3.02506e-06
2.554 3.52261e-06
2.555 4.36244e-06
2.556 5.30589e-06
2.557 6.57613e-06
2.558 7.58126e-06
2.559 9.20941e-06
2.56 1.13478e-05
2.561 1.3288e-05
2.562 1.5829e-05
2.563 1.83057e-05
2.564 2.23969e-05
2.565 2.60331e-05
2.566 2.98466e-05
2.567 3.69929e-05
2.568 4.1847e-05
2.569 4.94654e-05
2.57 5.63859e-05
2.571 6.67347e-05
2.572 7.50919e-05
2.573 8.95558e-05
2.574 0.000103879
2.575 0.000117357
2.576 0.000137255
2.577 0.000155928
2.578 0.000179277
2.579 0.000202709
2.58 0.000229202
2.581 0.000257348
2.582 0.000283244
2.583 0.000331207
2.584 0.000362094
2.585 0.000420043
2.586 0.000460092
2.587 0.00052132
2.588 0.000592143
2.589 0.000645158
2.59 0.00073294
2.591 0.000798354
2.592 0.000907795
2.593 0.000982703
2.594 0.0011192
2.595 0.001209
2.596 0.00134831
2.597 0.00145212
2.598 0.00161863
2.599 0.00178818
2.6 0.00192125
2.601 0.00208339
2.602 0.00230841
2.603 0.00249031
2.604 0.00274452
2.605 0.00297177
2.606 0.00314581
2.607 0.00343118
2.608 0.00371878
2.609 0.00402636
2.61 0.00429748
2.611 0.00454636
2.612 0.00494064
2.613 0.00531902
2.614 0.0056977
2.615 0.00602762
2.616 0.00635932
2.617 0.00676296
2.618 0.00704061
2.619 0.00759199
2.62 0.00799447
2.621 0.00865232
2.622 0.0089017
2.623 0.00933269
2.624 0.00966198
2.625 0.0103221
2.626 0.0105251
2.627 0.0110433
2.628 0.0116316
2.629 0.0122949
2.63 0.0125269
2.631 0.0128479
2.632 0.0133438
2.633 0.0136407
2.634 0.0140248
2.635 0.014488
2.636 0.0148787
2.637 0.015476
2.638 0.0157495
2.639 0.0156889
2.64 0.0165637
2.641 0.0165565
2.642 0.0168286
2.643 0.0167029
2.644 0.0169602
2.645 0.0171087
2.646 0.0173119
2.647 0.0176155
2.648 0.0173786
2.649 0.0173077
2.65 0.0173346
2.651 0.0173608
2.652 0.0171649
2.653 0.0168758
2.654 0.0171716
2.655 0.0166395
2.656 0.0167415
2.657 0.016376
2.658 0.0160581
2.659 0.015809
2.66 0.0154085
2.661 0.0150896
2.662 0.014794
2.663 0.0143439
2.664 0.0140409
2.665 0.0135858
2.666 0.0130827
2.667 0.0126375
2.668 0.0122668
2.669 0.0116921
2.67 0.0113384
2.671 0.0108089
2.672 0.0103454
2.673 0.00994189
2.674 0.00981288
2.675 0.00891867
2.676 0.00861706
2.677 0.00833212
2.678 0.00767998
2.679 0.00720869
2.68 0.00677382
2.681 0.00634413
2.682 0.00591115
2.683 0.0054988
2.684 0.00525561
2.685 0.00484505
2.686 0.00451817
2.687 0.00416152
2.688 0.00383673
2.689 0.00358081
2.69 0.00331621
2.691 0.00302376
2.692 0.00276705
2.693 0.00253014
2.694 0.002315
2.695 0.00212297
2.696 0.00191006
2.697 0.00175123
2.698 0.00156584
2.699 0.00139452
2.7 0.00127265
2.701 0.00114351
2.702 0.00103097
2.703 0.000907211
2.704 0.000815602
2.705 0.000725575
2.706 0.000638716
2.707 0.000559776
2.708 0.000496848
2.709 0.00043997
2.71 0.000381859
2.711 0.000338422
2.712 0.00028845
2.713 0.00025305
2.714 0.000219606
2.715 0.00018602
2.716 0.000163959
2.717 0.000140365
2.718 0.000119525
2.719 0.000103245
2.72 8.59045e-05
2.721 7.41022e-05
2.722 6.20011e-05
2.723 5.21354e-05
2.724 4.47598e-05
2.725 3.69642e-05
2.726 3.15461e-05
2.727 2.59852e-05
2.728 2.11126e-05
2.729 1.76784e-05
2.73 1.4492e-05
2.731 1.18712e-05
2.732 9.84356e-06
2.733 8.06053e-06
2.734 6.49687e-06
2.735 5.45815e-06
2.736 4.33164e-06
2.737 3.44521e-06
2.738 2.71187e-06
2.739 2.17925e-06
2.74 1.74534e-06
2.741 1.41e-06
2.742 1.08635e-06
2.743 8.69058e-07
2.744 6.93973e-07
2.745 5.34427e-07
2.746 4.08201e-07
2.747 3.32759e-07
2.748 2.48903e-07
2.749 1.90008e-07
2.75 1.49856e-07
2.751 1.12906e-07
