#logL_Lsun PDF
2.496 1.23793e-07
2.497 1.54079e-07
2.498 2.00322e-07
2.499 2.64332e-07
2.5 3.32625e-07
2.501 4.25973e-07
2.502 5.31185e-07
2.503 6.59859e-07
2.504 8.28822e-07
2.505 1.06091e-06
2.506 1.29611e-06
2.507 1.65423e-06
2.508 2.00206e-06
2.509 2.46757e-06
2.51 3.03837e-06
2.511 3.72241e-06
2.512 4.39026e-06
2.513 5.46525e-06
2.514 6.59212e-06
2.515 8.20211e-06
2.516 9.60019e-06
2.517 1.1518e-05
2.518 1.35615e-05
2.519 1.67076e-05
2.52 1.93698e-05
2.521 2.28669e-05
2.522 2.71604e-05
2.523 3.19765e-05
2.524 3.7373e-05
2.525 4.38111e-05
2.526 5.19374e-05
2.527 5.93074e-05
2.528 6.9483e-05
2.529 7.96454e-05
2.53 9.18494e-05
2.531 0.000108727
2.532 0.000122062
2.533 0.000143443
2.534 0.000163702
2.535 0.000184968
2.536 0.000210746
2.537 0.000245125
2.538 0.000271725
2.539 0.000306227
2.54 0.000346514
2.541 0.000394838
2.542 0.000443399
2.543 0.000499836
2.544 0.000557527
2.545 0.000626842
2.546 0.000707437
2.547 0.000776067
2.548 0.000863846
2.549 0.000956787
2.55 0.00105969
2.551 0.00117869
2.552 0.00130515
2.553 0.00142836
2.554 0.00154863
2.555 0.00171642
2.556 0.00187361
2.557 0.00206645
2.558 0.00227106
2.559 0.00244372
2.56 0.00267455
2.561 0.00288487
2.562 0.00312965
2.563 0.00338522
2.564 0.00365499
2.565 0.00398537
2.566 0.00425152
2.567 0.00455156
2.568 0.00488473
2.569 0.00522508
2.57 0.0056052
2.571 0.00594388
2.572 0.00642051
2.573 0.00669952
2.574 0.0071254
2.575 0.00760247
2.576 0.00794799
2.577 0.0084548
2.578 0.00889348
2.579 0.00931242
2.58 0.00965877
2.581 0.0102818
2.582 0.0105607
2.583 0.0110836
2.584 0.0115049
2.585 0.0119761
2.586 0.0123485
2.587 0.0126485
2.588 0.0132006
2.589 0.0135606
2.59 0.0140999
2.591 0.0143192
2.592 0.0145706
2.593 0.0151003
2.594 0.0154775
2.595 0.0154399
2.596 0.015689
2.597 0.0162393
2.598 0.0164259
2.599 0.0164691
2.6 0.0163717
2.601 0.0168716
2.602 0.0170946
2.603 0.0172751
2.604 0.0173579
2.605 0.0173313
2.606 0.0172095
2.607 0.0172135
2.608 0.0175083
2.609 0.0169932
2.61 0.0169156
2.611 0.0169053
2.612 0.0168302
2.613 0.0163303
2.614 0.0163705
2.615 0.0160064
2.616 0.0157318
2.617 0.0156751
2.618 0.0150652
2.619 0.0146623
2.62 0.0143354
2.621 0.0136693
2.622 0.0134933
2.623 0.0130695
2.624 0.0125442
2.625 0.012176
2.626 0.0115608
2.627 0.0108223
2.628 0.0107145
2.629 0.0100698
2.63 0.00963468
2.631 0.0090761
2.632 0.00863695
2.633 0.00822542
2.634 0.00763663
2.635 0.0073343
2.636 0.00662509
2.637 0.00658327
2.638 0.00599033
2.639 0.00556641
2.64 0.00514322
2.641 0.00495641
2.642 0.00450647
2.643 0.00423165
2.644 0.00392485
2.645 0.00357259
2.646 0.00324394
2.647 0.00306176
2.648 0.00283292
2.649 0.00261418
2.65 0.00235767
2.651 0.00215776
2.652 0.00197497
2.653 0.00180532
2.654 0.00162815
2.655 0.00148963
2.656 0.0013365
2.657 0.00121486
2.658 0.00110145
2.659 0.00098013
2.66 0.000902653
2.661 0.000781173
2.662 0.00071189
2.663 0.000630767
2.664 0.000566253
2.665 0.000502777
2.666 0.000446532
2.667 0.000397738
2.668 0.000349766
2.669 0.00030977
2.67 0.00027191
2.671 0.000238896
2.672 0.000209127
2.673 0.000183261
2.674 0.000159596
2.675 0.000139512
2.676 0.000122515
2.677 0.000103849
2.678 9.01963e-05
2.679 7.82029e-05
2.68 6.73236e-05
2.681 5.79842e-05
2.682 4.98561e-05
2.683 4.28727e-05
2.684 3.65442e-05
2.685 3.10217e-05
2.686 2.62299e-05
2.687 2.22283e-05
2.688 1.8787e-05
2.689 1.57537e-05
2.69 1.32259e-05
2.691 1.10913e-05
2.692 9.22582e-06
2.693 7.76968e-06
2.694 6.53241e-06
2.695 5.35325e-06
2.696 4.3755e-06
2.697 3.6623e-06
2.698 3.09626e-06
2.699 2.52484e-06
2.7 2.02788e-06
2.701 1.65714e-06
2.702 1.38852e-06
2.703 1.10978e-06
2.704 9.06404e-07
2.705 7.24725e-07
2.706 5.86596e-07
2.707 4.75838e-07
2.708 3.80596e-07
2.709 3.1007e-07
2.71 2.49848e-07
2.711 1.94993e-07
2.712 1.5258e-07
2.713 1.2473e-07
2.714 1.00392e-07
