#logage logg JPDF
9.35 1.265 1.17435e-10 
9.36 1.255 1.03181e-10 
9.36 1.26 2.10078e-10 
9.36 1.265 2.93565e-10 
9.37 1.25 1.23721e-10 
9.37 1.255 2.75541e-10 
9.37 1.26 4.86646e-10 
9.37 1.265 7.03988e-10 
9.38 1.245 1.25411e-10 
9.38 1.25 2.99832e-10 
9.38 1.255 6.68353e-10 
9.38 1.26 1.18015e-09 
9.38 1.265 1.34132e-09 
9.39 1.24 1.21781e-10 
9.39 1.245 3.42365e-10 
9.39 1.25 7.89384e-10 
9.39 1.255 1.56875e-09 
9.39 1.26 2.60753e-09 
9.39 1.265 2.94955e-09 
9.39 1.27 1.43994e-10 
9.4 1.235 1.14832e-10 
9.4 1.24 3.45889e-10 
9.4 1.245 8.73039e-10 
9.4 1.25 2.04137e-09 
9.4 1.255 3.62058e-09 
9.4 1.26 5.85727e-09 
9.4 1.265 5.86579e-09 
9.4 1.27 3.32484e-10 
9.41 1.235 2.98856e-10 
9.41 1.24 8.47455e-10 
9.41 1.245 2.17101e-09 
9.41 1.25 4.68906e-09 
9.41 1.255 8.14463e-09 
9.41 1.26 1.24526e-08 
9.41 1.265 1.18144e-08 
9.41 1.27 5.90699e-10 
9.42 1.23 2.46697e-10 
9.42 1.235 7.88172e-10 
9.42 1.24 2.21654e-09 
9.42 1.245 5.27822e-09 
9.42 1.25 1.04446e-08 
9.42 1.255 1.77339e-08 
9.42 1.26 2.58527e-08 
9.42 1.265 2.18553e-08 
9.42 1.27 6.5177e-10 
9.43 1.225 1.80059e-10 
9.43 1.23 6.49539e-10 
9.43 1.235 1.9807e-09 
9.43 1.24 5.34901e-09 
9.43 1.245 1.20603e-08 
9.43 1.25 2.25957e-08 
9.43 1.255 3.73015e-08 
9.43 1.26 4.93672e-08 
9.43 1.265 4.07048e-08 
9.43 1.27 1.77675e-09 
9.44 1.22 1.23648e-10 
9.44 1.225 5.05621e-10 
9.44 1.23 1.70624e-09 
9.44 1.235 4.91344e-09 
9.44 1.24 1.2661e-08 
9.44 1.245 2.68257e-08 
9.44 1.25 4.92977e-08 
9.44 1.255 7.55425e-08 
9.44 1.26 9.68271e-08 
9.44 1.265 6.99326e-08 
9.44 1.27 2.63389e-09 
9.45 1.22 3.42804e-10 
9.45 1.225 1.35615e-09 
9.45 1.23 4.03608e-09 
9.45 1.235 1.17125e-08 
9.45 1.24 2.82239e-08 
9.45 1.245 5.62274e-08 
9.45 1.25 1.01662e-07 
9.45 1.255 1.45583e-07 
9.45 1.26 1.81362e-07 
9.45 1.265 1.26903e-07 
9.45 1.27 2.8767e-09 
9.46 1.215 2.22197e-10 
9.46 1.22 9.44031e-10 
9.46 1.225 3.26138e-09 
9.46 1.23 1.01541e-08 
9.46 1.235 2.71691e-08 
9.46 1.24 6.16104e-08 
9.46 1.245 1.20382e-07 
9.46 1.25 1.97718e-07 
9.46 1.255 2.75578e-07 
9.46 1.26 3.27865e-07 
9.46 1.265 2.15712e-07 
9.46 1.27 4.69197e-09 
9.47 1.21 1.33983e-10 
9.47 1.215 6.33141e-10 
9.47 1.22 2.44115e-09 
9.47 1.225 8.07228e-09 
9.47 1.23 2.39596e-08 
9.47 1.235 6.11649e-08 
9.47 1.24 1.23977e-07 
9.47 1.245 2.37506e-07 
9.47 1.25 3.70125e-07 
9.47 1.255 5.00083e-07 
9.47 1.26 5.54933e-07 
9.47 1.265 3.60761e-07 
9.47 1.27 6.08833e-09 
9.48 1.21 3.78501e-10 
9.48 1.215 1.63735e-09 
9.48 1.22 6.02523e-09 
9.48 1.225 1.97192e-08 
9.48 1.23 5.45363e-08 
9.48 1.235 1.26018e-07 
9.48 1.24 2.63782e-07 
9.48 1.245 4.63111e-07 
9.48 1.25 6.95128e-07 
9.48 1.255 8.91316e-07 
9.48 1.26 9.49098e-07 
9.48 1.265 5.58386e-07 
9.48 1.27 1.41256e-08 
9.49 1.205 2.14621e-10 
9.49 1.21 1.01616e-09 
9.49 1.215 4.07324e-09 
9.49 1.22 1.46945e-08 
9.49 1.225 4.6239e-08 
9.49 1.23 1.20893e-07 
9.49 1.235 2.7078e-07 
9.49 1.24 5.42666e-07 
9.49 1.245 8.84092e-07 
9.49 1.25 1.28287e-06 
9.49 1.255 1.54254e-06 
9.49 1.26 1.58623e-06 
9.49 1.265 9.12154e-07 
9.49 1.27 1.36927e-08 
9.5 1.2 1.1711e-10 
9.5 1.205 6.10645e-10 
9.5 1.21 2.71462e-09 
9.5 1.215 1.08088e-08 
9.5 1.22 3.53219e-08 
9.5 1.225 1.02699e-07 
9.5 1.23 2.60045e-07 
9.5 1.235 5.6813e-07 
9.5 1.24 1.03558e-06 
9.5 1.245 1.57676e-06 
9.5 1.25 2.21886e-06 
9.5 1.255 2.55726e-06 
9.5 1.26 2.58742e-06 
9.5 1.265 1.29611e-06 
9.5 1.27 1.60159e-08 
9.51 1.2 3.12899e-10 
9.51 1.205 1.59335e-09 
9.51 1.21 6.90768e-09 
9.51 1.215 2.48787e-08 
9.51 1.22 8.01824e-08 
9.51 1.225 2.2269e-07 
9.51 1.23 5.15853e-07 
9.51 1.235 1.10633e-06 
9.51 1.24 1.88736e-06 
9.51 1.245 2.9539e-06 
9.51 1.25 3.80793e-06 
9.51 1.255 4.19371e-06 
9.51 1.26 3.97602e-06 
9.51 1.265 1.88116e-06 
9.51 1.27 1.55852e-08 
9.52 1.195 1.63382e-10 
9.52 1.2 8.90983e-10 
9.52 1.205 4.03188e-09 
9.52 1.21 1.72015e-08 
9.52 1.215 6.01262e-08 
9.52 1.22 1.78996e-07 
9.52 1.225 4.77307e-07 
9.52 1.23 1.07859e-06 
9.52 1.235 2.02434e-06 
9.52 1.24 3.60812e-06 
9.52 1.245 5.08242e-06 
9.52 1.25 6.30617e-06 
9.52 1.255 6.74929e-06 
9.52 1.26 6.01073e-06 
9.52 1.265 2.45615e-06 
9.52 1.27 2.02074e-08 
9.53 1.195 4.55295e-10 
9.53 1.2 2.36361e-09 
9.53 1.205 1.00385e-08 
9.53 1.21 3.93413e-08 
9.53 1.215 1.31271e-07 
9.53 1.22 3.92531e-07 
9.53 1.225 9.53698e-07 
9.53 1.23 2.09398e-06 
9.53 1.235 3.81682e-06 
9.53 1.24 5.883e-06 
9.53 1.245 8.66484e-06 
9.53 1.25 1.02882e-05 
9.53 1.255 9.93622e-06 
9.53 1.26 8.68368e-06 
9.53 1.265 3.79661e-06 
9.53 1.27 2.56904e-08 
9.54 1.19 2.30649e-10 
9.54 1.195 1.28493e-09 
9.54 1.2 6.063e-09 
9.54 1.205 2.43713e-08 
9.54 1.21 8.84269e-08 
9.54 1.215 2.86058e-07 
9.54 1.22 8.09808e-07 
9.54 1.225 1.90925e-06 
9.54 1.23 3.92111e-06 
9.54 1.235 6.95958e-06 
9.54 1.24 1.03291e-05 
9.54 1.245 1.39584e-05 
9.54 1.25 1.60366e-05 
9.54 1.255 1.48215e-05 
9.54 1.26 1.27003e-05 
9.54 1.265 4.65234e-06 
9.54 1.27 2.21774e-08 
9.55 1.19 6.03757e-10 
9.55 1.195 3.19918e-09 
9.55 1.2 1.51219e-08 
9.55 1.205 5.61256e-08 
9.55 1.21 2.03322e-07 
9.55 1.215 6.01589e-07 
9.55 1.22 1.60544e-06 
9.55 1.225 3.60612e-06 
9.55 1.23 7.05071e-06 
9.55 1.235 1.1952e-05 
9.55 1.24 1.75432e-05 
9.55 1.245 2.26342e-05 
9.55 1.25 2.33136e-05 
9.55 1.255 2.18958e-05 
9.55 1.26 1.71857e-05 
9.55 1.265 5.87935e-06 
9.55 1.27 5.84666e-08 
9.56 1.185 2.72987e-10 
9.56 1.19 1.59167e-09 
9.56 1.195 7.82239e-09 
9.56 1.2 3.49386e-08 
9.56 1.205 1.31504e-07 
9.56 1.21 4.48383e-07 
9.56 1.215 1.26084e-06 
9.56 1.22 3.10119e-06 
9.56 1.225 6.6174e-06 
9.56 1.23 1.30151e-05 
9.56 1.235 1.99198e-05 
9.56 1.24 2.83058e-05 
9.56 1.245 3.43079e-05 
9.56 1.25 3.53692e-05 
9.56 1.255 3.10389e-05 
9.56 1.26 2.25904e-05 
9.56 1.265 7.06685e-06 
9.56 1.27 4.24199e-08 
9.57 1.18 1.21005e-10 
9.57 1.185 7.4655e-10 
9.57 1.19 4.02916e-09 
9.57 1.195 1.91468e-08 
9.57 1.2 8.03699e-08 
9.57 1.205 2.94243e-07 
9.57 1.21 9.08285e-07 
9.57 1.215 2.53593e-06 
9.57 1.22 6.01629e-06 
9.57 1.225 1.19979e-05 
9.57 1.23 2.21727e-05 
9.57 1.235 3.23456e-05 
9.57 1.24 4.50996e-05 
9.57 1.245 5.15007e-05 
9.57 1.25 4.90992e-05 
9.57 1.255 4.216e-05 
9.57 1.26 3.04054e-05 
9.57 1.265 8.75722e-06 
9.57 1.27 6.27003e-08 
9.58 1.18 3.28749e-10 
9.58 1.185 1.87717e-09 
9.58 1.19 9.93949e-09 
9.58 1.195 4.61589e-08 
9.58 1.2 1.83197e-07 
9.58 1.205 5.98076e-07 
9.58 1.21 1.79413e-06 
9.58 1.215 4.79651e-06 
9.58 1.22 1.11478e-05 
9.58 1.225 2.07625e-05 
9.58 1.23 3.60686e-05 
9.58 1.235 5.26247e-05 
9.58 1.24 6.89525e-05 
9.58 1.245 7.38039e-05 
9.58 1.25 6.87982e-05 
9.58 1.255 5.68081e-05 
9.58 1.26 3.75112e-05 
9.58 1.265 1.10505e-05 
9.58 1.27 4.45108e-08 
9.59 1.175 1.2962e-10 
9.59 1.18 8.17596e-10 
9.59 1.185 4.50309e-09 
9.59 1.19 2.27214e-08 
9.59 1.195 1.00001e-07 
9.59 1.2 3.94566e-07 
9.59 1.205 1.21418e-06 
9.59 1.21 3.49679e-06 
9.59 1.215 8.99574e-06 
9.59 1.22 1.84957e-05 
9.59 1.225 3.641e-05 
9.59 1.23 5.73052e-05 
9.59 1.235 8.20828e-05 
9.59 1.24 9.74471e-05 
9.59 1.245 0.000104751 
9.59 1.25 9.59729e-05 
9.59 1.255 7.06725e-05 
9.59 1.26 4.68765e-05 
9.59 1.265 1.28059e-05 
9.59 1.27 4.71353e-08 
9.6 1.175 3.38226e-10 
9.6 1.18 2.01068e-09 
9.6 1.185 1.05585e-08 
9.6 1.19 5.2867e-08 
9.6 1.195 2.1827e-07 
9.6 1.2 8.12672e-07 
9.6 1.205 2.33123e-06 
9.6 1.21 6.94121e-06 
9.6 1.215 1.59909e-05 
9.6 1.22 3.20925e-05 
9.6 1.225 6.11259e-05 
9.6 1.23 9.03666e-05 
9.6 1.235 0.000123804 
9.6 1.24 0.000141375 
9.6 1.245 0.000143879 
9.6 1.25 0.000123028 
9.6 1.255 9.26714e-05 
9.6 1.26 5.60853e-05 
9.6 1.265 1.33149e-05 
9.6 1.27 2.00008e-08 
9.61 1.17 1.33913e-10 
9.61 1.175 8.668e-10 
9.61 1.18 4.96259e-09 
9.61 1.185 2.55434e-08 
9.61 1.19 1.14031e-07 
9.61 1.195 4.70167e-07 
9.61 1.2 1.52744e-06 
9.61 1.205 4.67704e-06 
9.61 1.21 1.27219e-05 
9.61 1.215 2.76231e-05 
9.61 1.22 5.4488e-05 
9.61 1.225 9.73242e-05 
9.61 1.23 0.00013404 
9.61 1.235 0.000182199 
9.61 1.24 0.000193278 
9.61 1.245 0.000192766 
9.61 1.25 0.000154312 
9.61 1.255 0.000113333 
9.61 1.26 6.617e-05 
9.61 1.265 1.46121e-05 
9.61 1.27 4.27237e-08 
9.62 1.17 3.45619e-10 
9.62 1.175 2.09131e-09 
9.62 1.18 1.13985e-08 
9.62 1.185 5.72281e-08 
9.62 1.19 2.45323e-07 
9.62 1.195 9.30057e-07 
9.62 1.2 3.10561e-06 
9.62 1.205 8.67256e-06 
9.62 1.21 2.22952e-05 
9.62 1.215 4.69263e-05 
9.62 1.22 9.06494e-05 
9.62 1.225 0.000145121 
9.62 1.23 0.000208813 
9.62 1.235 0.000251561 
9.62 1.24 0.000271313 
9.62 1.245 0.000253076 
9.62 1.25 0.000197813 
9.62 1.255 0.000133837 
9.62 1.26 7.61027e-05 
9.62 1.265 1.49146e-05 
9.62 1.27 2.78808e-08 
9.63 1.165 1.20229e-10 
9.63 1.17 8.42234e-10 
9.63 1.175 5.0631e-09 
9.63 1.18 2.63129e-08 
9.63 1.185 1.25038e-07 
9.63 1.19 4.91279e-07 
9.63 1.195 1.91456e-06 
9.63 1.2 5.76639e-06 
9.63 1.205 1.62e-05 
9.63 1.21 3.76688e-05 
9.63 1.215 7.75836e-05 
9.63 1.22 0.000139967 
9.63 1.225 0.000217621 
9.63 1.23 0.000302435 
9.63 1.235 0.000353714 
9.63 1.24 0.000363243 
9.63 1.245 0.000315249 
9.63 1.25 0.000244536 
9.63 1.255 0.000154986 
9.63 1.26 8.36273e-05 
9.63 1.265 1.53069e-05 
9.63 1.27 2.61916e-08 
9.64 1.165 3.19789e-10 
9.64 1.17 2.12567e-09 
9.64 1.175 1.1558e-08 
9.64 1.18 5.74282e-08 
9.64 1.185 2.72459e-07 
9.64 1.19 1.08004e-06 
9.64 1.195 3.4131e-06 
9.64 1.2 1.05662e-05 
9.64 1.205 2.79868e-05 
9.64 1.21 6.34227e-05 
9.64 1.215 0.00012298 
9.64 1.22 0.000222003 
9.64 1.225 0.000315163 
9.64 1.23 0.000424407 
9.64 1.235 0.00046601 
9.64 1.24 0.000463821 
9.64 1.245 0.000378328 
9.64 1.25 0.000289914 
9.64 1.255 0.000176675 
9.64 1.26 9.03631e-05 
9.64 1.265 1.53863e-05 
9.64 1.27 3.80281e-08 
9.65 1.16 1.15977e-10 
9.65 1.165 7.97336e-10 
9.65 1.17 4.87517e-09 
9.65 1.175 2.66682e-08 
9.65 1.18 1.3584e-07 
9.65 1.185 5.37346e-07 
9.65 1.19 2.03926e-06 
9.65 1.195 6.7035e-06 
9.65 1.2 2.00066e-05 
9.65 1.205 4.74443e-05 
9.65 1.21 0.000101877 
9.65 1.215 0.000201861 
9.65 1.22 0.000319814 
9.65 1.225 0.00045428 
9.65 1.23 0.000565482 
9.65 1.235 0.000627725 
9.65 1.24 0.000572208 
9.65 1.245 0.000470504 
9.65 1.25 0.00032678 
9.65 1.255 0.000197841 
9.65 1.26 9.30794e-05 
9.65 1.265 1.39933e-05 
9.65 1.27 1.01395e-08 
9.66 1.16 2.83588e-10 
9.66 1.165 1.87064e-09 
9.66 1.17 1.12473e-08 
9.66 1.175 5.91293e-08 
9.66 1.18 2.68121e-07 
9.66 1.185 1.09764e-06 
9.66 1.19 3.89674e-06 
9.66 1.195 1.17981e-05 
9.66 1.2 3.2373e-05 
9.66 1.205 7.88851e-05 
9.66 1.21 0.000163795 
9.66 1.215 0.000297263 
9.66 1.22 0.000462751 
9.66 1.225 0.000639821 
9.66 1.23 0.000745264 
9.66 1.235 0.000789153 
9.66 1.24 0.000694369 
9.66 1.245 0.000553661 
9.66 1.25 0.000353962 
9.66 1.255 0.000209336 
9.66 1.26 9.787e-05 
9.66 1.265 1.41537e-05 
9.66 1.27 4.79407e-09 
9.67 1.16 7.02108e-10 
9.67 1.165 4.20105e-09 
9.67 1.17 2.5343e-08 
9.67 1.175 1.30845e-07 
9.67 1.18 5.26608e-07 
9.67 1.185 2.14862e-06 
9.67 1.19 7.06781e-06 
9.67 1.195 2.13517e-05 
9.67 1.2 5.66099e-05 
9.67 1.205 0.000124094 
9.67 1.21 0.000245062 
9.67 1.215 0.000452554 
9.67 1.22 0.000648361 
9.67 1.225 0.000849873 
9.67 1.23 0.00098625 
9.67 1.235 0.000991501 
9.67 1.24 0.000819384 
9.67 1.245 0.000619582 
9.67 1.25 0.000407934 
9.67 1.255 0.000221413 
9.67 1.26 9.93595e-05 
9.67 1.265 1.2188e-05 
9.67 1.27 1.65498e-08 
9.68 1.155 2.47249e-10 
9.68 1.16 1.61769e-09 
9.68 1.165 1.03032e-08 
9.68 1.17 5.52133e-08 
9.68 1.175 2.51436e-07 
9.68 1.18 1.07624e-06 
9.68 1.185 3.9084e-06 
9.68 1.19 1.24038e-05 
9.68 1.195 3.57218e-05 
9.68 1.2 9.09781e-05 
9.68 1.205 0.000187081 
9.68 1.21 0.000363883 
9.68 1.215 0.000604716 
9.68 1.22 0.000870444 
9.68 1.225 0.0010826 
9.68 1.23 0.00120516 
9.68 1.235 0.00113991 
9.68 1.24 0.000952501 
9.68 1.245 0.00067972 
9.68 1.25 0.00042325 
9.68 1.255 0.000226903 
9.68 1.26 9.50929e-05 
9.68 1.265 1.16784e-05 
9.68 1.27 5.37052e-09 
9.69 1.155 5.59045e-10 
9.69 1.16 3.71371e-09 
9.69 1.165 2.17037e-08 
9.69 1.17 1.09464e-07 
9.69 1.175 5.11318e-07 
9.69 1.18 2.05163e-06 
9.69 1.185 6.91448e-06 
9.69 1.19 2.13551e-05 
9.69 1.195 5.66793e-05 
9.69 1.2 0.00013428 
9.69 1.205 0.000282795 
9.69 1.21 0.000518167 
9.69 1.215 0.000783852 
9.69 1.22 0.00113816 
9.69 1.225 0.00140184 
9.69 1.23 0.0014502 
9.69 1.235 0.0013285 
9.69 1.24 0.00106905 
9.69 1.245 0.000725585 
9.69 1.25 0.000440603 
9.69 1.255 0.000220305 
9.69 1.26 9.27279e-05 
9.69 1.265 9.24906e-06 
9.69 1.27 3.23832e-09 
9.7 1.15 1.77062e-10 
9.7 1.155 1.33309e-09 
9.7 1.16 8.58135e-09 
9.7 1.165 4.68398e-08 
9.7 1.17 2.22937e-07 
9.7 1.175 9.5158e-07 
9.7 1.18 3.57311e-06 
9.7 1.185 1.19019e-05 
9.7 1.19 3.49393e-05 
9.7 1.195 9.0352e-05 
9.7 1.2 0.000200334 
9.7 1.205 0.000405737 
9.7 1.21 0.00071736 
9.7 1.215 0.00107774 
9.7 1.22 0.00147198 
9.7 1.225 0.00174458 
9.7 1.23 0.00173877 
9.7 1.235 0.00156487 
9.7 1.24 0.00118405 
9.7 1.245 0.000775438 
9.7 1.25 0.000446825 
9.7 1.255 0.000220685 
9.7 1.26 8.6805e-05 
9.7 1.265 8.05661e-06 
9.7 1.27 5.70518e-09 
9.71 1.15 4.35205e-10 
9.71 1.155 3.10418e-09 
9.71 1.16 1.862e-08 
9.71 1.165 9.28186e-08 
9.71 1.17 4.22464e-07 
9.71 1.175 1.76325e-06 
9.71 1.18 6.44619e-06 
9.71 1.185 2.04499e-05 
9.71 1.19 5.54384e-05 
9.71 1.195 0.000137275 
9.71 1.2 0.000307458 
9.71 1.205 0.000576921 
9.71 1.21 0.000969179 
9.71 1.215 0.00145499 
9.71 1.22 0.00184757 
9.71 1.225 0.00206526 
9.71 1.23 0.00202325 
9.71 1.235 0.00170872 
9.71 1.24 0.00127575 
9.71 1.245 0.000815931 
9.71 1.25 0.000427012 
9.71 1.255 0.000207342 
9.71 1.26 7.91557e-05 
9.71 1.265 6.55069e-06 
9.71 1.27 5.03904e-09 
9.72 1.15 9.70742e-10 
9.72 1.155 6.3861e-09 
9.72 1.16 3.69432e-08 
9.72 1.165 1.84725e-07 
9.72 1.17 8.29137e-07 
9.72 1.175 3.19808e-06 
9.72 1.18 1.03201e-05 
9.72 1.185 3.30694e-05 
9.72 1.19 8.94282e-05 
9.72 1.195 0.000204621 
9.72 1.2 0.000437606 
9.72 1.205 0.000828679 
9.72 1.21 0.00129905 
9.72 1.215 0.00182867 
9.72 1.22 0.00230514 
9.72 1.225 0.00245414 
9.72 1.23 0.00230526 
9.72 1.235 0.00187606 
9.72 1.24 0.00129915 
9.72 1.245 0.000812592 
9.72 1.25 0.000418818 
9.72 1.255 0.000194336 
9.72 1.26 6.88027e-05 
9.72 1.265 5.5554e-06 
9.72 1.27 4.28682e-09 
9.73 1.145 1.08016e-10 
9.73 1.15 2.171e-09 
9.73 1.155 1.40076e-08 
9.73 1.16 7.32646e-08 
9.73 1.165 3.42132e-07 
9.73 1.17 1.42599e-06 
9.73 1.175 5.49068e-06 
9.73 1.18 1.81024e-05 
9.73 1.185 5.30348e-05 
9.73 1.19 0.00013123 
9.73 1.195 0.000306765 
9.73 1.2 0.000627104 
9.73 1.205 0.00108958 
9.73 1.21 0.00171464 
9.73 1.215 0.00230365 
9.73 1.22 0.0026752 
9.73 1.225 0.00287302 
9.73 1.23 0.00259653 
9.73 1.235 0.00199496 
9.73 1.24 0.00136781 
9.73 1.245 0.000782135 
9.73 1.25 0.000399417 
9.73 1.255 0.000172665 
9.73 1.26 6.02215e-05 
9.73 1.265 4.22949e-06 
9.73 1.27 2.15919e-09 
9.74 1.145 2.17045e-10 
9.74 1.15 4.55501e-09 
9.74 1.155 2.65977e-08 
9.74 1.16 1.41525e-07 
9.74 1.165 6.53184e-07 
9.74 1.17 2.66806e-06 
9.74 1.175 9.32271e-06 
9.74 1.18 2.86522e-05 
9.74 1.185 8.23573e-05 
9.74 1.19 0.000205532 
9.74 1.195 0.000436355 
9.74 1.2 0.000833275 
9.74 1.205 0.00144019 
9.74 1.21 0.00209961 
9.74 1.215 0.00284467 
9.74 1.22 0.00316287 
9.74 1.225 0.00322811 
9.74 1.23 0.00278251 
9.74 1.235 0.00212313 
9.74 1.24 0.00138746 
9.74 1.245 0.00076241 
9.74 1.25 0.00037886 
9.74 1.255 0.000157393 
9.74 1.26 4.96532e-05 
9.74 1.265 2.99326e-06 
9.74 1.27 2.22831e-09 
9.75 1.145 5.02493e-10 
9.75 1.15 9.34403e-09 
9.75 1.155 5.43634e-08 
9.75 1.16 2.66337e-07 
9.75 1.165 1.14425e-06 
9.75 1.17 4.36119e-06 
9.75 1.175 1.53279e-05 
9.75 1.18 4.82199e-05 
9.75 1.185 0.000126061 
9.75 1.19 0.000292302 
9.75 1.195 0.000630864 
9.75 1.2 0.00112336 
9.75 1.205 0.00189298 
9.75 1.21 0.00270088 
9.75 1.215 0.00334244 
9.75 1.22 0.00378339 
9.75 1.225 0.00346881 
9.75 1.23 0.00294317 
9.75 1.235 0.00215386 
9.75 1.24 0.00136489 
9.75 1.245 0.000736097 
9.75 1.25 0.000338317 
9.75 1.255 0.000144392 
9.75 1.26 4.40171e-05 
9.75 1.265 2.61652e-06 
9.75 1.27 9.31163e-10 
9.76 1.145 1.16737e-09 
9.76 1.15 1.96115e-08 
9.76 1.155 1.05153e-07 
9.76 1.16 4.7126e-07 
9.76 1.165 2.0543e-06 
9.76 1.17 7.67924e-06 
9.76 1.175 2.55075e-05 
9.76 1.18 7.15361e-05 
9.76 1.185 0.000186783 
9.76 1.19 0.000440181 
9.76 1.195 0.000828709 
9.76 1.2 0.00153169 
9.76 1.205 0.0022829 
9.76 1.21 0.00320094 
9.76 1.215 0.00389185 
9.76 1.22 0.00410626 
9.76 1.225 0.00377019 
9.76 1.23 0.00296529 
9.76 1.235 0.00210702 
9.76 1.24 0.00130483 
9.76 1.245 0.000671213 
9.76 1.25 0.000305471 
9.76 1.255 0.00011756 
9.76 1.26 3.5381e-05 
9.76 1.265 1.71757e-06 
9.76 1.27 7.4647e-10 
9.77 1.145 2.50736e-09 
9.77 1.15 3.71568e-08 
9.77 1.155 1.92831e-07 
9.77 1.16 8.46872e-07 
9.77 1.165 3.50654e-06 
9.77 1.17 1.18069e-05 
9.77 1.175 3.74944e-05 
9.77 1.18 0.000108983 
9.77 1.185 0.000259178 
9.77 1.19 0.000582517 
9.77 1.195 0.0010934 
9.77 1.2 0.00188984 
9.77 1.205 0.00286725 
9.77 1.21 0.0038415 
9.77 1.215 0.00423922 
9.77 1.22 0.00434596 
9.77 1.225 0.00397819 
9.77 1.23 0.00301146 
9.77 1.235 0.00203504 
9.77 1.24 0.0012056 
9.77 1.245 0.000614188 
9.77 1.25 0.00026253 
9.77 1.255 0.000100526 
9.77 1.26 2.73698e-05 
9.77 1.265 1.26475e-06 
9.77 1.27 3.94082e-10 
9.78 1.145 4.9819e-09 
9.78 1.15 7.25834e-08 
9.78 1.155 3.58688e-07 
9.78 1.16 1.5294e-06 
9.78 1.165 5.55542e-06 
9.78 1.17 1.92567e-05 
9.78 1.175 5.77146e-05 
9.78 1.18 0.000151489 
9.78 1.185 0.000365351 
9.78 1.19 0.000771186 
9.78 1.195 0.00140236 
9.78 1.2 0.00238411 
9.78 1.205 0.0034047 
9.78 1.21 0.00434954 
9.78 1.215 0.00491381 
9.78 1.22 0.00474694 
9.78 1.225 0.00394244 
9.78 1.23 0.00295755 
9.78 1.235 0.0019887 
9.78 1.24 0.00109614 
9.78 1.245 0.000525421 
9.78 1.25 0.000219946 
9.78 1.255 8.03219e-05 
9.78 1.26 2.22209e-05 
9.78 1.265 7.13208e-07 
9.78 1.27 1.68639e-10 
9.79 1.145 1.1266e-08 
9.79 1.15 1.42115e-07 
9.79 1.155 6.21876e-07 
9.79 1.16 2.57487e-06 
9.79 1.165 9.56427e-06 
9.79 1.17 3.03064e-05 
9.79 1.175 8.62395e-05 
9.79 1.18 0.000222598 
9.79 1.185 0.000513756 
9.79 1.19 0.00102321 
9.79 1.195 0.00182952 
9.79 1.2 0.00281242 
9.79 1.205 0.0040643 
9.79 1.21 0.0047472 
9.79 1.215 0.00523386 
9.79 1.22 0.00486384 
9.79 1.225 0.00404505 
9.79 1.23 0.00289457 
9.79 1.235 0.00183943 
9.79 1.24 0.000951125 
9.79 1.245 0.000461827 
9.79 1.25 0.000187157 
9.79 1.255 6.40133e-05 
9.79 1.26 1.61722e-05 
9.79 1.265 6.17951e-07 
9.8 1.145 2.35687e-08 
9.8 1.15 2.43476e-07 
9.8 1.155 1.02462e-06 
9.8 1.16 4.17452e-06 
9.8 1.165 1.42034e-05 
9.8 1.17 4.58349e-05 
9.8 1.175 0.000129486 
9.8 1.18 0.000307186 
9.8 1.185 0.000673838 
9.8 1.19 0.00131639 
9.8 1.195 0.00229221 
9.8 1.2 0.00347002 
9.8 1.205 0.0045624 
9.8 1.21 0.00527167 
9.8 1.215 0.00560629 
9.8 1.22 0.00513293 
9.8 1.225 0.00397463 
9.8 1.23 0.00272448 
9.8 1.235 0.00166844 
9.8 1.24 0.000860376 
9.8 1.245 0.000399619 
9.8 1.25 0.000149915 
9.8 1.255 5.3217e-05 
9.8 1.26 1.27003e-05 
9.8 1.265 4.28324e-07 
9.81 1.14 1.17954e-10 
9.81 1.145 4.37915e-08 
9.81 1.15 4.31056e-07 
9.81 1.155 1.77978e-06 
9.81 1.16 6.91405e-06 
9.81 1.165 2.24418e-05 
9.81 1.17 6.86412e-05 
9.81 1.175 0.000183243 
9.81 1.18 0.000414893 
9.81 1.185 0.000879101 
9.81 1.19 0.00167177 
9.81 1.195 0.00271655 
9.81 1.2 0.00400857 
9.81 1.205 0.00510953 
9.81 1.21 0.00560523 
9.81 1.215 0.00582389 
9.81 1.22 0.00497594 
9.81 1.225 0.00385064 
9.81 1.23 0.00254289 
9.81 1.235 0.00144152 
9.81 1.24 0.000727456 
9.81 1.245 0.000327801 
9.81 1.25 0.000124235 
9.81 1.255 3.95407e-05 
9.81 1.26 8.99228e-06 
9.81 1.265 2.61728e-07 
9.82 1.14 1.30003e-10 
9.82 1.145 7.85324e-08 
9.82 1.15 7.15884e-07 
9.82 1.155 2.84091e-06 
9.82 1.16 1.00482e-05 
9.82 1.165 3.30518e-05 
9.82 1.17 9.3807e-05 
9.82 1.175 0.00024151 
9.82 1.18 0.000528344 
9.82 1.185 0.00110782 
9.82 1.19 0.00199408 
9.82 1.195 0.00307537 
9.82 1.2 0.0045016 
9.82 1.205 0.00555152 
9.82 1.21 0.00601645 
9.82 1.215 0.00576645 
9.82 1.22 0.00472229 
9.82 1.225 0.00355115 
9.82 1.23 0.00225594 
9.82 1.235 0.00122616 
9.82 1.24 0.000607474 
9.82 1.245 0.000264145 
9.82 1.25 9.39473e-05 
9.82 1.255 2.91104e-05 
9.82 1.26 6.71617e-06 
9.82 1.265 1.61879e-07 
9.83 1.14 4.12792e-10 
9.83 1.145 1.42303e-07 
9.83 1.15 1.11082e-06 
9.83 1.155 4.27285e-06 
9.83 1.16 1.51876e-05 
9.83 1.165 4.76559e-05 
9.83 1.17 0.000126563 
9.83 1.175 0.000317118 
9.83 1.18 0.000707707 
9.83 1.185 0.0013572 
9.83 1.19 0.00226391 
9.83 1.195 0.00351525 
9.83 1.2 0.00479603 
9.83 1.205 0.00579518 
9.83 1.21 0.00614003 
9.83 1.215 0.00557338 
9.83 1.22 0.00449565 
9.83 1.225 0.00316768 
9.83 1.23 0.00195368 
9.83 1.235 0.00107648 
9.83 1.24 0.000494925 
9.83 1.245 0.000208209 
9.83 1.25 6.89707e-05 
9.83 1.255 2.21301e-05 
9.83 1.26 4.41924e-06 
9.83 1.265 9.16494e-08 
9.84 1.14 8.88546e-10 
9.84 1.145 2.38777e-07 
9.84 1.15 1.77907e-06 
9.84 1.155 6.71554e-06 
9.84 1.16 2.21802e-05 
9.84 1.165 6.65126e-05 
9.84 1.17 0.000179425 
9.84 1.175 0.000422106 
9.84 1.18 0.000861817 
9.84 1.185 0.00162291 
9.84 1.19 0.00275671 
9.84 1.195 0.00388017 
9.84 1.2 0.00514325 
9.84 1.205 0.00587712 
9.84 1.21 0.00589352 
9.84 1.215 0.00545654 
9.84 1.22 0.00408243 
9.84 1.225 0.00284096 
9.84 1.23 0.00172704 
9.84 1.235 0.000907047 
9.84 1.24 0.000395665 
9.84 1.245 0.000156484 
9.84 1.25 5.48051e-05 
9.84 1.255 1.55108e-05 
9.84 1.26 2.97839e-06 
9.84 1.265 7.20871e-08 
9.85 1.14 2.74732e-09 
9.85 1.145 4.36143e-07 
9.85 1.15 2.80143e-06 
9.85 1.155 1.016e-05 
9.85 1.16 3.19038e-05 
9.85 1.165 8.76083e-05 
9.85 1.17 0.000238021 
9.85 1.175 0.000524619 
9.85 1.18 0.00112337 
9.85 1.185 0.00195628 
9.85 1.19 0.00315697 
9.85 1.195 0.00405659 
9.85 1.2 0.00558115 
9.85 1.205 0.00592095 
9.85 1.21 0.00589108 
9.85 1.215 0.00508684 
9.85 1.22 0.0037393 
9.85 1.225 0.00238141 
9.85 1.23 0.00145433 
9.85 1.235 0.000778691 
9.85 1.24 0.000321721 
9.85 1.245 0.000121567 
9.85 1.25 3.8904e-05 
9.85 1.255 1.10899e-05 
9.85 1.26 2.22824e-06 
9.85 1.265 3.59587e-08 
9.86 1.14 6.80643e-09 
9.86 1.145 6.22082e-07 
9.86 1.15 4.1894e-06 
9.86 1.155 1.50725e-05 
9.86 1.16 4.50593e-05 
9.86 1.165 0.000119994 
9.86 1.17 0.000292826 
9.86 1.175 0.000666563 
9.86 1.18 0.00130806 
9.86 1.185 0.00225442 
9.86 1.19 0.00342077 
9.86 1.195 0.00465466 
9.86 1.2 0.00556504 
9.86 1.205 0.00609076 
9.86 1.21 0.00562333 
9.86 1.215 0.00466577 
9.86 1.22 0.00314946 
9.86 1.225 0.00215941 
9.86 1.23 0.00118484 
9.86 1.235 0.000613805 
9.86 1.24 0.000249056 
9.86 1.245 9.11527e-05 
9.86 1.25 2.85342e-05 
9.86 1.255 8.00003e-06 
9.86 1.26 1.42289e-06 
9.86 1.265 2.08613e-08 
9.87 1.14 6.37568e-09 
9.87 1.145 1.03736e-06 
9.87 1.15 6.05531e-06 
9.87 1.155 2.08225e-05 
9.87 1.16 6.16567e-05 
9.87 1.165 0.000163236 
9.87 1.17 0.000353544 
9.87 1.175 0.000798308 
9.87 1.18 0.00149647 
9.87 1.185 0.00258355 
9.87 1.19 0.00377337 
9.87 1.195 0.00477775 
9.87 1.2 0.00558113 
9.87 1.205 0.00586859 
9.87 1.21 0.00531347 
9.87 1.215 0.00419106 
9.87 1.22 0.00287844 
9.87 1.225 0.00179713 
9.87 1.23 0.000981607 
9.87 1.235 0.000458831 
9.87 1.24 0.00018959 
9.87 1.245 6.85232e-05 
9.87 1.25 2.04389e-05 
9.87 1.255 5.66602e-06 
9.87 1.26 8.85957e-07 
9.87 1.265 1.05699e-08 
9.88 1.14 1.77323e-08 
9.88 1.145 1.5658e-06 
9.88 1.15 8.50816e-06 
9.88 1.155 2.80094e-05 
9.88 1.16 8.02029e-05 
9.88 1.165 0.000212222 
9.88 1.17 0.000457034 
9.88 1.175 0.000925576 
9.88 1.18 0.00173022 
9.88 1.185 0.00269386 
9.88 1.19 0.00406531 
9.88 1.195 0.00496638 
9.88 1.2 0.00562261 
9.88 1.205 0.00560076 
9.88 1.21 0.00480832 
9.88 1.215 0.00371475 
9.88 1.22 0.00253405 
9.88 1.225 0.00147506 
9.88 1.23 0.000754316 
9.88 1.235 0.00034641 
9.88 1.24 0.00013976 
9.88 1.245 4.73929e-05 
9.88 1.25 1.48134e-05 
9.88 1.255 3.68498e-06 
9.88 1.26 5.93139e-07 
9.88 1.265 7.45231e-09 
9.89 1.14 5.21699e-08 
9.89 1.145 2.50045e-06 
9.89 1.15 1.228e-05 
9.89 1.155 3.80159e-05 
9.89 1.16 0.000103783 
9.89 1.165 0.000262494 
9.89 1.17 0.000576798 
9.89 1.175 0.00110062 
9.89 1.18 0.00201091 
9.89 1.185 0.00298402 
9.89 1.19 0.00393394 
9.89 1.195 0.00503769 
9.89 1.2 0.00546213 
9.89 1.205 0.00524457 
9.89 1.21 0.00450404 
9.89 1.215 0.00316762 
9.89 1.22 0.00201223 
9.89 1.225 0.00122161 
9.89 1.23 0.000611737 
9.89 1.235 0.000256533 
9.89 1.24 9.839e-05 
9.89 1.245 3.23794e-05 
9.89 1.25 9.43411e-06 
9.89 1.255 2.43067e-06 
9.89 1.26 3.74788e-07 
9.89 1.265 4.0739e-09 
9.9 1.14 5.69867e-08 
9.9 1.145 3.8646e-06 
9.9 1.15 1.75806e-05 
9.9 1.155 5.11507e-05 
9.9 1.16 0.000127892 
9.9 1.165 0.000303634 
9.9 1.17 0.00066118 
9.9 1.175 0.00124264 
9.9 1.18 0.00209515 
9.9 1.185 0.00316091 
9.9 1.19 0.00400984 
9.9 1.195 0.00463046 
9.9 1.2 0.00496254 
9.9 1.205 0.00450188 
9.9 1.21 0.0038156 
9.9 1.215 0.00265341 
9.9 1.22 0.00162563 
9.9 1.225 0.0009195 
9.9 1.23 0.000468032 
9.9 1.235 0.00019308 
9.9 1.24 6.96878e-05 
9.9 1.245 2.22614e-05 
9.9 1.25 6.28559e-06 
9.9 1.255 1.56396e-06 
9.9 1.26 2.2358e-07 
9.9 1.265 1.89135e-09 
9.91 1.14 1.38315e-07 
9.91 1.145 5.25883e-06 
9.91 1.15 2.29014e-05 
9.91 1.155 6.61211e-05 
9.91 1.16 0.00016564 
9.91 1.165 0.000361476 
9.91 1.17 0.000766721 
9.91 1.175 0.00132407 
9.91 1.18 0.00219257 
9.91 1.185 0.00310525 
9.91 1.19 0.0039543 
9.91 1.195 0.00455085 
9.91 1.2 0.00448013 
9.91 1.205 0.00392113 
9.91 1.21 0.00314962 
9.91 1.215 0.00208066 
9.91 1.22 0.0012758 
9.91 1.225 0.000709738 
9.91 1.23 0.000335878 
9.91 1.235 0.000140306 
9.91 1.24 5.06374e-05 
9.91 1.245 1.49301e-05 
9.91 1.25 4.26867e-06 
9.91 1.255 9.99481e-07 
9.91 1.26 1.31325e-07 
9.91 1.265 1.07697e-09 
9.92 1.14 1.76944e-07 
9.92 1.145 7.69064e-06 
9.92 1.15 3.05728e-05 
9.92 1.155 8.30835e-05 
9.92 1.16 0.000188963 
9.92 1.165 0.000425132 
9.92 1.17 0.000813178 
9.92 1.175 0.00145491 
9.92 1.18 0.00229327 
9.92 1.185 0.00313285 
9.92 1.19 0.00385085 
9.92 1.195 0.00412161 
9.92 1.2 0.00395503 
9.92 1.205 0.00350965 
9.92 1.21 0.002541 
9.92 1.215 0.00175074 
9.92 1.22 0.00100299 
9.92 1.225 0.000510781 
9.92 1.23 0.00025386 
9.92 1.235 9.60006e-05 
9.92 1.24 3.57583e-05 
9.92 1.245 1.03414e-05 
9.92 1.25 2.66706e-06 
9.92 1.255 6.16575e-07 
9.92 1.26 8.24737e-08 
9.92 1.265 6.15816e-10 
9.93 1.14 3.46838e-07 
9.93 1.145 9.77684e-06 
9.93 1.15 3.72708e-05 
9.93 1.155 0.000101662 
9.93 1.16 0.000234458 
9.93 1.165 0.000487881 
9.93 1.17 0.000913756 
9.93 1.175 0.00152228 
9.93 1.18 0.00231537 
9.93 1.185 0.00304802 
9.93 1.19 0.00366505 
9.93 1.195 0.00383319 
9.93 1.2 0.00367223 
9.93 1.205 0.0029995 
9.93 1.21 0.00212598 
9.93 1.215 0.00136603 
9.93 1.22 0.000768391 
9.93 1.225 0.000399873 
9.93 1.23 0.000173578 
9.93 1.235 6.63413e-05 
9.93 1.24 2.27319e-05 
9.93 1.245 6.63623e-06 
9.93 1.25 1.74998e-06 
9.93 1.255 3.78518e-07 
9.93 1.26 4.56129e-08 
9.93 1.265 3.44036e-10 
9.94 1.14 4.12437e-07 
9.94 1.145 1.34073e-05 
9.94 1.15 4.72999e-05 
9.94 1.155 0.000119651 
9.94 1.16 0.000272215 
9.94 1.165 0.000538908 
9.94 1.17 0.00099366 
9.94 1.175 0.00157842 
9.94 1.18 0.00234787 
9.94 1.185 0.00308009 
9.94 1.19 0.00351955 
9.94 1.195 0.00354912 
9.94 1.2 0.0031767 
9.94 1.205 0.00251935 
9.94 1.21 0.00179147 
9.94 1.215 0.00110333 
9.94 1.22 0.000588419 
9.94 1.225 0.000291018 
9.94 1.23 0.000121622 
9.94 1.235 4.46942e-05 
9.94 1.24 1.50517e-05 
9.94 1.245 4.0823e-06 
9.94 1.25 1.09537e-06 
9.94 1.255 2.30015e-07 
9.94 1.26 2.70204e-08 
9.94 1.265 2.04469e-10 
9.95 1.14 7.02878e-07 
9.95 1.145 1.67537e-05 
9.95 1.15 5.64943e-05 
9.95 1.155 0.000140184 
9.95 1.16 0.000309777 
9.95 1.165 0.000595964 
9.95 1.17 0.00106458 
9.95 1.175 0.00161514 
9.95 1.18 0.00232292 
9.95 1.185 0.00285966 
9.95 1.19 0.00317141 
9.95 1.195 0.00308152 
9.95 1.2 0.00278766 
9.95 1.205 0.00208879 
9.95 1.21 0.00137439 
9.95 1.215 0.000856424 
9.95 1.22 0.000453419 
9.95 1.225 0.000212164 
9.95 1.23 8.31856e-05 
9.95 1.235 3.0359e-05 
9.95 1.24 9.37222e-06 
9.95 1.245 2.60793e-06 
9.95 1.25 6.11481e-07 
9.95 1.255 1.3266e-07 
9.95 1.26 1.48319e-08 
9.96 1.135 1.30077e-10 
9.96 1.14 1.01778e-06 
9.96 1.145 1.91712e-05 
9.96 1.15 6.51747e-05 
9.96 1.155 0.000154634 
9.96 1.16 0.000333262 
9.96 1.165 0.000623078 
9.96 1.17 0.00109238 
9.96 1.175 0.00162057 
9.96 1.18 0.00220368 
9.96 1.185 0.00264894 
9.96 1.19 0.0028647 
9.96 1.195 0.00271421 
9.96 1.2 0.00225526 
9.96 1.205 0.00168823 
9.96 1.21 0.00111794 
9.96 1.215 0.000638212 
9.96 1.22 0.000321739 
9.96 1.225 0.000144844 
9.96 1.23 5.68188e-05 
9.96 1.235 1.93708e-05 
9.96 1.24 5.82874e-06 
9.96 1.245 1.59293e-06 
9.96 1.25 3.56247e-07 
9.96 1.255 7.36339e-08 
9.96 1.26 8.13187e-09 
9.97 1.135 3.87394e-10 
9.97 1.14 1.15497e-06 
9.97 1.145 2.33165e-05 
9.97 1.15 7.60473e-05 
9.97 1.155 0.00017694 
9.97 1.16 0.00036183 
9.97 1.165 0.000662071 
9.97 1.17 0.00111994 
9.97 1.175 0.00162164 
9.97 1.18 0.00209902 
9.97 1.185 0.00242136 
9.97 1.19 0.00243268 
9.97 1.195 0.00230179 
9.97 1.2 0.00185075 
9.97 1.205 0.00134405 
9.97 1.21 0.000839894 
9.97 1.215 0.000477325 
9.97 1.22 0.000230093 
9.97 1.225 9.80852e-05 
9.97 1.23 3.80332e-05 
9.97 1.235 1.25789e-05 
9.97 1.24 3.72589e-06 
9.97 1.245 9.38295e-07 
9.97 1.25 2.10333e-07 
9.97 1.255 3.91849e-08 
9.97 1.26 3.97653e-09 
9.98 1.135 7.75094e-10 
9.98 1.14 1.62813e-06 
9.98 1.145 2.91409e-05 
9.98 1.15 8.75752e-05 
9.98 1.155 0.000189223 
9.98 1.16 0.000375271 
9.98 1.165 0.000675984 
9.98 1.17 0.00109305 
9.98 1.175 0.00152697 
9.98 1.18 0.0019223 
9.98 1.185 0.00217408 
9.98 1.19 0.00214401 
9.98 1.195 0.00193277 
9.98 1.2 0.00150242 
9.98 1.205 0.00104535 
9.98 1.21 0.000629314 
9.98 1.215 0.000345582 
9.98 1.22 0.000165464 
9.98 1.225 6.74085e-05 
9.98 1.23 2.58076e-05 
9.98 1.235 8.26781e-06 
9.98 1.24 2.27874e-06 
9.98 1.245 5.60028e-07 
9.98 1.25 1.24868e-07 
9.98 1.255 2.28797e-08 
9.98 1.26 2.14213e-09 
9.99 1.135 7.58516e-10 
9.99 1.14 2.34271e-06 
9.99 1.145 3.58504e-05 
9.99 1.15 9.79117e-05 
9.99 1.155 0.000209643 
9.99 1.16 0.0004017 
9.99 1.165 0.000680379 
9.99 1.17 0.00105389 
9.99 1.175 0.00145366 
9.99 1.18 0.00173988 
9.99 1.185 0.00187321 
9.99 1.19 0.00180825 
9.99 1.195 0.00152667 
9.99 1.2 0.00119384 
9.99 1.205 0.000784064 
9.99 1.21 0.00048279 
9.99 1.215 0.000244065 
9.99 1.22 0.000114385 
9.99 1.225 4.73049e-05 
9.99 1.23 1.64551e-05 
9.99 1.235 5.14621e-06 
9.99 1.24 1.38847e-06 
9.99 1.245 3.36241e-07 
9.99 1.25 7.02037e-08 
9.99 1.255 1.23115e-08 
9.99 1.26 1.10126e-09 
10 1.135 1.22446e-09 
10 1.14 3.1377e-06 
10 1.145 4.06104e-05 
10 1.15 0.000109397 
10 1.155 0.000224921 
10 1.16 0.000407407 
10 1.165 0.000675317 
10 1.17 0.000998942 
10 1.175 0.00131045 
10 1.18 0.00153129 
10 1.185 0.00159879 
10 1.19 0.00149952 
10 1.195 0.00126599 
10 1.2 0.000923801 
10 1.205 0.000603483 
10 1.21 0.000335736 
10 1.215 0.000174134 
10 1.22 7.8645e-05 
10 1.225 3.08941e-05 
10 1.23 1.03429e-05 
10 1.235 3.17923e-06 
10 1.24 8.44894e-07 
10 1.245 1.96801e-07 
10 1.25 3.95727e-08 
10 1.255 6.81194e-09 
10 1.26 5.74401e-10 
10.01 1.135 1.4027e-09 
10.01 1.14 3.89805e-06 
10.01 1.145 4.60088e-05 
10.01 1.15 0.000114956 
10.01 1.155 0.000228434 
10.01 1.16 0.000408429 
10.01 1.165 0.000650799 
10.01 1.17 0.000895958 
10.01 1.175 0.00116797 
10.01 1.18 0.00132707 
10.01 1.185 0.00134303 
10.01 1.19 0.00124542 
10.01 1.195 0.00100847 
10.01 1.2 0.000705548 
10.01 1.205 0.000445362 
10.01 1.21 0.000247261 
10.01 1.215 0.000123918 
10.01 1.22 5.3325e-05 
10.01 1.225 2.01577e-05 
10.01 1.23 6.73615e-06 
10.01 1.235 1.97663e-06 
10.01 1.24 5.0237e-07 
10.01 1.245 1.19055e-07 
10.01 1.25 2.27398e-08 
10.01 1.255 3.88426e-09 
10.01 1.26 3.11823e-10 
10.02 1.135 2.0607e-09 
10.02 1.14 4.02069e-06 
10.02 1.145 5.03943e-05 
10.02 1.15 0.000119991 
10.02 1.155 0.000235089 
10.02 1.16 0.000394385 
10.02 1.165 0.000617478 
10.02 1.17 0.000834413 
10.02 1.175 0.00102246 
10.02 1.18 0.00113185 
10.02 1.185 0.00111169 
10.02 1.19 0.000962058 
10.02 1.195 0.000761223 
10.02 1.2 0.000542718 
10.02 1.205 0.00032473 
10.02 1.21 0.000179107 
10.02 1.215 8.54379e-05 
10.02 1.22 3.63078e-05 
10.02 1.225 1.33396e-05 
10.02 1.23 4.2164e-06 
10.02 1.235 1.22135e-06 
10.02 1.24 2.85555e-07 
10.02 1.245 6.49877e-08 
10.02 1.25 1.21063e-08 
10.02 1.255 2.09281e-09 
10.02 1.26 1.66903e-10 
10.03 1.135 3.5587e-09 
10.03 1.14 5.44708e-06 
10.03 1.145 5.59484e-05 
10.03 1.15 0.000125912 
10.03 1.155 0.000240876 
10.03 1.16 0.000384267 
10.03 1.165 0.000576716 
10.03 1.17 0.000767982 
10.03 1.175 0.000882358 
10.03 1.18 0.000935342 
10.03 1.185 0.000891065 
10.03 1.19 0.000775914 
10.03 1.195 0.000567354 
10.03 1.2 0.000392495 
10.03 1.205 0.000234285 
10.03 1.21 0.000122265 
10.03 1.215 5.68194e-05 
10.03 1.22 2.35741e-05 
10.03 1.225 8.40495e-06 
10.03 1.23 2.59048e-06 
10.03 1.235 7.36316e-07 
10.03 1.24 1.74991e-07 
10.03 1.245 3.6698e-08 
10.03 1.25 6.66091e-09 
10.03 1.255 1.05224e-09 
10.04 1.135 6.8952e-09 
10.04 1.14 5.53544e-06 
10.04 1.145 5.85945e-05 
10.04 1.15 0.00013299 
10.04 1.155 0.000239732 
10.04 1.16 0.000378266 
10.04 1.165 0.000537413 
10.04 1.17 0.000678187 
10.04 1.175 0.00076738 
10.04 1.18 0.000775265 
10.04 1.185 0.000729089 
10.04 1.19 0.000588523 
10.04 1.195 0.000418388 
10.04 1.2 0.000278637 
10.04 1.205 0.000161997 
10.04 1.21 7.93728e-05 
10.04 1.215 3.71254e-05 
10.04 1.22 1.44769e-05 
10.04 1.225 5.20858e-06 
10.04 1.23 1.57716e-06 
10.04 1.235 4.08079e-07 
10.04 1.24 9.3018e-08 
10.04 1.245 1.9627e-08 
10.04 1.25 3.57725e-09 
10.04 1.255 5.72029e-10 
10.05 1.135 8.40114e-09 
10.05 1.14 8.18205e-06 
10.05 1.145 6.25388e-05 
10.05 1.15 0.000135514 
10.05 1.155 0.000232544 
10.05 1.16 0.000355891 
10.05 1.165 0.000476227 
10.05 1.17 0.000605294 
10.05 1.175 0.000660453 
10.05 1.18 0.00065777 
10.05 1.185 0.00057457 
10.05 1.19 0.000442949 
10.05 1.195 0.000309669 
10.05 1.2 0.000192838 
10.05 1.205 0.000108639 
10.05 1.21 5.29312e-05 
10.05 1.215 2.37674e-05 
10.05 1.22 8.8361e-06 
10.05 1.225 3.05072e-06 
10.05 1.23 9.22744e-07 
10.05 1.235 2.32397e-07 
10.05 1.24 5.50621e-08 
10.05 1.245 1.07847e-08 
10.05 1.25 1.85214e-09 
10.05 1.255 2.80425e-10 
10.06 1.135 1.33501e-08 
10.06 1.14 8.16198e-06 
10.06 1.145 6.10898e-05 
10.06 1.15 0.00012669 
10.06 1.155 0.000214706 
10.06 1.16 0.00032692 
10.06 1.165 0.000443636 
10.06 1.17 0.000511778 
10.06 1.175 0.000557698 
10.06 1.18 0.00052751 
10.06 1.185 0.000448036 
10.06 1.19 0.000339242 
10.06 1.195 0.000220812 
10.06 1.2 0.000130907 
10.06 1.205 7.20204e-05 
10.06 1.21 3.32692e-05 
10.06 1.215 1.43694e-05 
10.06 1.22 5.38495e-06 
10.06 1.225 1.75705e-06 
10.06 1.23 5.00807e-07 
10.06 1.235 1.2806e-07 
10.06 1.24 2.89228e-08 
10.06 1.245 5.68436e-09 
10.06 1.25 9.27249e-10 
10.06 1.255 1.29841e-10 
10.07 1.135 2.05714e-08 
10.07 1.14 8.19104e-06 
10.07 1.145 6.1071e-05 
10.07 1.15 0.000118771 
10.07 1.155 0.000192609 
10.07 1.16 0.000282699 
10.07 1.165 0.000366754 
10.07 1.17 0.000444914 
10.07 1.175 0.000454902 
10.07 1.18 0.000414249 
10.07 1.185 0.00034248 
10.07 1.19 0.000251044 
10.07 1.195 0.000161205 
10.07 1.2 9.29222e-05 
10.07 1.205 4.84148e-05 
10.07 1.21 2.19099e-05 
10.07 1.215 8.8634e-06 
10.07 1.22 3.11927e-06 
10.07 1.225 9.98303e-07 
10.07 1.23 2.79675e-07 
10.07 1.235 6.79979e-08 
10.07 1.24 1.37231e-08 
10.07 1.245 2.89093e-09 
10.07 1.25 4.59176e-10 
10.08 1.135 2.28393e-08 
10.08 1.14 8.75292e-06 
10.08 1.145 5.84178e-05 
10.08 1.15 0.00010929 
10.08 1.155 0.000169912 
10.08 1.16 0.000243461 
10.08 1.165 0.000303637 
10.08 1.17 0.000348417 
10.08 1.175 0.000356846 
10.08 1.18 0.000326409 
10.08 1.185 0.000254083 
10.08 1.19 0.000184536 
10.08 1.195 0.000113047 
10.08 1.2 6.29246e-05 
10.08 1.205 3.24576e-05 
10.08 1.21 1.41593e-05 
10.08 1.215 5.39092e-06 
10.08 1.22 1.84813e-06 
10.08 1.225 5.84222e-07 
10.08 1.23 1.53002e-07 
10.08 1.235 3.66752e-08 
10.08 1.24 7.71029e-09 
10.08 1.245 1.44291e-09 
10.08 1.25 2.1553e-10 
10.09 1.135 3.02918e-08 
10.09 1.14 9.8447e-06 
10.09 1.145 5.50436e-05 
10.09 1.15 0.000101217 
10.09 1.155 0.000152728 
10.09 1.16 0.000207923 
10.09 1.165 0.000246643 
10.09 1.17 0.000279374 
10.09 1.175 0.000280922 
10.09 1.18 0.00024016 
10.09 1.185 0.000187586 
10.09 1.19 0.000131162 
10.09 1.195 7.96511e-05 
10.09 1.2 4.22882e-05 
10.09 1.205 1.9999e-05 
10.09 1.21 8.71498e-06 
10.09 1.215 3.41635e-06 
10.09 1.22 1.11274e-06 
10.09 1.225 3.25548e-07 
10.09 1.23 8.18163e-08 
10.09 1.235 1.93308e-08 
10.09 1.24 4.00957e-09 
10.09 1.245 6.78635e-10 
10.09 1.25 1.0319e-10 
10.1 1.135 2.22075e-08 
10.1 1.14 9.06269e-06 
10.1 1.145 5.10184e-05 
10.1 1.15 9.15799e-05 
10.1 1.155 0.000133881 
10.1 1.16 0.000174887 
10.1 1.165 0.000206691 
10.1 1.17 0.00022217 
10.1 1.175 0.000207145 
10.1 1.18 0.000180907 
10.1 1.185 0.000135714 
10.1 1.19 8.86526e-05 
10.1 1.195 5.2867e-05 
10.1 1.2 2.71479e-05 
10.1 1.205 1.29092e-05 
10.1 1.21 5.53337e-06 
10.1 1.215 1.9991e-06 
10.1 1.22 6.39057e-07 
10.1 1.225 1.85937e-07 
10.1 1.23 4.59666e-08 
10.1 1.235 1.02311e-08 
10.1 1.24 2.1034e-09 
10.1 1.245 3.53593e-10 
10.11 1.135 3.35377e-08 
10.11 1.14 8.89785e-06 
10.11 1.145 4.78495e-05 
10.11 1.15 7.98836e-05 
10.11 1.155 0.000113797 
10.11 1.16 0.000145461 
10.11 1.165 0.000163722 
10.11 1.17 0.000172275 
10.11 1.175 0.00015788 
10.11 1.18 0.000128097 
10.11 1.185 9.22886e-05 
10.11 1.19 5.95074e-05 
10.11 1.195 3.36525e-05 
10.11 1.2 1.8249e-05 
10.11 1.205 8.15755e-06 
10.11 1.21 3.21644e-06 
10.11 1.215 1.15185e-06 
10.11 1.22 3.58491e-07 
10.11 1.225 1.02752e-07 
10.11 1.23 2.56975e-08 
10.11 1.235 5.53487e-09 
10.11 1.24 1.02783e-09 
10.11 1.245 1.72764e-10 
10.12 1.135 4.7629e-08 
10.12 1.14 8.29226e-06 
10.12 1.145 4.16646e-05 
10.12 1.15 6.98766e-05 
10.12 1.155 9.71313e-05 
10.12 1.16 0.000118806 
10.12 1.165 0.000134068 
10.12 1.17 0.00013087 
10.12 1.175 0.000115786 
10.12 1.18 9.29836e-05 
10.12 1.185 6.29904e-05 
10.12 1.19 4.02265e-05 
10.12 1.195 2.24828e-05 
10.12 1.2 1.14406e-05 
10.12 1.205 4.90494e-06 
10.12 1.21 1.9609e-06 
10.12 1.215 6.63294e-07 
10.12 1.22 2.12318e-07 
10.12 1.225 5.5971e-08 
10.12 1.23 1.3226e-08 
10.12 1.235 2.79811e-09 
10.12 1.24 5.05195e-10 
10.13 1.135 3.44433e-08 
10.13 1.14 8.46625e-06 
10.13 1.145 3.96309e-05 
10.13 1.15 5.9887e-05 
10.13 1.155 8.00532e-05 
10.13 1.16 9.37664e-05 
10.13 1.165 0.000103198 
10.13 1.17 9.51009e-05 
10.13 1.175 8.52619e-05 
10.13 1.18 6.39879e-05 
10.13 1.185 4.37363e-05 
10.13 1.19 2.59086e-05 
10.13 1.195 1.46844e-05 
10.13 1.2 6.8595e-06 
10.13 1.205 2.94884e-06 
10.13 1.21 1.1602e-06 
10.13 1.215 3.82019e-07 
10.13 1.22 1.16761e-07 
10.13 1.225 3.08002e-08 
10.13 1.23 6.87745e-09 
10.13 1.235 1.38483e-09 
10.13 1.24 2.63255e-10 
10.14 1.135 6.23115e-08 
10.14 1.14 8.61191e-06 
10.14 1.145 3.47038e-05 
10.14 1.15 5.08127e-05 
10.14 1.155 6.72133e-05 
10.14 1.16 7.48679e-05 
10.14 1.165 7.72037e-05 
10.14 1.17 7.26427e-05 
10.14 1.175 5.92629e-05 
10.14 1.18 4.35744e-05 
10.14 1.185 2.79466e-05 
10.14 1.19 1.67659e-05 
10.14 1.195 9.04544e-06 
10.14 1.2 4.13882e-06 
10.14 1.205 1.72377e-06 
10.14 1.21 6.681e-07 
10.14 1.215 2.05756e-07 
10.14 1.22 6.27719e-08 
10.14 1.225 1.63247e-08 
10.14 1.23 3.64737e-09 
10.14 1.235 7.16496e-10 
10.14 1.24 1.25306e-10 
