#logage logg JPDF
9.67 1.145 2.57791e-10 
9.68 1.145 7.34206e-10 
9.69 1.145 1.80823e-09 
9.7 1.145 4.93787e-09 
9.71 1.145 1.72909e-08 
9.72 1.145 3.6879e-08 
9.73 1.145 1.00906e-07 
9.74 1.14 1.09346e-10 
9.74 1.145 2.12013e-07 
9.75 1.14 2.65896e-10 
9.75 1.145 5.07366e-07 
9.76 1.14 8.72299e-10 
9.76 1.145 1.19205e-06 
9.77 1.14 2.28403e-09 
9.77 1.145 2.47807e-06 
9.78 1.14 3.82393e-09 
9.78 1.145 5.18774e-06 
9.79 1.14 2.06254e-08 
9.79 1.145 9.89577e-06 
9.8 1.14 4.63642e-08 
9.8 1.145 2.19807e-05 
9.81 1.14 1.03925e-07 
9.81 1.145 3.7164e-05 
9.82 1.14 1.62633e-07 
9.82 1.145 7.3278e-05 
9.83 1.14 3.48617e-07 
9.83 1.145 0.000115549 
9.84 1.14 1.13965e-06 
9.84 1.145 0.00021823 
9.85 1.14 1.65372e-06 
9.85 1.145 0.000377282 
9.86 1.14 3.30693e-06 
9.86 1.145 0.000549844 
9.87 1.14 5.96862e-06 
9.87 1.145 0.000915887 
9.88 1.135 1.80602e-10 
9.88 1.14 2.38652e-05 
9.88 1.145 0.00142599 
9.89 1.135 8.74067e-10 
9.89 1.14 3.67694e-05 
9.89 1.145 0.00224764 
9.9 1.135 3.14789e-09 
9.9 1.14 4.5183e-05 
9.9 1.145 0.00341209 
9.91 1.135 7.12384e-09 
9.91 1.14 8.52775e-05 
9.91 1.145 0.00459273 
9.92 1.135 1.21306e-09 
9.92 1.14 0.000134189 
9.92 1.145 0.00716493 
9.93 1.135 2.6016e-09 
9.93 1.14 0.000303684 
9.93 1.145 0.00837485 
9.94 1.135 1.20108e-08 
9.94 1.14 0.000341661 
9.94 1.145 0.01188 
9.95 1.135 4.48683e-08 
9.95 1.14 0.000604461 
9.95 1.145 0.0147912 
9.96 1.135 9.27302e-08 
9.96 1.14 0.000615975 
9.96 1.145 0.0176618 
9.97 1.135 2.35531e-07 
9.97 1.14 0.00112199 
9.97 1.145 0.0207225 
9.98 1.135 6.02234e-07 
9.98 1.14 0.00145689 
9.98 1.145 0.0255102 
9.99 1.135 4.06101e-07 
9.99 1.14 0.00196836 
9.99 1.145 0.0319979 
10 1.135 1.0069e-06 
10 1.14 0.00270841 
10 1.145 0.0355573 
10.01 1.135 1.0838e-06 
10.01 1.14 0.00348895 
10.01 1.145 0.0414234 
10.02 1.135 2.79359e-06 
10.02 1.14 0.00423318 
10.02 1.145 0.0463374 
10.03 1.135 6.69191e-06 
10.03 1.14 0.00505281 
10.03 1.145 0.0515075 
10.04 1.135 2.04968e-06 
10.04 1.14 0.00544756 
10.04 1.145 0.0548048 
10.05 1.135 6.92502e-06 
10.05 1.14 0.00790563 
10.05 1.145 0.0590985 
10.06 1.135 1.11316e-05 
10.06 1.14 0.0079877 
10.06 1.145 0.0594753 
10.07 1.135 1.80874e-05 
10.07 1.14 0.00859824 
10.07 1.145 0.0574589 
10.08 1.135 1.86682e-05 
10.08 1.14 0.00875712 
10.08 1.145 0.0552843 
10.09 1.135 2.64571e-05 
10.09 1.14 0.00976012 
10.09 1.145 0.0535799 
10.1 1.135 1.84548e-05 
10.1 1.14 0.0100286 
10.1 1.145 0.0508965 
10.11 1.135 3.47557e-05 
10.11 1.14 0.00886098 
10.11 1.145 0.0477481 
10.12 1.135 2.05281e-05 
10.12 1.14 0.00940557 
10.12 1.145 0.0427755 
10.13 1.135 3.12785e-05 
10.13 1.14 0.00944423 
10.13 1.145 0.0389879 
10.14 1.135 3.20593e-05 
10.14 1.14 0.00981594 
10.14 1.145 0.0344747 
