#logage logg JPDF
9.37 1.26 1.18951e-10 
9.37 1.265 1.30222e-10 
9.38 1.255 1.46885e-10 
9.38 1.26 2.87192e-10 
9.38 1.265 2.52454e-10 
9.39 1.25 1.4593e-10 
9.39 1.255 3.54187e-10 
9.39 1.26 6.83897e-10 
9.39 1.265 5.65129e-10 
9.4 1.245 1.5515e-10 
9.4 1.25 3.88961e-10 
9.4 1.255 8.35969e-10 
9.4 1.26 1.52814e-09 
9.4 1.265 1.20743e-09 
9.41 1.24 1.33799e-10 
9.41 1.245 3.88543e-10 
9.41 1.25 9.73989e-10 
9.41 1.255 1.97382e-09 
9.41 1.26 3.44447e-09 
9.41 1.265 2.41674e-09 
9.42 1.235 1.08244e-10 
9.42 1.24 3.5807e-10 
9.42 1.245 9.94219e-10 
9.42 1.25 2.3222e-09 
9.42 1.255 4.50237e-09 
9.42 1.26 7.36292e-09 
9.42 1.265 4.6557e-09 
9.43 1.235 2.86398e-10 
9.43 1.24 9.04098e-10 
9.43 1.245 2.3916e-09 
9.43 1.25 5.18982e-09 
9.43 1.255 9.82452e-09 
9.43 1.26 1.48405e-08 
9.43 1.265 9.10559e-09 
9.43 1.27 1.56703e-10 
9.44 1.23 2.22264e-10 
9.44 1.235 7.52606e-10 
9.44 1.24 2.26946e-09 
9.44 1.245 5.67283e-09 
9.44 1.25 1.19484e-08 
9.44 1.255 2.11463e-08 
9.44 1.26 3.05205e-08 
9.44 1.265 1.52212e-08 
9.44 1.27 2.15346e-10 
9.45 1.225 1.49986e-10 
9.45 1.23 5.73899e-10 
9.45 1.235 1.93515e-09 
9.45 1.24 5.47374e-09 
9.45 1.245 1.27741e-08 
9.45 1.25 2.61323e-08 
9.45 1.255 4.30684e-08 
9.45 1.26 5.97604e-08 
9.45 1.265 2.89236e-08 
9.45 1.27 4.25549e-10 
9.46 1.225 4.14908e-10 
9.46 1.23 1.54461e-09 
9.46 1.235 4.75702e-09 
9.46 1.24 1.28063e-08 
9.46 1.245 2.76657e-08 
9.46 1.25 5.40103e-08 
9.46 1.255 8.63127e-08 
9.46 1.26 1.12796e-07 
9.46 1.265 5.25468e-08 
9.46 1.27 7.26348e-10 
9.47 1.22 2.67019e-10 
9.47 1.225 1.11328e-09 
9.47 1.23 3.93238e-09 
9.47 1.235 1.1347e-08 
9.47 1.24 2.77847e-08 
9.47 1.245 5.91915e-08 
9.47 1.25 1.07288e-07 
9.47 1.255 1.64159e-07 
9.47 1.26 2.02767e-07 
9.47 1.265 9.20045e-08 
9.47 1.27 7.43882e-10 
9.48 1.215 1.66533e-10 
9.48 1.22 7.13876e-10 
9.48 1.225 2.89737e-09 
9.48 1.23 9.36849e-09 
9.48 1.235 2.56645e-08 
9.48 1.24 6.02712e-08 
9.48 1.245 1.23948e-07 
9.48 1.25 2.10098e-07 
9.48 1.255 3.08734e-07 
9.48 1.26 3.73579e-07 
9.48 1.265 1.44076e-07 
9.48 1.27 1.22602e-09 
9.49 1.215 4.46978e-10 
9.49 1.22 1.9212e-09 
9.49 1.225 7.02525e-09 
9.49 1.23 2.22603e-08 
9.49 1.235 5.86872e-08 
9.49 1.24 1.31871e-07 
9.49 1.245 2.54115e-07 
9.49 1.25 4.17308e-07 
9.49 1.255 5.82541e-07 
9.49 1.26 6.4266e-07 
9.49 1.265 2.40988e-07 
9.49 1.27 2.05574e-09 
9.5 1.21 2.49561e-10 
9.5 1.215 1.22432e-09 
9.5 1.22 4.91887e-09 
9.5 1.225 1.63797e-08 
9.5 1.23 4.93577e-08 
9.5 1.235 1.28198e-07 
9.5 1.24 2.67873e-07 
9.5 1.245 4.95939e-07 
9.5 1.25 7.5578e-07 
9.5 1.255 1.01271e-06 
9.5 1.26 1.09757e-06 
9.5 1.265 3.56816e-07 
9.5 1.27 2.18442e-09 
9.51 1.205 1.33645e-10 
9.51 1.21 6.8906e-10 
9.51 1.215 3.17172e-09 
9.51 1.22 1.18282e-08 
9.51 1.225 3.89135e-08 
9.51 1.23 1.08627e-07 
9.51 1.235 2.64822e-07 
9.51 1.24 5.4293e-07 
9.51 1.245 9.43741e-07 
9.51 1.25 1.38866e-06 
9.51 1.255 1.7291e-06 
9.51 1.26 1.7928e-06 
9.51 1.265 5.85138e-07 
9.51 1.27 2.33963e-09 
9.52 1.205 3.67611e-10 
9.52 1.21 1.92275e-09 
9.52 1.215 7.6627e-09 
9.52 1.22 2.82591e-08 
9.52 1.225 8.82662e-08 
9.52 1.23 2.32721e-07 
9.52 1.235 5.2574e-07 
9.52 1.24 1.075e-06 
9.52 1.245 1.7479e-06 
9.52 1.25 2.51268e-06 
9.52 1.255 2.95237e-06 
9.52 1.26 2.89236e-06 
9.52 1.265 7.58929e-07 
9.52 1.27 1.95774e-09 
9.53 1.2 1.93802e-10 
9.53 1.205 9.9417e-10 
9.53 1.21 4.62168e-09 
9.53 1.215 1.8853e-08 
9.53 1.22 6.66334e-08 
9.53 1.225 1.92026e-07 
9.53 1.23 4.71439e-07 
9.53 1.235 1.0185e-06 
9.53 1.24 1.91642e-06 
9.53 1.245 3.14541e-06 
9.53 1.25 4.24932e-06 
9.53 1.255 4.7983e-06 
9.53 1.26 4.51567e-06 
9.53 1.265 1.16914e-06 
9.53 1.27 6.04797e-09 
9.54 1.2 5.49651e-10 
9.54 1.205 2.70864e-09 
9.54 1.21 1.17258e-08 
9.54 1.215 4.48695e-08 
9.54 1.22 1.46046e-07 
9.54 1.225 4.09065e-07 
9.54 1.23 9.78387e-07 
9.54 1.235 2.04096e-06 
9.54 1.24 3.52251e-06 
9.54 1.245 5.32333e-06 
9.54 1.25 7.09318e-06 
9.54 1.255 7.66388e-06 
9.54 1.26 6.78306e-06 
9.54 1.265 1.58948e-06 
9.54 1.27 6.30543e-09 
9.55 1.195 2.50616e-10 
9.55 1.2 1.47744e-09 
9.55 1.205 6.91803e-09 
9.55 1.21 2.85901e-08 
9.55 1.215 1.00956e-07 
9.55 1.22 3.13227e-07 
9.55 1.225 8.39409e-07 
9.55 1.23 1.89726e-06 
9.55 1.235 3.65482e-06 
9.55 1.24 6.42079e-06 
9.55 1.245 9.46608e-06 
9.55 1.25 1.11014e-05 
9.55 1.255 1.18669e-05 
9.55 1.26 9.80947e-06 
9.55 1.265 2.00293e-06 
9.55 1.27 1.28818e-08 
9.56 1.19 1.12475e-10 
9.56 1.195 7.06555e-10 
9.56 1.2 3.75859e-09 
9.56 1.205 1.66484e-08 
9.56 1.21 6.81554e-08 
9.56 1.215 2.26705e-07 
9.56 1.22 6.71991e-07 
9.56 1.225 1.61665e-06 
9.56 1.23 3.70334e-06 
9.56 1.235 6.83405e-06 
9.56 1.24 1.09655e-05 
9.56 1.245 1.50735e-05 
9.56 1.25 1.80863e-05 
9.56 1.255 1.7769e-05 
9.56 1.26 1.38678e-05 
9.56 1.265 2.46305e-06 
9.56 1.27 1.92869e-08 
9.57 1.19 3.21257e-10 
9.57 1.195 1.89356e-09 
9.57 1.2 9.46163e-09 
9.57 1.205 4.10779e-08 
9.57 1.21 1.5096e-07 
9.57 1.215 5.04777e-07 
9.57 1.22 1.36933e-06 
9.57 1.225 3.17374e-06 
9.57 1.23 6.79241e-06 
9.57 1.235 1.13716e-05 
9.57 1.24 1.83382e-05 
9.57 1.245 2.39005e-05 
9.57 1.25 2.61969e-05 
9.57 1.255 2.54971e-05 
9.57 1.26 1.88345e-05 
9.57 1.265 3.22164e-06 
9.57 1.27 8.68926e-09 
9.58 1.185 1.30026e-10 
9.58 1.19 8.19933e-10 
9.58 1.195 4.56819e-09 
9.58 1.2 2.28445e-08 
9.58 1.205 8.9646e-08 
9.58 1.21 3.16439e-07 
9.58 1.215 1.02818e-06 
9.58 1.22 2.72561e-06 
9.58 1.225 6.04471e-06 
9.58 1.23 1.18915e-05 
9.58 1.235 1.99461e-05 
9.58 1.24 2.96538e-05 
9.58 1.245 3.6246e-05 
9.58 1.25 3.96644e-05 
9.58 1.255 3.57544e-05 
9.58 1.26 2.50789e-05 
9.58 1.265 4.39834e-06 
9.58 1.27 7.98008e-09 
9.59 1.185 3.5056e-10 
9.59 1.19 2.10956e-09 
9.59 1.195 1.13007e-08 
9.59 1.2 5.31185e-08 
9.59 1.205 2.06739e-07 
9.59 1.21 6.83509e-07 
9.59 1.215 2.03095e-06 
9.59 1.22 5.09031e-06 
9.59 1.225 1.10585e-05 
9.59 1.23 2.0611e-05 
9.59 1.235 3.42996e-05 
9.59 1.24 4.51862e-05 
9.59 1.245 5.63299e-05 
9.59 1.25 5.76939e-05 
9.59 1.255 4.80487e-05 
9.59 1.26 3.37096e-05 
9.59 1.265 4.86584e-06 
9.59 1.27 9.95646e-09 
9.6 1.18 1.40286e-10 
9.6 1.185 9.27062e-10 
9.6 1.19 5.67189e-09 
9.6 1.195 2.67114e-08 
9.6 1.2 1.23404e-07 
9.6 1.205 4.51532e-07 
9.6 1.21 1.42884e-06 
9.6 1.215 4.02642e-06 
9.6 1.22 9.64199e-06 
9.6 1.225 1.97723e-05 
9.6 1.23 3.45841e-05 
9.6 1.235 5.46593e-05 
9.6 1.24 7.12638e-05 
9.6 1.245 8.13971e-05 
9.6 1.25 7.87154e-05 
9.6 1.255 6.6937e-05 
9.6 1.26 4.32045e-05 
9.6 1.265 6.28583e-06 
9.6 1.27 7.9173e-09 
9.61 1.18 3.96294e-10 
9.61 1.185 2.51393e-09 
9.61 1.19 1.36176e-08 
9.61 1.195 6.39541e-08 
9.61 1.2 2.60358e-07 
9.61 1.205 9.20594e-07 
9.61 1.21 2.87274e-06 
9.61 1.215 7.49392e-06 
9.61 1.22 1.67785e-05 
9.61 1.225 3.36792e-05 
9.61 1.23 5.52403e-05 
9.61 1.235 8.32825e-05 
9.61 1.24 0.000103431 
9.61 1.245 0.000113919 
9.61 1.25 0.0001057 
9.61 1.255 8.86473e-05 
9.61 1.26 5.48654e-05 
9.61 1.265 6.65177e-06 
9.61 1.27 4.15876e-09 
9.62 1.175 1.5198e-10 
9.62 1.18 1.06565e-09 
9.62 1.185 5.97796e-09 
9.62 1.19 3.20451e-08 
9.62 1.195 1.41184e-07 
9.62 1.2 5.689e-07 
9.62 1.205 1.85844e-06 
9.62 1.21 5.52128e-06 
9.62 1.215 1.35604e-05 
9.62 1.22 2.9496e-05 
9.62 1.225 5.56195e-05 
9.62 1.23 8.94625e-05 
9.62 1.235 0.00012612 
9.62 1.24 0.000150788 
9.62 1.245 0.000163137 
9.62 1.25 0.000146407 
9.62 1.255 0.000110127 
9.62 1.26 6.5835e-05 
9.62 1.265 7.49163e-06 
9.62 1.27 5.57899e-09 
9.63 1.175 4.12006e-10 
9.63 1.18 2.63876e-09 
9.63 1.185 1.48393e-08 
9.63 1.19 7.3562e-08 
9.63 1.195 3.30544e-07 
9.63 1.2 1.15079e-06 
9.63 1.205 3.75585e-06 
9.63 1.21 1.02012e-05 
9.63 1.215 2.38848e-05 
9.63 1.22 5.02455e-05 
9.63 1.225 9.01347e-05 
9.63 1.23 0.000142664 
9.63 1.235 0.000198847 
9.63 1.24 0.000223905 
9.63 1.245 0.000223873 
9.63 1.25 0.000193711 
9.63 1.255 0.000138137 
9.63 1.26 7.44855e-05 
9.63 1.265 7.98079e-06 
9.63 1.27 6.80794e-09 
9.64 1.17 1.56027e-10 
9.64 1.175 1.08485e-09 
9.64 1.18 6.4223e-09 
9.64 1.185 3.68386e-08 
9.64 1.19 1.6624e-07 
9.64 1.195 6.33611e-07 
9.64 1.2 2.25594e-06 
9.64 1.205 6.96293e-06 
9.64 1.21 1.83189e-05 
9.64 1.215 4.11121e-05 
9.64 1.22 8.50929e-05 
9.64 1.225 0.000144986 
9.64 1.23 0.000208161 
9.64 1.235 0.000274388 
9.64 1.24 0.000303782 
9.64 1.245 0.000285379 
9.64 1.25 0.000240324 
9.64 1.255 0.000162461 
9.64 1.26 8.65033e-05 
9.64 1.265 7.63088e-06 
9.64 1.27 1.6063e-08 
9.65 1.17 4.28083e-10 
9.65 1.175 2.82135e-09 
9.65 1.18 1.70538e-08 
9.65 1.185 7.9118e-08 
9.65 1.19 3.52144e-07 
9.65 1.195 1.39075e-06 
9.65 1.2 4.56981e-06 
9.65 1.205 1.30584e-05 
9.65 1.21 3.3139e-05 
9.65 1.215 7.11653e-05 
9.65 1.22 0.000134094 
9.65 1.225 0.000214818 
9.65 1.23 0.000300641 
9.65 1.235 0.00038422 
9.65 1.24 0.000399738 
9.65 1.245 0.00036802 
9.65 1.25 0.000291345 
9.65 1.255 0.000190199 
9.65 1.26 9.5117e-05 
9.65 1.265 7.61122e-06 
9.65 1.27 5.06902e-09 
9.66 1.165 1.48755e-10 
9.66 1.17 1.1515e-09 
9.66 1.175 7.20355e-09 
9.66 1.18 3.67943e-08 
9.66 1.185 1.77467e-07 
9.66 1.19 7.4288e-07 
9.66 1.195 2.59844e-06 
9.66 1.2 8.13347e-06 
9.66 1.205 2.31449e-05 
9.66 1.21 5.59449e-05 
9.66 1.215 0.000113291 
9.66 1.22 0.000202425 
9.66 1.225 0.000313682 
9.66 1.23 0.000423858 
9.66 1.235 0.000502592 
9.66 1.24 0.000500057 
9.66 1.245 0.000440012 
9.66 1.25 0.000324471 
9.66 1.255 0.000218021 
9.66 1.26 9.72846e-05 
9.66 1.265 6.5382e-06 
9.66 1.27 7.28758e-10 
9.67 1.165 3.8095e-10 
9.67 1.17 2.86629e-09 
9.67 1.175 1.71973e-08 
9.67 1.18 8.28743e-08 
9.67 1.185 3.8415e-07 
9.67 1.19 1.529e-06 
9.67 1.195 5.10435e-06 
9.67 1.2 1.55522e-05 
9.67 1.205 3.9711e-05 
9.67 1.21 9.09553e-05 
9.67 1.215 0.000183611 
9.67 1.22 0.000306449 
9.67 1.225 0.000457093 
9.67 1.23 0.000593155 
9.67 1.235 0.00066062 
9.67 1.24 0.00065362 
9.67 1.245 0.000531347 
9.67 1.25 0.000389141 
9.67 1.255 0.000242437 
9.67 1.26 0.000108173 
9.67 1.265 7.15843e-06 
9.67 1.27 2.40216e-09 
9.68 1.16 1.34137e-10 
9.68 1.165 9.95142e-10 
9.68 1.17 7.07213e-09 
9.68 1.175 3.79683e-08 
9.68 1.18 1.79502e-07 
9.68 1.185 7.88463e-07 
9.68 1.19 2.87652e-06 
9.68 1.195 9.57792e-06 
9.68 1.2 2.6983e-05 
9.68 1.205 6.5879e-05 
9.68 1.21 0.000145939 
9.68 1.215 0.000275149 
9.68 1.22 0.000451605 
9.68 1.225 0.000638017 
9.68 1.23 0.000800975 
9.68 1.235 0.000849806 
9.68 1.24 0.000787438 
9.68 1.245 0.000643046 
9.68 1.25 0.00044899 
9.68 1.255 0.000265251 
9.68 1.26 0.000110165 
9.68 1.265 6.68183e-06 
9.68 1.27 1.35012e-09 
9.69 1.16 3.4456e-10 
9.69 1.165 2.35824e-09 
9.69 1.17 1.47469e-08 
9.69 1.175 8.28525e-08 
9.69 1.18 3.72283e-07 
9.69 1.185 1.48485e-06 
9.69 1.19 5.25698e-06 
9.69 1.195 1.68492e-05 
9.69 1.2 4.49613e-05 
9.69 1.205 0.0001105 
9.69 1.21 0.000229952 
9.69 1.215 0.00040136 
9.69 1.22 0.000643395 
9.69 1.225 0.000889199 
9.69 1.23 0.00103417 
9.69 1.235 0.00107802 
9.69 1.24 0.000974918 
9.69 1.245 0.000732275 
9.69 1.25 0.000493796 
9.69 1.255 0.000281037 
9.69 1.26 0.000108459 
9.69 1.265 5.88538e-06 
9.69 1.27 3.16033e-10 
9.7 1.155 1.11098e-10 
9.7 1.16 8.58685e-10 
9.7 1.165 5.58903e-09 
9.7 1.17 3.26032e-08 
9.7 1.175 1.64768e-07 
9.7 1.18 7.18857e-07 
9.7 1.185 2.77356e-06 
9.7 1.19 9.31911e-06 
9.7 1.195 2.76575e-05 
9.7 1.2 7.38597e-05 
9.7 1.205 0.000166875 
9.7 1.21 0.000346912 
9.7 1.215 0.000583805 
9.7 1.22 0.000900314 
9.7 1.225 0.00119775 
9.7 1.23 0.00134288 
9.7 1.235 0.00133199 
9.7 1.24 0.00113587 
9.7 1.245 0.000867505 
9.7 1.25 0.000525795 
9.7 1.255 0.000289989 
9.7 1.26 0.00010699 
9.7 1.265 4.86513e-06 
9.7 1.27 9.91539e-10 
9.71 1.155 2.8147e-10 
9.71 1.16 2.06042e-09 
9.71 1.165 1.20327e-08 
9.71 1.17 6.84128e-08 
9.71 1.175 3.24452e-07 
9.71 1.18 1.35373e-06 
9.71 1.185 5.14156e-06 
9.71 1.19 1.60944e-05 
9.71 1.195 4.50856e-05 
9.71 1.2 0.000117162 
9.71 1.205 0.000255755 
9.71 1.21 0.00049551 
9.71 1.215 0.000847414 
9.71 1.22 0.00121456 
9.71 1.225 0.00148057 
9.71 1.23 0.00164826 
9.71 1.235 0.00155482 
9.71 1.24 0.00128427 
9.71 1.245 0.00091948 
9.71 1.25 0.00054372 
9.71 1.255 0.00028953 
9.71 1.26 0.000102424 
9.71 1.265 3.79722e-06 
9.71 1.27 6.02271e-10 
9.72 1.155 6.75611e-10 
9.72 1.16 4.72264e-09 
9.72 1.165 2.63043e-08 
9.72 1.17 1.41037e-07 
9.72 1.175 6.5705e-07 
9.72 1.18 2.44318e-06 
9.72 1.185 9.0479e-06 
9.72 1.19 2.80945e-05 
9.72 1.195 7.45235e-05 
9.72 1.2 0.000181742 
9.72 1.205 0.000388939 
9.72 1.21 0.000699033 
9.72 1.215 0.00115273 
9.72 1.22 0.00156671 
9.72 1.225 0.00186049 
9.72 1.23 0.00197873 
9.72 1.235 0.00178889 
9.72 1.24 0.00137101 
9.72 1.245 0.00096201 
9.72 1.25 0.00054993 
9.72 1.255 0.000281699 
9.72 1.26 8.89205e-05 
9.72 1.265 3.46311e-06 
9.72 1.27 9.15804e-10 
9.73 1.15 2.20053e-10 
9.73 1.155 1.68078e-09 
9.73 1.16 1.03429e-08 
9.73 1.165 5.61279e-08 
9.73 1.17 2.84985e-07 
9.73 1.175 1.23408e-06 
9.73 1.18 4.56415e-06 
9.73 1.185 1.62124e-05 
9.73 1.19 4.62666e-05 
9.73 1.195 0.000120751 
9.73 1.2 0.000280565 
9.73 1.205 0.000568274 
9.73 1.21 0.000993765 
9.73 1.215 0.00149867 
9.73 1.22 0.00198984 
9.73 1.225 0.00233429 
9.73 1.23 0.00233393 
9.73 1.235 0.00202565 
9.73 1.24 0.0014957 
9.73 1.245 0.000976631 
9.73 1.25 0.000554422 
9.73 1.255 0.000259561 
9.73 1.26 8.22092e-05 
9.73 1.265 2.72002e-06 
9.73 1.27 3.20336e-10 
9.74 1.15 5.57902e-10 
9.74 1.155 3.62044e-09 
9.74 1.16 2.24448e-08 
9.74 1.165 1.20462e-07 
9.74 1.17 5.43085e-07 
9.74 1.175 2.3637e-06 
9.74 1.18 8.33482e-06 
9.74 1.185 2.69558e-05 
9.74 1.19 7.73727e-05 
9.74 1.195 0.000188777 
9.74 1.2 0.000403402 
9.74 1.205 0.00078916 
9.74 1.21 0.00133789 
9.74 1.215 0.0020114 
9.74 1.22 0.00249929 
9.74 1.225 0.00278756 
9.74 1.23 0.00271976 
9.74 1.235 0.00228493 
9.74 1.24 0.00163194 
9.74 1.245 0.000994484 
9.74 1.25 0.000545541 
9.74 1.255 0.000252107 
9.74 1.26 6.79711e-05 
9.74 1.265 2.22694e-06 
9.74 1.27 4.71404e-10 
9.75 1.145 1.07292e-10 
9.75 1.15 1.27092e-09 
9.75 1.155 8.36896e-09 
9.75 1.16 4.54163e-08 
9.75 1.165 2.38333e-07 
9.75 1.17 1.07291e-06 
9.75 1.175 4.16951e-06 
9.75 1.18 1.48884e-05 
9.75 1.185 4.52021e-05 
9.75 1.19 0.000121733 
9.75 1.195 0.000289674 
9.75 1.2 0.000601256 
9.75 1.205 0.00109725 
9.75 1.21 0.00182848 
9.75 1.215 0.00252754 
9.75 1.22 0.00319419 
9.75 1.225 0.00334052 
9.75 1.23 0.00303928 
9.75 1.235 0.0025176 
9.75 1.24 0.00168739 
9.75 1.245 0.00100347 
9.75 1.25 0.000536065 
9.75 1.255 0.000236347 
9.75 1.26 6.5214e-05 
9.75 1.265 1.4147e-06 
9.75 1.27 5.50545e-10 
9.76 1.145 2.51885e-10 
9.76 1.15 2.95231e-09 
9.76 1.155 1.79395e-08 
9.76 1.16 9.70122e-08 
9.76 1.165 4.91568e-07 
9.76 1.17 2.02176e-06 
9.76 1.175 7.76365e-06 
9.76 1.18 2.51032e-05 
9.76 1.185 7.30119e-05 
9.76 1.19 0.000185827 
9.76 1.195 0.000420794 
9.76 1.2 0.00084108 
9.76 1.205 0.00144357 
9.76 1.21 0.00223277 
9.76 1.215 0.00303812 
9.76 1.22 0.0036424 
9.76 1.225 0.00369312 
9.76 1.23 0.00327398 
9.76 1.235 0.00257766 
9.76 1.24 0.00171881 
9.76 1.245 0.000954065 
9.76 1.25 0.000503098 
9.76 1.255 0.000204175 
9.76 1.26 5.57934e-05 
9.76 1.265 1.16378e-06 
9.76 1.27 1.84595e-10 
9.77 1.145 6.52141e-10 
9.77 1.15 6.39443e-09 
9.77 1.155 3.60762e-08 
9.77 1.16 1.87327e-07 
9.77 1.165 8.69781e-07 
9.77 1.17 3.46185e-06 
9.77 1.175 1.25007e-05 
9.77 1.18 3.94882e-05 
9.77 1.185 0.00011212 
9.77 1.19 0.000277032 
9.77 1.195 0.000600995 
9.77 1.2 0.00111551 
9.77 1.205 0.00193449 
9.77 1.21 0.00290212 
9.77 1.215 0.00361789 
9.77 1.22 0.0039825 
9.77 1.225 0.00406268 
9.77 1.23 0.00337513 
9.77 1.235 0.00258766 
9.77 1.24 0.00163828 
9.77 1.245 0.000950621 
9.77 1.25 0.000433808 
9.77 1.255 0.000185856 
9.77 1.26 4.32305e-05 
9.77 1.265 8.03959e-07 
9.77 1.27 1.14438e-10 
9.78 1.145 1.42763e-09 
9.78 1.15 1.34357e-08 
9.78 1.155 7.60418e-08 
9.78 1.16 3.58253e-07 
9.78 1.165 1.5595e-06 
9.78 1.17 6.26327e-06 
9.78 1.175 2.14322e-05 
9.78 1.18 6.26856e-05 
9.78 1.185 0.00017527 
9.78 1.19 0.00039586 
9.78 1.195 0.00083358 
9.78 1.2 0.00154475 
9.78 1.205 0.00243743 
9.78 1.21 0.00346121 
9.78 1.215 0.00440552 
9.78 1.22 0.00447897 
9.78 1.225 0.00441231 
9.78 1.23 0.00342232 
9.78 1.235 0.0025851 
9.78 1.24 0.00154394 
9.78 1.245 0.000836242 
9.78 1.25 0.000373312 
9.78 1.255 0.000152656 
9.78 1.26 3.46814e-05 
9.78 1.265 4.57939e-07 
9.79 1.145 2.99933e-09 
9.79 1.15 2.90943e-08 
9.79 1.155 1.44178e-07 
9.79 1.16 6.78037e-07 
9.79 1.165 2.92738e-06 
9.79 1.17 1.04883e-05 
9.79 1.175 3.5647e-05 
9.79 1.18 0.000101965 
9.79 1.185 0.000259893 
9.79 1.19 0.000577757 
9.79 1.195 0.00115311 
9.79 1.2 0.00198859 
9.79 1.205 0.00308473 
9.79 1.21 0.00409431 
9.79 1.215 0.00489038 
9.79 1.22 0.00510816 
9.79 1.225 0.00456408 
9.79 1.23 0.00357657 
9.79 1.235 0.00248901 
9.79 1.24 0.00142478 
9.79 1.245 0.000751672 
9.79 1.25 0.000327579 
9.79 1.255 0.000128206 
9.79 1.26 2.6096e-05 
9.79 1.265 4.59776e-07 
9.8 1.145 6.67847e-09 
9.8 1.15 5.60102e-08 
9.8 1.155 2.82145e-07 
9.8 1.16 1.20125e-06 
9.8 1.165 5.04754e-06 
9.8 1.17 1.78657e-05 
9.8 1.175 5.70509e-05 
9.8 1.18 0.000149886 
9.8 1.185 0.00037453 
9.8 1.19 0.000780683 
9.8 1.195 0.00152345 
9.8 1.2 0.00251335 
9.8 1.205 0.00371869 
9.8 1.21 0.00471191 
9.8 1.215 0.00561582 
9.8 1.22 0.00536031 
9.8 1.225 0.00478165 
9.8 1.23 0.00343799 
9.8 1.235 0.00240762 
9.8 1.24 0.00131072 
9.8 1.245 0.000677366 
9.8 1.25 0.000274045 
9.8 1.255 0.000101303 
9.8 1.26 2.06625e-05 
9.8 1.265 2.80599e-07 
9.81 1.14 1.03235e-10 
9.81 1.145 1.49544e-08 
9.81 1.15 1.13313e-07 
9.81 1.155 5.34722e-07 
9.81 1.16 2.26959e-06 
9.81 1.165 8.54284e-06 
9.81 1.17 2.89829e-05 
9.81 1.175 8.4516e-05 
9.81 1.18 0.000216815 
9.81 1.185 0.000511717 
9.81 1.19 0.0010195 
9.81 1.195 0.001914 
9.81 1.2 0.00303859 
9.81 1.205 0.00431075 
9.81 1.21 0.00518393 
9.81 1.215 0.0059408 
9.81 1.22 0.00549764 
9.81 1.225 0.00467868 
9.81 1.23 0.00342984 
9.81 1.235 0.00217059 
9.81 1.24 0.00116503 
9.81 1.245 0.000559635 
9.81 1.25 0.000229411 
9.81 1.255 8.24121e-05 
9.81 1.26 1.49097e-05 
9.81 1.265 1.65543e-07 
9.82 1.14 2.26101e-10 
9.82 1.145 2.89127e-08 
9.82 1.15 2.02496e-07 
9.82 1.155 9.36451e-07 
9.82 1.16 3.61177e-06 
9.82 1.165 1.36805e-05 
9.82 1.17 4.21055e-05 
9.82 1.175 0.000122506 
9.82 1.18 0.000304186 
9.82 1.185 0.0006715 
9.82 1.19 0.00133402 
9.82 1.195 0.00228009 
9.82 1.2 0.00353193 
9.82 1.205 0.00488475 
9.82 1.21 0.00574569 
9.82 1.215 0.00586448 
9.82 1.22 0.00553292 
9.82 1.225 0.00443141 
9.82 1.23 0.00307185 
9.82 1.235 0.00188824 
9.82 1.24 0.00100407 
9.82 1.245 0.000475039 
9.82 1.25 0.000183106 
9.82 1.255 6.21048e-05 
9.82 1.26 1.08444e-05 
9.82 1.265 9.6321e-08 
9.83 1.14 5.34098e-10 
9.83 1.145 5.77373e-08 
9.83 1.15 3.60412e-07 
9.83 1.155 1.60032e-06 
9.83 1.16 6.04921e-06 
9.83 1.165 2.13796e-05 
9.83 1.17 6.2936e-05 
9.83 1.175 0.000173615 
9.83 1.18 0.00042123 
9.83 1.185 0.00089242 
9.83 1.19 0.00163275 
9.83 1.195 0.0027714 
9.83 1.2 0.00411104 
9.83 1.205 0.00532232 
9.83 1.21 0.00613004 
9.83 1.215 0.00602285 
9.83 1.22 0.00542142 
9.83 1.225 0.00410339 
9.83 1.23 0.00280974 
9.83 1.235 0.00163549 
9.83 1.24 0.000815632 
9.83 1.245 0.000390033 
9.83 1.25 0.000140223 
9.83 1.255 4.80916e-05 
9.83 1.26 8.02955e-06 
9.83 1.265 5.39965e-08 
9.84 1.14 1.15775e-09 
9.84 1.145 1.07638e-07 
9.84 1.15 6.062e-07 
9.84 1.155 2.67598e-06 
9.84 1.16 9.62111e-06 
9.84 1.165 3.21475e-05 
9.84 1.17 9.4624e-05 
9.84 1.175 0.000244565 
9.84 1.18 0.000550294 
9.84 1.185 0.00110284 
9.84 1.19 0.00205099 
9.84 1.195 0.00318511 
9.84 1.2 0.0045801 
9.84 1.205 0.00571142 
9.84 1.21 0.00604044 
9.84 1.215 0.00622689 
9.84 1.22 0.0051296 
9.84 1.225 0.00382132 
9.84 1.23 0.0025067 
9.84 1.235 0.00137917 
9.84 1.24 0.00069885 
9.84 1.245 0.000293531 
9.84 1.25 0.000110574 
9.84 1.255 3.39682e-05 
9.84 1.26 5.29188e-06 
9.84 1.265 3.35638e-08 
9.85 1.14 2.72634e-09 
9.85 1.145 2.00824e-07 
9.85 1.15 1.10903e-06 
9.85 1.155 4.36097e-06 
9.85 1.16 1.54903e-05 
9.85 1.165 4.63695e-05 
9.85 1.17 0.000135217 
9.85 1.175 0.000325521 
9.85 1.18 0.000753001 
9.85 1.185 0.00140392 
9.85 1.19 0.00243853 
9.85 1.195 0.00358601 
9.85 1.2 0.00508861 
9.85 1.205 0.00600385 
9.85 1.21 0.00635245 
9.85 1.215 0.00590977 
9.85 1.22 0.00468424 
9.85 1.225 0.00335606 
9.85 1.23 0.00215731 
9.85 1.235 0.00124523 
9.85 1.24 0.000547933 
9.85 1.245 0.000228655 
9.85 1.25 8.026e-05 
9.85 1.255 2.49631e-05 
9.85 1.26 3.65089e-06 
9.85 1.265 1.57181e-08 
9.86 1.14 6.79841e-09 
9.86 1.145 3.25524e-07 
9.86 1.15 1.69173e-06 
9.86 1.155 6.79628e-06 
9.86 1.16 2.25452e-05 
9.86 1.165 6.92247e-05 
9.86 1.17 0.000176303 
9.86 1.175 0.000440784 
9.86 1.18 0.00092143 
9.86 1.185 0.00168677 
9.86 1.19 0.00284103 
9.86 1.195 0.00408173 
9.86 1.2 0.00531645 
9.86 1.205 0.00617995 
9.86 1.21 0.00624999 
9.86 1.215 0.00561094 
9.86 1.22 0.00416959 
9.86 1.225 0.0030764 
9.86 1.23 0.00178108 
9.86 1.235 0.000985094 
9.86 1.24 0.000448496 
9.86 1.245 0.00017817 
9.86 1.25 5.99535e-05 
9.86 1.255 1.8276e-05 
9.86 1.26 2.33507e-06 
9.86 1.265 1.50986e-08 
9.87 1.14 1.31647e-08 
9.87 1.145 5.52694e-07 
9.87 1.15 2.68011e-06 
9.87 1.155 1.01453e-05 
9.87 1.16 3.25281e-05 
9.87 1.165 9.50993e-05 
9.87 1.17 0.000233089 
9.87 1.175 0.000546855 
9.87 1.18 0.00112187 
9.87 1.185 0.00202165 
9.87 1.19 0.00319208 
9.87 1.195 0.00442063 
9.87 1.2 0.00565391 
9.87 1.205 0.00611914 
9.87 1.21 0.00586152 
9.87 1.215 0.00529235 
9.87 1.22 0.00380632 
9.87 1.225 0.00263311 
9.87 1.23 0.00149448 
9.87 1.235 0.000762043 
9.87 1.24 0.000347151 
9.87 1.245 0.000134507 
9.87 1.25 4.42106e-05 
9.87 1.255 1.26004e-05 
9.87 1.26 1.5373e-06 
9.87 1.265 5.44724e-09 
9.88 1.14 2.23192e-08 
9.88 1.145 8.80703e-07 
9.88 1.15 3.94998e-06 
9.88 1.155 1.45313e-05 
9.88 1.16 4.2895e-05 
9.88 1.165 0.000129674 
9.88 1.17 0.000295649 
9.88 1.175 0.000694163 
9.88 1.18 0.00133655 
9.88 1.185 0.00225887 
9.88 1.19 0.00362885 
9.88 1.195 0.00465216 
9.88 1.2 0.00585708 
9.88 1.205 0.00616304 
9.88 1.21 0.00581888 
9.88 1.215 0.00472089 
9.88 1.22 0.00344048 
9.88 1.225 0.00223172 
9.88 1.23 0.00119319 
9.88 1.235 0.000608632 
9.88 1.24 0.000264452 
9.88 1.245 9.75356e-05 
9.88 1.25 3.20677e-05 
9.88 1.255 8.55177e-06 
9.88 1.26 1.03351e-06 
9.88 1.265 2.89742e-09 
9.89 1.14 5.07511e-08 
9.89 1.145 1.48231e-06 
9.89 1.15 6.42728e-06 
9.89 1.155 1.99991e-05 
9.89 1.16 6.3738e-05 
9.89 1.165 0.000159335 
9.89 1.17 0.000392754 
9.89 1.175 0.000830684 
9.89 1.18 0.00157274 
9.89 1.185 0.002566 
9.89 1.19 0.00372715 
9.89 1.195 0.00494587 
9.89 1.2 0.00589466 
9.89 1.205 0.00591256 
9.89 1.21 0.00540123 
9.89 1.215 0.00428858 
9.89 1.22 0.00291863 
9.89 1.225 0.00186635 
9.89 1.23 0.00098734 
9.89 1.235 0.000461318 
9.89 1.24 0.000194582 
9.89 1.245 6.9151e-05 
9.89 1.25 2.17636e-05 
9.89 1.255 5.87556e-06 
9.89 1.26 6.23021e-07 
9.89 1.265 1.67464e-09 
9.9 1.14 7.99165e-08 
9.9 1.145 2.37703e-06 
9.9 1.15 9.38662e-06 
9.9 1.155 2.92341e-05 
9.9 1.16 7.9194e-05 
9.9 1.165 0.000208716 
9.9 1.17 0.000455066 
9.9 1.175 0.000958254 
9.9 1.18 0.0017038 
9.9 1.185 0.00280148 
9.9 1.19 0.00388272 
9.9 1.195 0.00481539 
9.9 1.2 0.0055461 
9.9 1.205 0.00541451 
9.9 1.21 0.00479972 
9.9 1.215 0.00369298 
9.9 1.22 0.00247038 
9.9 1.225 0.0014769 
9.9 1.23 0.00078858 
9.9 1.235 0.000361002 
9.9 1.24 0.000137524 
9.9 1.245 4.81138e-05 
9.9 1.25 1.50587e-05 
9.9 1.255 3.87405e-06 
9.9 1.26 3.4701e-07 
9.9 1.265 6.18852e-10 
9.91 1.14 1.36955e-07 
9.91 1.145 3.49419e-06 
9.91 1.15 1.33583e-05 
9.91 1.155 4.02332e-05 
9.91 1.16 0.00010765 
9.91 1.165 0.000246715 
9.91 1.17 0.000552319 
9.91 1.175 0.00106818 
9.91 1.18 0.00183127 
9.91 1.185 0.00281567 
9.91 1.19 0.00393822 
9.91 1.195 0.00468864 
9.91 1.2 0.00500069 
9.91 1.205 0.00484634 
9.91 1.21 0.00417048 
9.91 1.215 0.00300334 
9.91 1.22 0.00197674 
9.91 1.225 0.00117275 
9.91 1.23 0.000593135 
9.91 1.235 0.000270538 
9.91 1.24 0.000103642 
9.91 1.245 3.33958e-05 
9.91 1.25 9.95214e-06 
9.91 1.255 2.42499e-06 
9.91 1.26 2.10694e-07 
9.91 1.265 3.4268e-10 
9.92 1.14 2.43033e-07 
9.92 1.145 5.14464e-06 
9.92 1.15 1.81262e-05 
9.92 1.155 5.31489e-05 
9.92 1.16 0.000135193 
9.92 1.165 0.000300555 
9.92 1.17 0.000622797 
9.92 1.175 0.00120997 
9.92 1.18 0.00188841 
9.92 1.185 0.00289986 
9.92 1.19 0.00376287 
9.92 1.195 0.00441893 
9.92 1.2 0.00459368 
9.92 1.205 0.00425455 
9.92 1.21 0.00349679 
9.92 1.215 0.00250341 
9.92 1.22 0.00159647 
9.92 1.225 0.000909703 
9.92 1.23 0.000458729 
9.92 1.235 0.000189946 
9.92 1.24 7.36165e-05 
9.92 1.245 2.33375e-05 
9.92 1.25 6.60506e-06 
9.92 1.255 1.53727e-06 
9.92 1.26 1.38653e-07 
9.92 1.265 2.23606e-10 
9.93 1.14 4.14964e-07 
9.93 1.145 7.29396e-06 
9.93 1.15 2.50482e-05 
9.93 1.155 6.80054e-05 
9.93 1.16 0.000165102 
9.93 1.165 0.000366685 
9.93 1.17 0.000713545 
9.93 1.175 0.00127255 
9.93 1.18 0.00202865 
9.93 1.185 0.00284847 
9.93 1.19 0.00367324 
9.93 1.195 0.00407306 
9.93 1.2 0.00419627 
9.93 1.205 0.00371302 
9.93 1.21 0.0028956 
9.93 1.215 0.00205723 
9.93 1.22 0.00125374 
9.93 1.225 0.000706332 
9.93 1.23 0.000325788 
9.93 1.235 0.000133721 
9.93 1.24 5.0289e-05 
9.93 1.245 1.54747e-05 
9.93 1.25 4.2554e-06 
9.93 1.255 9.55411e-07 
9.93 1.26 7.73623e-08 
9.93 1.265 1.20535e-10 
9.94 1.135 1.49812e-10 
9.94 1.14 5.40622e-07 
9.94 1.145 1.04076e-05 
9.94 1.15 3.21495e-05 
9.94 1.155 8.11304e-05 
9.94 1.16 0.000200532 
9.94 1.165 0.000403158 
9.94 1.17 0.000810456 
9.94 1.175 0.00133079 
9.94 1.18 0.00206521 
9.94 1.185 0.00290169 
9.94 1.19 0.00350367 
9.94 1.195 0.00380387 
9.94 1.2 0.0037219 
9.94 1.205 0.00309583 
9.94 1.21 0.00241157 
9.94 1.215 0.00163805 
9.94 1.22 0.00097573 
9.94 1.225 0.000501949 
9.94 1.23 0.000237326 
9.94 1.235 9.20017e-05 
9.94 1.24 3.238e-05 
9.94 1.245 9.43714e-06 
9.94 1.25 2.60388e-06 
9.94 1.255 5.89087e-07 
9.94 1.26 4.32897e-08 
9.95 1.135 3.71225e-10 
9.95 1.14 8.95927e-07 
9.95 1.145 1.32113e-05 
9.95 1.15 3.98254e-05 
9.95 1.155 0.000100395 
9.95 1.16 0.000230673 
9.95 1.165 0.000462527 
9.95 1.17 0.000860233 
9.95 1.175 0.00138892 
9.95 1.18 0.00211966 
9.95 1.185 0.00277468 
9.95 1.19 0.00327223 
9.95 1.195 0.00340597 
9.95 1.2 0.00326828 
9.95 1.205 0.00270425 
9.95 1.21 0.00193224 
9.95 1.215 0.00129673 
9.95 1.22 0.000734489 
9.95 1.225 0.000376602 
9.95 1.23 0.000157807 
9.95 1.235 6.25561e-05 
9.95 1.24 2.10754e-05 
9.95 1.245 5.84759e-06 
9.95 1.25 1.52961e-06 
9.95 1.255 3.48861e-07 
9.95 1.26 2.45686e-08 
9.96 1.135 8.09841e-10 
9.96 1.14 1.38031e-06 
9.96 1.145 1.50561e-05 
9.96 1.15 4.84618e-05 
9.96 1.155 0.000118531 
9.96 1.16 0.00025697 
9.96 1.165 0.000493538 
9.96 1.17 0.000901427 
9.96 1.175 0.00142455 
9.96 1.18 0.00200551 
9.96 1.185 0.00265692 
9.96 1.19 0.00303326 
9.96 1.195 0.00303419 
9.96 1.2 0.00268852 
9.96 1.205 0.00220929 
9.96 1.21 0.00157222 
9.96 1.215 0.000966152 
9.96 1.22 0.00053199 
9.96 1.225 0.00026156 
9.96 1.23 0.000109635 
9.96 1.235 4.05506e-05 
9.96 1.24 1.32869e-05 
9.96 1.245 3.86512e-06 
9.96 1.25 9.21173e-07 
9.96 1.255 1.93002e-07 
9.96 1.26 1.27846e-08 
9.97 1.135 2.23493e-09 
9.97 1.14 1.74883e-06 
9.97 1.145 1.93594e-05 
9.97 1.15 5.83845e-05 
9.97 1.155 0.000136417 
9.97 1.16 0.000284848 
9.97 1.165 0.00054385 
9.97 1.17 0.000941828 
9.97 1.175 0.0014421 
9.97 1.18 0.00196392 
9.97 1.185 0.00239782 
9.97 1.19 0.00266704 
9.97 1.195 0.00267561 
9.97 1.2 0.00226735 
9.97 1.205 0.00179695 
9.97 1.21 0.00120086 
9.97 1.215 0.000736335 
9.97 1.22 0.00038482 
9.97 1.225 0.000183229 
9.97 1.23 7.51958e-05 
9.97 1.235 2.71652e-05 
9.97 1.24 8.68164e-06 
9.97 1.245 2.30167e-06 
9.97 1.25 5.49177e-07 
9.97 1.255 1.10798e-07 
9.97 1.26 6.13613e-09 
9.98 1.135 3.89217e-09 
9.98 1.14 2.0453e-06 
9.98 1.145 2.56193e-05 
9.98 1.15 6.65328e-05 
9.98 1.155 0.000152232 
9.98 1.16 0.000309406 
9.98 1.165 0.000590362 
9.98 1.17 0.000943743 
9.98 1.175 0.00137322 
9.98 1.18 0.00190053 
9.98 1.185 0.00220222 
9.98 1.19 0.00229976 
9.98 1.195 0.00225996 
9.98 1.2 0.00187414 
9.98 1.205 0.00141139 
9.98 1.21 0.000937393 
9.98 1.215 0.000525386 
9.98 1.22 0.000279596 
9.98 1.225 0.0001226 
9.98 1.23 5.02951e-05 
9.98 1.235 1.76863e-05 
9.98 1.24 5.23657e-06 
9.98 1.245 1.37112e-06 
9.98 1.25 3.37695e-07 
9.98 1.255 6.2576e-08 
9.98 1.26 2.96706e-09 
9.99 1.135 3.82462e-09 
9.99 1.14 2.82697e-06 
9.99 1.145 3.06104e-05 
9.99 1.15 7.74268e-05 
9.99 1.155 0.000169571 
9.99 1.16 0.00033692 
9.99 1.165 0.000611623 
9.99 1.17 0.000939865 
9.99 1.175 0.0013811 
9.99 1.18 0.00174813 
9.99 1.185 0.00197965 
9.99 1.19 0.00205623 
9.99 1.195 0.00180171 
9.99 1.2 0.00150355 
9.99 1.205 0.00108247 
9.99 1.21 0.000711045 
9.99 1.215 0.000384336 
9.99 1.22 0.000194419 
9.99 1.225 8.8597e-05 
9.99 1.23 3.34759e-05 
9.99 1.235 1.10042e-05 
9.99 1.24 3.09869e-06 
9.99 1.245 8.48261e-07 
9.99 1.25 1.90614e-07 
9.99 1.255 3.3397e-08 
9.99 1.26 1.51307e-09 
10 1.135 5.40478e-09 
10 1.14 4.26764e-06 
10 1.145 3.4794e-05 
10 1.15 8.58896e-05 
10 1.155 0.000191537 
10 1.16 0.000356006 
10 1.165 0.000587637 
10 1.17 0.000948705 
10 1.175 0.00129833 
10 1.18 0.00159316 
10 1.185 0.00177338 
10 1.19 0.0017274 
10 1.195 0.0015377 
10 1.2 0.00118525 
10 1.205 0.000840864 
10 1.21 0.000504886 
10 1.215 0.000276805 
10 1.22 0.000140324 
10 1.225 5.64791e-05 
10 1.23 2.11285e-05 
10 1.235 6.76599e-06 
10 1.24 2.01469e-06 
10 1.245 5.04293e-07 
10 1.25 1.00923e-07 
10 1.255 1.88044e-08 
10 1.26 8.42396e-10 
10.01 1.135 8.22136e-09 
10.01 1.14 4.97717e-06 
10.01 1.145 3.9224e-05 
10.01 1.15 9.34058e-05 
10.01 1.155 0.000198993 
10.01 1.16 0.000362415 
10.01 1.165 0.000594888 
10.01 1.17 0.000887608 
10.01 1.175 0.00116854 
10.01 1.18 0.0014496 
10.01 1.185 0.00150997 
10.01 1.19 0.00144782 
10.01 1.195 0.0012667 
10.01 1.2 0.000938973 
10.01 1.205 0.000620187 
10.01 1.21 0.000381095 
10.01 1.215 0.000203659 
10.01 1.22 9.1836e-05 
10.01 1.225 3.69055e-05 
10.01 1.23 1.38289e-05 
10.01 1.235 4.20172e-06 
10.01 1.24 1.14981e-06 
10.01 1.245 2.86733e-07 
10.01 1.25 6.1416e-08 
10.01 1.255 1.08675e-08 
10.01 1.26 4.10203e-10 
10.02 1.135 2.96423e-08 
10.02 1.14 5.54133e-06 
10.02 1.145 4.41246e-05 
10.02 1.15 0.00010122 
10.02 1.155 0.000205373 
10.02 1.16 0.000347359 
10.02 1.165 0.000580942 
10.02 1.17 0.000807238 
10.02 1.175 0.00105897 
10.02 1.18 0.00123872 
10.02 1.185 0.00126405 
10.02 1.19 0.00115042 
10.02 1.195 0.000978887 
10.02 1.2 0.000725447 
10.02 1.205 0.000469803 
10.02 1.21 0.00026698 
10.02 1.215 0.000140145 
10.02 1.22 6.19219e-05 
10.02 1.225 2.50002e-05 
10.02 1.23 8.37091e-06 
10.02 1.235 2.59809e-06 
10.02 1.24 6.49506e-07 
10.02 1.245 1.59786e-07 
10.02 1.25 3.29924e-08 
10.02 1.255 5.41365e-09 
10.02 1.26 2.22815e-10 
10.03 1.135 1.86173e-08 
10.03 1.14 6.55778e-06 
10.03 1.145 4.91742e-05 
10.03 1.15 0.000105485 
10.03 1.155 0.000205737 
10.03 1.16 0.000347099 
10.03 1.165 0.000537576 
10.03 1.17 0.000739476 
10.03 1.175 0.000922685 
10.03 1.18 0.00100818 
10.03 1.185 0.00101709 
10.03 1.19 0.000928592 
10.03 1.195 0.000720033 
10.03 1.2 0.000522318 
10.03 1.205 0.000341609 
10.03 1.21 0.000187647 
10.03 1.215 9.48574e-05 
10.03 1.22 4.13172e-05 
10.03 1.225 1.59215e-05 
10.03 1.23 5.25239e-06 
10.03 1.235 1.60966e-06 
10.03 1.24 4.03175e-07 
10.03 1.245 8.93164e-08 
10.03 1.25 1.81379e-08 
10.03 1.255 2.88545e-09 
10.04 1.135 3.0385e-08 
10.04 1.14 7.90397e-06 
10.04 1.145 5.15188e-05 
10.04 1.15 0.000111185 
10.04 1.155 0.000207792 
10.04 1.16 0.000335133 
10.04 1.165 0.000507465 
10.04 1.17 0.000657034 
10.04 1.175 0.000795602 
10.04 1.18 0.000825866 
10.04 1.185 0.000827073 
10.04 1.19 0.000710096 
10.04 1.195 0.000534863 
10.04 1.2 0.00037322 
10.04 1.205 0.000232843 
10.04 1.21 0.000121254 
10.04 1.215 6.23892e-05 
10.04 1.22 2.61222e-05 
10.04 1.225 1.03763e-05 
10.04 1.23 3.34599e-06 
10.04 1.235 9.2555e-07 
10.04 1.24 2.23206e-07 
10.04 1.245 5.18131e-08 
10.04 1.25 9.78302e-09 
10.04 1.255 1.60896e-09 
10.05 1.135 3.66025e-08 
10.05 1.14 1.02364e-05 
10.05 1.145 5.46725e-05 
10.05 1.15 0.000116275 
10.05 1.155 0.000198617 
10.05 1.16 0.000323293 
10.05 1.165 0.00045989 
10.05 1.17 0.000589451 
10.05 1.175 0.000677626 
10.05 1.18 0.000701235 
10.05 1.185 0.000645312 
10.05 1.19 0.000532875 
10.05 1.195 0.000400828 
10.05 1.2 0.000258019 
10.05 1.205 0.000157236 
10.05 1.21 8.08525e-05 
10.05 1.215 3.96202e-05 
10.05 1.22 1.60043e-05 
10.05 1.225 5.91213e-06 
10.05 1.23 1.94545e-06 
10.05 1.235 5.43076e-07 
10.05 1.24 1.33623e-07 
10.05 1.245 2.89769e-08 
10.05 1.25 5.13447e-09 
10.05 1.255 8.43988e-10 
10.06 1.135 6.13376e-08 
10.06 1.14 1.01502e-05 
10.06 1.145 5.68633e-05 
10.06 1.15 0.000115349 
10.06 1.155 0.000189163 
10.06 1.16 0.000304506 
10.06 1.165 0.000418133 
10.06 1.17 0.000497896 
10.06 1.175 0.000593768 
10.06 1.18 0.000556565 
10.06 1.185 0.000508777 
10.06 1.19 0.000408639 
10.06 1.195 0.000285745 
10.06 1.2 0.000182705 
10.06 1.205 0.000104401 
10.06 1.21 5.35527e-05 
10.06 1.215 2.37878e-05 
10.06 1.22 9.81664e-06 
10.06 1.225 3.52768e-06 
10.06 1.23 1.05317e-06 
10.06 1.235 3.17906e-07 
10.06 1.24 7.33591e-08 
10.06 1.245 1.55942e-08 
10.06 1.25 2.81316e-09 
10.06 1.255 3.89658e-10 
10.07 1.135 4.29801e-08 
10.07 1.14 1.07348e-05 
10.07 1.145 5.81346e-05 
10.07 1.15 0.000110166 
10.07 1.155 0.000184057 
10.07 1.16 0.000266366 
10.07 1.165 0.000361594 
10.07 1.17 0.000442713 
10.07 1.175 0.000469988 
10.07 1.18 0.000455947 
10.07 1.185 0.00039412 
10.07 1.19 0.000300672 
10.07 1.195 0.000211084 
10.07 1.2 0.00013045 
10.07 1.205 7.10066e-05 
10.07 1.21 3.35459e-05 
10.07 1.215 1.53972e-05 
10.07 1.22 5.745e-06 
10.07 1.225 2.0608e-06 
10.07 1.23 6.15046e-07 
10.07 1.235 1.67943e-07 
10.07 1.24 3.81184e-08 
10.07 1.245 8.22646e-09 
10.07 1.25 1.41827e-09 
10.07 1.255 2.00817e-10 
10.08 1.135 7.12075e-08 
10.08 1.14 1.11558e-05 
10.08 1.145 5.06995e-05 
10.08 1.15 9.18308e-05 
10.08 1.155 0.000154527 
10.08 1.16 0.000230154 
10.08 1.165 0.000293931 
10.08 1.17 0.000363439 
10.08 1.175 0.000374916 
10.08 1.18 0.000359999 
10.08 1.185 0.000294985 
10.08 1.19 0.00022175 
10.08 1.195 0.000151814 
10.08 1.2 8.75188e-05 
10.08 1.205 4.83409e-05 
10.08 1.21 2.26016e-05 
10.08 1.215 9.50703e-06 
10.08 1.22 3.46168e-06 
10.08 1.225 1.14217e-06 
10.08 1.23 3.43484e-07 
10.08 1.235 8.84837e-08 
10.08 1.24 2.0438e-08 
10.08 1.245 4.17376e-09 
10.08 1.25 6.71557e-10 
10.09 1.135 4.33011e-08 
10.09 1.14 1.11059e-05 
10.09 1.145 4.39804e-05 
10.09 1.15 8.06314e-05 
10.09 1.155 0.000128315 
10.09 1.16 0.000191124 
10.09 1.165 0.000228689 
10.09 1.17 0.000279845 
10.09 1.175 0.00029197 
10.09 1.18 0.000262949 
10.09 1.185 0.000220525 
10.09 1.19 0.000161449 
10.09 1.195 0.000104019 
10.09 1.2 5.84219e-05 
10.09 1.205 3.08046e-05 
10.09 1.21 1.45258e-05 
10.09 1.215 5.98793e-06 
10.09 1.22 2.04748e-06 
10.09 1.225 6.69481e-07 
10.09 1.23 1.83905e-07 
10.09 1.235 4.63158e-08 
10.09 1.24 1.03657e-08 
10.09 1.245 1.88274e-09 
10.09 1.25 3.38657e-10 
10.1 1.135 6.85225e-08 
10.1 1.14 9.47772e-06 
10.1 1.145 3.91454e-05 
10.1 1.15 7.02979e-05 
10.1 1.155 0.00010615 
10.1 1.16 0.000149174 
10.1 1.165 0.00018575 
10.1 1.17 0.000209826 
10.1 1.175 0.000217856 
10.1 1.18 0.000190552 
10.1 1.185 0.000158801 
10.1 1.19 0.000106783 
10.1 1.195 7.02564e-05 
10.1 1.2 3.89273e-05 
10.1 1.205 1.96064e-05 
10.1 1.21 8.66574e-06 
10.1 1.215 3.56324e-06 
10.1 1.22 1.20188e-06 
10.1 1.225 3.85077e-07 
10.1 1.23 1.02965e-07 
10.1 1.235 2.51425e-08 
10.1 1.24 5.33851e-09 
10.1 1.245 9.57209e-10 
10.1 1.25 1.56745e-10 
10.11 1.135 9.02905e-08 
10.11 1.14 9.17175e-06 
10.11 1.145 3.40017e-05 
10.11 1.15 5.90592e-05 
10.11 1.155 8.88029e-05 
10.11 1.16 0.000120116 
10.11 1.165 0.000146604 
10.11 1.17 0.000158062 
10.11 1.175 0.000164255 
10.11 1.18 0.000140354 
10.11 1.185 0.00010739 
10.11 1.19 7.32226e-05 
10.11 1.195 4.50341e-05 
10.11 1.2 2.54443e-05 
10.11 1.205 1.24807e-05 
10.11 1.21 5.23944e-06 
10.11 1.215 2.0899e-06 
10.11 1.22 6.91566e-07 
10.11 1.225 2.08812e-07 
10.11 1.23 5.57327e-08 
10.11 1.235 1.38953e-08 
10.11 1.24 2.7007e-09 
10.11 1.245 4.95127e-10 
10.12 1.135 1.08095e-07 
10.12 1.14 8.0078e-06 
10.12 1.145 3.01889e-05 
10.12 1.15 4.89202e-05 
10.12 1.155 7.36864e-05 
10.12 1.16 9.30325e-05 
10.12 1.165 0.000117034 
10.12 1.17 0.000119672 
10.12 1.175 0.000118629 
10.12 1.18 9.75941e-05 
10.12 1.185 7.32886e-05 
10.12 1.19 4.81378e-05 
10.12 1.195 2.89907e-05 
10.12 1.2 1.60849e-05 
10.12 1.205 7.49654e-06 
10.12 1.21 3.18342e-06 
10.12 1.215 1.14994e-06 
10.12 1.22 3.98503e-07 
10.12 1.225 1.19878e-07 
10.12 1.23 2.93763e-08 
10.12 1.235 6.8392e-09 
10.12 1.24 1.33405e-09 
10.12 1.245 2.45575e-10 
10.13 1.135 9.46103e-08 
10.13 1.14 7.52352e-06 
10.13 1.145 2.85897e-05 
10.13 1.15 4.23372e-05 
10.13 1.155 5.96202e-05 
10.13 1.16 7.19364e-05 
10.13 1.165 8.32623e-05 
10.13 1.17 8.24732e-05 
10.13 1.175 8.06875e-05 
10.13 1.18 6.30915e-05 
10.13 1.185 4.65662e-05 
10.13 1.19 2.97523e-05 
10.13 1.195 1.8431e-05 
10.13 1.2 9.15652e-06 
10.13 1.205 4.30846e-06 
10.13 1.21 1.80099e-06 
10.13 1.215 6.66521e-07 
10.13 1.22 2.21962e-07 
10.13 1.225 6.12637e-08 
10.13 1.23 1.53878e-08 
10.13 1.235 3.35271e-09 
10.13 1.24 7.05726e-10 
10.13 1.245 1.15416e-10 
10.14 1.135 1.24434e-07 
10.14 1.14 7.19442e-06 
10.14 1.145 2.46079e-05 
10.14 1.15 3.63836e-05 
10.14 1.155 4.80796e-05 
10.14 1.16 5.7738e-05 
10.14 1.165 6.27709e-05 
10.14 1.17 6.18042e-05 
10.14 1.175 5.50349e-05 
10.14 1.18 4.29765e-05 
10.14 1.185 2.98316e-05 
10.14 1.19 1.89462e-05 
10.14 1.195 1.11621e-05 
10.14 1.2 5.40661e-06 
10.14 1.205 2.5724e-06 
10.14 1.21 1.01512e-06 
10.14 1.215 3.66509e-07 
10.14 1.22 1.1799e-07 
10.14 1.225 3.35244e-08 
10.14 1.23 7.94453e-09 
10.14 1.235 1.72604e-09 
10.14 1.24 3.36239e-10 
