#logage PDFlogage age(Gyr) PDF
8.94 1.08119e-08 0.870963 5.39123e-09
8.95 2.11622e-08 0.891251 1.03121e-08
8.96 3.56309e-08 0.912011 1.69672e-08
8.97 4.77744e-08 0.933255 2.22321e-08
8.98 6.73566e-08 0.954992 3.06312e-08
8.99 9.45063e-08 0.977237 4.19996e-08
9 1.32892e-07 1 5.77144e-08
9.01 1.85384e-07 1.02329 7.86787e-08
9.02 2.98104e-07 1.04713 1.23638e-07
9.03 5.22827e-06 1.07152 2.11906e-06
9.04 2.7546e-05 1.09648 1.09105e-05
9.05 5.97328e-05 1.12202 2.31205e-05
9.06 9.99971e-05 1.14815 3.78244e-05
9.07 0.000145014 1.1749 5.36035e-05
9.08 0.000190332 1.20226 6.87537e-05
9.09 0.000237103 1.23027 8.36991e-05
9.1 0.000291233 1.25893 0.000100467
9.11 0.000351614 1.28825 0.000118536
9.12 0.000423389 1.31826 0.000139484
9.13 0.000514988 1.34896 0.000165799
9.14 0.000621733 1.38038 0.000195609
9.15 0.000737243 1.41254 0.000226671
9.16 0.000879044 1.44544 0.000264116
9.17 0.00103871 1.47911 0.000304985
9.18 0.00122737 1.51356 0.000352175
9.19 0.0014477 1.54882 0.000405941
9.2 0.00166641 1.58489 0.000456631
9.21 0.00191119 1.62181 0.000511786
9.22 0.00216952 1.65959 0.000567739
9.23 0.00246047 1.69824 0.000629221
9.24 0.00278237 1.7378 0.000695344
9.25 0.00315703 1.77828 0.000771014
9.26 0.00354559 1.8197 0.000846199
9.27 0.00391865 1.86209 0.000913944
9.28 0.00426564 1.90546 0.000972229
9.29 0.00465936 1.94984 0.00103779
9.3 0.00507365 1.99526 0.00110434
9.31 0.00555064 2.04174 0.00118067
9.32 0.00601984 2.08929 0.00125132
9.33 0.00652412 2.13796 0.00132528
9.34 0.00708331 2.18776 0.00140611
9.35 0.00764131 2.23872 0.00148235
9.36 0.0082507 2.29087 0.00156414
9.37 0.0088343 2.34423 0.00163665
9.38 0.0095329 2.39883 0.00172587
9.39 0.0101176 2.45471 0.00179004
9.4 0.0107314 2.51188 0.00185542
9.41 0.0112845 2.57039 0.00190663
9.42 0.0117374 2.63027 0.00193801
9.43 0.0122935 2.69154 0.00198362
9.44 0.0129036 2.75423 0.00203468
9.45 0.01343 2.81838 0.00206948
9.46 0.0143292 2.88403 0.00215778
9.47 0.0151804 2.95121 0.00223392
9.48 0.0160187 3.01995 0.00230362
9.49 0.0165902 3.09029 0.0023315
9.5 0.0171052 3.16228 0.00234916
9.51 0.0177229 3.23594 0.00237859
9.52 0.0184792 3.31131 0.00242364
9.53 0.0188939 3.38844 0.00242162
9.54 0.0193309 3.46737 0.00242123
9.55 0.0198962 3.54814 0.00243532
9.56 0.0199484 3.63078 0.00238612
9.57 0.020164 3.71535 0.00235701
9.58 0.0205507 3.80189 0.00234753
9.59 0.0210017 3.89045 0.00234443
9.6 0.0210142 3.98108 0.00229243
9.61 0.0208824 4.0738 0.00222621
9.62 0.0209956 4.16869 0.00218732
9.63 0.0212139 4.2658 0.00215975
9.64 0.0209347 4.36515 0.00208282
9.65 0.0206262 4.46683 0.00200542
9.66 0.0204147 4.57088 0.00193967
9.67 0.0202806 4.67735 0.00188306
9.68 0.0198887 4.7863 0.00180464
9.69 0.0195706 4.89778 0.00173535
9.7 0.0190948 5.01187 0.00165463
9.71 0.0184286 5.12861 0.00156055
9.72 0.0180088 5.24808 0.00149028
9.73 0.0176412 5.37031 0.00142664
9.74 0.0172537 5.49541 0.00136354
9.75 0.0167537 5.62341 0.00129388
9.76 0.0159811 5.7544 0.00120612
9.77 0.0152926 5.88844 0.00112788
9.78 0.0146544 6.02559 0.00105621
9.79 0.014066 6.16595 0.000990732
9.8 0.0134426 6.30958 0.000925266
9.81 0.0128004 6.45653 0.000861007
9.82 0.0122728 6.60693 0.000806729
9.83 0.0114661 6.76083 0.000736549
9.84 0.0108027 6.91831 0.000678134
9.85 0.0102474 7.07946 0.000628631
9.86 0.00972891 7.24435 0.000583242
9.87 0.00921258 7.4131 0.000539717
9.88 0.00865107 7.58578 0.000495283
9.89 0.00803274 7.76246 0.000449416
9.9 0.00714197 7.94328 0.000390484
9.91 0.00663147 8.1283 0.000354319
9.92 0.0062447 8.31764 0.000326059
9.93 0.00585598 8.51139 0.000298802
9.94 0.00538266 8.70963 0.000268399
9.95 0.00485735 8.91251 0.000236692
9.96 0.00435183 9.12011 0.000207232
9.97 0.00406022 9.33255 0.000188944
9.98 0.00378267 9.54992 0.000172022
9.99 0.00353861 9.77237 0.000157259
10 0.00328123 10 0.000142502
10.01 0.00301582 10.2329 0.000127994
10.02 0.00276537 10.4713 0.000114693
10.03 0.00250865 10.7152 0.000101678
10.04 0.00224548 10.9648 8.89393e-05
10.05 0.00198731 11.2202 7.6922e-05
10.06 0.00183688 11.4815 6.94809e-05
10.07 0.00169584 11.749 6.26859e-05
10.08 0.00156002 12.0226 5.63528e-05
10.09 0.00141935 12.3027 5.01041e-05
10.1 0.00127271 12.5893 4.39048e-05
10.11 0.00111981 12.8825 3.77508e-05
10.12 0.00100636 13.1826 3.31543e-05
10.13 0.000908726 13.4896 2.92562e-05
10.14 0.000820027 13.8038 2.57996e-05
