#logr logg JPDF
1.588 1.225 1.24906e-10 
1.588 1.23 1.97199e-10 
1.588 1.235 2.4706e-10 
1.588 1.24 2.22743e-10 
1.588 1.245 1.38808e-10 
1.592 1.21 2.81836e-10 
1.592 1.215 1.21004e-09 
1.592 1.22 2.30855e-09 
1.592 1.225 3.36906e-09 
1.592 1.23 4.00364e-09 
1.592 1.235 3.30387e-09 
1.592 1.24 2.23379e-09 
1.592 1.245 1.25757e-09 
1.592 1.25 6.89003e-10 
1.592 1.255 3.44067e-10 
1.592 1.26 1.43378e-10 
1.596 1.195 1.70537e-10 
1.596 1.2 1.12908e-09 
1.596 1.205 6.15724e-09 
1.596 1.21 1.78346e-08 
1.596 1.215 2.92754e-08 
1.596 1.22 4.53863e-08 
1.596 1.225 4.68097e-08 
1.596 1.23 3.96067e-08 
1.596 1.235 2.70407e-08 
1.596 1.24 1.65013e-08 
1.596 1.245 9.94666e-09 
1.596 1.25 5.72889e-09 
1.596 1.255 2.87585e-09 
1.596 1.26 1.15397e-09 
1.596 1.265 1.19984e-10 
1.6 1.185 3.52425e-10 
1.6 1.19 2.61391e-09 
1.6 1.195 2.29045e-08 
1.6 1.2 8.6386e-08 
1.6 1.205 1.78937e-07 
1.6 1.21 3.08275e-07 
1.6 1.215 4.49309e-07 
1.6 1.22 4.54473e-07 
1.6 1.225 3.65262e-07 
1.6 1.23 2.57214e-07 
1.6 1.235 1.78805e-07 
1.6 1.24 1.1947e-07 
1.6 1.245 7.19193e-08 
1.6 1.25 3.86085e-08 
1.6 1.255 1.94944e-08 
1.6 1.26 7.74749e-09 
1.6 1.265 8.09821e-10 
1.604 1.175 4.81723e-10 
1.604 1.18 4.08712e-09 
1.604 1.185 4.57608e-08 
1.604 1.19 2.67547e-07 
1.604 1.195 7.03781e-07 
1.604 1.2 1.43412e-06 
1.604 1.205 2.66047e-06 
1.604 1.21 3.24356e-06 
1.604 1.215 3.05247e-06 
1.604 1.22 2.57409e-06 
1.604 1.225 2.07556e-06 
1.604 1.23 1.54577e-06 
1.604 1.235 1.13245e-06 
1.604 1.24 7.10277e-07 
1.604 1.245 4.1149e-07 
1.604 1.25 2.24987e-07 
1.604 1.255 1.12037e-07 
1.604 1.26 4.85441e-08 
1.604 1.265 5.37308e-09 
1.608 1.165 5.22663e-10 
1.608 1.17 5.14095e-09 
1.608 1.175 5.51384e-08 
1.608 1.18 5.3367e-07 
1.608 1.185 1.87323e-06 
1.608 1.19 4.50958e-06 
1.608 1.195 9.50695e-06 
1.608 1.2 1.47331e-05 
1.608 1.205 1.61429e-05 
1.608 1.21 1.67341e-05 
1.608 1.215 1.50938e-05 
1.608 1.22 1.28054e-05 
1.608 1.225 1.06366e-05 
1.608 1.23 8.12424e-06 
1.608 1.235 5.70456e-06 
1.608 1.24 3.54231e-06 
1.608 1.245 2.01345e-06 
1.608 1.25 1.18297e-06 
1.608 1.255 6.18857e-07 
1.608 1.26 2.44168e-07 
1.608 1.265 2.6869e-08 
1.608 1.27 1.4111e-10 
1.612 1.155 3.21085e-10 
1.612 1.16 4.69199e-09 
1.612 1.165 3.99744e-08 
1.612 1.17 5.8071e-07 
1.612 1.175 3.50935e-06 
1.612 1.18 9.43059e-06 
1.612 1.185 2.18837e-05 
1.612 1.19 4.26002e-05 
1.612 1.195 6.00162e-05 
1.612 1.2 6.94484e-05 
1.612 1.205 7.24815e-05 
1.612 1.21 7.12943e-05 
1.612 1.215 6.61554e-05 
1.612 1.22 5.84696e-05 
1.612 1.225 4.64352e-05 
1.612 1.23 3.41303e-05 
1.612 1.235 2.31981e-05 
1.612 1.24 1.49783e-05 
1.612 1.245 9.69326e-06 
1.612 1.25 5.33469e-06 
1.612 1.255 2.60868e-06 
1.612 1.26 1.05249e-06 
1.612 1.265 1.2777e-07 
1.612 1.27 6.20923e-10 
1.616 1.15 2.49266e-09 
1.616 1.155 3.71494e-08 
1.616 1.16 2.98745e-07 
1.616 1.165 3.62448e-06 
1.616 1.17 1.34483e-05 
1.616 1.175 3.44734e-05 
1.616 1.18 8.17586e-05 
1.616 1.185 0.00014225 
1.616 1.19 0.000188998 
1.616 1.195 0.000228738 
1.616 1.2 0.000248669 
1.616 1.205 0.00026562 
1.616 1.21 0.000262137 
1.616 1.215 0.000239525 
1.616 1.22 0.000209807 
1.616 1.225 0.000167338 
1.616 1.23 0.000122969 
1.616 1.235 9.14268e-05 
1.616 1.24 6.08512e-05 
1.616 1.245 3.47273e-05 
1.616 1.25 1.8686e-05 
1.616 1.255 9.69478e-06 
1.616 1.26 4.00268e-06 
1.616 1.265 4.80474e-07 
1.616 1.27 2.69831e-09 
1.62 1.145 5.72134e-09 
1.62 1.15 1.5313e-07 
1.62 1.155 2.19488e-06 
1.62 1.16 1.28481e-05 
1.62 1.165 3.87313e-05 
1.62 1.17 0.000104818 
1.62 1.175 0.000216016 
1.62 1.18 0.000336435 
1.62 1.185 0.000469377 
1.62 1.19 0.00059691 
1.62 1.195 0.000673307 
1.62 1.2 0.0007702 
1.62 1.205 0.000806925 
1.62 1.21 0.000795078 
1.62 1.215 0.000746198 
1.62 1.22 0.000625734 
1.62 1.225 0.000521271 
1.62 1.23 0.000412797 
1.62 1.235 0.000282115 
1.62 1.24 0.000181593 
1.62 1.245 0.000109078 
1.62 1.25 6.18693e-05 
1.62 1.255 3.05833e-05 
1.62 1.26 1.26797e-05 
1.62 1.265 1.58358e-06 
1.62 1.27 6.29839e-09 
1.624 1.145 4.49161e-07 
1.624 1.15 7.10643e-06 
1.624 1.155 2.9474e-05 
1.624 1.16 8.59714e-05 
1.624 1.165 0.000216101 
1.624 1.17 0.00039472 
1.624 1.175 0.000637407 
1.624 1.18 0.000938925 
1.624 1.185 0.00121081 
1.624 1.19 0.00151753 
1.624 1.195 0.00175441 
1.624 1.2 0.00197775 
1.624 1.205 0.0021025 
1.624 1.21 0.00206542 
1.624 1.215 0.00193395 
1.624 1.22 0.00170411 
1.624 1.225 0.00140031 
1.624 1.23 0.00108086 
1.624 1.235 0.000743649 
1.624 1.24 0.000489003 
1.624 1.245 0.000299893 
1.624 1.25 0.000160584 
1.624 1.255 8.09543e-05 
1.624 1.26 3.46232e-05 
1.624 1.265 4.30008e-06 
1.624 1.27 1.7963e-08 
1.628 1.145 1.01545e-05 
1.628 1.15 4.94082e-05 
1.628 1.155 0.000137643 
1.628 1.16 0.000304125 
1.628 1.165 0.000562696 
1.628 1.17 0.000956091 
1.628 1.175 0.00141811 
1.628 1.18 0.00196498 
1.628 1.185 0.00251486 
1.628 1.19 0.00313162 
1.628 1.195 0.00384534 
1.628 1.2 0.00434699 
1.628 1.205 0.00467143 
1.628 1.21 0.00447962 
1.628 1.215 0.00423961 
1.628 1.22 0.0037534 
1.628 1.225 0.00298209 
1.628 1.23 0.00238795 
1.628 1.235 0.00171173 
1.628 1.24 0.00110664 
1.628 1.245 0.000657626 
1.628 1.25 0.000365884 
1.628 1.255 0.000185977 
1.628 1.26 7.64405e-05 
1.628 1.265 9.86625e-06 
1.628 1.27 4.07709e-08 
1.632 1.14 8.45702e-08 
1.632 1.145 4.75586e-05 
1.632 1.15 0.000156329 
1.632 1.155 0.00033813 
1.632 1.16 0.00065524 
1.632 1.165 0.00112597 
1.632 1.17 0.00173688 
1.632 1.175 0.00253604 
1.632 1.18 0.00334261 
1.632 1.185 0.00460898 
1.632 1.19 0.00600336 
1.632 1.195 0.00718134 
1.632 1.2 0.00807662 
1.632 1.205 0.0085694 
1.632 1.21 0.00857374 
1.632 1.215 0.00807387 
1.632 1.22 0.00712027 
1.632 1.225 0.00573073 
1.632 1.23 0.00451275 
1.632 1.235 0.00316152 
1.632 1.24 0.00197877 
1.632 1.245 0.00123296 
1.632 1.25 0.000683251 
1.632 1.255 0.000332628 
1.632 1.26 0.00014819 
1.632 1.265 1.79784e-05 
1.632 1.27 6.38453e-08 
1.636 1.14 1.01274e-05 
1.636 1.145 0.000120209 
1.636 1.15 0.000302496 
1.636 1.155 0.000580698 
1.636 1.16 0.00102464 
1.636 1.165 0.00164623 
1.636 1.17 0.00248861 
1.636 1.175 0.00357671 
1.636 1.18 0.00533448 
1.636 1.185 0.00720605 
1.636 1.19 0.00915969 
1.636 1.195 0.0107031 
1.636 1.2 0.0121168 
1.636 1.205 0.0129347 
1.636 1.21 0.0137099 
1.636 1.215 0.0126634 
1.636 1.22 0.0111964 
1.636 1.225 0.00892414 
1.636 1.23 0.00700906 
1.636 1.235 0.00483 
1.636 1.24 0.00324494 
1.636 1.245 0.00189782 
1.636 1.25 0.00104161 
1.636 1.255 0.000527706 
1.636 1.26 0.000217931 
1.636 1.265 2.76004e-05 
1.636 1.27 1.47795e-07 
1.64 1.14 2.34602e-05 
1.64 1.145 0.000179063 
1.64 1.15 0.000400852 
1.64 1.155 0.000751971 
1.64 1.16 0.00122856 
1.64 1.165 0.00196802 
1.64 1.17 0.0031195 
1.64 1.175 0.0048199 
1.64 1.18 0.00675815 
1.64 1.185 0.00900775 
1.64 1.19 0.0114149 
1.64 1.195 0.0136967 
1.64 1.2 0.0159028 
1.64 1.205 0.0174227 
1.64 1.21 0.0174035 
1.64 1.215 0.016019 
1.64 1.22 0.0139983 
1.64 1.225 0.0117113 
1.64 1.23 0.00876188 
1.64 1.235 0.00623819 
1.64 1.24 0.00403983 
1.64 1.245 0.00246651 
1.64 1.25 0.00131004 
1.64 1.255 0.000665817 
1.64 1.26 0.000276645 
1.64 1.265 3.75359e-05 
1.64 1.27 1.87858e-07 
1.644 1.135 9.29274e-08 
1.644 1.14 2.83493e-05 
1.644 1.145 0.000198618 
1.644 1.15 0.000419328 
1.644 1.155 0.000717664 
1.644 1.16 0.00126115 
1.644 1.165 0.00205636 
1.644 1.17 0.00328649 
1.644 1.175 0.00482886 
1.644 1.18 0.0069349 
1.644 1.185 0.00902331 
1.644 1.19 0.012027 
1.644 1.195 0.014832 
1.644 1.2 0.0166914 
1.644 1.205 0.0182751 
1.644 1.21 0.0176709 
1.644 1.215 0.0168112 
1.644 1.22 0.0153537 
1.644 1.225 0.0121606 
1.644 1.23 0.00924541 
1.644 1.235 0.00657651 
1.644 1.24 0.00419737 
1.644 1.245 0.00244085 
1.644 1.25 0.0013587 
1.644 1.255 0.0006871 
1.644 1.26 0.00029209 
1.644 1.265 3.89695e-05 
1.644 1.27 1.96509e-07 
1.648 1.135 1.03916e-07 
1.648 1.14 2.39532e-05 
1.648 1.145 0.000158436 
1.648 1.15 0.000331137 
1.648 1.155 0.000603308 
1.648 1.16 0.00103545 
1.648 1.165 0.00174667 
1.648 1.17 0.00270244 
1.648 1.175 0.00416646 
1.648 1.18 0.00586737 
1.648 1.185 0.00830383 
1.648 1.19 0.0105788 
1.648 1.195 0.0125401 
1.648 1.2 0.014447 
1.648 1.205 0.0153304 
1.648 1.21 0.0154101 
1.648 1.215 0.0148448 
1.648 1.22 0.0124353 
1.648 1.225 0.0102834 
1.648 1.23 0.00793775 
1.648 1.235 0.00552712 
1.648 1.24 0.0035194 
1.648 1.245 0.00208645 
1.648 1.25 0.00116325 
1.648 1.255 0.000571881 
1.648 1.26 0.00024857 
1.648 1.265 3.50243e-05 
1.648 1.27 1.74895e-07 
1.652 1.135 7.86798e-08 
1.652 1.14 1.60921e-05 
1.652 1.145 0.000107415 
1.652 1.15 0.000227803 
1.652 1.155 0.000414023 
1.652 1.16 0.000719962 
1.652 1.165 0.00117472 
1.652 1.17 0.00187018 
1.652 1.175 0.00281525 
1.652 1.18 0.00427127 
1.652 1.185 0.00581296 
1.652 1.19 0.00717305 
1.652 1.195 0.00872287 
1.652 1.2 0.0100907 
1.652 1.205 0.0107729 
1.652 1.21 0.0107941 
1.652 1.215 0.00997179 
1.652 1.22 0.00899264 
1.652 1.225 0.00728469 
1.652 1.23 0.00538419 
1.652 1.235 0.00376807 
1.652 1.24 0.00241899 
1.652 1.245 0.00145287 
1.652 1.25 0.000787523 
1.652 1.255 0.000406038 
1.652 1.26 0.000179331 
1.652 1.265 2.42624e-05 
1.652 1.27 1.42764e-07 
1.656 1.135 3.95505e-08 
1.656 1.14 9.05055e-06 
1.656 1.145 5.87245e-05 
1.656 1.15 0.00012532 
1.656 1.155 0.000230922 
1.656 1.16 0.00040529 
1.656 1.165 0.00067704 
1.656 1.17 0.00107699 
1.656 1.175 0.00174417 
1.656 1.18 0.00242093 
1.656 1.185 0.00309428 
1.656 1.19 0.00412123 
1.656 1.195 0.00496419 
1.656 1.2 0.00558943 
1.656 1.205 0.00596334 
1.656 1.21 0.00596108 
1.656 1.215 0.00582782 
1.656 1.22 0.004942 
1.656 1.225 0.00404142 
1.656 1.23 0.00304655 
1.656 1.235 0.00207661 
1.656 1.24 0.00135032 
1.656 1.245 0.000823265 
1.656 1.25 0.000446142 
1.656 1.255 0.00022924 
1.656 1.26 9.84476e-05 
1.656 1.265 1.33404e-05 
1.656 1.27 7.63533e-08 
1.66 1.135 1.17237e-08 
1.66 1.14 3.55104e-06 
1.66 1.145 2.63009e-05 
1.66 1.15 5.64785e-05 
1.66 1.155 0.000100732 
1.66 1.16 0.000182432 
1.66 1.165 0.000308931 
1.66 1.17 0.000495601 
1.66 1.175 0.000748667 
1.66 1.18 0.00104778 
1.66 1.185 0.00147357 
1.66 1.19 0.00186217 
1.66 1.195 0.0022091 
1.66 1.2 0.00258004 
1.66 1.205 0.00270774 
1.66 1.21 0.00275472 
1.66 1.215 0.00255717 
1.66 1.22 0.00222096 
1.66 1.225 0.00183255 
1.66 1.23 0.00132034 
1.66 1.235 0.000958279 
1.66 1.24 0.000612455 
1.66 1.245 0.00036383 
1.66 1.25 0.000204821 
1.66 1.255 0.000103803 
1.66 1.26 4.39885e-05 
1.66 1.265 6.24957e-06 
1.66 1.27 3.03996e-08 
1.664 1.135 3.93693e-09 
1.664 1.14 1.35295e-06 
1.664 1.145 9.60767e-06 
1.664 1.15 1.96261e-05 
1.664 1.155 3.83391e-05 
1.664 1.16 6.53017e-05 
1.664 1.165 0.000111693 
1.664 1.17 0.000171962 
1.664 1.175 0.00026975 
1.664 1.18 0.000402601 
1.664 1.185 0.000511579 
1.664 1.19 0.000680365 
1.664 1.195 0.000794647 
1.664 1.2 0.000909615 
1.664 1.205 0.000976572 
1.664 1.21 0.000995792 
1.664 1.215 0.000910463 
1.664 1.22 0.00080858 
1.664 1.225 0.000639392 
1.664 1.23 0.000478463 
1.664 1.235 0.000339778 
1.664 1.24 0.000214539 
1.664 1.245 0.000129958 
1.664 1.25 7.22943e-05 
1.664 1.255 3.65798e-05 
1.664 1.26 1.58229e-05 
1.664 1.265 2.4349e-06 
1.664 1.27 1.28291e-08 
1.668 1.135 1.70751e-09 
1.668 1.14 3.54503e-07 
1.668 1.145 2.58442e-06 
1.668 1.15 5.79658e-06 
1.668 1.155 1.09726e-05 
1.668 1.16 1.91331e-05 
1.668 1.165 3.21854e-05 
1.668 1.17 5.16567e-05 
1.668 1.175 7.84503e-05 
1.668 1.18 0.000107479 
1.668 1.185 0.000152776 
1.668 1.19 0.000190405 
1.668 1.195 0.000224397 
1.668 1.2 0.000267151 
1.668 1.205 0.000281317 
1.668 1.21 0.000287473 
1.668 1.215 0.000262912 
1.668 1.22 0.000223935 
1.668 1.225 0.000188238 
1.668 1.23 0.000134416 
1.668 1.235 9.63727e-05 
1.668 1.24 6.30051e-05 
1.668 1.245 3.7332e-05 
1.668 1.25 2.10704e-05 
1.668 1.255 1.02487e-05 
1.668 1.26 4.51382e-06 
1.668 1.265 7.091e-07 
1.668 1.27 4.49441e-09 
1.672 1.135 2.77838e-10 
1.672 1.14 7.47902e-08 
1.672 1.145 6.1985e-07 
1.672 1.15 1.36583e-06 
1.672 1.155 2.5111e-06 
1.672 1.16 4.37401e-06 
1.672 1.165 7.51652e-06 
1.672 1.17 1.14002e-05 
1.672 1.175 1.78416e-05 
1.672 1.18 2.50892e-05 
1.672 1.185 3.39204e-05 
1.672 1.19 4.26761e-05 
1.672 1.195 5.31896e-05 
1.672 1.2 5.79333e-05 
1.672 1.205 6.48139e-05 
1.672 1.21 6.36506e-05 
1.672 1.215 5.99049e-05 
1.672 1.22 5.11428e-05 
1.672 1.225 4.06229e-05 
1.672 1.23 3.07565e-05 
1.672 1.235 2.16532e-05 
1.672 1.24 1.39072e-05 
1.672 1.245 8.4688e-06 
1.672 1.25 4.61229e-06 
1.672 1.255 2.37478e-06 
1.672 1.26 1.00612e-06 
1.672 1.265 1.49639e-07 
1.672 1.27 9.41905e-10 
1.676 1.14 1.24706e-08 
1.676 1.145 1.09122e-07 
1.676 1.15 2.41342e-07 
1.676 1.155 4.4008e-07 
1.676 1.16 7.76093e-07 
1.676 1.165 1.26073e-06 
1.676 1.17 2.09577e-06 
1.676 1.175 2.99969e-06 
1.676 1.18 4.25569e-06 
1.676 1.185 6.0456e-06 
1.676 1.19 7.70786e-06 
1.676 1.195 9.37793e-06 
1.676 1.2 1.06296e-05 
1.676 1.205 1.12698e-05 
1.676 1.21 1.14242e-05 
1.676 1.215 1.02561e-05 
1.676 1.22 9.16213e-06 
1.676 1.225 7.17834e-06 
1.676 1.23 5.34897e-06 
1.676 1.235 3.78935e-06 
1.676 1.24 2.47738e-06 
1.676 1.245 1.48141e-06 
1.676 1.25 8.47546e-07 
1.676 1.255 4.06977e-07 
1.676 1.26 1.74334e-07 
1.676 1.265 2.6388e-08 
1.676 1.27 1.99365e-10 
1.68 1.14 1.94089e-09 
1.68 1.145 1.52654e-08 
1.68 1.15 3.22085e-08 
1.68 1.155 6.06557e-08 
1.68 1.16 1.07613e-07 
1.68 1.165 1.77057e-07 
1.68 1.17 2.71123e-07 
1.68 1.175 4.40338e-07 
1.68 1.18 6.27526e-07 
1.68 1.185 8.32725e-07 
1.68 1.19 1.04949e-06 
1.68 1.195 1.30119e-06 
1.68 1.2 1.44372e-06 
1.68 1.205 1.55478e-06 
1.68 1.21 1.54851e-06 
1.68 1.215 1.46543e-06 
1.68 1.22 1.2089e-06 
1.68 1.225 9.73856e-07 
1.68 1.23 7.41065e-07 
1.68 1.235 5.13666e-07 
1.68 1.24 3.47277e-07 
1.68 1.245 2.06315e-07 
1.68 1.25 1.10389e-07 
1.68 1.255 5.35132e-08 
1.68 1.26 2.36139e-08 
1.68 1.265 3.98494e-09 
1.684 1.14 1.96889e-10 
1.684 1.145 1.56069e-09 
1.684 1.15 3.55719e-09 
1.684 1.155 6.53347e-09 
1.684 1.16 1.13155e-08 
1.684 1.165 1.83198e-08 
1.684 1.17 3.17835e-08 
1.684 1.175 4.70614e-08 
1.684 1.18 6.58836e-08 
1.684 1.185 8.82588e-08 
1.684 1.19 1.13006e-07 
1.684 1.195 1.36287e-07 
1.684 1.2 1.53143e-07 
1.684 1.205 1.67437e-07 
1.684 1.21 1.60769e-07 
1.684 1.215 1.49988e-07 
1.684 1.22 1.29425e-07 
1.684 1.225 1.007e-07 
1.684 1.23 7.86124e-08 
1.684 1.235 5.77514e-08 
1.684 1.24 3.63331e-08 
1.684 1.245 2.07563e-08 
1.684 1.25 1.14795e-08 
1.684 1.255 5.73082e-09 
1.684 1.26 2.47531e-09 
1.684 1.265 4.0165e-10 
1.688 1.145 1.33601e-10 
1.688 1.15 2.94934e-10 
1.688 1.155 5.17464e-10 
1.688 1.16 9.40165e-10 
1.688 1.165 1.59484e-09 
1.688 1.17 2.5893e-09 
1.688 1.175 3.79322e-09 
1.688 1.18 5.19241e-09 
1.688 1.185 7.34302e-09 
1.688 1.19 9.47596e-09 
1.688 1.195 1.123e-08 
1.688 1.2 1.2337e-08 
1.688 1.205 1.31332e-08 
1.688 1.21 1.37981e-08 
1.688 1.215 1.24214e-08 
1.688 1.22 1.00241e-08 
1.688 1.225 8.67815e-09 
1.688 1.23 6.31399e-09 
1.688 1.235 4.53114e-09 
1.688 1.24 2.93741e-09 
1.688 1.245 1.60849e-09 
1.688 1.25 9.36804e-10 
1.688 1.255 4.60943e-10 
1.688 1.26 2.0197e-10 
1.692 1.17 1.6037e-10 
1.692 1.175 2.3404e-10 
1.692 1.18 3.35872e-10 
1.692 1.185 4.38885e-10 
1.692 1.19 5.7728e-10 
1.692 1.195 7.04744e-10 
1.692 1.2 7.5246e-10 
1.692 1.205 8.366e-10 
1.692 1.21 8.04545e-10 
1.692 1.215 7.487e-10 
1.692 1.22 6.45366e-10 
1.692 1.225 5.40625e-10 
1.692 1.23 4.09449e-10 
1.692 1.235 2.82033e-10 
1.692 1.24 1.72784e-10 
1.692 1.245 1.01825e-10 
