#logr logg JPDF
1.62 1.145 2.01453e-05 
1.624 1.145 0.000559332 
1.628 1.145 0.00891303 
1.632 1.14 5.13219e-05 
1.632 1.145 0.0452214 
1.636 1.14 0.0117753 
1.636 1.145 0.130898 
1.64 1.14 0.0284881 
1.64 1.145 0.175313 
1.644 1.135 4.5291e-05 
1.644 1.14 0.0283268 
1.644 1.145 0.189856 
1.648 1.135 7.48968e-05 
1.648 1.14 0.0233487 
1.648 1.145 0.148913 
1.652 1.135 6.96899e-05 
1.652 1.14 0.014661 
1.652 1.145 0.0973648 
1.656 1.135 2.69213e-05 
1.656 1.14 0.00744622 
1.656 1.145 0.0510288 
1.66 1.135 1.26096e-05 
1.66 1.14 0.00269681 
1.66 1.145 0.0230197 
1.664 1.135 2.79107e-06 
1.664 1.14 0.00111894 
1.664 1.145 0.00786035 
1.668 1.135 1.0069e-06 
1.668 1.14 0.000275425 
1.668 1.145 0.00197768 
1.672 1.135 1.56464e-07 
1.672 1.14 4.82703e-05 
1.672 1.145 0.000483927 
1.676 1.135 1.44325e-08 
1.676 1.14 7.95549e-06 
1.676 1.145 7.95379e-05 
1.68 1.135 2.36741e-09 
1.68 1.14 1.12305e-06 
1.68 1.145 1.07679e-05 
1.684 1.135 2.23026e-10 
1.684 1.14 1.19614e-07 
1.684 1.145 1.00731e-06 
1.688 1.14 9.74979e-09 
1.688 1.145 8.3563e-08 
1.692 1.14 5.46768e-10 
1.692 1.145 5.20034e-09 
1.696 1.145 2.26151e-10 
