#logage PDFlogage age(Gyr) PDF
8.93 1.72746e-08 0.851139 8.81437e-09
8.94 8.50216e-08 0.870963 4.23949e-08
8.95 2.93312e-07 0.891251 1.42927e-07
8.96 8.59179e-07 0.912011 4.09136e-07
8.97 2.60187e-06 0.933255 1.21079e-06
8.98 3.24559e-06 0.954992 1.47598e-06
8.99 3.88789e-06 0.977237 1.72782e-06
9 5.36427e-06 1 2.32967e-06
9.01 1.22992e-05 1.02329 5.21987e-06
9.02 3.21364e-05 1.04713 1.33285e-05
9.03 7.99956e-05 1.07152 3.24228e-05
9.04 0.000177086 1.09648 7.01404e-05
9.05 0.000344711 1.12202 0.000133426
9.06 0.000574994 1.14815 0.000217495
9.07 0.000834987 1.1749 0.000308649
9.08 0.00108358 1.20226 0.000391424
9.09 0.00129397 1.23027 0.000456782
9.1 0.00145621 1.25893 0.000502352
9.11 0.00162332 1.28825 0.000547253
9.12 0.00181526 1.31826 0.000598031
9.13 0.00205976 1.34896 0.000663135
9.14 0.00232175 1.38038 0.000730466
9.15 0.00261094 1.41254 0.000802751
9.16 0.00292235 1.44544 0.000878045
9.17 0.00323726 1.47911 0.000950522
9.18 0.00350127 1.51356 0.00100464
9.19 0.00384116 1.54882 0.00107708
9.2 0.0041945 1.58489 0.00114938
9.21 0.00457779 1.62181 0.00122586
9.22 0.00494577 1.65959 0.00129425
9.23 0.00532045 1.69824 0.00136061
9.24 0.00570229 1.7378 0.00142506
9.25 0.00613046 1.77828 0.00149719
9.26 0.00656401 1.8197 0.00156658
9.27 0.00696158 1.86209 0.00162365
9.28 0.00734987 1.90546 0.00167519
9.29 0.00769491 1.94984 0.00171391
9.3 0.00801899 1.99526 0.00174543
9.31 0.00835544 2.04174 0.00177727
9.32 0.00869431 2.08929 0.00180726
9.33 0.00905149 2.13796 0.00183867
9.34 0.00944486 2.18776 0.00187491
9.35 0.00979069 2.23872 0.00189932
9.36 0.0102107 2.29087 0.00193571
9.37 0.0106183 2.34423 0.00196717
9.38 0.0110129 2.39883 0.00199382
9.39 0.0113212 2.45471 0.00200299
9.4 0.0115702 2.51188 0.00200044
9.41 0.0118624 2.57039 0.00200427
9.42 0.0119816 2.63027 0.00197834
9.43 0.0121874 2.69154 0.0019665
9.44 0.0125798 2.75423 0.00198361
9.45 0.012804 2.81838 0.00197302
9.46 0.0131824 2.88403 0.00198508
9.47 0.0136636 2.95121 0.00201071
9.48 0.0141111 3.01995 0.00202929
9.49 0.0143011 3.09029 0.00200981
9.5 0.0146464 3.16228 0.00201148
9.51 0.0148191 3.23594 0.00198887
9.52 0.0151288 3.31131 0.00198421
9.53 0.015385 3.38844 0.00197189
9.54 0.0154905 3.46737 0.00194021
9.55 0.0156288 3.54814 0.00191297
9.56 0.0156927 3.63078 0.00187708
9.57 0.0157454 3.71535 0.00184051
9.58 0.0158494 3.80189 0.00181049
9.59 0.0159946 3.89045 0.00178549
9.6 0.0159866 3.98108 0.00174398
9.61 0.015814 4.0738 0.00168588
9.62 0.0157988 4.16869 0.00164592
9.63 0.0159085 4.2658 0.00161962
9.64 0.0157993 4.36515 0.00157189
9.65 0.015646 4.46683 0.0015212
9.66 0.015517 4.57088 0.00147432
9.67 0.0154428 4.67735 0.00143387
9.68 0.0152385 4.7863 0.0013827
9.69 0.0150314 4.89778 0.00133286
9.7 0.0148112 5.01187 0.00128344
9.71 0.0144339 5.12861 0.00122227
9.72 0.0141913 5.24808 0.00117437
9.73 0.01397 5.37031 0.00112974
9.74 0.0138084 5.49541 0.00109126
9.75 0.0135687 5.62341 0.00104791
9.76 0.013222 5.7544 0.000997885
9.77 0.0128501 5.88844 0.00094774
9.78 0.0125334 6.02559 0.000903348
9.79 0.0122075 6.16595 0.000859828
9.8 0.0118589 6.30958 0.000816257
9.81 0.011399 6.45653 0.000766743
9.82 0.0111599 6.60693 0.000733573
9.83 0.0108383 6.76083 0.000696219
9.84 0.010538 6.91831 0.000661517
9.85 0.0101252 7.07946 0.00062114
9.86 0.00978313 7.24435 0.000586492
9.87 0.00953861 7.4131 0.000558817
9.88 0.00926518 7.58578 0.000530442
9.89 0.00882823 7.76246 0.000493922
9.9 0.00823401 7.94328 0.00045019
9.91 0.00793134 8.1283 0.000423771
9.92 0.00772264 8.31764 0.000403228
9.93 0.00749798 8.51139 0.000382585
9.94 0.00725014 8.70963 0.000361519
9.95 0.00696034 8.91251 0.000339168
9.96 0.00673743 9.12011 0.000320833
9.97 0.00655423 9.33255 0.000305004
9.98 0.00633679 9.54992 0.000288173
9.99 0.00597778 9.77237 0.000265659
10 0.00573041 10 0.000248869
10.01 0.00548767 10.2329 0.000232901
10.02 0.0052723 10.4713 0.000218667
10.03 0.00513988 10.7152 0.000208323
10.04 0.00499439 10.9648 0.000197819
10.05 0.00481419 11.2202 0.000186341
10.06 0.00458959 11.4815 0.000173604
10.07 0.00423522 11.749 0.000156553
10.08 0.00404486 12.0226 0.000146113
10.09 0.00384881 12.3027 0.000135866
10.1 0.00371747 12.5893 0.000128242
10.11 0.0035509 12.8825 0.000119708
10.12 0.00343083 13.1826 0.000113027
10.13 0.00329524 13.4896 0.000106089
10.14 0.0031076 13.8038 9.77709e-05
