#logage PDFlogage age(Gyr) PDF
8.93 1.60578e-08 0.851139 8.1935e-09
8.94 1.22e-07 0.870963 6.08336e-08
8.95 6.2738e-07 0.891251 3.05714e-07
8.96 2.94986e-06 0.912011 1.40471e-06
8.97 2.78933e-05 0.933255 1.29803e-05
8.98 4.542e-05 0.954992 2.06553e-05
8.99 5.17455e-05 0.977237 2.29963e-05
9 6.04321e-05 1 2.62453e-05
9.01 7.36883e-05 1.02329 3.12739e-05
9.02 9.82137e-05 1.04713 4.07339e-05
9.03 0.000145965 1.07152 5.91608e-05
9.04 0.000254097 1.09648 0.000100643
9.05 0.000494205 1.12202 0.00019129
9.06 0.000967606 1.14815 0.000366002
9.07 0.00173707 1.1749 0.000642098
9.08 0.00283232 1.20226 0.00102312
9.09 0.00400116 1.23027 0.00141244
9.1 0.00472829 1.25893 0.00163113
9.11 0.00521903 1.28825 0.00175944
9.12 0.0056723 1.31826 0.00186872
9.13 0.00621668 1.34896 0.00200144
9.14 0.006804 1.38038 0.00214067
9.15 0.00763116 1.41254 0.00234625
9.16 0.00837423 1.44544 0.00251611
9.17 0.00906023 1.47911 0.00266026
9.18 0.00934553 1.51356 0.00268156
9.19 0.00976769 1.54882 0.0027389
9.2 0.0101669 1.58489 0.00278595
9.21 0.0107328 1.62181 0.00287406
9.22 0.011326 1.65959 0.00296389
9.23 0.011919 1.69824 0.00304808
9.24 0.0124553 1.7378 0.00311272
9.25 0.0130118 1.77828 0.00317776
9.26 0.0136125 1.8197 0.00324878
9.27 0.0140928 1.86209 0.00328685
9.28 0.014521 1.90546 0.00330964
9.29 0.0148765 1.94984 0.00331349
9.3 0.0151641 1.99526 0.00330065
9.31 0.0153958 2.04174 0.00327481
9.32 0.0155293 2.08929 0.00322803
9.33 0.0156502 2.13796 0.00317909
9.34 0.015875 2.18776 0.00315136
9.35 0.0160522 2.23872 0.003114
9.36 0.0162691 2.29087 0.00308423
9.37 0.0164572 2.34423 0.00304888
9.38 0.0166165 2.39883 0.00300832
9.39 0.0165078 2.45471 0.00292062
9.4 0.0163331 2.51188 0.00282393
9.41 0.016382 2.57039 0.00276791
9.42 0.0161053 2.63027 0.00265922
9.43 0.0160072 2.69154 0.00258286
9.44 0.0161958 2.75423 0.0025538
9.45 0.0161277 2.81838 0.00248518
9.46 0.0161675 2.88403 0.0024346
9.47 0.016282 2.95121 0.00239603
9.48 0.0164003 3.01995 0.0023585
9.49 0.0161517 3.09029 0.00226989
9.5 0.0161759 3.16228 0.00222153
9.51 0.0159728 3.23594 0.0021437
9.52 0.015819 3.31131 0.00207473
9.53 0.0157204 3.38844 0.00201488
9.54 0.0155283 3.46737 0.00194495
9.55 0.0153054 3.54814 0.00187339
9.56 0.0150413 3.63078 0.00179917
9.57 0.0147354 3.71535 0.00172244
9.58 0.0144726 3.80189 0.00165322
9.59 0.014247 3.89045 0.0015904
9.6 0.0139629 3.98108 0.0015232
9.61 0.0135249 4.0738 0.00144184
9.62 0.0131894 4.16869 0.00137407
9.63 0.0129307 4.2658 0.00131645
9.64 0.0126029 4.36515 0.00125388
9.65 0.012265 4.46683 0.00119248
9.66 0.0119002 4.57088 0.00113068
9.67 0.0115064 4.67735 0.00106838
9.68 0.0111059 4.7863 0.00100771
9.69 0.0107234 4.89778 0.00095086
9.7 0.0103468 5.01187 0.000896582
9.71 0.00990146 5.12861 0.000838462
9.72 0.00946059 5.24808 0.000782893
9.73 0.00903969 5.37031 0.000731035
9.74 0.00869326 5.49541 0.000687017
9.75 0.00836001 5.62341 0.000645641
9.76 0.00802108 5.7544 0.000605365
9.77 0.00763304 5.88844 0.000562965
9.78 0.00725542 6.02559 0.000522934
9.79 0.00693837 6.16595 0.000488699
9.8 0.0065865 6.30958 0.000453355
9.81 0.00621699 6.45653 0.000418182
9.82 0.0059289 6.60693 0.000389726
9.83 0.00565108 6.76083 0.000363008
9.84 0.0053944 6.91831 0.000338631
9.85 0.00507272 7.07946 0.00031119
9.86 0.00476191 7.24435 0.000285473
9.87 0.00456171 7.4131 0.000267247
9.88 0.00436511 7.58578 0.000249908
9.89 0.00406776 7.76246 0.000227583
9.9 0.00373535 7.94328 0.000204229
9.91 0.00351942 8.1283 0.000188042
9.92 0.00335261 8.31764 0.000175052
9.93 0.00320852 8.51139 0.000163715
9.94 0.00303995 8.70963 0.000151583
9.95 0.00286727 8.91251 0.000139718
9.96 0.00272498 9.12011 0.000129762
9.97 0.00260724 9.33255 0.000121329
9.98 0.00247516 9.54992 0.000112561
9.99 0.00235823 9.77237 0.000104802
10 0.0022478 10 9.76206e-05
10.01 0.00210398 10.2329 8.92946e-05
10.02 0.0020033 10.4713 8.30862e-05
10.03 0.0019286 10.7152 7.81677e-05
10.04 0.00185788 10.9648 7.35871e-05
10.05 0.00178012 11.2202 6.89022e-05
10.06 0.00167824 11.4815 6.34803e-05
10.07 0.00146894 11.749 5.42984e-05
10.08 0.00138186 12.0226 4.99171e-05
10.09 0.00130403 12.3027 4.60332e-05
10.1 0.00121183 12.5893 4.18047e-05
10.11 0.00111335 12.8825 3.75333e-05
10.12 0.00107562 13.1826 3.54358e-05
10.13 0.0010205 13.4896 3.28546e-05
10.14 0.000951686 13.8038 2.99419e-05
