#logage PDFlogage age(Gyr) PDF
9.05 8.65776e-08 1.12202 3.35112e-08
9.06 3.65661e-07 1.14815 1.38313e-07
9.07 6.90733e-07 1.1749 2.55326e-07
9.08 1.00973e-06 1.20226 3.64744e-07
9.09 1.35242e-06 1.23027 4.77415e-07
9.1 1.7557e-06 1.25893 6.05669e-07
9.11 2.26419e-06 1.28825 7.63305e-07
9.12 2.92529e-06 1.31826 9.63727e-07
9.13 3.75255e-06 1.34896 1.20812e-06
9.14 4.83853e-06 1.38038 1.52229e-06
9.15 6.17215e-06 1.41254 1.89767e-06
9.16 7.7923e-06 1.44544 2.34126e-06
9.17 9.8318e-06 1.47911 2.8868e-06
9.18 1.24452e-05 1.51356 3.57096e-06
9.19 1.56825e-05 1.54882 4.39745e-06
9.2 1.90466e-05 1.58489 5.21919e-06
9.21 2.31253e-05 1.62181 6.19258e-06
9.22 2.78223e-05 1.65959 7.28076e-06
9.23 3.3615e-05 1.69824 8.59641e-06
9.24 4.00609e-05 1.7378 1.00116e-05
9.25 4.87313e-05 1.77828 1.19013e-05
9.26 5.86099e-05 1.8197 1.3988e-05
9.27 6.79478e-05 1.86209 1.58474e-05
9.28 7.81525e-05 1.90546 1.78126e-05
9.29 9.08308e-05 1.94984 2.0231e-05
9.3 0.000105194 1.99526 2.28969e-05
9.31 0.000123048 2.04174 2.61734e-05
9.32 0.000141817 2.08929 2.9479e-05
9.33 0.000164826 2.13796 3.34819e-05
9.34 0.000189913 2.18776 3.76997e-05
9.35 0.000217614 2.23872 4.22154e-05
9.36 0.000251306 2.29087 4.76417e-05
9.37 0.000283245 2.34423 5.24743e-05
9.38 0.000323895 2.39883 5.86392e-05
9.39 0.000369653 2.45471 6.54002e-05
9.4 0.000418903 2.51188 7.24266e-05
9.41 0.000469651 2.57039 7.93523e-05
9.42 0.000528299 2.63027 8.72297e-05
9.43 0.000588022 2.69154 9.48807e-05
9.44 0.000660462 2.75423 0.000104144
9.45 0.000744684 2.81838 0.000114751
9.46 0.000848106 2.88403 0.000127713
9.47 0.000954331 2.95121 0.000140438
9.48 0.00106802 3.01995 0.000153591
9.49 0.0011916 3.09029 0.000167462
9.5 0.00132982 3.16228 0.000182632
9.51 0.00148123 3.23594 0.000198796
9.52 0.00163304 3.31131 0.000214181
9.53 0.00180792 3.38844 0.00023172
9.54 0.00200071 3.46737 0.000250593
9.55 0.00217711 3.54814 0.000266479
9.56 0.00240794 3.63078 0.000288025
9.57 0.00263891 3.71535 0.000308468
9.58 0.00287983 3.80189 0.000328966
9.59 0.00315159 3.89045 0.000351814
9.6 0.00342536 3.98108 0.000373671
9.61 0.00371315 4.0738 0.000395847
9.62 0.00402597 4.16869 0.000419425
9.63 0.00438635 4.2658 0.000446567
9.64 0.00472206 4.36515 0.000469804
9.65 0.0050862 4.46683 0.000494514
9.66 0.00546927 4.57088 0.000519654
9.67 0.00591622 4.67735 0.000549324
9.68 0.0063377 4.7863 0.000575063
9.69 0.00677085 4.89778 0.000600382
9.7 0.00725586 5.01187 0.000628743
9.71 0.00773143 5.12861 0.000654703
9.72 0.00823342 5.24808 0.00068134
9.73 0.00874175 5.37031 0.000706941
9.74 0.00929881 5.49541 0.000734873
9.75 0.00988871 5.62341 0.000763702
9.76 0.0104077 5.7544 0.000785489
9.77 0.0109627 5.88844 0.000808537
9.78 0.0114685 6.02559 0.000826589
9.79 0.0120769 6.16595 0.00085063
9.8 0.0126661 6.30958 0.000871818
9.81 0.0132648 6.45653 0.000892247
9.82 0.0138933 6.60693 0.000913252
9.83 0.0145582 6.76083 0.000935173
9.84 0.0151707 6.91831 0.000952336
9.85 0.0158317 7.07946 0.000971207
9.86 0.0164775 7.24435 0.000987819
9.87 0.0171346 7.4131 0.00100382
9.88 0.0177833 7.58578 0.00101811
9.89 0.0184258 7.76246 0.00103089
9.9 0.0190225 7.94328 0.00104004
9.91 0.0197086 8.1283 0.00105303
9.92 0.0204866 8.31764 0.00106968
9.93 0.0212318 8.51139 0.00108336
9.94 0.0219224 8.70963 0.00109313
9.95 0.022638 8.91251 0.00110312
9.96 0.023592 9.12011 0.00112344
9.97 0.0244795 9.33255 0.00113916
9.98 0.0250952 9.54992 0.00114124
9.99 0.0256911 9.77237 0.00114174
10 0.0265931 10 0.00115493
10.01 0.0276034 10.2329 0.00117151
10.02 0.0281944 10.4713 0.00116936
10.03 0.0286469 10.7152 0.00116108
10.04 0.0286165 10.9648 0.00113344
10.05 0.0287113 11.2202 0.00111132
10.06 0.0291439 11.4815 0.00110238
10.07 0.029444 11.749 0.00108838
10.08 0.029873 12.0226 0.0010791
10.09 0.0303601 12.3027 0.00107174
10.1 0.0307326 12.5893 0.00106019
10.11 0.0309695 12.8825 0.00104404
10.12 0.0311044 13.1826 0.00102472
10.13 0.0315157 13.4896 0.00101464
10.14 0.031789 13.8038 0.00100014
