#logr logg JPDF
1.592 1.26 1.00376e-10 
1.592 1.265 1.03482e-10 
1.592 1.27 1.0369e-10 
1.592 1.275 1.06327e-10 
1.592 1.28 1.0709e-10 
1.592 1.285 1.07741e-10 
1.592 1.29 1.06038e-10 
1.592 1.295 1.12702e-10 
1.592 1.3 1.08967e-10 
1.592 1.305 1.06715e-10 
1.592 1.31 1.11228e-10 
1.592 1.315 1.11586e-10 
1.592 1.32 1.08657e-10 
1.592 1.325 1.06656e-10 
1.592 1.33 1.07258e-10 
1.592 1.335 1.00218e-10 
1.592 1.34 1.00394e-10 
1.596 1.205 2.02248e-10 
1.596 1.21 4.61318e-10 
1.596 1.215 6.52381e-10 
1.596 1.22 9.10393e-10 
1.596 1.225 1.0179e-09 
1.596 1.23 1.08528e-09 
1.596 1.235 1.05925e-09 
1.596 1.24 1.01048e-09 
1.596 1.245 1.0519e-09 
1.596 1.25 1.12388e-09 
1.596 1.255 1.11936e-09 
1.596 1.26 1.1475e-09 
1.596 1.265 1.13732e-09 
1.596 1.27 1.16104e-09 
1.596 1.275 1.17606e-09 
1.596 1.28 1.19486e-09 
1.596 1.285 1.19241e-09 
1.596 1.29 1.20791e-09 
1.596 1.295 1.2541e-09 
1.596 1.3 1.18563e-09 
1.596 1.305 1.29479e-09 
1.596 1.31 1.2235e-09 
1.596 1.315 1.14422e-09 
1.596 1.32 1.20136e-09 
1.596 1.325 1.19876e-09 
1.596 1.33 1.15833e-09 
1.596 1.335 1.12784e-09 
1.596 1.34 1.10792e-09 
1.596 1.345 1.08636e-09 
1.596 1.35 1.00731e-09 
1.596 1.355 9.63206e-10 
1.596 1.36 9.51907e-10 
1.596 1.365 8.61296e-10 
1.596 1.37 8.30078e-10 
1.596 1.375 7.64594e-10 
1.596 1.38 7.15507e-10 
1.596 1.385 6.95393e-10 
1.596 1.39 6.26158e-10 
1.596 1.395 6.06277e-10 
1.596 1.4 5.40826e-10 
1.596 1.405 4.97811e-10 
1.596 1.41 4.49784e-10 
1.596 1.415 3.9965e-10 
1.596 1.42 3.81132e-10 
1.596 1.425 3.24854e-10 
1.596 1.43 3.06083e-10 
1.596 1.435 2.52169e-10 
1.596 1.44 2.38339e-10 
1.596 1.445 2.07835e-10 
1.596 1.45 1.70493e-10 
1.596 1.455 1.67216e-10 
1.596 1.46 1.47094e-10 
1.596 1.465 1.18979e-10 
1.6 1.19 2.73515e-10 
1.6 1.195 1.31814e-09 
1.6 1.2 3.41924e-09 
1.6 1.205 5.3668e-09 
1.6 1.21 7.24165e-09 
1.6 1.215 9.34929e-09 
1.6 1.22 1.00973e-08 
1.6 1.225 1.00114e-08 
1.6 1.23 9.52498e-09 
1.6 1.235 9.70805e-09 
1.6 1.24 1.01295e-08 
1.6 1.245 1.04105e-08 
1.6 1.25 1.0359e-08 
1.6 1.255 1.05814e-08 
1.6 1.26 1.07173e-08 
1.6 1.265 1.07139e-08 
1.6 1.27 1.14181e-08 
1.6 1.275 1.14147e-08 
1.6 1.28 1.09758e-08 
1.6 1.285 1.14878e-08 
1.6 1.29 1.16519e-08 
1.6 1.295 1.19044e-08 
1.6 1.3 1.17193e-08 
1.6 1.305 1.13342e-08 
1.6 1.31 1.14186e-08 
1.6 1.315 1.16068e-08 
1.6 1.32 1.12828e-08 
1.6 1.325 1.10732e-08 
1.6 1.33 1.07193e-08 
1.6 1.335 1.02408e-08 
1.6 1.34 1.04166e-08 
1.6 1.345 9.67254e-09 
1.6 1.35 9.39789e-09 
1.6 1.355 9.04268e-09 
1.6 1.36 8.27594e-09 
1.6 1.365 8.00749e-09 
1.6 1.37 7.46022e-09 
1.6 1.375 7.28988e-09 
1.6 1.38 6.49578e-09 
1.6 1.385 6.05056e-09 
1.6 1.39 5.72721e-09 
1.6 1.395 5.27737e-09 
1.6 1.4 4.80786e-09 
1.6 1.405 4.41316e-09 
1.6 1.41 3.91178e-09 
1.6 1.415 3.55276e-09 
1.6 1.42 3.14747e-09 
1.6 1.425 2.93732e-09 
1.6 1.43 2.48614e-09 
1.6 1.435 2.29214e-09 
1.6 1.44 1.96856e-09 
1.6 1.445 1.73206e-09 
1.6 1.45 1.71007e-09 
1.6 1.455 1.36505e-09 
1.6 1.46 1.158e-09 
1.6 1.465 9.36223e-10 
1.6 1.47 7.95468e-10 
1.6 1.475 6.45808e-10 
1.6 1.48 5.07691e-10 
1.6 1.485 4.49406e-10 
1.6 1.49 3.73164e-10 
1.6 1.495 3.15088e-10 
1.6 1.5 2.52133e-10 
1.6 1.505 1.75703e-10 
1.6 1.51 1.37233e-10 
1.604 1.175 2.46478e-10 
1.604 1.18 1.1356e-09 
1.604 1.185 5.98795e-09 
1.604 1.19 2.00486e-08 
1.604 1.195 3.5133e-08 
1.604 1.2 5.03815e-08 
1.604 1.205 7.00626e-08 
1.604 1.21 7.7116e-08 
1.604 1.215 7.79988e-08 
1.604 1.22 7.67696e-08 
1.604 1.225 7.70876e-08 
1.604 1.23 7.80585e-08 
1.604 1.235 8.20024e-08 
1.604 1.24 8.23192e-08 
1.604 1.245 8.1236e-08 
1.604 1.25 8.27394e-08 
1.604 1.255 8.42985e-08 
1.604 1.26 8.9973e-08 
1.604 1.265 9.13915e-08 
1.604 1.27 8.82661e-08 
1.604 1.275 9.27154e-08 
1.604 1.28 9.32782e-08 
1.604 1.285 9.44273e-08 
1.604 1.29 9.36748e-08 
1.604 1.295 9.44826e-08 
1.604 1.3 9.65295e-08 
1.604 1.305 9.21489e-08 
1.604 1.31 9.25275e-08 
1.604 1.315 9.37329e-08 
1.604 1.32 8.78405e-08 
1.604 1.325 8.3997e-08 
1.604 1.33 8.42301e-08 
1.604 1.335 7.86793e-08 
1.604 1.34 8.03013e-08 
1.604 1.345 7.65911e-08 
1.604 1.35 7.37655e-08 
1.604 1.355 6.72465e-08 
1.604 1.36 6.41746e-08 
1.604 1.365 6.05914e-08 
1.604 1.37 5.82588e-08 
1.604 1.375 5.33868e-08 
1.604 1.38 4.99593e-08 
1.604 1.385 4.67933e-08 
1.604 1.39 4.27716e-08 
1.604 1.395 3.90288e-08 
1.604 1.4 3.50662e-08 
1.604 1.405 3.18028e-08 
1.604 1.41 2.94099e-08 
1.604 1.415 2.61139e-08 
1.604 1.42 2.35394e-08 
1.604 1.425 2.01177e-08 
1.604 1.43 1.80647e-08 
1.604 1.435 1.6236e-08 
1.604 1.44 1.53593e-08 
1.604 1.445 1.38872e-08 
1.604 1.45 1.07923e-08 
1.604 1.455 9.09272e-09 
1.604 1.46 7.77993e-09 
1.604 1.465 6.20883e-09 
1.604 1.47 5.20269e-09 
1.604 1.475 4.34419e-09 
1.604 1.48 3.89933e-09 
1.604 1.485 3.15642e-09 
1.604 1.49 2.54498e-09 
1.604 1.495 2.0228e-09 
1.604 1.5 1.53112e-09 
1.604 1.505 1.08083e-09 
1.604 1.51 8.41017e-10 
1.604 1.515 6.35403e-10 
1.604 1.52 4.62665e-10 
1.604 1.525 3.48531e-10 
1.604 1.53 2.53403e-10 
1.604 1.535 1.90933e-10 
1.604 1.54 1.34307e-10 
1.608 1.165 9.05301e-10 
1.608 1.17 4.16555e-09 
1.608 1.175 2.01879e-08 
1.608 1.18 9.12914e-08 
1.608 1.185 1.95504e-07 
1.608 1.19 2.94055e-07 
1.608 1.195 4.10264e-07 
1.608 1.2 4.86607e-07 
1.608 1.205 4.9565e-07 
1.608 1.21 5.12888e-07 
1.608 1.215 5.09549e-07 
1.608 1.22 5.0657e-07 
1.608 1.225 5.29019e-07 
1.608 1.23 5.46016e-07 
1.608 1.235 5.5811e-07 
1.608 1.24 5.56319e-07 
1.608 1.245 5.41357e-07 
1.608 1.25 5.91552e-07 
1.608 1.255 6.14446e-07 
1.608 1.26 6.01169e-07 
1.608 1.265 6.16151e-07 
1.608 1.27 6.11457e-07 
1.608 1.275 6.50856e-07 
1.608 1.28 6.43978e-07 
1.608 1.285 6.42005e-07 
1.608 1.29 6.36715e-07 
1.608 1.295 6.33146e-07 
1.608 1.3 6.32217e-07 
1.608 1.305 6.24568e-07 
1.608 1.31 6.40374e-07 
1.608 1.315 5.91752e-07 
1.608 1.32 5.9245e-07 
1.608 1.325 5.70594e-07 
1.608 1.33 5.60983e-07 
1.608 1.335 5.60536e-07 
1.608 1.34 5.22228e-07 
1.608 1.345 4.95841e-07 
1.608 1.35 4.75746e-07 
1.608 1.355 4.35993e-07 
1.608 1.36 4.29405e-07 
1.608 1.365 3.92559e-07 
1.608 1.37 3.6897e-07 
1.608 1.375 3.39092e-07 
1.608 1.38 3.23088e-07 
1.608 1.385 2.97674e-07 
1.608 1.39 2.64136e-07 
1.608 1.395 2.45606e-07 
1.608 1.4 2.17099e-07 
1.608 1.405 2.06983e-07 
1.608 1.41 1.80068e-07 
1.608 1.415 1.63454e-07 
1.608 1.42 1.41397e-07 
1.608 1.425 1.27987e-07 
1.608 1.43 1.14444e-07 
1.608 1.435 1.15244e-07 
1.608 1.44 9.17794e-08 
1.608 1.445 7.62294e-08 
1.608 1.45 6.53092e-08 
1.608 1.455 5.36383e-08 
1.608 1.46 4.05268e-08 
1.608 1.465 3.77443e-08 
1.608 1.47 3.09804e-08 
1.608 1.475 2.66427e-08 
1.608 1.48 2.14018e-08 
1.608 1.485 1.74863e-08 
1.608 1.49 1.33013e-08 
1.608 1.495 1.00251e-08 
1.608 1.5 7.5511e-09 
1.608 1.505 5.71063e-09 
1.608 1.51 4.37323e-09 
1.608 1.515 3.36287e-09 
1.608 1.52 2.46369e-09 
1.608 1.525 1.86385e-09 
1.608 1.53 1.42162e-09 
1.608 1.535 4.93172e-10 
1.612 1.15 2.26381e-10 
1.612 1.155 2.50417e-09 
1.612 1.16 1.37271e-08 
1.612 1.165 5.50847e-08 
1.612 1.17 3.059e-07 
1.612 1.175 9.46056e-07 
1.612 1.18 1.45419e-06 
1.612 1.185 1.99877e-06 
1.612 1.19 2.56752e-06 
1.612 1.195 2.80327e-06 
1.612 1.2 2.85563e-06 
1.612 1.205 2.84946e-06 
1.612 1.21 2.89054e-06 
1.612 1.215 2.91568e-06 
1.612 1.22 3.02973e-06 
1.612 1.225 3.02432e-06 
1.612 1.23 3.06131e-06 
1.612 1.235 3.08431e-06 
1.612 1.24 3.11387e-06 
1.612 1.245 3.44007e-06 
1.612 1.25 3.48568e-06 
1.612 1.255 3.4446e-06 
1.612 1.26 3.47061e-06 
1.612 1.265 3.49541e-06 
1.612 1.27 3.66287e-06 
1.612 1.275 3.73663e-06 
1.612 1.28 3.63041e-06 
1.612 1.285 3.69636e-06 
1.612 1.29 3.69872e-06 
1.612 1.295 3.62629e-06 
1.612 1.3 3.69499e-06 
1.612 1.305 3.70988e-06 
1.612 1.31 3.37733e-06 
1.612 1.315 3.49561e-06 
1.612 1.32 3.28639e-06 
1.612 1.325 3.31117e-06 
1.612 1.33 3.09621e-06 
1.612 1.335 2.96529e-06 
1.612 1.34 2.85752e-06 
1.612 1.345 2.73645e-06 
1.612 1.35 2.55075e-06 
1.612 1.355 2.42651e-06 
1.612 1.36 2.30672e-06 
1.612 1.365 2.14436e-06 
1.612 1.37 1.98792e-06 
1.612 1.375 1.86659e-06 
1.612 1.38 1.68264e-06 
1.612 1.385 1.55385e-06 
1.612 1.39 1.42375e-06 
1.612 1.395 1.27443e-06 
1.612 1.4 1.1731e-06 
1.612 1.405 1.0792e-06 
1.612 1.41 9.07729e-07 
1.612 1.415 8.42072e-07 
1.612 1.42 7.5483e-07 
1.612 1.425 7.32062e-07 
1.612 1.43 6.27101e-07 
1.612 1.435 5.22673e-07 
1.612 1.44 4.37235e-07 
1.612 1.445 3.71725e-07 
1.612 1.45 3.02752e-07 
1.612 1.455 2.42772e-07 
1.612 1.46 2.25484e-07 
1.612 1.465 1.89639e-07 
1.612 1.47 1.56257e-07 
1.612 1.475 1.24523e-07 
1.612 1.48 1.00808e-07 
1.612 1.485 7.67499e-08 
1.612 1.49 5.62072e-08 
1.612 1.495 4.40427e-08 
1.612 1.5 3.32441e-08 
1.612 1.505 2.6432e-08 
1.612 1.51 1.96653e-08 
1.612 1.515 1.48881e-08 
1.612 1.52 1.13732e-08 
1.612 1.525 5.99358e-09 
1.612 1.53 1.24092e-09 
1.612 1.535 3.38442e-10 
1.612 1.54 2.19716e-10 
1.612 1.545 1.40441e-10 
1.616 1.14 3.10284e-10 
1.616 1.145 3.61698e-09 
1.616 1.15 3.50302e-08 
1.616 1.155 1.8681e-07 
1.616 1.16 6.21358e-07 
1.616 1.165 3.0082e-06 
1.616 1.17 5.78863e-06 
1.616 1.175 8.1174e-06 
1.616 1.18 1.099e-05 
1.616 1.185 1.28297e-05 
1.616 1.19 1.32157e-05 
1.616 1.195 1.3448e-05 
1.616 1.2 1.31835e-05 
1.616 1.205 1.34097e-05 
1.616 1.21 1.36865e-05 
1.616 1.215 1.37401e-05 
1.616 1.22 1.4316e-05 
1.616 1.225 1.43748e-05 
1.616 1.23 1.45793e-05 
1.616 1.235 1.57898e-05 
1.616 1.24 1.64583e-05 
1.616 1.245 1.61769e-05 
1.616 1.25 1.60517e-05 
1.616 1.255 1.68534e-05 
1.616 1.26 1.71504e-05 
1.616 1.265 1.77369e-05 
1.616 1.27 1.71189e-05 
1.616 1.275 1.76481e-05 
1.616 1.28 1.74676e-05 
1.616 1.285 1.77268e-05 
1.616 1.29 1.721e-05 
1.616 1.295 1.75058e-05 
1.616 1.3 1.78752e-05 
1.616 1.305 1.64376e-05 
1.616 1.31 1.61277e-05 
1.616 1.315 1.58495e-05 
1.616 1.32 1.57091e-05 
1.616 1.325 1.5099e-05 
1.616 1.33 1.44081e-05 
1.616 1.335 1.41653e-05 
1.616 1.34 1.30244e-05 
1.616 1.345 1.22675e-05 
1.616 1.35 1.15858e-05 
1.616 1.355 1.10081e-05 
1.616 1.36 1.01784e-05 
1.616 1.365 9.67172e-06 
1.616 1.37 9.00318e-06 
1.616 1.375 8.31689e-06 
1.616 1.38 7.4705e-06 
1.616 1.385 6.96781e-06 
1.616 1.39 6.24235e-06 
1.616 1.395 5.55814e-06 
1.616 1.4 5.11763e-06 
1.616 1.405 4.48017e-06 
1.616 1.41 3.97202e-06 
1.616 1.415 3.73826e-06 
1.616 1.42 3.6755e-06 
1.616 1.425 2.94479e-06 
1.616 1.43 2.40587e-06 
1.616 1.435 2.09848e-06 
1.616 1.44 1.70624e-06 
1.616 1.445 1.47939e-06 
1.616 1.45 1.24017e-06 
1.616 1.455 1.13326e-06 
1.616 1.46 8.90748e-07 
1.616 1.465 7.67485e-07 
1.616 1.47 5.78611e-07 
1.616 1.475 4.76924e-07 
1.616 1.48 3.63641e-07 
1.616 1.485 2.65741e-07 
1.616 1.49 2.14047e-07 
1.616 1.495 1.64366e-07 
1.616 1.5 1.25215e-07 
1.616 1.505 9.78052e-08 
1.616 1.51 7.0486e-08 
1.616 1.515 5.07616e-08 
1.616 1.52 1.55811e-08 
1.616 1.525 2.66651e-09 
1.616 1.53 1.5704e-09 
1.616 1.535 1.12582e-09 
1.616 1.54 8.17762e-10 
1.616 1.545 4.92333e-10 
1.616 1.55 3.14102e-10 
1.616 1.555 1.44589e-10 
1.62 1.13 2.46341e-10 
1.62 1.135 6.22752e-09 
1.62 1.14 4.5741e-08 
1.62 1.145 3.80912e-07 
1.62 1.15 1.49889e-06 
1.62 1.155 6.74722e-06 
1.62 1.16 1.85121e-05 
1.62 1.165 2.82423e-05 
1.62 1.17 3.8666e-05 
1.62 1.175 4.60648e-05 
1.62 1.18 4.94151e-05 
1.62 1.185 5.19671e-05 
1.62 1.19 5.14071e-05 
1.62 1.195 5.08687e-05 
1.62 1.2 5.21221e-05 
1.62 1.205 5.19616e-05 
1.62 1.21 5.36792e-05 
1.62 1.215 5.52853e-05 
1.62 1.22 5.53189e-05 
1.62 1.225 5.83726e-05 
1.62 1.23 6.25694e-05 
1.62 1.235 6.31306e-05 
1.62 1.24 6.36466e-05 
1.62 1.245 6.60359e-05 
1.62 1.25 6.86549e-05 
1.62 1.255 6.72995e-05 
1.62 1.26 6.85939e-05 
1.62 1.265 6.91882e-05 
1.62 1.27 7.11217e-05 
1.62 1.275 7.10695e-05 
1.62 1.28 7.15169e-05 
1.62 1.285 7.05749e-05 
1.62 1.29 7.09412e-05 
1.62 1.295 6.97594e-05 
1.62 1.3 6.60473e-05 
1.62 1.305 6.59667e-05 
1.62 1.31 6.27978e-05 
1.62 1.315 6.06211e-05 
1.62 1.32 6.09169e-05 
1.62 1.325 5.88472e-05 
1.62 1.33 5.5283e-05 
1.62 1.335 5.33125e-05 
1.62 1.34 4.95398e-05 
1.62 1.345 4.63576e-05 
1.62 1.35 4.42581e-05 
1.62 1.355 4.06344e-05 
1.62 1.36 3.85284e-05 
1.62 1.365 3.66877e-05 
1.62 1.37 3.30404e-05 
1.62 1.375 3.05423e-05 
1.62 1.38 2.78163e-05 
1.62 1.385 2.52766e-05 
1.62 1.39 2.27201e-05 
1.62 1.395 2.06209e-05 
1.62 1.4 1.80876e-05 
1.62 1.405 1.66412e-05 
1.62 1.41 1.63711e-05 
1.62 1.415 1.39024e-05 
1.62 1.42 1.18455e-05 
1.62 1.425 1.00661e-05 
1.62 1.43 8.1676e-06 
1.62 1.435 6.92855e-06 
1.62 1.44 5.98848e-06 
1.62 1.445 5.50678e-06 
1.62 1.45 4.50605e-06 
1.62 1.455 3.78377e-06 
1.62 1.46 3.03092e-06 
1.62 1.465 2.32602e-06 
1.62 1.47 1.86449e-06 
1.62 1.475 1.47323e-06 
1.62 1.48 1.12176e-06 
1.62 1.485 8.7223e-07 
1.62 1.49 7.03189e-07 
1.62 1.495 5.10033e-07 
1.62 1.5 3.81511e-07 
1.62 1.505 3.05097e-07 
1.62 1.51 1.21284e-07 
1.62 1.515 2.24048e-08 
1.62 1.52 1.04214e-08 
1.62 1.525 7.59489e-09 
1.62 1.53 4.89454e-09 
1.62 1.535 3.54386e-09 
1.62 1.54 2.16557e-09 
1.62 1.545 1.24732e-09 
1.62 1.55 6.76518e-10 
1.62 1.555 3.38008e-10 
1.62 1.56 1.65102e-10 
1.624 1.125 8.70272e-09 
1.624 1.13 7.20235e-08 
1.624 1.135 6.31065e-07 
1.624 1.14 2.86568e-06 
1.624 1.145 1.19407e-05 
1.624 1.15 4.1706e-05 
1.624 1.155 7.8107e-05 
1.624 1.16 0.000108389 
1.624 1.165 0.000136615 
1.624 1.17 0.000151489 
1.624 1.175 0.000161591 
1.624 1.18 0.000167253 
1.624 1.185 0.000165369 
1.624 1.19 0.000167996 
1.624 1.195 0.000164876 
1.624 1.2 0.000169958 
1.624 1.205 0.000175491 
1.624 1.21 0.000178211 
1.624 1.215 0.00018604 
1.624 1.22 0.000191541 
1.624 1.225 0.000200596 
1.624 1.23 0.000210768 
1.624 1.235 0.000211308 
1.624 1.24 0.000218831 
1.624 1.245 0.000226647 
1.624 1.25 0.000223598 
1.624 1.255 0.00022778 
1.624 1.26 0.000234591 
1.624 1.265 0.00023464 
1.624 1.27 0.000234263 
1.624 1.275 0.000235777 
1.624 1.28 0.00023273 
1.624 1.285 0.000239288 
1.624 1.29 0.000226289 
1.624 1.295 0.000223618 
1.624 1.3 0.000218002 
1.624 1.305 0.00020911 
1.624 1.31 0.000200261 
1.624 1.315 0.000202946 
1.624 1.32 0.000196705 
1.624 1.325 0.000182461 
1.624 1.33 0.000178365 
1.624 1.335 0.000169006 
1.624 1.34 0.00015724 
1.624 1.345 0.000148116 
1.624 1.35 0.000139413 
1.624 1.355 0.000128873 
1.624 1.36 0.000119416 
1.624 1.365 0.000112331 
1.624 1.37 0.000101935 
1.624 1.375 9.31286e-05 
1.624 1.38 8.45806e-05 
1.624 1.385 7.55299e-05 
1.624 1.39 7.03635e-05 
1.624 1.395 6.06156e-05 
1.624 1.4 6.00545e-05 
1.624 1.405 5.41621e-05 
1.624 1.41 4.44029e-05 
1.624 1.415 3.82691e-05 
1.624 1.42 3.22356e-05 
1.624 1.425 2.76443e-05 
1.624 1.43 2.31329e-05 
1.624 1.435 1.97912e-05 
1.624 1.44 1.89554e-05 
1.624 1.445 1.5537e-05 
1.624 1.45 1.24764e-05 
1.624 1.455 1.00358e-05 
1.624 1.46 7.781e-06 
1.624 1.465 6.13104e-06 
1.624 1.47 4.87347e-06 
1.624 1.475 3.82973e-06 
1.624 1.48 2.93068e-06 
1.624 1.485 2.28441e-06 
1.624 1.49 1.73439e-06 
1.624 1.495 1.31727e-06 
1.624 1.5 8.85457e-07 
1.624 1.505 2.14689e-07 
1.624 1.51 5.01714e-08 
1.624 1.515 4.0163e-08 
1.624 1.52 2.65604e-08 
1.624 1.525 1.75614e-08 
1.624 1.53 1.19491e-08 
1.624 1.535 7.84206e-09 
1.624 1.54 3.98964e-09 
1.624 1.545 2.59691e-09 
1.624 1.55 1.32571e-09 
1.624 1.555 5.9553e-10 
1.624 1.56 1.59415e-10 
1.628 1.115 3.96858e-09 
1.628 1.12 8.71373e-08 
1.628 1.125 9.03861e-07 
1.628 1.13 4.67351e-06 
1.628 1.135 1.84013e-05 
1.628 1.14 7.26703e-05 
1.628 1.145 0.000166006 
1.628 1.15 0.000247458 
1.628 1.155 0.000312155 
1.628 1.16 0.000363678 
1.628 1.165 0.000404342 
1.628 1.17 0.000433174 
1.628 1.175 0.000439289 
1.628 1.18 0.000441059 
1.628 1.185 0.000424017 
1.628 1.19 0.000431357 
1.628 1.195 0.000454096 
1.628 1.2 0.000465664 
1.628 1.205 0.000493686 
1.628 1.21 0.000484974 
1.628 1.215 0.000506599 
1.628 1.22 0.000538694 
1.628 1.225 0.000539444 
1.628 1.23 0.00057779 
1.628 1.235 0.000603272 
1.628 1.24 0.000613584 
1.628 1.245 0.000618609 
1.628 1.25 0.00063764 
1.628 1.255 0.000638945 
1.628 1.26 0.000630653 
1.628 1.265 0.000653694 
1.628 1.27 0.00064139 
1.628 1.275 0.00062686 
1.628 1.28 0.00064018 
1.628 1.285 0.000620045 
1.628 1.29 0.000615648 
1.628 1.295 0.000592362 
1.628 1.3 0.000568662 
1.628 1.305 0.000564433 
1.628 1.31 0.000548432 
1.628 1.315 0.000522475 
1.628 1.32 0.000509245 
1.628 1.325 0.00049222 
1.628 1.33 0.000466816 
1.628 1.335 0.000438799 
1.628 1.34 0.000412079 
1.628 1.345 0.000373123 
1.628 1.35 0.000358081 
1.628 1.355 0.000342161 
1.628 1.36 0.000310683 
1.628 1.365 0.00027831 
1.628 1.37 0.000261948 
1.628 1.375 0.000224724 
1.628 1.38 0.00021625 
1.628 1.385 0.00019516 
1.628 1.39 0.000178193 
1.628 1.395 0.000168879 
1.628 1.4 0.000147441 
1.628 1.405 0.000126484 
1.628 1.41 0.000106311 
1.628 1.415 9.0442e-05 
1.628 1.42 7.59422e-05 
1.628 1.425 6.43022e-05 
1.628 1.43 5.84803e-05 
1.628 1.435 5.32382e-05 
1.628 1.44 4.28472e-05 
1.628 1.445 3.41224e-05 
1.628 1.45 2.75335e-05 
1.628 1.455 2.08637e-05 
1.628 1.46 1.64645e-05 
1.628 1.465 1.32963e-05 
1.628 1.47 1.06218e-05 
1.628 1.475 8.13098e-06 
1.628 1.48 6.41065e-06 
1.628 1.485 4.78507e-06 
1.628 1.49 3.65299e-06 
1.628 1.495 1.24026e-06 
1.628 1.5 2.44604e-07 
1.628 1.505 1.57855e-07 
1.628 1.51 1.08201e-07 
1.628 1.515 7.5012e-08 
1.628 1.52 5.15737e-08 
1.628 1.525 3.47371e-08 
1.628 1.53 2.09034e-08 
1.628 1.535 1.10955e-08 
1.628 1.54 7.10573e-09 
1.628 1.545 4.47758e-09 
1.628 1.55 1.79384e-09 
1.628 1.555 6.49366e-10 
1.632 1.105 5.35169e-09 
1.632 1.11 1.41852e-07 
1.632 1.115 7.85239e-07 
1.632 1.12 4.95582e-06 
1.632 1.125 2.33869e-05 
1.632 1.13 9.49914e-05 
1.632 1.135 0.000279538 
1.632 1.14 0.000445016 
1.632 1.145 0.000579171 
1.632 1.15 0.000683149 
1.632 1.155 0.000792509 
1.632 1.16 0.000899005 
1.632 1.165 0.000956798 
1.632 1.17 0.000951559 
1.632 1.175 0.000952313 
1.632 1.18 0.000916781 
1.632 1.185 0.000966162 
1.632 1.19 0.00102211 
1.632 1.195 0.00105434 
1.632 1.2 0.00107506 
1.632 1.205 0.00111195 
1.632 1.21 0.00116515 
1.632 1.215 0.00120602 
1.632 1.22 0.00124443 
1.632 1.225 0.00125557 
1.632 1.23 0.00135085 
1.632 1.235 0.00137451 
1.632 1.24 0.00134722 
1.632 1.245 0.00142199 
1.632 1.25 0.00144692 
1.632 1.255 0.00140637 
1.632 1.26 0.00150136 
1.632 1.265 0.00143098 
1.632 1.27 0.00143793 
1.632 1.275 0.00144384 
1.632 1.28 0.00141599 
1.632 1.285 0.00139155 
1.632 1.29 0.00135422 
1.632 1.295 0.00133869 
1.632 1.3 0.00125966 
1.632 1.305 0.00122816 
1.632 1.31 0.00118391 
1.632 1.315 0.00118493 
1.632 1.32 0.00108543 
1.632 1.325 0.00106219 
1.632 1.33 0.00100537 
1.632 1.335 0.000938454 
1.632 1.34 0.000857334 
1.632 1.345 0.000827825 
1.632 1.35 0.00076732 
1.632 1.355 0.000702374 
1.632 1.36 0.000649798 
1.632 1.365 0.000584277 
1.632 1.37 0.000526868 
1.632 1.375 0.000493414 
1.632 1.38 0.000446892 
1.632 1.385 0.000424681 
1.632 1.39 0.000390901 
1.632 1.395 0.000316418 
1.632 1.4 0.000277961 
1.632 1.405 0.000234034 
1.632 1.41 0.000203426 
1.632 1.415 0.000166828 
1.632 1.42 0.000152949 
1.632 1.425 0.000134413 
1.632 1.43 0.000118053 
1.632 1.435 9.89667e-05 
1.632 1.44 7.81072e-05 
1.632 1.445 5.99824e-05 
1.632 1.45 4.80797e-05 
1.632 1.455 3.76925e-05 
1.632 1.46 3.02963e-05 
1.632 1.465 2.43756e-05 
1.632 1.47 1.82374e-05 
1.632 1.475 1.4753e-05 
1.632 1.48 1.16625e-05 
1.632 1.485 5.79236e-06 
1.632 1.49 1.0798e-06 
1.632 1.495 5.17208e-07 
1.632 1.5 3.63785e-07 
1.632 1.505 2.54349e-07 
1.632 1.51 1.7935e-07 
1.632 1.515 1.19096e-07 
1.632 1.52 7.98172e-08 
1.632 1.525 4.48272e-08 
1.632 1.53 2.97895e-08 
1.632 1.535 1.81738e-08 
1.632 1.54 1.08298e-08 
1.632 1.545 4.74824e-09 
1.632 1.55 2.26639e-09 
1.632 1.555 4.8582e-10 
1.636 1.1 7.79541e-08 
1.636 1.105 8.75146e-07 
1.636 1.11 4.84372e-06 
1.636 1.115 2.28069e-05 
1.636 1.12 9.31251e-05 
1.636 1.125 0.000342264 
1.636 1.13 0.000675577 
1.636 1.135 0.00089347 
1.636 1.14 0.00102506 
1.636 1.145 0.00122394 
1.636 1.15 0.00148342 
1.636 1.155 0.00162519 
1.636 1.16 0.00166489 
1.636 1.165 0.00168331 
1.636 1.17 0.00167637 
1.636 1.175 0.0016529 
1.636 1.18 0.00177306 
1.636 1.185 0.00184769 
1.636 1.19 0.00188032 
1.636 1.195 0.00192178 
1.636 1.2 0.00200674 
1.636 1.205 0.00205531 
1.636 1.21 0.00226266 
1.636 1.215 0.00229001 
1.636 1.22 0.00239867 
1.636 1.225 0.0024009 
1.636 1.23 0.00253899 
1.636 1.235 0.00252998 
1.636 1.24 0.00266452 
1.636 1.245 0.00263384 
1.636 1.25 0.00266943 
1.636 1.255 0.00268178 
1.636 1.26 0.00263362 
1.636 1.265 0.00261503 
1.636 1.27 0.00263474 
1.636 1.275 0.00263375 
1.636 1.28 0.00256454 
1.636 1.285 0.00247072 
1.636 1.29 0.00245168 
1.636 1.295 0.00233598 
1.636 1.3 0.0023154 
1.636 1.305 0.00217921 
1.636 1.31 0.00213851 
1.636 1.315 0.00207979 
1.636 1.32 0.00197107 
1.636 1.325 0.00187095 
1.636 1.33 0.0017364 
1.636 1.335 0.00160533 
1.636 1.34 0.00150118 
1.636 1.345 0.00142417 
1.636 1.35 0.00131226 
1.636 1.355 0.00119977 
1.636 1.36 0.00105598 
1.636 1.365 0.000997013 
1.636 1.37 0.000921277 
1.636 1.375 0.000863436 
1.636 1.38 0.000829604 
1.636 1.385 0.000680644 
1.636 1.39 0.000596272 
1.636 1.395 0.000507951 
1.636 1.4 0.000447777 
1.636 1.405 0.000366219 
1.636 1.41 0.000321572 
1.636 1.415 0.000279932 
1.636 1.42 0.00025152 
1.636 1.425 0.000220441 
1.636 1.43 0.000174937 
1.636 1.435 0.000142284 
1.636 1.44 0.000107467 
1.636 1.445 8.69183e-05 
1.636 1.45 7.18164e-05 
1.636 1.455 5.5975e-05 
1.636 1.46 4.5693e-05 
1.636 1.465 3.42579e-05 
1.636 1.47 2.76533e-05 
1.636 1.475 1.82019e-05 
1.636 1.48 6.19395e-06 
1.636 1.485 1.23785e-06 
1.636 1.49 9.48039e-07 
1.636 1.495 6.77691e-07 
1.636 1.5 4.87681e-07 
1.636 1.505 3.34593e-07 
1.636 1.51 2.30152e-07 
1.636 1.515 1.49911e-07 
1.636 1.52 9.55978e-08 
1.636 1.525 5.9194e-08 
1.636 1.53 3.69201e-08 
1.636 1.535 1.89168e-08 
1.636 1.54 9.82976e-09 
1.636 1.545 5.44179e-09 
1.636 1.55 1.78612e-09 
1.64 1.09 1.4118e-08 
1.64 1.095 5.30375e-07 
1.64 1.1 3.40591e-06 
1.64 1.105 1.86825e-05 
1.64 1.11 7.70955e-05 
1.64 1.115 0.000313491 
1.64 1.12 0.000769755 
1.64 1.125 0.00120281 
1.64 1.13 0.00132686 
1.64 1.135 0.00160166 
1.64 1.14 0.00193273 
1.64 1.145 0.00218111 
1.64 1.15 0.002336 
1.64 1.155 0.00245071 
1.64 1.16 0.00240412 
1.64 1.165 0.0023723 
1.64 1.17 0.00249263 
1.64 1.175 0.00260253 
1.64 1.18 0.00267221 
1.64 1.185 0.0027733 
1.64 1.19 0.00286603 
1.64 1.195 0.00298665 
1.64 1.2 0.00315591 
1.64 1.205 0.00334082 
1.64 1.21 0.00344843 
1.64 1.215 0.00348287 
1.64 1.22 0.00358325 
1.64 1.225 0.00375138 
1.64 1.23 0.0037709 
1.64 1.235 0.00387557 
1.64 1.24 0.00392492 
1.64 1.245 0.00406799 
1.64 1.25 0.00394439 
1.64 1.255 0.0039641 
1.64 1.26 0.00390762 
1.64 1.265 0.00392846 
1.64 1.27 0.00392744 
1.64 1.275 0.00379621 
1.64 1.28 0.00372537 
1.64 1.285 0.00374144 
1.64 1.29 0.00357459 
1.64 1.295 0.00347683 
1.64 1.3 0.00329938 
1.64 1.305 0.00320953 
1.64 1.31 0.0030457 
1.64 1.315 0.00299473 
1.64 1.32 0.00276109 
1.64 1.325 0.00260893 
1.64 1.33 0.00238184 
1.64 1.335 0.00226783 
1.64 1.34 0.00212003 
1.64 1.345 0.00197778 
1.64 1.35 0.0018098 
1.64 1.355 0.00162918 
1.64 1.36 0.00151787 
1.64 1.365 0.00140883 
1.64 1.37 0.00134831 
1.64 1.375 0.00120065 
1.64 1.38 0.000994062 
1.64 1.385 0.000881787 
1.64 1.39 0.000761648 
1.64 1.395 0.000641417 
1.64 1.4 0.000556159 
1.64 1.405 0.000510221 
1.64 1.41 0.000436706 
1.64 1.415 0.000381594 
1.64 1.42 0.00031238 
1.64 1.425 0.000255958 
1.64 1.43 0.000210835 
1.64 1.435 0.000165324 
1.64 1.44 0.000134607 
1.64 1.445 0.000106268 
1.64 1.45 8.46043e-05 
1.64 1.455 6.81449e-05 
1.64 1.46 5.22026e-05 
1.64 1.465 4.02666e-05 
1.64 1.47 1.67796e-05 
1.64 1.475 2.68086e-06 
1.64 1.48 1.97345e-06 
1.64 1.485 1.42352e-06 
1.64 1.49 1.10782e-06 
1.64 1.495 7.38901e-07 
1.64 1.5 5.19804e-07 
1.64 1.505 3.50614e-07 
1.64 1.51 2.30827e-07 
1.64 1.515 1.43884e-07 
1.64 1.52 9.83457e-08 
1.64 1.525 5.6271e-08 
1.64 1.53 3.25317e-08 
1.64 1.535 1.97499e-08 
1.64 1.54 8.19786e-09 
1.64 1.545 2.71606e-09 
1.64 1.55 5.00805e-10 
1.644 1.085 3.43517e-07 
1.644 1.09 2.11504e-06 
1.644 1.095 1.22834e-05 
1.644 1.1 5.64673e-05 
1.644 1.105 0.000194461 
1.644 1.11 0.000672964 
1.644 1.115 0.00119984 
1.644 1.12 0.00149585 
1.644 1.125 0.00172928 
1.644 1.13 0.00203663 
1.644 1.135 0.00235326 
1.644 1.14 0.00256783 
1.644 1.145 0.00273882 
1.644 1.15 0.00284103 
1.644 1.155 0.00278952 
1.644 1.16 0.0028918 
1.644 1.165 0.00290976 
1.644 1.17 0.00306267 
1.644 1.175 0.00314644 
1.644 1.18 0.00332255 
1.644 1.185 0.00332324 
1.644 1.19 0.00361186 
1.644 1.195 0.00381543 
1.644 1.2 0.00391386 
1.644 1.205 0.00415206 
1.644 1.21 0.00416389 
1.644 1.215 0.00430949 
1.644 1.22 0.00459567 
1.644 1.225 0.00454789 
1.644 1.23 0.00465601 
1.644 1.235 0.00479444 
1.644 1.24 0.0047934 
1.644 1.245 0.00467764 
1.644 1.25 0.00474728 
1.644 1.255 0.00475643 
1.644 1.26 0.00469353 
1.644 1.265 0.00475487 
1.644 1.27 0.00465133 
1.644 1.275 0.00460165 
1.644 1.28 0.00450641 
1.644 1.285 0.00424308 
1.644 1.29 0.00415709 
1.644 1.295 0.004092 
1.644 1.3 0.00392207 
1.644 1.305 0.00372078 
1.644 1.31 0.00361222 
1.644 1.315 0.00339083 
1.644 1.32 0.00315662 
1.644 1.325 0.00295445 
1.644 1.33 0.00279272 
1.644 1.335 0.00257321 
1.644 1.34 0.00247352 
1.644 1.345 0.00215694 
1.644 1.35 0.00203236 
1.644 1.355 0.00188351 
1.644 1.36 0.00174098 
1.644 1.365 0.00172215 
1.644 1.37 0.00139437 
1.644 1.375 0.00120103 
1.644 1.38 0.00106007 
1.644 1.385 0.000924317 
1.644 1.39 0.000760993 
1.644 1.395 0.000686423 
1.644 1.4 0.00063336 
1.644 1.405 0.0005388 
1.644 1.41 0.000451102 
1.644 1.415 0.000375551 
1.644 1.42 0.000302747 
1.644 1.425 0.000243225 
1.644 1.43 0.0002015 
1.644 1.435 0.000162143 
1.644 1.44 0.000131609 
1.644 1.445 0.0001032 
1.644 1.45 8.38477e-05 
1.644 1.455 6.50962e-05 
1.644 1.46 3.89785e-05 
1.644 1.465 9.0443e-06 
1.644 1.47 3.03379e-06 
1.644 1.475 2.42534e-06 
1.644 1.48 1.91191e-06 
1.644 1.485 1.33381e-06 
1.644 1.49 9.46658e-07 
1.644 1.495 6.37596e-07 
1.644 1.5 4.4504e-07 
1.644 1.505 2.74811e-07 
1.644 1.51 1.83005e-07 
1.644 1.515 1.20285e-07 
1.644 1.52 7.04201e-08 
1.644 1.525 4.04837e-08 
1.644 1.53 2.56643e-08 
1.644 1.535 1.01327e-08 
1.644 1.54 4.85583e-09 
1.644 1.545 1.94674e-09 
1.648 1.075 5.789e-08 
1.648 1.08 1.07563e-06 
1.648 1.085 6.83248e-06 
1.648 1.09 2.95449e-05 
1.648 1.095 0.000102523 
1.648 1.1 0.000409248 
1.648 1.105 0.000931369 
1.648 1.11 0.00130196 
1.648 1.115 0.00149186 
1.648 1.12 0.00175412 
1.648 1.125 0.0020708 
1.648 1.13 0.00231981 
1.648 1.135 0.00246844 
1.648 1.14 0.002622 
1.648 1.145 0.00257135 
1.648 1.15 0.0026267 
1.648 1.155 0.00267023 
1.648 1.16 0.00275478 
1.648 1.165 0.00295082 
1.648 1.17 0.00300276 
1.648 1.175 0.00322808 
1.648 1.18 0.00328918 
1.648 1.185 0.00358059 
1.648 1.19 0.0036848 
1.648 1.195 0.0037708 
1.648 1.2 0.00397193 
1.648 1.205 0.00406285 
1.648 1.21 0.00417968 
1.648 1.215 0.00439195 
1.648 1.22 0.00431798 
1.648 1.225 0.00447084 
1.648 1.23 0.00460624 
1.648 1.235 0.00462879 
1.648 1.24 0.00459722 
1.648 1.245 0.00457535 
1.648 1.25 0.00464419 
1.648 1.255 0.00450762 
1.648 1.26 0.00454517 
1.648 1.265 0.00455721 
1.648 1.27 0.00451007 
1.648 1.275 0.00440305 
1.648 1.28 0.00423324 
1.648 1.285 0.004155 
1.648 1.29 0.00389843 
1.648 1.295 0.00375422 
1.648 1.3 0.00365021 
1.648 1.305 0.00352574 
1.648 1.31 0.00329951 
1.648 1.315 0.00315047 
1.648 1.32 0.00293161 
1.648 1.325 0.00274075 
1.648 1.33 0.00256231 
1.648 1.335 0.00237809 
1.648 1.34 0.00213116 
1.648 1.345 0.00193879 
1.648 1.35 0.00182937 
1.648 1.355 0.00186141 
1.648 1.36 0.00159305 
1.648 1.365 0.00134757 
1.648 1.37 0.00119077 
1.648 1.375 0.00102018 
1.648 1.38 0.000893234 
1.648 1.385 0.000768454 
1.648 1.39 0.000698292 
1.648 1.395 0.00065097 
1.648 1.4 0.000545477 
1.648 1.405 0.000443289 
1.648 1.41 0.000347628 
1.648 1.415 0.000288321 
1.648 1.42 0.000239213 
1.648 1.425 0.000199594 
1.648 1.43 0.000157447 
1.648 1.435 0.000129771 
1.648 1.44 0.000103204 
1.648 1.445 7.97309e-05 
1.648 1.45 5.77956e-05 
1.648 1.455 2.25747e-05 
1.648 1.46 4.38093e-06 
1.648 1.465 3.13595e-06 
1.648 1.47 2.63248e-06 
1.648 1.475 1.95276e-06 
1.648 1.48 1.34582e-06 
1.648 1.485 9.13993e-07 
1.648 1.49 6.40157e-07 
1.648 1.495 4.16961e-07 
1.648 1.5 2.94922e-07 
1.648 1.505 1.96332e-07 
1.648 1.51 1.13802e-07 
1.648 1.515 7.27402e-08 
1.648 1.52 4.11007e-08 
1.648 1.525 2.82346e-08 
1.648 1.53 1.15883e-08 
1.648 1.535 5.74722e-09 
1.648 1.54 2.65593e-09 
1.652 1.07 3.43183e-07 
1.652 1.075 2.33767e-06 
1.652 1.08 1.24351e-05 
1.652 1.085 4.76557e-05 
1.652 1.09 0.000184644 
1.652 1.095 0.000528831 
1.652 1.1 0.000863736 
1.652 1.105 0.0010344 
1.652 1.11 0.00117117 
1.652 1.115 0.00142315 
1.652 1.12 0.00163377 
1.652 1.125 0.00175953 
1.652 1.13 0.00188219 
1.652 1.135 0.00191828 
1.652 1.14 0.0019397 
1.652 1.145 0.00197979 
1.652 1.15 0.00203947 
1.652 1.155 0.00210322 
1.652 1.16 0.00220282 
1.652 1.165 0.00227634 
1.652 1.17 0.00240637 
1.652 1.175 0.00248936 
1.652 1.18 0.00274796 
1.652 1.185 0.0028783 
1.652 1.19 0.00289855 
1.652 1.195 0.00302521 
1.652 1.2 0.00315995 
1.652 1.205 0.00324611 
1.652 1.21 0.00334345 
1.652 1.215 0.00336791 
1.652 1.22 0.00354175 
1.652 1.225 0.00357444 
1.652 1.23 0.00354507 
1.652 1.235 0.00357712 
1.652 1.24 0.00355043 
1.652 1.245 0.00358509 
1.652 1.25 0.00352768 
1.652 1.255 0.00356441 
1.652 1.26 0.00359471 
1.652 1.265 0.00355107 
1.652 1.27 0.00346071 
1.652 1.275 0.00332531 
1.652 1.28 0.00312166 
1.652 1.285 0.00302703 
1.652 1.29 0.00293547 
1.652 1.295 0.00284589 
1.652 1.3 0.00276513 
1.652 1.305 0.0025793 
1.652 1.31 0.00250009 
1.652 1.315 0.00229554 
1.652 1.32 0.00214658 
1.652 1.325 0.00200568 
1.652 1.33 0.00183455 
1.652 1.335 0.00167353 
1.652 1.34 0.00154457 
1.652 1.345 0.00156227 
1.652 1.35 0.00140908 
1.652 1.355 0.00120463 
1.652 1.36 0.00106628 
1.652 1.365 0.000922394 
1.652 1.37 0.000795287 
1.652 1.375 0.000669133 
1.652 1.38 0.000633086 
1.652 1.385 0.000580789 
1.652 1.39 0.000503904 
1.652 1.395 0.000416881 
1.652 1.4 0.000339319 
1.652 1.405 0.000276693 
1.652 1.41 0.000223179 
1.652 1.415 0.00018676 
1.652 1.42 0.000153506 
1.652 1.425 0.000124803 
1.652 1.43 0.000101903 
1.652 1.435 7.91851e-05 
1.652 1.44 6.35054e-05 
1.652 1.445 3.22281e-05 
1.652 1.45 5.88727e-06 
1.652 1.455 3.29962e-06 
1.652 1.46 2.61976e-06 
1.652 1.465 2.00204e-06 
1.652 1.47 1.58036e-06 
1.652 1.475 1.05599e-06 
1.652 1.48 7.9488e-07 
1.652 1.485 5.05445e-07 
1.652 1.49 3.44725e-07 
1.652 1.495 2.46194e-07 
1.652 1.5 1.59229e-07 
1.652 1.505 9.20164e-08 
1.652 1.51 6.15325e-08 
1.652 1.515 3.48705e-08 
1.652 1.52 1.9939e-08 
1.652 1.525 9.04449e-09 
1.652 1.53 5.71264e-09 
1.652 1.535 2.66566e-09 
1.652 1.54 4.46636e-10 
1.656 1.06 7.9807e-08 
1.656 1.065 8.82993e-07 
1.656 1.07 4.41748e-06 
1.656 1.075 1.88676e-05 
1.656 1.08 6.63536e-05 
1.656 1.085 0.000214631 
1.656 1.09 0.000434817 
1.656 1.095 0.000565395 
1.656 1.1 0.000645295 
1.656 1.105 0.000756927 
1.656 1.11 0.000912783 
1.656 1.115 0.00100316 
1.656 1.12 0.00109751 
1.656 1.125 0.00111875 
1.656 1.13 0.00114581 
1.656 1.135 0.00116614 
1.656 1.14 0.00119635 
1.656 1.145 0.00120437 
1.656 1.15 0.00126049 
1.656 1.155 0.00135198 
1.656 1.16 0.00142723 
1.656 1.165 0.00150491 
1.656 1.17 0.00156884 
1.656 1.175 0.00176602 
1.656 1.18 0.00178169 
1.656 1.185 0.00174859 
1.656 1.19 0.00188355 
1.656 1.195 0.00194167 
1.656 1.2 0.00197724 
1.656 1.205 0.00202701 
1.656 1.21 0.00207378 
1.656 1.215 0.00220596 
1.656 1.22 0.00217684 
1.656 1.225 0.00221967 
1.656 1.23 0.00223629 
1.656 1.235 0.00218697 
1.656 1.24 0.00219582 
1.656 1.245 0.00223985 
1.656 1.25 0.00219906 
1.656 1.255 0.00219924 
1.656 1.26 0.0021695 
1.656 1.265 0.00210794 
1.656 1.27 0.0020198 
1.656 1.275 0.00201248 
1.656 1.28 0.00191585 
1.656 1.285 0.00183084 
1.656 1.29 0.00176685 
1.656 1.295 0.00171948 
1.656 1.3 0.00158063 
1.656 1.305 0.00154094 
1.656 1.31 0.00144553 
1.656 1.315 0.0013309 
1.656 1.32 0.00122537 
1.656 1.325 0.00112579 
1.656 1.33 0.00104989 
1.656 1.335 0.00102097 
1.656 1.34 0.0009895 
1.656 1.345 0.000863553 
1.656 1.35 0.000731735 
1.656 1.355 0.00065818 
1.656 1.36 0.000569542 
1.656 1.365 0.000482393 
1.656 1.37 0.000440424 
1.656 1.375 0.00041741 
1.656 1.38 0.000368446 
1.656 1.385 0.000313062 
1.656 1.39 0.000264831 
1.656 1.395 0.000209986 
1.656 1.4 0.000168509 
1.656 1.405 0.000142083 
1.656 1.41 0.000113016 
1.656 1.415 9.84297e-05 
1.656 1.42 7.74428e-05 
1.656 1.425 6.38678e-05 
1.656 1.43 5.07878e-05 
1.656 1.435 3.36043e-05 
1.656 1.44 9.04354e-06 
1.656 1.445 2.8087e-06 
1.656 1.45 2.29275e-06 
1.656 1.455 1.72081e-06 
1.656 1.46 1.34753e-06 
1.656 1.465 9.48687e-07 
1.656 1.47 6.75485e-07 
1.656 1.475 4.57629e-07 
1.656 1.48 3.13597e-07 
1.656 1.485 2.19058e-07 
1.656 1.49 1.56123e-07 
1.656 1.495 8.96886e-08 
1.656 1.5 5.83584e-08 
1.656 1.505 4.00813e-08 
1.656 1.51 2.32101e-08 
1.656 1.515 1.21161e-08 
1.656 1.52 7.13011e-09 
1.656 1.525 4.43612e-09 
1.656 1.53 2.1675e-09 
1.656 1.535 6.36288e-10 
1.66 1.05 7.12656e-09 
1.66 1.055 1.59777e-07 
1.66 1.06 1.16653e-06 
1.66 1.065 5.04784e-06 
1.66 1.07 1.84566e-05 
1.66 1.075 6.46007e-05 
1.66 1.08 0.000153247 
1.66 1.085 0.000234939 
1.66 1.09 0.000277446 
1.66 1.095 0.000326045 
1.66 1.1 0.000388382 
1.66 1.105 0.000443329 
1.66 1.11 0.000478061 
1.66 1.115 0.000513897 
1.66 1.12 0.000520904 
1.66 1.125 0.000527625 
1.66 1.13 0.000543892 
1.66 1.135 0.000557943 
1.66 1.14 0.000579906 
1.66 1.145 0.0006083 
1.66 1.15 0.000653589 
1.66 1.155 0.000665404 
1.66 1.16 0.000728157 
1.66 1.165 0.000771536 
1.66 1.17 0.000828132 
1.66 1.175 0.00084891 
1.66 1.18 0.000856049 
1.66 1.185 0.000931667 
1.66 1.19 0.000945077 
1.66 1.195 0.000955682 
1.66 1.2 0.00100983 
1.66 1.205 0.00102247 
1.66 1.21 0.00105598 
1.66 1.215 0.00107041 
1.66 1.22 0.00107936 
1.66 1.225 0.00110334 
1.66 1.23 0.00105785 
1.66 1.235 0.00109976 
1.66 1.24 0.00108833 
1.66 1.245 0.00107276 
1.66 1.25 0.00108706 
1.66 1.255 0.00108036 
1.66 1.26 0.00104704 
1.66 1.265 0.00101099 
1.66 1.27 0.000994002 
1.66 1.275 0.000942399 
1.66 1.28 0.000909527 
1.66 1.285 0.000884418 
1.66 1.29 0.000827949 
1.66 1.295 0.000813706 
1.66 1.3 0.000759589 
1.66 1.305 0.000703306 
1.66 1.31 0.000636836 
1.66 1.315 0.000636185 
1.66 1.32 0.000563734 
1.66 1.325 0.000522326 
1.66 1.33 0.000519449 
1.66 1.335 0.000480634 
1.66 1.34 0.000421049 
1.66 1.345 0.000362394 
1.66 1.35 0.000313902 
1.66 1.355 0.00027297 
1.66 1.36 0.000246558 
1.66 1.365 0.000225807 
1.66 1.37 0.000208048 
1.66 1.375 0.000188744 
1.66 1.38 0.000154485 
1.66 1.385 0.000125113 
1.66 1.39 0.000101916 
1.66 1.395 8.33373e-05 
1.66 1.4 6.84522e-05 
1.66 1.405 5.59182e-05 
1.66 1.41 4.825e-05 
1.66 1.415 3.83579e-05 
1.66 1.42 3.12195e-05 
1.66 1.425 2.30647e-05 
1.66 1.43 9.8626e-06 
1.66 1.435 1.89828e-06 
1.66 1.44 1.42588e-06 
1.66 1.445 1.14199e-06 
1.66 1.45 9.29519e-07 
1.66 1.455 6.56892e-07 
1.66 1.46 4.72024e-07 
1.66 1.465 3.54274e-07 
1.66 1.47 2.4086e-07 
1.66 1.475 1.59658e-07 
1.66 1.48 1.12105e-07 
1.66 1.485 7.94479e-08 
1.66 1.49 4.78971e-08 
1.66 1.495 3.20234e-08 
1.66 1.5 1.92682e-08 
1.66 1.505 1.14752e-08 
1.66 1.51 6.28382e-09 
1.66 1.515 4.59143e-09 
1.66 1.52 2.68131e-09 
1.66 1.525 1.40072e-09 
1.66 1.53 3.87921e-10 
1.664 1.045 1.78476e-08 
1.664 1.05 1.98138e-07 
1.664 1.055 1.18813e-06 
1.664 1.06 4.33631e-06 
1.664 1.065 1.40466e-05 
1.664 1.07 4.15983e-05 
1.664 1.075 7.45657e-05 
1.664 1.08 9.39475e-05 
1.664 1.085 0.000108368 
1.664 1.09 0.000128298 
1.664 1.095 0.000145918 
1.664 1.1 0.000155912 
1.664 1.105 0.000174155 
1.664 1.11 0.000187493 
1.664 1.115 0.000192012 
1.664 1.12 0.000198562 
1.664 1.125 0.000199555 
1.664 1.13 0.000207328 
1.664 1.135 0.000222949 
1.664 1.14 0.000236004 
1.664 1.145 0.000245328 
1.664 1.15 0.00025334 
1.664 1.155 0.000284031 
1.664 1.16 0.000290286 
1.664 1.165 0.000310611 
1.664 1.17 0.000311418 
1.664 1.175 0.000338244 
1.664 1.18 0.000363781 
1.664 1.185 0.000352235 
1.664 1.19 0.000377239 
1.664 1.195 0.00037734 
1.664 1.2 0.000389967 
1.664 1.205 0.000400515 
1.664 1.21 0.000418228 
1.664 1.215 0.00041383 
1.664 1.22 0.000425537 
1.664 1.225 0.000417691 
1.664 1.23 0.000415558 
1.664 1.235 0.000421139 
1.664 1.24 0.000408558 
1.664 1.245 0.000411147 
1.664 1.25 0.000408353 
1.664 1.255 0.000405185 
1.664 1.26 0.000395714 
1.664 1.265 0.000384901 
1.664 1.27 0.000368013 
1.664 1.275 0.000353177 
1.664 1.28 0.000346378 
1.664 1.285 0.000325502 
1.664 1.29 0.000311771 
1.664 1.295 0.000296496 
1.664 1.3 0.000277118 
1.664 1.305 0.000255248 
1.664 1.31 0.000238051 
1.664 1.315 0.000223885 
1.664 1.32 0.000212812 
1.664 1.325 0.000209132 
1.664 1.33 0.000176043 
1.664 1.335 0.000160935 
1.664 1.34 0.000140855 
1.664 1.345 0.000120153 
1.664 1.35 0.000104898 
1.664 1.355 9.67455e-05 
1.664 1.36 9.09139e-05 
1.664 1.365 7.92845e-05 
1.664 1.37 7.06601e-05 
1.664 1.375 5.93521e-05 
1.664 1.38 4.88737e-05 
1.664 1.385 3.95038e-05 
1.664 1.39 3.28657e-05 
1.664 1.395 2.66475e-05 
1.664 1.4 2.20239e-05 
1.664 1.405 1.90052e-05 
1.664 1.41 1.48051e-05 
1.664 1.415 1.20807e-05 
1.664 1.42 6.9666e-06 
1.664 1.425 1.43134e-06 
1.664 1.43 7.10774e-07 
1.664 1.435 5.88597e-07 
1.664 1.44 4.93427e-07 
1.664 1.445 3.53712e-07 
1.664 1.45 2.60412e-07 
1.664 1.455 1.85425e-07 
1.664 1.46 1.25387e-07 
1.664 1.465 9.14311e-08 
1.664 1.47 6.75101e-08 
1.664 1.475 4.56446e-08 
1.664 1.48 2.8891e-08 
1.664 1.485 1.98898e-08 
1.664 1.49 1.20147e-08 
1.664 1.495 7.7522e-09 
1.664 1.5 4.77784e-09 
1.664 1.505 2.79634e-09 
1.664 1.51 2.15757e-09 
1.664 1.515 1.06291e-09 
1.664 1.52 5.91654e-10 
1.664 1.525 2.32982e-10 
1.668 1.035 6.41911e-10 
1.668 1.04 2.51261e-08 
1.668 1.045 1.72542e-07 
1.668 1.05 7.43756e-07 
1.668 1.055 2.56553e-06 
1.668 1.06 7.24352e-06 
1.668 1.065 1.62151e-05 
1.668 1.07 2.11346e-05 
1.668 1.075 2.6632e-05 
1.668 1.08 3.0684e-05 
1.668 1.085 3.41744e-05 
1.668 1.09 3.87244e-05 
1.668 1.095 4.28172e-05 
1.668 1.1 4.84203e-05 
1.668 1.105 5.41874e-05 
1.668 1.11 5.45085e-05 
1.668 1.115 5.58749e-05 
1.668 1.12 5.68217e-05 
1.668 1.125 6.10106e-05 
1.668 1.13 6.61278e-05 
1.668 1.135 6.77031e-05 
1.668 1.14 7.32633e-05 
1.668 1.145 7.58707e-05 
1.668 1.15 8.28945e-05 
1.668 1.155 8.87721e-05 
1.668 1.16 9.23707e-05 
1.668 1.165 9.60303e-05 
1.668 1.17 0.000101895 
1.668 1.175 0.000105708 
1.668 1.18 0.000105233 
1.668 1.185 0.000113624 
1.668 1.19 0.000114138 
1.668 1.195 0.000114381 
1.668 1.2 0.000123207 
1.668 1.205 0.000124172 
1.668 1.21 0.000128697 
1.668 1.215 0.000127465 
1.668 1.22 0.000125384 
1.668 1.225 0.000130547 
1.668 1.23 0.000123574 
1.668 1.235 0.000125652 
1.668 1.24 0.000126566 
1.668 1.245 0.000124765 
1.668 1.25 0.000125324 
1.668 1.255 0.000118436 
1.668 1.26 0.000117059 
1.668 1.265 0.000114211 
1.668 1.27 0.000108119 
1.668 1.275 0.000101483 
1.668 1.28 9.99517e-05 
1.668 1.285 9.29479e-05 
1.668 1.29 9.06969e-05 
1.668 1.295 8.32981e-05 
1.668 1.3 7.88477e-05 
1.668 1.305 7.28335e-05 
1.668 1.31 6.97175e-05 
1.668 1.315 6.83978e-05 
1.668 1.32 6.14905e-05 
1.668 1.325 5.38828e-05 
1.668 1.33 4.76161e-05 
1.668 1.335 4.20815e-05 
1.668 1.34 3.72488e-05 
1.668 1.345 3.27555e-05 
1.668 1.35 2.9733e-05 
1.668 1.355 2.81405e-05 
1.668 1.36 2.3587e-05 
1.668 1.365 2.02684e-05 
1.668 1.37 1.69921e-05 
1.668 1.375 1.39782e-05 
1.668 1.38 1.155e-05 
1.668 1.385 1.00567e-05 
1.668 1.39 8.16116e-06 
1.668 1.395 6.83168e-06 
1.668 1.4 5.65803e-06 
1.668 1.405 4.45454e-06 
1.668 1.41 3.28359e-06 
1.668 1.415 1.09129e-06 
1.668 1.42 2.90268e-07 
1.668 1.425 2.60132e-07 
1.668 1.43 1.88774e-07 
1.668 1.435 1.45503e-07 
1.668 1.44 1.07838e-07 
1.668 1.445 8.12064e-08 
1.668 1.45 5.80489e-08 
1.668 1.455 3.97252e-08 
1.668 1.46 2.85513e-08 
1.668 1.465 2.05394e-08 
1.668 1.47 1.43793e-08 
1.668 1.475 8.61468e-09 
1.668 1.48 5.92123e-09 
1.668 1.485 3.75439e-09 
1.668 1.49 2.30043e-09 
1.668 1.495 1.4982e-09 
1.668 1.5 1.07133e-09 
1.668 1.505 7.18151e-10 
1.668 1.51 3.89323e-10 
1.668 1.515 2.16166e-10 
1.672 1.03 1.49128e-09 
1.672 1.035 1.8259e-08 
1.672 1.04 1.02535e-07 
1.672 1.045 3.60278e-07 
1.672 1.05 1.04232e-06 
1.672 1.055 2.61536e-06 
1.672 1.06 4.25382e-06 
1.672 1.065 5.32228e-06 
1.672 1.07 6.30465e-06 
1.672 1.075 6.94444e-06 
1.672 1.08 7.27539e-06 
1.672 1.085 8.28616e-06 
1.672 1.09 9.94365e-06 
1.672 1.095 1.102e-05 
1.672 1.1 1.17933e-05 
1.672 1.105 1.23764e-05 
1.672 1.11 1.2569e-05 
1.672 1.115 1.32888e-05 
1.672 1.12 1.38318e-05 
1.672 1.125 1.49709e-05 
1.672 1.13 1.58745e-05 
1.672 1.135 1.71609e-05 
1.672 1.14 1.75365e-05 
1.672 1.145 1.954e-05 
1.672 1.15 2.09016e-05 
1.672 1.155 2.16943e-05 
1.672 1.16 2.24056e-05 
1.672 1.165 2.40383e-05 
1.672 1.17 2.37274e-05 
1.672 1.175 2.57649e-05 
1.672 1.18 2.60216e-05 
1.672 1.185 2.67942e-05 
1.672 1.19 2.71226e-05 
1.672 1.195 2.88656e-05 
1.672 1.2 2.83141e-05 
1.672 1.205 3.01074e-05 
1.672 1.21 2.9966e-05 
1.672 1.215 3.0497e-05 
1.672 1.22 3.00235e-05 
1.672 1.225 2.93772e-05 
1.672 1.23 2.94533e-05 
1.672 1.235 2.96227e-05 
1.672 1.24 2.89048e-05 
1.672 1.245 2.89333e-05 
1.672 1.25 2.81343e-05 
1.672 1.255 2.79502e-05 
1.672 1.26 2.67427e-05 
1.672 1.265 2.53031e-05 
1.672 1.27 2.3815e-05 
1.672 1.275 2.34378e-05 
1.672 1.28 2.27237e-05 
1.672 1.285 2.13606e-05 
1.672 1.29 1.98291e-05 
1.672 1.295 1.84338e-05 
1.672 1.3 1.77302e-05 
1.672 1.305 1.7181e-05 
1.672 1.31 1.65046e-05 
1.672 1.315 1.43972e-05 
1.672 1.32 1.20721e-05 
1.672 1.325 1.13794e-05 
1.672 1.33 9.82274e-06 
1.672 1.335 8.52734e-06 
1.672 1.34 7.57451e-06 
1.672 1.345 7.45742e-06 
1.672 1.35 6.43449e-06 
1.672 1.355 5.68331e-06 
1.672 1.36 4.79555e-06 
1.672 1.365 3.88087e-06 
1.672 1.37 3.19876e-06 
1.672 1.375 2.90864e-06 
1.672 1.38 2.27853e-06 
1.672 1.385 1.97722e-06 
1.672 1.39 1.61431e-06 
1.672 1.395 1.27328e-06 
1.672 1.4 1.02931e-06 
1.672 1.405 4.89945e-07 
1.672 1.41 9.88757e-08 
1.672 1.415 7.08052e-08 
1.672 1.42 6.14971e-08 
1.672 1.425 4.44651e-08 
1.672 1.43 3.68355e-08 
1.672 1.435 2.59626e-08 
1.672 1.44 1.89309e-08 
1.672 1.445 1.29475e-08 
1.672 1.45 9.40346e-09 
1.672 1.455 7.24695e-09 
1.672 1.46 5.0816e-09 
1.672 1.465 3.23572e-09 
1.672 1.47 2.14435e-09 
1.672 1.475 1.4357e-09 
1.672 1.48 9.46612e-10 
1.672 1.485 5.34018e-10 
1.672 1.49 3.99126e-10 
1.672 1.495 3.02548e-10 
1.672 1.5 1.64585e-10 
1.672 1.505 1.02551e-10 
1.676 1.025 1.10988e-09 
1.676 1.03 8.87913e-09 
1.676 1.035 3.8239e-08 
1.676 1.04 1.15478e-07 
1.676 1.045 3.41398e-07 
1.676 1.05 6.22892e-07 
1.676 1.055 8.13174e-07 
1.676 1.06 9.72229e-07 
1.676 1.065 1.11497e-06 
1.676 1.07 1.17925e-06 
1.676 1.075 1.25681e-06 
1.676 1.08 1.46617e-06 
1.676 1.085 1.74872e-06 
1.676 1.09 1.87353e-06 
1.676 1.095 2.05662e-06 
1.676 1.1 2.14588e-06 
1.676 1.105 2.23005e-06 
1.676 1.11 2.26414e-06 
1.676 1.115 2.516e-06 
1.676 1.12 2.67759e-06 
1.676 1.125 2.86131e-06 
1.676 1.13 3.05246e-06 
1.676 1.135 3.33736e-06 
1.676 1.14 3.46487e-06 
1.676 1.145 3.59267e-06 
1.676 1.15 3.87491e-06 
1.676 1.155 4.02929e-06 
1.676 1.16 4.21408e-06 
1.676 1.165 4.25652e-06 
1.676 1.17 4.62944e-06 
1.676 1.175 4.5135e-06 
1.676 1.18 4.63672e-06 
1.676 1.185 5.05332e-06 
1.676 1.19 5.1475e-06 
1.676 1.195 5.29935e-06 
1.676 1.2 5.37213e-06 
1.676 1.205 5.42559e-06 
1.676 1.21 5.57007e-06 
1.676 1.215 5.37844e-06 
1.676 1.22 5.53028e-06 
1.676 1.225 5.34389e-06 
1.676 1.23 5.23783e-06 
1.676 1.235 5.25451e-06 
1.676 1.24 5.20851e-06 
1.676 1.245 5.12853e-06 
1.676 1.25 5.22168e-06 
1.676 1.255 4.89645e-06 
1.676 1.26 4.62389e-06 
1.676 1.265 4.36878e-06 
1.676 1.27 4.39156e-06 
1.676 1.275 4.14678e-06 
1.676 1.28 3.95707e-06 
1.676 1.285 3.56288e-06 
1.676 1.29 3.40934e-06 
1.676 1.295 3.24896e-06 
1.676 1.3 3.18033e-06 
1.676 1.305 2.97844e-06 
1.676 1.31 2.51913e-06 
1.676 1.315 2.18165e-06 
1.676 1.32 1.98837e-06 
1.676 1.325 1.7457e-06 
1.676 1.33 1.58009e-06 
1.676 1.335 1.4315e-06 
1.676 1.34 1.41947e-06 
1.676 1.345 1.18079e-06 
1.676 1.35 1.04198e-06 
1.676 1.355 8.42412e-07 
1.676 1.36 7.06535e-07 
1.676 1.365 5.97637e-07 
1.676 1.37 5.00335e-07 
1.676 1.375 4.24318e-07 
1.676 1.38 3.62101e-07 
1.676 1.385 2.84994e-07 
1.676 1.39 2.38003e-07 
1.676 1.395 1.5719e-07 
1.676 1.4 3.6991e-08 
1.676 1.405 1.71582e-08 
1.676 1.41 1.32901e-08 
1.676 1.415 1.12846e-08 
1.676 1.42 9.01534e-09 
1.676 1.425 6.28812e-09 
1.676 1.43 4.72271e-09 
1.676 1.435 3.39317e-09 
1.676 1.44 2.38626e-09 
1.676 1.445 1.79345e-09 
1.676 1.45 1.33371e-09 
1.676 1.455 8.46474e-10 
1.676 1.46 5.63921e-10 
1.676 1.465 4.00332e-10 
1.676 1.47 2.5891e-10 
1.676 1.475 1.51952e-10 
1.676 1.48 1.11824e-10 
1.68 1.02 5.28985e-10 
1.68 1.025 2.94827e-09 
1.68 1.03 9.84929e-09 
1.68 1.035 2.87282e-08 
1.68 1.04 6.57872e-08 
1.68 1.045 9.87115e-08 
1.68 1.05 1.17799e-07 
1.68 1.055 1.39191e-07 
1.68 1.06 1.45237e-07 
1.68 1.065 1.63748e-07 
1.68 1.07 1.7059e-07 
1.68 1.075 1.98428e-07 
1.68 1.08 2.36464e-07 
1.68 1.085 2.5483e-07 
1.68 1.09 2.75669e-07 
1.68 1.095 2.81753e-07 
1.68 1.1 2.97359e-07 
1.68 1.105 3.23144e-07 
1.68 1.11 3.36003e-07 
1.68 1.115 3.66908e-07 
1.68 1.12 4.04258e-07 
1.68 1.125 4.29899e-07 
1.68 1.13 4.40949e-07 
1.68 1.135 4.54124e-07 
1.68 1.14 5.22013e-07 
1.68 1.145 5.19532e-07 
1.68 1.15 5.41308e-07 
1.68 1.155 5.77722e-07 
1.68 1.16 6.03268e-07 
1.68 1.165 6.16914e-07 
1.68 1.17 6.15528e-07 
1.68 1.175 6.94062e-07 
1.68 1.18 7.08669e-07 
1.68 1.185 7.12964e-07 
1.68 1.19 7.17798e-07 
1.68 1.195 7.52629e-07 
1.68 1.2 7.47088e-07 
1.68 1.205 7.64033e-07 
1.68 1.21 7.67267e-07 
1.68 1.215 7.80254e-07 
1.68 1.22 7.39247e-07 
1.68 1.225 7.3035e-07 
1.68 1.23 7.30412e-07 
1.68 1.235 7.11538e-07 
1.68 1.24 7.33613e-07 
1.68 1.245 7.18348e-07 
1.68 1.25 6.86631e-07 
1.68 1.255 6.39649e-07 
1.68 1.26 6.19824e-07 
1.68 1.265 6.0415e-07 
1.68 1.27 5.72786e-07 
1.68 1.275 5.33618e-07 
1.68 1.28 5.0187e-07 
1.68 1.285 4.77012e-07 
1.68 1.29 4.67272e-07 
1.68 1.295 4.37455e-07 
1.68 1.3 3.91148e-07 
1.68 1.305 3.46079e-07 
1.68 1.31 3.01855e-07 
1.68 1.315 2.75481e-07 
1.68 1.32 2.47043e-07 
1.68 1.325 2.32364e-07 
1.68 1.33 2.14474e-07 
1.68 1.335 1.88452e-07 
1.68 1.34 1.66754e-07 
1.68 1.345 1.40739e-07 
1.68 1.35 1.19207e-07 
1.68 1.355 9.58654e-08 
1.68 1.36 8.35636e-08 
1.68 1.365 6.96322e-08 
1.68 1.37 6.0989e-08 
1.68 1.375 4.87897e-08 
1.68 1.38 4.16367e-08 
1.68 1.385 3.10708e-08 
1.68 1.39 1.20108e-08 
1.68 1.395 2.94879e-09 
1.68 1.4 2.39968e-09 
1.68 1.405 1.95069e-09 
1.68 1.41 1.44111e-09 
1.68 1.415 1.1832e-09 
1.68 1.42 8.73041e-10 
1.68 1.425 6.82004e-10 
1.68 1.43 4.70444e-10 
1.68 1.435 3.41513e-10 
1.68 1.44 2.62489e-10 
1.68 1.445 1.85e-10 
1.68 1.45 1.20303e-10 
1.684 1.015 1.48424e-10 
1.684 1.02 6.11759e-10 
1.684 1.025 1.68728e-09 
1.684 1.03 5.10522e-09 
1.684 1.035 8.47482e-09 
1.684 1.04 1.09101e-08 
1.684 1.045 1.30666e-08 
1.684 1.05 1.41562e-08 
1.684 1.055 1.4763e-08 
1.684 1.06 1.65781e-08 
1.684 1.065 1.78895e-08 
1.684 1.07 2.05543e-08 
1.684 1.075 2.49513e-08 
1.684 1.08 2.63572e-08 
1.684 1.085 2.8023e-08 
1.684 1.09 2.86871e-08 
1.684 1.095 3.07671e-08 
1.684 1.1 3.30464e-08 
1.684 1.105 3.38956e-08 
1.684 1.11 4.08853e-08 
1.684 1.115 4.04689e-08 
1.684 1.12 4.33637e-08 
1.684 1.125 4.53714e-08 
1.684 1.13 4.93205e-08 
1.684 1.135 5.28292e-08 
1.684 1.14 5.3954e-08 
1.684 1.145 5.57513e-08 
1.684 1.15 6.05017e-08 
1.684 1.155 6.29575e-08 
1.684 1.16 6.43721e-08 
1.684 1.165 6.51552e-08 
1.684 1.17 7.43289e-08 
1.684 1.175 7.49765e-08 
1.684 1.18 7.51751e-08 
1.684 1.185 7.65176e-08 
1.684 1.19 7.78931e-08 
1.684 1.195 7.94323e-08 
1.684 1.2 7.96501e-08 
1.684 1.205 8.24498e-08 
1.684 1.21 7.9625e-08 
1.684 1.215 7.9739e-08 
1.684 1.22 7.9149e-08 
1.684 1.225 7.49056e-08 
1.684 1.23 7.60057e-08 
1.684 1.235 7.88903e-08 
1.684 1.24 7.6043e-08 
1.684 1.245 7.13118e-08 
1.684 1.25 6.97157e-08 
1.684 1.255 6.64269e-08 
1.684 1.26 6.29228e-08 
1.684 1.265 6.09364e-08 
1.684 1.27 5.77123e-08 
1.684 1.275 5.15059e-08 
1.684 1.28 5.55685e-08 
1.684 1.285 5.01455e-08 
1.684 1.29 4.80735e-08 
1.684 1.295 4.0555e-08 
1.684 1.3 3.62294e-08 
1.684 1.305 3.37226e-08 
1.684 1.31 3.03821e-08 
1.684 1.315 2.57219e-08 
1.684 1.32 2.55135e-08 
1.684 1.325 2.34445e-08 
1.684 1.33 2.07348e-08 
1.684 1.335 1.7833e-08 
1.684 1.34 1.49539e-08 
1.684 1.345 1.21863e-08 
1.684 1.35 1.03937e-08 
1.684 1.355 8.90646e-09 
1.684 1.36 7.69822e-09 
1.684 1.365 6.44168e-09 
1.684 1.37 5.25337e-09 
1.684 1.375 4.25084e-09 
1.684 1.38 2.48807e-09 
1.684 1.385 4.89818e-10 
1.684 1.39 3.02123e-10 
1.684 1.395 2.48573e-10 
1.684 1.4 2.22093e-10 
1.684 1.405 1.75712e-10 
1.684 1.41 1.34016e-10 
1.688 1.02 2.36248e-10 
1.688 1.025 5.60178e-10 
1.688 1.03 7.64153e-10 
1.688 1.035 8.82079e-10 
1.688 1.04 1.05029e-09 
1.688 1.045 1.09726e-09 
1.688 1.05 1.14289e-09 
1.688 1.055 1.23607e-09 
1.688 1.06 1.4287e-09 
1.688 1.065 1.57908e-09 
1.688 1.07 1.93451e-09 
1.688 1.075 2.00949e-09 
1.688 1.08 2.17956e-09 
1.688 1.085 2.2401e-09 
1.688 1.09 2.37074e-09 
1.688 1.095 2.57635e-09 
1.688 1.1 2.74605e-09 
1.688 1.105 3.01207e-09 
1.688 1.11 3.17525e-09 
1.688 1.115 3.38237e-09 
1.688 1.12 3.71526e-09 
1.688 1.125 3.89818e-09 
1.688 1.13 4.13132e-09 
1.688 1.135 4.30999e-09 
1.688 1.14 4.45107e-09 
1.688 1.145 4.81637e-09 
1.688 1.15 5.04421e-09 
1.688 1.155 5.01232e-09 
1.688 1.16 5.42947e-09 
1.688 1.165 5.7482e-09 
1.688 1.17 6.0709e-09 
1.688 1.175 6.0291e-09 
1.688 1.18 5.93938e-09 
1.688 1.185 6.32646e-09 
1.688 1.19 6.49216e-09 
1.688 1.195 6.47377e-09 
1.688 1.2 6.3259e-09 
1.688 1.205 6.36166e-09 
1.688 1.21 6.74093e-09 
1.688 1.215 6.48736e-09 
1.688 1.22 5.92742e-09 
1.688 1.225 6.27055e-09 
1.688 1.23 6.00046e-09 
1.688 1.235 6.02369e-09 
1.688 1.24 5.96748e-09 
1.688 1.245 5.32541e-09 
1.688 1.25 5.43908e-09 
1.688 1.255 5.1189e-09 
1.688 1.26 4.89993e-09 
1.688 1.265 4.55475e-09 
1.688 1.27 4.39982e-09 
1.688 1.275 4.46994e-09 
1.688 1.28 4.11784e-09 
1.688 1.285 3.67492e-09 
1.688 1.29 3.16302e-09 
1.688 1.295 3.0293e-09 
1.688 1.3 2.58179e-09 
1.688 1.305 2.42569e-09 
1.688 1.31 2.22297e-09 
1.688 1.315 2.12968e-09 
1.688 1.32 1.93923e-09 
1.688 1.325 1.67837e-09 
1.688 1.33 1.40887e-09 
1.688 1.335 1.17328e-09 
1.688 1.34 1.00428e-09 
1.688 1.345 8.41304e-10 
1.688 1.35 7.48283e-10 
1.688 1.355 6.13013e-10 
1.688 1.36 5.30625e-10 
1.688 1.365 4.27436e-10 
1.688 1.37 3.02372e-10 
1.692 1.065 1.07879e-10 
1.692 1.07 1.17097e-10 
1.692 1.075 1.22845e-10 
1.692 1.08 1.33261e-10 
1.692 1.085 1.40635e-10 
1.692 1.09 1.56394e-10 
1.692 1.095 1.5988e-10 
1.692 1.1 1.71232e-10 
1.692 1.105 1.9242e-10 
1.692 1.11 1.99441e-10 
1.692 1.115 2.29095e-10 
1.692 1.12 2.33254e-10 
1.692 1.125 2.42987e-10 
1.692 1.13 2.51988e-10 
1.692 1.135 2.85322e-10 
1.692 1.14 2.84853e-10 
1.692 1.145 2.95223e-10 
1.692 1.15 3.11248e-10 
1.692 1.155 3.27636e-10 
1.692 1.16 3.38537e-10 
1.692 1.165 3.54511e-10 
1.692 1.17 3.67153e-10 
1.692 1.175 3.68176e-10 
1.692 1.18 3.77041e-10 
1.692 1.185 3.695e-10 
1.692 1.19 3.8589e-10 
1.692 1.195 3.94656e-10 
1.692 1.2 3.74941e-10 
1.692 1.205 3.93179e-10 
1.692 1.21 3.78758e-10 
1.692 1.215 3.74476e-10 
1.692 1.22 3.67589e-10 
1.692 1.225 3.76178e-10 
1.692 1.23 3.72437e-10 
1.692 1.235 3.60075e-10 
1.692 1.24 3.34606e-10 
1.692 1.245 3.17179e-10 
1.692 1.25 3.09025e-10 
1.692 1.255 2.95591e-10 
1.692 1.26 2.75139e-10 
1.692 1.265 2.73687e-10 
1.692 1.27 2.79786e-10 
1.692 1.275 2.39856e-10 
1.692 1.28 2.15795e-10 
1.692 1.285 1.95627e-10 
1.692 1.29 1.77289e-10 
1.692 1.295 1.55996e-10 
1.692 1.3 1.46037e-10 
1.692 1.305 1.39135e-10 
1.692 1.31 1.33964e-10 
1.692 1.315 1.12952e-10 
1.692 1.32 1.02935e-10 
