#logr logg JPDF
1.592 1.345 1.02274e-10 
1.592 1.35 1.01709e-10 
1.592 1.36 1.03613e-10 
1.592 1.365 1.03055e-10 
1.596 1.21 1.47127e-10 
1.596 1.215 2.70554e-10 
1.596 1.22 4.19043e-10 
1.596 1.225 4.86731e-10 
1.596 1.23 5.21545e-10 
1.596 1.235 5.2523e-10 
1.596 1.24 5.33023e-10 
1.596 1.245 5.63065e-10 
1.596 1.25 5.82735e-10 
1.596 1.255 6.11703e-10 
1.596 1.26 6.32986e-10 
1.596 1.265 6.32386e-10 
1.596 1.27 6.98103e-10 
1.596 1.275 7.41952e-10 
1.596 1.28 7.71995e-10 
1.596 1.285 8.10368e-10 
1.596 1.29 7.8823e-10 
1.596 1.295 8.56129e-10 
1.596 1.3 8.98717e-10 
1.596 1.305 9.78048e-10 
1.596 1.31 9.50823e-10 
1.596 1.315 9.63189e-10 
1.596 1.32 1.06613e-09 
1.596 1.325 1.10226e-09 
1.596 1.33 1.07231e-09 
1.596 1.335 1.11741e-09 
1.596 1.34 1.1216e-09 
1.596 1.345 1.17691e-09 
1.596 1.35 1.14309e-09 
1.596 1.355 1.13031e-09 
1.596 1.36 1.13095e-09 
1.596 1.365 1.12352e-09 
1.596 1.37 1.13729e-09 
1.596 1.375 1.07965e-09 
1.596 1.38 1.07484e-09 
1.596 1.385 1.11563e-09 
1.596 1.39 1.05798e-09 
1.596 1.395 1.02225e-09 
1.596 1.4 9.9566e-10 
1.596 1.405 9.56791e-10 
1.596 1.41 8.94708e-10 
1.596 1.415 8.58082e-10 
1.596 1.42 8.22321e-10 
1.596 1.425 7.73009e-10 
1.596 1.43 7.58674e-10 
1.596 1.435 6.88448e-10 
1.596 1.44 6.56677e-10 
1.596 1.445 6.01683e-10 
1.596 1.45 5.45475e-10 
1.596 1.455 5.27627e-10 
1.596 1.46 5.11198e-10 
1.596 1.465 4.28169e-10 
1.596 1.47 3.99615e-10 
1.596 1.475 3.64912e-10 
1.596 1.48 2.94735e-10 
1.596 1.485 2.51741e-10 
1.596 1.49 2.38723e-10 
1.596 1.495 2.14701e-10 
1.596 1.5 1.8794e-10 
1.596 1.505 1.64935e-10 
1.596 1.51 1.36236e-10 
1.596 1.515 1.06341e-10 
1.6 1.195 2.07057e-10 
1.6 1.2 9.10789e-10 
1.6 1.205 2.04406e-09 
1.6 1.21 3.22124e-09 
1.6 1.215 4.18541e-09 
1.6 1.22 4.82944e-09 
1.6 1.225 4.9211e-09 
1.6 1.23 4.93962e-09 
1.6 1.235 4.98283e-09 
1.6 1.24 5.1565e-09 
1.6 1.245 5.47861e-09 
1.6 1.25 5.55481e-09 
1.6 1.255 5.90471e-09 
1.6 1.26 5.98814e-09 
1.6 1.265 6.47945e-09 
1.6 1.27 7.012e-09 
1.6 1.275 7.55525e-09 
1.6 1.28 7.12774e-09 
1.6 1.285 7.88044e-09 
1.6 1.29 8.23516e-09 
1.6 1.295 8.8724e-09 
1.6 1.3 9.15825e-09 
1.6 1.305 9.18322e-09 
1.6 1.31 9.65786e-09 
1.6 1.315 1.00448e-08 
1.6 1.32 1.03539e-08 
1.6 1.325 1.02722e-08 
1.6 1.33 1.08701e-08 
1.6 1.335 1.05018e-08 
1.6 1.34 1.10387e-08 
1.6 1.345 1.0829e-08 
1.6 1.35 1.11008e-08 
1.6 1.355 1.08994e-08 
1.6 1.36 1.0774e-08 
1.6 1.365 1.0827e-08 
1.6 1.37 1.06422e-08 
1.6 1.375 1.06126e-08 
1.6 1.38 1.00672e-08 
1.6 1.385 1.02232e-08 
1.6 1.39 9.66263e-09 
1.6 1.395 9.61594e-09 
1.6 1.4 9.1722e-09 
1.6 1.405 8.86689e-09 
1.6 1.41 8.26033e-09 
1.6 1.415 7.79136e-09 
1.6 1.42 7.37635e-09 
1.6 1.425 7.33713e-09 
1.6 1.43 6.55294e-09 
1.6 1.435 6.04578e-09 
1.6 1.44 5.67701e-09 
1.6 1.445 5.48344e-09 
1.6 1.45 5.38282e-09 
1.6 1.455 4.69988e-09 
1.6 1.46 4.30892e-09 
1.6 1.465 3.70831e-09 
1.6 1.47 3.19508e-09 
1.6 1.475 2.76794e-09 
1.6 1.48 2.51462e-09 
1.6 1.485 2.31689e-09 
1.6 1.49 2.03545e-09 
1.6 1.495 1.83352e-09 
1.6 1.5 1.56222e-09 
1.6 1.505 1.24738e-09 
1.6 1.51 1.03554e-09 
1.6 1.515 8.33383e-10 
1.6 1.52 7.25564e-10 
1.6 1.525 5.88413e-10 
1.6 1.53 4.67018e-10 
1.6 1.535 3.79104e-10 
1.6 1.54 3.14114e-10 
1.6 1.545 2.5201e-10 
1.6 1.55 1.17563e-10 
1.604 1.185 6.98557e-10 
1.604 1.19 4.57626e-09 
1.604 1.195 1.19999e-08 
1.604 1.2 2.01764e-08 
1.604 1.205 3.266e-08 
1.604 1.21 3.53361e-08 
1.604 1.215 3.64348e-08 
1.604 1.22 3.73647e-08 
1.604 1.225 3.87855e-08 
1.604 1.23 4.01143e-08 
1.604 1.235 4.20371e-08 
1.604 1.24 4.19065e-08 
1.604 1.245 4.33046e-08 
1.604 1.25 4.5415e-08 
1.604 1.255 4.75243e-08 
1.604 1.26 5.5047e-08 
1.604 1.265 5.58509e-08 
1.604 1.27 5.77401e-08 
1.604 1.275 5.98462e-08 
1.604 1.28 6.15305e-08 
1.604 1.285 6.76262e-08 
1.604 1.29 6.83288e-08 
1.604 1.295 7.18942e-08 
1.604 1.3 7.5025e-08 
1.604 1.305 7.80043e-08 
1.604 1.31 8.07543e-08 
1.604 1.315 8.3334e-08 
1.604 1.32 8.54201e-08 
1.604 1.325 8.16089e-08 
1.604 1.33 8.36709e-08 
1.604 1.335 8.53598e-08 
1.604 1.34 8.91698e-08 
1.604 1.345 8.82877e-08 
1.604 1.35 8.91507e-08 
1.604 1.355 8.50876e-08 
1.604 1.36 8.95698e-08 
1.604 1.365 8.97786e-08 
1.604 1.37 8.39625e-08 
1.604 1.375 8.42186e-08 
1.604 1.38 8.23995e-08 
1.604 1.385 8.19789e-08 
1.604 1.39 7.92403e-08 
1.604 1.395 7.43856e-08 
1.604 1.4 7.12499e-08 
1.604 1.405 6.5862e-08 
1.604 1.41 6.56609e-08 
1.604 1.415 5.97111e-08 
1.604 1.42 5.8909e-08 
1.604 1.425 5.32804e-08 
1.604 1.43 4.88844e-08 
1.604 1.435 4.67911e-08 
1.604 1.44 4.60619e-08 
1.604 1.445 4.40489e-08 
1.604 1.45 3.71841e-08 
1.604 1.455 3.36728e-08 
1.604 1.46 3.0489e-08 
1.604 1.465 2.54222e-08 
1.604 1.47 2.34572e-08 
1.604 1.475 2.10689e-08 
1.604 1.48 1.87715e-08 
1.604 1.485 1.69158e-08 
1.604 1.49 1.47885e-08 
1.604 1.495 1.22392e-08 
1.604 1.5 1.05375e-08 
1.604 1.505 8.06692e-09 
1.604 1.51 7.00589e-09 
1.604 1.515 5.93059e-09 
1.604 1.52 4.72993e-09 
1.604 1.525 3.92941e-09 
1.604 1.53 3.10717e-09 
1.604 1.535 2.58341e-09 
1.604 1.54 1.78455e-09 
1.604 1.545 4.85101e-10 
1.604 1.55 1.9307e-10 
1.604 1.555 1.43601e-10 
1.604 1.56 1.02514e-10 
1.608 1.175 1.69172e-09 
1.608 1.18 1.70966e-08 
1.608 1.185 5.44142e-08 
1.608 1.19 1.16313e-07 
1.608 1.195 1.73338e-07 
1.608 1.2 2.16302e-07 
1.608 1.205 2.33664e-07 
1.608 1.21 2.40521e-07 
1.608 1.215 2.53446e-07 
1.608 1.22 2.50704e-07 
1.608 1.225 2.64613e-07 
1.608 1.23 2.79072e-07 
1.608 1.235 2.8026e-07 
1.608 1.24 2.94731e-07 
1.608 1.245 3.046e-07 
1.608 1.25 3.474e-07 
1.608 1.255 3.6172e-07 
1.608 1.26 3.67619e-07 
1.608 1.265 3.86771e-07 
1.608 1.27 4.02861e-07 
1.608 1.275 4.23434e-07 
1.608 1.28 4.6757e-07 
1.608 1.285 4.6209e-07 
1.608 1.29 4.90932e-07 
1.608 1.295 4.99356e-07 
1.608 1.3 5.37271e-07 
1.608 1.305 5.46329e-07 
1.608 1.31 5.63032e-07 
1.608 1.315 5.86785e-07 
1.608 1.32 5.7883e-07 
1.608 1.325 5.82806e-07 
1.608 1.33 5.91086e-07 
1.608 1.335 6.19038e-07 
1.608 1.34 6.10441e-07 
1.608 1.345 6.05429e-07 
1.608 1.35 6.0585e-07 
1.608 1.355 6.19909e-07 
1.608 1.36 5.94938e-07 
1.608 1.365 5.8406e-07 
1.608 1.37 5.62155e-07 
1.608 1.375 5.64406e-07 
1.608 1.38 5.64732e-07 
1.608 1.385 5.31343e-07 
1.608 1.39 5.18077e-07 
1.608 1.395 4.90913e-07 
1.608 1.4 4.67747e-07 
1.608 1.405 4.48584e-07 
1.608 1.41 4.13997e-07 
1.608 1.415 4.03585e-07 
1.608 1.42 3.63458e-07 
1.608 1.425 3.43363e-07 
1.608 1.43 3.36018e-07 
1.608 1.435 3.44053e-07 
1.608 1.44 2.9105e-07 
1.608 1.445 2.67467e-07 
1.608 1.45 2.33446e-07 
1.608 1.455 2.04886e-07 
1.608 1.46 1.7274e-07 
1.608 1.465 1.60808e-07 
1.608 1.47 1.5178e-07 
1.608 1.475 1.30314e-07 
1.608 1.48 1.13982e-07 
1.608 1.485 1.00041e-07 
1.608 1.49 8.58941e-08 
1.608 1.495 7.09182e-08 
1.608 1.5 5.7234e-08 
1.608 1.505 4.75675e-08 
1.608 1.51 4.00047e-08 
1.608 1.515 3.27646e-08 
1.608 1.52 2.7627e-08 
1.608 1.525 2.18677e-08 
1.608 1.53 1.75385e-08 
1.608 1.535 6.67272e-09 
1.608 1.54 1.87293e-09 
1.608 1.545 1.21633e-09 
1.608 1.55 9.77656e-10 
1.608 1.555 7.44222e-10 
1.608 1.56 5.79047e-10 
1.608 1.565 4.22316e-10 
1.608 1.57 2.89519e-10 
1.608 1.575 2.05202e-10 
1.608 1.58 1.39363e-10 
1.612 1.165 1.1889e-09 
1.612 1.17 4.58396e-08 
1.612 1.175 2.16084e-07 
1.612 1.18 4.83467e-07 
1.612 1.185 7.93818e-07 
1.612 1.19 1.10807e-06 
1.612 1.195 1.28476e-06 
1.612 1.2 1.29308e-06 
1.612 1.205 1.31785e-06 
1.612 1.21 1.38997e-06 
1.612 1.215 1.41806e-06 
1.612 1.22 1.4996e-06 
1.612 1.225 1.50273e-06 
1.612 1.23 1.52762e-06 
1.612 1.235 1.61407e-06 
1.612 1.24 1.782e-06 
1.612 1.245 1.90004e-06 
1.612 1.25 2.08396e-06 
1.612 1.255 2.07715e-06 
1.612 1.26 2.18452e-06 
1.612 1.265 2.34767e-06 
1.612 1.27 2.47279e-06 
1.612 1.275 2.60203e-06 
1.612 1.28 2.71203e-06 
1.612 1.285 2.76061e-06 
1.612 1.29 2.9166e-06 
1.612 1.295 3.12696e-06 
1.612 1.3 3.14577e-06 
1.612 1.305 3.26351e-06 
1.612 1.31 3.23395e-06 
1.612 1.315 3.38477e-06 
1.612 1.32 3.33694e-06 
1.612 1.325 3.46675e-06 
1.612 1.33 3.45464e-06 
1.612 1.335 3.43248e-06 
1.612 1.34 3.50743e-06 
1.612 1.345 3.5272e-06 
1.612 1.35 3.47116e-06 
1.612 1.355 3.39971e-06 
1.612 1.36 3.47665e-06 
1.612 1.365 3.33466e-06 
1.612 1.37 3.25292e-06 
1.612 1.375 3.22867e-06 
1.612 1.38 3.08302e-06 
1.612 1.385 3.00592e-06 
1.612 1.39 2.86368e-06 
1.612 1.395 2.67756e-06 
1.612 1.4 2.57143e-06 
1.612 1.405 2.46756e-06 
1.612 1.41 2.30226e-06 
1.612 1.415 2.18646e-06 
1.612 1.42 2.02407e-06 
1.612 1.425 2.06204e-06 
1.612 1.43 1.87606e-06 
1.612 1.435 1.68497e-06 
1.612 1.44 1.49257e-06 
1.612 1.445 1.35155e-06 
1.612 1.45 1.14228e-06 
1.612 1.455 1.03498e-06 
1.612 1.46 9.86742e-07 
1.612 1.465 8.8629e-07 
1.612 1.47 7.91709e-07 
1.612 1.475 6.6143e-07 
1.612 1.48 5.82717e-07 
1.612 1.485 4.8699e-07 
1.612 1.49 3.89829e-07 
1.612 1.495 3.28356e-07 
1.612 1.5 2.78895e-07 
1.612 1.505 2.38041e-07 
1.612 1.51 1.96304e-07 
1.612 1.515 1.56236e-07 
1.612 1.52 1.27704e-07 
1.612 1.525 7.30619e-08 
1.612 1.53 1.80814e-08 
1.612 1.535 9.16093e-09 
1.612 1.54 7.28974e-09 
1.612 1.545 5.66037e-09 
1.612 1.55 4.62971e-09 
1.612 1.555 3.63418e-09 
1.612 1.56 2.64817e-09 
1.612 1.565 1.62779e-09 
1.612 1.57 1.21319e-09 
1.612 1.575 8.44084e-10 
1.612 1.58 6.20005e-10 
1.612 1.585 4.12945e-10 
1.612 1.59 3.00605e-10 
1.612 1.595 1.67384e-10 
1.612 1.6 1.06641e-10 
1.616 1.155 2.33006e-09 
1.616 1.16 4.2685e-08 
1.616 1.165 6.17651e-07 
1.616 1.17 1.6516e-06 
1.616 1.175 3.09978e-06 
1.616 1.18 4.64596e-06 
1.616 1.185 5.74381e-06 
1.616 1.19 5.79069e-06 
1.616 1.195 5.99384e-06 
1.616 1.2 6.26685e-06 
1.616 1.205 6.44967e-06 
1.616 1.21 6.48559e-06 
1.616 1.215 6.75073e-06 
1.616 1.22 6.89348e-06 
1.616 1.225 7.42007e-06 
1.616 1.23 7.69466e-06 
1.616 1.235 8.65846e-06 
1.616 1.24 9.48711e-06 
1.616 1.245 9.55531e-06 
1.616 1.25 9.6328e-06 
1.616 1.255 1.04007e-05 
1.616 1.26 1.12979e-05 
1.616 1.265 1.19077e-05 
1.616 1.27 1.21845e-05 
1.616 1.275 1.26957e-05 
1.616 1.28 1.33063e-05 
1.616 1.285 1.41739e-05 
1.616 1.29 1.44349e-05 
1.616 1.295 1.51843e-05 
1.616 1.3 1.59027e-05 
1.616 1.305 1.55675e-05 
1.616 1.31 1.57582e-05 
1.616 1.315 1.56121e-05 
1.616 1.32 1.66692e-05 
1.616 1.325 1.67158e-05 
1.616 1.33 1.66423e-05 
1.616 1.335 1.70681e-05 
1.616 1.34 1.68268e-05 
1.616 1.345 1.67353e-05 
1.616 1.35 1.66629e-05 
1.616 1.355 1.66987e-05 
1.616 1.36 1.59794e-05 
1.616 1.365 1.57877e-05 
1.616 1.37 1.5347e-05 
1.616 1.375 1.50448e-05 
1.616 1.38 1.46978e-05 
1.616 1.385 1.40449e-05 
1.616 1.39 1.32427e-05 
1.616 1.395 1.23069e-05 
1.616 1.4 1.19641e-05 
1.616 1.405 1.12675e-05 
1.616 1.41 1.04949e-05 
1.616 1.415 1.00656e-05 
1.616 1.42 1.02321e-05 
1.616 1.425 9.15212e-06 
1.616 1.43 7.9709e-06 
1.616 1.435 7.1053e-06 
1.616 1.44 6.33858e-06 
1.616 1.445 5.6316e-06 
1.616 1.45 5.07487e-06 
1.616 1.455 4.84673e-06 
1.616 1.46 4.27655e-06 
1.616 1.465 3.80646e-06 
1.616 1.47 3.0938e-06 
1.616 1.475 2.78641e-06 
1.616 1.48 2.34116e-06 
1.616 1.485 1.85892e-06 
1.616 1.49 1.60664e-06 
1.616 1.495 1.35353e-06 
1.616 1.5 1.11181e-06 
1.616 1.505 9.34975e-07 
1.616 1.51 7.58521e-07 
1.616 1.515 5.51769e-07 
1.616 1.52 2.00582e-07 
1.616 1.525 6.21446e-08 
1.616 1.53 4.58468e-08 
1.616 1.535 3.57941e-08 
1.616 1.54 3.10827e-08 
1.616 1.545 2.30391e-08 
1.616 1.55 1.71302e-08 
1.616 1.555 1.19194e-08 
1.616 1.56 8.30324e-09 
1.616 1.565 5.8386e-09 
1.616 1.57 4.30149e-09 
1.616 1.575 3.23838e-09 
1.616 1.58 2.08353e-09 
1.616 1.585 1.42523e-09 
1.616 1.59 7.81458e-10 
1.616 1.595 5.28073e-10 
1.616 1.6 3.80239e-10 
1.616 1.605 2.48723e-10 
1.616 1.61 1.51307e-10 
1.62 1.145 1.93341e-09 
1.62 1.15 3.98894e-08 
1.62 1.155 1.07122e-06 
1.62 1.16 5.0245e-06 
1.62 1.165 9.13894e-06 
1.62 1.17 1.47003e-05 
1.62 1.175 2.01199e-05 
1.62 1.18 2.10524e-05 
1.62 1.185 2.236e-05 
1.62 1.19 2.38137e-05 
1.62 1.195 2.38531e-05 
1.62 1.2 2.41432e-05 
1.62 1.205 2.43985e-05 
1.62 1.21 2.64311e-05 
1.62 1.215 2.69707e-05 
1.62 1.22 2.80244e-05 
1.62 1.225 3.14015e-05 
1.62 1.23 3.41299e-05 
1.62 1.235 3.59502e-05 
1.62 1.24 3.67098e-05 
1.62 1.245 3.86299e-05 
1.62 1.25 4.17545e-05 
1.62 1.255 4.42148e-05 
1.62 1.26 4.61271e-05 
1.62 1.265 4.85882e-05 
1.62 1.27 5.078e-05 
1.62 1.275 5.48787e-05 
1.62 1.28 5.51779e-05 
1.62 1.285 5.75286e-05 
1.62 1.29 6.19639e-05 
1.62 1.295 6.22227e-05 
1.62 1.3 6.25691e-05 
1.62 1.305 6.36826e-05 
1.62 1.31 6.32598e-05 
1.62 1.315 6.5287e-05 
1.62 1.32 6.79634e-05 
1.62 1.325 6.77195e-05 
1.62 1.33 6.87575e-05 
1.62 1.335 6.8439e-05 
1.62 1.34 6.6262e-05 
1.62 1.345 6.77771e-05 
1.62 1.35 6.64661e-05 
1.62 1.355 6.3645e-05 
1.62 1.36 6.33928e-05 
1.62 1.365 6.26095e-05 
1.62 1.37 6.04253e-05 
1.62 1.375 5.96377e-05 
1.62 1.38 5.66942e-05 
1.62 1.385 5.36983e-05 
1.62 1.39 5.07041e-05 
1.62 1.395 4.86088e-05 
1.62 1.4 4.51791e-05 
1.62 1.405 4.31677e-05 
1.62 1.41 4.33058e-05 
1.62 1.415 3.93556e-05 
1.62 1.42 3.60991e-05 
1.62 1.425 3.22389e-05 
1.62 1.43 2.82293e-05 
1.62 1.435 2.48917e-05 
1.62 1.44 2.24695e-05 
1.62 1.445 2.27387e-05 
1.62 1.45 1.97787e-05 
1.62 1.455 1.76037e-05 
1.62 1.46 1.48816e-05 
1.62 1.465 1.26924e-05 
1.62 1.47 1.09867e-05 
1.62 1.475 9.36852e-06 
1.62 1.48 7.67117e-06 
1.62 1.485 6.59505e-06 
1.62 1.49 5.60505e-06 
1.62 1.495 4.59948e-06 
1.62 1.5 3.66999e-06 
1.62 1.505 3.04775e-06 
1.62 1.51 1.35736e-06 
1.62 1.515 3.81566e-07 
1.62 1.52 2.45575e-07 
1.62 1.525 1.98149e-07 
1.62 1.53 1.54445e-07 
1.62 1.535 1.20007e-07 
1.62 1.54 9.27379e-08 
1.62 1.545 6.94448e-08 
1.62 1.55 4.84605e-08 
1.62 1.555 3.53968e-08 
1.62 1.56 2.40296e-08 
1.62 1.565 1.71009e-08 
1.62 1.57 1.32539e-08 
1.62 1.575 8.84964e-09 
1.62 1.58 5.66246e-09 
1.62 1.585 3.47103e-09 
1.62 1.59 2.26339e-09 
1.62 1.595 1.88033e-09 
1.62 1.6 1.1093e-09 
1.62 1.605 6.86382e-10 
1.62 1.61 2.83037e-10 
1.62 1.615 1.75024e-10 
1.624 1.14 5.47287e-08 
1.624 1.145 1.18834e-06 
1.624 1.15 9.30796e-06 
1.624 1.155 2.32464e-05 
1.624 1.16 3.94308e-05 
1.624 1.165 5.22462e-05 
1.624 1.17 6.11669e-05 
1.624 1.175 6.95775e-05 
1.624 1.18 7.23403e-05 
1.624 1.185 7.38197e-05 
1.624 1.19 7.56972e-05 
1.624 1.195 7.62886e-05 
1.624 1.2 7.8717e-05 
1.624 1.205 8.26377e-05 
1.624 1.21 8.73482e-05 
1.624 1.215 9.13296e-05 
1.624 1.22 0.000101352 
1.624 1.225 0.000106807 
1.624 1.23 0.000114737 
1.624 1.235 0.000122685 
1.624 1.24 0.0001291 
1.624 1.245 0.000137479 
1.624 1.25 0.000143911 
1.624 1.255 0.000150533 
1.624 1.26 0.000163834 
1.624 1.265 0.000171934 
1.624 1.27 0.000174096 
1.624 1.275 0.000186918 
1.624 1.28 0.000193273 
1.624 1.285 0.000203954 
1.624 1.29 0.000207967 
1.624 1.295 0.000206771 
1.624 1.3 0.000213987 
1.624 1.305 0.000210916 
1.624 1.31 0.000215512 
1.624 1.315 0.000222108 
1.624 1.32 0.00022512 
1.624 1.325 0.000223294 
1.624 1.33 0.000233137 
1.624 1.335 0.000227597 
1.624 1.34 0.000224149 
1.624 1.345 0.000223755 
1.624 1.35 0.000219428 
1.624 1.355 0.000210666 
1.624 1.36 0.000207284 
1.624 1.365 0.00020523 
1.624 1.37 0.000202078 
1.624 1.375 0.000187006 
1.624 1.38 0.000179462 
1.624 1.385 0.000167913 
1.624 1.39 0.000166665 
1.624 1.395 0.000148377 
1.624 1.4 0.00015399 
1.624 1.405 0.000144988 
1.624 1.41 0.000128927 
1.624 1.415 0.000117219 
1.624 1.42 0.00010476 
1.624 1.425 9.43729e-05 
1.624 1.43 8.26585e-05 
1.624 1.435 7.72112e-05 
1.624 1.44 7.72062e-05 
1.624 1.445 6.71161e-05 
1.624 1.45 5.82917e-05 
1.624 1.455 4.91763e-05 
1.624 1.46 4.28648e-05 
1.624 1.465 3.58674e-05 
1.624 1.47 3.0914e-05 
1.624 1.475 2.6331e-05 
1.624 1.48 2.22611e-05 
1.624 1.485 1.85898e-05 
1.624 1.49 1.50388e-05 
1.624 1.495 1.27035e-05 
1.624 1.5 8.51869e-06 
1.624 1.505 2.52645e-06 
1.624 1.51 9.57469e-07 
1.624 1.515 9.06441e-07 
1.624 1.52 6.63334e-07 
1.624 1.525 5.50596e-07 
1.624 1.53 4.10097e-07 
1.624 1.535 3.23953e-07 
1.624 1.54 2.22514e-07 
1.624 1.545 1.60598e-07 
1.624 1.55 1.15676e-07 
1.624 1.555 8.34659e-08 
1.624 1.56 5.83886e-08 
1.624 1.565 4.36748e-08 
1.624 1.57 2.87874e-08 
1.624 1.575 1.72439e-08 
1.624 1.58 1.20154e-08 
1.624 1.585 9.10158e-09 
1.624 1.59 7.2692e-09 
1.624 1.595 4.008e-09 
1.624 1.6 2.50099e-09 
1.624 1.605 1.29727e-09 
1.624 1.61 6.23431e-10 
1.624 1.615 1.83906e-10 
1.628 1.13 4.59198e-08 
1.628 1.135 6.65106e-07 
1.628 1.14 1.28733e-05 
1.628 1.145 4.41352e-05 
1.628 1.15 7.83364e-05 
1.628 1.155 0.000115691 
1.628 1.16 0.000132016 
1.628 1.165 0.000157169 
1.628 1.17 0.000181313 
1.628 1.175 0.000189543 
1.628 1.18 0.000191416 
1.628 1.185 0.000193457 
1.628 1.19 0.000198192 
1.628 1.195 0.000208826 
1.628 1.2 0.000216256 
1.628 1.205 0.00022946 
1.628 1.21 0.000245453 
1.628 1.215 0.000261672 
1.628 1.22 0.000271357 
1.628 1.225 0.000307733 
1.628 1.23 0.000324489 
1.628 1.235 0.000353431 
1.628 1.24 0.000371903 
1.628 1.245 0.000400719 
1.628 1.25 0.000414453 
1.628 1.255 0.000454574 
1.628 1.26 0.00046174 
1.628 1.265 0.000488798 
1.628 1.27 0.000495561 
1.628 1.275 0.000521503 
1.628 1.28 0.000537141 
1.628 1.285 0.000555819 
1.628 1.29 0.000564661 
1.628 1.295 0.000573145 
1.628 1.3 0.000585798 
1.628 1.305 0.000590918 
1.628 1.31 0.000610506 
1.628 1.315 0.000617784 
1.628 1.32 0.000626058 
1.628 1.325 0.000646354 
1.628 1.33 0.000623834 
1.628 1.335 0.000624148 
1.628 1.34 0.000627306 
1.628 1.345 0.000601601 
1.628 1.35 0.000592096 
1.628 1.355 0.000581589 
1.628 1.36 0.000563335 
1.628 1.365 0.000542705 
1.628 1.37 0.000528174 
1.628 1.375 0.000481914 
1.628 1.38 0.00047535 
1.628 1.385 0.000453647 
1.628 1.39 0.000436553 
1.628 1.395 0.000438775 
1.628 1.4 0.000398515 
1.628 1.405 0.000372659 
1.628 1.41 0.000322391 
1.628 1.415 0.000283718 
1.628 1.42 0.000256701 
1.628 1.425 0.000236062 
1.628 1.43 0.000219455 
1.628 1.435 0.000217545 
1.628 1.44 0.000184875 
1.628 1.445 0.000160484 
1.628 1.45 0.000137698 
1.628 1.455 0.00011536 
1.628 1.46 9.73457e-05 
1.628 1.465 8.5724e-05 
1.628 1.47 7.31531e-05 
1.628 1.475 5.97705e-05 
1.628 1.48 5.07413e-05 
1.628 1.485 4.19172e-05 
1.628 1.49 3.29542e-05 
1.628 1.495 1.25588e-05 
1.628 1.5 3.89946e-06 
1.628 1.505 2.95573e-06 
1.628 1.51 2.44219e-06 
1.628 1.515 1.90766e-06 
1.628 1.52 1.51002e-06 
1.628 1.525 1.15318e-06 
1.628 1.53 8.6001e-07 
1.628 1.535 6.0225e-07 
1.628 1.54 4.49397e-07 
1.628 1.545 3.27082e-07 
1.628 1.55 2.29885e-07 
1.628 1.555 1.69724e-07 
1.628 1.56 1.32353e-07 
1.628 1.565 7.40872e-08 
1.628 1.57 5.11349e-08 
1.628 1.575 3.90987e-08 
1.628 1.58 3.03e-08 
1.628 1.585 2.23101e-08 
1.628 1.59 1.22093e-08 
1.628 1.595 7.52923e-09 
1.628 1.6 3.96972e-09 
1.628 1.605 2.02312e-09 
1.628 1.61 7.92373e-10 
1.628 1.615 1.18212e-10 
1.632 1.125 4.97878e-07 
1.632 1.13 1.19495e-05 
1.632 1.135 6.68058e-05 
1.632 1.14 0.00013259 
1.632 1.145 0.000187431 
1.632 1.15 0.000230456 
1.632 1.155 0.000280662 
1.632 1.16 0.000342612 
1.632 1.165 0.000392284 
1.632 1.17 0.000404441 
1.632 1.175 0.000414317 
1.632 1.18 0.000416455 
1.632 1.185 0.000431313 
1.632 1.19 0.000447681 
1.632 1.195 0.000481153 
1.632 1.2 0.000516188 
1.632 1.205 0.000538493 
1.632 1.21 0.000581284 
1.632 1.215 0.000652153 
1.632 1.22 0.000686598 
1.632 1.225 0.000739823 
1.632 1.23 0.000765838 
1.632 1.235 0.000861624 
1.632 1.24 0.000859248 
1.632 1.245 0.000941688 
1.632 1.25 0.000985199 
1.632 1.255 0.0010246 
1.632 1.26 0.00111067 
1.632 1.265 0.00114916 
1.632 1.27 0.00117171 
1.632 1.275 0.00122971 
1.632 1.28 0.00124902 
1.632 1.285 0.00127979 
1.632 1.29 0.00129641 
1.632 1.295 0.00136092 
1.632 1.3 0.00134806 
1.632 1.305 0.00135576 
1.632 1.31 0.00138628 
1.632 1.315 0.00143774 
1.632 1.32 0.00141159 
1.632 1.325 0.00143634 
1.632 1.33 0.00143209 
1.632 1.335 0.001411 
1.632 1.34 0.00135623 
1.632 1.345 0.00135651 
1.632 1.35 0.00131134 
1.632 1.355 0.00129329 
1.632 1.36 0.0012389 
1.632 1.365 0.00120306 
1.632 1.37 0.00113948 
1.632 1.375 0.00107539 
1.632 1.38 0.00105519 
1.632 1.385 0.00103742 
1.632 1.39 0.000995999 
1.632 1.395 0.000860145 
1.632 1.4 0.000791352 
1.632 1.405 0.000717098 
1.632 1.41 0.00064932 
1.632 1.415 0.000584974 
1.632 1.42 0.000552722 
1.632 1.425 0.000521548 
1.632 1.43 0.000479051 
1.632 1.435 0.000417606 
1.632 1.44 0.0003667 
1.632 1.445 0.000303673 
1.632 1.45 0.000261212 
1.632 1.455 0.0002228 
1.632 1.46 0.000192757 
1.632 1.465 0.0001669 
1.632 1.47 0.000134553 
1.632 1.475 0.000117227 
1.632 1.48 9.81827e-05 
1.632 1.485 5.15981e-05 
1.632 1.49 1.37409e-05 
1.632 1.495 8.46501e-06 
1.632 1.5 7.03601e-06 
1.632 1.505 5.60043e-06 
1.632 1.51 4.65528e-06 
1.632 1.515 3.39896e-06 
1.632 1.52 2.66345e-06 
1.632 1.525 1.88115e-06 
1.632 1.53 1.33904e-06 
1.632 1.535 1.00587e-06 
1.632 1.54 7.26292e-07 
1.632 1.545 5.52368e-07 
1.632 1.55 3.91941e-07 
1.632 1.555 2.88075e-07 
1.632 1.56 1.71613e-07 
1.632 1.565 1.21658e-07 
1.632 1.57 9.69629e-08 
1.632 1.575 6.67951e-08 
1.632 1.58 5.52278e-08 
1.632 1.585 2.93457e-08 
1.632 1.59 1.84869e-08 
1.632 1.595 1.00651e-08 
1.632 1.6 4.95655e-09 
1.632 1.605 2.11336e-09 
1.632 1.61 4.772e-10 
1.636 1.115 2.29397e-07 
1.636 1.12 8.3653e-06 
1.636 1.125 6.43248e-05 
1.636 1.13 0.000177943 
1.636 1.135 0.000277209 
1.636 1.14 0.000337336 
1.636 1.145 0.000416301 
1.636 1.15 0.000548061 
1.636 1.155 0.000650594 
1.636 1.16 0.000703172 
1.636 1.165 0.000703655 
1.636 1.17 0.000708561 
1.636 1.175 0.000741337 
1.636 1.18 0.000763823 
1.636 1.185 0.00080226 
1.636 1.19 0.000859909 
1.636 1.195 0.000915946 
1.636 1.2 0.000966361 
1.636 1.205 0.00104493 
1.636 1.21 0.00117599 
1.636 1.215 0.00124483 
1.636 1.22 0.0013271 
1.636 1.225 0.00140342 
1.636 1.23 0.0015454 
1.636 1.235 0.00162377 
1.636 1.24 0.00176914 
1.636 1.245 0.00188878 
1.636 1.25 0.00188347 
1.636 1.255 0.00202581 
1.636 1.26 0.00208605 
1.636 1.265 0.00209654 
1.636 1.27 0.00221753 
1.636 1.275 0.00230234 
1.636 1.28 0.00234274 
1.636 1.285 0.00240037 
1.636 1.29 0.00251211 
1.636 1.295 0.00249571 
1.636 1.3 0.00254972 
1.636 1.305 0.00263145 
1.636 1.31 0.00256652 
1.636 1.315 0.00269155 
1.636 1.32 0.00264994 
1.636 1.325 0.00269647 
1.636 1.33 0.00261144 
1.636 1.335 0.00253645 
1.636 1.34 0.00247796 
1.636 1.345 0.00246065 
1.636 1.35 0.00239733 
1.636 1.355 0.00232009 
1.636 1.36 0.00218654 
1.636 1.365 0.00207183 
1.636 1.37 0.00204867 
1.636 1.375 0.00200515 
1.636 1.38 0.00199301 
1.636 1.385 0.00176126 
1.636 1.39 0.00160664 
1.636 1.395 0.001499 
1.636 1.4 0.00133821 
1.636 1.405 0.00118483 
1.636 1.41 0.00108714 
1.636 1.415 0.00103505 
1.636 1.42 0.000963243 
1.636 1.425 0.000874982 
1.636 1.43 0.00076567 
1.636 1.435 0.000666713 
1.636 1.44 0.000555275 
1.636 1.445 0.000484286 
1.636 1.45 0.00041538 
1.636 1.455 0.00035516 
1.636 1.46 0.000307241 
1.636 1.465 0.000253475 
1.636 1.47 0.000215897 
1.636 1.475 0.000148558 
1.636 1.48 5.8691e-05 
1.636 1.485 1.83487e-05 
1.636 1.49 1.58964e-05 
1.636 1.495 1.31296e-05 
1.636 1.5 1.08575e-05 
1.636 1.505 8.36905e-06 
1.636 1.51 6.44526e-06 
1.636 1.515 4.64332e-06 
1.636 1.52 3.46161e-06 
1.636 1.525 2.56649e-06 
1.636 1.53 1.89217e-06 
1.636 1.535 1.36554e-06 
1.636 1.54 1.04091e-06 
1.636 1.545 7.82657e-07 
1.636 1.55 4.8253e-07 
1.636 1.555 3.37783e-07 
1.636 1.56 2.57263e-07 
1.636 1.565 1.964e-07 
1.636 1.57 1.5266e-07 
1.636 1.575 9.61398e-08 
1.636 1.58 5.52237e-08 
1.636 1.585 3.85661e-08 
1.636 1.59 2.07825e-08 
1.636 1.595 9.92453e-09 
1.636 1.6 4.31628e-09 
1.636 1.605 1.68922e-09 
1.636 1.61 1.31951e-10 
1.64 1.11 2.07496e-06 
1.64 1.115 4.66737e-05 
1.64 1.12 0.000181517 
1.64 1.125 0.000365071 
1.64 1.13 0.000423844 
1.64 1.135 0.000525886 
1.64 1.14 0.00065767 
1.64 1.145 0.000848158 
1.64 1.15 0.000959934 
1.64 1.155 0.000988138 
1.64 1.16 0.000993798 
1.64 1.165 0.00102958 
1.64 1.17 0.00106186 
1.64 1.175 0.00110172 
1.64 1.18 0.00119855 
1.64 1.185 0.00124579 
1.64 1.19 0.00135737 
1.64 1.195 0.00140211 
1.64 1.2 0.00160744 
1.64 1.205 0.00173054 
1.64 1.21 0.00183921 
1.64 1.215 0.00197048 
1.64 1.22 0.00203941 
1.64 1.225 0.00228069 
1.64 1.23 0.00241105 
1.64 1.235 0.00257169 
1.64 1.24 0.00267437 
1.64 1.245 0.0028348 
1.64 1.25 0.00300621 
1.64 1.255 0.00308045 
1.64 1.26 0.003138 
1.64 1.265 0.00331327 
1.64 1.27 0.00341738 
1.64 1.275 0.0035312 
1.64 1.28 0.00354188 
1.64 1.285 0.00382642 
1.64 1.29 0.00376768 
1.64 1.295 0.0038668 
1.64 1.3 0.00386233 
1.64 1.305 0.0039005 
1.64 1.31 0.00401122 
1.64 1.315 0.00399949 
1.64 1.32 0.00402746 
1.64 1.325 0.00395389 
1.64 1.33 0.00380359 
1.64 1.335 0.00374218 
1.64 1.34 0.00361928 
1.64 1.345 0.0036075 
1.64 1.35 0.00353165 
1.64 1.355 0.00330409 
1.64 1.36 0.0031736 
1.64 1.365 0.00311107 
1.64 1.37 0.00305828 
1.64 1.375 0.0028907 
1.64 1.38 0.00260232 
1.64 1.385 0.00242553 
1.64 1.39 0.00217123 
1.64 1.395 0.00194128 
1.64 1.4 0.00179049 
1.64 1.405 0.00173299 
1.64 1.41 0.00157531 
1.64 1.415 0.00145809 
1.64 1.42 0.00129711 
1.64 1.425 0.00113718 
1.64 1.43 0.00100651 
1.64 1.435 0.000845232 
1.64 1.44 0.000728197 
1.64 1.445 0.000611517 
1.64 1.45 0.000540504 
1.64 1.455 0.00046189 
1.64 1.46 0.000383499 
1.64 1.465 0.000310926 
1.64 1.47 0.000142635 
1.64 1.475 3.73364e-05 
1.64 1.48 2.87861e-05 
1.64 1.485 2.40298e-05 
1.64 1.49 2.02713e-05 
1.64 1.495 1.62121e-05 
1.64 1.5 1.25509e-05 
1.64 1.505 9.83032e-06 
1.64 1.51 7.01542e-06 
1.64 1.515 5.20142e-06 
1.64 1.52 3.8631e-06 
1.64 1.525 2.9477e-06 
1.64 1.53 2.11271e-06 
1.64 1.535 1.66709e-06 
1.64 1.54 1.10407e-06 
1.64 1.545 7.51995e-07 
1.64 1.55 5.3546e-07 
1.64 1.555 4.28183e-07 
1.64 1.56 3.32942e-07 
1.64 1.565 2.50965e-07 
1.64 1.57 1.5155e-07 
1.64 1.575 9.25607e-08 
1.64 1.58 6.32214e-08 
1.64 1.585 3.34337e-08 
1.64 1.59 1.54026e-08 
1.64 1.595 8.16848e-09 
1.64 1.6 2.82464e-09 
1.64 1.605 4.32273e-10 
1.644 1.1 7.39007e-07 
1.644 1.105 1.68001e-05 
1.644 1.11 0.000134973 
1.644 1.115 0.000328761 
1.644 1.12 0.000455902 
1.644 1.125 0.00052785 
1.644 1.13 0.000681019 
1.644 1.135 0.000883371 
1.644 1.14 0.000996565 
1.644 1.145 0.00112453 
1.644 1.15 0.00112276 
1.644 1.155 0.00113971 
1.644 1.16 0.00119361 
1.644 1.165 0.00121022 
1.644 1.17 0.0013091 
1.644 1.175 0.00135964 
1.644 1.18 0.00143859 
1.644 1.185 0.00158843 
1.644 1.19 0.00173672 
1.644 1.195 0.00191228 
1.644 1.2 0.00204728 
1.644 1.205 0.0021929 
1.644 1.21 0.00230516 
1.644 1.215 0.00252195 
1.644 1.22 0.00276316 
1.644 1.225 0.00296636 
1.644 1.23 0.00301893 
1.644 1.235 0.00333124 
1.644 1.24 0.00343752 
1.644 1.245 0.00351408 
1.644 1.25 0.00373724 
1.644 1.255 0.00382345 
1.644 1.26 0.00400659 
1.644 1.265 0.00409712 
1.644 1.27 0.00423398 
1.644 1.275 0.00442569 
1.644 1.28 0.00457358 
1.644 1.285 0.00465841 
1.644 1.29 0.00465654 
1.644 1.295 0.0048346 
1.644 1.3 0.00479788 
1.644 1.305 0.00481972 
1.644 1.31 0.0048657 
1.644 1.315 0.00484624 
1.644 1.32 0.00477355 
1.644 1.325 0.00473942 
1.644 1.33 0.00451638 
1.644 1.335 0.00445805 
1.644 1.34 0.00443703 
1.644 1.345 0.00421793 
1.644 1.35 0.00414694 
1.644 1.355 0.00386777 
1.644 1.36 0.00387569 
1.644 1.365 0.00392557 
1.644 1.37 0.00341379 
1.644 1.375 0.00312397 
1.644 1.38 0.002922 
1.644 1.385 0.00267663 
1.644 1.39 0.00230358 
1.644 1.395 0.00222841 
1.644 1.4 0.0021513 
1.644 1.405 0.00198687 
1.644 1.41 0.00176542 
1.644 1.415 0.00153737 
1.644 1.42 0.00134329 
1.644 1.425 0.00118114 
1.644 1.43 0.00102754 
1.644 1.435 0.000902557 
1.644 1.44 0.000776429 
1.644 1.445 0.000653186 
1.644 1.45 0.000567927 
1.644 1.455 0.000466103 
1.644 1.46 0.00031135 
1.644 1.465 8.89153e-05 
1.644 1.47 4.35587e-05 
1.644 1.475 3.68029e-05 
1.644 1.48 3.20101e-05 
1.644 1.485 2.54394e-05 
1.644 1.49 1.96535e-05 
1.644 1.495 1.53937e-05 
1.644 1.5 1.15793e-05 
1.644 1.505 8.56006e-06 
1.644 1.51 6.24436e-06 
1.644 1.515 4.90176e-06 
1.644 1.52 3.57833e-06 
1.644 1.525 2.6432e-06 
1.644 1.53 2.04547e-06 
1.644 1.535 1.23753e-06 
1.644 1.54 8.90732e-07 
1.644 1.545 7.60297e-07 
1.644 1.55 5.70628e-07 
1.644 1.555 4.51219e-07 
1.644 1.56 2.88041e-07 
1.644 1.565 1.89667e-07 
1.644 1.57 1.23456e-07 
1.644 1.575 7.59636e-08 
1.644 1.58 4.50961e-08 
1.644 1.585 2.00648e-08 
1.644 1.59 1.24252e-08 
1.644 1.595 4.02928e-09 
1.644 1.6 1.22779e-09 
1.648 1.09 1.99842e-07 
1.648 1.095 5.20314e-06 
1.648 1.1 6.28012e-05 
1.648 1.105 0.000226644 
1.648 1.11 0.000371995 
1.648 1.115 0.000451605 
1.648 1.12 0.000558106 
1.648 1.125 0.000697527 
1.648 1.13 0.000865595 
1.648 1.135 0.000950449 
1.648 1.14 0.00101119 
1.648 1.145 0.00101105 
1.648 1.15 0.00104007 
1.648 1.155 0.00113491 
1.648 1.16 0.00114562 
1.648 1.165 0.00123085 
1.648 1.17 0.00127387 
1.648 1.175 0.00140149 
1.648 1.18 0.00153439 
1.648 1.185 0.00169986 
1.648 1.19 0.00185007 
1.648 1.195 0.00190185 
1.648 1.2 0.00212471 
1.648 1.205 0.0022767 
1.648 1.21 0.00242666 
1.648 1.215 0.00268986 
1.648 1.22 0.0027355 
1.648 1.225 0.00294056 
1.648 1.23 0.00313419 
1.648 1.235 0.00337809 
1.648 1.24 0.00337622 
1.648 1.245 0.00355885 
1.648 1.25 0.00367406 
1.648 1.255 0.00382776 
1.648 1.26 0.0040157 
1.648 1.265 0.00415155 
1.648 1.27 0.00427695 
1.648 1.275 0.0045317 
1.648 1.28 0.0045436 
1.648 1.285 0.00463658 
1.648 1.29 0.00466253 
1.648 1.295 0.00463858 
1.648 1.3 0.00469994 
1.648 1.305 0.00471169 
1.648 1.31 0.00474463 
1.648 1.315 0.00472418 
1.648 1.32 0.00472418 
1.648 1.325 0.00450247 
1.648 1.33 0.00439812 
1.648 1.335 0.00438964 
1.648 1.34 0.00424713 
1.648 1.345 0.00393187 
1.648 1.35 0.00380103 
1.648 1.355 0.00404084 
1.648 1.36 0.00370879 
1.648 1.365 0.00333564 
1.648 1.37 0.00311651 
1.648 1.375 0.00281748 
1.648 1.38 0.00256919 
1.648 1.385 0.00231479 
1.648 1.39 0.0022926 
1.648 1.395 0.00221262 
1.648 1.4 0.00199603 
1.648 1.405 0.00171605 
1.648 1.41 0.00146036 
1.648 1.415 0.00129754 
1.648 1.42 0.00116724 
1.648 1.425 0.00102243 
1.648 1.43 0.000869486 
1.648 1.435 0.000753111 
1.648 1.44 0.000642997 
1.648 1.445 0.000534279 
1.648 1.45 0.000412616 
1.648 1.455 0.000170126 
1.648 1.46 5.32259e-05 
1.648 1.465 4.45641e-05 
1.648 1.47 3.77353e-05 
1.648 1.475 3.05237e-05 
1.648 1.48 2.52784e-05 
1.648 1.485 1.85607e-05 
1.648 1.49 1.53991e-05 
1.648 1.495 1.1049e-05 
1.648 1.5 8.35062e-06 
1.648 1.505 6.36269e-06 
1.648 1.51 4.73249e-06 
1.648 1.515 3.52669e-06 
1.648 1.52 2.69527e-06 
1.648 1.525 1.89658e-06 
1.648 1.53 1.24628e-06 
1.648 1.535 9.92761e-07 
1.648 1.54 8.17174e-07 
1.648 1.545 6.06616e-07 
1.648 1.55 4.47388e-07 
1.648 1.555 2.93735e-07 
1.648 1.56 1.89765e-07 
1.648 1.565 1.41544e-07 
1.648 1.57 7.41429e-08 
1.648 1.575 4.72356e-08 
1.648 1.58 2.25682e-08 
1.648 1.585 1.47844e-08 
1.648 1.59 5.32628e-09 
1.648 1.595 1.57872e-09 
1.652 1.085 8.96952e-07 
1.652 1.09 2.04727e-05 
1.652 1.095 0.000109985 
1.652 1.1 0.000233803 
1.652 1.105 0.000309737 
1.652 1.11 0.000359135 
1.652 1.115 0.000458215 
1.652 1.12 0.000584424 
1.652 1.125 0.000661526 
1.652 1.13 0.000698926 
1.652 1.135 0.000728696 
1.652 1.14 0.000754079 
1.652 1.145 0.000794715 
1.652 1.15 0.000820543 
1.652 1.155 0.000861613 
1.652 1.16 0.000914325 
1.652 1.165 0.00095757 
1.652 1.17 0.00107118 
1.652 1.175 0.00120131 
1.652 1.18 0.00132675 
1.652 1.185 0.00139417 
1.652 1.19 0.00149003 
1.652 1.195 0.00160349 
1.652 1.2 0.00173572 
1.652 1.205 0.00189102 
1.652 1.21 0.00201283 
1.652 1.215 0.00212379 
1.652 1.22 0.00232122 
1.652 1.225 0.00243747 
1.652 1.23 0.00252582 
1.652 1.235 0.00261537 
1.652 1.24 0.00273307 
1.652 1.245 0.00289468 
1.652 1.25 0.00293442 
1.652 1.255 0.00311069 
1.652 1.26 0.00328427 
1.652 1.265 0.00339132 
1.652 1.27 0.00354002 
1.652 1.275 0.00351915 
1.652 1.28 0.00351487 
1.652 1.285 0.00361282 
1.652 1.29 0.00361595 
1.652 1.295 0.0036594 
1.652 1.3 0.00369526 
1.652 1.305 0.00370611 
1.652 1.31 0.00385774 
1.652 1.315 0.00367887 
1.652 1.32 0.00354518 
1.652 1.325 0.00349739 
1.652 1.33 0.00334944 
1.652 1.335 0.00323501 
1.652 1.34 0.00306043 
1.652 1.345 0.00319684 
1.652 1.35 0.0031075 
1.652 1.355 0.00282634 
1.652 1.36 0.0026179 
1.652 1.365 0.00238924 
1.652 1.37 0.00215125 
1.652 1.375 0.00194312 
1.652 1.38 0.00195183 
1.652 1.385 0.00188675 
1.652 1.39 0.00171317 
1.652 1.395 0.0015112 
1.652 1.4 0.00132451 
1.652 1.405 0.00116561 
1.652 1.41 0.000997664 
1.652 1.415 0.000897337 
1.652 1.42 0.00080154 
1.652 1.425 0.00067295 
1.652 1.43 0.000593348 
1.652 1.435 0.000513541 
1.652 1.44 0.000423826 
1.652 1.445 0.000237387 
1.652 1.45 6.23338e-05 
1.652 1.455 4.20208e-05 
1.652 1.46 3.50572e-05 
1.652 1.465 2.94317e-05 
1.652 1.47 2.46758e-05 
1.652 1.475 1.98874e-05 
1.652 1.48 1.55204e-05 
1.652 1.485 1.17019e-05 
1.652 1.49 8.83741e-06 
1.652 1.495 6.55596e-06 
1.652 1.5 4.91696e-06 
1.652 1.505 3.63581e-06 
1.652 1.51 2.78812e-06 
1.652 1.515 2.01748e-06 
1.652 1.52 1.38495e-06 
1.652 1.525 1.02993e-06 
1.652 1.53 8.53712e-07 
1.652 1.535 6.9072e-07 
1.652 1.54 5.08637e-07 
1.652 1.545 3.46624e-07 
1.652 1.55 2.4613e-07 
1.652 1.555 1.69137e-07 
1.652 1.56 1.11933e-07 
1.652 1.565 6.05075e-08 
1.652 1.57 3.75058e-08 
1.652 1.575 2.06941e-08 
1.652 1.58 1.20898e-08 
1.652 1.585 4.31875e-09 
1.652 1.59 1.87449e-09 
1.652 1.595 1.37808e-10 
1.656 1.075 1.66309e-07 
1.656 1.08 3.66679e-06 
1.656 1.085 3.43966e-05 
1.656 1.09 0.00010709 
1.656 1.095 0.000162284 
1.656 1.1 0.000192882 
1.656 1.105 0.000237086 
1.656 1.11 0.000294655 
1.656 1.115 0.000362769 
1.656 1.12 0.000393909 
1.656 1.125 0.000406573 
1.656 1.13 0.000437193 
1.656 1.135 0.000447399 
1.656 1.14 0.000464605 
1.656 1.145 0.00047545 
1.656 1.15 0.000513147 
1.656 1.155 0.000548852 
1.656 1.16 0.000601202 
1.656 1.165 0.000657621 
1.656 1.17 0.000724639 
1.656 1.175 0.000808266 
1.656 1.18 0.000864698 
1.656 1.185 0.000912001 
1.656 1.19 0.000974948 
1.656 1.195 0.00108627 
1.656 1.2 0.00114801 
1.656 1.205 0.00120408 
1.656 1.21 0.00128947 
1.656 1.215 0.00144352 
1.656 1.22 0.00147337 
1.656 1.225 0.00155853 
1.656 1.23 0.00161543 
1.656 1.235 0.00169121 
1.656 1.24 0.00174227 
1.656 1.245 0.00184085 
1.656 1.25 0.00193735 
1.656 1.255 0.00199019 
1.656 1.26 0.00210171 
1.656 1.265 0.00212604 
1.656 1.27 0.00212467 
1.656 1.275 0.00223683 
1.656 1.28 0.00225106 
1.656 1.285 0.00227268 
1.656 1.29 0.0022503 
1.656 1.295 0.00233866 
1.656 1.3 0.00230494 
1.656 1.305 0.00230808 
1.656 1.31 0.00228039 
1.656 1.315 0.00221406 
1.656 1.32 0.00212492 
1.656 1.325 0.00210113 
1.656 1.33 0.00202647 
1.656 1.335 0.00206121 
1.656 1.34 0.00205611 
1.656 1.345 0.00189243 
1.656 1.35 0.00172472 
1.656 1.355 0.0016164 
1.656 1.36 0.00143158 
1.656 1.365 0.0013035 
1.656 1.37 0.00124713 
1.656 1.375 0.00125808 
1.656 1.38 0.00118634 
1.656 1.385 0.00109483 
1.656 1.39 0.000967704 
1.656 1.395 0.000818566 
1.656 1.4 0.000707789 
1.656 1.405 0.000634169 
1.656 1.41 0.000554131 
1.656 1.415 0.000506619 
1.656 1.42 0.00042838 
1.656 1.425 0.000371501 
1.656 1.43 0.000312574 
1.656 1.435 0.000220987 
1.656 1.44 7.95346e-05 
1.656 1.445 3.17092e-05 
1.656 1.45 2.64381e-05 
1.656 1.455 2.36992e-05 
1.656 1.46 1.89965e-05 
1.656 1.465 1.58282e-05 
1.656 1.47 1.21548e-05 
1.656 1.475 9.43372e-06 
1.656 1.48 7.15326e-06 
1.656 1.485 5.40444e-06 
1.656 1.49 4.1082e-06 
1.656 1.495 3.05994e-06 
1.656 1.5 2.37896e-06 
1.656 1.505 1.80396e-06 
1.656 1.51 1.24275e-06 
1.656 1.515 8.86092e-07 
1.656 1.52 6.93578e-07 
1.656 1.525 5.69243e-07 
1.656 1.53 4.79584e-07 
1.656 1.535 3.36091e-07 
1.656 1.54 2.20654e-07 
1.656 1.545 1.7556e-07 
1.656 1.55 1.08882e-07 
1.656 1.555 7.17251e-08 
1.656 1.56 4.06908e-08 
1.656 1.565 2.50214e-08 
1.656 1.57 1.30567e-08 
1.656 1.575 7.92674e-09 
1.656 1.58 3.06846e-09 
1.656 1.585 1.56792e-09 
1.656 1.59 1.88721e-10 
1.66 1.065 1.00018e-08 
1.66 1.07 4.39904e-07 
1.66 1.075 7.5963e-06 
1.66 1.08 3.33654e-05 
1.66 1.085 6.39397e-05 
1.66 1.09 8.03224e-05 
1.66 1.095 9.3618e-05 
1.66 1.1 0.000117249 
1.66 1.105 0.000149504 
1.66 1.11 0.00016126 
1.66 1.115 0.000172316 
1.66 1.12 0.000189335 
1.66 1.125 0.000196669 
1.66 1.13 0.000200659 
1.66 1.135 0.000211417 
1.66 1.14 0.000227271 
1.66 1.145 0.000242687 
1.66 1.15 0.000261228 
1.66 1.155 0.000278724 
1.66 1.16 0.000307733 
1.66 1.165 0.000347171 
1.66 1.17 0.000376416 
1.66 1.175 0.0004089 
1.66 1.18 0.000437677 
1.66 1.185 0.000487921 
1.66 1.19 0.000517093 
1.66 1.195 0.000553122 
1.66 1.2 0.000595986 
1.66 1.205 0.000634414 
1.66 1.21 0.000700402 
1.66 1.215 0.000715498 
1.66 1.22 0.000747898 
1.66 1.225 0.000799193 
1.66 1.23 0.000808187 
1.66 1.235 0.000867764 
1.66 1.24 0.000914621 
1.66 1.245 0.00094976 
1.66 1.25 0.000991798 
1.66 1.255 0.00101358 
1.66 1.26 0.00106312 
1.66 1.265 0.00106927 
1.66 1.27 0.00111003 
1.66 1.275 0.00109882 
1.66 1.28 0.00113736 
1.66 1.285 0.00110382 
1.66 1.29 0.00113126 
1.66 1.295 0.00116837 
1.66 1.3 0.0011365 
1.66 1.305 0.00110818 
1.66 1.31 0.0010723 
1.66 1.315 0.00109494 
1.66 1.32 0.00103279 
1.66 1.325 0.00101041 
1.66 1.33 0.00102792 
1.66 1.335 0.000995526 
1.66 1.34 0.000934331 
1.66 1.345 0.000848872 
1.66 1.35 0.0007621 
1.66 1.355 0.000725153 
1.66 1.36 0.00065215 
1.66 1.365 0.00065234 
1.66 1.37 0.000637842 
1.66 1.375 0.000607055 
1.66 1.38 0.000538453 
1.66 1.385 0.000451459 
1.66 1.39 0.000410546 
1.66 1.395 0.000353889 
1.66 1.4 0.000308344 
1.66 1.405 0.000267428 
1.66 1.41 0.000246985 
1.66 1.415 0.000209189 
1.66 1.42 0.00018444 
1.66 1.425 0.000146893 
1.66 1.43 7.22404e-05 
1.66 1.435 1.89742e-05 
1.66 1.44 1.66577e-05 
1.66 1.445 1.36392e-05 
1.66 1.45 1.15068e-05 
1.66 1.455 9.54476e-06 
1.66 1.46 7.80608e-06 
1.66 1.465 6.26409e-06 
1.66 1.47 4.59147e-06 
1.66 1.475 3.54049e-06 
1.66 1.48 2.64479e-06 
1.66 1.485 2.03181e-06 
1.66 1.49 1.52792e-06 
1.66 1.495 1.15736e-06 
1.66 1.5 8.51665e-07 
1.66 1.505 6.07974e-07 
1.66 1.51 4.71928e-07 
1.66 1.515 3.76793e-07 
1.66 1.52 3.21582e-07 
1.66 1.525 2.31146e-07 
1.66 1.53 1.78164e-07 
1.66 1.535 1.19579e-07 
1.66 1.54 8.59642e-08 
1.66 1.545 5.25599e-08 
1.66 1.55 3.43523e-08 
1.66 1.555 2.27644e-08 
1.66 1.56 1.27191e-08 
1.66 1.565 6.76227e-09 
1.66 1.57 4.16435e-09 
1.66 1.575 2.05424e-09 
1.66 1.58 7.85687e-10 
1.66 1.585 3.40373e-10 
1.664 1.06 4.85681e-08 
1.664 1.065 1.15243e-06 
1.664 1.07 6.8697e-06 
1.664 1.075 1.71995e-05 
1.664 1.08 2.4571e-05 
1.664 1.085 3.04337e-05 
1.664 1.09 3.77146e-05 
1.664 1.095 4.37753e-05 
1.664 1.1 4.74073e-05 
1.664 1.105 5.25592e-05 
1.664 1.11 6.17586e-05 
1.664 1.115 6.69683e-05 
1.664 1.12 6.92531e-05 
1.664 1.125 7.31205e-05 
1.664 1.13 7.79462e-05 
1.664 1.135 8.31925e-05 
1.664 1.14 8.97497e-05 
1.664 1.145 9.66011e-05 
1.664 1.15 0.000104358 
1.664 1.155 0.000118982 
1.664 1.16 0.000126202 
1.664 1.165 0.000141773 
1.664 1.17 0.000150767 
1.664 1.175 0.000171857 
1.664 1.18 0.000182666 
1.664 1.185 0.000198968 
1.664 1.19 0.00021251 
1.664 1.195 0.000226628 
1.664 1.2 0.000238748 
1.664 1.205 0.000260268 
1.664 1.21 0.000272512 
1.664 1.215 0.000289361 
1.664 1.22 0.000306819 
1.664 1.225 0.000314833 
1.664 1.23 0.00033944 
1.664 1.235 0.000354721 
1.664 1.24 0.000367489 
1.664 1.245 0.000370187 
1.664 1.25 0.00039212 
1.664 1.255 0.000405783 
1.664 1.26 0.000429169 
1.664 1.265 0.000426927 
1.664 1.27 0.000436454 
1.664 1.275 0.000435317 
1.664 1.28 0.00044207 
1.664 1.285 0.000443614 
1.664 1.29 0.000443729 
1.664 1.295 0.000436072 
1.664 1.3 0.00043942 
1.664 1.305 0.000423026 
1.664 1.31 0.000412186 
1.664 1.315 0.000407826 
1.664 1.32 0.000414464 
1.664 1.325 0.000408406 
1.664 1.33 0.000375369 
1.664 1.335 0.000351645 
1.664 1.34 0.000327622 
1.664 1.345 0.000292121 
1.664 1.35 0.000273968 
1.664 1.355 0.000259511 
1.664 1.36 0.000265492 
1.664 1.365 0.000240687 
1.664 1.37 0.000230057 
1.664 1.375 0.000205503 
1.664 1.38 0.000180139 
1.664 1.385 0.000160795 
1.664 1.39 0.000138393 
1.664 1.395 0.000119158 
1.664 1.4 0.000106253 
1.664 1.405 9.73419e-05 
1.664 1.41 8.12395e-05 
1.664 1.415 6.94214e-05 
1.664 1.42 4.50585e-05 
1.664 1.425 1.26309e-05 
1.664 1.43 7.15053e-06 
1.664 1.435 6.20634e-06 
1.664 1.44 5.60433e-06 
1.664 1.445 4.54606e-06 
1.664 1.45 3.84881e-06 
1.664 1.455 3.05167e-06 
1.664 1.46 2.31031e-06 
1.664 1.465 1.67958e-06 
1.664 1.47 1.36723e-06 
1.664 1.475 1.03842e-06 
1.664 1.48 7.8742e-07 
1.664 1.485 5.98963e-07 
1.664 1.49 4.50697e-07 
1.664 1.495 3.23891e-07 
1.664 1.5 2.47204e-07 
1.664 1.505 1.85994e-07 
1.664 1.51 1.70477e-07 
1.664 1.515 1.19346e-07 
1.664 1.52 9.57131e-08 
1.664 1.525 6.60587e-08 
1.664 1.53 4.67509e-08 
1.664 1.535 3.44872e-08 
1.664 1.54 2.10685e-08 
1.664 1.545 1.43683e-08 
1.664 1.55 8.89492e-09 
1.664 1.555 4.82383e-09 
1.664 1.56 3.24295e-09 
1.664 1.565 1.80054e-09 
1.664 1.57 8.42735e-10 
1.664 1.575 3.624e-10 
1.664 1.58 1.03773e-10 
1.668 1.05 3.41597e-09 
1.668 1.055 8.53893e-08 
1.668 1.06 7.88204e-07 
1.668 1.065 3.00273e-06 
1.668 1.07 4.86194e-06 
1.668 1.075 6.86871e-06 
1.668 1.08 8.19011e-06 
1.668 1.085 9.24022e-06 
1.668 1.09 1.04494e-05 
1.668 1.095 1.16625e-05 
1.668 1.1 1.47732e-05 
1.668 1.105 1.78639e-05 
1.668 1.11 1.82772e-05 
1.668 1.115 1.96163e-05 
1.668 1.12 2.02306e-05 
1.668 1.125 2.19775e-05 
1.668 1.13 2.41033e-05 
1.668 1.135 2.61262e-05 
1.668 1.14 2.88936e-05 
1.668 1.145 3.15146e-05 
1.668 1.15 3.44741e-05 
1.668 1.155 3.81641e-05 
1.668 1.16 4.18775e-05 
1.668 1.165 4.63535e-05 
1.668 1.17 5.03977e-05 
1.668 1.175 5.62504e-05 
1.668 1.18 5.85094e-05 
1.668 1.185 6.35766e-05 
1.668 1.19 6.76945e-05 
1.668 1.195 7.05862e-05 
1.668 1.2 7.77217e-05 
1.668 1.205 8.1392e-05 
1.668 1.21 8.84955e-05 
1.668 1.215 9.12386e-05 
1.668 1.22 9.58123e-05 
1.668 1.225 0.000102989 
1.668 1.23 0.000103415 
1.668 1.235 0.000109543 
1.668 1.24 0.000114586 
1.668 1.245 0.000121444 
1.668 1.25 0.0001229 
1.668 1.255 0.000127547 
1.668 1.26 0.000129965 
1.668 1.265 0.000132663 
1.668 1.27 0.000131384 
1.668 1.275 0.000133371 
1.668 1.28 0.000132106 
1.668 1.285 0.000132925 
1.668 1.29 0.000138561 
1.668 1.295 0.000130407 
1.668 1.3 0.000127608 
1.668 1.305 0.000126532 
1.668 1.31 0.000128282 
1.668 1.315 0.000128499 
1.668 1.32 0.000120757 
1.668 1.325 0.000113564 
1.668 1.33 0.000106046 
1.668 1.335 9.72855e-05 
1.668 1.34 8.93251e-05 
1.668 1.345 8.52014e-05 
1.668 1.35 8.17223e-05 
1.668 1.355 8.116e-05 
1.668 1.36 7.22387e-05 
1.668 1.365 6.73876e-05 
1.668 1.37 5.97642e-05 
1.668 1.375 5.32901e-05 
1.668 1.38 4.68163e-05 
1.668 1.385 4.25351e-05 
1.668 1.39 3.73817e-05 
1.668 1.395 3.29593e-05 
1.668 1.4 2.8876e-05 
1.668 1.405 2.54119e-05 
1.668 1.41 1.92879e-05 
1.668 1.415 7.52939e-06 
1.668 1.42 2.68756e-06 
1.668 1.425 2.40285e-06 
1.668 1.43 2.11841e-06 
1.668 1.435 1.70368e-06 
1.668 1.44 1.44659e-06 
1.668 1.445 1.1446e-06 
1.668 1.45 8.98426e-07 
1.668 1.455 6.80706e-07 
1.668 1.46 5.20547e-07 
1.668 1.465 4.1295e-07 
1.668 1.47 3.33757e-07 
1.668 1.475 2.31634e-07 
1.668 1.48 1.88148e-07 
1.668 1.485 1.3983e-07 
1.668 1.49 9.77878e-08 
1.668 1.495 8.11048e-08 
1.668 1.5 6.26607e-08 
1.668 1.505 5.34278e-08 
1.668 1.51 3.86422e-08 
1.668 1.515 3.07997e-08 
1.668 1.52 2.00574e-08 
1.668 1.525 1.53256e-08 
1.668 1.53 1.07409e-08 
1.668 1.535 7.27808e-09 
1.668 1.54 4.49217e-09 
1.668 1.545 2.58763e-09 
1.668 1.55 1.60755e-09 
1.668 1.555 1.07111e-09 
1.668 1.56 5.15986e-10 
1.668 1.565 2.59463e-10 
1.668 1.57 1.50683e-10 
1.672 1.045 6.57023e-09 
1.672 1.05 7.11098e-08 
1.672 1.055 3.92084e-07 
1.672 1.06 8.68802e-07 
1.672 1.065 1.26064e-06 
1.672 1.07 1.55484e-06 
1.672 1.075 1.69208e-06 
1.672 1.08 1.86297e-06 
1.672 1.085 2.25937e-06 
1.672 1.09 2.81765e-06 
1.672 1.095 3.42916e-06 
1.672 1.1 3.83915e-06 
1.672 1.105 4.14189e-06 
1.672 1.11 4.23465e-06 
1.672 1.115 4.58691e-06 
1.672 1.12 4.91195e-06 
1.672 1.125 5.49341e-06 
1.672 1.13 6.0953e-06 
1.672 1.135 6.71713e-06 
1.672 1.14 7.07371e-06 
1.672 1.145 8.15715e-06 
1.672 1.15 8.81478e-06 
1.672 1.155 9.97057e-06 
1.672 1.16 1.05599e-05 
1.672 1.165 1.17462e-05 
1.672 1.17 1.27404e-05 
1.672 1.175 1.35732e-05 
1.672 1.18 1.43553e-05 
1.672 1.185 1.53818e-05 
1.672 1.19 1.66499e-05 
1.672 1.195 1.8317e-05 
1.672 1.2 1.84748e-05 
1.672 1.205 2.06e-05 
1.672 1.21 2.14886e-05 
1.672 1.215 2.20654e-05 
1.672 1.22 2.40215e-05 
1.672 1.225 2.44751e-05 
1.672 1.23 2.61752e-05 
1.672 1.235 2.7046e-05 
1.672 1.24 2.7701e-05 
1.672 1.245 2.87627e-05 
1.672 1.25 2.94949e-05 
1.672 1.255 3.11104e-05 
1.672 1.26 3.18605e-05 
1.672 1.265 3.07848e-05 
1.672 1.27 3.12197e-05 
1.672 1.275 3.11983e-05 
1.672 1.28 3.16513e-05 
1.672 1.285 3.22528e-05 
1.672 1.29 3.11939e-05 
1.672 1.295 3.0355e-05 
1.672 1.3 2.96479e-05 
1.672 1.305 3.0191e-05 
1.672 1.31 3.10563e-05 
1.672 1.315 2.77781e-05 
1.672 1.32 2.51449e-05 
1.672 1.325 2.50269e-05 
1.672 1.33 2.29058e-05 
1.672 1.335 2.0899e-05 
1.672 1.34 1.99791e-05 
1.672 1.345 2.01034e-05 
1.672 1.35 1.87799e-05 
1.672 1.355 1.73523e-05 
1.672 1.36 1.57875e-05 
1.672 1.365 1.39711e-05 
1.672 1.37 1.25651e-05 
1.672 1.375 1.16688e-05 
1.672 1.38 9.78719e-06 
1.672 1.385 8.83419e-06 
1.672 1.39 7.85177e-06 
1.672 1.395 6.54497e-06 
1.672 1.4 5.64928e-06 
1.672 1.405 3.22763e-06 
1.672 1.41 8.05616e-07 
1.672 1.415 6.59634e-07 
1.672 1.42 5.57483e-07 
1.672 1.425 4.86992e-07 
1.672 1.43 4.23223e-07 
1.672 1.435 3.3766e-07 
1.672 1.44 2.68073e-07 
1.672 1.445 2.11535e-07 
1.672 1.45 1.62325e-07 
1.672 1.455 1.2752e-07 
1.672 1.46 9.8575e-08 
1.672 1.465 7.13961e-08 
1.672 1.47 5.70649e-08 
1.672 1.475 4.37813e-08 
1.672 1.48 3.12129e-08 
1.672 1.485 2.51158e-08 
1.672 1.49 1.94668e-08 
1.672 1.495 1.63452e-08 
1.672 1.5 1.21972e-08 
1.672 1.505 9.80343e-09 
1.672 1.51 7.17855e-09 
1.672 1.515 4.92559e-09 
1.672 1.52 4.20721e-09 
1.672 1.525 2.47771e-09 
1.672 1.53 1.71538e-09 
1.672 1.535 9.79403e-10 
1.672 1.54 7.10872e-10 
1.672 1.545 4.00546e-10 
1.672 1.55 2.55715e-10 
1.672 1.555 1.1291e-10 
1.676 1.035 2.08958e-10 
1.676 1.04 3.95964e-09 
1.676 1.045 3.86598e-08 
1.676 1.05 1.13506e-07 
1.676 1.055 1.80691e-07 
1.676 1.06 2.33628e-07 
1.676 1.065 2.73532e-07 
1.676 1.07 3.04977e-07 
1.676 1.075 3.30508e-07 
1.676 1.08 3.94767e-07 
1.676 1.085 5.26619e-07 
1.676 1.09 5.99018e-07 
1.676 1.095 6.46464e-07 
1.676 1.1 6.74893e-07 
1.676 1.105 7.36052e-07 
1.676 1.11 7.95849e-07 
1.676 1.115 8.77523e-07 
1.676 1.12 9.69267e-07 
1.676 1.125 1.06455e-06 
1.676 1.13 1.16922e-06 
1.676 1.135 1.32742e-06 
1.676 1.14 1.40804e-06 
1.676 1.145 1.60238e-06 
1.676 1.15 1.73283e-06 
1.676 1.155 1.88803e-06 
1.676 1.16 2.10189e-06 
1.676 1.165 2.21007e-06 
1.676 1.17 2.40288e-06 
1.676 1.175 2.57792e-06 
1.676 1.18 2.70352e-06 
1.676 1.185 3.04642e-06 
1.676 1.19 3.18615e-06 
1.676 1.195 3.41983e-06 
1.676 1.2 3.66049e-06 
1.676 1.205 3.85926e-06 
1.676 1.21 4.1306e-06 
1.676 1.215 4.28031e-06 
1.676 1.22 4.56379e-06 
1.676 1.225 4.74049e-06 
1.676 1.23 4.78534e-06 
1.676 1.235 5.11465e-06 
1.676 1.24 5.2557e-06 
1.676 1.245 5.50946e-06 
1.676 1.25 5.73379e-06 
1.676 1.255 5.73088e-06 
1.676 1.26 5.61335e-06 
1.676 1.265 5.78026e-06 
1.676 1.27 5.83584e-06 
1.676 1.275 5.86836e-06 
1.676 1.28 6.01808e-06 
1.676 1.285 5.59236e-06 
1.676 1.29 5.64825e-06 
1.676 1.295 5.61042e-06 
1.676 1.3 5.64868e-06 
1.676 1.305 5.60147e-06 
1.676 1.31 5.0483e-06 
1.676 1.315 4.66372e-06 
1.676 1.32 4.40625e-06 
1.676 1.325 4.06944e-06 
1.676 1.33 3.87601e-06 
1.676 1.335 3.78104e-06 
1.676 1.34 3.85689e-06 
1.676 1.345 3.43743e-06 
1.676 1.35 3.20426e-06 
1.676 1.355 2.81838e-06 
1.676 1.36 2.5325e-06 
1.676 1.365 2.24898e-06 
1.676 1.37 2.10126e-06 
1.676 1.375 1.82516e-06 
1.676 1.38 1.62247e-06 
1.676 1.385 1.42167e-06 
1.676 1.39 1.22916e-06 
1.676 1.395 9.30476e-07 
1.676 1.4 2.82093e-07 
1.676 1.405 1.45952e-07 
1.676 1.41 1.31648e-07 
1.676 1.415 1.03657e-07 
1.676 1.42 9.35762e-08 
1.676 1.425 7.47308e-08 
1.676 1.43 6.24158e-08 
1.676 1.435 4.84787e-08 
1.676 1.44 3.6385e-08 
1.676 1.445 2.88107e-08 
1.676 1.45 2.38471e-08 
1.676 1.455 1.73291e-08 
1.676 1.46 1.31116e-08 
1.676 1.465 1.03269e-08 
1.676 1.47 7.9361e-09 
1.676 1.475 5.62837e-09 
1.676 1.48 4.73732e-09 
1.676 1.485 3.64631e-09 
1.676 1.49 3.3047e-09 
1.676 1.495 2.53968e-09 
1.676 1.5 1.78787e-09 
1.676 1.505 1.30948e-09 
1.676 1.51 9.13425e-10 
1.676 1.515 7.08436e-10 
1.676 1.52 4.68054e-10 
1.676 1.525 3.21434e-10 
1.676 1.53 1.95404e-10 
1.676 1.535 1.25985e-10 
1.68 1.03 1.49571e-10 
1.68 1.035 2.31976e-09 
1.68 1.04 9.50716e-09 
1.68 1.045 2.03133e-08 
1.68 1.05 2.76896e-08 
1.68 1.055 3.24784e-08 
1.68 1.06 3.61394e-08 
1.68 1.065 3.99403e-08 
1.68 1.07 4.50725e-08 
1.68 1.075 5.4338e-08 
1.68 1.08 7.32754e-08 
1.68 1.085 7.73217e-08 
1.68 1.09 8.51664e-08 
1.68 1.095 8.73321e-08 
1.68 1.1 9.50581e-08 
1.68 1.105 1.08382e-07 
1.68 1.11 1.17373e-07 
1.68 1.115 1.32177e-07 
1.68 1.12 1.47119e-07 
1.68 1.125 1.61747e-07 
1.68 1.13 1.73388e-07 
1.68 1.135 1.89602e-07 
1.68 1.14 2.17947e-07 
1.68 1.145 2.39485e-07 
1.68 1.15 2.49464e-07 
1.68 1.155 2.8293e-07 
1.68 1.16 3.06056e-07 
1.68 1.165 3.38026e-07 
1.68 1.17 3.5217e-07 
1.68 1.175 3.84866e-07 
1.68 1.18 4.20686e-07 
1.68 1.185 4.40029e-07 
1.68 1.19 4.74506e-07 
1.68 1.195 5.12144e-07 
1.68 1.2 5.42114e-07 
1.68 1.205 5.58342e-07 
1.68 1.21 6.03159e-07 
1.68 1.215 6.5216e-07 
1.68 1.22 6.61709e-07 
1.68 1.225 6.58067e-07 
1.68 1.23 7.0365e-07 
1.68 1.235 7.17696e-07 
1.68 1.24 7.49256e-07 
1.68 1.245 8.18796e-07 
1.68 1.25 8.00352e-07 
1.68 1.255 8.13566e-07 
1.68 1.26 7.90855e-07 
1.68 1.265 8.19288e-07 
1.68 1.27 8.05411e-07 
1.68 1.275 8.1216e-07 
1.68 1.28 7.83372e-07 
1.68 1.285 7.89439e-07 
1.68 1.29 7.92971e-07 
1.68 1.295 7.9166e-07 
1.68 1.3 7.42773e-07 
1.68 1.305 7.03802e-07 
1.68 1.31 6.34615e-07 
1.68 1.315 6.05781e-07 
1.68 1.32 5.83692e-07 
1.68 1.325 5.67778e-07 
1.68 1.33 5.61552e-07 
1.68 1.335 5.42057e-07 
1.68 1.34 4.88426e-07 
1.68 1.345 4.33383e-07 
1.68 1.35 3.95847e-07 
1.68 1.355 3.3961e-07 
1.68 1.36 3.13844e-07 
1.68 1.365 2.85619e-07 
1.68 1.37 2.63734e-07 
1.68 1.375 2.27745e-07 
1.68 1.38 1.99392e-07 
1.68 1.385 1.66658e-07 
1.68 1.39 7.45666e-08 
1.68 1.395 2.27585e-08 
1.68 1.4 1.97521e-08 
1.68 1.405 1.75314e-08 
1.68 1.41 1.47729e-08 
1.68 1.415 1.32244e-08 
1.68 1.42 1.06953e-08 
1.68 1.425 8.55689e-09 
1.68 1.43 6.66701e-09 
1.68 1.435 4.94328e-09 
1.68 1.44 4.1904e-09 
1.68 1.445 3.32427e-09 
1.68 1.45 2.50096e-09 
1.68 1.455 1.98981e-09 
1.68 1.46 1.42221e-09 
1.68 1.465 1.01768e-09 
1.68 1.47 8.99771e-10 
1.68 1.475 6.55081e-10 
1.68 1.48 5.53486e-10 
1.68 1.485 4.64121e-10 
1.68 1.49 3.50826e-10 
1.68 1.495 2.52589e-10 
1.68 1.5 1.9149e-10 
1.68 1.505 1.41715e-10 
1.68 1.51 1.0836e-10 
1.684 1.03 6.07576e-10 
1.684 1.035 1.45102e-09 
1.684 1.04 2.3248e-09 
1.684 1.045 2.96954e-09 
1.684 1.05 3.31954e-09 
1.684 1.055 3.39913e-09 
1.684 1.06 4.23116e-09 
1.684 1.065 4.81452e-09 
1.684 1.07 6.14769e-09 
1.684 1.075 7.84485e-09 
1.684 1.08 7.80908e-09 
1.684 1.085 8.48684e-09 
1.684 1.09 8.64212e-09 
1.684 1.095 9.82611e-09 
1.684 1.1 1.11476e-08 
1.684 1.105 1.19909e-08 
1.684 1.11 1.39568e-08 
1.684 1.115 1.47245e-08 
1.684 1.12 1.63164e-08 
1.684 1.125 1.8192e-08 
1.684 1.13 1.9861e-08 
1.684 1.135 2.22958e-08 
1.684 1.14 2.37284e-08 
1.684 1.145 2.60673e-08 
1.684 1.15 3.00857e-08 
1.684 1.155 3.16161e-08 
1.684 1.16 3.41027e-08 
1.684 1.165 3.69679e-08 
1.684 1.17 4.21683e-08 
1.684 1.175 4.45017e-08 
1.684 1.18 4.68036e-08 
1.684 1.185 5.03949e-08 
1.684 1.19 5.31895e-08 
1.684 1.195 5.64796e-08 
1.684 1.2 5.94916e-08 
1.684 1.205 6.47733e-08 
1.684 1.21 6.57016e-08 
1.684 1.215 7.0828e-08 
1.684 1.22 7.46359e-08 
1.684 1.225 7.45294e-08 
1.684 1.23 7.33565e-08 
1.684 1.235 8.10096e-08 
1.684 1.24 8.58352e-08 
1.684 1.245 8.29987e-08 
1.684 1.25 8.58765e-08 
1.684 1.255 8.69263e-08 
1.684 1.26 8.66713e-08 
1.684 1.265 8.6721e-08 
1.684 1.27 8.66496e-08 
1.684 1.275 8.00015e-08 
1.684 1.28 8.73496e-08 
1.684 1.285 8.4706e-08 
1.684 1.29 8.60095e-08 
1.684 1.295 7.79e-08 
1.684 1.3 7.22572e-08 
1.684 1.305 6.96437e-08 
1.684 1.31 6.50696e-08 
1.684 1.315 6.03746e-08 
1.684 1.32 6.29655e-08 
1.684 1.325 6.06425e-08 
1.684 1.33 5.8563e-08 
1.684 1.335 5.42354e-08 
1.684 1.34 4.52826e-08 
1.684 1.345 4.2156e-08 
1.684 1.35 3.66143e-08 
1.684 1.355 3.35775e-08 
1.684 1.36 3.08279e-08 
1.684 1.365 2.75875e-08 
1.684 1.37 2.39556e-08 
1.684 1.375 2.13267e-08 
1.684 1.38 1.40563e-08 
1.684 1.385 3.48637e-09 
1.684 1.39 2.58115e-09 
1.684 1.395 2.25059e-09 
1.684 1.4 2.09045e-09 
1.684 1.405 1.6728e-09 
1.684 1.41 1.41676e-09 
1.684 1.415 1.12148e-09 
1.684 1.42 9.01548e-10 
1.684 1.425 7.04493e-10 
1.684 1.43 5.80523e-10 
1.684 1.435 4.70875e-10 
1.684 1.44 3.34519e-10 
1.684 1.445 2.5023e-10 
1.684 1.45 2.0575e-10 
1.684 1.455 1.43992e-10 
1.684 1.46 1.15334e-10 
1.688 1.03 1.41619e-10 
1.688 1.035 1.88722e-10 
1.688 1.04 2.28271e-10 
1.688 1.045 2.52245e-10 
1.688 1.05 2.66147e-10 
1.688 1.055 3.27458e-10 
1.688 1.06 3.90308e-10 
1.688 1.065 4.69449e-10 
1.688 1.07 5.64684e-10 
1.688 1.075 5.81042e-10 
1.688 1.08 6.3213e-10 
1.688 1.085 6.74014e-10 
1.688 1.09 7.4158e-10 
1.688 1.095 8.30301e-10 
1.688 1.1 9.15391e-10 
1.688 1.105 1.03339e-09 
1.688 1.11 1.17703e-09 
1.688 1.115 1.29818e-09 
1.688 1.12 1.43981e-09 
1.688 1.125 1.58784e-09 
1.688 1.13 1.72058e-09 
1.688 1.135 1.89719e-09 
1.688 1.14 2.05518e-09 
1.688 1.145 2.3298e-09 
1.688 1.15 2.48426e-09 
1.688 1.155 2.589e-09 
1.688 1.16 3.03347e-09 
1.688 1.165 3.34978e-09 
1.688 1.17 3.5796e-09 
1.688 1.175 3.84838e-09 
1.688 1.18 3.7916e-09 
1.688 1.185 4.20884e-09 
1.688 1.19 4.5657e-09 
1.688 1.195 4.76841e-09 
1.688 1.2 5.0824e-09 
1.688 1.205 5.2668e-09 
1.688 1.21 5.79763e-09 
1.688 1.215 5.89479e-09 
1.688 1.22 5.70539e-09 
1.688 1.225 6.18192e-09 
1.688 1.23 6.23523e-09 
1.688 1.235 6.75218e-09 
1.688 1.24 6.74184e-09 
1.688 1.245 6.76868e-09 
1.688 1.25 7.08126e-09 
1.688 1.255 6.97646e-09 
1.688 1.26 6.69669e-09 
1.688 1.265 6.84081e-09 
1.688 1.27 6.80143e-09 
1.688 1.275 7.2215e-09 
1.688 1.28 7.0669e-09 
1.688 1.285 6.35759e-09 
1.688 1.29 6.20191e-09 
1.688 1.295 5.82287e-09 
1.688 1.3 5.54013e-09 
1.688 1.305 5.34556e-09 
1.688 1.31 5.27524e-09 
1.688 1.315 5.18442e-09 
1.688 1.32 5.05671e-09 
1.688 1.325 4.56759e-09 
1.688 1.33 4.24653e-09 
1.688 1.335 3.81526e-09 
1.688 1.34 3.36875e-09 
1.688 1.345 3.06433e-09 
1.688 1.35 2.71474e-09 
1.688 1.355 2.53121e-09 
1.688 1.36 2.31095e-09 
1.688 1.365 1.9964e-09 
1.688 1.37 1.57571e-09 
1.688 1.375 5.48265e-10 
1.688 1.38 2.21437e-10 
1.688 1.385 2.32564e-10 
1.688 1.39 1.78901e-10 
1.688 1.395 1.63755e-10 
1.688 1.4 1.30389e-10 
1.688 1.405 1.10636e-10 
1.692 1.125 1.04667e-10 
1.692 1.13 1.11482e-10 
1.692 1.135 1.26785e-10 
1.692 1.14 1.35366e-10 
1.692 1.145 1.4691e-10 
1.692 1.15 1.62674e-10 
1.692 1.155 1.7659e-10 
1.692 1.16 1.95083e-10 
1.692 1.165 2.09569e-10 
1.692 1.17 2.27104e-10 
1.692 1.175 2.36991e-10 
1.692 1.18 2.56895e-10 
1.692 1.185 2.65682e-10 
1.692 1.19 2.87186e-10 
1.692 1.195 3.12863e-10 
1.692 1.2 3.05988e-10 
1.692 1.205 3.32128e-10 
1.692 1.21 3.43083e-10 
1.692 1.215 3.52069e-10 
1.692 1.22 3.66261e-10 
1.692 1.225 3.77394e-10 
1.692 1.23 4.02966e-10 
1.692 1.235 4.29161e-10 
1.692 1.24 4.1981e-10 
1.692 1.245 4.04918e-10 
1.692 1.25 4.07497e-10 
1.692 1.255 4.19173e-10 
1.692 1.26 4.19176e-10 
1.692 1.265 4.163e-10 
1.692 1.27 4.44452e-10 
1.692 1.275 4.03527e-10 
1.692 1.28 3.83934e-10 
1.692 1.285 3.85371e-10 
1.692 1.29 3.5073e-10 
1.692 1.295 3.19776e-10 
1.692 1.3 3.29392e-10 
1.692 1.305 3.24173e-10 
1.692 1.31 3.30681e-10 
1.692 1.315 3.10374e-10 
1.692 1.32 2.85372e-10 
1.692 1.325 2.41551e-10 
1.692 1.33 2.30277e-10 
1.692 1.335 2.05864e-10 
1.692 1.34 1.86462e-10 
1.692 1.345 1.67458e-10 
1.692 1.35 1.55319e-10 
1.692 1.355 1.3725e-10 
1.692 1.36 1.1961e-10 
