#[M/H] PDF
-0.540000 0.000000
-0.520000 0.000001
-0.500000 0.000012
-0.480000 0.000080
-0.460000 0.000360
-0.440000 0.001211
-0.420000 0.003216
-0.400000 0.007178
-0.380000 0.013455
-0.360000 0.022764
-0.340000 0.035168
-0.320000 0.050101
-0.300000 0.066881
-0.280000 0.082791
-0.270000 0.046591
-0.260000 0.049272
-0.250000 0.051598
-0.240000 0.053208
-0.230000 0.053698
-0.220000 0.052977
-0.210000 0.051812
-0.200000 0.049719
-0.190000 0.046514
-0.180000 0.042585
-0.170000 0.038599
-0.160000 0.034235
-0.150000 0.029790
-0.140000 0.025285
-0.130000 0.021175
-0.120000 0.017358
-0.110000 0.014160
-0.100000 0.011265
-0.090000 0.008773
-0.080000 0.006687
-0.070000 0.005030
-0.050000 0.003747
-0.040000 0.002702
