#logage PDFlogage age(Gyr) PDF
9.09 1.07401e-08 1.23027 3.79135e-09
9.1 2.12777e-08 1.25893 7.34022e-09
9.11 4.48836e-08 1.28825 1.51312e-08
9.12 8.20093e-08 1.31826 2.70176e-08
9.13 1.26602e-07 1.34896 4.07592e-08
9.14 1.77741e-07 1.38038 5.59206e-08
9.15 2.37517e-07 1.41254 7.30262e-08
9.16 3.11907e-07 1.44544 9.3715e-08
9.17 3.97377e-07 1.47911 1.16677e-07
9.18 5.35689e-07 1.51356 1.53708e-07
9.19 7.32279e-07 1.54882 2.05334e-07
9.2 9.86855e-07 1.58489 2.70419e-07
9.21 1.30768e-06 1.62181 3.50174e-07
9.22 1.74198e-06 1.65959 4.55856e-07
9.23 2.35004e-06 1.69824 6.00979e-07
9.24 3.27296e-06 1.7378 8.17948e-07
9.25 4.33451e-06 1.77828 1.05858e-06
9.26 5.46883e-06 1.8197 1.30521e-06
9.27 6.67435e-06 1.86209 1.55666e-06
9.28 7.95769e-06 1.90546 1.81373e-06
9.29 9.38254e-06 1.94984 2.0898e-06
9.3 1.11502e-05 1.99526 2.42698e-06
9.31 1.2962e-05 2.04174 2.75713e-06
9.32 1.57598e-05 2.08929 3.27593e-06
9.33 1.92485e-05 2.13796 3.91005e-06
9.34 2.33799e-05 2.18776 4.64116e-06
9.35 2.84632e-05 2.23872 5.52163e-06
9.36 3.40244e-05 2.29087 6.45022e-06
9.37 4.09883e-05 2.34423 7.59354e-06
9.38 4.85386e-05 2.39883 8.78763e-06
9.39 5.7876e-05 2.45471 1.02396e-05
9.4 6.919e-05 2.51188 1.19627e-05
9.41 8.24236e-05 2.57039 1.39263e-05
9.42 9.70966e-05 2.63027 1.6032e-05
9.43 0.00011501 2.69154 1.85575e-05
9.44 0.000133893 2.75423 2.11127e-05
9.45 0.000156263 2.81838 2.40791e-05
9.46 0.000181434 2.88403 2.73214e-05
9.47 0.00021208 2.95121 3.12093e-05
9.48 0.000249185 3.01995 3.5835e-05
9.49 0.000289933 3.09029 4.07458e-05
9.5 0.000337084 3.16228 4.62937e-05
9.51 0.000389987 3.23594 5.23401e-05
9.52 0.000449431 3.31131 5.8945e-05
9.53 0.000515881 3.38844 6.61203e-05
9.54 0.000591376 3.46737 7.4071e-05
9.55 0.000678138 3.54814 8.30046e-05
9.56 0.000778835 3.63078 9.31602e-05
9.57 0.000882204 3.71535 0.000103123
9.58 0.000995396 3.80189 0.000113705
9.59 0.00110685 3.89045 0.000123558
9.6 0.00125214 3.98108 0.000136595
9.61 0.00140667 4.0738 0.00014996
9.62 0.00158189 4.16869 0.000164801
9.63 0.00175582 4.2658 0.000178757
9.64 0.00196874 4.36515 0.000195872
9.65 0.00220904 4.46683 0.000214778
9.66 0.00244292 4.57088 0.00023211
9.67 0.00271063 4.67735 0.000251683
9.68 0.00299837 4.7863 0.000272063
9.69 0.00331836 4.89778 0.000294244
9.7 0.00359873 5.01187 0.000311841
9.71 0.00397461 5.12861 0.000336572
9.72 0.00439802 5.24808 0.00036395
9.73 0.00480927 5.37031 0.000388923
9.74 0.00519882 5.49541 0.000410856
9.75 0.00566911 5.62341 0.000437823
9.76 0.00618312 5.7544 0.00046665
9.77 0.00676962 5.88844 0.000499285
9.78 0.00740236 6.02559 0.000533525
9.79 0.00799469 6.16595 0.000563101
9.8 0.00870633 6.30958 0.000599265
9.81 0.00919028 6.45653 0.000618178
9.82 0.0097159 6.60693 0.000638657
9.83 0.0104611 6.76083 0.000671985
9.84 0.0112006 6.91831 0.000703114
9.85 0.0118132 7.07946 0.00072469
9.86 0.0127554 7.24435 0.000764681
9.87 0.0138538 7.4131 0.000811623
9.88 0.0150156 7.58578 0.000859659
9.89 0.0160522 7.76246 0.000898088
9.9 0.0170237 7.94328 0.000930762
9.91 0.0179465 8.1283 0.000958878
9.92 0.0187562 8.31764 0.000979332
9.93 0.0197471 8.51139 0.0010076
9.94 0.021229 8.70963 0.00105856
9.95 0.0227557 8.91251 0.00110886
9.96 0.0239827 9.12011 0.00114204
9.97 0.0249056 9.33255 0.00115899
9.98 0.0257367 9.54992 0.00117041
9.99 0.0273043 9.77237 0.00121343
10 0.028849 10 0.0012529
10.01 0.0301466 10.2329 0.00127945
10.02 0.0317074 10.4713 0.00131506
10.03 0.0330964 10.7152 0.00134142
10.04 0.034263 10.9648 0.00135709
10.05 0.0351414 11.2202 0.00136021
10.06 0.036839 11.4815 0.00139346
10.07 0.0384162 11.749 0.00142004
10.08 0.0398246 12.0226 0.00143858
10.09 0.0410041 12.3027 0.00144748
10.1 0.0424818 12.5893 0.0014655
10.11 0.0434831 12.8825 0.0014659
10.12 0.0449516 13.1826 0.00148091
10.13 0.0467487 13.4896 0.00150506
10.14 0.048602 13.8038 0.00152911
