#logage PDFlogage age(Gyr) PDF
9.04 2.89871e-07 1.09648 1.14813e-07
9.05 2.45882e-05 1.12202 9.51724e-06
9.06 5.77841e-05 1.14815 2.18572e-05
9.07 7.20127e-05 1.1749 2.66191e-05
9.08 9.61767e-05 1.20226 3.4742e-05
9.09 0.000123791 1.23027 4.36992e-05
9.1 0.00015785 1.25893 5.44538e-05
9.11 0.000195086 1.28825 6.57676e-05
9.12 0.000241577 1.31826 7.95866e-05
9.13 0.000298266 1.34896 9.60256e-05
9.14 0.00037155 1.38038 0.000116897
9.15 0.000464437 1.41254 0.000142794
9.16 0.000583201 1.44544 0.000175228
9.17 0.000733161 1.47911 0.00021527
9.18 0.000889814 1.51356 0.000255319
9.19 0.00107388 1.54882 0.000301121
9.2 0.00125103 1.58489 0.000342808
9.21 0.0014351 1.62181 0.000384295
9.22 0.0015885 1.65959 0.000415692
9.23 0.00175324 1.69824 0.000448359
9.24 0.00192396 1.7378 0.000480818
9.25 0.00213991 1.77828 0.000522612
9.26 0.00238591 1.8197 0.000569427
9.27 0.00267221 1.86209 0.000623239
9.28 0.0030199 1.90546 0.000688299
9.29 0.00339738 1.94984 0.000756709
9.3 0.00381503 1.99526 0.000830389
9.31 0.00414735 2.04174 0.000882177
9.32 0.00444353 2.08929 0.000923662
9.33 0.0047211 2.13796 0.000959019
9.34 0.004968 2.18776 0.000986201
9.35 0.00516459 2.23872 0.00100189
9.36 0.00545596 2.29087 0.00103432
9.37 0.00581622 2.34423 0.00107752
9.38 0.00622312 2.39883 0.00112666
9.39 0.00661921 2.45471 0.00117109
9.4 0.00709005 2.51188 0.00122584
9.41 0.00749633 2.57039 0.00126658
9.42 0.00793405 2.63027 0.00131002
9.43 0.00835759 2.69154 0.00134854
9.44 0.00879739 2.75423 0.0013872
9.45 0.00925718 2.81838 0.00142647
9.46 0.00970578 2.88403 0.00146155
9.47 0.0101669 2.95121 0.00149615
9.48 0.0107944 3.01995 0.00155233
9.49 0.0112193 3.09029 0.0015767
9.5 0.0116112 3.16228 0.00159464
9.51 0.0121524 3.23594 0.00163097
9.52 0.0125818 3.31131 0.00165016
9.53 0.0130099 3.38844 0.00166747
9.54 0.0134272 3.46737 0.00168178
9.55 0.0137886 3.54814 0.00168773
9.56 0.0142474 3.63078 0.0017042
9.57 0.0146241 3.71535 0.00170944
9.58 0.0149385 3.80189 0.00170644
9.59 0.0154272 3.89045 0.00172215
9.6 0.0159039 3.98108 0.00173495
9.61 0.0160757 4.0738 0.00171378
9.62 0.0164313 4.16869 0.00171182
9.63 0.0167756 4.2658 0.0017079
9.64 0.0169308 4.36515 0.00168447
9.65 0.017081 4.46683 0.00166072
9.66 0.0171763 4.57088 0.00163198
9.67 0.017437 4.67735 0.00161903
9.68 0.0172536 4.7863 0.00156553
9.69 0.0171677 4.89778 0.00152229
9.7 0.0172908 5.01187 0.0014983
9.71 0.0171969 5.12861 0.00145625
9.72 0.0171307 5.24808 0.00141762
9.73 0.0170965 5.37031 0.00138259
9.74 0.0170918 5.49541 0.00135074
9.75 0.0171912 5.62341 0.00132767
9.76 0.016927 5.7544 0.00127751
9.77 0.0166096 5.88844 0.00122502
9.78 0.0164741 6.02559 0.00118737
9.79 0.016311 6.16595 0.00114886
9.8 0.0163217 6.30958 0.00112344
9.81 0.0160763 6.45653 0.00108136
9.82 0.0155363 6.60693 0.00102125
9.83 0.015073 6.76083 0.000968245
9.84 0.014754 6.91831 0.000926174
9.85 0.0144686 7.07946 0.000887583
9.86 0.014133 7.24435 0.000847266
9.87 0.013731 7.4131 0.000804428
9.88 0.0133165 7.58578 0.000762384
9.89 0.0130321 7.76246 0.000729118
9.9 0.0124301 7.94328 0.000679609
9.91 0.0119833 8.1283 0.000640269
9.92 0.0115114 8.31764 0.000601052
9.93 0.0112079 8.51139 0.000571883
9.94 0.0110013 8.70963 0.000548567
9.95 0.0107655 8.91251 0.000524588
9.96 0.0103597 9.12011 0.000493322
9.97 0.00992054 9.33255 0.000461657
9.98 0.00956208 9.54992 0.000434848
9.99 0.00929935 9.77237 0.000413273
10 0.00907878 10 0.000394286
10.01 0.00883568 10.2329 0.000374994
10.02 0.00854753 10.4713 0.000354507
10.03 0.00834864 10.7152 0.000338377
10.04 0.0081426 10.9648 0.000322513
10.05 0.00773693 11.2202 0.00029947
10.06 0.00714938 11.4815 0.000270429
10.07 0.00678879 11.749 0.000250944
10.08 0.00605245 12.0226 0.000218633
10.09 0.00581958 12.3027 0.000205436
10.1 0.00563614 12.5893 0.000194431
10.11 0.005481 12.8825 0.000184775
10.12 0.00530098 13.1826 0.000174639
10.13 0.00515188 13.4896 0.000165863
10.14 0.00494155 13.8038 0.00015547
