#logage PDFlogage age(Gyr) PDF
9.69 1.00615e-08 4.89778 8.92171e-10
9.7 2.64148e-08 5.01187 2.28893e-09
9.71 6.79351e-08 5.12861 5.75279e-09
9.72 1.5411e-07 5.24808 1.27531e-08
9.73 3.50628e-07 5.37031 2.83551e-08
9.74 7.60181e-07 5.49541 6.00761e-08
9.75 1.6287e-06 5.62341 1.25784e-07
9.76 3.3831e-06 5.7544 2.55329e-07
9.77 6.80583e-06 5.88844 5.01955e-07
9.78 1.33168e-05 6.02559 9.5981e-07
9.79 2.52532e-05 6.16595 1.77869e-06
9.8 4.77709e-05 6.30958 3.28812e-06
9.81 8.33756e-05 6.45653 5.6082e-06
9.82 0.000141667 6.60693 9.3122e-06
9.83 0.000214628 6.76083 1.3787e-05
9.84 0.000356872 6.91831 2.24025e-05
9.85 0.000566577 7.07946 3.4757e-05
9.86 0.00086686 7.24435 5.19677e-05
9.87 0.00129172 7.4131 7.5675e-05
9.88 0.00187838 7.58578 0.000107539
9.89 0.00263354 7.76246 0.000147341
9.9 0.003638 7.94328 0.000198906
9.91 0.00479417 8.1283 0.000256152
9.92 0.00640822 8.31764 0.000334597
9.93 0.00811919 8.51139 0.000414283
9.94 0.0104512 8.70963 0.000521136
9.95 0.0131204 8.91251 0.00063934
9.96 0.0156409 9.12011 0.000744809
9.97 0.0185649 9.33255 0.000863926
9.98 0.0218482 9.54992 0.000993573
9.99 0.0259099 9.77237 0.00115147
10 0.0303368 10 0.00131751
10.01 0.0347436 10.2329 0.00147455
10.02 0.039185 10.4713 0.00162519
10.03 0.0436611 10.7152 0.00176962
10.04 0.0480256 10.9648 0.00190221
10.05 0.0513109 11.2202 0.00198607
10.06 0.0540026 11.4815 0.00204268
10.07 0.0575639 11.749 0.00212782
10.08 0.0583346 12.0226 0.00210722
10.09 0.0620138 12.3027 0.00218913
10.1 0.0669723 12.5893 0.00231036
10.11 0.0721494 12.8825 0.0024323
10.12 0.076773 13.1826 0.00252926
10.13 0.0816184 13.4896 0.00262768
10.14 0.0866807 13.8038 0.00272714
