#fil mag PDF
0 -2.060000 0.000001
0 -2.040000 0.000008
0 -2.020000 0.000047
0 -2.000000 0.000224
0 -1.980000 0.000857
0 -1.960000 0.002709
0 -1.940001 0.007114
0 -1.920000 0.015906
0 -1.900001 0.030707
0 -1.880000 0.051769
0 -1.860001 0.077129
0 -1.840000 0.102974
0 -1.820001 0.122880
0 -1.800000 0.132024
0 -1.780001 0.127530
0 -1.760000 0.110847
0 -1.740000 0.085844
0 -1.720000 0.059462
0 -1.700000 0.036357
0 -1.680000 0.019808
0 -1.660000 0.009527
0 -1.640000 0.004060
0 -1.620000 0.001528
0 -1.600000 0.000501
0 -1.580000 0.000142
0 -1.560000 0.000035
0 -1.540000 0.000007
0 -1.520000 0.000001
1 -1.580000 0.000003
1 -1.560000 0.000020
1 -1.540000 0.000088
1 -1.520000 0.000322
1 -1.500000 0.000971
1 -1.480000 0.002421
1 -1.460000 0.005148
1 -1.440001 0.009543
1 -1.420000 0.015816
1 -1.400001 0.023688
1 -1.380000 0.032890
1 -1.360001 0.042596
1 -1.340000 0.052116
1 -1.320001 0.061314
1 -1.300000 0.069131
1 -1.280001 0.075063
1 -1.260000 0.078533
1 -1.240000 0.079215
1 -1.220000 0.077233
1 -1.200000 0.073019
1 -1.180000 0.066443
1 -1.160000 0.058005
1 -1.140000 0.048212
1 -1.120000 0.038108
1 -1.100000 0.028954
1 -1.080000 0.020934
1 -1.060000 0.014521
1 -1.040000 0.009659
1 -1.020000 0.006286
1 -1.000000 0.004027
1 -0.980000 0.002477
1 -0.960000 0.001467
1 -0.940001 0.000839
1 -0.920000 0.000463
1 -0.900001 0.000244
1 -0.880000 0.000123
1 -0.860001 0.000060
1 -0.840000 0.000028
1 -0.820001 0.000012
1 -0.800000 0.000005
1 -0.780001 0.000002
2 -0.340000 0.000002
2 -0.320001 0.000010
2 -0.300000 0.000043
2 -0.280001 0.000147
2 -0.260000 0.000429
2 -0.240001 0.001026
2 -0.220000 0.002143
2 -0.200000 0.003854
2 -0.180000 0.006298
2 -0.160000 0.009303
2 -0.140000 0.012893
2 -0.120000 0.016897
2 -0.100000 0.021263
2 -0.080000 0.026029
2 -0.060000 0.030707
2 -0.040000 0.035355
2 -0.020000 0.039827
2 0.000000 0.043760
2 0.020000 0.047318
2 0.040000 0.050611
2 0.059999 0.053139
2 0.080000 0.054777
2 0.099999 0.055075
2 0.120000 0.055183
2 0.139999 0.053693
2 0.160000 0.051317
2 0.179999 0.048868
2 0.200000 0.045684
2 0.219999 0.041448
2 0.240000 0.036694
2 0.259999 0.031821
2 0.280000 0.026880
2 0.300000 0.022384
2 0.320000 0.018189
2 0.340000 0.014389
2 0.360000 0.011142
2 0.380000 0.008482
2 0.400000 0.006363
2 0.420000 0.004655
2 0.440000 0.003559
2 0.460000 0.002594
2 0.480000 0.001838
2 0.500000 0.001288
2 0.520000 0.000898
2 0.540000 0.000615
2 0.559999 0.000410
2 0.580000 0.000266
2 0.599999 0.000174
2 0.620000 0.000107
2 0.639999 0.000065
2 0.660000 0.000039
2 0.679999 0.000023
2 0.700000 0.000013
2 0.719999 0.000007
2 0.740000 0.000004
2 0.759999 0.000002
2 0.780000 0.000001
3 -1.600000 0.000006
3 -1.580000 0.000029
3 -1.560000 0.000123
3 -1.540000 0.000411
3 -1.520000 0.001144
3 -1.500000 0.002659
3 -1.480000 0.005302
3 -1.460000 0.009408
3 -1.440001 0.014870
3 -1.420000 0.021486
3 -1.400001 0.028955
3 -1.380000 0.036619
3 -1.360001 0.044188
3 -1.340000 0.050769
3 -1.320001 0.056968
3 -1.300000 0.062102
3 -1.280001 0.065951
3 -1.260000 0.067881
3 -1.240000 0.068423
3 -1.220000 0.067326
3 -1.200000 0.064423
3 -1.180000 0.060128
3 -1.160000 0.054702
3 -1.140000 0.047890
3 -1.120000 0.040297
3 -1.100000 0.032946
3 -1.080000 0.026141
3 -1.060000 0.019953
3 -1.040000 0.014780
3 -1.020000 0.010613
3 -1.000000 0.007451
3 -0.980000 0.005190
3 -0.960000 0.003682
3 -0.940001 0.002494
3 -0.920000 0.001674
3 -0.900001 0.001106
3 -0.880000 0.000728
3 -0.860001 0.000466
3 -0.840000 0.000293
3 -0.820001 0.000179
3 -0.800000 0.000106
3 -0.780001 0.000062
3 -0.760000 0.000035
3 -0.740001 0.000019
3 -0.720000 0.000010
3 -0.700000 0.000005
3 -0.680000 0.000003
3 -0.660000 0.000001
4 -2.060000 0.000006
4 -2.040000 0.000036
4 -2.020000 0.000158
4 -2.000000 0.000565
4 -1.980000 0.001660
4 -1.960000 0.004077
4 -1.940001 0.008560
4 -1.920000 0.015646
4 -1.900001 0.025547
4 -1.880000 0.037849
4 -1.860001 0.051236
4 -1.840000 0.065042
4 -1.820001 0.077745
4 -1.800000 0.087498
4 -1.780001 0.093800
4 -1.760000 0.094588
4 -1.740000 0.091293
4 -1.720000 0.084080
4 -1.700000 0.072630
4 -1.680000 0.059109
4 -1.660000 0.045010
4 -1.640000 0.032039
4 -1.620000 0.021371
4 -1.600000 0.013349
4 -1.580000 0.007954
4 -1.560000 0.004518
4 -1.540000 0.002431
4 -1.520000 0.001219
4 -1.500000 0.000571
4 -1.480000 0.000250
4 -1.460000 0.000102
4 -1.440001 0.000038
4 -1.420000 0.000014
4 -1.400001 0.000004
4 -1.380000 0.000001
5 -2.360001 0.000006
5 -2.340000 0.000038
5 -2.320001 0.000177
5 -2.300000 0.000680
5 -2.280001 0.002128
5 -2.260000 0.005556
5 -2.240000 0.012401
5 -2.220000 0.023851
5 -2.200000 0.040434
5 -2.180000 0.061113
5 -2.160000 0.083311
5 -2.140000 0.103667
5 -2.120000 0.117425
5 -2.100000 0.121645
5 -2.080000 0.115414
5 -2.060000 0.100772
5 -2.040000 0.079317
5 -2.020000 0.056372
5 -2.000000 0.036076
5 -1.980000 0.020791
5 -1.960000 0.010694
5 -1.940001 0.004971
5 -1.920000 0.002068
5 -1.900001 0.000760
5 -1.880000 0.000243
5 -1.860001 0.000068
5 -1.840000 0.000016
5 -1.820001 0.000003
6 -0.640000 0.000002
6 -0.620000 0.000009
6 -0.600000 0.000037
6 -0.580000 0.000123
6 -0.560000 0.000343
6 -0.540000 0.000826
6 -0.520000 0.001710
6 -0.500000 0.003149
6 -0.480000 0.005200
6 -0.460000 0.007840
6 -0.440001 0.010996
6 -0.420000 0.014614
6 -0.400001 0.018609
6 -0.380000 0.022971
6 -0.360001 0.027736
6 -0.340000 0.032209
6 -0.320001 0.036799
6 -0.300000 0.041132
6 -0.280001 0.044975
6 -0.260000 0.048462
6 -0.240001 0.051560
6 -0.220000 0.053877
6 -0.200000 0.054853
6 -0.180000 0.055084
6 -0.160000 0.054655
6 -0.140000 0.052777
6 -0.120000 0.050552
6 -0.100000 0.047801
6 -0.080000 0.044100
6 -0.060000 0.039585
6 -0.040000 0.034748
6 -0.020000 0.029920
6 0.000000 0.025040
6 0.020000 0.020794
6 0.040000 0.016699
6 0.059999 0.013170
6 0.080000 0.010138
6 0.099999 0.007708
6 0.120000 0.005715
6 0.139999 0.004229
6 0.160000 0.003110
6 0.179999 0.002161
6 0.200000 0.001462
6 0.219999 0.000965
6 0.240000 0.000621
6 0.259999 0.000389
6 0.280000 0.000236
6 0.300000 0.000139
6 0.320000 0.000079
6 0.340000 0.000044
6 0.360000 0.000024
6 0.380000 0.000012
6 0.400000 0.000006
6 0.420000 0.000003
6 0.440000 0.000001
7 -3.680000 0.000005
7 -3.660000 0.000031
7 -3.640000 0.000166
7 -3.620000 0.000722
7 -3.600000 0.002532
7 -3.580000 0.007355
7 -3.560000 0.017841
7 -3.540000 0.036654
7 -3.520000 0.064494
7 -3.500000 0.098043
7 -3.480000 0.128915
7 -3.460000 0.147403
7 -3.440001 0.147288
7 -3.420000 0.128339
7 -3.400001 0.096363
7 -3.380000 0.062510
7 -3.360001 0.034860
7 -3.340000 0.016606
7 -3.320001 0.006712
7 -3.300000 0.002300
7 -3.280000 0.000663
7 -3.260000 0.000159
7 -3.240000 0.000032
7 -3.220000 0.000005
8 -4.480000 0.000001
8 -4.460000 0.000010
8 -4.440000 0.000075
8 -4.420000 0.000416
8 -4.400000 0.001840
8 -4.380000 0.006548
8 -4.360000 0.018676
8 -4.340000 0.043385
8 -4.320000 0.082144
8 -4.300000 0.127689
8 -4.280000 0.163974
8 -4.260000 0.173633
8 -4.240000 0.151654
8 -4.220000 0.109951
8 -4.200000 0.066244
8 -4.180000 0.033241
8 -4.160000 0.013860
8 -4.140000 0.004820
8 -4.120000 0.001409
8 -4.100000 0.000345
8 -4.080000 0.000071
8 -4.060000 0.000012
8 -4.040000 0.000002
9 -4.620000 0.000008
9 -4.600000 0.000062
9 -4.580000 0.000380
9 -4.560000 0.001807
9 -4.540000 0.006791
9 -4.520000 0.020211
9 -4.500000 0.048036
9 -4.480000 0.091845
9 -4.460000 0.141258
9 -4.440000 0.176255
9 -4.420000 0.178095
9 -4.400000 0.146252
9 -4.380000 0.098064
9 -4.360000 0.053896
9 -4.340000 0.024347
9 -4.320000 0.009030
9 -4.300000 0.002774
9 -4.280000 0.000708
9 -4.260000 0.000149
9 -4.240000 0.000026
9 -4.220000 0.000004
10 -4.680000 0.000007
10 -4.660000 0.000053
10 -4.640000 0.000329
10 -4.620000 0.001587
10 -4.600000 0.006059
10 -4.580000 0.018333
10 -4.560000 0.044221
10 -4.540000 0.086189
10 -4.520000 0.135041
10 -4.500000 0.172755
10 -4.480000 0.178791
10 -4.460000 0.150999
10 -4.440000 0.104385
10 -4.420000 0.058916
10 -4.400000 0.027430
10 -4.380000 0.010486
10 -4.360000 0.003319
10 -4.340000 0.000869
10 -4.320000 0.000188
10 -4.300000 0.000034
10 -4.280000 0.000005
11 -4.560000 0.000001
11 -4.540000 0.000012
11 -4.520000 0.000087
11 -4.500000 0.000495
11 -4.480000 0.002203
11 -4.460000 0.007832
11 -4.440000 0.022230
11 -4.420000 0.050686
11 -4.400000 0.093794
11 -4.380000 0.141171
11 -4.360000 0.173744
11 -4.340000 0.174487
11 -4.320000 0.143728
11 -4.300000 0.097075
11 -4.280000 0.054071
11 -4.260000 0.024869
11 -4.240000 0.009500
11 -4.220000 0.003013
11 -4.200000 0.000791
11 -4.180000 0.000173
11 -4.160000 0.000032
11 -4.140000 0.000005
12 -4.700000 0.000002
12 -4.680000 0.000019
12 -4.660000 0.000131
12 -4.640000 0.000714
12 -4.620000 0.003071
12 -4.600000 0.010398
12 -4.580000 0.028215
12 -4.560000 0.061268
12 -4.540000 0.107940
12 -4.520000 0.154055
12 -4.500000 0.178920
12 -4.480000 0.169271
12 -4.460000 0.131070
12 -4.440000 0.083180
12 -4.420000 0.043648
12 -4.400000 0.018746
12 -4.380000 0.006737
12 -4.360000 0.001999
12 -4.340000 0.000493
12 -4.320000 0.000102
12 -4.300000 0.000017
12 -4.280000 0.000002
13 -4.740000 0.000008
13 -4.720000 0.000064
13 -4.700000 0.000394
13 -4.680000 0.001890
13 -4.660000 0.007115
13 -4.640000 0.021113
13 -4.620000 0.049928
13 -4.600000 0.094531
13 -4.580000 0.144244
13 -4.560000 0.177582
13 -4.540000 0.177071
13 -4.520000 0.143855
13 -4.500000 0.094980
13 -4.480000 0.051783
13 -4.460000 0.023218
13 -4.440000 0.008654
13 -4.420000 0.002684
13 -4.400000 0.000699
13 -4.380000 0.000153
13 -4.360000 0.000029
13 -4.340000 0.000005
0 -2.040000 0.000003
0 -2.020000 0.000018
0 -2.000000 0.000089
0 -1.980000 0.000359
0 -1.960000 0.001212
0 -1.940001 0.003447
0 -1.920000 0.008532
0 -1.900001 0.018384
0 -1.880000 0.034805
0 -1.860001 0.058151
0 -1.840000 0.086291
0 -1.820001 0.113754
0 -1.800000 0.133019
0 -1.780001 0.137574
0 -1.760000 0.125388
0 -1.740000 0.102487
0 -1.720000 0.074987
0 -1.700000 0.048541
0 -1.680000 0.028107
0 -1.660000 0.014320
0 -1.640000 0.006536
0 -1.620000 0.002643
0 -1.600000 0.000951
0 -1.580000 0.000299
0 -1.560000 0.000081
0 -1.540000 0.000019
0 -1.520000 0.000004
1 -1.580000 0.000002
1 -1.560000 0.000008
1 -1.540000 0.000035
1 -1.520000 0.000125
1 -1.500000 0.000368
1 -1.480000 0.000920
1 -1.460000 0.002027
1 -1.440001 0.003976
1 -1.420000 0.007176
1 -1.400001 0.012029
1 -1.380000 0.018620
1 -1.360001 0.026851
1 -1.340000 0.036396
1 -1.320001 0.046995
1 -1.300000 0.058367
1 -1.280001 0.069041
1 -1.260000 0.078460
1 -1.240000 0.084512
1 -1.220000 0.086146
1 -1.200000 0.084296
1 -1.180000 0.078672
1 -1.160000 0.070552
1 -1.140000 0.060153
1 -1.120000 0.049121
1 -1.100000 0.038553
1 -1.080000 0.028736
1 -1.060000 0.020488
1 -1.040000 0.013888
1 -1.020000 0.009172
1 -1.000000 0.005812
1 -0.980000 0.003558
1 -0.960000 0.002157
1 -0.940001 0.001266
1 -0.920000 0.000720
1 -0.900001 0.000395
1 -0.880000 0.000209
1 -0.860001 0.000105
1 -0.840000 0.000050
1 -0.820001 0.000023
1 -0.800000 0.000010
1 -0.780001 0.000004
1 -0.760000 0.000002
2 -0.340000 0.000002
2 -0.320001 0.000009
2 -0.300000 0.000032
2 -0.280001 0.000095
2 -0.260000 0.000246
2 -0.240001 0.000524
2 -0.220000 0.001008
2 -0.200000 0.001704
2 -0.180000 0.002789
2 -0.160000 0.004228
2 -0.140000 0.006205
2 -0.120000 0.008767
2 -0.100000 0.011929
2 -0.080000 0.015660
2 -0.060000 0.019925
2 -0.040000 0.024585
2 -0.020000 0.029563
2 0.000000 0.034392
2 0.020000 0.039902
2 0.040000 0.044890
2 0.059999 0.050400
2 0.080000 0.054808
2 0.099999 0.057406
2 0.120000 0.060172
2 0.139999 0.060362
2 0.160000 0.058874
2 0.179999 0.057305
2 0.200000 0.053736
2 0.219999 0.049850
2 0.240000 0.044952
2 0.259999 0.039698
2 0.280000 0.034271
2 0.300000 0.028903
2 0.320000 0.024053
2 0.340000 0.019268
2 0.360000 0.015350
2 0.380000 0.011808
2 0.400000 0.008985
2 0.420000 0.006606
2 0.440000 0.004961
2 0.460000 0.003527
2 0.480000 0.002574
2 0.500000 0.001816
2 0.520000 0.001278
2 0.540000 0.000902
2 0.559999 0.000593
2 0.580000 0.000403
2 0.599999 0.000263
2 0.620000 0.000170
2 0.639999 0.000103
2 0.660000 0.000063
2 0.679999 0.000038
2 0.700000 0.000022
2 0.719999 0.000012
2 0.740000 0.000006
2 0.759999 0.000003
2 0.780000 0.000002
3 -1.600000 0.000003
3 -1.580000 0.000013
3 -1.560000 0.000052
3 -1.540000 0.000168
3 -1.520000 0.000453
3 -1.500000 0.001050
3 -1.480000 0.002152
3 -1.460000 0.003991
3 -1.440001 0.006849
3 -1.420000 0.010894
3 -1.400001 0.016239
3 -1.380000 0.022644
3 -1.360001 0.030008
3 -1.340000 0.037778
3 -1.320001 0.045688
3 -1.300000 0.054322
3 -1.280001 0.062200
3 -1.260000 0.068924
3 -1.240000 0.073174
3 -1.220000 0.074905
3 -1.200000 0.073674
3 -1.180000 0.070417
3 -1.160000 0.064896
3 -1.140000 0.058153
3 -1.120000 0.050050
3 -1.100000 0.041854
3 -1.080000 0.034069
3 -1.060000 0.026748
3 -1.040000 0.020268
3 -1.020000 0.014837
3 -1.000000 0.010579
3 -0.980000 0.007378
3 -0.960000 0.005147
3 -0.940001 0.003497
3 -0.920000 0.002381
3 -0.900001 0.001603
3 -0.880000 0.001087
3 -0.860001 0.000701
3 -0.840000 0.000456
3 -0.820001 0.000286
3 -0.800000 0.000177
3 -0.780001 0.000104
3 -0.760000 0.000061
3 -0.740001 0.000034
3 -0.720000 0.000019
3 -0.700000 0.000010
3 -0.680000 0.000005
3 -0.660000 0.000002
3 -0.640000 0.000001
4 -2.060000 0.000002
4 -2.040000 0.000011
4 -2.020000 0.000051
4 -2.000000 0.000187
4 -1.980000 0.000570
4 -1.960000 0.001483
4 -1.940001 0.003389
4 -1.920000 0.006835
4 -1.900001 0.012657
4 -1.880000 0.021395
4 -1.860001 0.032747
4 -1.840000 0.046693
4 -1.820001 0.062516
4 -1.800000 0.078261
4 -1.780001 0.092195
4 -1.760000 0.100791
4 -1.740000 0.102834
4 -1.720000 0.098558
4 -1.700000 0.087745
4 -1.680000 0.073905
4 -1.660000 0.058693
4 -1.640000 0.043349
4 -1.620000 0.030099
4 -1.600000 0.019322
4 -1.580000 0.011743
4 -1.560000 0.006760
4 -1.540000 0.003655
4 -1.520000 0.001887
4 -1.500000 0.000929
4 -1.480000 0.000430
4 -1.460000 0.000188
4 -1.440001 0.000076
4 -1.420000 0.000029
4 -1.400001 0.000010
4 -1.380000 0.000003
5 -2.360001 0.000001
5 -2.340000 0.000009
5 -2.320001 0.000047
5 -2.300000 0.000194
5 -2.280001 0.000684
5 -2.260000 0.002001
5 -2.240000 0.005085
5 -2.220000 0.011383
5 -2.200000 0.022344
5 -2.180000 0.039345
5 -2.160000 0.061874
5 -2.140000 0.087733
5 -2.120000 0.111669
5 -2.100000 0.127738
5 -2.080000 0.130042
5 -2.060000 0.119321
5 -2.040000 0.098422
5 -2.020000 0.073477
5 -2.000000 0.049544
5 -1.980000 0.029852
5 -1.960000 0.016014
5 -1.940001 0.007792
5 -1.920000 0.003405
5 -1.900001 0.001346
5 -1.880000 0.000476
5 -1.860001 0.000150
5 -1.840000 0.000041
5 -1.820001 0.000009
5 -1.800000 0.000002
6 -0.640000 0.000003
6 -0.620000 0.000011
6 -0.600000 0.000037
6 -0.580000 0.000107
6 -0.560000 0.000260
6 -0.540000 0.000538
6 -0.520000 0.000993
6 -0.500000 0.001643
6 -0.480000 0.002589
6 -0.460000 0.003885
6 -0.440001 0.005582
6 -0.420000 0.007852
6 -0.400001 0.010523
6 -0.380000 0.013899
6 -0.360001 0.017676
6 -0.340000 0.022008
6 -0.320001 0.026573
6 -0.300000 0.031212
6 -0.280001 0.036026
6 -0.260000 0.041366
6 -0.240001 0.046194
6 -0.220000 0.051681
6 -0.200000 0.054858
6 -0.180000 0.057640
6 -0.160000 0.059448
6 -0.140000 0.059141
6 -0.120000 0.057351
6 -0.100000 0.055668
6 -0.080000 0.051945
6 -0.060000 0.048147
6 -0.040000 0.043211
6 -0.020000 0.038011
6 0.000000 0.032618
6 0.020000 0.027788
6 0.040000 0.022586
6 0.059999 0.018191
6 0.080000 0.014286
6 0.099999 0.011015
6 0.120000 0.008211
6 0.139999 0.006055
6 0.160000 0.004326
6 0.179999 0.003039
6 0.200000 0.002076
6 0.219999 0.001385
6 0.240000 0.000909
6 0.259999 0.000582
6 0.280000 0.000358
6 0.300000 0.000220
6 0.320000 0.000127
6 0.340000 0.000072
6 0.360000 0.000039
6 0.380000 0.000021
6 0.400000 0.000011
6 0.420000 0.000005
6 0.440000 0.000002
7 -3.680000 0.000001
7 -3.660000 0.000008
7 -3.640000 0.000048
7 -3.620000 0.000240
7 -3.600000 0.000970
7 -3.580000 0.003265
7 -3.560000 0.009113
7 -3.540000 0.021762
7 -3.520000 0.044166
7 -3.500000 0.076684
7 -3.480000 0.113726
7 -3.460000 0.143704
7 -3.440001 0.156526
7 -3.420000 0.145333
7 -3.400001 0.116028
7 -3.380000 0.080012
7 -3.360001 0.047622
7 -3.340000 0.024365
7 -3.320001 0.010649
7 -3.300000 0.004027
7 -3.280000 0.001301
7 -3.260000 0.000355
7 -3.240000 0.000078
7 -3.220000 0.000014
7 -3.200000 0.000002
8 -4.460000 0.000008
8 -4.440000 0.000056
8 -4.420000 0.000321
8 -4.400000 0.001459
8 -4.380000 0.005327
8 -4.360000 0.015564
8 -4.340000 0.037276
8 -4.320000 0.073285
8 -4.300000 0.118022
8 -4.280000 0.157524
8 -4.260000 0.172673
8 -4.240000 0.157011
8 -4.220000 0.119081
8 -4.200000 0.075186
8 -4.180000 0.040084
8 -4.160000 0.017730
8 -4.140000 0.006615
8 -4.120000 0.002089
8 -4.100000 0.000548
8 -4.080000 0.000117
8 -4.060000 0.000020
8 -4.040000 0.000003
9 -4.620000 0.000006
9 -4.600000 0.000048
9 -4.580000 0.000304
9 -4.560000 0.001482
9 -4.540000 0.005730
9 -4.520000 0.017582
9 -4.500000 0.042499
9 -4.480000 0.084190
9 -4.460000 0.133088
9 -4.440000 0.171130
9 -4.420000 0.179097
9 -4.400000 0.151710
9 -4.380000 0.106138
9 -4.360000 0.061211
9 -4.340000 0.029189
9 -4.320000 0.011503
9 -4.300000 0.003785
9 -4.280000 0.001033
9 -4.260000 0.000228
9 -4.240000 0.000040
9 -4.220000 0.000006
10 -4.680000 0.000005
10 -4.660000 0.000037
10 -4.640000 0.000239
10 -4.620000 0.001212
10 -4.600000 0.004772
10 -4.580000 0.015090
10 -4.560000 0.037772
10 -4.540000 0.076619
10 -4.520000 0.124939
10 -4.500000 0.166274
10 -4.480000 0.179226
10 -4.460000 0.157314
10 -4.440000 0.114489
10 -4.420000 0.068166
10 -4.400000 0.033659
10 -4.380000 0.013743
10 -4.360000 0.004725
10 -4.340000 0.001340
10 -4.320000 0.000311
10 -4.300000 0.000058
10 -4.280000 0.000008
11 -4.560000 0.000001
11 -4.540000 0.000009
11 -4.520000 0.000069
11 -4.500000 0.000398
11 -4.480000 0.001812
11 -4.460000 0.006562
11 -4.440000 0.019060
11 -4.420000 0.044390
11 -4.400000 0.085139
11 -4.380000 0.132118
11 -4.360000 0.168429
11 -4.340000 0.175378
11 -4.320000 0.150240
11 -4.300000 0.105754
11 -4.280000 0.062191
11 -4.260000 0.030274
11 -4.240000 0.012408
11 -4.220000 0.004235
11 -4.200000 0.001197
11 -4.180000 0.000278
11 -4.160000 0.000051
11 -4.140000 0.000007
12 -4.700000 0.000002
12 -4.680000 0.000015
12 -4.660000 0.000105
12 -4.640000 0.000582
12 -4.620000 0.002546
12 -4.600000 0.008799
12 -4.580000 0.024471
12 -4.560000 0.054325
12 -4.540000 0.098901
12 -4.520000 0.146089
12 -4.500000 0.174569
12 -4.480000 0.171980
12 -4.460000 0.138274
12 -4.440000 0.092132
12 -4.420000 0.051080
12 -4.400000 0.023229
12 -4.380000 0.009015
12 -4.360000 0.002907
12 -4.340000 0.000775
12 -4.320000 0.000171
12 -4.300000 0.000030
12 -4.280000 0.000004
13 -4.740000 0.000006
13 -4.720000 0.000052
13 -4.700000 0.000324
13 -4.680000 0.001586
13 -4.660000 0.006058
13 -4.640000 0.018475
13 -4.620000 0.044383
13 -4.600000 0.086506
13 -4.580000 0.135889
13 -4.560000 0.172346
13 -4.540000 0.177966
13 -4.520000 0.149503
13 -4.500000 0.103085
13 -4.480000 0.059354
13 -4.460000 0.028073
13 -4.440000 0.011203
13 -4.420000 0.003784
13 -4.400000 0.001082
13 -4.380000 0.000261
13 -4.360000 0.000053
13 -4.340000 0.000009
13 -4.320000 0.000001
0 -2.020000 0.000005
0 -2.000000 0.000025
0 -1.980000 0.000101
0 -1.960000 0.000353
0 -1.940001 0.001052
0 -1.920000 0.002775
0 -1.900001 0.006479
0 -1.880000 0.013512
0 -1.860001 0.025290
0 -1.840000 0.042750
0 -1.820001 0.065279
0 -1.800000 0.089912
0 -1.780001 0.111399
0 -1.760000 0.123633
0 -1.740000 0.125111
0 -1.720000 0.115323
0 -1.700000 0.095647
0 -1.680000 0.072113
0 -1.660000 0.048666
0 -1.640000 0.029914
0 -1.620000 0.016567
0 -1.600000 0.008293
0 -1.580000 0.003698
0 -1.560000 0.001443
0 -1.540000 0.000484
0 -1.520000 0.000135
0 -1.500000 0.000031
0 -1.480000 0.000005
1 -1.560000 0.000002
1 -1.540000 0.000010
1 -1.520000 0.000035
1 -1.500000 0.000106
1 -1.480000 0.000272
1 -1.460000 0.000622
1 -1.440001 0.001279
1 -1.420000 0.002437
1 -1.400001 0.004343
1 -1.380000 0.007189
1 -1.360001 0.011145
1 -1.340000 0.016325
1 -1.320001 0.022873
1 -1.300000 0.030951
1 -1.280001 0.040079
1 -1.260000 0.050194
1 -1.240000 0.059893
1 -1.220000 0.068097
1 -1.200000 0.074609
1 -1.180000 0.078381
1 -1.160000 0.079702
1 -1.140000 0.077545
1 -1.120000 0.072540
1 -1.100000 0.065728
1 -1.080000 0.056717
1 -1.060000 0.046934
1 -1.040000 0.037094
1 -1.020000 0.028584
1 -1.000000 0.021099
1 -0.980000 0.014985
1 -0.960000 0.010560
1 -0.940001 0.007232
1 -0.920000 0.004808
1 -0.900001 0.003105
1 -0.880000 0.001946
1 -0.860001 0.001169
1 -0.840000 0.000668
1 -0.820001 0.000373
1 -0.800000 0.000196
1 -0.780001 0.000097
1 -0.760000 0.000045
1 -0.740001 0.000019
1 -0.720000 0.000007
1 -0.700000 0.000002
2 -0.320001 0.000002
2 -0.300000 0.000009
2 -0.280001 0.000027
2 -0.260000 0.000071
2 -0.240001 0.000157
2 -0.220000 0.000312
2 -0.200000 0.000549
2 -0.180000 0.000935
2 -0.160000 0.001477
2 -0.140000 0.002260
2 -0.120000 0.003342
2 -0.100000 0.004761
2 -0.080000 0.006574
2 -0.060000 0.008808
2 -0.040000 0.011483
2 -0.020000 0.014582
2 0.000000 0.017960
2 0.020000 0.022064
2 0.040000 0.026350
2 0.059999 0.031435
2 0.080000 0.036619
2 0.099999 0.040923
2 0.120000 0.045964
2 0.139999 0.049702
2 0.160000 0.052179
2 0.179999 0.054843
2 0.200000 0.055877
2 0.219999 0.056158
2 0.240000 0.055149
2 0.259999 0.053349
2 0.280000 0.050414
2 0.300000 0.046477
2 0.320000 0.042416
2 0.340000 0.037371
2 0.360000 0.032791
2 0.380000 0.027733
2 0.400000 0.023334
2 0.420000 0.018905
2 0.440000 0.015414
2 0.460000 0.012162
2 0.480000 0.009704
2 0.500000 0.007517
2 0.520000 0.005785
2 0.540000 0.004526
2 0.559999 0.003302
2 0.580000 0.002495
2 0.599999 0.001811
2 0.620000 0.001310
2 0.639999 0.000892
2 0.660000 0.000615
2 0.679999 0.000416
2 0.700000 0.000271
2 0.719999 0.000173
2 0.740000 0.000106
2 0.759999 0.000063
2 0.780000 0.000035
2 0.799999 0.000019
2 0.820000 0.000009
2 0.840000 0.000005
2 0.860000 0.000002
3 -1.580000 0.000004
3 -1.560000 0.000014
3 -1.540000 0.000047
3 -1.520000 0.000131
3 -1.500000 0.000314
3 -1.480000 0.000670
3 -1.460000 0.001301
3 -1.440001 0.002356
3 -1.420000 0.003971
3 -1.400001 0.006305
3 -1.380000 0.009401
3 -1.360001 0.013364
3 -1.340000 0.018104
3 -1.320001 0.023564
3 -1.300000 0.030223
3 -1.280001 0.037470
3 -1.260000 0.045198
3 -1.240000 0.052408
3 -1.220000 0.058839
3 -1.200000 0.063626
3 -1.180000 0.067228
3 -1.160000 0.068637
3 -1.140000 0.068536
3 -1.120000 0.065873
3 -1.100000 0.061849
3 -1.080000 0.056436
3 -1.060000 0.049964
3 -1.040000 0.042593
3 -1.020000 0.035259
3 -1.000000 0.028390
3 -0.980000 0.022215
3 -0.960000 0.017234
3 -0.940001 0.012989
3 -0.920000 0.009812
3 -0.900001 0.007296
3 -0.880000 0.005477
3 -0.860001 0.003964
3 -0.840000 0.002890
3 -0.820001 0.002037
3 -0.800000 0.001425
3 -0.780001 0.000947
3 -0.760000 0.000630
3 -0.740001 0.000405
3 -0.720000 0.000256
3 -0.700000 0.000156
3 -0.680000 0.000090
3 -0.660000 0.000050
3 -0.640000 0.000027
3 -0.620000 0.000013
3 -0.600000 0.000006
3 -0.580000 0.000003
4 -2.040000 0.000003
4 -2.020000 0.000014
4 -2.000000 0.000053
4 -1.980000 0.000164
4 -1.960000 0.000441
4 -1.940001 0.001055
4 -1.920000 0.002249
4 -1.900001 0.004446
4 -1.880000 0.008097
4 -1.860001 0.013465
4 -1.840000 0.021027
4 -1.820001 0.031059
4 -1.800000 0.043272
4 -1.780001 0.057173
4 -1.760000 0.070802
4 -1.740000 0.082523
4 -1.720000 0.091011
4 -1.700000 0.094155
4 -1.680000 0.093020
4 -1.660000 0.087397
4 -1.640000 0.077126
4 -1.620000 0.064482
4 -1.600000 0.050192
4 -1.580000 0.037181
4 -1.560000 0.026211
4 -1.540000 0.017435
4 -1.520000 0.011100
4 -1.500000 0.006769
4 -1.480000 0.003917
4 -1.460000 0.002149
4 -1.440001 0.001095
4 -1.420000 0.000530
4 -1.400001 0.000237
4 -1.380000 0.000097
4 -1.360001 0.000035
4 -1.340000 0.000011
4 -1.320001 0.000003
5 -2.340000 0.000003
5 -2.320001 0.000013
5 -2.300000 0.000055
5 -2.280001 0.000196
5 -2.260000 0.000596
5 -2.240000 0.001596
5 -2.220000 0.003823
5 -2.200000 0.008149
5 -2.180000 0.015816
5 -2.160000 0.027828
5 -2.140000 0.044823
5 -2.120000 0.065779
5 -2.100000 0.088092
5 -2.080000 0.106575
5 -2.060000 0.117933
5 -2.040000 0.119166
5 -2.020000 0.110661
5 -2.000000 0.094309
5 -1.980000 0.072921
5 -1.960000 0.050961
5 -1.940001 0.032763
5 -1.920000 0.019188
5 -1.900001 0.010301
5 -1.880000 0.005018
5 -1.860001 0.002203
5 -1.840000 0.000850
5 -1.820001 0.000282
5 -1.800000 0.000079
5 -1.780001 0.000018
5 -1.760000 0.000003
6 -0.620000 0.000003
6 -0.600000 0.000011
6 -0.580000 0.000030
6 -0.560000 0.000076
6 -0.540000 0.000162
6 -0.520000 0.000310
6 -0.500000 0.000532
6 -0.480000 0.000872
6 -0.460000 0.001361
6 -0.440001 0.002036
6 -0.420000 0.002984
6 -0.400001 0.004177
6 -0.380000 0.005775
6 -0.360001 0.007716
6 -0.340000 0.010105
6 -0.320001 0.012848
6 -0.300000 0.015921
6 -0.280001 0.019416
6 -0.260000 0.023600
6 -0.240001 0.027884
6 -0.220000 0.033250
6 -0.200000 0.037712
6 -0.180000 0.042234
6 -0.160000 0.046697
6 -0.140000 0.050006
6 -0.120000 0.052109
6 -0.100000 0.054726
6 -0.080000 0.055344
6 -0.060000 0.055601
6 -0.040000 0.054427
6 -0.020000 0.052403
6 0.000000 0.049193
6 0.020000 0.045965
6 0.040000 0.041158
6 0.059999 0.036474
6 0.080000 0.031665
6 0.099999 0.027019
6 0.120000 0.022370
6 0.139999 0.018340
6 0.160000 0.014638
6 0.179999 0.011550
6 0.200000 0.008866
6 0.219999 0.006650
6 0.240000 0.004927
6 0.259999 0.003571
6 0.280000 0.002495
6 0.300000 0.001743
6 0.320000 0.001152
6 0.340000 0.000750
6 0.360000 0.000477
6 0.380000 0.000293
6 0.400000 0.000175
6 0.420000 0.000098
6 0.440000 0.000053
6 0.460000 0.000027
6 0.480000 0.000013
6 0.500000 0.000006
6 0.520000 0.000002
7 -3.660000 0.000002
7 -3.640000 0.000013
7 -3.620000 0.000068
7 -3.600000 0.000282
7 -3.580000 0.000997
7 -3.560000 0.002986
7 -3.540000 0.007815
7 -3.520000 0.017760
7 -3.500000 0.035268
7 -3.480000 0.061112
7 -3.460000 0.092034
7 -3.440001 0.121996
7 -3.420000 0.140766
7 -3.400001 0.142643
7 -3.380000 0.127393
7 -3.360001 0.100215
7 -3.340000 0.069086
7 -3.320001 0.041530
7 -3.300000 0.022024
7 -3.280000 0.010183
7 -3.260000 0.004056
7 -3.240000 0.001336
7 -3.220000 0.000354
7 -3.200000 0.000071
7 -3.180000 0.000011
7 -3.160000 0.000001
8 -4.460000 0.000002
8 -4.440000 0.000016
8 -4.420000 0.000092
8 -4.400000 0.000437
8 -4.380000 0.001708
8 -4.360000 0.005469
8 -4.340000 0.014703
8 -4.320000 0.033247
8 -4.300000 0.063058
8 -4.280000 0.101425
8 -4.260000 0.137189
8 -4.240000 0.157558
8 -4.220000 0.154537
8 -4.200000 0.129212
8 -4.180000 0.093199
8 -4.160000 0.057022
8 -4.140000 0.030017
8 -4.120000 0.013659
8 -4.100000 0.005247
8 -4.080000 0.001669
8 -4.060000 0.000431
8 -4.040000 0.000087
8 -4.020000 0.000013
8 -4.000000 0.000002
9 -4.620000 0.000002
9 -4.600000 0.000014
9 -4.580000 0.000089
9 -4.560000 0.000457
9 -4.540000 0.001905
9 -4.520000 0.006472
9 -4.500000 0.017708
9 -4.480000 0.040685
9 -4.460000 0.076365
9 -4.440000 0.119119
9 -4.420000 0.155009
9 -4.400000 0.166916
9 -4.380000 0.151857
9 -4.360000 0.116593
9 -4.340000 0.075542
9 -4.320000 0.041279
9 -4.300000 0.019210
9 -4.280000 0.007553
9 -4.260000 0.002437
9 -4.240000 0.000635
9 -4.220000 0.000130
9 -4.200000 0.000020
9 -4.180000 0.000002
10 -4.680000 0.000001
10 -4.660000 0.000011
10 -4.640000 0.000070
10 -4.620000 0.000371
10 -4.600000 0.001570
10 -4.580000 0.005475
10 -4.560000 0.015457
10 -4.540000 0.036248
10 -4.520000 0.069801
10 -4.500000 0.112274
10 -4.480000 0.149681
10 -4.460000 0.166169
10 -4.440000 0.156328
10 -4.420000 0.123113
10 -4.400000 0.082052
10 -4.380000 0.046100
10 -4.360000 0.022226
10 -4.340000 0.009006
10 -4.320000 0.003019
10 -4.300000 0.000821
10 -4.280000 0.000175
10 -4.260000 0.000029
10 -4.240000 0.000004
11 -4.540000 0.000003
11 -4.520000 0.000020
11 -4.500000 0.000115
11 -4.480000 0.000553
11 -4.460000 0.002159
11 -4.440000 0.006929
11 -4.420000 0.018265
11 -4.400000 0.040606
11 -4.380000 0.074834
11 -4.360000 0.115961
11 -4.340000 0.150279
11 -4.320000 0.163992
11 -4.300000 0.150630
11 -4.280000 0.118068
11 -4.260000 0.078424
11 -4.240000 0.044627
11 -4.220000 0.021627
11 -4.200000 0.008839
11 -4.180000 0.003019
11 -4.160000 0.000834
11 -4.140000 0.000182
11 -4.120000 0.000031
11 -4.100000 0.000004
12 -4.680000 0.000004
12 -4.660000 0.000030
12 -4.640000 0.000171
12 -4.620000 0.000795
12 -4.600000 0.002986
12 -4.580000 0.009251
12 -4.560000 0.023424
12 -4.540000 0.049778
12 -4.520000 0.087853
12 -4.500000 0.128331
12 -4.480000 0.158256
12 -4.460000 0.163094
12 -4.440000 0.142334
12 -4.420000 0.105872
12 -4.400000 0.066031
12 -4.380000 0.035902
12 -4.360000 0.016570
12 -4.340000 0.006483
12 -4.320000 0.002131
12 -4.300000 0.000564
12 -4.280000 0.000118
12 -4.260000 0.000019
12 -4.240000 0.000002
13 -4.740000 0.000002
13 -4.720000 0.000015
13 -4.700000 0.000095
13 -4.680000 0.000491
13 -4.660000 0.002030
13 -4.640000 0.006849
13 -4.620000 0.018655
13 -4.600000 0.042163
13 -4.580000 0.078626
13 -4.560000 0.121079
13 -4.540000 0.155183
13 -4.520000 0.165651
13 -4.500000 0.148650
13 -4.480000 0.113918
13 -4.460000 0.073334
13 -4.440000 0.040897
13 -4.420000 0.019772
13 -4.400000 0.008306
13 -4.380000 0.003020
13 -4.360000 0.000944
13 -4.340000 0.000252
13 -4.320000 0.000055
13 -4.300000 0.000010
13 -4.280000 0.000001
0 -3.180000 0.000001
0 -3.160000 0.000002
0 -3.140000 0.000003
0 -3.120000 0.000004
0 -3.100000 0.000006
0 -3.080000 0.000007
0 -3.060000 0.000009
0 -3.040000 0.000011
0 -3.020000 0.000014
0 -3.000000 0.000017
0 -2.980000 0.000021
0 -2.960000 0.000025
0 -2.940001 0.000029
0 -2.920000 0.000035
0 -2.900001 0.000041
0 -2.880000 0.000048
0 -2.860001 0.000057
0 -2.840000 0.000066
0 -2.820001 0.000076
0 -2.800000 0.000087
0 -2.780000 0.000098
0 -2.760000 0.000112
0 -2.740000 0.000123
0 -2.720000 0.000136
0 -2.700000 0.000148
0 -2.680000 0.000164
0 -2.660000 0.000208
0 -2.640000 0.000272
0 -2.620000 0.000347
0 -2.600000 0.000433
0 -2.580000 0.000524
0 -2.560000 0.000638
0 -2.540000 0.000756
0 -2.520000 0.000890
0 -2.500000 0.001033
0 -2.480000 0.001186
0 -2.460000 0.001364
0 -2.440001 0.001543
0 -2.420000 0.001745
0 -2.400001 0.001954
0 -2.380000 0.002178
0 -2.360001 0.002414
0 -2.340000 0.002670
0 -2.320001 0.002928
0 -2.300000 0.003216
0 -2.280001 0.003506
0 -2.260000 0.003830
0 -2.240000 0.004154
0 -2.220000 0.004511
0 -2.200000 0.004851
0 -2.180000 0.005259
0 -2.160000 0.005656
0 -2.140000 0.006077
0 -2.120000 0.006536
0 -2.100000 0.007010
0 -2.080000 0.007505
0 -2.060000 0.008058
0 -2.040000 0.008608
0 -2.020000 0.009179
0 -2.000000 0.009793
0 -1.980000 0.010455
0 -1.960000 0.011106
0 -1.940001 0.011819
0 -1.920000 0.012612
0 -1.900001 0.013377
0 -1.880000 0.014213
0 -1.860001 0.015065
0 -1.840000 0.015963
0 -1.820001 0.016790
0 -1.800000 0.017653
0 -1.780001 0.018478
0 -1.760000 0.019293
0 -1.740000 0.020000
0 -1.720000 0.020777
0 -1.700000 0.021458
0 -1.680000 0.022191
0 -1.660000 0.022783
0 -1.640000 0.023377
0 -1.620000 0.023955
0 -1.600000 0.024474
0 -1.580000 0.024826
0 -1.560000 0.025052
0 -1.540000 0.025199
0 -1.520000 0.025369
0 -1.500000 0.025340
0 -1.480000 0.025132
0 -1.460000 0.024880
0 -1.440001 0.024563
0 -1.420000 0.024137
0 -1.400001 0.023492
0 -1.380000 0.022795
0 -1.360001 0.021968
0 -1.340000 0.021077
0 -1.320001 0.020103
0 -1.300000 0.019005
0 -1.280001 0.017973
0 -1.260000 0.016875
0 -1.240000 0.015757
0 -1.220000 0.014500
0 -1.200000 0.013378
0 -1.180000 0.012144
0 -1.160000 0.010985
0 -1.140000 0.009909
0 -1.120000 0.008768
0 -1.100000 0.007773
0 -1.080000 0.006810
0 -1.060000 0.005892
0 -1.040000 0.005074
0 -1.020000 0.004317
0 -1.000000 0.003657
0 -0.980000 0.003066
0 -0.960000 0.002542
0 -0.940001 0.002093
0 -0.920000 0.001712
0 -0.900001 0.001387
0 -0.880000 0.001106
0 -0.860001 0.000857
0 -0.840000 0.000662
0 -0.820001 0.000502
0 -0.800000 0.000378
0 -0.780001 0.000280
0 -0.760000 0.000204
0 -0.740001 0.000147
0 -0.720000 0.000103
0 -0.700000 0.000071
0 -0.680000 0.000048
0 -0.660000 0.000032
0 -0.640000 0.000020
0 -0.620000 0.000012
0 -0.600000 0.000007
0 -0.580000 0.000004
0 -0.560000 0.000002
1 -2.680000 0.000001
1 -2.660000 0.000002
1 -2.640000 0.000002
1 -2.620000 0.000003
1 -2.600000 0.000004
1 -2.580000 0.000005
1 -2.560000 0.000006
1 -2.540000 0.000008
1 -2.520000 0.000010
1 -2.500000 0.000012
1 -2.480000 0.000014
1 -2.460000 0.000017
1 -2.440001 0.000021
1 -2.420000 0.000024
1 -2.400001 0.000029
1 -2.380000 0.000034
1 -2.360001 0.000040
1 -2.340000 0.000046
1 -2.320001 0.000054
1 -2.300000 0.000062
1 -2.280001 0.000070
1 -2.260000 0.000081
1 -2.240000 0.000091
1 -2.220000 0.000103
1 -2.200000 0.000114
1 -2.180000 0.000126
1 -2.160000 0.000140
1 -2.140000 0.000156
1 -2.120000 0.000176
1 -2.100000 0.000202
1 -2.080000 0.000240
1 -2.060000 0.000305
1 -2.040000 0.000391
1 -2.020000 0.000493
1 -2.000000 0.000601
1 -1.980000 0.000727
1 -1.960000 0.000861
1 -1.940001 0.001002
1 -1.920000 0.001154
1 -1.900001 0.001327
1 -1.880000 0.001506
1 -1.860001 0.001695
1 -1.840000 0.001905
1 -1.820001 0.002117
1 -1.800000 0.002359
1 -1.780001 0.002592
1 -1.760000 0.002857
1 -1.740000 0.003136
1 -1.720000 0.003426
1 -1.700000 0.003725
1 -1.680000 0.004045
1 -1.660000 0.004380
1 -1.640000 0.004745
1 -1.620000 0.005109
1 -1.600000 0.005500
1 -1.580000 0.005907
1 -1.560000 0.006359
1 -1.540000 0.006806
1 -1.520000 0.007275
1 -1.500000 0.007792
1 -1.480000 0.008324
1 -1.460000 0.008893
1 -1.440001 0.009496
1 -1.420000 0.010140
1 -1.400001 0.010732
1 -1.380000 0.011412
1 -1.360001 0.012150
1 -1.340000 0.012829
1 -1.320001 0.013676
1 -1.300000 0.014495
1 -1.280001 0.015299
1 -1.260000 0.016140
1 -1.240000 0.017015
1 -1.220000 0.017958
1 -1.200000 0.018897
1 -1.180000 0.019790
1 -1.160000 0.020641
1 -1.140000 0.021503
1 -1.120000 0.022248
1 -1.100000 0.023024
1 -1.080000 0.023710
1 -1.060000 0.024345
1 -1.040000 0.024863
1 -1.020000 0.025384
1 -1.000000 0.025718
1 -0.980000 0.026057
1 -0.960000 0.026155
1 -0.940001 0.026244
1 -0.920000 0.026103
1 -0.900001 0.025893
1 -0.880000 0.025616
1 -0.860001 0.025188
1 -0.840000 0.024579
1 -0.820001 0.023909
1 -0.800000 0.023115
1 -0.780001 0.022175
1 -0.760000 0.021157
1 -0.740001 0.020080
1 -0.720000 0.018894
1 -0.700000 0.017569
1 -0.680000 0.016341
1 -0.660000 0.014969
1 -0.640000 0.013593
1 -0.620000 0.012234
1 -0.600000 0.010924
1 -0.580000 0.009662
1 -0.560000 0.008462
1 -0.540000 0.007359
1 -0.520000 0.006288
1 -0.500000 0.005344
1 -0.480000 0.004476
1 -0.460000 0.003691
1 -0.440001 0.003026
1 -0.420000 0.002430
1 -0.400001 0.001946
1 -0.380000 0.001527
1 -0.360001 0.001186
1 -0.340000 0.000899
1 -0.320001 0.000669
1 -0.300000 0.000489
1 -0.280001 0.000354
1 -0.260000 0.000247
1 -0.240001 0.000171
1 -0.220000 0.000115
1 -0.200000 0.000075
1 -0.180000 0.000048
1 -0.160000 0.000030
1 -0.140000 0.000018
1 -0.120000 0.000010
1 -0.100000 0.000005
1 -0.080000 0.000002
2 -1.380000 0.000001
2 -1.360001 0.000001
2 -1.340000 0.000002
2 -1.320001 0.000002
2 -1.300000 0.000003
2 -1.280001 0.000004
2 -1.260000 0.000005
2 -1.240000 0.000006
2 -1.220000 0.000008
2 -1.200000 0.000009
2 -1.180000 0.000011
2 -1.160000 0.000013
2 -1.140000 0.000016
2 -1.120000 0.000018
2 -1.100000 0.000022
2 -1.080000 0.000026
2 -1.060000 0.000030
2 -1.040000 0.000035
2 -1.020000 0.000041
2 -1.000000 0.000047
2 -0.980000 0.000054
2 -0.960000 0.000062
2 -0.940001 0.000070
2 -0.920000 0.000079
2 -0.900001 0.000089
2 -0.880000 0.000100
2 -0.860001 0.000111
2 -0.840000 0.000126
2 -0.820001 0.000142
2 -0.800000 0.000159
2 -0.780001 0.000181
2 -0.760000 0.000210
2 -0.740001 0.000245
2 -0.720000 0.000292
2 -0.700000 0.000350
2 -0.680000 0.000437
2 -0.660000 0.000570
2 -0.640000 0.000714
2 -0.620000 0.000837
2 -0.600000 0.000965
2 -0.580000 0.001096
2 -0.560000 0.001241
2 -0.540000 0.001399
2 -0.520000 0.001575
2 -0.500000 0.001763
2 -0.480000 0.001967
2 -0.460000 0.002183
2 -0.440001 0.002420
2 -0.420000 0.002669
2 -0.400001 0.002928
2 -0.380000 0.003202
2 -0.360001 0.003500
2 -0.340000 0.003807
2 -0.320001 0.004130
2 -0.300000 0.004468
2 -0.280001 0.004827
2 -0.260000 0.005193
2 -0.240001 0.005591
2 -0.220000 0.006006
2 -0.200000 0.006430
2 -0.180000 0.006909
2 -0.160000 0.007386
2 -0.140000 0.007898
2 -0.120000 0.008442
2 -0.100000 0.008995
2 -0.080000 0.009589
2 -0.060000 0.010196
2 -0.040000 0.010843
2 -0.020000 0.011490
2 0.000000 0.012202
2 0.020000 0.012938
2 0.040000 0.013736
2 0.059999 0.014525
2 0.080000 0.015314
2 0.099999 0.016138
2 0.120000 0.016964
2 0.139999 0.017815
2 0.160000 0.018683
2 0.179999 0.019610
2 0.200000 0.020569
2 0.219999 0.021508
2 0.240000 0.022386
2 0.259999 0.023230
2 0.280000 0.023979
2 0.300000 0.024558
2 0.320000 0.025150
2 0.340000 0.025564
2 0.360000 0.025900
2 0.380000 0.026211
2 0.400000 0.026264
2 0.420000 0.026109
2 0.440000 0.025970
2 0.460000 0.025728
2 0.480000 0.025433
2 0.500000 0.025014
2 0.520000 0.024462
2 0.540000 0.024013
2 0.559999 0.023140
2 0.580000 0.022399
2 0.599999 0.021371
2 0.620000 0.020275
2 0.639999 0.018956
2 0.660000 0.017584
2 0.679999 0.016221
2 0.700000 0.014822
2 0.719999 0.013366
2 0.740000 0.012019
2 0.759999 0.010678
2 0.780000 0.009399
2 0.799999 0.008164
2 0.820000 0.007062
2 0.840000 0.006047
2 0.860000 0.005123
2 0.880000 0.004250
2 0.900000 0.003519
2 0.920000 0.002854
2 0.940000 0.002281
2 0.960000 0.001781
2 0.980000 0.001362
2 1.000000 0.001017
2 1.020000 0.000730
2 1.040000 0.000506
2 1.059999 0.000337
2 1.080000 0.000217
2 1.099999 0.000135
2 1.120000 0.000078
2 1.139999 0.000044
2 1.160000 0.000023
2 1.179999 0.000011
2 1.200000 0.000005
2 1.219999 0.000002
3 -2.700000 0.000001
3 -2.680000 0.000002
3 -2.660000 0.000002
3 -2.640000 0.000003
3 -2.620000 0.000003
3 -2.600000 0.000004
3 -2.580000 0.000006
3 -2.560000 0.000007
3 -2.540000 0.000009
3 -2.520000 0.000010
3 -2.500000 0.000013
3 -2.480000 0.000015
3 -2.460000 0.000018
3 -2.440001 0.000022
3 -2.420000 0.000026
3 -2.400001 0.000030
3 -2.380000 0.000036
3 -2.360001 0.000041
3 -2.340000 0.000048
3 -2.320001 0.000055
3 -2.300000 0.000063
3 -2.280001 0.000072
3 -2.260000 0.000082
3 -2.240000 0.000091
3 -2.220000 0.000103
3 -2.200000 0.000115
3 -2.180000 0.000127
3 -2.160000 0.000142
3 -2.140000 0.000159
3 -2.120000 0.000180
3 -2.100000 0.000208
3 -2.080000 0.000246
3 -2.060000 0.000299
3 -2.040000 0.000391
3 -2.020000 0.000488
3 -2.000000 0.000607
3 -1.980000 0.000733
3 -1.960000 0.000861
3 -1.940001 0.001000
3 -1.920000 0.001150
3 -1.900001 0.001312
3 -1.880000 0.001482
3 -1.860001 0.001670
3 -1.840000 0.001870
3 -1.820001 0.002081
3 -1.800000 0.002309
3 -1.780001 0.002548
3 -1.760000 0.002800
3 -1.740000 0.003078
3 -1.720000 0.003359
3 -1.700000 0.003661
3 -1.680000 0.003970
3 -1.660000 0.004301
3 -1.640000 0.004649
3 -1.620000 0.005012
3 -1.600000 0.005393
3 -1.580000 0.005814
3 -1.560000 0.006236
3 -1.540000 0.006667
3 -1.520000 0.007139
3 -1.500000 0.007642
3 -1.480000 0.008162
3 -1.460000 0.008727
3 -1.440001 0.009314
3 -1.420000 0.009918
3 -1.400001 0.010532
3 -1.380000 0.011170
3 -1.360001 0.011897
3 -1.340000 0.012577
3 -1.320001 0.013390
3 -1.300000 0.014165
3 -1.280001 0.014976
3 -1.260000 0.015756
3 -1.240000 0.016614
3 -1.220000 0.017515
3 -1.200000 0.018448
3 -1.180000 0.019324
3 -1.160000 0.020222
3 -1.140000 0.021062
3 -1.120000 0.021886
3 -1.100000 0.022681
3 -1.080000 0.023445
3 -1.060000 0.024055
3 -1.040000 0.024640
3 -1.020000 0.025060
3 -1.000000 0.025530
3 -0.980000 0.025838
3 -0.960000 0.026000
3 -0.940001 0.026105
3 -0.920000 0.025977
3 -0.900001 0.025820
3 -0.880000 0.025589
3 -0.860001 0.025189
3 -0.840000 0.024688
3 -0.820001 0.024119
3 -0.800000 0.023346
3 -0.780001 0.022517
3 -0.760000 0.021600
3 -0.740001 0.020501
3 -0.720000 0.019401
3 -0.700000 0.018122
3 -0.680000 0.016853
3 -0.660000 0.015548
3 -0.640000 0.014130
3 -0.620000 0.012822
3 -0.600000 0.011462
3 -0.580000 0.010181
3 -0.560000 0.008979
3 -0.540000 0.007832
3 -0.520000 0.006726
3 -0.500000 0.005768
3 -0.480000 0.004842
3 -0.460000 0.004045
3 -0.440001 0.003321
3 -0.420000 0.002680
3 -0.400001 0.002150
3 -0.380000 0.001691
3 -0.360001 0.001302
3 -0.340000 0.000993
3 -0.320001 0.000728
3 -0.300000 0.000527
3 -0.280001 0.000369
3 -0.260000 0.000255
3 -0.240001 0.000168
3 -0.220000 0.000112
3 -0.200000 0.000070
3 -0.180000 0.000044
3 -0.160000 0.000026
3 -0.140000 0.000015
3 -0.120000 0.000008
3 -0.100000 0.000004
3 -0.080000 0.000001
4 -3.180000 0.000001
4 -3.160000 0.000002
4 -3.140000 0.000002
4 -3.120000 0.000003
4 -3.100000 0.000004
4 -3.080000 0.000006
4 -3.060000 0.000007
4 -3.040000 0.000009
4 -3.020000 0.000011
4 -3.000000 0.000014
4 -2.980000 0.000016
4 -2.960000 0.000020
4 -2.940001 0.000024
4 -2.920000 0.000028
4 -2.900001 0.000033
4 -2.880000 0.000039
4 -2.860001 0.000045
4 -2.840000 0.000053
4 -2.820001 0.000061
4 -2.800000 0.000070
4 -2.780000 0.000080
4 -2.760000 0.000091
4 -2.740000 0.000103
4 -2.720000 0.000114
4 -2.700000 0.000128
4 -2.680000 0.000139
4 -2.660000 0.000156
4 -2.640000 0.000172
4 -2.620000 0.000200
4 -2.600000 0.000250
4 -2.580000 0.000321
4 -2.560000 0.000406
4 -2.540000 0.000508
4 -2.520000 0.000620
4 -2.500000 0.000742
4 -2.480000 0.000877
4 -2.460000 0.001024
4 -2.440001 0.001181
4 -2.420000 0.001357
4 -2.400001 0.001539
4 -2.380000 0.001739
4 -2.360001 0.001949
4 -2.340000 0.002174
4 -2.320001 0.002411
4 -2.300000 0.002663
4 -2.280001 0.002928
4 -2.260000 0.003206
4 -2.240000 0.003501
4 -2.220000 0.003805
4 -2.200000 0.004136
4 -2.180000 0.004478
4 -2.160000 0.004841
4 -2.140000 0.005211
4 -2.120000 0.005623
4 -2.100000 0.006045
4 -2.080000 0.006489
4 -2.060000 0.006943
4 -2.040000 0.007436
4 -2.020000 0.007946
4 -2.000000 0.008497
4 -1.980000 0.009094
4 -1.960000 0.009706
4 -1.940001 0.010344
4 -1.920000 0.010968
4 -1.900001 0.011666
4 -1.880000 0.012389
4 -1.860001 0.013147
4 -1.840000 0.013956
4 -1.820001 0.014817
4 -1.800000 0.015651
4 -1.780001 0.016601
4 -1.760000 0.017437
4 -1.740000 0.018339
4 -1.720000 0.019305
4 -1.700000 0.020116
4 -1.680000 0.020943
4 -1.660000 0.021721
4 -1.640000 0.022496
4 -1.620000 0.023184
4 -1.600000 0.023829
4 -1.580000 0.024408
4 -1.560000 0.024963
4 -1.540000 0.025422
4 -1.520000 0.025771
4 -1.500000 0.025983
4 -1.480000 0.026056
4 -1.460000 0.026079
4 -1.440001 0.025971
4 -1.420000 0.025688
4 -1.400001 0.025397
4 -1.380000 0.024882
4 -1.360001 0.024342
4 -1.340000 0.023472
4 -1.320001 0.022685
4 -1.300000 0.021704
4 -1.280001 0.020634
4 -1.260000 0.019501
4 -1.240000 0.018380
4 -1.220000 0.017081
4 -1.200000 0.015849
4 -1.180000 0.014505
4 -1.160000 0.013166
4 -1.140000 0.011862
4 -1.120000 0.010620
4 -1.100000 0.009344
4 -1.080000 0.008228
4 -1.060000 0.007107
4 -1.040000 0.006120
4 -1.020000 0.005180
4 -1.000000 0.004364
4 -0.980000 0.003621
4 -0.960000 0.002980
4 -0.940001 0.002416
4 -0.920000 0.001934
4 -0.900001 0.001533
4 -0.880000 0.001200
4 -0.860001 0.000920
4 -0.840000 0.000697
4 -0.820001 0.000522
4 -0.800000 0.000381
4 -0.780001 0.000274
4 -0.760000 0.000194
4 -0.740001 0.000134
4 -0.720000 0.000090
4 -0.700000 0.000061
4 -0.680000 0.000038
4 -0.660000 0.000024
4 -0.640000 0.000014
4 -0.620000 0.000008
4 -0.600000 0.000004
4 -0.580000 0.000002
5 -3.500000 0.000001
5 -3.480000 0.000002
5 -3.460000 0.000003
5 -3.440001 0.000004
5 -3.420000 0.000005
5 -3.400001 0.000006
5 -3.380000 0.000008
5 -3.360001 0.000010
5 -3.340000 0.000012
5 -3.320001 0.000015
5 -3.300000 0.000018
5 -3.280000 0.000022
5 -3.260000 0.000026
5 -3.240000 0.000032
5 -3.220000 0.000037
5 -3.200000 0.000044
5 -3.180000 0.000051
5 -3.160000 0.000059
5 -3.140000 0.000069
5 -3.120000 0.000079
5 -3.100000 0.000090
5 -3.080000 0.000101
5 -3.060000 0.000115
5 -3.040000 0.000127
5 -3.020000 0.000139
5 -3.000000 0.000152
5 -2.980000 0.000167
5 -2.960000 0.000204
5 -2.940001 0.000267
5 -2.920000 0.000343
5 -2.900001 0.000430
5 -2.880000 0.000525
5 -2.860001 0.000640
5 -2.840000 0.000765
5 -2.820001 0.000896
5 -2.800000 0.001048
5 -2.780000 0.001204
5 -2.760000 0.001379
5 -2.740000 0.001572
5 -2.720000 0.001771
5 -2.700000 0.001992
5 -2.680000 0.002215
5 -2.660000 0.002450
5 -2.640000 0.002710
5 -2.620000 0.002982
5 -2.600000 0.003270
5 -2.580000 0.003563
5 -2.560000 0.003877
5 -2.540000 0.004207
5 -2.520000 0.004559
5 -2.500000 0.004925
5 -2.480000 0.005317
5 -2.460000 0.005723
5 -2.440001 0.006149
5 -2.420000 0.006607
5 -2.400001 0.007083
5 -2.380000 0.007579
5 -2.360001 0.008117
5 -2.340000 0.008677
5 -2.320001 0.009266
5 -2.300000 0.009889
5 -2.280001 0.010533
5 -2.260000 0.011196
5 -2.240000 0.011921
5 -2.220000 0.012644
5 -2.200000 0.013456
5 -2.180000 0.014288
5 -2.160000 0.015155
5 -2.140000 0.016071
5 -2.120000 0.016973
5 -2.100000 0.017829
5 -2.080000 0.018675
5 -2.060000 0.019565
5 -2.040000 0.020350
5 -2.020000 0.021066
5 -2.000000 0.021823
5 -1.980000 0.022532
5 -1.960000 0.023184
5 -1.940001 0.023832
5 -1.920000 0.024397
5 -1.900001 0.024907
5 -1.880000 0.025274
5 -1.860001 0.025508
5 -1.840000 0.025717
5 -1.820001 0.025836
5 -1.800000 0.025730
5 -1.780001 0.025541
5 -1.760000 0.025325
5 -1.740000 0.024966
5 -1.720000 0.024353
5 -1.700000 0.023770
5 -1.680000 0.023013
5 -1.660000 0.022059
5 -1.640000 0.021121
5 -1.620000 0.020140
5 -1.600000 0.018843
5 -1.580000 0.017976
5 -1.560000 0.016593
5 -1.540000 0.015434
5 -1.520000 0.014217
5 -1.500000 0.012812
5 -1.480000 0.011751
5 -1.460000 0.010395
5 -1.440001 0.009352
5 -1.420000 0.008155
5 -1.400001 0.007191
5 -1.380000 0.006163
5 -1.360001 0.005314
5 -1.340000 0.004520
5 -1.320001 0.003791
5 -1.300000 0.003177
5 -1.280001 0.002590
5 -1.260000 0.002136
5 -1.240000 0.001708
5 -1.220000 0.001361
5 -1.200000 0.001078
5 -1.180000 0.000822
5 -1.160000 0.000634
5 -1.140000 0.000478
5 -1.120000 0.000349
5 -1.100000 0.000258
5 -1.080000 0.000185
5 -1.060000 0.000128
5 -1.040000 0.000088
5 -1.020000 0.000060
5 -1.000000 0.000039
5 -0.980000 0.000025
5 -0.960000 0.000015
5 -0.940001 0.000009
5 -0.920000 0.000004
5 -0.900001 0.000002
6 -1.680000 0.000001
6 -1.660000 0.000002
6 -1.640000 0.000002
6 -1.620000 0.000003
6 -1.600000 0.000003
6 -1.580000 0.000004
6 -1.560000 0.000005
6 -1.540000 0.000007
6 -1.520000 0.000008
6 -1.500000 0.000010
6 -1.480000 0.000011
6 -1.460000 0.000014
6 -1.440001 0.000016
6 -1.420000 0.000019
6 -1.400001 0.000023
6 -1.380000 0.000027
6 -1.360001 0.000031
6 -1.340000 0.000036
6 -1.320001 0.000042
6 -1.300000 0.000048
6 -1.280001 0.000055
6 -1.260000 0.000062
6 -1.240000 0.000071
6 -1.220000 0.000079
6 -1.200000 0.000090
6 -1.180000 0.000100
6 -1.160000 0.000111
6 -1.140000 0.000128
6 -1.120000 0.000143
6 -1.100000 0.000160
6 -1.080000 0.000182
6 -1.060000 0.000211
6 -1.040000 0.000244
6 -1.020000 0.000291
6 -1.000000 0.000346
6 -0.980000 0.000425
6 -0.960000 0.000548
6 -0.940001 0.000687
6 -0.920000 0.000810
6 -0.900001 0.000931
6 -0.880000 0.001058
6 -0.860001 0.001199
6 -0.840000 0.001349
6 -0.820001 0.001517
6 -0.800000 0.001697
6 -0.780001 0.001894
6 -0.760000 0.002103
6 -0.740001 0.002331
6 -0.720000 0.002574
6 -0.700000 0.002824
6 -0.680000 0.003091
6 -0.660000 0.003369
6 -0.640000 0.003669
6 -0.620000 0.003979
6 -0.600000 0.004308
6 -0.580000 0.004650
6 -0.560000 0.005014
6 -0.540000 0.005384
6 -0.520000 0.005779
6 -0.500000 0.006206
6 -0.480000 0.006645
6 -0.460000 0.007115
6 -0.440001 0.007603
6 -0.420000 0.008124
6 -0.400001 0.008666
6 -0.380000 0.009213
6 -0.360001 0.009816
6 -0.340000 0.010422
6 -0.320001 0.011053
6 -0.300000 0.011722
6 -0.280001 0.012411
6 -0.260000 0.013155
6 -0.240001 0.013931
6 -0.220000 0.014697
6 -0.200000 0.015470
6 -0.180000 0.016267
6 -0.160000 0.017073
6 -0.140000 0.017925
6 -0.120000 0.018792
6 -0.100000 0.019691
6 -0.080000 0.020636
6 -0.060000 0.021511
6 -0.040000 0.022325
6 -0.020000 0.023111
6 0.000000 0.023726
6 0.020000 0.024380
6 0.040000 0.024850
6 0.059999 0.025185
6 0.080000 0.025522
6 0.099999 0.025774
6 0.120000 0.025768
6 0.139999 0.025686
6 0.160000 0.025493
6 0.179999 0.025296
6 0.200000 0.024996
6 0.219999 0.024605
6 0.240000 0.024119
6 0.259999 0.023559
6 0.280000 0.022885
6 0.300000 0.022078
6 0.320000 0.021080
6 0.340000 0.020019
6 0.360000 0.018800
6 0.380000 0.017465
6 0.400000 0.016148
6 0.420000 0.014706
6 0.440000 0.013307
6 0.460000 0.011955
6 0.480000 0.010642
6 0.500000 0.009318
6 0.520000 0.008132
6 0.540000 0.007035
6 0.559999 0.005972
6 0.580000 0.005077
6 0.599999 0.004223
6 0.620000 0.003476
6 0.639999 0.002821
6 0.660000 0.002242
6 0.679999 0.001756
6 0.700000 0.001347
6 0.719999 0.001014
6 0.740000 0.000733
6 0.759999 0.000516
6 0.780000 0.000353
6 0.799999 0.000233
6 0.820000 0.000148
6 0.840000 0.000091
6 0.860000 0.000053
6 0.880000 0.000029
6 0.900000 0.000015
6 0.920000 0.000007
6 0.940000 0.000003
7 -4.840000 0.000001
7 -4.820000 0.000002
7 -4.800000 0.000003
7 -4.780000 0.000004
7 -4.760000 0.000005
7 -4.740000 0.000007
7 -4.720000 0.000009
7 -4.700000 0.000011
7 -4.680000 0.000013
7 -4.660000 0.000016
7 -4.640000 0.000020
7 -4.620000 0.000024
7 -4.600000 0.000029
7 -4.580000 0.000034
7 -4.560000 0.000040
7 -4.540000 0.000047
7 -4.520000 0.000055
7 -4.500000 0.000064
7 -4.480000 0.000074
7 -4.460000 0.000085
7 -4.440000 0.000097
7 -4.420000 0.000109
7 -4.400000 0.000122
7 -4.380000 0.000134
7 -4.360000 0.000146
7 -4.340000 0.000162
7 -4.320000 0.000204
7 -4.300000 0.000270
7 -4.280000 0.000343
7 -4.260000 0.000427
7 -4.240000 0.000520
7 -4.220000 0.000625
7 -4.200000 0.000743
7 -4.180000 0.000880
7 -4.160000 0.001016
7 -4.140000 0.001172
7 -4.120000 0.001338
7 -4.100000 0.001527
7 -4.080000 0.001721
7 -4.060000 0.001930
7 -4.040000 0.002156
7 -4.020000 0.002385
7 -4.000000 0.002639
7 -3.980000 0.002903
7 -3.960000 0.003183
7 -3.940001 0.003480
7 -3.920000 0.003794
7 -3.900001 0.004125
7 -3.880000 0.004466
7 -3.860001 0.004836
7 -3.840000 0.005216
7 -3.820001 0.005610
7 -3.800000 0.006037
7 -3.780000 0.006496
7 -3.760000 0.006962
7 -3.740000 0.007468
7 -3.720000 0.008006
7 -3.700000 0.008555
7 -3.680000 0.009131
7 -3.660000 0.009744
7 -3.640000 0.010367
7 -3.620000 0.011058
7 -3.600000 0.011769
7 -3.580000 0.012534
7 -3.560000 0.013312
7 -3.540000 0.014160
7 -3.520000 0.015014
7 -3.500000 0.015918
7 -3.480000 0.016711
7 -3.460000 0.017536
7 -3.440001 0.018356
7 -3.420000 0.019186
7 -3.400001 0.019884
7 -3.380000 0.020591
7 -3.360001 0.021293
7 -3.340000 0.021974
7 -3.320001 0.022645
7 -3.300000 0.023237
7 -3.280000 0.023778
7 -3.260000 0.024258
7 -3.240000 0.024674
7 -3.220000 0.024889
7 -3.200000 0.025064
7 -3.180000 0.025144
7 -3.160000 0.025231
7 -3.140000 0.025053
7 -3.120000 0.024714
7 -3.100000 0.024431
7 -3.080000 0.023975
7 -3.060000 0.023480
7 -3.040000 0.022822
7 -3.020000 0.021894
7 -3.000000 0.021088
7 -2.980000 0.020124
7 -2.960000 0.019135
7 -2.940001 0.018053
7 -2.920000 0.016960
7 -2.900001 0.015836
7 -2.880000 0.014730
7 -2.860001 0.013504
7 -2.840000 0.012352
7 -2.820001 0.011219
7 -2.800000 0.010112
7 -2.780000 0.009028
7 -2.760000 0.008040
7 -2.740000 0.007014
7 -2.720000 0.006147
7 -2.700000 0.005306
7 -2.680000 0.004550
7 -2.660000 0.003885
7 -2.640000 0.003290
7 -2.620000 0.002751
7 -2.600000 0.002285
7 -2.580000 0.001869
7 -2.560000 0.001508
7 -2.540000 0.001211
7 -2.520000 0.000956
7 -2.500000 0.000745
7 -2.480000 0.000577
7 -2.460000 0.000439
7 -2.440001 0.000326
7 -2.420000 0.000243
7 -2.400001 0.000173
7 -2.380000 0.000125
7 -2.360001 0.000085
7 -2.340000 0.000059
7 -2.320001 0.000040
7 -2.300000 0.000026
7 -2.280001 0.000016
7 -2.260000 0.000010
7 -2.240000 0.000005
7 -2.220000 0.000003
7 -2.200000 0.000001
8 -5.640000 0.000001
8 -5.620000 0.000002
8 -5.600000 0.000003
8 -5.580000 0.000004
8 -5.560000 0.000005
8 -5.540000 0.000007
8 -5.520000 0.000009
8 -5.500000 0.000011
8 -5.480000 0.000014
8 -5.460000 0.000017
8 -5.440000 0.000020
8 -5.420000 0.000025
8 -5.400000 0.000030
8 -5.380000 0.000036
8 -5.360000 0.000042
8 -5.340000 0.000050
8 -5.320000 0.000059
8 -5.300000 0.000068
8 -5.280000 0.000079
8 -5.260000 0.000091
8 -5.240000 0.000102
8 -5.220000 0.000115
8 -5.200000 0.000127
8 -5.180000 0.000139
8 -5.160000 0.000166
8 -5.140000 0.000217
8 -5.120000 0.000283
8 -5.100000 0.000355
8 -5.080000 0.000438
8 -5.060000 0.000528
8 -5.040000 0.000629
8 -5.020000 0.000745
8 -5.000000 0.000876
8 -4.980000 0.001010
8 -4.960000 0.001162
8 -4.940000 0.001326
8 -4.920000 0.001503
8 -4.900000 0.001698
8 -4.880000 0.001897
8 -4.860000 0.002120
8 -4.840000 0.002348
8 -4.820000 0.002589
8 -4.800000 0.002856
8 -4.780000 0.003135
8 -4.760000 0.003422
8 -4.740000 0.003741
8 -4.720000 0.004077
8 -4.700000 0.004411
8 -4.680000 0.004794
8 -4.660000 0.005157
8 -4.640000 0.005571
8 -4.620000 0.005971
8 -4.600000 0.006440
8 -4.580000 0.006913
8 -4.560000 0.007454
8 -4.540000 0.007971
8 -4.520000 0.008542
8 -4.500000 0.009108
8 -4.480000 0.009694
8 -4.460000 0.010360
8 -4.440000 0.011047
8 -4.420000 0.011803
8 -4.400000 0.012544
8 -4.380000 0.013402
8 -4.360000 0.014215
8 -4.340000 0.015012
8 -4.320000 0.015745
8 -4.300000 0.016522
8 -4.280000 0.017340
8 -4.260000 0.018104
8 -4.240000 0.018803
8 -4.220000 0.019498
8 -4.200000 0.020186
8 -4.180000 0.020860
8 -4.160000 0.021489
8 -4.140000 0.022062
8 -4.120000 0.022646
8 -4.100000 0.023195
8 -4.080000 0.023599
8 -4.060000 0.023947
8 -4.040000 0.024127
8 -4.020000 0.024340
8 -4.000000 0.024398
8 -3.980000 0.024461
8 -3.960000 0.024267
8 -3.940001 0.024032
8 -3.920000 0.023735
8 -3.900001 0.023388
8 -3.880000 0.022842
8 -3.860001 0.022216
8 -3.840000 0.021502
8 -3.820001 0.020767
8 -3.800000 0.019878
8 -3.780000 0.019031
8 -3.760000 0.018038
8 -3.740000 0.017063
8 -3.720000 0.016064
8 -3.700000 0.015052
8 -3.680000 0.013954
8 -3.660000 0.012885
8 -3.640000 0.011804
8 -3.620000 0.010774
8 -3.600000 0.009765
8 -3.580000 0.008812
8 -3.560000 0.007871
8 -3.540000 0.006976
8 -3.520000 0.006139
8 -3.500000 0.005375
8 -3.480000 0.004658
8 -3.460000 0.004029
8 -3.440001 0.003458
8 -3.420000 0.002944
8 -3.400001 0.002494
8 -3.380000 0.002083
8 -3.360001 0.001720
8 -3.340000 0.001404
8 -3.320001 0.001142
8 -3.300000 0.000918
8 -3.280000 0.000735
8 -3.260000 0.000577
8 -3.240000 0.000449
8 -3.220000 0.000340
8 -3.200000 0.000261
8 -3.180000 0.000193
8 -3.160000 0.000141
8 -3.140000 0.000103
8 -3.120000 0.000073
8 -3.100000 0.000051
8 -3.080000 0.000035
8 -3.060000 0.000023
8 -3.040000 0.000015
8 -3.020000 0.000009
8 -3.000000 0.000005
8 -2.980000 0.000003
8 -2.960000 0.000001
9 -5.800000 0.000001
9 -5.780000 0.000002
9 -5.760000 0.000003
9 -5.740000 0.000004
9 -5.720000 0.000006
9 -5.700000 0.000007
9 -5.680000 0.000010
9 -5.660000 0.000012
9 -5.640000 0.000015
9 -5.620000 0.000018
9 -5.600000 0.000022
9 -5.580000 0.000027
9 -5.560000 0.000032
9 -5.540000 0.000038
9 -5.520000 0.000046
9 -5.500000 0.000054
9 -5.480000 0.000063
9 -5.460000 0.000073
9 -5.440000 0.000084
9 -5.420000 0.000095
9 -5.400000 0.000108
9 -5.380000 0.000120
9 -5.360000 0.000132
9 -5.340000 0.000154
9 -5.320000 0.000192
9 -5.300000 0.000250
9 -5.280000 0.000319
9 -5.260000 0.000395
9 -5.240000 0.000481
9 -5.220000 0.000576
9 -5.200000 0.000682
9 -5.180000 0.000803
9 -5.160000 0.000932
9 -5.140000 0.001077
9 -5.120000 0.001233
9 -5.100000 0.001397
9 -5.080000 0.001587
9 -5.060000 0.001782
9 -5.040000 0.001988
9 -5.020000 0.002207
9 -5.000000 0.002440
9 -4.980000 0.002701
9 -4.960000 0.002956
9 -4.940000 0.003244
9 -4.920000 0.003548
9 -4.900000 0.003873
9 -4.880000 0.004206
9 -4.860000 0.004561
9 -4.840000 0.004926
9 -4.820000 0.005297
9 -4.800000 0.005729
9 -4.780000 0.006138
9 -4.760000 0.006614
9 -4.740000 0.007145
9 -4.720000 0.007618
9 -4.700000 0.008163
9 -4.680000 0.008770
9 -4.660000 0.009303
9 -4.640000 0.009927
9 -4.620000 0.010609
9 -4.600000 0.011314
9 -4.580000 0.012066
9 -4.560000 0.012865
9 -4.540000 0.013665
9 -4.520000 0.014498
9 -4.500000 0.015208
9 -4.480000 0.016008
9 -4.460000 0.016755
9 -4.440000 0.017517
9 -4.420000 0.018257
9 -4.400000 0.018951
9 -4.380000 0.019621
9 -4.360000 0.020292
9 -4.340000 0.020945
9 -4.320000 0.021539
9 -4.300000 0.022108
9 -4.280000 0.022686
9 -4.260000 0.023177
9 -4.240000 0.023517
9 -4.220000 0.023895
9 -4.200000 0.024043
9 -4.180000 0.024114
9 -4.160000 0.024157
9 -4.140000 0.024207
9 -4.120000 0.024073
9 -4.100000 0.023789
9 -4.080000 0.023481
9 -4.060000 0.022876
9 -4.040000 0.022558
9 -4.020000 0.021982
9 -4.000000 0.021110
9 -3.980000 0.020328
9 -3.960000 0.019591
9 -3.940001 0.018680
9 -3.920000 0.017622
9 -3.900001 0.016760
9 -3.880000 0.015762
9 -3.860001 0.014715
9 -3.840000 0.013682
9 -3.820001 0.012619
9 -3.800000 0.011569
9 -3.780000 0.010578
9 -3.760000 0.009612
9 -3.740000 0.008641
9 -3.720000 0.007743
9 -3.700000 0.006877
9 -3.680000 0.006044
9 -3.660000 0.005274
9 -3.640000 0.004617
9 -3.620000 0.003981
9 -3.600000 0.003435
9 -3.580000 0.002939
9 -3.560000 0.002487
9 -3.540000 0.002078
9 -3.520000 0.001724
9 -3.500000 0.001414
9 -3.480000 0.001152
9 -3.460000 0.000927
9 -3.440001 0.000739
9 -3.420000 0.000589
9 -3.400001 0.000456
9 -3.380000 0.000349
9 -3.360001 0.000267
9 -3.340000 0.000201
9 -3.320001 0.000144
9 -3.300000 0.000106
9 -3.280000 0.000076
9 -3.260000 0.000053
9 -3.240000 0.000037
9 -3.220000 0.000025
9 -3.200000 0.000016
9 -3.180000 0.000010
9 -3.160000 0.000006
9 -3.140000 0.000003
9 -3.120000 0.000001
10 -5.860000 0.000001
10 -5.840000 0.000002
10 -5.820000 0.000003
10 -5.800000 0.000005
10 -5.780000 0.000006
10 -5.760000 0.000008
10 -5.740000 0.000010
10 -5.720000 0.000012
10 -5.700000 0.000015
10 -5.680000 0.000018
10 -5.660000 0.000022
10 -5.640000 0.000027
10 -5.620000 0.000032
10 -5.600000 0.000039
10 -5.580000 0.000046
10 -5.560000 0.000054
10 -5.540000 0.000063
10 -5.520000 0.000073
10 -5.500000 0.000084
10 -5.480000 0.000095
10 -5.460000 0.000108
10 -5.440000 0.000120
10 -5.420000 0.000132
10 -5.400000 0.000153
10 -5.380000 0.000190
10 -5.360000 0.000243
10 -5.340000 0.000313
10 -5.320000 0.000388
10 -5.300000 0.000473
10 -5.280000 0.000567
10 -5.260000 0.000673
10 -5.240000 0.000788
10 -5.220000 0.000925
10 -5.200000 0.001063
10 -5.180000 0.001217
10 -5.160000 0.001384
10 -5.140000 0.001571
10 -5.120000 0.001756
10 -5.100000 0.001972
10 -5.080000 0.002188
10 -5.060000 0.002423
10 -5.040000 0.002675
10 -5.020000 0.002929
10 -5.000000 0.003215
10 -4.980000 0.003513
10 -4.960000 0.003836
10 -4.940000 0.004173
10 -4.920000 0.004523
10 -4.900000 0.004873
10 -4.880000 0.005264
10 -4.860000 0.005668
10 -4.840000 0.006088
10 -4.820000 0.006569
10 -4.800000 0.007044
10 -4.780000 0.007560
10 -4.760000 0.008123
10 -4.740000 0.008655
10 -4.720000 0.009224
10 -4.700000 0.009869
10 -4.680000 0.010468
10 -4.660000 0.011229
10 -4.640000 0.011935
10 -4.620000 0.012745
10 -4.600000 0.013530
10 -4.580000 0.014361
10 -4.560000 0.015111
10 -4.540000 0.015901
10 -4.520000 0.016606
10 -4.500000 0.017427
10 -4.480000 0.018146
10 -4.460000 0.018853
10 -4.440000 0.019567
10 -4.420000 0.020198
10 -4.400000 0.020858
10 -4.380000 0.021453
10 -4.360000 0.022062
10 -4.340000 0.022630
10 -4.320000 0.023110
10 -4.300000 0.023547
10 -4.280000 0.023835
10 -4.260000 0.024027
10 -4.240000 0.024136
10 -4.220000 0.024221
10 -4.200000 0.024260
10 -4.180000 0.024079
10 -4.160000 0.023934
10 -4.140000 0.023595
10 -4.120000 0.023149
10 -4.100000 0.022483
10 -4.080000 0.022086
10 -4.060000 0.021347
10 -4.040000 0.020548
10 -4.020000 0.019503
10 -4.000000 0.018924
10 -3.980000 0.017891
10 -3.960000 0.016819
10 -3.940001 0.015898
10 -3.920000 0.014915
10 -3.900001 0.013772
10 -3.880000 0.012734
10 -3.860001 0.011729
10 -3.840000 0.010630
10 -3.820001 0.009716
10 -3.800000 0.008738
10 -3.780000 0.007829
10 -3.760000 0.006928
10 -3.740000 0.006089
10 -3.720000 0.005348
10 -3.700000 0.004653
10 -3.680000 0.004020
10 -3.660000 0.003457
10 -3.640000 0.002956
10 -3.620000 0.002506
10 -3.600000 0.002099
10 -3.580000 0.001737
10 -3.560000 0.001423
10 -3.540000 0.001159
10 -3.520000 0.000933
10 -3.500000 0.000745
10 -3.480000 0.000590
10 -3.460000 0.000458
10 -3.440001 0.000352
10 -3.420000 0.000270
10 -3.400001 0.000198
10 -3.380000 0.000147
10 -3.360001 0.000106
10 -3.340000 0.000076
10 -3.320001 0.000053
10 -3.300000 0.000037
10 -3.280000 0.000025
10 -3.260000 0.000016
10 -3.240000 0.000010
10 -3.220000 0.000006
10 -3.200000 0.000003
10 -3.180000 0.000001
11 -5.720000 0.000001
11 -5.700000 0.000002
11 -5.680000 0.000003
11 -5.660000 0.000004
11 -5.640000 0.000006
11 -5.620000 0.000007
11 -5.600000 0.000009
11 -5.580000 0.000012
11 -5.560000 0.000014
11 -5.540000 0.000018
11 -5.520000 0.000022
11 -5.500000 0.000026
11 -5.480000 0.000031
11 -5.460000 0.000038
11 -5.440000 0.000044
11 -5.420000 0.000053
11 -5.400000 0.000062
11 -5.380000 0.000072
11 -5.360000 0.000082
11 -5.340000 0.000093
11 -5.320000 0.000107
11 -5.300000 0.000119
11 -5.280000 0.000130
11 -5.260000 0.000147
11 -5.240000 0.000183
11 -5.220000 0.000240
11 -5.200000 0.000309
11 -5.180000 0.000382
11 -5.160000 0.000469
11 -5.140000 0.000562
11 -5.120000 0.000669
11 -5.100000 0.000788
11 -5.080000 0.000920
11 -5.060000 0.001062
11 -5.040000 0.001214
11 -5.020000 0.001385
11 -5.000000 0.001564
11 -4.980000 0.001764
11 -4.960000 0.001971
11 -4.940000 0.002195
11 -4.920000 0.002423
11 -4.900000 0.002684
11 -4.880000 0.002943
11 -4.860000 0.003228
11 -4.840000 0.003521
11 -4.820000 0.003854
11 -4.800000 0.004188
11 -4.780000 0.004548
11 -4.760000 0.004902
11 -4.740000 0.005292
11 -4.720000 0.005692
11 -4.700000 0.006139
11 -4.680000 0.006591
11 -4.660000 0.007098
11 -4.640000 0.007636
11 -4.620000 0.008164
11 -4.600000 0.008708
11 -4.580000 0.009315
11 -4.560000 0.009907
11 -4.540000 0.010596
11 -4.520000 0.011305
11 -4.500000 0.012034
11 -4.480000 0.012851
11 -4.460000 0.013660
11 -4.440000 0.014492
11 -4.420000 0.015233
11 -4.400000 0.015994
11 -4.380000 0.016772
11 -4.360000 0.017576
11 -4.340000 0.018302
11 -4.320000 0.019030
11 -4.300000 0.019702
11 -4.280000 0.020365
11 -4.260000 0.020957
11 -4.240000 0.021608
11 -4.220000 0.022247
11 -4.200000 0.022766
11 -4.180000 0.023282
11 -4.160000 0.023655
11 -4.140000 0.023919
11 -4.120000 0.024135
11 -4.100000 0.024300
11 -4.080000 0.024361
11 -4.060000 0.024359
11 -4.040000 0.024134
11 -4.020000 0.023870
11 -4.000000 0.023539
11 -3.980000 0.023149
11 -3.960000 0.022665
11 -3.940001 0.021989
11 -3.920000 0.021229
11 -3.900001 0.020450
11 -3.880000 0.019573
11 -3.860001 0.018733
11 -3.840000 0.017712
11 -3.820001 0.016753
11 -3.800000 0.015719
11 -3.780000 0.014690
11 -3.760000 0.013634
11 -3.740000 0.012582
11 -3.720000 0.011507
11 -3.700000 0.010507
11 -3.680000 0.009492
11 -3.660000 0.008588
11 -3.640000 0.007624
11 -3.620000 0.006776
11 -3.600000 0.005937
11 -3.580000 0.005187
11 -3.560000 0.004515
11 -3.540000 0.003909
11 -3.520000 0.003332
11 -3.500000 0.002856
11 -3.480000 0.002391
11 -3.460000 0.002008
11 -3.440001 0.001654
11 -3.420000 0.001352
11 -3.400001 0.001095
11 -3.380000 0.000877
11 -3.360001 0.000699
11 -3.340000 0.000551
11 -3.320001 0.000427
11 -3.300000 0.000324
11 -3.280000 0.000245
11 -3.260000 0.000182
11 -3.240000 0.000133
11 -3.220000 0.000096
11 -3.200000 0.000068
11 -3.180000 0.000047
11 -3.160000 0.000032
11 -3.140000 0.000021
11 -3.120000 0.000013
11 -3.100000 0.000008
11 -3.080000 0.000005
11 -3.060000 0.000002
12 -5.860000 0.000002
12 -5.840000 0.000003
12 -5.820000 0.000004
12 -5.800000 0.000005
12 -5.780000 0.000006
12 -5.760000 0.000008
12 -5.740000 0.000010
12 -5.720000 0.000013
12 -5.700000 0.000016
12 -5.680000 0.000019
12 -5.660000 0.000023
12 -5.640000 0.000028
12 -5.620000 0.000034
12 -5.600000 0.000040
12 -5.580000 0.000048
12 -5.560000 0.000056
12 -5.540000 0.000066
12 -5.520000 0.000076
12 -5.500000 0.000087
12 -5.480000 0.000099
12 -5.460000 0.000111
12 -5.440000 0.000124
12 -5.420000 0.000136
12 -5.400000 0.000160
12 -5.380000 0.000202
12 -5.360000 0.000265
12 -5.340000 0.000336
12 -5.320000 0.000415
12 -5.300000 0.000503
12 -5.280000 0.000599
12 -5.260000 0.000713
12 -5.240000 0.000834
12 -5.220000 0.000973
12 -5.200000 0.001114
12 -5.180000 0.001276
12 -5.160000 0.001442
12 -5.140000 0.001636
12 -5.120000 0.001835
12 -5.100000 0.002043
12 -5.080000 0.002272
12 -5.060000 0.002505
12 -5.040000 0.002768
12 -5.020000 0.003035
12 -5.000000 0.003326
12 -4.980000 0.003631
12 -4.960000 0.003951
12 -4.940000 0.004307
12 -4.920000 0.004653
12 -4.900000 0.005021
12 -4.880000 0.005429
12 -4.860000 0.005811
12 -4.840000 0.006276
12 -4.820000 0.006754
12 -4.800000 0.007257
12 -4.780000 0.007771
12 -4.760000 0.008323
12 -4.740000 0.008889
12 -4.720000 0.009474
12 -4.700000 0.010107
12 -4.680000 0.010771
12 -4.660000 0.011519
12 -4.640000 0.012260
12 -4.620000 0.013082
12 -4.600000 0.013891
12 -4.580000 0.014720
12 -4.560000 0.015442
12 -4.540000 0.016228
12 -4.520000 0.017005
12 -4.500000 0.017770
12 -4.480000 0.018502
12 -4.460000 0.019208
12 -4.440000 0.019859
12 -4.420000 0.020587
12 -4.400000 0.021108
12 -4.380000 0.021793
12 -4.360000 0.022370
12 -4.340000 0.022873
12 -4.320000 0.023388
12 -4.300000 0.023747
12 -4.280000 0.024001
12 -4.260000 0.024165
12 -4.240000 0.024265
12 -4.220000 0.024250
12 -4.200000 0.024131
12 -4.180000 0.024091
12 -4.160000 0.023798
12 -4.140000 0.023433
12 -4.120000 0.022910
12 -4.100000 0.022308
12 -4.080000 0.021771
12 -4.060000 0.021053
12 -4.040000 0.020135
12 -4.020000 0.019288
12 -4.000000 0.018411
12 -3.980000 0.017414
12 -3.960000 0.016456
12 -3.940001 0.015434
12 -3.920000 0.014385
12 -3.900001 0.013334
12 -3.880000 0.012237
12 -3.860001 0.011261
12 -3.840000 0.010256
12 -3.820001 0.009237
12 -3.800000 0.008328
12 -3.780000 0.007433
12 -3.760000 0.006538
12 -3.740000 0.005770
12 -3.720000 0.005008
12 -3.700000 0.004364
12 -3.680000 0.003760
12 -3.660000 0.003230
12 -3.640000 0.002751
12 -3.620000 0.002314
12 -3.600000 0.001930
12 -3.580000 0.001588
12 -3.560000 0.001303
12 -3.540000 0.001051
12 -3.520000 0.000843
12 -3.500000 0.000669
12 -3.480000 0.000527
12 -3.460000 0.000408
12 -3.440001 0.000309
12 -3.420000 0.000234
12 -3.400001 0.000173
12 -3.380000 0.000125
12 -3.360001 0.000091
12 -3.340000 0.000064
12 -3.320001 0.000045
12 -3.300000 0.000031
12 -3.280000 0.000020
12 -3.260000 0.000013
12 -3.240000 0.000008
12 -3.220000 0.000004
12 -3.200000 0.000002
13 -5.920000 0.000001
13 -5.900000 0.000002
13 -5.880000 0.000003
13 -5.860000 0.000004
13 -5.840000 0.000006
13 -5.820000 0.000008
13 -5.800000 0.000010
13 -5.780000 0.000012
13 -5.760000 0.000015
13 -5.740000 0.000018
13 -5.720000 0.000022
13 -5.700000 0.000027
13 -5.680000 0.000032
13 -5.660000 0.000039
13 -5.640000 0.000046
13 -5.620000 0.000054
13 -5.600000 0.000063
13 -5.580000 0.000073
13 -5.560000 0.000084
13 -5.540000 0.000096
13 -5.520000 0.000108
13 -5.500000 0.000121
13 -5.480000 0.000133
13 -5.460000 0.000154
13 -5.440000 0.000191
13 -5.420000 0.000249
13 -5.400000 0.000319
13 -5.380000 0.000394
13 -5.360000 0.000481
13 -5.340000 0.000576
13 -5.320000 0.000682
13 -5.300000 0.000803
13 -5.280000 0.000937
13 -5.260000 0.001079
13 -5.240000 0.001230
13 -5.220000 0.001405
13 -5.200000 0.001587
13 -5.180000 0.001784
13 -5.160000 0.001992
13 -5.140000 0.002217
13 -5.120000 0.002443
13 -5.100000 0.002702
13 -5.080000 0.002961
13 -5.060000 0.003249
13 -5.040000 0.003555
13 -5.020000 0.003871
13 -5.000000 0.004211
13 -4.980000 0.004569
13 -4.960000 0.004933
13 -4.940000 0.005308
13 -4.920000 0.005725
13 -4.900000 0.006146
13 -4.880000 0.006611
13 -4.860000 0.007133
13 -4.840000 0.007679
13 -4.820000 0.008153
13 -4.800000 0.008752
13 -4.780000 0.009327
13 -4.760000 0.009930
13 -4.740000 0.010609
13 -4.720000 0.011301
13 -4.700000 0.012093
13 -4.680000 0.012843
13 -4.660000 0.013717
13 -4.640000 0.014507
13 -4.620000 0.015273
13 -4.600000 0.016043
13 -4.580000 0.016839
13 -4.560000 0.017617
13 -4.540000 0.018344
13 -4.520000 0.019089
13 -4.500000 0.019717
13 -4.480000 0.020422
13 -4.460000 0.021023
13 -4.440000 0.021681
13 -4.420000 0.022266
13 -4.400000 0.022830
13 -4.380000 0.023248
13 -4.360000 0.023675
13 -4.340000 0.023953
13 -4.320000 0.024143
13 -4.300000 0.024206
13 -4.280000 0.024237
13 -4.260000 0.024281
13 -4.240000 0.024084
13 -4.220000 0.023821
13 -4.200000 0.023442
13 -4.180000 0.023085
13 -4.160000 0.022540
13 -4.140000 0.021787
13 -4.120000 0.021103
13 -4.100000 0.020408
13 -4.080000 0.019459
13 -4.060000 0.018507
13 -4.040000 0.017706
13 -4.020000 0.016665
13 -4.000000 0.015576
13 -3.980000 0.014647
13 -3.960000 0.013506
13 -3.940001 0.012583
13 -3.920000 0.011464
13 -3.900001 0.010420
13 -3.880000 0.009545
13 -3.860001 0.008509
13 -3.840000 0.007671
13 -3.820001 0.006721
13 -3.800000 0.005982
13 -3.780000 0.005194
13 -3.760000 0.004539
13 -3.740000 0.003921
13 -3.720000 0.003386
13 -3.700000 0.002887
13 -3.680000 0.002431
13 -3.660000 0.002041
13 -3.640000 0.001694
13 -3.620000 0.001381
13 -3.600000 0.001123
13 -3.580000 0.000910
13 -3.560000 0.000722
13 -3.540000 0.000572
13 -3.520000 0.000445
13 -3.500000 0.000339
13 -3.480000 0.000260
13 -3.460000 0.000192
13 -3.440001 0.000141
13 -3.420000 0.000102
13 -3.400001 0.000073
13 -3.380000 0.000051
13 -3.360001 0.000035
13 -3.340000 0.000024
13 -3.320001 0.000015
13 -3.300000 0.000009
13 -3.280000 0.000005
13 -3.260000 0.000003
13 -3.240000 0.000001
0 -2.040000 0.000003
0 -2.020000 0.000015
0 -2.000000 0.000071
0 -1.980000 0.000275
0 -1.960000 0.000895
0 -1.940001 0.002463
0 -1.920000 0.005865
0 -1.900001 0.012265
0 -1.880000 0.022777
0 -1.860001 0.038006
0 -1.840000 0.057798
0 -1.820001 0.079895
0 -1.800000 0.101117
0 -1.780001 0.117018
0 -1.760000 0.123881
0 -1.740000 0.118796
0 -1.720000 0.103633
0 -1.700000 0.081166
0 -1.680000 0.057587
0 -1.660000 0.036671
0 -1.640000 0.021042
0 -1.620000 0.010839
0 -1.600000 0.004945
0 -1.580000 0.001990
0 -1.560000 0.000698
0 -1.540000 0.000215
0 -1.520000 0.000057
0 -1.500000 0.000013
0 -1.480000 0.000003
1 -1.580000 0.000001
1 -1.560000 0.000006
1 -1.540000 0.000028
1 -1.520000 0.000103
1 -1.500000 0.000315
1 -1.480000 0.000811
1 -1.460000 0.001799
1 -1.440001 0.003510
1 -1.420000 0.006169
1 -1.400001 0.009864
1 -1.380000 0.014692
1 -1.360001 0.020515
1 -1.340000 0.027170
1 -1.320001 0.034708
1 -1.300000 0.042645
1 -1.280001 0.050629
1 -1.260000 0.058219
1 -1.240000 0.064828
1 -1.220000 0.070195
1 -1.200000 0.073991
1 -1.180000 0.075547
1 -1.160000 0.074502
1 -1.140000 0.070401
1 -1.120000 0.063512
1 -1.100000 0.055388
1 -1.080000 0.046128
1 -1.060000 0.036947
1 -1.040000 0.028413
1 -1.020000 0.021315
1 -1.000000 0.015739
1 -0.980000 0.011210
1 -0.960000 0.007693
1 -0.940001 0.005099
1 -0.920000 0.003265
1 -0.900001 0.002015
1 -0.880000 0.001193
1 -0.860001 0.000687
1 -0.840000 0.000374
1 -0.820001 0.000198
1 -0.800000 0.000099
1 -0.780001 0.000047
1 -0.760000 0.000020
1 -0.740001 0.000008
1 -0.720000 0.000003
2 -0.320001 0.000003
2 -0.300000 0.000014
2 -0.280001 0.000047
2 -0.260000 0.000139
2 -0.240001 0.000342
2 -0.220000 0.000739
2 -0.200000 0.001385
2 -0.180000 0.002367
2 -0.160000 0.003663
2 -0.140000 0.005328
2 -0.120000 0.007327
2 -0.100000 0.009685
2 -0.080000 0.012480
2 -0.060000 0.015531
2 -0.040000 0.018882
2 -0.020000 0.022517
2 0.000000 0.026168
2 0.020000 0.029982
2 0.040000 0.033975
2 0.059999 0.037895
2 0.080000 0.041651
2 0.099999 0.044734
2 0.120000 0.047922
2 0.139999 0.050163
2 0.160000 0.051460
2 0.179999 0.052753
2 0.200000 0.053349
2 0.219999 0.052403
2 0.240000 0.050397
2 0.259999 0.047527
2 0.280000 0.043745
2 0.300000 0.039733
2 0.320000 0.035308
2 0.340000 0.030619
2 0.360000 0.026036
2 0.380000 0.021698
2 0.400000 0.017883
2 0.420000 0.014323
2 0.440000 0.011896
2 0.460000 0.009581
2 0.480000 0.007404
2 0.500000 0.005659
2 0.520000 0.004302
2 0.540000 0.003249
2 0.559999 0.002379
2 0.580000 0.001705
2 0.599999 0.001229
2 0.620000 0.000839
2 0.639999 0.000568
2 0.660000 0.000379
2 0.679999 0.000249
2 0.700000 0.000158
2 0.719999 0.000099
2 0.740000 0.000059
2 0.759999 0.000035
2 0.780000 0.000019
2 0.799999 0.000010
2 0.820000 0.000005
2 0.840000 0.000003
3 -1.600000 0.000002
3 -1.580000 0.000009
3 -1.560000 0.000039
3 -1.540000 0.000131
3 -1.520000 0.000375
3 -1.500000 0.000901
3 -1.480000 0.001874
3 -1.460000 0.003501
3 -1.440001 0.005859
3 -1.420000 0.009005
3 -1.400001 0.012961
3 -1.380000 0.017571
3 -1.360001 0.022789
3 -1.340000 0.028185
3 -1.320001 0.034075
3 -1.300000 0.040029
3 -1.280001 0.045924
3 -1.260000 0.051247
3 -1.240000 0.056180
3 -1.220000 0.060400
3 -1.200000 0.063313
3 -1.180000 0.064984
3 -1.160000 0.065327
3 -1.140000 0.063463
3 -1.120000 0.059425
3 -1.100000 0.054210
3 -1.080000 0.048098
3 -1.060000 0.041212
3 -1.040000 0.034283
3 -1.020000 0.027642
3 -1.000000 0.021748
3 -0.980000 0.016802
3 -0.960000 0.013247
3 -0.940001 0.009997
3 -0.920000 0.007405
3 -0.900001 0.005383
3 -0.880000 0.003920
3 -0.860001 0.002791
3 -0.840000 0.001952
3 -0.820001 0.001339
3 -0.800000 0.000892
3 -0.780001 0.000580
3 -0.760000 0.000373
3 -0.740001 0.000233
3 -0.720000 0.000141
3 -0.700000 0.000084
3 -0.680000 0.000047
3 -0.660000 0.000026
3 -0.640000 0.000014
3 -0.620000 0.000007
3 -0.600000 0.000003
3 -0.580000 0.000001
4 -2.060000 0.000002
4 -2.040000 0.000011
4 -2.020000 0.000050
4 -2.000000 0.000181
4 -1.980000 0.000544
4 -1.960000 0.001387
4 -1.940001 0.003059
4 -1.920000 0.005937
4 -1.900001 0.010394
4 -1.880000 0.016653
4 -1.860001 0.024563
4 -1.840000 0.034211
4 -1.820001 0.045161
4 -1.800000 0.056538
4 -1.780001 0.067859
4 -1.760000 0.077242
4 -1.740000 0.084754
4 -1.720000 0.089489
4 -1.700000 0.089466
4 -1.680000 0.085041
4 -1.660000 0.076310
4 -1.640000 0.064564
4 -1.620000 0.051523
4 -1.600000 0.038699
4 -1.580000 0.027794
4 -1.560000 0.019115
4 -1.540000 0.012549
4 -1.520000 0.007730
4 -1.500000 0.004479
4 -1.480000 0.002432
4 -1.460000 0.001237
4 -1.440001 0.000590
4 -1.420000 0.000264
4 -1.400001 0.000110
4 -1.380000 0.000042
4 -1.360001 0.000014
4 -1.340000 0.000004
4 -1.320001 0.000001
5 -2.360001 0.000002
5 -2.340000 0.000012
5 -2.320001 0.000056
5 -2.300000 0.000218
5 -2.280001 0.000699
5 -2.260000 0.001904
5 -2.240000 0.004498
5 -2.220000 0.009292
5 -2.200000 0.017163
5 -2.180000 0.028660
5 -2.160000 0.043765
5 -2.140000 0.061848
5 -2.120000 0.080681
5 -2.100000 0.097586
5 -2.080000 0.109629
5 -2.060000 0.114974
5 -2.040000 0.110394
5 -2.020000 0.097164
5 -2.000000 0.078191
5 -1.980000 0.057514
5 -1.960000 0.038323
5 -1.940001 0.023407
5 -1.920000 0.013000
5 -1.900001 0.006490
5 -1.880000 0.002869
5 -1.860001 0.001121
5 -1.840000 0.000385
5 -1.820001 0.000116
5 -1.800000 0.000030
5 -1.780001 0.000007
5 -1.760000 0.000001
6 -0.620000 0.000003
6 -0.600000 0.000012
6 -0.580000 0.000040
6 -0.560000 0.000112
6 -0.540000 0.000275
6 -0.520000 0.000588
6 -0.500000 0.001124
6 -0.480000 0.001935
6 -0.460000 0.003048
6 -0.440001 0.004473
6 -0.420000 0.006226
6 -0.400001 0.008305
6 -0.380000 0.010758
6 -0.360001 0.013659
6 -0.340000 0.016710
6 -0.320001 0.020132
6 -0.300000 0.023780
6 -0.280001 0.027507
6 -0.260000 0.031386
6 -0.240001 0.035389
6 -0.220000 0.039363
6 -0.200000 0.042769
6 -0.180000 0.045852
6 -0.160000 0.048769
6 -0.140000 0.050614
6 -0.120000 0.052059
6 -0.100000 0.053187
6 -0.080000 0.053112
6 -0.060000 0.051654
6 -0.040000 0.049311
6 -0.020000 0.046266
6 0.000000 0.042174
6 0.020000 0.038287
6 0.040000 0.033697
6 0.059999 0.029149
6 0.080000 0.024694
6 0.099999 0.020618
6 0.120000 0.016910
6 0.139999 0.013773
6 0.160000 0.011296
6 0.179999 0.008810
6 0.200000 0.006635
6 0.219999 0.004881
6 0.240000 0.003531
6 0.259999 0.002481
6 0.280000 0.001692
6 0.300000 0.001125
6 0.320000 0.000724
6 0.340000 0.000457
6 0.360000 0.000281
6 0.380000 0.000166
6 0.400000 0.000096
6 0.420000 0.000053
6 0.440000 0.000028
6 0.460000 0.000014
6 0.480000 0.000006
6 0.500000 0.000003
7 -3.680000 0.000001
7 -3.660000 0.000010
7 -3.640000 0.000052
7 -3.620000 0.000232
7 -3.600000 0.000839
7 -3.580000 0.002562
7 -3.560000 0.006667
7 -3.540000 0.015000
7 -3.520000 0.029512
7 -3.500000 0.051245
7 -3.480000 0.078634
7 -3.460000 0.107151
7 -3.440001 0.130297
7 -3.420000 0.141095
7 -3.400001 0.134386
7 -3.380000 0.112821
7 -3.360001 0.083190
7 -3.340000 0.053446
7 -3.320001 0.029752
7 -3.300000 0.014329
7 -3.280000 0.005910
7 -3.260000 0.002071
7 -3.240000 0.000609
7 -3.220000 0.000150
7 -3.200000 0.000031
7 -3.180000 0.000005
8 -4.460000 0.000003
8 -4.440000 0.000024
8 -4.420000 0.000134
8 -4.400000 0.000614
8 -4.380000 0.002317
8 -4.360000 0.007180
8 -4.340000 0.018588
8 -4.320000 0.040220
8 -4.300000 0.073279
8 -4.280000 0.113127
8 -4.260000 0.147417
8 -4.240000 0.162165
8 -4.220000 0.151392
8 -4.200000 0.119985
8 -4.180000 0.080950
8 -4.160000 0.046201
8 -4.140000 0.022444
8 -4.120000 0.009331
8 -4.100000 0.003306
8 -4.080000 0.000996
8 -4.060000 0.000257
8 -4.040000 0.000056
8 -4.020000 0.000011
8 -4.000000 0.000002
9 -4.620000 0.000003
9 -4.600000 0.000020
9 -4.580000 0.000124
9 -4.560000 0.000616
9 -4.540000 0.002478
9 -4.520000 0.008093
9 -4.500000 0.021610
9 -4.480000 0.047643
9 -4.460000 0.086546
9 -4.440000 0.130484
9 -4.420000 0.163005
9 -4.400000 0.169162
9 -4.380000 0.146316
9 -4.360000 0.105967
9 -4.340000 0.064269
9 -4.320000 0.032607
9 -4.300000 0.013958
9 -4.280000 0.005057
9 -4.260000 0.001539
9 -4.240000 0.000396
9 -4.220000 0.000087
9 -4.200000 0.000016
9 -4.180000 0.000003
10 -4.680000 0.000002
10 -4.660000 0.000017
10 -4.640000 0.000107
10 -4.620000 0.000538
10 -4.600000 0.002191
10 -4.580000 0.007246
10 -4.560000 0.019584
10 -4.540000 0.043853
10 -4.520000 0.080864
10 -4.500000 0.124679
10 -4.480000 0.159159
10 -4.460000 0.169362
10 -4.440000 0.150635
10 -4.420000 0.111710
10 -4.400000 0.069581
10 -4.380000 0.036241
10 -4.360000 0.015914
10 -4.340000 0.005880
10 -4.320000 0.001827
10 -4.300000 0.000480
10 -4.280000 0.000106
10 -4.260000 0.000020
10 -4.240000 0.000003
11 -4.540000 0.000004
11 -4.520000 0.000028
11 -4.500000 0.000161
11 -4.480000 0.000747
11 -4.460000 0.002837
11 -4.440000 0.008823
11 -4.420000 0.022600
11 -4.400000 0.048191
11 -4.380000 0.085709
11 -4.360000 0.127776
11 -4.340000 0.159007
11 -4.320000 0.166090
11 -4.300000 0.145416
11 -4.280000 0.107187
11 -4.260000 0.066591
11 -4.240000 0.034969
11 -4.220000 0.015554
11 -4.200000 0.005822
11 -4.180000 0.001851
11 -4.160000 0.000497
11 -4.140000 0.000113
11 -4.120000 0.000022
11 -4.100000 0.000004
12 -4.680000 0.000006
12 -4.660000 0.000042
12 -4.640000 0.000235
12 -4.620000 0.001063
12 -4.600000 0.003875
12 -4.580000 0.011610
12 -4.560000 0.028538
12 -4.540000 0.058342
12 -4.520000 0.099056
12 -4.500000 0.140095
12 -4.480000 0.165233
12 -4.460000 0.163101
12 -4.440000 0.134784
12 -4.420000 0.094332
12 -4.400000 0.054988
12 -4.380000 0.027440
12 -4.360000 0.011522
12 -4.340000 0.004097
12 -4.320000 0.001242
12 -4.300000 0.000317
12 -4.280000 0.000069
12 -4.260000 0.000013
12 -4.240000 0.000002
13 -4.740000 0.000003
13 -4.720000 0.000021
13 -4.700000 0.000129
13 -4.680000 0.000649
13 -4.660000 0.002619
13 -4.640000 0.008530
13 -4.620000 0.022681
13 -4.600000 0.049471
13 -4.580000 0.089096
13 -4.560000 0.132544
13 -4.540000 0.163303
13 -4.520000 0.167651
13 -4.500000 0.143101
13 -4.480000 0.103236
13 -4.460000 0.062593
13 -4.440000 0.032327
13 -4.420000 0.014233
13 -4.400000 0.005392
13 -4.380000 0.001760
13 -4.360000 0.000502
13 -4.340000 0.000125
13 -4.320000 0.000027
13 -4.300000 0.000005
0 -2.040000 0.000003
0 -2.020000 0.000016
0 -2.000000 0.000079
0 -1.980000 0.000319
0 -1.960000 0.001087
0 -1.940001 0.003123
0 -1.920000 0.007815
0 -1.900001 0.017026
0 -1.880000 0.032622
0 -1.860001 0.055227
0 -1.840000 0.083073
0 -1.820001 0.110911
0 -1.800000 0.131502
0 -1.780001 0.137484
0 -1.760000 0.127029
0 -1.740000 0.105451
0 -1.720000 0.078329
0 -1.700000 0.051472
0 -1.680000 0.030212
0 -1.660000 0.015577
0 -1.640000 0.007193
0 -1.620000 0.002938
0 -1.600000 0.001062
0 -1.580000 0.000334
0 -1.560000 0.000090
0 -1.540000 0.000020
0 -1.520000 0.000004
1 -1.580000 0.000001
1 -1.560000 0.000007
1 -1.540000 0.000030
1 -1.520000 0.000109
1 -1.500000 0.000322
1 -1.480000 0.000810
1 -1.460000 0.001794
1 -1.440001 0.003552
1 -1.420000 0.006463
1 -1.400001 0.010938
1 -1.380000 0.017065
1 -1.360001 0.024865
1 -1.340000 0.033994
1 -1.320001 0.044373
1 -1.300000 0.055814
1 -1.280001 0.066862
1 -1.260000 0.076759
1 -1.240000 0.083401
1 -1.220000 0.085667
1 -1.200000 0.084714
1 -1.180000 0.079959
1 -1.160000 0.072466
1 -1.140000 0.062572
1 -1.120000 0.051692
1 -1.100000 0.041062
1 -1.080000 0.030920
1 -1.060000 0.022222
1 -1.040000 0.015220
1 -1.020000 0.010134
1 -1.000000 0.006488
1 -0.980000 0.004019
1 -0.960000 0.002463
1 -0.940001 0.001459
1 -0.920000 0.000838
1 -0.900001 0.000465
1 -0.880000 0.000247
1 -0.860001 0.000126
1 -0.840000 0.000061
1 -0.820001 0.000028
1 -0.800000 0.000012
1 -0.780001 0.000005
1 -0.760000 0.000002
2 -0.340000 0.000002
2 -0.320001 0.000008
2 -0.300000 0.000028
2 -0.280001 0.000084
2 -0.260000 0.000216
2 -0.240001 0.000461
2 -0.220000 0.000888
2 -0.200000 0.001509
2 -0.180000 0.002481
2 -0.160000 0.003785
2 -0.140000 0.005599
2 -0.120000 0.007963
2 -0.100000 0.010895
2 -0.080000 0.014397
2 -0.060000 0.018460
2 -0.040000 0.022906
2 -0.020000 0.027753
2 0.000000 0.032557
2 0.020000 0.038086
2 0.040000 0.043168
2 0.059999 0.048997
2 0.080000 0.053603
2 0.099999 0.056558
2 0.120000 0.059595
2 0.139999 0.060124
2 0.160000 0.059005
2 0.179999 0.057989
2 0.200000 0.054753
2 0.219999 0.051196
2 0.240000 0.046541
2 0.259999 0.041533
2 0.280000 0.036092
2 0.300000 0.030732
2 0.320000 0.025708
2 0.340000 0.020769
2 0.360000 0.016615
2 0.380000 0.012869
2 0.400000 0.009849
2 0.420000 0.007289
2 0.440000 0.005514
2 0.460000 0.003961
2 0.480000 0.002905
2 0.500000 0.002071
2 0.520000 0.001466
2 0.540000 0.001040
2 0.559999 0.000691
2 0.580000 0.000471
2 0.599999 0.000311
2 0.620000 0.000201
2 0.639999 0.000124
2 0.660000 0.000077
2 0.679999 0.000046
2 0.700000 0.000027
2 0.719999 0.000015
2 0.740000 0.000008
2 0.759999 0.000004
2 0.780000 0.000002
3 -1.600000 0.000002
3 -1.580000 0.000011
3 -1.560000 0.000045
3 -1.540000 0.000146
3 -1.520000 0.000396
3 -1.500000 0.000925
3 -1.480000 0.001906
3 -1.460000 0.003564
3 -1.440001 0.006168
3 -1.420000 0.009888
3 -1.400001 0.014856
3 -1.380000 0.020897
3 -1.360001 0.027934
3 -1.340000 0.035477
3 -1.320001 0.043367
3 -1.300000 0.052200
3 -1.280001 0.060391
3 -1.260000 0.067540
3 -1.240000 0.072251
3 -1.220000 0.074462
3 -1.200000 0.073811
3 -1.180000 0.071338
3 -1.160000 0.066259
3 -1.140000 0.059992
3 -1.120000 0.052187
3 -1.100000 0.044075
3 -1.080000 0.036196
3 -1.060000 0.028625
3 -1.040000 0.021835
3 -1.020000 0.016081
3 -1.000000 0.011540
3 -0.980000 0.008104
3 -0.960000 0.005692
3 -0.940001 0.003917
3 -0.920000 0.002685
3 -0.900001 0.001824
3 -0.880000 0.001246
3 -0.860001 0.000809
3 -0.840000 0.000529
3 -0.820001 0.000336
3 -0.800000 0.000207
3 -0.780001 0.000123
3 -0.760000 0.000073
3 -0.740001 0.000041
3 -0.720000 0.000023
3 -0.700000 0.000012
3 -0.680000 0.000006
3 -0.660000 0.000003
3 -0.640000 0.000001
4 -2.060000 0.000002
4 -2.040000 0.000010
4 -2.020000 0.000044
4 -2.000000 0.000163
4 -1.980000 0.000500
4 -1.960000 0.001311
4 -1.940001 0.003021
4 -1.920000 0.006160
4 -1.900001 0.011509
4 -1.880000 0.019654
4 -1.860001 0.030407
4 -1.840000 0.043859
4 -1.820001 0.059480
4 -1.800000 0.075484
4 -1.780001 0.090071
4 -1.760000 0.099508
4 -1.740000 0.102511
4 -1.720000 0.099440
4 -1.700000 0.089726
4 -1.680000 0.076670
4 -1.660000 0.061744
4 -1.640000 0.046246
4 -1.620000 0.032539
4 -1.600000 0.021118
4 -1.580000 0.012995
4 -1.560000 0.007569
4 -1.540000 0.004144
4 -1.520000 0.002167
4 -1.500000 0.001080
4 -1.480000 0.000505
4 -1.460000 0.000222
4 -1.440001 0.000090
4 -1.420000 0.000034
4 -1.400001 0.000012
4 -1.380000 0.000004
4 -1.360001 0.000001
5 -2.360001 0.000001
5 -2.340000 0.000008
5 -2.320001 0.000041
5 -2.300000 0.000170
5 -2.280001 0.000603
5 -2.260000 0.001780
5 -2.240000 0.004575
5 -2.220000 0.010369
5 -2.200000 0.020586
5 -2.180000 0.036722
5 -2.160000 0.058556
5 -2.140000 0.084189
5 -2.120000 0.108790
5 -2.100000 0.126087
5 -2.080000 0.129949
5 -2.060000 0.121081
5 -2.040000 0.101551
5 -2.020000 0.077141
5 -2.000000 0.052878
5 -1.980000 0.032399
5 -1.960000 0.017633
5 -1.940001 0.008703
5 -1.920000 0.003861
5 -1.900001 0.001545
5 -1.880000 0.000550
5 -1.860001 0.000173
5 -1.840000 0.000047
5 -1.820001 0.000011
5 -1.800000 0.000002
6 -0.640000 0.000002
6 -0.620000 0.000010
6 -0.600000 0.000034
6 -0.580000 0.000096
6 -0.560000 0.000232
6 -0.540000 0.000479
6 -0.520000 0.000883
6 -0.500000 0.001465
6 -0.480000 0.002321
6 -0.460000 0.003496
6 -0.440001 0.005060
6 -0.420000 0.007165
6 -0.400001 0.009642
6 -0.380000 0.012813
6 -0.360001 0.016391
6 -0.340000 0.020525
6 -0.320001 0.024952
6 -0.300000 0.029465
6 -0.280001 0.034329
6 -0.260000 0.039645
6 -0.240001 0.044717
6 -0.220000 0.050444
6 -0.200000 0.053788
6 -0.180000 0.056898
6 -0.160000 0.058932
6 -0.140000 0.058978
6 -0.120000 0.057645
6 -0.100000 0.056343
6 -0.080000 0.053004
6 -0.060000 0.049405
6 -0.040000 0.044809
6 -0.020000 0.039811
6 0.000000 0.034368
6 0.020000 0.029570
6 0.040000 0.024182
6 0.059999 0.019651
6 0.080000 0.015550
6 0.099999 0.012067
6 0.120000 0.009080
6 0.139999 0.006736
6 0.160000 0.004857
6 0.179999 0.003440
6 0.200000 0.002372
6 0.219999 0.001593
6 0.240000 0.001053
6 0.259999 0.000680
6 0.280000 0.000422
6 0.300000 0.000261
6 0.320000 0.000151
6 0.340000 0.000087
6 0.360000 0.000048
6 0.380000 0.000026
6 0.400000 0.000013
6 0.420000 0.000006
6 0.440000 0.000003
6 0.460000 0.000001
7 -3.660000 0.000007
7 -3.640000 0.000042
7 -3.620000 0.000214
7 -3.600000 0.000872
7 -3.580000 0.002968
7 -3.560000 0.008390
7 -3.540000 0.020285
7 -3.520000 0.041752
7 -3.500000 0.073449
7 -3.480000 0.110401
7 -3.460000 0.141289
7 -3.440001 0.156046
7 -3.420000 0.146874
7 -3.400001 0.119235
7 -3.380000 0.083512
7 -3.360001 0.050485
7 -3.340000 0.026218
7 -3.320001 0.011601
7 -3.300000 0.004434
7 -3.280000 0.001438
7 -3.260000 0.000389
7 -3.240000 0.000084
7 -3.220000 0.000014
7 -3.200000 0.000002
8 -4.460000 0.000007
8 -4.440000 0.000052
8 -4.420000 0.000301
8 -4.400000 0.001378
8 -4.380000 0.005062
8 -4.360000 0.014907
8 -4.340000 0.036040
8 -4.320000 0.071489
8 -4.300000 0.115998
8 -4.280000 0.156094
8 -4.260000 0.172425
8 -4.240000 0.158248
8 -4.220000 0.121065
8 -4.200000 0.077122
8 -4.180000 0.041498
8 -4.160000 0.018492
8 -4.140000 0.006928
8 -4.120000 0.002185
8 -4.100000 0.000567
8 -4.080000 0.000118
8 -4.060000 0.000019
8 -4.040000 0.000002
9 -4.620000 0.000006
9 -4.600000 0.000046
9 -4.580000 0.000289
9 -4.560000 0.001417
9 -4.540000 0.005508
9 -4.520000 0.017036
9 -4.500000 0.041462
9 -4.480000 0.082657
9 -4.460000 0.131599
9 -4.440000 0.170144
9 -4.420000 0.179291
9 -4.400000 0.152938
9 -4.380000 0.107745
9 -4.360000 0.062631
9 -4.340000 0.030067
9 -4.320000 0.011909
9 -4.300000 0.003920
9 -4.280000 0.001062
9 -4.260000 0.000230
9 -4.240000 0.000039
9 -4.220000 0.000005
10 -4.680000 0.000004
10 -4.660000 0.000035
10 -4.640000 0.000225
10 -4.620000 0.001152
10 -4.600000 0.004563
10 -4.580000 0.014536
10 -4.560000 0.036707
10 -4.540000 0.075005
10 -4.520000 0.123119
10 -4.500000 0.165069
10 -4.480000 0.179201
10 -4.460000 0.158554
10 -4.440000 0.116272
10 -4.420000 0.069845
10 -4.400000 0.034748
10 -4.380000 0.014276
10 -4.360000 0.004920
10 -4.340000 0.001386
10 -4.320000 0.000316
10 -4.300000 0.000057
10 -4.280000 0.000008
11 -4.540000 0.000009
11 -4.520000 0.000065
11 -4.500000 0.000376
11 -4.480000 0.001725
11 -4.460000 0.006285
11 -4.440000 0.018392
11 -4.420000 0.043177
11 -4.400000 0.083373
11 -4.380000 0.130452
11 -4.360000 0.167403
11 -4.340000 0.175535
11 -4.320000 0.151508
11 -4.300000 0.107706
11 -4.280000 0.063769
11 -4.260000 0.031330
11 -4.240000 0.012903
11 -4.220000 0.004410
11 -4.200000 0.001239
11 -4.180000 0.000283
11 -4.160000 0.000051
11 -4.140000 0.000007
12 -4.700000 0.000002
12 -4.680000 0.000014
12 -4.660000 0.000099
12 -4.640000 0.000552
12 -4.620000 0.002432
12 -4.600000 0.008460
12 -4.580000 0.023703
12 -4.560000 0.053002
12 -4.540000 0.097166
12 -4.520000 0.144487
12 -4.500000 0.173807
12 -4.480000 0.172423
12 -4.460000 0.139812
12 -4.440000 0.093974
12 -4.420000 0.052515
12 -4.400000 0.024099
12 -4.380000 0.009407
12 -4.360000 0.003034
12 -4.340000 0.000804
12 -4.320000 0.000174
12 -4.300000 0.000029
12 -4.280000 0.000004
13 -4.740000 0.000006
13 -4.720000 0.000049
13 -4.700000 0.000308
13 -4.680000 0.001519
13 -4.660000 0.005834
13 -4.640000 0.017903
13 -4.620000 0.043323
13 -4.600000 0.084938
13 -4.580000 0.134351
13 -4.560000 0.171211
13 -4.540000 0.178072
13 -4.520000 0.150672
13 -4.500000 0.104777
13 -4.480000 0.060845
13 -4.460000 0.029046
13 -4.440000 0.011690
13 -4.420000 0.003978
13 -4.400000 0.001139
13 -4.380000 0.000273
13 -4.360000 0.000055
13 -4.340000 0.000009
13 -4.320000 0.000001
