#fil mag PDF
0 -2.020000 0.000007
0 -2.000000 0.000040
0 -1.980000 0.000198
0 -1.960000 0.000810
0 -1.940001 0.002706
0 -1.920000 0.007494
0 -1.900001 0.017544
0 -1.880000 0.035450
0 -1.860001 0.063038
0 -1.840000 0.099339
0 -1.820001 0.131406
0 -1.800000 0.154216
0 -1.780001 0.154686
0 -1.760000 0.137285
0 -1.740000 0.095265
0 -1.720000 0.056716
0 -1.700000 0.027580
0 -1.680000 0.011211
0 -1.660000 0.003777
0 -1.640000 0.001035
0 -1.620000 0.000182
0 -1.600000 0.000012
1 -1.560000 0.000001
1 -1.540000 0.000006
1 -1.520000 0.000028
1 -1.500000 0.000108
1 -1.480000 0.000355
1 -1.460000 0.001008
1 -1.440001 0.002410
1 -1.420000 0.004962
1 -1.400001 0.008630
1 -1.380000 0.013412
1 -1.360001 0.020601
1 -1.340000 0.030847
1 -1.320001 0.043378
1 -1.300000 0.056858
1 -1.280001 0.069923
1 -1.260000 0.080099
1 -1.240000 0.088886
1 -1.220000 0.094414
1 -1.200000 0.096470
1 -1.180000 0.092976
1 -1.160000 0.082015
1 -1.140000 0.065938
1 -1.120000 0.049474
1 -1.100000 0.034594
1 -1.080000 0.022774
1 -1.060000 0.014532
1 -1.040000 0.009195
1 -1.020000 0.006232
1 -1.000000 0.004321
1 -0.980000 0.002749
1 -0.960000 0.001442
1 -0.940001 0.000738
1 -0.920000 0.000348
1 -0.900001 0.000164
1 -0.880000 0.000068
1 -0.860001 0.000028
1 -0.840000 0.000010
1 -0.820001 0.000004
2 -0.300000 0.000004
2 -0.280001 0.000015
2 -0.260000 0.000052
2 -0.240001 0.000148
2 -0.220000 0.000379
2 -0.200000 0.000827
2 -0.180000 0.001618
2 -0.160000 0.002874
2 -0.140000 0.004479
2 -0.120000 0.006301
2 -0.100000 0.008525
2 -0.080000 0.011293
2 -0.060000 0.015012
2 -0.040000 0.019524
2 -0.020000 0.025166
2 0.000000 0.031550
2 0.020000 0.037546
2 0.040000 0.043904
2 0.059999 0.049578
2 0.080000 0.054332
2 0.099999 0.058633
2 0.120000 0.061587
2 0.139999 0.063493
2 0.160000 0.062926
2 0.179999 0.063625
2 0.200000 0.062308
2 0.219999 0.059602
2 0.240000 0.053250
2 0.259999 0.044671
2 0.280000 0.036624
2 0.300000 0.029476
2 0.320000 0.023195
2 0.340000 0.017526
2 0.360000 0.012879
2 0.380000 0.009516
2 0.400000 0.006967
2 0.420000 0.005225
2 0.440000 0.004267
2 0.460000 0.003781
2 0.480000 0.002602
2 0.500000 0.001689
2 0.520000 0.001144
2 0.540000 0.000734
2 0.559999 0.000456
2 0.580000 0.000292
2 0.599999 0.000177
2 0.620000 0.000101
2 0.639999 0.000060
2 0.660000 0.000033
2 0.679999 0.000018
2 0.700000 0.000009
2 0.719999 0.000005
2 0.740000 0.000002
3 -1.580000 0.000002
3 -1.560000 0.000009
3 -1.540000 0.000039
3 -1.520000 0.000137
3 -1.500000 0.000420
3 -1.480000 0.001099
3 -1.460000 0.002477
3 -1.440001 0.004788
3 -1.420000 0.007817
3 -1.400001 0.011484
3 -1.380000 0.016896
3 -1.360001 0.024177
3 -1.340000 0.033381
3 -1.320001 0.043722
3 -1.300000 0.054207
3 -1.280001 0.063093
3 -1.260000 0.071181
3 -1.240000 0.077470
3 -1.220000 0.081107
3 -1.200000 0.082802
3 -1.180000 0.081629
3 -1.160000 0.077259
3 -1.140000 0.067089
3 -1.120000 0.054216
3 -1.100000 0.041637
3 -1.080000 0.030686
3 -1.060000 0.021874
3 -1.040000 0.014723
3 -1.020000 0.010080
3 -1.000000 0.007025
3 -0.980000 0.005179
3 -0.960000 0.004281
3 -0.940001 0.003092
3 -0.920000 0.001920
3 -0.900001 0.001237
3 -0.880000 0.000741
3 -0.860001 0.000445
3 -0.840000 0.000263
3 -0.820001 0.000147
3 -0.800000 0.000081
3 -0.780001 0.000044
3 -0.760000 0.000023
3 -0.740001 0.000011
3 -0.720000 0.000006
3 -0.700000 0.000002
4 -2.040000 0.000002
4 -2.020000 0.000011
4 -2.000000 0.000051
4 -1.980000 0.000202
4 -1.960000 0.000680
4 -1.940001 0.001929
4 -1.920000 0.004598
4 -1.900001 0.009088
4 -1.880000 0.015731
4 -1.860001 0.026369
4 -1.840000 0.041576
4 -1.820001 0.059894
4 -1.800000 0.078990
4 -1.780001 0.094998
4 -1.760000 0.108009
4 -1.740000 0.115843
4 -1.720000 0.115771
4 -1.700000 0.102438
4 -1.680000 0.081415
4 -1.660000 0.057554
4 -1.640000 0.036617
4 -1.620000 0.021539
4 -1.600000 0.012355
4 -1.580000 0.007040
4 -1.560000 0.003979
4 -1.540000 0.002060
4 -1.520000 0.000838
4 -1.500000 0.000295
4 -1.480000 0.000096
4 -1.460000 0.000026
4 -1.440001 0.000006
4 -1.420000 0.000001
5 -2.340000 0.000002
5 -2.320001 0.000011
5 -2.300000 0.000061
5 -2.280001 0.000273
5 -2.260000 0.001018
5 -2.240000 0.003146
5 -2.220000 0.007998
5 -2.200000 0.017143
5 -2.180000 0.033228
5 -2.160000 0.057107
5 -2.140000 0.087801
5 -2.120000 0.117918
5 -2.100000 0.141084
5 -2.080000 0.149982
5 -2.060000 0.139253
5 -2.040000 0.108250
5 -2.020000 0.069319
5 -2.000000 0.037740
5 -1.980000 0.017757
5 -1.960000 0.007321
5 -1.940001 0.002614
5 -1.920000 0.000826
5 -1.900001 0.000136
5 -1.880000 0.000012
6 -0.620000 0.000002
6 -0.600000 0.000010
6 -0.580000 0.000035
6 -0.560000 0.000099
6 -0.540000 0.000258
6 -0.520000 0.000562
6 -0.500000 0.001129
6 -0.480000 0.002024
6 -0.460000 0.003314
6 -0.440001 0.004731
6 -0.420000 0.006438
6 -0.400001 0.008535
6 -0.380000 0.011117
6 -0.360001 0.014524
6 -0.340000 0.018767
6 -0.320001 0.023718
6 -0.300000 0.029661
6 -0.280001 0.034995
6 -0.260000 0.040750
6 -0.240001 0.046240
6 -0.220000 0.050542
6 -0.200000 0.054933
6 -0.180000 0.057707
6 -0.160000 0.060612
6 -0.140000 0.061136
6 -0.120000 0.061201
6 -0.100000 0.061576
6 -0.080000 0.060150
6 -0.060000 0.055599
6 -0.040000 0.048065
6 -0.020000 0.040227
6 0.000000 0.033275
6 0.020000 0.026905
6 0.040000 0.021370
6 0.059999 0.016039
6 0.080000 0.011795
6 0.099999 0.008818
6 0.120000 0.006408
6 0.139999 0.004991
6 0.160000 0.004181
6 0.179999 0.002962
6 0.200000 0.001864
6 0.219999 0.001174
6 0.240000 0.000687
6 0.259999 0.000398
6 0.280000 0.000230
6 0.300000 0.000123
6 0.320000 0.000063
6 0.340000 0.000033
6 0.360000 0.000015
6 0.380000 0.000007
6 0.400000 0.000003
6 0.420000 0.000001
7 -3.660000 0.000002
7 -3.640000 0.000019
7 -3.620000 0.000118
7 -3.600000 0.000589
7 -3.580000 0.002346
7 -3.560000 0.007570
7 -3.540000 0.019961
7 -3.520000 0.044209
7 -3.500000 0.082572
7 -3.480000 0.129391
7 -3.460000 0.167984
7 -3.440001 0.180050
7 -3.420000 0.160114
7 -3.400001 0.110456
7 -3.380000 0.060123
7 -3.360001 0.025443
7 -3.340000 0.007705
7 -3.320001 0.001240
7 -3.300000 0.000107
8 -4.480000 0.000001
8 -4.460000 0.000013
8 -4.440000 0.000101
8 -4.420000 0.000591
8 -4.400000 0.002711
8 -4.380000 0.009803
8 -4.360000 0.028245
8 -4.340000 0.064783
8 -4.320000 0.117423
8 -4.300000 0.170235
8 -4.280000 0.196829
8 -4.260000 0.178722
8 -4.240000 0.126008
8 -4.220000 0.068596
8 -4.200000 0.027505
8 -4.180000 0.007579
8 -4.160000 0.000850
8 -4.140000 0.000003
9 -4.640000 0.000001
9 -4.620000 0.000011
9 -4.600000 0.000096
9 -4.580000 0.000607
9 -4.560000 0.002968
9 -4.540000 0.011178
9 -4.520000 0.033002
9 -4.500000 0.075643
9 -4.480000 0.134593
9 -4.460000 0.187699
9 -4.440000 0.202610
9 -4.420000 0.170041
9 -4.400000 0.108310
9 -4.380000 0.051806
9 -4.360000 0.017699
9 -4.340000 0.003564
9 -4.320000 0.000169
9 -4.300000 0.000001
10 -4.680000 0.000007
10 -4.660000 0.000060
10 -4.640000 0.000398
10 -4.620000 0.002056
10 -4.600000 0.008184
10 -4.580000 0.025509
10 -4.560000 0.062327
10 -4.540000 0.118043
10 -4.520000 0.175822
10 -4.500000 0.202625
10 -4.480000 0.182841
10 -4.460000 0.125740
10 -4.440000 0.065061
10 -4.420000 0.024779
10 -4.400000 0.006043
10 -4.380000 0.000498
10 -4.360000 0.000008
11 -4.560000 0.000002
11 -4.540000 0.000020
11 -4.520000 0.000145
11 -4.500000 0.000837
11 -4.480000 0.003759
11 -4.460000 0.013199
11 -4.440000 0.036514
11 -4.420000 0.080079
11 -4.400000 0.136756
11 -4.380000 0.185620
11 -4.360000 0.198729
11 -4.340000 0.165489
11 -4.320000 0.106254
11 -4.300000 0.050800
11 -4.280000 0.017939
11 -4.260000 0.003702
11 -4.240000 0.000155
12 -4.700000 0.000003
12 -4.680000 0.000032
12 -4.660000 0.000225
12 -4.640000 0.001225
12 -4.620000 0.005194
12 -4.600000 0.017283
12 -4.580000 0.045366
12 -4.560000 0.093487
12 -4.540000 0.151424
12 -4.520000 0.194301
12 -4.500000 0.195004
12 -4.480000 0.151552
12 -4.460000 0.089680
12 -4.440000 0.040093
12 -4.420000 0.012936
12 -4.400000 0.002124
12 -4.380000 0.000071
13 -4.760000 0.000001
13 -4.740000 0.000013
13 -4.720000 0.000108
13 -4.700000 0.000674
13 -4.680000 0.003213
13 -4.660000 0.011920
13 -4.640000 0.034426
13 -4.620000 0.077852
13 -4.600000 0.135972
13 -4.580000 0.187705
13 -4.560000 0.200355
13 -4.540000 0.167228
13 -4.520000 0.106181
13 -4.500000 0.051066
13 -4.480000 0.018527
13 -4.460000 0.004235
13 -4.440000 0.000487
13 -4.420000 0.000035
13 -4.400000 0.000001
0 -1.980000 0.000004
0 -1.960000 0.000022
0 -1.940001 0.000110
0 -1.920000 0.000522
0 -1.900001 0.001798
0 -1.880000 0.005692
0 -1.860001 0.014587
0 -1.840000 0.030446
0 -1.820001 0.056147
0 -1.800000 0.085735
0 -1.780001 0.119688
0 -1.760000 0.152082
0 -1.740000 0.156268
0 -1.720000 0.140685
0 -1.700000 0.105089
0 -1.680000 0.074002
0 -1.660000 0.037714
0 -1.640000 0.014501
0 -1.620000 0.004486
0 -1.600000 0.000410
0 -1.580000 0.000011
1 -1.460000 0.000002
1 -1.440001 0.000012
1 -1.420000 0.000039
1 -1.400001 0.000158
1 -1.380000 0.000563
1 -1.360001 0.001545
1 -1.340000 0.003761
1 -1.320001 0.007601
1 -1.300000 0.012926
1 -1.280001 0.022822
1 -1.260000 0.032166
1 -1.240000 0.052785
1 -1.220000 0.057873
1 -1.200000 0.077226
1 -1.180000 0.088232
1 -1.160000 0.095892
1 -1.140000 0.099850
1 -1.120000 0.095802
1 -1.100000 0.090585
1 -1.080000 0.072270
1 -1.060000 0.056691
1 -1.040000 0.042062
1 -1.020000 0.029877
1 -1.000000 0.020381
1 -0.980000 0.015764
1 -0.960000 0.010060
1 -0.940001 0.006256
1 -0.920000 0.003370
1 -0.900001 0.001834
1 -0.880000 0.000888
1 -0.860001 0.000430
1 -0.840000 0.000178
1 -0.820001 0.000071
1 -0.800000 0.000023
1 -0.780001 0.000004
2 -0.160000 0.000003
2 -0.140000 0.000012
2 -0.120000 0.000015
2 -0.100000 0.000081
2 -0.080000 0.000285
2 -0.060000 0.000847
2 -0.040000 0.001674
2 -0.020000 0.003194
2 0.000000 0.004519
2 0.020000 0.007735
2 0.040000 0.012600
2 0.059999 0.018525
2 0.080000 0.022413
2 0.099999 0.030294
2 0.120000 0.036696
2 0.139999 0.046238
2 0.160000 0.049414
2 0.179999 0.056611
2 0.200000 0.063988
2 0.219999 0.066320
2 0.240000 0.070083
2 0.259999 0.069306
2 0.280000 0.068441
2 0.300000 0.062990
2 0.320000 0.056086
2 0.340000 0.052452
2 0.360000 0.041587
2 0.380000 0.034857
2 0.400000 0.027943
2 0.420000 0.021187
2 0.440000 0.017600
2 0.460000 0.015165
2 0.480000 0.011920
2 0.500000 0.008902
2 0.520000 0.006356
2 0.540000 0.004765
2 0.559999 0.003037
2 0.580000 0.002090
2 0.599999 0.001470
2 0.620000 0.000852
2 0.639999 0.000622
2 0.660000 0.000368
2 0.679999 0.000216
2 0.700000 0.000117
2 0.719999 0.000069
2 0.740000 0.000034
2 0.759999 0.000017
2 0.780000 0.000004
3 -1.480000 0.000001
3 -1.460000 0.000005
3 -1.440001 0.000024
3 -1.420000 0.000099
3 -1.400001 0.000289
3 -1.380000 0.000901
3 -1.360001 0.002361
3 -1.340000 0.004627
3 -1.320001 0.007622
3 -1.300000 0.014730
3 -1.280001 0.021544
3 -1.260000 0.028520
3 -1.240000 0.042778
3 -1.220000 0.051542
3 -1.200000 0.064103
3 -1.180000 0.070295
3 -1.160000 0.082247
3 -1.140000 0.086408
3 -1.120000 0.085988
3 -1.100000 0.083851
3 -1.080000 0.074059
3 -1.060000 0.066913
3 -1.040000 0.053201
3 -1.020000 0.040399
3 -1.000000 0.030853
3 -0.980000 0.022782
3 -0.960000 0.017480
3 -0.940001 0.014355
3 -0.920000 0.010407
3 -0.900001 0.007696
3 -0.880000 0.005055
3 -0.860001 0.003451
3 -0.840000 0.002113
3 -0.820001 0.001375
3 -0.800000 0.000830
3 -0.780001 0.000518
3 -0.760000 0.000269
3 -0.740001 0.000168
3 -0.720000 0.000085
3 -0.700000 0.000039
3 -0.680000 0.000018
3 -0.660000 0.000005
4 -1.960000 0.000003
4 -1.940001 0.000022
4 -1.920000 0.000072
4 -1.900001 0.000293
4 -1.880000 0.001004
4 -1.860001 0.003032
4 -1.840000 0.006172
4 -1.820001 0.014640
4 -1.800000 0.024470
4 -1.780001 0.038345
4 -1.760000 0.058946
4 -1.740000 0.077280
4 -1.720000 0.098163
4 -1.700000 0.112246
4 -1.680000 0.116802
4 -1.660000 0.116808
4 -1.640000 0.100963
4 -1.620000 0.080251
4 -1.600000 0.058261
4 -1.580000 0.039093
4 -1.560000 0.022935
4 -1.540000 0.015356
4 -1.520000 0.008770
4 -1.500000 0.003829
4 -1.480000 0.001536
4 -1.460000 0.000515
4 -1.440001 0.000155
4 -1.420000 0.000035
4 -1.400001 0.000004
5 -2.280001 0.000004
5 -2.260000 0.000022
5 -2.240000 0.000127
5 -2.220000 0.000483
5 -2.200000 0.001760
5 -2.180000 0.005554
5 -2.160000 0.012986
5 -2.140000 0.027945
5 -2.120000 0.047113
5 -2.100000 0.077981
5 -2.080000 0.107148
5 -2.060000 0.135302
5 -2.040000 0.147467
5 -2.020000 0.142680
5 -2.000000 0.115800
5 -1.980000 0.084703
5 -1.960000 0.053825
5 -1.940001 0.023370
5 -1.920000 0.012208
5 -1.900001 0.003106
5 -1.880000 0.000391
5 -1.860001 0.000024
6 -0.460000 0.000003
6 -0.440001 0.000011
6 -0.420000 0.000008
6 -0.400001 0.000069
6 -0.380000 0.000265
6 -0.360001 0.000578
6 -0.340000 0.001519
6 -0.320001 0.002579
6 -0.300000 0.004004
6 -0.280001 0.006603
6 -0.260000 0.011638
6 -0.240001 0.014671
6 -0.220000 0.020395
6 -0.200000 0.025576
6 -0.180000 0.032432
6 -0.160000 0.041112
6 -0.140000 0.046104
6 -0.120000 0.052578
6 -0.100000 0.060130
6 -0.080000 0.061178
6 -0.060000 0.068027
6 -0.040000 0.068724
6 -0.020000 0.068114
6 0.000000 0.064160
6 0.020000 0.059301
6 0.040000 0.054805
6 0.059999 0.049332
6 0.080000 0.042426
6 0.099999 0.034088
6 0.120000 0.026634
6 0.139999 0.021932
6 0.160000 0.017382
6 0.179999 0.013606
6 0.200000 0.010113
6 0.219999 0.007311
6 0.240000 0.004918
6 0.259999 0.002988
6 0.280000 0.002058
6 0.300000 0.001159
6 0.320000 0.000690
6 0.340000 0.000389
6 0.360000 0.000211
6 0.380000 0.000100
6 0.400000 0.000050
6 0.420000 0.000021
6 0.440000 0.000006
7 -3.620000 0.000006
7 -3.600000 0.000039
7 -3.580000 0.000222
7 -3.560000 0.000930
7 -3.540000 0.003606
7 -3.520000 0.010616
7 -3.500000 0.026909
7 -3.480000 0.050985
7 -3.460000 0.090580
7 -3.440001 0.127169
7 -3.420000 0.170464
7 -3.400001 0.175833
7 -3.380000 0.145220
7 -3.360001 0.105656
7 -3.340000 0.067022
7 -3.320001 0.021533
7 -3.300000 0.003209
8 -4.440000 0.000007
8 -4.420000 0.000061
8 -4.400000 0.000338
8 -4.380000 0.001508
8 -4.360000 0.005837
8 -4.340000 0.018337
8 -4.320000 0.042118
8 -4.300000 0.081344
8 -4.280000 0.132103
8 -4.260000 0.166858
8 -4.240000 0.195640
8 -4.220000 0.161406
8 -4.200000 0.111954
8 -4.180000 0.066280
8 -4.160000 0.016144
8 -4.140000 0.000064
9 -4.620000 0.000001
9 -4.600000 0.000012
9 -4.580000 0.000095
9 -4.560000 0.000536
9 -4.540000 0.002568
9 -4.520000 0.008912
9 -4.500000 0.026159
9 -4.480000 0.058045
9 -4.460000 0.106950
9 -4.440000 0.155082
9 -4.420000 0.193318
9 -4.400000 0.186553
9 -4.380000 0.139049
9 -4.360000 0.085537
9 -4.340000 0.035384
9 -4.320000 0.001794
9 -4.300000 0.000005
10 -4.660000 0.000008
10 -4.640000 0.000066
10 -4.620000 0.000362
10 -4.600000 0.001918
10 -4.580000 0.006634
10 -4.560000 0.020733
10 -4.540000 0.050845
10 -4.520000 0.090656
10 -4.500000 0.144832
10 -4.480000 0.184229
10 -4.460000 0.194310
10 -4.440000 0.153440
10 -4.420000 0.096793
10 -4.400000 0.049516
10 -4.380000 0.005611
10 -4.360000 0.000047
11 -4.540000 0.000001
11 -4.520000 0.000013
11 -4.500000 0.000095
11 -4.480000 0.000555
11 -4.460000 0.002550
11 -4.440000 0.008377
11 -4.420000 0.024958
11 -4.400000 0.055946
11 -4.380000 0.100006
11 -4.360000 0.149083
11 -4.340000 0.188138
11 -4.320000 0.192658
11 -4.300000 0.139769
11 -4.280000 0.090926
11 -4.260000 0.043826
11 -4.240000 0.003093
11 -4.220000 0.000003
12 -4.680000 0.000003
12 -4.660000 0.000024
12 -4.640000 0.000160
12 -4.620000 0.000853
12 -4.600000 0.003537
12 -4.580000 0.011387
12 -4.560000 0.033220
12 -4.540000 0.065463
12 -4.520000 0.117423
12 -4.500000 0.160849
12 -4.480000 0.194781
12 -4.460000 0.175769
12 -4.440000 0.126674
12 -4.420000 0.079707
12 -4.400000 0.028359
12 -4.380000 0.001791
12 -4.360000 0.000001
13 -4.740000 0.000001
13 -4.720000 0.000014
13 -4.700000 0.000101
13 -4.680000 0.000570
13 -4.660000 0.002755
13 -4.640000 0.009046
13 -4.620000 0.026985
13 -4.600000 0.059177
13 -4.580000 0.104592
13 -4.560000 0.150824
13 -4.540000 0.189875
13 -4.520000 0.185201
13 -4.500000 0.131780
13 -4.480000 0.089346
13 -4.460000 0.039839
13 -4.440000 0.008781
13 -4.420000 0.001059
13 -4.400000 0.000054
0 -1.960000 0.000003
0 -1.940001 0.000017
0 -1.920000 0.000088
0 -1.900001 0.000340
0 -1.880000 0.001221
0 -1.860001 0.003626
0 -1.840000 0.008866
0 -1.820001 0.019677
0 -1.800000 0.036427
0 -1.780001 0.062940
0 -1.760000 0.100836
0 -1.740000 0.132685
0 -1.720000 0.155122
0 -1.700000 0.153167
0 -1.680000 0.145095
0 -1.660000 0.099602
0 -1.640000 0.054333
0 -1.620000 0.022915
0 -1.600000 0.002930
0 -1.580000 0.000112
1 -1.440001 0.000002
1 -1.420000 0.000006
1 -1.400001 0.000026
1 -1.380000 0.000102
1 -1.360001 0.000304
1 -1.340000 0.000831
1 -1.320001 0.001884
1 -1.300000 0.003535
1 -1.280001 0.007113
1 -1.260000 0.011529
1 -1.240000 0.021210
1 -1.220000 0.027090
1 -1.200000 0.041342
1 -1.180000 0.054319
1 -1.160000 0.067980
1 -1.140000 0.083054
1 -1.120000 0.091592
1 -1.100000 0.102597
1 -1.080000 0.094416
1 -1.060000 0.086693
1 -1.040000 0.073293
1 -1.020000 0.059281
1 -1.000000 0.045174
1 -0.980000 0.042717
1 -0.960000 0.031575
1 -0.940001 0.022200
1 -0.920000 0.013247
1 -0.900001 0.008248
1 -0.880000 0.004367
1 -0.860001 0.002409
1 -0.840000 0.001115
1 -0.820001 0.000508
1 -0.800000 0.000199
1 -0.780001 0.000041
2 -0.140000 0.000002
2 -0.120000 0.000002
2 -0.100000 0.000013
2 -0.080000 0.000051
2 -0.060000 0.000173
2 -0.040000 0.000370
2 -0.020000 0.000767
2 0.000000 0.001162
2 0.020000 0.002242
2 0.040000 0.003977
2 0.059999 0.006481
2 0.080000 0.008510
2 0.099999 0.012527
2 0.120000 0.016686
2 0.139999 0.023193
2 0.160000 0.027231
2 0.179999 0.033740
2 0.200000 0.042275
2 0.219999 0.048650
2 0.240000 0.056095
2 0.259999 0.061264
2 0.280000 0.066079
2 0.300000 0.066541
2 0.320000 0.064438
2 0.340000 0.068208
2 0.360000 0.058216
2 0.380000 0.054487
2 0.400000 0.046901
2 0.420000 0.037609
2 0.440000 0.034352
2 0.460000 0.034518
2 0.480000 0.030419
2 0.500000 0.023858
2 0.520000 0.018564
2 0.540000 0.015446
2 0.559999 0.010449
2 0.580000 0.007665
2 0.599999 0.005879
2 0.620000 0.003572
2 0.639999 0.002836
2 0.660000 0.001862
2 0.679999 0.001165
2 0.700000 0.000664
2 0.719999 0.000441
2 0.740000 0.000238
2 0.759999 0.000141
2 0.780000 0.000042
3 -1.440001 0.000004
3 -1.420000 0.000016
3 -1.400001 0.000049
3 -1.380000 0.000174
3 -1.360001 0.000510
3 -1.340000 0.001091
3 -1.320001 0.001979
3 -1.300000 0.004342
3 -1.280001 0.007024
3 -1.260000 0.010579
3 -1.240000 0.017634
3 -1.220000 0.023638
3 -1.200000 0.033767
3 -1.180000 0.041731
3 -1.160000 0.054885
3 -1.140000 0.065176
3 -1.120000 0.074461
3 -1.100000 0.082726
3 -1.080000 0.081517
3 -1.060000 0.084303
3 -1.040000 0.076464
3 -1.020000 0.064679
3 -1.000000 0.054196
3 -0.980000 0.043619
3 -0.960000 0.036736
3 -0.940001 0.035628
3 -0.920000 0.028082
3 -0.900001 0.022834
3 -0.880000 0.016607
3 -0.860001 0.012117
3 -0.840000 0.008116
3 -0.820001 0.005664
3 -0.800000 0.003709
3 -0.780001 0.002571
3 -0.760000 0.001401
3 -0.740001 0.000968
3 -0.720000 0.000533
3 -0.700000 0.000278
3 -0.680000 0.000141
3 -0.660000 0.000048
3 -0.640000 0.000003
4 -1.940001 0.000003
4 -1.920000 0.000011
4 -1.900001 0.000049
4 -1.880000 0.000184
4 -1.860001 0.000625
4 -1.840000 0.001427
4 -1.820001 0.003821
4 -1.800000 0.007326
4 -1.780001 0.013331
4 -1.760000 0.023660
4 -1.740000 0.036462
4 -1.720000 0.055076
4 -1.700000 0.074374
4 -1.680000 0.093218
4 -1.660000 0.112929
4 -1.640000 0.117674
4 -1.620000 0.114110
4 -1.600000 0.100861
4 -1.580000 0.080650
4 -1.560000 0.055667
4 -1.540000 0.046807
4 -1.520000 0.032635
4 -1.500000 0.016724
4 -1.480000 0.007859
4 -1.460000 0.003088
4 -1.440001 0.001094
4 -1.420000 0.000296
4 -1.400001 0.000037
5 -2.260000 0.000003
5 -2.240000 0.000020
5 -2.220000 0.000082
5 -2.200000 0.000332
5 -2.180000 0.001190
5 -2.160000 0.003203
5 -2.140000 0.008011
5 -2.120000 0.016055
5 -2.100000 0.031865
5 -2.080000 0.053546
5 -2.060000 0.083903
5 -2.040000 0.114716
5 -2.020000 0.141318
5 -2.000000 0.148119
5 -1.980000 0.142510
5 -1.960000 0.119337
5 -1.940001 0.067785
5 -1.920000 0.048535
5 -1.900001 0.016480
5 -1.880000 0.002761
5 -1.860001 0.000224
5 -1.840000 0.000003
6 -0.440001 0.000002
6 -0.420000 0.000001
6 -0.400001 0.000011
6 -0.380000 0.000048
6 -0.360001 0.000113
6 -0.340000 0.000332
6 -0.320001 0.000615
6 -0.300000 0.001011
6 -0.280001 0.001899
6 -0.260000 0.003618
6 -0.240001 0.004996
6 -0.220000 0.007549
6 -0.200000 0.010344
6 -0.180000 0.014126
6 -0.160000 0.019507
6 -0.140000 0.024232
6 -0.120000 0.030197
6 -0.100000 0.038030
6 -0.080000 0.042360
6 -0.060000 0.051053
6 -0.040000 0.057201
6 -0.020000 0.061868
6 0.000000 0.064220
6 0.020000 0.064679
6 0.040000 0.064790
6 0.059999 0.064383
6 0.080000 0.060981
6 0.099999 0.053881
6 0.120000 0.045974
6 0.139999 0.041914
6 0.160000 0.036803
6 0.179999 0.034526
6 0.200000 0.027906
6 0.219999 0.022513
6 0.240000 0.016482
6 0.259999 0.010850
6 0.280000 0.008251
6 0.300000 0.005066
6 0.320000 0.003241
6 0.340000 0.002022
6 0.360000 0.001211
6 0.380000 0.000615
6 0.400000 0.000352
6 0.420000 0.000167
6 0.440000 0.000054
6 0.460000 0.000006
7 -3.600000 0.000006
7 -3.580000 0.000036
7 -3.560000 0.000166
7 -3.540000 0.000736
7 -3.520000 0.002511
7 -3.500000 0.007536
7 -3.480000 0.017328
7 -3.460000 0.037912
7 -3.440001 0.067082
7 -3.420000 0.115989
7 -3.400001 0.156540
7 -3.380000 0.174122
7 -3.360001 0.174334
7 -3.340000 0.154054
7 -3.320001 0.074921
7 -3.300000 0.016726
8 -4.440000 0.000001
8 -4.420000 0.000009
8 -4.400000 0.000057
8 -4.380000 0.000290
8 -4.360000 0.001297
8 -4.340000 0.004848
8 -4.320000 0.013601
8 -4.300000 0.032678
8 -4.280000 0.067143
8 -4.260000 0.112010
8 -4.240000 0.170624
8 -4.220000 0.192566
8 -4.200000 0.189325
8 -4.180000 0.157889
8 -4.160000 0.057426
8 -4.140000 0.000235
9 -4.600000 0.000002
9 -4.580000 0.000015
9 -4.560000 0.000098
9 -4.540000 0.000541
9 -4.520000 0.002210
9 -4.500000 0.007843
9 -4.480000 0.021456
9 -4.460000 0.049807
9 -4.440000 0.093135
9 -4.420000 0.151354
9 -4.400000 0.195795
9 -4.380000 0.202286
9 -4.360000 0.175288
9 -4.340000 0.095777
9 -4.320000 0.004377
9 -4.300000 0.000014
10 -4.660000 0.000001
10 -4.640000 0.000011
10 -4.620000 0.000065
10 -4.600000 0.000393
10 -4.580000 0.001594
10 -4.560000 0.005953
10 -4.540000 0.018037
10 -4.520000 0.040252
10 -4.500000 0.081730
10 -4.480000 0.135875
10 -4.460000 0.189150
10 -4.440000 0.204791
10 -4.420000 0.181828
10 -4.400000 0.125466
10 -4.380000 0.014765
10 -4.360000 0.000089
11 -4.520000 0.000002
11 -4.500000 0.000015
11 -4.480000 0.000099
11 -4.460000 0.000521
11 -4.440000 0.002007
11 -4.420000 0.007174
11 -4.400000 0.019710
11 -4.380000 0.044543
11 -4.360000 0.085104
11 -4.340000 0.141022
11 -4.320000 0.193142
11 -4.300000 0.195743
11 -4.280000 0.178660
11 -4.260000 0.120127
11 -4.240000 0.012123
11 -4.220000 0.000007
12 -4.660000 0.000004
12 -4.640000 0.000026
12 -4.620000 0.000158
12 -4.600000 0.000762
12 -4.580000 0.002873
12 -4.560000 0.010133
12 -4.540000 0.024815
12 -4.520000 0.055945
12 -4.500000 0.099243
12 -4.480000 0.157588
12 -4.460000 0.190019
12 -4.440000 0.190943
12 -4.420000 0.171246
12 -4.400000 0.086881
12 -4.380000 0.009362
12 -4.360000 0.000003
13 -4.720000 0.000002
13 -4.700000 0.000016
13 -4.680000 0.000104
13 -4.660000 0.000579
13 -4.640000 0.002225
13 -4.620000 0.007989
13 -4.600000 0.021467
13 -4.580000 0.047526
13 -4.560000 0.087678
13 -4.540000 0.144230
13 -4.520000 0.185730
13 -4.500000 0.181001
13 -4.480000 0.171836
13 -4.460000 0.105160
13 -4.440000 0.037303
13 -4.420000 0.006673
13 -4.400000 0.000476
13 -4.380000 0.000003
0 -4.520000 0.000001
0 -4.500000 0.000002
0 -4.480000 0.000002
0 -4.460000 0.000003
0 -4.440000 0.000004
0 -4.420000 0.000006
0 -4.400000 0.000008
0 -4.380000 0.000010
0 -4.360000 0.000013
0 -4.340000 0.000018
0 -4.320000 0.000023
0 -4.300000 0.000028
0 -4.280000 0.000035
0 -4.260000 0.000046
0 -4.240000 0.000056
0 -4.220000 0.000069
0 -4.200000 0.000083
0 -4.180000 0.000100
0 -4.160000 0.000117
0 -4.140000 0.000135
0 -4.120000 0.000162
0 -4.100000 0.000186
0 -4.080000 0.000217
0 -4.060000 0.000253
0 -4.040000 0.000285
0 -4.020000 0.000327
0 -4.000000 0.000365
0 -3.980000 0.000408
0 -3.960000 0.000457
0 -3.940001 0.000500
0 -3.920000 0.000550
0 -3.900001 0.000598
0 -3.880000 0.000633
0 -3.860001 0.000693
0 -3.840000 0.000732
0 -3.820001 0.000779
0 -3.800000 0.000812
0 -3.780000 0.000877
0 -3.760000 0.000917
0 -3.740000 0.000951
0 -3.720000 0.001000
0 -3.700000 0.001039
0 -3.680000 0.001066
0 -3.660000 0.001067
0 -3.640000 0.001087
0 -3.620000 0.001108
0 -3.600000 0.001100
0 -3.580000 0.001109
0 -3.560000 0.001139
0 -3.540000 0.001162
0 -3.520000 0.001204
0 -3.500000 0.001321
0 -3.480000 0.001533
0 -3.460000 0.001886
0 -3.440001 0.002053
0 -3.420000 0.002369
0 -3.400001 0.002653
0 -3.380000 0.002882
0 -3.360001 0.003100
0 -3.340000 0.003364
0 -3.320001 0.003783
0 -3.300000 0.004321
0 -3.280000 0.004430
0 -3.260000 0.004838
0 -3.240000 0.005332
0 -3.220000 0.005810
0 -3.200000 0.006352
0 -3.180000 0.006938
0 -3.160000 0.007404
0 -3.140000 0.007889
0 -3.120000 0.008193
0 -3.100000 0.008587
0 -3.080000 0.008970
0 -3.060000 0.009342
0 -3.040000 0.009736
0 -3.020000 0.010127
0 -3.000000 0.010574
0 -2.980000 0.011034
0 -2.960000 0.011509
0 -2.940001 0.011927
0 -2.920000 0.012366
0 -2.900001 0.012708
0 -2.880000 0.013178
0 -2.860001 0.013617
0 -2.840000 0.014009
0 -2.820001 0.014364
0 -2.800000 0.014691
0 -2.780000 0.015024
0 -2.760000 0.015368
0 -2.740000 0.015684
0 -2.720000 0.016051
0 -2.700000 0.016358
0 -2.680000 0.016651
0 -2.660000 0.016929
0 -2.640000 0.017237
0 -2.620000 0.017561
0 -2.600000 0.017892
0 -2.580000 0.018164
0 -2.560000 0.018395
0 -2.540000 0.018655
0 -2.520000 0.018824
0 -2.500000 0.019118
0 -2.480000 0.019375
0 -2.460000 0.019522
0 -2.440001 0.019569
0 -2.420000 0.019689
0 -2.400001 0.019761
0 -2.380000 0.019790
0 -2.360001 0.019691
0 -2.340000 0.019585
0 -2.320001 0.019333
0 -2.300000 0.019068
0 -2.280001 0.018642
0 -2.260000 0.018225
0 -2.240000 0.017637
0 -2.220000 0.016927
0 -2.200000 0.016141
0 -2.180000 0.015428
0 -2.160000 0.014627
0 -2.140000 0.013762
0 -2.120000 0.012855
0 -2.100000 0.012044
0 -2.080000 0.011234
0 -2.060000 0.010335
0 -2.040000 0.009459
0 -2.020000 0.008651
0 -2.000000 0.007833
0 -1.980000 0.006984
0 -1.960000 0.006231
0 -1.940001 0.005546
0 -1.920000 0.004923
0 -1.900001 0.004225
0 -1.880000 0.003637
0 -1.860001 0.003117
0 -1.840000 0.002681
0 -1.820001 0.002215
0 -1.800000 0.001825
0 -1.780001 0.001467
0 -1.760000 0.001175
0 -1.740000 0.000856
0 -1.720000 0.000598
0 -1.700000 0.000376
0 -1.680000 0.000198
0 -1.660000 0.000083
0 -1.640000 0.000031
0 -1.620000 0.000008
1 -3.800000 0.000001
1 -3.780000 0.000002
1 -3.760000 0.000003
1 -3.740000 0.000005
1 -3.720000 0.000006
1 -3.700000 0.000009
1 -3.680000 0.000013
1 -3.660000 0.000018
1 -3.640000 0.000023
1 -3.620000 0.000031
1 -3.600000 0.000040
1 -3.580000 0.000051
1 -3.560000 0.000064
1 -3.540000 0.000079
1 -3.520000 0.000097
1 -3.500000 0.000119
1 -3.480000 0.000139
1 -3.460000 0.000170
1 -3.440001 0.000201
1 -3.420000 0.000229
1 -3.400001 0.000267
1 -3.380000 0.000309
1 -3.360001 0.000346
1 -3.340000 0.000393
1 -3.320001 0.000446
1 -3.300000 0.000495
1 -3.280000 0.000544
1 -3.260000 0.000601
1 -3.240000 0.000657
1 -3.220000 0.000709
1 -3.200000 0.000760
1 -3.180000 0.000816
1 -3.160000 0.000860
1 -3.140000 0.000907
1 -3.120000 0.000956
1 -3.100000 0.001003
1 -3.080000 0.001047
1 -3.060000 0.001063
1 -3.040000 0.001108
1 -3.020000 0.001122
1 -3.000000 0.001146
1 -2.980000 0.001124
1 -2.960000 0.001190
1 -2.940001 0.001138
1 -2.920000 0.001180
1 -2.900001 0.001176
1 -2.880000 0.001205
1 -2.860001 0.001279
1 -2.840000 0.001300
1 -2.820001 0.001422
1 -2.800000 0.001571
1 -2.780000 0.001849
1 -2.760000 0.002147
1 -2.740000 0.002470
1 -2.720000 0.002753
1 -2.700000 0.003001
1 -2.680000 0.003279
1 -2.660000 0.003580
1 -2.640000 0.003960
1 -2.620000 0.004344
1 -2.600000 0.004762
1 -2.580000 0.005185
1 -2.560000 0.005683
1 -2.540000 0.006252
1 -2.520000 0.006884
1 -2.500000 0.007437
1 -2.480000 0.007729
1 -2.460000 0.008077
1 -2.440001 0.008420
1 -2.420000 0.008804
1 -2.400001 0.009179
1 -2.380000 0.009609
1 -2.360001 0.010063
1 -2.340000 0.010516
1 -2.320001 0.011009
1 -2.300000 0.011492
1 -2.280001 0.011961
1 -2.260000 0.012442
1 -2.240000 0.012940
1 -2.220000 0.013356
1 -2.200000 0.013783
1 -2.180000 0.014197
1 -2.160000 0.014529
1 -2.140000 0.014898
1 -2.120000 0.015176
1 -2.100000 0.015491
1 -2.080000 0.015777
1 -2.060000 0.016043
1 -2.040000 0.016305
1 -2.020000 0.016559
1 -2.000000 0.016862
1 -1.980000 0.017172
1 -1.960000 0.017468
1 -1.940001 0.017742
1 -1.920000 0.018021
1 -1.900001 0.018302
1 -1.880000 0.018597
1 -1.860001 0.018876
1 -1.840000 0.019208
1 -1.820001 0.019504
1 -1.800000 0.019752
1 -1.780001 0.019986
1 -1.760000 0.020164
1 -1.740000 0.020214
1 -1.720000 0.020207
1 -1.700000 0.020179
1 -1.680000 0.020130
1 -1.660000 0.020058
1 -1.640000 0.019789
1 -1.620000 0.019362
1 -1.600000 0.019001
1 -1.580000 0.018318
1 -1.560000 0.017579
1 -1.540000 0.016663
1 -1.520000 0.015656
1 -1.500000 0.014774
1 -1.480000 0.013987
1 -1.460000 0.013183
1 -1.440001 0.012145
1 -1.420000 0.011123
1 -1.400001 0.010079
1 -1.380000 0.009114
1 -1.360001 0.008271
1 -1.340000 0.007433
1 -1.320001 0.006629
1 -1.300000 0.005823
1 -1.280001 0.005060
1 -1.260000 0.004354
1 -1.240000 0.003699
1 -1.220000 0.003122
1 -1.200000 0.002597
1 -1.180000 0.002122
1 -1.160000 0.001691
1 -1.140000 0.001304
1 -1.120000 0.000992
1 -1.100000 0.000727
1 -1.080000 0.000517
1 -1.060000 0.000360
1 -1.040000 0.000247
1 -1.020000 0.000169
1 -1.000000 0.000114
1 -0.980000 0.000078
1 -0.960000 0.000045
1 -0.940001 0.000025
1 -0.920000 0.000013
1 -0.900001 0.000007
1 -0.880000 0.000003
1 -0.860001 0.000001
2 -2.320001 0.000001
2 -2.300000 0.000002
2 -2.280001 0.000005
2 -2.260000 0.000007
2 -2.240000 0.000010
2 -2.220000 0.000015
2 -2.200000 0.000021
2 -2.180000 0.000028
2 -2.160000 0.000035
2 -2.140000 0.000047
2 -2.120000 0.000060
2 -2.100000 0.000076
2 -2.080000 0.000097
2 -2.060000 0.000117
2 -2.040000 0.000137
2 -2.020000 0.000169
2 -2.000000 0.000197
2 -1.980000 0.000230
2 -1.960000 0.000265
2 -1.940001 0.000313
2 -1.920000 0.000355
2 -1.900001 0.000398
2 -1.880000 0.000449
2 -1.860001 0.000495
2 -1.840000 0.000551
2 -1.820001 0.000606
2 -1.800000 0.000667
2 -1.780001 0.000721
2 -1.760000 0.000768
2 -1.740000 0.000825
2 -1.720000 0.000883
2 -1.700000 0.000942
2 -1.680000 0.000962
2 -1.660000 0.001024
2 -1.640000 0.001072
2 -1.620000 0.001087
2 -1.600000 0.001120
2 -1.580000 0.001142
2 -1.560000 0.001162
2 -1.540000 0.001202
2 -1.520000 0.001189
2 -1.500000 0.001223
2 -1.480000 0.001249
2 -1.460000 0.001287
2 -1.440001 0.001298
2 -1.420000 0.001348
2 -1.400001 0.001437
2 -1.380000 0.001556
2 -1.360001 0.001671
2 -1.340000 0.001857
2 -1.320001 0.002084
2 -1.300000 0.002285
2 -1.280001 0.002563
2 -1.260000 0.002818
2 -1.240000 0.003047
2 -1.220000 0.003438
2 -1.200000 0.003735
2 -1.180000 0.004144
2 -1.160000 0.004587
2 -1.140000 0.005059
2 -1.120000 0.005527
2 -1.100000 0.005973
2 -1.080000 0.006363
2 -1.060000 0.006774
2 -1.040000 0.007271
2 -1.020000 0.007699
2 -1.000000 0.008156
2 -0.980000 0.008534
2 -0.960000 0.009054
2 -0.940001 0.009469
2 -0.920000 0.009909
2 -0.900001 0.010369
2 -0.880000 0.010843
2 -0.860001 0.011284
2 -0.840000 0.011772
2 -0.820001 0.012338
2 -0.800000 0.012815
2 -0.780001 0.013204
2 -0.760000 0.013676
2 -0.740001 0.014110
2 -0.720000 0.014522
2 -0.700000 0.014895
2 -0.680000 0.015298
2 -0.660000 0.015487
2 -0.640000 0.015694
2 -0.620000 0.015933
2 -0.600000 0.016216
2 -0.580000 0.016494
2 -0.560000 0.016744
2 -0.540000 0.017077
2 -0.520000 0.017359
2 -0.500000 0.017616
2 -0.480000 0.017912
2 -0.460000 0.018222
2 -0.440001 0.018406
2 -0.420000 0.018711
2 -0.400001 0.019038
2 -0.380000 0.019335
2 -0.360001 0.019662
2 -0.340000 0.019930
2 -0.320001 0.020102
2 -0.300000 0.020279
2 -0.280001 0.020452
2 -0.260000 0.020438
2 -0.240001 0.020283
2 -0.220000 0.020202
2 -0.200000 0.019945
2 -0.180000 0.019501
2 -0.160000 0.019014
2 -0.140000 0.018464
2 -0.120000 0.017806
2 -0.100000 0.017091
2 -0.080000 0.016202
2 -0.060000 0.015385
2 -0.040000 0.014330
2 -0.020000 0.013397
2 0.000000 0.012379
2 0.020000 0.011350
2 0.040000 0.010363
2 0.059999 0.009440
2 0.080000 0.008440
2 0.099999 0.007478
2 0.120000 0.006657
2 0.139999 0.005880
2 0.160000 0.005174
2 0.179999 0.004541
2 0.200000 0.003857
2 0.219999 0.003237
2 0.240000 0.002674
2 0.259999 0.002176
2 0.280000 0.001748
2 0.300000 0.001391
2 0.320000 0.001085
2 0.340000 0.000832
2 0.360000 0.000631
2 0.380000 0.000480
2 0.400000 0.000369
2 0.420000 0.000294
2 0.440000 0.000237
2 0.460000 0.000182
2 0.480000 0.000127
2 0.500000 0.000088
2 0.520000 0.000060
2 0.540000 0.000040
2 0.559999 0.000026
2 0.580000 0.000017
2 0.599999 0.000011
2 0.620000 0.000007
2 0.639999 0.000004
2 0.660000 0.000002
2 0.679999 0.000001
3 -3.760000 0.000001
3 -3.740000 0.000002
3 -3.720000 0.000004
3 -3.700000 0.000006
3 -3.680000 0.000008
3 -3.660000 0.000012
3 -3.640000 0.000016
3 -3.620000 0.000022
3 -3.600000 0.000030
3 -3.580000 0.000039
3 -3.560000 0.000049
3 -3.540000 0.000063
3 -3.520000 0.000079
3 -3.500000 0.000096
3 -3.480000 0.000115
3 -3.460000 0.000138
3 -3.440001 0.000167
3 -3.420000 0.000195
3 -3.400001 0.000227
3 -3.380000 0.000267
3 -3.360001 0.000304
3 -3.340000 0.000338
3 -3.320001 0.000393
3 -3.300000 0.000436
3 -3.280000 0.000482
3 -3.260000 0.000537
3 -3.240000 0.000594
3 -3.220000 0.000649
3 -3.200000 0.000699
3 -3.180000 0.000755
3 -3.160000 0.000805
3 -3.140000 0.000858
3 -3.120000 0.000910
3 -3.100000 0.000949
3 -3.080000 0.000989
3 -3.060000 0.001036
3 -3.040000 0.001072
3 -3.020000 0.001074
3 -3.000000 0.001135
3 -2.980000 0.001130
3 -2.960000 0.001129
3 -2.940001 0.001179
3 -2.920000 0.001159
3 -2.900001 0.001193
3 -2.880000 0.001216
3 -2.860001 0.001232
3 -2.840000 0.001271
3 -2.820001 0.001315
3 -2.800000 0.001403
3 -2.780000 0.001606
3 -2.760000 0.001812
3 -2.740000 0.002049
3 -2.720000 0.002259
3 -2.700000 0.002555
3 -2.680000 0.002801
3 -2.660000 0.003085
3 -2.640000 0.003397
3 -2.620000 0.003737
3 -2.600000 0.004132
3 -2.580000 0.004528
3 -2.560000 0.004978
3 -2.540000 0.005461
3 -2.520000 0.005925
3 -2.500000 0.006543
3 -2.480000 0.006857
3 -2.460000 0.007352
3 -2.440001 0.007743
3 -2.420000 0.008119
3 -2.400001 0.008507
3 -2.380000 0.008915
3 -2.360001 0.009353
3 -2.340000 0.009753
3 -2.320001 0.010197
3 -2.300000 0.010645
3 -2.280001 0.011167
3 -2.260000 0.011627
3 -2.240000 0.012109
3 -2.220000 0.012601
3 -2.200000 0.013032
3 -2.180000 0.013496
3 -2.160000 0.013885
3 -2.140000 0.014309
3 -2.120000 0.014671
3 -2.100000 0.015019
3 -2.080000 0.015296
3 -2.060000 0.015557
3 -2.040000 0.015826
3 -2.020000 0.016062
3 -2.000000 0.016334
3 -1.980000 0.016650
3 -1.960000 0.016907
3 -1.940001 0.017209
3 -1.920000 0.017482
3 -1.900001 0.017809
3 -1.880000 0.018007
3 -1.860001 0.018306
3 -1.840000 0.018587
3 -1.820001 0.018892
3 -1.800000 0.019219
3 -1.780001 0.019530
3 -1.760000 0.019789
3 -1.740000 0.019981
3 -1.720000 0.020145
3 -1.700000 0.020197
3 -1.680000 0.020216
3 -1.660000 0.020174
3 -1.640000 0.020076
3 -1.620000 0.019825
3 -1.600000 0.019557
3 -1.580000 0.019204
3 -1.560000 0.018670
3 -1.540000 0.017984
3 -1.520000 0.017171
3 -1.500000 0.016272
3 -1.480000 0.015489
3 -1.460000 0.014676
3 -1.440001 0.013757
3 -1.420000 0.012738
3 -1.400001 0.011711
3 -1.380000 0.010714
3 -1.360001 0.009753
3 -1.340000 0.008862
3 -1.320001 0.007985
3 -1.300000 0.007137
3 -1.280001 0.006338
3 -1.260000 0.005573
3 -1.240000 0.004853
3 -1.220000 0.004182
3 -1.200000 0.003556
3 -1.180000 0.002971
3 -1.160000 0.002454
3 -1.140000 0.001987
3 -1.120000 0.001575
3 -1.100000 0.001220
3 -1.080000 0.000923
3 -1.060000 0.000695
3 -1.040000 0.000518
3 -1.020000 0.000387
3 -1.000000 0.000291
3 -0.980000 0.000219
3 -0.960000 0.000164
3 -0.940001 0.000119
3 -0.920000 0.000079
3 -0.900001 0.000052
3 -0.880000 0.000033
3 -0.860001 0.000021
3 -0.840000 0.000013
3 -0.820001 0.000008
3 -0.800000 0.000005
3 -0.780001 0.000003
3 -0.760000 0.000001
4 -4.380000 0.000001
4 -4.360000 0.000002
4 -4.340000 0.000002
4 -4.320000 0.000004
4 -4.300000 0.000005
4 -4.280000 0.000007
4 -4.260000 0.000010
4 -4.240000 0.000014
4 -4.220000 0.000017
4 -4.200000 0.000023
4 -4.180000 0.000031
4 -4.160000 0.000039
4 -4.140000 0.000049
4 -4.120000 0.000060
4 -4.100000 0.000078
4 -4.080000 0.000091
4 -4.060000 0.000113
4 -4.040000 0.000135
4 -4.020000 0.000158
4 -4.000000 0.000188
4 -3.980000 0.000219
4 -3.960000 0.000252
4 -3.940001 0.000289
4 -3.920000 0.000334
4 -3.900001 0.000372
4 -3.880000 0.000423
4 -3.860001 0.000470
4 -3.840000 0.000528
4 -3.820001 0.000569
4 -3.800000 0.000632
4 -3.780000 0.000672
4 -3.760000 0.000741
4 -3.740000 0.000771
4 -3.720000 0.000830
4 -3.700000 0.000877
4 -3.680000 0.000919
4 -3.660000 0.000970
4 -3.640000 0.001006
4 -3.620000 0.001056
4 -3.600000 0.001079
4 -3.580000 0.001111
4 -3.560000 0.001113
4 -3.540000 0.001146
4 -3.520000 0.001135
4 -3.500000 0.001142
4 -3.480000 0.001145
4 -3.460000 0.001163
4 -3.440001 0.001126
4 -3.420000 0.001210
4 -3.400001 0.001329
4 -3.380000 0.001420
4 -3.360001 0.001534
4 -3.340000 0.001781
4 -3.320001 0.002135
4 -3.300000 0.002542
4 -3.280000 0.002780
4 -3.260000 0.002995
4 -3.240000 0.003254
4 -3.220000 0.003663
4 -3.200000 0.003946
4 -3.180000 0.004273
4 -3.160000 0.004723
4 -3.140000 0.005165
4 -3.120000 0.005617
4 -3.100000 0.006098
4 -3.080000 0.006823
4 -3.060000 0.007608
4 -3.040000 0.007807
4 -3.020000 0.008059
4 -3.000000 0.008408
4 -2.980000 0.008770
4 -2.960000 0.009176
4 -2.940001 0.009581
4 -2.920000 0.010013
4 -2.900001 0.010475
4 -2.880000 0.010961
4 -2.860001 0.011434
4 -2.840000 0.011895
4 -2.820001 0.012361
4 -2.800000 0.012833
4 -2.780000 0.013264
4 -2.760000 0.013710
4 -2.740000 0.014078
4 -2.720000 0.014431
4 -2.700000 0.014767
4 -2.680000 0.015116
4 -2.660000 0.015393
4 -2.640000 0.015732
4 -2.620000 0.016023
4 -2.600000 0.016290
4 -2.580000 0.016567
4 -2.560000 0.016852
4 -2.540000 0.017118
4 -2.520000 0.017483
4 -2.500000 0.017801
4 -2.480000 0.018057
4 -2.460000 0.018315
4 -2.440001 0.018575
4 -2.420000 0.018923
4 -2.400001 0.019164
4 -2.380000 0.019427
4 -2.360001 0.019656
4 -2.340000 0.019878
4 -2.320001 0.020047
4 -2.300000 0.020094
4 -2.280001 0.020081
4 -2.260000 0.020171
4 -2.240000 0.019966
4 -2.220000 0.019921
4 -2.200000 0.019663
4 -2.180000 0.019309
4 -2.160000 0.018865
4 -2.140000 0.018195
4 -2.120000 0.017518
4 -2.100000 0.016663
4 -2.080000 0.015801
4 -2.060000 0.014892
4 -2.040000 0.013953
4 -2.020000 0.013096
4 -2.000000 0.012294
4 -1.980000 0.011354
4 -1.960000 0.010355
4 -1.940001 0.009380
4 -1.920000 0.008442
4 -1.900001 0.007622
4 -1.880000 0.006820
4 -1.860001 0.006052
4 -1.840000 0.005282
4 -1.820001 0.004562
4 -1.800000 0.003911
4 -1.780001 0.003323
4 -1.760000 0.002781
4 -1.740000 0.002314
4 -1.720000 0.001879
4 -1.700000 0.001479
4 -1.680000 0.001142
4 -1.660000 0.000841
4 -1.640000 0.000582
4 -1.620000 0.000380
4 -1.600000 0.000241
4 -1.580000 0.000145
4 -1.560000 0.000087
4 -1.540000 0.000053
4 -1.520000 0.000025
4 -1.500000 0.000010
4 -1.480000 0.000004
4 -1.460000 0.000001
5 -4.780000 0.000001
5 -4.760000 0.000001
5 -4.740000 0.000002
5 -4.720000 0.000003
5 -4.700000 0.000004
5 -4.680000 0.000006
5 -4.660000 0.000008
5 -4.640000 0.000011
5 -4.620000 0.000014
5 -4.600000 0.000019
5 -4.580000 0.000024
5 -4.560000 0.000030
5 -4.540000 0.000037
5 -4.520000 0.000050
5 -4.500000 0.000060
5 -4.480000 0.000076
5 -4.460000 0.000090
5 -4.440000 0.000110
5 -4.420000 0.000128
5 -4.400000 0.000151
5 -4.380000 0.000179
5 -4.360000 0.000206
5 -4.340000 0.000243
5 -4.320000 0.000275
5 -4.300000 0.000321
5 -4.280000 0.000355
5 -4.260000 0.000408
5 -4.240000 0.000450
5 -4.220000 0.000499
5 -4.200000 0.000554
5 -4.180000 0.000600
5 -4.160000 0.000646
5 -4.140000 0.000693
5 -4.120000 0.000754
5 -4.100000 0.000780
5 -4.080000 0.000842
5 -4.060000 0.000888
5 -4.040000 0.000925
5 -4.020000 0.000974
5 -4.000000 0.001021
5 -3.980000 0.001062
5 -3.960000 0.001089
5 -3.940001 0.001099
5 -3.920000 0.001121
5 -3.900001 0.001114
5 -3.880000 0.001129
5 -3.860001 0.001125
5 -3.840000 0.001144
5 -3.820001 0.001144
5 -3.800000 0.001185
5 -3.780000 0.001244
5 -3.760000 0.001461
5 -3.740000 0.001716
5 -3.720000 0.001876
5 -3.700000 0.002166
5 -3.680000 0.002543
5 -3.660000 0.002787
5 -3.640000 0.002970
5 -3.620000 0.003240
5 -3.600000 0.003642
5 -3.580000 0.004164
5 -3.560000 0.004274
5 -3.540000 0.004703
5 -3.520000 0.005191
5 -3.500000 0.005634
5 -3.480000 0.006164
5 -3.460000 0.006833
5 -3.440001 0.007401
5 -3.420000 0.007786
5 -3.400001 0.008080
5 -3.380000 0.008441
5 -3.360001 0.008815
5 -3.340000 0.009218
5 -3.320001 0.009602
5 -3.300000 0.010037
5 -3.280000 0.010474
5 -3.260000 0.010928
5 -3.240000 0.011415
5 -3.220000 0.011898
5 -3.200000 0.012314
5 -3.180000 0.012698
5 -3.160000 0.013166
5 -3.140000 0.013654
5 -3.120000 0.013957
5 -3.100000 0.014364
5 -3.080000 0.014689
5 -3.060000 0.015059
5 -3.040000 0.015338
5 -3.020000 0.015639
5 -3.000000 0.015987
5 -2.980000 0.016358
5 -2.960000 0.016580
5 -2.940001 0.016873
5 -2.920000 0.017143
5 -2.900001 0.017490
5 -2.880000 0.017860
5 -2.860001 0.018103
5 -2.840000 0.018377
5 -2.820001 0.018603
5 -2.800000 0.018858
5 -2.780000 0.019119
5 -2.760000 0.019432
5 -2.740000 0.019589
5 -2.720000 0.019704
5 -2.700000 0.019820
5 -2.680000 0.019957
5 -2.660000 0.020020
5 -2.640000 0.019921
5 -2.620000 0.019831
5 -2.600000 0.019682
5 -2.580000 0.019404
5 -2.560000 0.019030
5 -2.540000 0.018563
5 -2.520000 0.018033
5 -2.500000 0.017298
5 -2.480000 0.016518
5 -2.460000 0.015700
5 -2.440001 0.014926
5 -2.420000 0.013994
5 -2.400001 0.013087
5 -2.380000 0.012201
5 -2.360001 0.011435
5 -2.340000 0.010491
5 -2.320001 0.009576
5 -2.300000 0.008676
5 -2.280001 0.007845
5 -2.260000 0.007004
5 -2.240000 0.006220
5 -2.220000 0.005515
5 -2.200000 0.004828
5 -2.180000 0.004143
5 -2.160000 0.003530
5 -2.140000 0.003018
5 -2.120000 0.002549
5 -2.100000 0.002092
5 -2.080000 0.001691
5 -2.060000 0.001346
5 -2.040000 0.001029
5 -2.020000 0.000729
5 -2.000000 0.000480
5 -1.980000 0.000280
5 -1.960000 0.000138
5 -1.940001 0.000059
5 -1.920000 0.000026
5 -1.900001 0.000006
6 -2.660000 0.000001
6 -2.640000 0.000003
6 -2.620000 0.000005
6 -2.600000 0.000007
6 -2.580000 0.000010
6 -2.560000 0.000014
6 -2.540000 0.000020
6 -2.520000 0.000026
6 -2.500000 0.000034
6 -2.480000 0.000044
6 -2.460000 0.000056
6 -2.440001 0.000071
6 -2.420000 0.000089
6 -2.400001 0.000108
6 -2.380000 0.000129
6 -2.360001 0.000155
6 -2.340000 0.000181
6 -2.320001 0.000211
6 -2.300000 0.000245
6 -2.280001 0.000285
6 -2.260000 0.000326
6 -2.240000 0.000367
6 -2.220000 0.000410
6 -2.200000 0.000459
6 -2.180000 0.000509
6 -2.160000 0.000559
6 -2.140000 0.000614
6 -2.120000 0.000668
6 -2.100000 0.000719
6 -2.080000 0.000769
6 -2.060000 0.000822
6 -2.040000 0.000874
6 -2.020000 0.000924
6 -2.000000 0.000958
6 -1.980000 0.001011
6 -1.960000 0.001038
6 -1.940001 0.001071
6 -1.920000 0.001096
6 -1.900001 0.001117
6 -1.880000 0.001137
6 -1.860001 0.001161
6 -1.840000 0.001183
6 -1.820001 0.001194
6 -1.800000 0.001210
6 -1.780001 0.001244
6 -1.760000 0.001282
6 -1.740000 0.001325
6 -1.720000 0.001389
6 -1.700000 0.001515
6 -1.680000 0.001663
6 -1.660000 0.001831
6 -1.640000 0.002073
6 -1.620000 0.002289
6 -1.600000 0.002554
6 -1.580000 0.002801
6 -1.560000 0.003071
6 -1.540000 0.003427
6 -1.520000 0.003722
6 -1.500000 0.004142
6 -1.480000 0.004495
6 -1.460000 0.005014
6 -1.440001 0.005432
6 -1.420000 0.005847
6 -1.400001 0.006297
6 -1.380000 0.006736
6 -1.360001 0.007170
6 -1.340000 0.007636
6 -1.320001 0.008046
6 -1.300000 0.008446
6 -1.280001 0.008862
6 -1.260000 0.009303
6 -1.240000 0.009731
6 -1.220000 0.010130
6 -1.200000 0.010591
6 -1.180000 0.011057
6 -1.160000 0.011547
6 -1.140000 0.012000
6 -1.120000 0.012488
6 -1.100000 0.012957
6 -1.080000 0.013391
6 -1.060000 0.013809
6 -1.040000 0.014203
6 -1.020000 0.014578
6 -1.000000 0.014970
6 -0.980000 0.015258
6 -0.960000 0.015516
6 -0.940001 0.015743
6 -0.920000 0.015997
6 -0.900001 0.016262
6 -0.880000 0.016536
6 -0.860001 0.016837
6 -0.840000 0.017134
6 -0.820001 0.017404
6 -0.800000 0.017700
6 -0.780001 0.017951
6 -0.760000 0.018228
6 -0.740001 0.018457
6 -0.720000 0.018762
6 -0.700000 0.019077
6 -0.680000 0.019368
6 -0.660000 0.019666
6 -0.640000 0.019858
6 -0.620000 0.020024
6 -0.600000 0.020136
6 -0.580000 0.020180
6 -0.560000 0.020108
6 -0.540000 0.019948
6 -0.520000 0.019778
6 -0.500000 0.019463
6 -0.480000 0.019027
6 -0.460000 0.018508
6 -0.440001 0.017953
6 -0.420000 0.017231
6 -0.400001 0.016488
6 -0.380000 0.015622
6 -0.360001 0.014717
6 -0.340000 0.013756
6 -0.320001 0.012813
6 -0.300000 0.011838
6 -0.280001 0.010871
6 -0.260000 0.009948
6 -0.240001 0.009047
6 -0.220000 0.008096
6 -0.200000 0.007238
6 -0.180000 0.006426
6 -0.160000 0.005697
6 -0.140000 0.005019
6 -0.120000 0.004352
6 -0.100000 0.003735
6 -0.080000 0.003155
6 -0.060000 0.002613
6 -0.040000 0.002123
6 -0.020000 0.001716
6 0.000000 0.001359
6 0.020000 0.001061
6 0.040000 0.000818
6 0.059999 0.000624
6 0.080000 0.000475
6 0.099999 0.000363
6 0.120000 0.000279
6 0.139999 0.000213
6 0.160000 0.000160
6 0.179999 0.000114
6 0.200000 0.000075
6 0.219999 0.000049
6 0.240000 0.000030
6 0.259999 0.000019
6 0.280000 0.000011
6 0.300000 0.000006
6 0.320000 0.000003
6 0.340000 0.000002
7 -6.200000 0.000001
7 -6.180000 0.000002
7 -6.160000 0.000002
7 -6.140000 0.000003
7 -6.120000 0.000004
7 -6.100000 0.000006
7 -6.080000 0.000008
7 -6.060000 0.000010
7 -6.040000 0.000013
7 -6.020000 0.000017
7 -6.000000 0.000022
7 -5.980000 0.000026
7 -5.960000 0.000034
7 -5.940000 0.000044
7 -5.920000 0.000054
7 -5.900000 0.000066
7 -5.880000 0.000079
7 -5.860000 0.000092
7 -5.840000 0.000110
7 -5.820000 0.000128
7 -5.800000 0.000149
7 -5.780000 0.000178
7 -5.760000 0.000205
7 -5.740000 0.000234
7 -5.720000 0.000272
7 -5.700000 0.000310
7 -5.680000 0.000341
7 -5.660000 0.000391
7 -5.640000 0.000430
7 -5.620000 0.000479
7 -5.600000 0.000526
7 -5.580000 0.000568
7 -5.560000 0.000612
7 -5.540000 0.000652
7 -5.520000 0.000707
7 -5.500000 0.000745
7 -5.480000 0.000791
7 -5.460000 0.000834
7 -5.440000 0.000894
7 -5.420000 0.000926
7 -5.400000 0.000972
7 -5.380000 0.001010
7 -5.360000 0.001040
7 -5.340000 0.001051
7 -5.320000 0.001075
7 -5.300000 0.001095
7 -5.280000 0.001108
7 -5.260000 0.001107
7 -5.240000 0.001124
7 -5.220000 0.001161
7 -5.200000 0.001233
7 -5.180000 0.001320
7 -5.160000 0.001492
7 -5.140000 0.001765
7 -5.120000 0.002116
7 -5.100000 0.002285
7 -5.080000 0.002513
7 -5.060000 0.002748
7 -5.040000 0.003006
7 -5.020000 0.003280
7 -5.000000 0.003636
7 -4.980000 0.004065
7 -4.960000 0.004470
7 -4.940000 0.004714
7 -4.920000 0.005138
7 -4.900000 0.005638
7 -4.880000 0.006175
7 -4.860000 0.006674
7 -4.840000 0.007121
7 -4.820000 0.007572
7 -4.800000 0.008040
7 -4.780000 0.008401
7 -4.760000 0.008776
7 -4.740000 0.009195
7 -4.720000 0.009561
7 -4.700000 0.009962
7 -4.680000 0.010349
7 -4.660000 0.010801
7 -4.640000 0.011290
7 -4.620000 0.011695
7 -4.600000 0.012119
7 -4.580000 0.012502
7 -4.560000 0.012920
7 -4.540000 0.013381
7 -4.520000 0.013759
7 -4.500000 0.014181
7 -4.480000 0.014504
7 -4.460000 0.014801
7 -4.440000 0.015158
7 -4.420000 0.015496
7 -4.400000 0.015871
7 -4.380000 0.016185
7 -4.360000 0.016513
7 -4.340000 0.016798
7 -4.320000 0.017111
7 -4.300000 0.017397
7 -4.280000 0.017680
7 -4.260000 0.018004
7 -4.240000 0.018270
7 -4.220000 0.018490
7 -4.200000 0.018708
7 -4.180000 0.018903
7 -4.160000 0.019211
7 -4.140000 0.019400
7 -4.120000 0.019467
7 -4.100000 0.019511
7 -4.080000 0.019573
7 -4.060000 0.019618
7 -4.040000 0.019581
7 -4.020000 0.019479
7 -4.000000 0.019290
7 -3.980000 0.019030
7 -3.960000 0.018652
7 -3.940001 0.018269
7 -3.920000 0.017726
7 -3.900001 0.017081
7 -3.880000 0.016405
7 -3.860001 0.015728
7 -3.840000 0.014898
7 -3.820001 0.014154
7 -3.800000 0.013327
7 -3.780000 0.012458
7 -3.760000 0.011608
7 -3.740000 0.010792
7 -3.720000 0.009921
7 -3.700000 0.009106
7 -3.680000 0.008317
7 -3.660000 0.007511
7 -3.640000 0.006742
7 -3.620000 0.006038
7 -3.600000 0.005364
7 -3.580000 0.004698
7 -3.560000 0.004072
7 -3.540000 0.003502
7 -3.520000 0.003015
7 -3.500000 0.002572
7 -3.480000 0.002144
7 -3.460000 0.001761
7 -3.440001 0.001419
7 -3.420000 0.001119
7 -3.400001 0.000815
7 -3.380000 0.000562
7 -3.360001 0.000351
7 -3.340000 0.000174
7 -3.320001 0.000041
7 -3.300000 0.000006
8 -7.100000 0.000001
8 -7.080000 0.000001
8 -7.060000 0.000002
8 -7.040000 0.000002
8 -7.020000 0.000004
8 -7.000000 0.000004
8 -6.980000 0.000006
8 -6.960000 0.000008
8 -6.940000 0.000010
8 -6.920000 0.000013
8 -6.900000 0.000017
8 -6.880000 0.000020
8 -6.860000 0.000025
8 -6.840000 0.000032
8 -6.820000 0.000041
8 -6.800000 0.000049
8 -6.780000 0.000061
8 -6.760000 0.000071
8 -6.740000 0.000082
8 -6.720000 0.000099
8 -6.700000 0.000113
8 -6.680000 0.000132
8 -6.660000 0.000154
8 -6.640000 0.000181
8 -6.620000 0.000206
8 -6.600000 0.000235
8 -6.580000 0.000269
8 -6.560000 0.000305
8 -6.540000 0.000333
8 -6.520000 0.000379
8 -6.500000 0.000418
8 -6.480000 0.000460
8 -6.460000 0.000505
8 -6.440000 0.000541
8 -6.420000 0.000581
8 -6.400000 0.000621
8 -6.380000 0.000665
8 -6.360000 0.000703
8 -6.340000 0.000750
8 -6.320000 0.000801
8 -6.300000 0.000837
8 -6.280000 0.000887
8 -6.260000 0.000930
8 -6.240000 0.000950
8 -6.220000 0.000973
8 -6.200000 0.001000
8 -6.180000 0.001033
8 -6.160000 0.001065
8 -6.140000 0.001088
8 -6.120000 0.001103
8 -6.100000 0.001124
8 -6.080000 0.001189
8 -6.060000 0.001270
8 -6.040000 0.001440
8 -6.020000 0.001635
8 -6.000000 0.001906
8 -5.980000 0.002198
8 -5.960000 0.002444
8 -5.940000 0.002646
8 -5.920000 0.002904
8 -5.900000 0.003149
8 -5.880000 0.003436
8 -5.860000 0.003756
8 -5.840000 0.004122
8 -5.820000 0.004495
8 -5.800000 0.004930
8 -5.780000 0.005297
8 -5.760000 0.005751
8 -5.740000 0.006238
8 -5.720000 0.006674
8 -5.700000 0.007150
8 -5.680000 0.007610
8 -5.660000 0.008084
8 -5.640000 0.008519
8 -5.620000 0.008893
8 -5.600000 0.009281
8 -5.580000 0.009675
8 -5.560000 0.010038
8 -5.540000 0.010451
8 -5.520000 0.010870
8 -5.500000 0.011322
8 -5.480000 0.011711
8 -5.460000 0.012124
8 -5.440000 0.012505
8 -5.420000 0.012901
8 -5.400000 0.013306
8 -5.380000 0.013750
8 -5.360000 0.014149
8 -5.340000 0.014457
8 -5.320000 0.014783
8 -5.300000 0.015135
8 -5.280000 0.015512
8 -5.260000 0.015851
8 -5.240000 0.016244
8 -5.220000 0.016529
8 -5.200000 0.016869
8 -5.180000 0.017104
8 -5.160000 0.017407
8 -5.140000 0.017726
8 -5.120000 0.018016
8 -5.100000 0.018284
8 -5.080000 0.018458
8 -5.060000 0.018655
8 -5.040000 0.018825
8 -5.020000 0.019084
8 -5.000000 0.019215
8 -4.980000 0.019290
8 -4.960000 0.019329
8 -4.940000 0.019363
8 -4.920000 0.019295
8 -4.900000 0.019251
8 -4.880000 0.019064
8 -4.860000 0.018924
8 -4.840000 0.018624
8 -4.820000 0.018245
8 -4.800000 0.017788
8 -4.780000 0.017287
8 -4.760000 0.016676
8 -4.740000 0.016051
8 -4.720000 0.015367
8 -4.700000 0.014653
8 -4.680000 0.013937
8 -4.660000 0.013115
8 -4.640000 0.012359
8 -4.620000 0.011526
8 -4.600000 0.010663
8 -4.580000 0.009903
8 -4.560000 0.009150
8 -4.540000 0.008386
8 -4.520000 0.007624
8 -4.500000 0.006897
8 -4.480000 0.006210
8 -4.460000 0.005563
8 -4.440000 0.004906
8 -4.420000 0.004330
8 -4.400000 0.003761
8 -4.380000 0.003283
8 -4.360000 0.002818
8 -4.340000 0.002406
8 -4.320000 0.002021
8 -4.300000 0.001682
8 -4.280000 0.001373
8 -4.260000 0.001076
8 -4.240000 0.000800
8 -4.220000 0.000565
8 -4.200000 0.000357
8 -4.180000 0.000182
8 -4.160000 0.000041
9 -7.280000 0.000001
9 -7.260000 0.000002
9 -7.240000 0.000002
9 -7.220000 0.000003
9 -7.200000 0.000004
9 -7.180000 0.000005
9 -7.160000 0.000006
9 -7.140000 0.000008
9 -7.120000 0.000010
9 -7.100000 0.000013
9 -7.080000 0.000017
9 -7.060000 0.000021
9 -7.040000 0.000026
9 -7.020000 0.000034
9 -7.000000 0.000042
9 -6.980000 0.000051
9 -6.960000 0.000061
9 -6.940000 0.000072
9 -6.920000 0.000083
9 -6.900000 0.000099
9 -6.880000 0.000113
9 -6.860000 0.000133
9 -6.840000 0.000156
9 -6.820000 0.000180
9 -6.800000 0.000206
9 -6.780000 0.000235
9 -6.760000 0.000269
9 -6.740000 0.000303
9 -6.720000 0.000334
9 -6.700000 0.000379
9 -6.680000 0.000414
9 -6.660000 0.000460
9 -6.640000 0.000502
9 -6.620000 0.000535
9 -6.600000 0.000577
9 -6.580000 0.000618
9 -6.560000 0.000652
9 -6.540000 0.000699
9 -6.520000 0.000744
9 -6.500000 0.000791
9 -6.480000 0.000833
9 -6.460000 0.000882
9 -6.440000 0.000923
9 -6.420000 0.000949
9 -6.400000 0.000955
9 -6.380000 0.000984
9 -6.360000 0.001026
9 -6.340000 0.001074
9 -6.320000 0.001087
9 -6.300000 0.001099
9 -6.280000 0.001126
9 -6.260000 0.001202
9 -6.240000 0.001270
9 -6.220000 0.001462
9 -6.200000 0.001681
9 -6.180000 0.001873
9 -6.160000 0.002169
9 -6.140000 0.002431
9 -6.120000 0.002614
9 -6.100000 0.002875
9 -6.080000 0.003129
9 -6.060000 0.003397
9 -6.040000 0.003717
9 -6.020000 0.004086
9 -6.000000 0.004450
9 -5.980000 0.004868
9 -5.960000 0.005269
9 -5.940000 0.005715
9 -5.920000 0.006162
9 -5.900000 0.006592
9 -5.880000 0.007052
9 -5.860000 0.007523
9 -5.840000 0.007950
9 -5.820000 0.008433
9 -5.800000 0.008793
9 -5.780000 0.009188
9 -5.760000 0.009573
9 -5.740000 0.009953
9 -5.720000 0.010326
9 -5.700000 0.010787
9 -5.680000 0.011217
9 -5.660000 0.011613
9 -5.640000 0.011983
9 -5.620000 0.012398
9 -5.600000 0.012790
9 -5.580000 0.013191
9 -5.560000 0.013642
9 -5.540000 0.014011
9 -5.520000 0.014371
9 -5.500000 0.014667
9 -5.480000 0.015006
9 -5.460000 0.015395
9 -5.440000 0.015721
9 -5.420000 0.016123
9 -5.400000 0.016424
9 -5.380000 0.016774
9 -5.360000 0.017051
9 -5.340000 0.017289
9 -5.320000 0.017585
9 -5.300000 0.017902
9 -5.280000 0.018147
9 -5.260000 0.018371
9 -5.240000 0.018569
9 -5.220000 0.018730
9 -5.200000 0.018939
9 -5.180000 0.019140
9 -5.160000 0.019188
9 -5.140000 0.019239
9 -5.120000 0.019259
9 -5.100000 0.019213
9 -5.080000 0.019140
9 -5.060000 0.019008
9 -5.040000 0.018826
9 -5.020000 0.018611
9 -5.000000 0.018249
9 -4.980000 0.017788
9 -4.960000 0.017258
9 -4.940000 0.016719
9 -4.920000 0.016106
9 -4.900000 0.015453
9 -4.880000 0.014778
9 -4.860000 0.014028
9 -4.840000 0.013293
9 -4.820000 0.012550
9 -4.800000 0.011719
9 -4.780000 0.010878
9 -4.760000 0.010082
9 -4.740000 0.009339
9 -4.720000 0.008609
9 -4.700000 0.007854
9 -4.680000 0.007150
9 -4.660000 0.006457
9 -4.640000 0.005796
9 -4.620000 0.005160
9 -4.600000 0.004542
9 -4.580000 0.003986
9 -4.560000 0.003482
9 -4.540000 0.003005
9 -4.520000 0.002587
9 -4.500000 0.002201
9 -4.480000 0.001842
9 -4.460000 0.001521
9 -4.440000 0.001216
9 -4.420000 0.000937
9 -4.400000 0.000683
9 -4.380000 0.000464
9 -4.360000 0.000276
9 -4.340000 0.000113
9 -4.320000 0.000014
10 -7.340000 0.000001
10 -7.320000 0.000001
10 -7.300000 0.000002
10 -7.280000 0.000003
10 -7.260000 0.000004
10 -7.240000 0.000005
10 -7.220000 0.000006
10 -7.200000 0.000008
10 -7.180000 0.000010
10 -7.160000 0.000013
10 -7.140000 0.000017
10 -7.120000 0.000020
10 -7.100000 0.000025
10 -7.080000 0.000033
10 -7.060000 0.000041
10 -7.040000 0.000050
10 -7.020000 0.000060
10 -7.000000 0.000070
10 -6.980000 0.000082
10 -6.960000 0.000098
10 -6.940000 0.000112
10 -6.920000 0.000131
10 -6.900000 0.000152
10 -6.880000 0.000179
10 -6.860000 0.000203
10 -6.840000 0.000234
10 -6.820000 0.000268
10 -6.800000 0.000299
10 -6.780000 0.000333
10 -6.760000 0.000374
10 -6.740000 0.000416
10 -6.720000 0.000452
10 -6.700000 0.000503
10 -6.680000 0.000534
10 -6.660000 0.000577
10 -6.640000 0.000615
10 -6.620000 0.000654
10 -6.600000 0.000695
10 -6.580000 0.000741
10 -6.560000 0.000786
10 -6.540000 0.000832
10 -6.520000 0.000884
10 -6.500000 0.000918
10 -6.480000 0.000949
10 -6.460000 0.000953
10 -6.440000 0.000982
10 -6.420000 0.001029
10 -6.400000 0.001067
10 -6.380000 0.001090
10 -6.360000 0.001093
10 -6.340000 0.001122
10 -6.320000 0.001186
10 -6.300000 0.001248
10 -6.280000 0.001432
10 -6.260000 0.001623
10 -6.240000 0.001847
10 -6.220000 0.002110
10 -6.200000 0.002373
10 -6.180000 0.002561
10 -6.160000 0.002795
10 -6.140000 0.003068
10 -6.120000 0.003330
10 -6.100000 0.003654
10 -6.080000 0.003999
10 -6.060000 0.004372
10 -6.040000 0.004773
10 -6.020000 0.005184
10 -6.000000 0.005622
10 -5.980000 0.006054
10 -5.960000 0.006510
10 -5.940000 0.006943
10 -5.920000 0.007398
10 -5.900000 0.007847
10 -5.880000 0.008303
10 -5.860000 0.008694
10 -5.840000 0.009072
10 -5.820000 0.009465
10 -5.800000 0.009848
10 -5.780000 0.010218
10 -5.760000 0.010663
10 -5.740000 0.011077
10 -5.720000 0.011530
10 -5.700000 0.011862
10 -5.680000 0.012297
10 -5.660000 0.012660
10 -5.640000 0.013082
10 -5.620000 0.013498
10 -5.600000 0.013903
10 -5.580000 0.014241
10 -5.560000 0.014598
10 -5.540000 0.014889
10 -5.520000 0.015258
10 -5.500000 0.015659
10 -5.480000 0.015993
10 -5.460000 0.016320
10 -5.440000 0.016665
10 -5.420000 0.016925
10 -5.400000 0.017227
10 -5.380000 0.017475
10 -5.360000 0.017796
10 -5.340000 0.018069
10 -5.320000 0.018292
10 -5.300000 0.018467
10 -5.280000 0.018674
10 -5.260000 0.018863
10 -5.240000 0.019100
10 -5.220000 0.019171
10 -5.200000 0.019186
10 -5.180000 0.019225
10 -5.160000 0.019238
10 -5.140000 0.019157
10 -5.120000 0.019042
10 -5.100000 0.018889
10 -5.080000 0.018645
10 -5.060000 0.018312
10 -5.040000 0.017930
10 -5.020000 0.017417
10 -5.000000 0.016843
10 -4.980000 0.016283
10 -4.960000 0.015633
10 -4.940000 0.014947
10 -4.920000 0.014242
10 -4.900000 0.013505
10 -4.880000 0.012721
10 -4.860000 0.011958
10 -4.840000 0.011094
10 -4.820000 0.010296
10 -4.800000 0.009558
10 -4.780000 0.008794
10 -4.760000 0.008052
10 -4.740000 0.007344
10 -4.720000 0.006655
10 -4.700000 0.005972
10 -4.680000 0.005326
10 -4.660000 0.004710
10 -4.640000 0.004134
10 -4.620000 0.003615
10 -4.600000 0.003136
10 -4.580000 0.002696
10 -4.560000 0.002307
10 -4.540000 0.001939
10 -4.520000 0.001609
10 -4.500000 0.001293
10 -4.480000 0.001010
10 -4.460000 0.000748
10 -4.440000 0.000517
10 -4.420000 0.000323
10 -4.400000 0.000154
10 -4.380000 0.000029
10 -4.360000 0.000001
11 -7.180000 0.000001
11 -7.160000 0.000002
11 -7.140000 0.000002
11 -7.120000 0.000003
11 -7.100000 0.000004
11 -7.080000 0.000006
11 -7.060000 0.000008
11 -7.040000 0.000009
11 -7.020000 0.000012
11 -7.000000 0.000016
11 -6.980000 0.000019
11 -6.960000 0.000023
11 -6.940000 0.000030
11 -6.920000 0.000039
11 -6.900000 0.000046
11 -6.880000 0.000057
11 -6.860000 0.000067
11 -6.840000 0.000079
11 -6.820000 0.000092
11 -6.800000 0.000108
11 -6.780000 0.000125
11 -6.760000 0.000146
11 -6.740000 0.000171
11 -6.720000 0.000196
11 -6.700000 0.000224
11 -6.680000 0.000258
11 -6.660000 0.000290
11 -6.640000 0.000319
11 -6.620000 0.000363
11 -6.600000 0.000401
11 -6.580000 0.000443
11 -6.560000 0.000490
11 -6.540000 0.000521
11 -6.520000 0.000561
11 -6.500000 0.000606
11 -6.480000 0.000641
11 -6.460000 0.000682
11 -6.440000 0.000727
11 -6.420000 0.000779
11 -6.400000 0.000815
11 -6.380000 0.000864
11 -6.360000 0.000909
11 -6.340000 0.000942
11 -6.320000 0.000959
11 -6.300000 0.000976
11 -6.280000 0.001008
11 -6.260000 0.001057
11 -6.240000 0.001081
11 -6.220000 0.001099
11 -6.200000 0.001111
11 -6.180000 0.001175
11 -6.160000 0.001230
11 -6.140000 0.001396
11 -6.120000 0.001565
11 -6.100000 0.001842
11 -6.080000 0.002083
11 -6.060000 0.002364
11 -6.040000 0.002567
11 -6.020000 0.002804
11 -6.000000 0.003070
11 -5.980000 0.003334
11 -5.960000 0.003637
11 -5.940000 0.003986
11 -5.920000 0.004347
11 -5.900000 0.004759
11 -5.880000 0.005172
11 -5.860000 0.005581
11 -5.840000 0.006032
11 -5.820000 0.006511
11 -5.800000 0.006954
11 -5.780000 0.007429
11 -5.760000 0.007873
11 -5.740000 0.008334
11 -5.720000 0.008739
11 -5.700000 0.009134
11 -5.680000 0.009491
11 -5.660000 0.009899
11 -5.640000 0.010272
11 -5.620000 0.010681
11 -5.600000 0.011149
11 -5.580000 0.011529
11 -5.560000 0.011941
11 -5.540000 0.012336
11 -5.520000 0.012694
11 -5.500000 0.013163
11 -5.480000 0.013533
11 -5.460000 0.013953
11 -5.440000 0.014320
11 -5.420000 0.014645
11 -5.400000 0.014966
11 -5.380000 0.015335
11 -5.360000 0.015687
11 -5.340000 0.016068
11 -5.320000 0.016385
11 -5.300000 0.016775
11 -5.280000 0.016955
11 -5.260000 0.017297
11 -5.240000 0.017522
11 -5.220000 0.017893
11 -5.200000 0.018154
11 -5.180000 0.018373
11 -5.160000 0.018554
11 -5.140000 0.018713
11 -5.120000 0.018951
11 -5.100000 0.019147
11 -5.080000 0.019225
11 -5.060000 0.019252
11 -5.040000 0.019289
11 -5.020000 0.019319
11 -5.000000 0.019173
11 -4.980000 0.019079
11 -4.960000 0.018924
11 -4.940000 0.018681
11 -4.920000 0.018364
11 -4.900000 0.017891
11 -4.880000 0.017447
11 -4.860000 0.016878
11 -4.840000 0.016272
11 -4.820000 0.015612
11 -4.800000 0.014917
11 -4.780000 0.014225
11 -4.760000 0.013434
11 -4.740000 0.012675
11 -4.720000 0.011898
11 -4.700000 0.011030
11 -4.680000 0.010230
11 -4.660000 0.009469
11 -4.640000 0.008759
11 -4.620000 0.007984
11 -4.600000 0.007239
11 -4.580000 0.006558
11 -4.560000 0.005885
11 -4.540000 0.005250
11 -4.520000 0.004622
11 -4.500000 0.004053
11 -4.480000 0.003540
11 -4.460000 0.003061
11 -4.440000 0.002625
11 -4.420000 0.002240
11 -4.400000 0.001869
11 -4.380000 0.001543
11 -4.360000 0.001245
11 -4.340000 0.000957
11 -4.320000 0.000703
11 -4.300000 0.000474
11 -4.280000 0.000287
11 -4.260000 0.000119
11 -4.240000 0.000011
12 -7.300000 0.000001
12 -7.280000 0.000002
12 -7.260000 0.000002
12 -7.240000 0.000004
12 -7.220000 0.000005
12 -7.200000 0.000006
12 -7.180000 0.000008
12 -7.160000 0.000010
12 -7.140000 0.000013
12 -7.120000 0.000018
12 -7.100000 0.000022
12 -7.080000 0.000026
12 -7.060000 0.000034
12 -7.040000 0.000045
12 -7.020000 0.000053
12 -7.000000 0.000065
12 -6.980000 0.000077
12 -6.960000 0.000090
12 -6.940000 0.000108
12 -6.920000 0.000123
12 -6.900000 0.000143
12 -6.880000 0.000170
12 -6.860000 0.000196
12 -6.840000 0.000223
12 -6.820000 0.000258
12 -6.800000 0.000294
12 -6.780000 0.000324
12 -6.760000 0.000368
12 -6.740000 0.000406
12 -6.720000 0.000451
12 -6.700000 0.000497
12 -6.680000 0.000535
12 -6.660000 0.000576
12 -6.640000 0.000615
12 -6.620000 0.000663
12 -6.600000 0.000701
12 -6.580000 0.000744
12 -6.560000 0.000791
12 -6.540000 0.000839
12 -6.520000 0.000880
12 -6.500000 0.000920
12 -6.480000 0.000955
12 -6.460000 0.000982
12 -6.440000 0.001013
12 -6.420000 0.001029
12 -6.400000 0.001060
12 -6.380000 0.001069
12 -6.360000 0.001083
12 -6.340000 0.001094
12 -6.320000 0.001137
12 -6.300000 0.001192
12 -6.280000 0.001309
12 -6.260000 0.001439
12 -6.240000 0.001677
12 -6.220000 0.002049
12 -6.200000 0.002283
12 -6.180000 0.002497
12 -6.160000 0.002730
12 -6.140000 0.002971
12 -6.120000 0.003240
12 -6.100000 0.003532
12 -6.080000 0.003913
12 -6.060000 0.004308
12 -6.040000 0.004665
12 -6.020000 0.005047
12 -6.000000 0.005491
12 -5.980000 0.005964
12 -5.960000 0.006470
12 -5.940000 0.006939
12 -5.920000 0.007400
12 -5.900000 0.007831
12 -5.880000 0.008287
12 -5.860000 0.008644
12 -5.840000 0.009045
12 -5.820000 0.009450
12 -5.800000 0.009821
12 -5.780000 0.010204
12 -5.760000 0.010621
12 -5.740000 0.011102
12 -5.720000 0.011545
12 -5.700000 0.011909
12 -5.680000 0.012307
12 -5.660000 0.012694
12 -5.640000 0.013126
12 -5.620000 0.013541
12 -5.600000 0.013934
12 -5.580000 0.014307
12 -5.560000 0.014602
12 -5.540000 0.014946
12 -5.520000 0.015285
12 -5.500000 0.015662
12 -5.480000 0.016021
12 -5.460000 0.016309
12 -5.440000 0.016654
12 -5.420000 0.016957
12 -5.400000 0.017222
12 -5.380000 0.017532
12 -5.360000 0.017855
12 -5.340000 0.018147
12 -5.320000 0.018370
12 -5.300000 0.018572
12 -5.280000 0.018756
12 -5.260000 0.019043
12 -5.240000 0.019195
12 -5.220000 0.019368
12 -5.200000 0.019376
12 -5.180000 0.019426
12 -5.160000 0.019469
12 -5.140000 0.019418
12 -5.120000 0.019298
12 -5.100000 0.019175
12 -5.080000 0.018945
12 -5.060000 0.018591
12 -5.040000 0.018187
12 -5.020000 0.017685
12 -5.000000 0.017108
12 -4.980000 0.016439
12 -4.960000 0.015810
12 -4.940000 0.015089
12 -4.920000 0.014319
12 -4.900000 0.013555
12 -4.880000 0.012787
12 -4.860000 0.011960
12 -4.840000 0.011093
12 -4.820000 0.010249
12 -4.800000 0.009475
12 -4.780000 0.008766
12 -4.760000 0.007957
12 -4.740000 0.007219
12 -4.720000 0.006492
12 -4.700000 0.005817
12 -4.680000 0.005174
12 -4.660000 0.004550
12 -4.640000 0.003968
12 -4.620000 0.003451
12 -4.600000 0.002981
12 -4.580000 0.002548
12 -4.560000 0.002166
12 -4.540000 0.001795
12 -4.520000 0.001482
12 -4.500000 0.001173
12 -4.480000 0.000895
12 -4.460000 0.000640
12 -4.440000 0.000424
12 -4.420000 0.000245
12 -4.400000 0.000083
12 -4.380000 0.000006
13 -7.320000 0.000001
13 -7.300000 0.000002
13 -7.280000 0.000002
13 -7.260000 0.000003
13 -7.240000 0.000004
13 -7.220000 0.000006
13 -7.200000 0.000009
13 -7.180000 0.000011
13 -7.160000 0.000014
13 -7.140000 0.000019
13 -7.120000 0.000024
13 -7.100000 0.000030
13 -7.080000 0.000037
13 -7.060000 0.000050
13 -7.040000 0.000059
13 -7.020000 0.000073
13 -7.000000 0.000087
13 -6.980000 0.000104
13 -6.960000 0.000122
13 -6.940000 0.000142
13 -6.920000 0.000169
13 -6.900000 0.000192
13 -6.880000 0.000224
13 -6.860000 0.000261
13 -6.840000 0.000294
13 -6.820000 0.000330
13 -6.800000 0.000378
13 -6.780000 0.000412
13 -6.760000 0.000464
13 -6.740000 0.000506
13 -6.720000 0.000552
13 -6.700000 0.000594
13 -6.680000 0.000644
13 -6.660000 0.000683
13 -6.640000 0.000722
13 -6.620000 0.000776
13 -6.600000 0.000817
13 -6.580000 0.000861
13 -6.560000 0.000903
13 -6.540000 0.000939
13 -6.520000 0.000984
13 -6.500000 0.001017
13 -6.480000 0.001051
13 -6.460000 0.001070
13 -6.440000 0.001068
13 -6.420000 0.001081
13 -6.400000 0.001070
13 -6.380000 0.001097
13 -6.360000 0.001109
13 -6.340000 0.001161
13 -6.320000 0.001211
13 -6.300000 0.001339
13 -6.280000 0.001607
13 -6.260000 0.001884
13 -6.240000 0.002161
13 -6.220000 0.002457
13 -6.200000 0.002695
13 -6.180000 0.002894
13 -6.160000 0.003120
13 -6.140000 0.003454
13 -6.120000 0.003912
13 -6.100000 0.004252
13 -6.080000 0.004559
13 -6.060000 0.004996
13 -6.040000 0.005411
13 -6.020000 0.005916
13 -6.000000 0.006517
13 -5.980000 0.007062
13 -5.960000 0.007439
13 -5.940000 0.007864
13 -5.920000 0.008212
13 -5.900000 0.008630
13 -5.880000 0.009017
13 -5.860000 0.009443
13 -5.840000 0.009819
13 -5.820000 0.010225
13 -5.800000 0.010670
13 -5.780000 0.011137
13 -5.760000 0.011595
13 -5.740000 0.011993
13 -5.720000 0.012400
13 -5.700000 0.012817
13 -5.680000 0.013255
13 -5.660000 0.013642
13 -5.640000 0.014020
13 -5.620000 0.014351
13 -5.600000 0.014707
13 -5.580000 0.014975
13 -5.560000 0.015344
13 -5.540000 0.015724
13 -5.520000 0.016030
13 -5.500000 0.016347
13 -5.480000 0.016611
13 -5.460000 0.016931
13 -5.440000 0.017262
13 -5.420000 0.017621
13 -5.400000 0.017901
13 -5.380000 0.018160
13 -5.360000 0.018479
13 -5.340000 0.018652
13 -5.320000 0.018894
13 -5.300000 0.019180
13 -5.280000 0.019441
13 -5.260000 0.019489
13 -5.240000 0.019599
13 -5.220000 0.019688
13 -5.200000 0.019735
13 -5.180000 0.019717
13 -5.160000 0.019649
13 -5.140000 0.019530
13 -5.120000 0.019264
13 -5.100000 0.018865
13 -5.080000 0.018460
13 -5.060000 0.017995
13 -5.040000 0.017335
13 -5.020000 0.016620
13 -5.000000 0.015901
13 -4.980000 0.015195
13 -4.960000 0.014364
13 -4.940000 0.013530
13 -4.920000 0.012686
13 -4.900000 0.011892
13 -4.880000 0.010953
13 -4.860000 0.010146
13 -4.840000 0.009320
13 -4.820000 0.008544
13 -4.800000 0.007761
13 -4.780000 0.006956
13 -4.760000 0.006235
13 -4.740000 0.005555
13 -4.720000 0.004897
13 -4.700000 0.004261
13 -4.680000 0.003689
13 -4.660000 0.003201
13 -4.640000 0.002733
13 -4.620000 0.002325
13 -4.600000 0.001932
13 -4.580000 0.001595
13 -4.560000 0.001277
13 -4.540000 0.000986
13 -4.520000 0.000717
13 -4.500000 0.000486
13 -4.480000 0.000297
13 -4.460000 0.000128
13 -4.440000 0.000025
13 -4.420000 0.000002
0 -2.020000 0.000002
0 -2.000000 0.000009
0 -1.980000 0.000047
0 -1.960000 0.000205
0 -1.940001 0.000742
0 -1.920000 0.002261
0 -1.900001 0.005921
0 -1.880000 0.013615
0 -1.860001 0.028002
0 -1.840000 0.051903
0 -1.820001 0.082096
0 -1.800000 0.117158
0 -1.780001 0.145251
0 -1.760000 0.161982
0 -1.740000 0.143445
0 -1.720000 0.110892
0 -1.700000 0.071231
0 -1.680000 0.038814
0 -1.660000 0.017813
0 -1.640000 0.006808
0 -1.620000 0.001650
0 -1.600000 0.000149
0 -1.580000 0.000004
1 -1.540000 0.000001
1 -1.520000 0.000007
1 -1.500000 0.000026
1 -1.480000 0.000089
1 -1.460000 0.000269
1 -1.440001 0.000692
1 -1.420000 0.001540
1 -1.400001 0.002905
1 -1.380000 0.004906
1 -1.360001 0.008209
1 -1.340000 0.013424
1 -1.320001 0.020741
1 -1.300000 0.030037
1 -1.280001 0.040944
1 -1.260000 0.052224
1 -1.240000 0.064949
1 -1.220000 0.077598
1 -1.200000 0.089466
1 -1.180000 0.097780
1 -1.160000 0.098721
1 -1.140000 0.091213
1 -1.120000 0.078244
1 -1.100000 0.062781
1 -1.080000 0.047103
1 -1.060000 0.034085
1 -1.040000 0.023958
1 -1.020000 0.018032
1 -1.000000 0.014459
1 -0.980000 0.011095
1 -0.960000 0.006639
1 -0.940001 0.003840
1 -0.920000 0.002031
1 -0.900001 0.001090
1 -0.880000 0.000508
1 -0.860001 0.000239
1 -0.840000 0.000097
1 -0.820001 0.000039
1 -0.800000 0.000013
1 -0.780001 0.000002
2 -0.280001 0.000004
2 -0.260000 0.000012
2 -0.240001 0.000037
2 -0.220000 0.000100
2 -0.200000 0.000233
2 -0.180000 0.000484
2 -0.160000 0.000917
2 -0.140000 0.001522
2 -0.120000 0.002268
2 -0.100000 0.003257
2 -0.080000 0.004590
2 -0.060000 0.006470
2 -0.040000 0.008937
2 -0.020000 0.012213
2 0.000000 0.016325
2 0.020000 0.020695
2 0.040000 0.025793
2 0.059999 0.031211
2 0.080000 0.036694
2 0.099999 0.042555
2 0.120000 0.048198
2 0.139999 0.053687
2 0.160000 0.057351
2 0.179999 0.062144
2 0.200000 0.065706
2 0.219999 0.067904
2 0.240000 0.066492
2 0.259999 0.060539
2 0.280000 0.053743
2 0.300000 0.047129
2 0.320000 0.040207
2 0.340000 0.033111
2 0.360000 0.026328
2 0.380000 0.020980
2 0.400000 0.016386
2 0.420000 0.013217
2 0.440000 0.011545
2 0.460000 0.011932
2 0.480000 0.008971
2 0.500000 0.006271
2 0.520000 0.004585
2 0.540000 0.003202
2 0.559999 0.002115
2 0.580000 0.001465
2 0.599999 0.000970
2 0.620000 0.000595
2 0.639999 0.000387
2 0.660000 0.000231
2 0.679999 0.000136
2 0.700000 0.000072
2 0.719999 0.000043
2 0.740000 0.000023
2 0.759999 0.000011
2 0.780000 0.000003
3 -1.560000 0.000002
3 -1.540000 0.000009
3 -1.520000 0.000033
3 -1.500000 0.000107
3 -1.480000 0.000299
3 -1.460000 0.000724
3 -1.440001 0.001511
3 -1.420000 0.002665
3 -1.400001 0.004234
3 -1.380000 0.006742
3 -1.360001 0.010435
3 -1.340000 0.015603
3 -1.320001 0.022271
3 -1.300000 0.030154
3 -1.280001 0.038348
3 -1.260000 0.047594
3 -1.240000 0.057143
3 -1.220000 0.066273
3 -1.200000 0.074825
3 -1.180000 0.081641
3 -1.160000 0.086024
3 -1.140000 0.083977
3 -1.120000 0.076067
3 -1.100000 0.065163
3 -1.080000 0.053596
3 -1.060000 0.042554
3 -1.040000 0.031654
3 -1.020000 0.023496
3 -1.000000 0.017670
3 -0.980000 0.013924
3 -0.960000 0.012870
3 -0.940001 0.010881
3 -0.920000 0.007341
3 -0.900001 0.005144
3 -0.880000 0.003366
3 -0.860001 0.002194
3 -0.840000 0.001415
3 -0.820001 0.000868
3 -0.800000 0.000519
3 -0.780001 0.000307
3 -0.760000 0.000172
3 -0.740001 0.000096
3 -0.720000 0.000050
3 -0.700000 0.000025
3 -0.680000 0.000011
3 -0.660000 0.000003
4 -2.020000 0.000002
4 -2.000000 0.000012
4 -1.980000 0.000049
4 -1.960000 0.000174
4 -1.940001 0.000530
4 -1.920000 0.001369
4 -1.900001 0.002955
4 -1.880000 0.005614
4 -1.860001 0.010388
4 -1.840000 0.018229
4 -1.820001 0.029497
4 -1.800000 0.043983
4 -1.780001 0.060185
4 -1.760000 0.078490
4 -1.740000 0.097395
4 -1.720000 0.113889
4 -1.700000 0.118940
4 -1.680000 0.112236
4 -1.660000 0.094623
4 -1.640000 0.071824
4 -1.620000 0.050069
4 -1.600000 0.033715
4 -1.580000 0.022512
4 -1.560000 0.015314
4 -1.540000 0.009931
4 -1.520000 0.004896
4 -1.500000 0.002042
4 -1.480000 0.000786
4 -1.460000 0.000257
4 -1.440001 0.000074
4 -1.420000 0.000017
4 -1.400001 0.000002
5 -2.320001 0.000003
5 -2.300000 0.000014
5 -2.280001 0.000066
5 -2.260000 0.000262
5 -2.240000 0.000878
5 -2.220000 0.002451
5 -2.200000 0.005846
5 -2.180000 0.012795
5 -2.160000 0.025188
5 -2.140000 0.044959
5 -2.120000 0.071118
5 -2.100000 0.101816
5 -2.080000 0.131739
5 -2.060000 0.151348
5 -2.040000 0.147483
5 -2.020000 0.120265
5 -2.000000 0.084314
5 -1.980000 0.051455
5 -1.960000 0.027772
5 -1.940001 0.013137
5 -1.920000 0.005669
5 -1.900001 0.001259
5 -1.880000 0.000155
5 -1.860001 0.000010
6 -0.600000 0.000002
6 -0.580000 0.000008
6 -0.560000 0.000024
6 -0.540000 0.000067
6 -0.520000 0.000154
6 -0.500000 0.000330
6 -0.480000 0.000627
6 -0.460000 0.001092
6 -0.440001 0.001649
6 -0.420000 0.002367
6 -0.400001 0.003321
6 -0.380000 0.004587
6 -0.360001 0.006315
6 -0.340000 0.008643
6 -0.320001 0.011543
6 -0.300000 0.015335
6 -0.280001 0.019192
6 -0.260000 0.023748
6 -0.240001 0.028691
6 -0.220000 0.033608
6 -0.200000 0.039009
6 -0.180000 0.043995
6 -0.160000 0.049723
6 -0.140000 0.053957
6 -0.120000 0.057782
6 -0.100000 0.062406
6 -0.080000 0.065692
6 -0.060000 0.066182
6 -0.040000 0.062024
6 -0.020000 0.056216
6 0.000000 0.050220
6 0.020000 0.044220
6 0.040000 0.037973
6 0.059999 0.031028
6 0.080000 0.024900
6 0.099999 0.020200
6 0.120000 0.015984
6 0.139999 0.013462
6 0.160000 0.012774
6 0.179999 0.010509
6 0.200000 0.007240
6 0.219999 0.005002
6 0.240000 0.003217
6 0.259999 0.002016
6 0.280000 0.001302
6 0.300000 0.000759
6 0.320000 0.000422
6 0.340000 0.000243
6 0.360000 0.000127
6 0.380000 0.000063
6 0.400000 0.000031
6 0.420000 0.000013
6 0.440000 0.000004
7 -3.640000 0.000004
7 -3.620000 0.000028
7 -3.600000 0.000148
7 -3.580000 0.000640
7 -3.560000 0.002291
7 -3.540000 0.006853
7 -3.520000 0.017607
7 -3.500000 0.038963
7 -3.480000 0.073834
7 -3.460000 0.118494
7 -3.440001 0.160273
7 -3.420000 0.183322
7 -3.400001 0.165649
7 -3.380000 0.121369
7 -3.360001 0.071006
7 -3.340000 0.030860
7 -3.320001 0.007679
7 -3.300000 0.000979
8 -4.460000 0.000003
8 -4.440000 0.000024
8 -4.420000 0.000154
8 -4.400000 0.000781
8 -4.380000 0.003197
8 -4.360000 0.010660
8 -4.340000 0.028993
8 -4.320000 0.063600
8 -4.300000 0.113980
8 -4.280000 0.166562
8 -4.260000 0.194904
8 -4.240000 0.179846
8 -4.220000 0.131463
8 -4.200000 0.072665
8 -4.180000 0.028396
8 -4.160000 0.004754
8 -4.140000 0.000019
9 -4.620000 0.000003
9 -4.600000 0.000024
9 -4.580000 0.000166
9 -4.560000 0.000909
9 -4.540000 0.003906
9 -4.520000 0.013461
9 -4.500000 0.036816
9 -4.480000 0.079631
9 -4.460000 0.137764
9 -4.440000 0.187895
9 -4.420000 0.202148
9 -4.400000 0.167975
9 -4.380000 0.106831
9 -4.360000 0.049144
9 -4.340000 0.012746
9 -4.320000 0.000578
9 -4.300000 0.000004
10 -4.680000 0.000002
10 -4.660000 0.000015
10 -4.640000 0.000106
10 -4.620000 0.000608
10 -4.600000 0.002750
10 -4.580000 0.009947
10 -4.560000 0.028874
10 -4.540000 0.066235
10 -4.520000 0.121838
10 -4.500000 0.176476
10 -4.480000 0.203256
10 -4.460000 0.181357
10 -4.440000 0.123686
10 -4.420000 0.062962
10 -4.400000 0.020094
10 -4.380000 0.001771
10 -4.360000 0.000023
11 -4.540000 0.000005
11 -4.520000 0.000036
11 -4.500000 0.000226
11 -4.480000 0.001134
11 -4.460000 0.004544
11 -4.440000 0.014675
11 -4.420000 0.038450
11 -4.400000 0.080035
11 -4.380000 0.135166
11 -4.360000 0.183988
11 -4.340000 0.197777
11 -4.320000 0.167463
11 -4.300000 0.108037
11 -4.280000 0.052569
11 -4.260000 0.015011
11 -4.240000 0.000882
12 -4.680000 0.000008
12 -4.660000 0.000057
12 -4.640000 0.000341
12 -4.620000 0.001621
12 -4.600000 0.006191
12 -4.580000 0.019085
12 -4.560000 0.047244
12 -4.540000 0.093593
12 -4.520000 0.150269
12 -4.500000 0.192043
12 -4.480000 0.193862
12 -4.460000 0.151873
12 -4.440000 0.092066
12 -4.420000 0.041483
12 -4.400000 0.009709
12 -4.380000 0.000554
13 -4.740000 0.000003
13 -4.720000 0.000027
13 -4.700000 0.000184
13 -4.680000 0.000981
13 -4.660000 0.004155
13 -4.640000 0.013973
13 -4.620000 0.037668
13 -4.600000 0.079863
13 -4.580000 0.136583
13 -4.560000 0.184166
13 -4.540000 0.197543
13 -4.520000 0.164185
13 -4.500000 0.106218
13 -4.480000 0.053220
13 -4.460000 0.017466
13 -4.440000 0.003355
13 -4.420000 0.000389
13 -4.400000 0.000020
0 -2.040000 0.000002
0 -2.020000 0.000012
0 -2.000000 0.000069
0 -1.980000 0.000313
0 -1.960000 0.001153
0 -1.940001 0.003521
0 -1.920000 0.009053
0 -1.900001 0.019859
0 -1.880000 0.037694
0 -1.860001 0.062603
0 -1.840000 0.091299
0 -1.820001 0.117674
0 -1.800000 0.135526
0 -1.780001 0.136904
0 -1.760000 0.122881
0 -1.740000 0.098690
0 -1.720000 0.070804
0 -1.700000 0.044952
0 -1.680000 0.025568
0 -1.660000 0.012634
0 -1.640000 0.005567
0 -1.620000 0.002182
0 -1.600000 0.000751
0 -1.580000 0.000221
0 -1.560000 0.000055
0 -1.540000 0.000011
0 -1.520000 0.000002
1 -1.560000 0.000002
1 -1.540000 0.000010
1 -1.520000 0.000051
1 -1.500000 0.000199
1 -1.480000 0.000634
1 -1.460000 0.001705
1 -1.440001 0.003833
1 -1.420000 0.007438
1 -1.400001 0.013112
1 -1.380000 0.020600
1 -1.360001 0.029878
1 -1.340000 0.040086
1 -1.320001 0.051435
1 -1.300000 0.062589
1 -1.280001 0.072998
1 -1.260000 0.081149
1 -1.240000 0.086518
1 -1.220000 0.086855
1 -1.200000 0.083787
1 -1.180000 0.076932
1 -1.160000 0.067623
1 -1.140000 0.056965
1 -1.120000 0.045620
1 -1.100000 0.035347
1 -1.080000 0.025883
1 -1.060000 0.018060
1 -1.040000 0.011889
1 -1.020000 0.007583
1 -1.000000 0.004719
1 -0.980000 0.002838
1 -0.960000 0.001666
1 -0.940001 0.000957
1 -0.920000 0.000522
1 -0.900001 0.000274
1 -0.880000 0.000136
1 -0.860001 0.000063
1 -0.840000 0.000028
1 -0.820001 0.000011
1 -0.800000 0.000004
1 -0.780001 0.000001
2 -0.300000 0.000003
2 -0.280001 0.000015
2 -0.260000 0.000061
2 -0.240001 0.000204
2 -0.220000 0.000560
2 -0.200000 0.001302
2 -0.180000 0.002586
2 -0.160000 0.004392
2 -0.140000 0.006961
2 -0.120000 0.010228
2 -0.100000 0.013708
2 -0.080000 0.018040
2 -0.060000 0.022736
2 -0.040000 0.027641
2 -0.020000 0.032678
2 0.000000 0.037684
2 0.020000 0.043934
2 0.040000 0.047934
2 0.059999 0.052938
2 0.080000 0.057320
2 0.099999 0.059483
2 0.120000 0.061213
2 0.139999 0.060428
2 0.160000 0.058189
2 0.179999 0.055996
2 0.200000 0.051937
2 0.219999 0.047663
2 0.240000 0.042418
2 0.259999 0.036821
2 0.280000 0.031448
2 0.300000 0.026370
2 0.320000 0.021390
2 0.340000 0.017145
2 0.360000 0.013137
2 0.380000 0.009965
2 0.400000 0.007325
2 0.420000 0.005333
2 0.440000 0.003931
2 0.460000 0.002785
2 0.480000 0.001982
2 0.500000 0.001401
2 0.520000 0.000955
2 0.540000 0.000653
2 0.559999 0.000426
2 0.580000 0.000279
2 0.599999 0.000174
2 0.620000 0.000105
2 0.639999 0.000059
2 0.660000 0.000033
2 0.679999 0.000018
2 0.700000 0.000009
2 0.719999 0.000004
2 0.740000 0.000002
3 -1.580000 0.000002
3 -1.560000 0.000014
3 -1.540000 0.000063
3 -1.520000 0.000235
3 -1.500000 0.000709
3 -1.480000 0.001789
3 -1.460000 0.003816
3 -1.440001 0.007181
3 -1.420000 0.011929
3 -1.400001 0.018025
3 -1.380000 0.025477
3 -1.360001 0.033188
3 -1.340000 0.041640
3 -1.320001 0.049914
3 -1.300000 0.058318
3 -1.280001 0.065908
3 -1.260000 0.071636
3 -1.240000 0.075207
3 -1.220000 0.076027
3 -1.200000 0.073731
3 -1.180000 0.069106
3 -1.160000 0.063061
3 -1.140000 0.055476
3 -1.120000 0.047108
3 -1.100000 0.038802
3 -1.080000 0.030993
3 -1.060000 0.023892
3 -1.040000 0.017668
3 -1.020000 0.012644
3 -1.000000 0.008675
3 -0.980000 0.005946
3 -0.960000 0.004044
3 -0.940001 0.002718
3 -0.920000 0.001836
3 -0.900001 0.001207
3 -0.880000 0.000789
3 -0.860001 0.000502
3 -0.840000 0.000313
3 -0.820001 0.000187
3 -0.800000 0.000107
3 -0.780001 0.000059
3 -0.760000 0.000031
3 -0.740001 0.000016
3 -0.720000 0.000007
3 -0.700000 0.000003
3 -0.680000 0.000001
4 -2.040000 0.000004
4 -2.020000 0.000023
4 -2.000000 0.000107
4 -1.980000 0.000401
4 -1.960000 0.001230
4 -1.940001 0.003186
4 -1.920000 0.006981
4 -1.900001 0.013508
4 -1.880000 0.023298
4 -1.860001 0.035737
4 -1.840000 0.050722
4 -1.820001 0.067118
4 -1.800000 0.082508
4 -1.780001 0.095003
4 -1.760000 0.102813
4 -1.740000 0.102703
4 -1.720000 0.097144
4 -1.700000 0.085488
4 -1.680000 0.070710
4 -1.660000 0.055230
4 -1.640000 0.040132
4 -1.620000 0.027338
4 -1.600000 0.017148
4 -1.580000 0.010129
4 -1.560000 0.005646
4 -1.540000 0.002986
4 -1.520000 0.001496
4 -1.500000 0.000703
4 -1.480000 0.000311
4 -1.460000 0.000128
4 -1.440001 0.000047
4 -1.420000 0.000016
4 -1.400001 0.000005
4 -1.380000 0.000001
5 -2.340000 0.000005
5 -2.320001 0.000030
5 -2.300000 0.000143
5 -2.280001 0.000570
5 -2.260000 0.001852
5 -2.240000 0.005040
5 -2.220000 0.011805
5 -2.200000 0.023598
5 -2.180000 0.041990
5 -2.160000 0.065318
5 -2.140000 0.091377
5 -2.120000 0.114943
5 -2.100000 0.129034
5 -2.080000 0.129278
5 -2.060000 0.117579
5 -2.040000 0.095926
5 -2.020000 0.070622
5 -2.000000 0.046725
5 -1.980000 0.027952
5 -1.960000 0.014677
5 -1.940001 0.006931
5 -1.920000 0.002955
5 -1.900001 0.001128
5 -1.880000 0.000379
5 -1.860001 0.000111
5 -1.840000 0.000027
5 -1.820001 0.000005
6 -0.600000 0.000003
6 -0.580000 0.000015
6 -0.560000 0.000061
6 -0.540000 0.000204
6 -0.520000 0.000542
6 -0.500000 0.001221
6 -0.480000 0.002397
6 -0.460000 0.004017
6 -0.440001 0.006335
6 -0.420000 0.009132
6 -0.400001 0.012282
6 -0.380000 0.016149
6 -0.360001 0.020241
6 -0.340000 0.024914
6 -0.320001 0.029677
6 -0.300000 0.034330
6 -0.280001 0.039776
6 -0.260000 0.044569
6 -0.240001 0.049122
6 -0.220000 0.054058
6 -0.200000 0.056627
6 -0.180000 0.059380
6 -0.160000 0.059709
6 -0.140000 0.058868
6 -0.120000 0.056359
6 -0.100000 0.054188
6 -0.080000 0.049874
6 -0.060000 0.045594
6 -0.040000 0.040471
6 -0.020000 0.035318
6 0.000000 0.029750
6 0.020000 0.025116
6 0.040000 0.020166
6 0.059999 0.016051
6 0.080000 0.012328
6 0.099999 0.009305
6 0.120000 0.006778
6 0.139999 0.004903
6 0.160000 0.003479
6 0.179999 0.002393
6 0.200000 0.001619
6 0.219999 0.001054
6 0.240000 0.000669
6 0.259999 0.000417
6 0.280000 0.000246
6 0.300000 0.000143
6 0.320000 0.000077
6 0.340000 0.000040
6 0.360000 0.000020
6 0.380000 0.000009
6 0.400000 0.000004
6 0.420000 0.000002
7 -3.660000 0.000006
7 -3.640000 0.000041
7 -3.620000 0.000219
7 -3.600000 0.000935
7 -3.580000 0.003253
7 -3.560000 0.009396
7 -3.540000 0.022608
7 -3.520000 0.045932
7 -3.500000 0.079342
7 -3.480000 0.116147
7 -3.460000 0.145091
7 -3.440001 0.156602
7 -3.420000 0.144208
7 -3.400001 0.113972
7 -3.380000 0.077921
7 -3.360001 0.045914
7 -3.340000 0.023215
7 -3.320001 0.009985
7 -3.300000 0.003695
7 -3.280000 0.001153
7 -3.260000 0.000296
7 -3.240000 0.000060
7 -3.220000 0.000009
7 -3.200000 0.000001
8 -4.460000 0.000009
8 -4.440000 0.000064
8 -4.420000 0.000370
8 -4.400000 0.001671
8 -4.380000 0.006039
8 -4.360000 0.017437
8 -4.340000 0.040994
8 -4.320000 0.078799
8 -4.300000 0.123941
8 -4.280000 0.161017
8 -4.260000 0.172518
8 -4.240000 0.153250
8 -4.220000 0.113764
8 -4.200000 0.070040
8 -4.180000 0.036413
8 -4.160000 0.015768
8 -4.140000 0.005674
8 -4.120000 0.001712
8 -4.100000 0.000421
8 -4.080000 0.000084
8 -4.060000 0.000013
8 -4.040000 0.000001
9 -4.620000 0.000007
9 -4.600000 0.000055
9 -4.580000 0.000344
9 -4.560000 0.001650
9 -4.540000 0.006294
9 -4.520000 0.019104
9 -4.500000 0.045454
9 -4.480000 0.088120
9 -4.460000 0.136702
9 -4.440000 0.173072
9 -4.420000 0.177763
9 -4.400000 0.148886
9 -4.380000 0.102410
9 -4.360000 0.058030
9 -4.340000 0.027177
9 -4.320000 0.010480
9 -4.300000 0.003359
9 -4.280000 0.000878
9 -4.260000 0.000183
9 -4.240000 0.000030
9 -4.220000 0.000004
10 -4.680000 0.000005
10 -4.660000 0.000041
10 -4.640000 0.000260
10 -4.620000 0.001317
10 -4.600000 0.005128
10 -4.580000 0.016067
10 -4.560000 0.039684
10 -4.540000 0.079486
10 -4.520000 0.127815
10 -4.500000 0.167914
10 -4.480000 0.178406
10 -4.460000 0.155312
10 -4.440000 0.111734
10 -4.420000 0.065921
10 -4.400000 0.032149
10 -4.380000 0.012920
10 -4.360000 0.004335
10 -4.340000 0.001190
10 -4.320000 0.000263
10 -4.300000 0.000045
10 -4.280000 0.000006
11 -4.560000 0.000001
11 -4.540000 0.000011
11 -4.520000 0.000081
11 -4.500000 0.000461
11 -4.480000 0.002081
11 -4.460000 0.007410
11 -4.440000 0.021166
11 -4.420000 0.048451
11 -4.400000 0.090237
11 -4.380000 0.137309
11 -4.360000 0.170876
11 -4.340000 0.173704
11 -4.320000 0.145437
11 -4.300000 0.101091
11 -4.280000 0.058079
11 -4.260000 0.027721
11 -4.240000 0.011003
11 -4.220000 0.003636
11 -4.200000 0.000987
11 -4.180000 0.000215
11 -4.160000 0.000037
11 -4.140000 0.000005
12 -4.700000 0.000002
12 -4.680000 0.000017
12 -4.660000 0.000121
12 -4.640000 0.000668
12 -4.620000 0.002867
12 -4.600000 0.009790
12 -4.580000 0.026721
12 -4.560000 0.058374
12 -4.540000 0.103714
12 -4.520000 0.149794
12 -4.500000 0.175860
12 -4.480000 0.169090
12 -4.460000 0.134338
12 -4.440000 0.088012
12 -4.420000 0.047860
12 -4.400000 0.021384
12 -4.380000 0.008075
12 -4.360000 0.002519
12 -4.340000 0.000639
12 -4.320000 0.000131
12 -4.300000 0.000021
12 -4.280000 0.000003
13 -4.740000 0.000007
13 -4.720000 0.000060
13 -4.700000 0.000368
13 -4.680000 0.001778
13 -4.660000 0.006703
13 -4.640000 0.020093
13 -4.620000 0.047478
13 -4.600000 0.090541
13 -4.580000 0.139932
13 -4.560000 0.173823
13 -4.540000 0.176286
13 -4.520000 0.146200
13 -4.500000 0.099464
13 -4.480000 0.056450
13 -4.460000 0.026149
13 -4.440000 0.010174
13 -4.420000 0.003337
13 -4.400000 0.000909
13 -4.380000 0.000204
13 -4.360000 0.000037
13 -4.340000 0.000005
