#fil mag PDF
0 -2.060000 0.000001
0 -2.040000 0.000007
0 -2.020000 0.000036
0 -2.000000 0.000150
0 -1.980000 0.000532
0 -1.960000 0.001601
0 -1.940001 0.004204
0 -1.920000 0.009651
0 -1.900001 0.019591
0 -1.880000 0.035356
0 -1.860001 0.056897
0 -1.840000 0.082185
0 -1.820001 0.106622
0 -1.800000 0.124284
0 -1.780001 0.130028
0 -1.760000 0.122832
0 -1.740000 0.104370
0 -1.720000 0.079833
0 -1.700000 0.054522
0 -1.680000 0.033497
0 -1.660000 0.018396
0 -1.640000 0.009060
0 -1.620000 0.004003
0 -1.600000 0.001571
0 -1.580000 0.000545
0 -1.560000 0.000166
0 -1.540000 0.000044
0 -1.520000 0.000010
0 -1.500000 0.000002
1 -1.600000 0.000002
1 -1.580000 0.000009
1 -1.560000 0.000035
1 -1.540000 0.000107
1 -1.520000 0.000283
1 -1.500000 0.000658
1 -1.480000 0.001356
1 -1.460000 0.002594
1 -1.440001 0.004583
1 -1.420000 0.007657
1 -1.400001 0.011971
1 -1.380000 0.017672
1 -1.360001 0.024738
1 -1.340000 0.032590
1 -1.320001 0.041251
1 -1.300000 0.049969
1 -1.280001 0.058289
1 -1.260000 0.065692
1 -1.240000 0.071291
1 -1.220000 0.074615
1 -1.200000 0.076078
1 -1.180000 0.074828
1 -1.160000 0.071009
1 -1.140000 0.064832
1 -1.120000 0.056951
1 -1.100000 0.048080
1 -1.080000 0.038865
1 -1.060000 0.030320
1 -1.040000 0.022777
1 -1.020000 0.016540
1 -1.000000 0.011746
1 -0.980000 0.008032
1 -0.960000 0.005427
1 -0.940001 0.003580
1 -0.920000 0.002294
1 -0.900001 0.001418
1 -0.880000 0.000849
1 -0.860001 0.000490
1 -0.840000 0.000270
1 -0.820001 0.000140
1 -0.800000 0.000067
1 -0.780001 0.000029
1 -0.760000 0.000011
1 -0.740001 0.000004
1 -0.720000 0.000001
2 -0.360001 0.000002
2 -0.340000 0.000009
2 -0.320001 0.000026
2 -0.300000 0.000068
2 -0.280001 0.000150
2 -0.260000 0.000299
2 -0.240001 0.000536
2 -0.220000 0.000902
2 -0.200000 0.001413
2 -0.180000 0.002160
2 -0.160000 0.003185
2 -0.140000 0.004541
2 -0.120000 0.006340
2 -0.100000 0.008566
2 -0.080000 0.011368
2 -0.060000 0.014554
2 -0.040000 0.018319
2 -0.020000 0.022214
2 0.000000 0.026183
2 0.020000 0.030446
2 0.040000 0.034615
2 0.059999 0.038925
2 0.080000 0.042933
2 0.099999 0.046112
2 0.120000 0.049301
2 0.139999 0.051409
2 0.160000 0.052648
2 0.179999 0.053495
2 0.200000 0.053345
2 0.219999 0.052544
2 0.240000 0.049892
2 0.259999 0.046890
2 0.280000 0.043345
2 0.300000 0.039497
2 0.320000 0.035248
2 0.340000 0.030478
2 0.360000 0.026159
2 0.380000 0.021832
2 0.400000 0.017899
2 0.420000 0.014387
2 0.440000 0.011566
2 0.460000 0.009040
2 0.480000 0.007042
2 0.500000 0.005343
2 0.520000 0.004078
2 0.540000 0.003073
2 0.559999 0.002285
2 0.580000 0.001660
2 0.599999 0.001202
2 0.620000 0.000836
2 0.639999 0.000582
2 0.660000 0.000396
2 0.679999 0.000263
2 0.700000 0.000171
2 0.719999 0.000105
2 0.740000 0.000062
2 0.759999 0.000033
2 0.780000 0.000016
2 0.799999 0.000007
2 0.820000 0.000003
2 0.840000 0.000001
3 -1.620000 0.000004
3 -1.600000 0.000015
3 -1.580000 0.000050
3 -1.560000 0.000140
3 -1.540000 0.000334
3 -1.520000 0.000703
3 -1.500000 0.001354
3 -1.480000 0.002406
3 -1.460000 0.004044
3 -1.440001 0.006415
3 -1.420000 0.009714
3 -1.400001 0.013947
3 -1.380000 0.019055
3 -1.360001 0.024886
3 -1.340000 0.030734
3 -1.320001 0.036786
3 -1.300000 0.042969
3 -1.280001 0.048789
3 -1.260000 0.053746
3 -1.240000 0.058285
3 -1.220000 0.061458
3 -1.200000 0.063321
3 -1.180000 0.064004
3 -1.160000 0.063300
3 -1.140000 0.060420
3 -1.120000 0.056201
3 -1.100000 0.051159
3 -1.080000 0.045377
3 -1.060000 0.038952
3 -1.040000 0.032545
3 -1.020000 0.026391
3 -1.000000 0.020902
3 -0.980000 0.016146
3 -0.960000 0.012379
3 -0.940001 0.009260
3 -0.920000 0.006831
3 -0.900001 0.005011
3 -0.880000 0.003669
3 -0.860001 0.002652
3 -0.840000 0.001879
3 -0.820001 0.001299
3 -0.800000 0.000891
3 -0.780001 0.000595
3 -0.760000 0.000391
3 -0.740001 0.000249
3 -0.720000 0.000153
3 -0.700000 0.000091
3 -0.680000 0.000049
3 -0.660000 0.000025
3 -0.640000 0.000012
3 -0.620000 0.000005
3 -0.600000 0.000002
4 -2.080000 0.000003
4 -2.060000 0.000014
4 -2.040000 0.000053
4 -2.020000 0.000173
4 -2.000000 0.000479
4 -1.980000 0.001167
4 -1.960000 0.002556
4 -1.940001 0.005080
4 -1.920000 0.009227
4 -1.900001 0.015420
4 -1.880000 0.023961
4 -1.860001 0.034578
4 -1.840000 0.046738
4 -1.820001 0.059544
4 -1.800000 0.071937
4 -1.780001 0.082254
4 -1.760000 0.088820
4 -1.740000 0.091661
4 -1.720000 0.090175
4 -1.700000 0.084143
4 -1.680000 0.074468
4 -1.660000 0.062423
4 -1.640000 0.049065
4 -1.620000 0.036571
4 -1.600000 0.025781
4 -1.580000 0.017282
4 -1.560000 0.011077
4 -1.540000 0.006822
4 -1.520000 0.004008
4 -1.500000 0.002252
4 -1.480000 0.001197
4 -1.460000 0.000600
4 -1.440001 0.000280
4 -1.420000 0.000121
4 -1.400001 0.000047
4 -1.380000 0.000016
4 -1.360001 0.000005
4 -1.340000 0.000001
5 -2.380000 0.000002
5 -2.360001 0.000012
5 -2.340000 0.000053
5 -2.320001 0.000204
5 -2.300000 0.000663
5 -2.280001 0.001846
5 -2.260000 0.004543
5 -2.240000 0.009879
5 -2.220000 0.018981
5 -2.200000 0.032923
5 -2.180000 0.051389
5 -2.160000 0.072813
5 -2.140000 0.094118
5 -2.120000 0.110691
5 -2.100000 0.118777
5 -2.080000 0.117013
5 -2.060000 0.106163
5 -2.040000 0.087893
5 -2.020000 0.066371
5 -2.000000 0.045428
5 -1.980000 0.028537
5 -1.960000 0.016212
5 -1.940001 0.008521
5 -1.920000 0.004104
5 -1.900001 0.001796
5 -1.880000 0.000710
5 -1.860001 0.000250
5 -1.840000 0.000078
5 -1.820001 0.000021
5 -1.800000 0.000005
6 -0.660000 0.000002
6 -0.640000 0.000006
6 -0.620000 0.000019
6 -0.600000 0.000050
6 -0.580000 0.000113
6 -0.560000 0.000229
6 -0.540000 0.000421
6 -0.520000 0.000722
6 -0.500000 0.001145
6 -0.480000 0.001758
6 -0.460000 0.002619
6 -0.440001 0.003757
6 -0.420000 0.005275
6 -0.400001 0.007225
6 -0.380000 0.009667
6 -0.360001 0.012662
6 -0.340000 0.015989
6 -0.320001 0.020020
6 -0.300000 0.023994
6 -0.280001 0.028377
6 -0.260000 0.032772
6 -0.240001 0.037308
6 -0.220000 0.041855
6 -0.200000 0.045680
6 -0.180000 0.048986
6 -0.160000 0.051804
6 -0.140000 0.053516
6 -0.120000 0.054585
6 -0.100000 0.054878
6 -0.080000 0.054311
6 -0.060000 0.052133
6 -0.040000 0.049081
6 -0.020000 0.045544
6 0.000000 0.041555
6 0.020000 0.037177
6 0.040000 0.032242
6 0.059999 0.027624
6 0.080000 0.023158
6 0.099999 0.019005
6 0.120000 0.015412
6 0.139999 0.012248
6 0.160000 0.009566
6 0.179999 0.007296
6 0.200000 0.005429
6 0.219999 0.004001
6 0.240000 0.002884
6 0.259999 0.002031
6 0.280000 0.001392
6 0.300000 0.000933
6 0.320000 0.000613
6 0.340000 0.000390
6 0.360000 0.000243
6 0.380000 0.000143
6 0.400000 0.000080
6 0.420000 0.000041
6 0.440000 0.000019
6 0.460000 0.000008
6 0.480000 0.000003
7 -3.700000 0.000001
7 -3.680000 0.000007
7 -3.660000 0.000040
7 -3.640000 0.000193
7 -3.620000 0.000777
7 -3.600000 0.002607
7 -3.580000 0.007368
7 -3.560000 0.017617
7 -3.540000 0.036090
7 -3.520000 0.063498
7 -3.500000 0.096593
7 -3.480000 0.127339
7 -3.460000 0.145813
7 -3.440001 0.145615
7 -3.420000 0.127225
7 -3.400001 0.097095
7 -3.380000 0.064342
7 -3.360001 0.037095
7 -3.340000 0.018452
7 -3.320001 0.007980
7 -3.300000 0.002973
7 -3.280000 0.000949
7 -3.260000 0.000259
7 -3.240000 0.000059
7 -3.220000 0.000011
7 -3.200000 0.000002
8 -4.460000 0.000003
8 -4.440000 0.000027
8 -4.420000 0.000163
8 -4.400000 0.000798
8 -4.380000 0.003140
8 -4.360000 0.009981
8 -4.340000 0.026036
8 -4.320000 0.055502
8 -4.300000 0.097172
8 -4.280000 0.141052
8 -4.260000 0.169255
8 -4.240000 0.167700
8 -4.220000 0.138219
8 -4.200000 0.095021
8 -4.180000 0.054461
8 -4.160000 0.026132
8 -4.140000 0.010489
8 -4.120000 0.003543
8 -4.100000 0.001006
8 -4.080000 0.000240
8 -4.060000 0.000048
8 -4.040000 0.000008
8 -4.020000 0.000001
9 -4.620000 0.000004
9 -4.600000 0.000033
9 -4.580000 0.000214
9 -4.560000 0.001095
9 -4.540000 0.004420
9 -4.520000 0.014166
9 -4.500000 0.036170
9 -4.480000 0.074571
9 -4.460000 0.123473
9 -4.440000 0.166383
9 -4.420000 0.180652
9 -4.400000 0.160082
9 -4.380000 0.115788
9 -4.360000 0.069040
9 -4.340000 0.033900
9 -4.320000 0.013711
9 -4.300000 0.004627
9 -4.280000 0.001299
9 -4.260000 0.000303
9 -4.240000 0.000059
9 -4.220000 0.000010
9 -4.200000 0.000001
10 -4.680000 0.000005
10 -4.660000 0.000037
10 -4.640000 0.000241
10 -4.620000 0.001212
10 -4.600000 0.004834
10 -4.580000 0.015232
10 -4.560000 0.038353
10 -4.540000 0.077617
10 -4.520000 0.126460
10 -4.500000 0.167722
10 -4.480000 0.180235
10 -4.460000 0.157417
10 -4.440000 0.112878
10 -4.420000 0.066513
10 -4.400000 0.032324
10 -4.380000 0.013016
10 -4.360000 0.004348
10 -4.340000 0.001212
10 -4.320000 0.000280
10 -4.300000 0.000054
10 -4.280000 0.000009
10 -4.260000 0.000001
11 -4.540000 0.000005
11 -4.520000 0.000039
11 -4.500000 0.000239
11 -4.480000 0.001170
11 -4.460000 0.004551
11 -4.440000 0.014185
11 -4.420000 0.035626
11 -4.400000 0.072271
11 -4.380000 0.119551
11 -4.360000 0.161401
11 -4.340000 0.177896
11 -4.320000 0.160442
11 -4.300000 0.119271
11 -4.280000 0.073032
11 -4.260000 0.037104
11 -4.240000 0.015631
11 -4.220000 0.005491
11 -4.200000 0.001607
11 -4.180000 0.000393
11 -4.160000 0.000080
11 -4.140000 0.000014
11 -4.120000 0.000002
12 -4.680000 0.000009
12 -4.660000 0.000070
12 -4.640000 0.000412
12 -4.620000 0.001919
12 -4.600000 0.007020
12 -4.580000 0.020527
12 -4.560000 0.048194
12 -4.540000 0.091193
12 -4.520000 0.139406
12 -4.500000 0.173637
12 -4.480000 0.175679
12 -4.460000 0.145681
12 -4.440000 0.099313
12 -4.420000 0.056049
12 -4.400000 0.026133
12 -4.380000 0.010242
12 -4.360000 0.003339
12 -4.340000 0.000916
12 -4.320000 0.000211
12 -4.300000 0.000041
12 -4.280000 0.000007
13 -4.740000 0.000005
13 -4.720000 0.000040
13 -4.700000 0.000264
13 -4.680000 0.001338
13 -4.660000 0.005327
13 -4.640000 0.016675
13 -4.620000 0.041446
13 -4.600000 0.082636
13 -4.580000 0.132287
13 -4.560000 0.170915
13 -4.540000 0.178825
13 -4.520000 0.152918
13 -4.500000 0.106856
13 -4.480000 0.062130
13 -4.460000 0.029988
13 -4.440000 0.012290
13 -4.420000 0.004301
13 -4.400000 0.001306
13 -4.380000 0.000348
13 -4.360000 0.000083
13 -4.340000 0.000018
13 -4.320000 0.000003
0 -2.020000 0.000002
0 -2.000000 0.000009
0 -1.980000 0.000044
0 -1.960000 0.000179
0 -1.940001 0.000627
0 -1.920000 0.001902
0 -1.900001 0.005033
0 -1.880000 0.011727
0 -1.860001 0.024084
0 -1.840000 0.044048
0 -1.820001 0.071867
0 -1.800000 0.102233
0 -1.780001 0.127187
0 -1.760000 0.137718
0 -1.740000 0.132275
0 -1.720000 0.115194
0 -1.700000 0.089413
0 -1.680000 0.061844
0 -1.660000 0.037652
0 -1.640000 0.020440
0 -1.620000 0.009898
0 -1.600000 0.004278
0 -1.580000 0.001619
0 -1.560000 0.000533
0 -1.540000 0.000151
0 -1.520000 0.000036
0 -1.500000 0.000007
0 -1.480000 0.000001
1 -1.540000 0.000002
1 -1.520000 0.000009
1 -1.500000 0.000027
1 -1.480000 0.000076
1 -1.460000 0.000195
1 -1.440001 0.000454
1 -1.420000 0.000974
1 -1.400001 0.001968
1 -1.380000 0.003678
1 -1.360001 0.006312
1 -1.340000 0.010084
1 -1.320001 0.015266
1 -1.300000 0.022750
1 -1.280001 0.032172
1 -1.260000 0.042782
1 -1.240000 0.054575
1 -1.220000 0.065188
1 -1.200000 0.074281
1 -1.180000 0.081118
1 -1.160000 0.083102
1 -1.140000 0.081556
1 -1.120000 0.077877
1 -1.100000 0.072134
1 -1.080000 0.063535
1 -1.060000 0.053764
1 -1.040000 0.042971
1 -1.020000 0.033213
1 -1.000000 0.024927
1 -0.980000 0.017939
1 -0.960000 0.012762
1 -0.940001 0.008839
1 -0.920000 0.005966
1 -0.900001 0.003883
1 -0.880000 0.002454
1 -0.860001 0.001475
1 -0.840000 0.000841
1 -0.820001 0.000461
1 -0.800000 0.000227
1 -0.780001 0.000101
1 -0.760000 0.000040
1 -0.740001 0.000013
1 -0.720000 0.000004
2 -0.300000 0.000002
2 -0.280001 0.000005
2 -0.260000 0.000011
2 -0.240001 0.000025
2 -0.220000 0.000054
2 -0.200000 0.000106
2 -0.180000 0.000201
2 -0.160000 0.000361
2 -0.140000 0.000622
2 -0.120000 0.001035
2 -0.100000 0.001645
2 -0.080000 0.002567
2 -0.060000 0.003826
2 -0.040000 0.005409
2 -0.020000 0.007529
2 0.000000 0.009862
2 0.020000 0.013006
2 0.040000 0.016673
2 0.059999 0.021795
2 0.080000 0.026854
2 0.099999 0.031946
2 0.120000 0.037381
2 0.139999 0.042305
2 0.160000 0.047040
2 0.179999 0.051340
2 0.200000 0.054841
2 0.219999 0.057515
2 0.240000 0.058031
2 0.259999 0.056898
2 0.280000 0.055452
2 0.300000 0.053544
2 0.320000 0.051723
2 0.340000 0.047002
2 0.360000 0.042466
2 0.380000 0.037260
2 0.400000 0.032260
2 0.420000 0.026814
2 0.440000 0.022764
2 0.460000 0.018312
2 0.480000 0.015037
2 0.500000 0.011766
2 0.520000 0.009310
2 0.540000 0.007336
2 0.559999 0.005558
2 0.580000 0.004241
2 0.599999 0.003124
2 0.620000 0.002321
2 0.639999 0.001626
2 0.660000 0.001151
2 0.679999 0.000783
2 0.700000 0.000527
2 0.719999 0.000334
2 0.740000 0.000203
2 0.759999 0.000112
2 0.780000 0.000054
2 0.799999 0.000024
2 0.820000 0.000009
2 0.840000 0.000003
3 -1.560000 0.000004
3 -1.540000 0.000011
3 -1.520000 0.000032
3 -1.500000 0.000083
3 -1.480000 0.000198
3 -1.460000 0.000430
3 -1.440001 0.000863
3 -1.420000 0.001647
3 -1.400001 0.002922
3 -1.380000 0.004792
3 -1.360001 0.007397
3 -1.340000 0.010743
3 -1.320001 0.015030
3 -1.300000 0.021153
3 -1.280001 0.028217
3 -1.260000 0.036112
3 -1.240000 0.044197
3 -1.220000 0.051930
3 -1.200000 0.058803
3 -1.180000 0.064294
3 -1.160000 0.069012
3 -1.140000 0.070034
3 -1.120000 0.068313
3 -1.100000 0.066137
3 -1.080000 0.063223
3 -1.060000 0.057920
3 -1.040000 0.051071
3 -1.020000 0.043786
3 -1.000000 0.036206
3 -0.980000 0.029251
3 -0.960000 0.023451
3 -0.940001 0.018372
3 -0.920000 0.014153
3 -0.900001 0.010850
3 -0.880000 0.008341
3 -0.860001 0.006229
3 -0.840000 0.004609
3 -0.820001 0.003302
3 -0.800000 0.002388
3 -0.780001 0.001624
3 -0.760000 0.001109
3 -0.740001 0.000724
3 -0.720000 0.000463
3 -0.700000 0.000283
3 -0.680000 0.000155
3 -0.660000 0.000079
3 -0.640000 0.000036
3 -0.620000 0.000014
3 -0.600000 0.000005
3 -0.580000 0.000001
4 -2.020000 0.000004
4 -2.000000 0.000016
4 -1.980000 0.000054
4 -1.960000 0.000164
4 -1.940001 0.000446
4 -1.920000 0.001076
4 -1.900001 0.002422
4 -1.880000 0.004942
4 -1.860001 0.009132
4 -1.840000 0.015512
4 -1.820001 0.025309
4 -1.800000 0.038413
4 -1.780001 0.054372
4 -1.760000 0.071839
4 -1.740000 0.086628
4 -1.720000 0.097631
4 -1.700000 0.100632
4 -1.680000 0.097599
4 -1.660000 0.091773
4 -1.640000 0.080863
4 -1.620000 0.066888
4 -1.600000 0.051267
4 -1.580000 0.037160
4 -1.560000 0.025494
4 -1.540000 0.016671
4 -1.520000 0.010422
4 -1.500000 0.006244
4 -1.480000 0.003536
4 -1.460000 0.001877
4 -1.440001 0.000928
4 -1.420000 0.000423
4 -1.400001 0.000174
4 -1.380000 0.000062
4 -1.360001 0.000019
4 -1.340000 0.000005
4 -1.320001 0.000001
5 -2.320001 0.000005
5 -2.300000 0.000023
5 -2.280001 0.000096
5 -2.260000 0.000338
5 -2.240000 0.001051
5 -2.220000 0.002874
5 -2.200000 0.006865
5 -2.180000 0.014728
5 -2.160000 0.028358
5 -2.140000 0.049160
5 -2.120000 0.076259
5 -2.100000 0.104514
5 -2.080000 0.124696
5 -2.060000 0.130931
5 -2.040000 0.124501
5 -2.020000 0.108822
5 -2.000000 0.085570
5 -1.980000 0.060392
5 -1.960000 0.038188
5 -1.940001 0.021941
5 -1.920000 0.011508
5 -1.900001 0.005487
5 -1.880000 0.002358
5 -1.860001 0.000908
5 -1.840000 0.000308
5 -1.820001 0.000090
5 -1.800000 0.000022
5 -1.780001 0.000004
6 -0.600000 0.000002
6 -0.580000 0.000005
6 -0.560000 0.000012
6 -0.540000 0.000026
6 -0.520000 0.000052
6 -0.500000 0.000100
6 -0.480000 0.000184
6 -0.460000 0.000323
6 -0.440001 0.000544
6 -0.420000 0.000891
6 -0.400001 0.001389
6 -0.380000 0.002180
6 -0.360001 0.003213
6 -0.340000 0.004665
6 -0.320001 0.006504
6 -0.300000 0.008551
6 -0.280001 0.011237
6 -0.260000 0.014827
6 -0.240001 0.019140
6 -0.220000 0.024369
6 -0.200000 0.029500
6 -0.180000 0.034847
6 -0.160000 0.040298
6 -0.140000 0.045310
6 -0.120000 0.049696
6 -0.100000 0.054156
6 -0.080000 0.056925
6 -0.060000 0.058695
6 -0.040000 0.058069
6 -0.020000 0.056760
6 0.000000 0.055662
6 0.020000 0.054063
6 0.040000 0.049789
6 0.059999 0.045422
6 0.080000 0.040451
6 0.099999 0.035347
6 0.120000 0.029949
6 0.139999 0.024961
6 0.160000 0.020334
6 0.179999 0.016179
6 0.200000 0.012474
6 0.219999 0.009499
6 0.240000 0.007139
6 0.259999 0.005230
6 0.280000 0.003731
6 0.300000 0.002620
6 0.320000 0.001781
6 0.340000 0.001168
6 0.360000 0.000751
6 0.380000 0.000462
6 0.400000 0.000269
6 0.420000 0.000141
6 0.440000 0.000066
6 0.460000 0.000028
6 0.480000 0.000010
6 0.500000 0.000003
7 -3.660000 0.000001
7 -3.640000 0.000009
7 -3.620000 0.000053
7 -3.600000 0.000257
7 -3.580000 0.001040
7 -3.560000 0.003447
7 -3.540000 0.009854
7 -3.520000 0.023769
7 -3.500000 0.048891
7 -3.480000 0.085587
7 -3.460000 0.124427
7 -3.440001 0.152856
7 -3.420000 0.158073
7 -3.400001 0.140427
7 -3.380000 0.107794
7 -3.360001 0.071292
7 -3.340000 0.040400
7 -3.320001 0.019605
7 -3.300000 0.008166
7 -3.280000 0.002903
7 -3.260000 0.000878
7 -3.240000 0.000219
7 -3.220000 0.000044
7 -3.200000 0.000007
8 -4.460000 0.000001
8 -4.440000 0.000011
8 -4.420000 0.000077
8 -4.400000 0.000420
8 -4.380000 0.001796
8 -4.360000 0.006202
8 -4.340000 0.017772
8 -4.320000 0.041536
8 -4.300000 0.079543
8 -4.280000 0.125614
8 -4.260000 0.162337
8 -4.240000 0.172483
8 -4.220000 0.152059
8 -4.200000 0.111941
8 -4.180000 0.069303
8 -4.160000 0.035625
8 -4.140000 0.015431
8 -4.120000 0.005636
8 -4.100000 0.001695
8 -4.080000 0.000419
8 -4.060000 0.000083
8 -4.040000 0.000013
8 -4.020000 0.000001
9 -4.620000 0.000002
9 -4.600000 0.000018
9 -4.580000 0.000126
9 -4.560000 0.000689
9 -4.540000 0.002953
9 -4.520000 0.010161
9 -4.500000 0.027871
9 -4.480000 0.061732
9 -4.460000 0.109470
9 -4.440000 0.156427
9 -4.420000 0.180700
9 -4.400000 0.168269
9 -4.380000 0.129374
9 -4.360000 0.081740
9 -4.340000 0.042760
9 -4.320000 0.018445
9 -4.300000 0.006684
9 -4.280000 0.001991
9 -4.260000 0.000480
9 -4.240000 0.000092
9 -4.220000 0.000014
9 -4.200000 0.000002
10 -4.680000 0.000002
10 -4.660000 0.000016
10 -4.640000 0.000115
10 -4.620000 0.000637
10 -4.600000 0.002757
10 -4.580000 0.009636
10 -4.560000 0.026686
10 -4.540000 0.059798
10 -4.520000 0.107127
10 -4.500000 0.155033
10 -4.480000 0.180586
10 -4.460000 0.169574
10 -4.440000 0.131827
10 -4.420000 0.083445
10 -4.400000 0.043894
10 -4.380000 0.019188
10 -4.360000 0.006970
10 -4.340000 0.002088
10 -4.320000 0.000506
10 -4.300000 0.000098
10 -4.280000 0.000015
10 -4.260000 0.000002
11 -4.540000 0.000002
11 -4.520000 0.000018
11 -4.500000 0.000121
11 -4.480000 0.000638
11 -4.460000 0.002683
11 -4.440000 0.009139
11 -4.420000 0.025051
11 -4.400000 0.055861
11 -4.380000 0.101052
11 -4.360000 0.148076
11 -4.340000 0.176026
11 -4.320000 0.171323
11 -4.300000 0.136002
11 -4.280000 0.089919
11 -4.260000 0.049311
11 -4.240000 0.022571
11 -4.220000 0.008625
11 -4.200000 0.002712
11 -4.180000 0.000699
11 -4.160000 0.000144
11 -4.140000 0.000023
11 -4.120000 0.000003
12 -4.680000 0.000004
12 -4.660000 0.000034
12 -4.640000 0.000216
12 -4.620000 0.001078
12 -4.600000 0.004284
12 -4.580000 0.013695
12 -4.560000 0.035060
12 -4.540000 0.072515
12 -4.520000 0.120943
12 -4.500000 0.162870
12 -4.480000 0.178845
12 -4.460000 0.159572
12 -4.440000 0.117578
12 -4.420000 0.072300
12 -4.400000 0.036868
12 -4.380000 0.016045
12 -4.360000 0.005794
12 -4.340000 0.001760
12 -4.320000 0.000437
12 -4.300000 0.000088
12 -4.280000 0.000014
12 -4.260000 0.000002
13 -4.740000 0.000002
13 -4.720000 0.000021
13 -4.700000 0.000144
13 -4.680000 0.000770
13 -4.660000 0.003298
13 -4.640000 0.011175
13 -4.620000 0.030038
13 -4.600000 0.064954
13 -4.580000 0.112657
13 -4.560000 0.157753
13 -4.540000 0.177848
13 -4.520000 0.163646
13 -4.500000 0.124024
13 -4.480000 0.079407
13 -4.460000 0.042419
13 -4.440000 0.019792
13 -4.420000 0.008020
13 -4.400000 0.002840
13 -4.380000 0.000882
13 -4.360000 0.000241
13 -4.340000 0.000057
13 -4.320000 0.000011
13 -4.300000 0.000002
0 -2.000000 0.000003
0 -1.980000 0.000016
0 -1.960000 0.000065
0 -1.940001 0.000226
0 -1.920000 0.000696
0 -1.900001 0.001907
0 -1.880000 0.004674
0 -1.860001 0.010272
0 -1.840000 0.020437
0 -1.820001 0.036893
0 -1.800000 0.059036
0 -1.780001 0.084004
0 -1.760000 0.105798
0 -1.740000 0.120203
0 -1.720000 0.125956
0 -1.700000 0.119606
0 -1.680000 0.102876
0 -1.660000 0.079216
0 -1.640000 0.055310
0 -1.620000 0.035041
0 -1.600000 0.020131
0 -1.580000 0.010302
0 -1.560000 0.004662
0 -1.540000 0.001839
0 -1.520000 0.000616
0 -1.500000 0.000170
0 -1.480000 0.000037
0 -1.460000 0.000006
1 -1.520000 0.000003
1 -1.500000 0.000010
1 -1.480000 0.000028
1 -1.460000 0.000070
1 -1.440001 0.000165
1 -1.420000 0.000359
1 -1.400001 0.000744
1 -1.380000 0.001433
1 -1.360001 0.002553
1 -1.340000 0.004259
1 -1.320001 0.006766
1 -1.300000 0.010622
1 -1.280001 0.015929
1 -1.260000 0.022606
1 -1.240000 0.030927
1 -1.220000 0.039799
1 -1.200000 0.049003
1 -1.180000 0.058152
1 -1.160000 0.065280
1 -1.140000 0.070377
1 -1.120000 0.074293
1 -1.100000 0.076699
1 -1.080000 0.075572
1 -1.060000 0.071733
1 -1.040000 0.064524
1 -1.020000 0.056147
1 -1.000000 0.047442
1 -0.980000 0.038461
1 -0.960000 0.030858
1 -0.940001 0.024211
1 -0.920000 0.018607
1 -0.900001 0.013876
1 -0.880000 0.010078
1 -0.860001 0.007020
1 -0.840000 0.004674
1 -0.820001 0.003042
1 -0.800000 0.001822
1 -0.780001 0.001008
1 -0.760000 0.000508
1 -0.740001 0.000223
1 -0.720000 0.000083
1 -0.700000 0.000026
1 -0.680000 0.000006
1 -0.660000 0.000001
2 -0.280001 0.000002
2 -0.260000 0.000004
2 -0.240001 0.000009
2 -0.220000 0.000019
2 -0.200000 0.000039
2 -0.180000 0.000074
2 -0.160000 0.000134
2 -0.140000 0.000235
2 -0.120000 0.000398
2 -0.100000 0.000646
2 -0.080000 0.001033
2 -0.060000 0.001583
2 -0.040000 0.002310
2 -0.020000 0.003329
2 0.000000 0.004514
2 0.020000 0.006177
2 0.040000 0.008229
2 0.059999 0.011190
2 0.080000 0.014444
2 0.099999 0.017969
2 0.120000 0.022029
2 0.139999 0.026124
2 0.160000 0.030512
2 0.179999 0.035131
2 0.200000 0.039662
2 0.219999 0.044082
2 0.240000 0.047165
2 0.259999 0.049410
2 0.280000 0.051479
2 0.300000 0.052857
2 0.320000 0.054839
2 0.340000 0.053685
2 0.360000 0.052334
2 0.380000 0.049442
2 0.400000 0.046256
2 0.420000 0.041372
2 0.440000 0.037853
2 0.460000 0.032895
2 0.480000 0.029136
2 0.500000 0.024601
2 0.520000 0.021006
2 0.540000 0.017986
2 0.559999 0.014811
2 0.580000 0.012361
2 0.599999 0.009965
2 0.620000 0.008060
2 0.639999 0.006222
2 0.660000 0.004816
2 0.679999 0.003643
2 0.700000 0.002723
2 0.719999 0.001944
2 0.740000 0.001360
2 0.759999 0.000878
2 0.780000 0.000519
2 0.799999 0.000290
2 0.820000 0.000134
2 0.840000 0.000054
2 0.860000 0.000019
2 0.880000 0.000005
2 0.900000 0.000001
3 -1.560000 0.000001
3 -1.540000 0.000004
3 -1.520000 0.000012
3 -1.500000 0.000030
3 -1.480000 0.000071
3 -1.460000 0.000157
3 -1.440001 0.000320
3 -1.420000 0.000625
3 -1.400001 0.001141
3 -1.380000 0.001936
3 -1.360001 0.003109
3 -1.340000 0.004713
3 -1.320001 0.006893
3 -1.300000 0.010173
3 -1.280001 0.014278
3 -1.260000 0.019359
3 -1.240000 0.025139
3 -1.220000 0.031384
3 -1.200000 0.037834
3 -1.180000 0.044241
3 -1.160000 0.050946
3 -1.140000 0.055768
3 -1.120000 0.058899
3 -1.100000 0.061775
3 -1.080000 0.064165
3 -1.060000 0.064431
3 -1.040000 0.062261
3 -1.020000 0.058574
3 -1.000000 0.053123
3 -0.980000 0.046876
3 -0.960000 0.041040
3 -0.940001 0.034963
3 -0.920000 0.029314
3 -0.900001 0.024404
3 -0.880000 0.020438
3 -0.860001 0.016744
3 -0.840000 0.013620
3 -0.820001 0.010775
3 -0.800000 0.008568
3 -0.780001 0.006471
3 -0.760000 0.004884
3 -0.740001 0.003571
3 -0.720000 0.002578
3 -0.700000 0.001802
3 -0.680000 0.001160
3 -0.660000 0.000709
3 -0.640000 0.000398
3 -0.620000 0.000196
3 -0.600000 0.000085
3 -0.580000 0.000032
3 -0.560000 0.000010
3 -0.540000 0.000003
4 -2.020000 0.000002
4 -2.000000 0.000006
4 -1.980000 0.000020
4 -1.960000 0.000059
4 -1.940001 0.000161
4 -1.920000 0.000394
4 -1.900001 0.000908
4 -1.880000 0.001916
4 -1.860001 0.003699
4 -1.840000 0.006616
4 -1.820001 0.011457
4 -1.800000 0.018635
4 -1.780001 0.028518
4 -1.760000 0.041088
4 -1.740000 0.054479
4 -1.720000 0.068009
4 -1.700000 0.078299
4 -1.680000 0.085524
4 -1.660000 0.091323
4 -1.640000 0.092319
4 -1.620000 0.088270
4 -1.600000 0.078609
4 -1.580000 0.066492
4 -1.560000 0.053470
4 -1.540000 0.041132
4 -1.520000 0.030436
4 -1.500000 0.021745
4 -1.480000 0.014800
4 -1.460000 0.009542
4 -1.440001 0.005785
4 -1.420000 0.003289
4 -1.400001 0.001722
4 -1.380000 0.000799
4 -1.360001 0.000326
4 -1.340000 0.000113
4 -1.320001 0.000032
4 -1.300000 0.000007
4 -1.280001 0.000001
5 -2.320001 0.000002
5 -2.300000 0.000009
5 -2.280001 0.000035
5 -2.260000 0.000121
5 -2.240000 0.000381
5 -2.220000 0.001066
5 -2.200000 0.002651
5 -2.180000 0.006008
5 -2.160000 0.012413
5 -2.140000 0.023451
5 -2.120000 0.040269
5 -2.100000 0.062062
5 -2.080000 0.084514
5 -2.060000 0.102716
5 -2.040000 0.114682
5 -2.020000 0.119527
5 -2.000000 0.113700
5 -1.980000 0.098385
5 -1.960000 0.077315
5 -1.940001 0.055877
5 -1.920000 0.037381
5 -1.900001 0.023026
5 -1.880000 0.012958
5 -1.860001 0.006636
5 -1.840000 0.003038
5 -1.820001 0.001216
5 -1.800000 0.000414
5 -1.780001 0.000115
5 -1.760000 0.000025
5 -1.740000 0.000004
6 -0.580000 0.000002
6 -0.560000 0.000004
6 -0.540000 0.000009
6 -0.520000 0.000019
6 -0.500000 0.000037
6 -0.480000 0.000068
6 -0.460000 0.000120
6 -0.440001 0.000206
6 -0.420000 0.000343
6 -0.400001 0.000544
6 -0.380000 0.000873
6 -0.360001 0.001321
6 -0.340000 0.001972
6 -0.320001 0.002839
6 -0.300000 0.003863
6 -0.280001 0.005248
6 -0.260000 0.007197
6 -0.240001 0.009618
6 -0.220000 0.012804
6 -0.200000 0.016233
6 -0.180000 0.020030
6 -0.160000 0.024282
6 -0.140000 0.028646
6 -0.120000 0.033068
6 -0.100000 0.038060
6 -0.080000 0.042365
6 -0.060000 0.046339
6 -0.040000 0.048805
6 -0.020000 0.051063
6 0.000000 0.053317
6 0.020000 0.055687
6 0.040000 0.055347
6 0.059999 0.054400
6 0.080000 0.052305
6 0.099999 0.049444
6 0.120000 0.045392
6 0.139999 0.041174
6 0.160000 0.036666
6 0.179999 0.031943
6 0.200000 0.027028
6 0.219999 0.022631
6 0.240000 0.018762
6 0.259999 0.015240
6 0.280000 0.012090
6 0.300000 0.009435
6 0.320000 0.007168
6 0.340000 0.005259
6 0.360000 0.003824
6 0.380000 0.002690
6 0.400000 0.001821
6 0.420000 0.001140
6 0.440000 0.000659
6 0.460000 0.000352
6 0.480000 0.000158
6 0.500000 0.000062
6 0.520000 0.000020
6 0.540000 0.000005
6 0.559999 0.000001
7 -3.640000 0.000003
7 -3.620000 0.000019
7 -3.600000 0.000093
7 -3.580000 0.000378
7 -3.560000 0.001292
7 -3.540000 0.003893
7 -3.520000 0.010116
7 -3.500000 0.022907
7 -3.480000 0.045073
7 -3.460000 0.075143
7 -3.440001 0.108099
7 -3.420000 0.133794
7 -3.400001 0.145426
7 -3.380000 0.139229
7 -3.360001 0.117088
7 -3.340000 0.086073
7 -3.320001 0.055355
7 -3.300000 0.031143
7 -3.280000 0.015244
7 -3.260000 0.006461
7 -3.240000 0.002305
7 -3.220000 0.000679
7 -3.200000 0.000155
7 -3.180000 0.000027
7 -3.160000 0.000003
8 -4.440000 0.000004
8 -4.420000 0.000028
8 -4.400000 0.000152
8 -4.380000 0.000667
8 -4.360000 0.002416
8 -4.340000 0.007438
8 -4.320000 0.019122
8 -4.300000 0.041229
8 -4.280000 0.074947
8 -4.260000 0.114191
8 -4.240000 0.146462
8 -4.220000 0.159692
8 -4.200000 0.148832
8 -4.180000 0.119000
8 -4.160000 0.080720
8 -4.140000 0.046997
8 -4.120000 0.023519
8 -4.100000 0.009864
8 -4.080000 0.003462
8 -4.060000 0.000993
8 -4.040000 0.000221
8 -4.020000 0.000038
8 -4.000000 0.000005
9 -4.600000 0.000007
9 -4.580000 0.000046
9 -4.560000 0.000255
9 -4.540000 0.001138
9 -4.520000 0.004178
9 -4.500000 0.012522
9 -4.480000 0.031001
9 -4.460000 0.062920
9 -4.440000 0.105066
9 -4.420000 0.145566
9 -4.400000 0.166347
9 -4.380000 0.160399
9 -4.360000 0.130077
9 -4.340000 0.089020
9 -4.320000 0.051245
9 -4.300000 0.025163
9 -4.280000 0.010351
9 -4.260000 0.003502
9 -4.240000 0.000954
9 -4.220000 0.000204
9 -4.200000 0.000033
9 -4.180000 0.000004
10 -4.660000 0.000006
10 -4.640000 0.000042
10 -4.620000 0.000236
10 -4.600000 0.001064
10 -4.580000 0.003965
10 -4.560000 0.011993
10 -4.540000 0.030022
10 -4.520000 0.061447
10 -4.500000 0.103830
10 -4.480000 0.144668
10 -4.460000 0.166402
10 -4.440000 0.161907
10 -4.420000 0.131100
10 -4.400000 0.089982
10 -4.380000 0.052271
10 -4.360000 0.025658
10 -4.340000 0.010582
10 -4.320000 0.003583
10 -4.300000 0.000989
10 -4.280000 0.000213
10 -4.260000 0.000035
10 -4.240000 0.000004
11 -4.520000 0.000007
11 -4.500000 0.000044
11 -4.480000 0.000234
11 -4.460000 0.001019
11 -4.440000 0.003684
11 -4.420000 0.010984
11 -4.400000 0.027272
11 -4.380000 0.056211
11 -4.360000 0.095982
11 -4.340000 0.136336
11 -4.320000 0.162245
11 -4.300000 0.161359
11 -4.280000 0.136433
11 -4.260000 0.097824
11 -4.240000 0.059522
11 -4.220000 0.030816
11 -4.200000 0.013366
11 -4.180000 0.004845
11 -4.160000 0.001424
11 -4.140000 0.000328
11 -4.120000 0.000059
11 -4.100000 0.000008
12 -4.680000 0.000002
12 -4.660000 0.000012
12 -4.640000 0.000079
12 -4.620000 0.000401
12 -4.600000 0.001668
12 -4.580000 0.005718
12 -4.560000 0.016074
12 -4.540000 0.037313
12 -4.520000 0.071382
12 -4.500000 0.112863
12 -4.480000 0.149051
12 -4.460000 0.163935
12 -4.440000 0.152379
12 -4.420000 0.120929
12 -4.400000 0.081409
12 -4.380000 0.047758
12 -4.360000 0.023780
12 -4.340000 0.010198
12 -4.320000 0.003661
12 -4.300000 0.001081
12 -4.280000 0.000254
12 -4.260000 0.000047
12 -4.240000 0.000006
13 -4.720000 0.000008
13 -4.700000 0.000052
13 -4.680000 0.000286
13 -4.660000 0.001280
13 -4.640000 0.004637
13 -4.620000 0.013622
13 -4.600000 0.032869
13 -4.580000 0.065039
13 -4.560000 0.106184
13 -4.540000 0.142773
13 -4.520000 0.160416
13 -4.500000 0.152103
13 -4.480000 0.124509
13 -4.460000 0.086940
13 -4.440000 0.054235
13 -4.420000 0.030011
13 -4.400000 0.014803
13 -4.380000 0.006508
13 -4.360000 0.002543
13 -4.340000 0.000866
13 -4.320000 0.000247
13 -4.300000 0.000056
13 -4.280000 0.000010
13 -4.260000 0.000001
0 -3.500000 0.000001
0 -3.480000 0.000002
0 -3.460000 0.000002
0 -3.440001 0.000003
0 -3.420000 0.000004
0 -3.400001 0.000005
0 -3.380000 0.000006
0 -3.360001 0.000007
0 -3.340000 0.000009
0 -3.320001 0.000012
0 -3.300000 0.000015
0 -3.280000 0.000018
0 -3.260000 0.000022
0 -3.240000 0.000026
0 -3.220000 0.000032
0 -3.200000 0.000038
0 -3.180000 0.000045
0 -3.160000 0.000053
0 -3.140000 0.000063
0 -3.120000 0.000074
0 -3.100000 0.000086
0 -3.080000 0.000099
0 -3.060000 0.000114
0 -3.040000 0.000129
0 -3.020000 0.000147
0 -3.000000 0.000166
0 -2.980000 0.000187
0 -2.960000 0.000211
0 -2.940001 0.000234
0 -2.920000 0.000260
0 -2.900001 0.000287
0 -2.880000 0.000312
0 -2.860001 0.000345
0 -2.840000 0.000376
0 -2.820001 0.000410
0 -2.800000 0.000445
0 -2.780000 0.000485
0 -2.760000 0.000524
0 -2.740000 0.000567
0 -2.720000 0.000610
0 -2.700000 0.000658
0 -2.680000 0.000711
0 -2.660000 0.000772
0 -2.640000 0.000838
0 -2.620000 0.000912
0 -2.600000 0.000993
0 -2.580000 0.001075
0 -2.560000 0.001182
0 -2.540000 0.001292
0 -2.520000 0.001418
0 -2.500000 0.001551
0 -2.480000 0.001708
0 -2.460000 0.001879
0 -2.440001 0.002058
0 -2.420000 0.002271
0 -2.400001 0.002498
0 -2.380000 0.002738
0 -2.360001 0.002997
0 -2.340000 0.003279
0 -2.320001 0.003562
0 -2.300000 0.003875
0 -2.280001 0.004199
0 -2.260000 0.004555
0 -2.240000 0.004909
0 -2.220000 0.005294
0 -2.200000 0.005653
0 -2.180000 0.006063
0 -2.160000 0.006471
0 -2.140000 0.006905
0 -2.120000 0.007362
0 -2.100000 0.007814
0 -2.080000 0.008273
0 -2.060000 0.008789
0 -2.040000 0.009236
0 -2.020000 0.009701
0 -2.000000 0.010199
0 -1.980000 0.010715
0 -1.960000 0.011275
0 -1.940001 0.011818
0 -1.920000 0.012345
0 -1.900001 0.012842
0 -1.880000 0.013365
0 -1.860001 0.013916
0 -1.840000 0.014458
0 -1.820001 0.015043
0 -1.800000 0.015638
0 -1.780001 0.016168
0 -1.760000 0.016708
0 -1.740000 0.017203
0 -1.720000 0.017722
0 -1.700000 0.018207
0 -1.680000 0.018688
0 -1.660000 0.019126
0 -1.640000 0.019562
0 -1.620000 0.019978
0 -1.600000 0.020390
0 -1.580000 0.020687
0 -1.560000 0.020942
0 -1.540000 0.021131
0 -1.520000 0.021261
0 -1.500000 0.021366
0 -1.480000 0.021414
0 -1.460000 0.021410
0 -1.440001 0.021311
0 -1.420000 0.021094
0 -1.400001 0.020820
0 -1.380000 0.020477
0 -1.360001 0.020062
0 -1.340000 0.019596
0 -1.320001 0.019055
0 -1.300000 0.018420
0 -1.280001 0.017829
0 -1.260000 0.017155
0 -1.240000 0.016459
0 -1.220000 0.015664
0 -1.200000 0.014885
0 -1.180000 0.014061
0 -1.160000 0.013199
0 -1.140000 0.012362
0 -1.120000 0.011440
0 -1.100000 0.010591
0 -1.080000 0.009706
0 -1.060000 0.008848
0 -1.040000 0.008033
0 -1.020000 0.007246
0 -1.000000 0.006525
0 -0.980000 0.005819
0 -0.960000 0.005161
0 -0.940001 0.004556
0 -0.920000 0.004005
0 -0.900001 0.003503
0 -0.880000 0.003039
0 -0.860001 0.002613
0 -0.840000 0.002236
0 -0.820001 0.001898
0 -0.800000 0.001598
0 -0.780001 0.001342
0 -0.760000 0.001120
0 -0.740001 0.000935
0 -0.720000 0.000772
0 -0.700000 0.000630
0 -0.680000 0.000514
0 -0.660000 0.000415
0 -0.640000 0.000333
0 -0.620000 0.000265
0 -0.600000 0.000210
0 -0.580000 0.000166
0 -0.560000 0.000129
0 -0.540000 0.000100
0 -0.520000 0.000076
0 -0.500000 0.000058
0 -0.480000 0.000044
0 -0.460000 0.000033
0 -0.440001 0.000025
0 -0.420000 0.000018
0 -0.400001 0.000013
0 -0.380000 0.000010
0 -0.360001 0.000007
0 -0.340000 0.000005
0 -0.320001 0.000004
0 -0.300000 0.000003
0 -0.280001 0.000002
0 -0.260000 0.000001
1 -2.900001 0.000001
1 -2.880000 0.000001
1 -2.860001 0.000002
1 -2.840000 0.000003
1 -2.820001 0.000003
1 -2.800000 0.000004
1 -2.780000 0.000006
1 -2.760000 0.000007
1 -2.740000 0.000009
1 -2.720000 0.000011
1 -2.700000 0.000014
1 -2.680000 0.000018
1 -2.660000 0.000022
1 -2.640000 0.000027
1 -2.620000 0.000033
1 -2.600000 0.000039
1 -2.580000 0.000047
1 -2.560000 0.000056
1 -2.540000 0.000067
1 -2.520000 0.000078
1 -2.500000 0.000091
1 -2.480000 0.000106
1 -2.460000 0.000122
1 -2.440001 0.000140
1 -2.420000 0.000159
1 -2.400001 0.000180
1 -2.380000 0.000202
1 -2.360001 0.000225
1 -2.340000 0.000249
1 -2.320001 0.000276
1 -2.300000 0.000303
1 -2.280001 0.000332
1 -2.260000 0.000364
1 -2.240000 0.000397
1 -2.220000 0.000431
1 -2.200000 0.000465
1 -2.180000 0.000498
1 -2.160000 0.000536
1 -2.140000 0.000576
1 -2.120000 0.000616
1 -2.100000 0.000663
1 -2.080000 0.000713
1 -2.060000 0.000770
1 -2.040000 0.000835
1 -2.020000 0.000908
1 -2.000000 0.000990
1 -1.980000 0.001080
1 -1.960000 0.001175
1 -1.940001 0.001285
1 -1.920000 0.001408
1 -1.900001 0.001546
1 -1.880000 0.001700
1 -1.860001 0.001873
1 -1.840000 0.002070
1 -1.820001 0.002291
1 -1.800000 0.002525
1 -1.780001 0.002783
1 -1.760000 0.003067
1 -1.740000 0.003358
1 -1.720000 0.003662
1 -1.700000 0.003991
1 -1.680000 0.004322
1 -1.660000 0.004685
1 -1.640000 0.005065
1 -1.620000 0.005447
1 -1.600000 0.005844
1 -1.580000 0.006245
1 -1.560000 0.006691
1 -1.540000 0.007118
1 -1.520000 0.007555
1 -1.500000 0.008023
1 -1.480000 0.008494
1 -1.460000 0.008962
1 -1.440001 0.009472
1 -1.420000 0.009954
1 -1.400001 0.010428
1 -1.380000 0.010919
1 -1.360001 0.011443
1 -1.340000 0.011931
1 -1.320001 0.012455
1 -1.300000 0.013011
1 -1.280001 0.013529
1 -1.260000 0.014051
1 -1.240000 0.014600
1 -1.220000 0.015141
1 -1.200000 0.015738
1 -1.180000 0.016291
1 -1.160000 0.016841
1 -1.140000 0.017389
1 -1.120000 0.017905
1 -1.100000 0.018452
1 -1.080000 0.018944
1 -1.060000 0.019423
1 -1.040000 0.019884
1 -1.020000 0.020297
1 -1.000000 0.020633
1 -0.980000 0.020977
1 -0.960000 0.021205
1 -0.940001 0.021447
1 -0.920000 0.021580
1 -0.900001 0.021691
1 -0.880000 0.021701
1 -0.860001 0.021732
1 -0.840000 0.021518
1 -0.820001 0.021364
1 -0.800000 0.021092
1 -0.780001 0.020702
1 -0.760000 0.020262
1 -0.740001 0.019784
1 -0.720000 0.019207
1 -0.700000 0.018622
1 -0.680000 0.017975
1 -0.660000 0.017254
1 -0.640000 0.016485
1 -0.620000 0.015647
1 -0.600000 0.014794
1 -0.580000 0.013899
1 -0.560000 0.013024
1 -0.540000 0.012115
1 -0.520000 0.011172
1 -0.500000 0.010230
1 -0.480000 0.009322
1 -0.460000 0.008402
1 -0.440001 0.007535
1 -0.420000 0.006705
1 -0.400001 0.005929
1 -0.380000 0.005215
1 -0.360001 0.004570
1 -0.340000 0.003955
1 -0.320001 0.003409
1 -0.300000 0.002912
1 -0.280001 0.002487
1 -0.260000 0.002102
1 -0.240001 0.001777
1 -0.220000 0.001474
1 -0.200000 0.001220
1 -0.180000 0.001011
1 -0.160000 0.000822
1 -0.140000 0.000666
1 -0.120000 0.000540
1 -0.100000 0.000430
1 -0.080000 0.000341
1 -0.060000 0.000268
1 -0.040000 0.000210
1 -0.020000 0.000162
1 0.000000 0.000124
1 0.020000 0.000093
1 0.040000 0.000070
1 0.059999 0.000051
1 0.080000 0.000038
1 0.099999 0.000027
1 0.120000 0.000019
1 0.139999 0.000013
1 0.160000 0.000009
1 0.179999 0.000006
1 0.200000 0.000004
1 0.219999 0.000003
1 0.240000 0.000002
1 0.259999 0.000001
2 -1.520000 0.000001
2 -1.500000 0.000001
2 -1.480000 0.000002
2 -1.460000 0.000003
2 -1.440001 0.000003
2 -1.420000 0.000004
2 -1.400001 0.000006
2 -1.380000 0.000007
2 -1.360001 0.000009
2 -1.340000 0.000012
2 -1.320001 0.000014
2 -1.300000 0.000018
2 -1.280001 0.000022
2 -1.260000 0.000026
2 -1.240000 0.000032
2 -1.220000 0.000038
2 -1.200000 0.000045
2 -1.180000 0.000054
2 -1.160000 0.000063
2 -1.140000 0.000075
2 -1.120000 0.000088
2 -1.100000 0.000101
2 -1.080000 0.000117
2 -1.060000 0.000133
2 -1.040000 0.000150
2 -1.020000 0.000171
2 -1.000000 0.000192
2 -0.980000 0.000214
2 -0.960000 0.000238
2 -0.940001 0.000264
2 -0.920000 0.000289
2 -0.900001 0.000316
2 -0.880000 0.000346
2 -0.860001 0.000374
2 -0.840000 0.000407
2 -0.820001 0.000443
2 -0.800000 0.000476
2 -0.780001 0.000510
2 -0.760000 0.000548
2 -0.740001 0.000585
2 -0.720000 0.000624
2 -0.700000 0.000673
2 -0.680000 0.000732
2 -0.660000 0.000807
2 -0.640000 0.000889
2 -0.620000 0.000969
2 -0.600000 0.001053
2 -0.580000 0.001145
2 -0.560000 0.001251
2 -0.540000 0.001375
2 -0.520000 0.001508
2 -0.500000 0.001654
2 -0.480000 0.001814
2 -0.460000 0.001997
2 -0.440001 0.002200
2 -0.420000 0.002428
2 -0.400001 0.002684
2 -0.380000 0.002944
2 -0.360001 0.003226
2 -0.340000 0.003536
2 -0.320001 0.003851
2 -0.300000 0.004184
2 -0.280001 0.004536
2 -0.260000 0.004885
2 -0.240001 0.005258
2 -0.220000 0.005656
2 -0.200000 0.006064
2 -0.180000 0.006492
2 -0.160000 0.006912
2 -0.140000 0.007354
2 -0.120000 0.007798
2 -0.100000 0.008258
2 -0.080000 0.008725
2 -0.060000 0.009196
2 -0.040000 0.009686
2 -0.020000 0.010144
2 0.000000 0.010644
2 0.020000 0.011149
2 0.040000 0.011655
2 0.059999 0.012160
2 0.080000 0.012678
2 0.099999 0.013187
2 0.120000 0.013691
2 0.139999 0.014203
2 0.160000 0.014735
2 0.179999 0.015299
2 0.200000 0.015862
2 0.219999 0.016470
2 0.240000 0.017042
2 0.259999 0.017606
2 0.280000 0.018142
2 0.300000 0.018662
2 0.320000 0.019174
2 0.340000 0.019627
2 0.360000 0.020035
2 0.380000 0.020442
2 0.400000 0.020720
2 0.420000 0.020905
2 0.440000 0.021175
2 0.460000 0.021366
2 0.480000 0.021474
2 0.500000 0.021507
2 0.520000 0.021542
2 0.540000 0.021519
2 0.559999 0.021357
2 0.580000 0.021231
2 0.599999 0.020914
2 0.620000 0.020589
2 0.639999 0.020103
2 0.660000 0.019502
2 0.679999 0.018932
2 0.700000 0.018301
2 0.719999 0.017582
2 0.740000 0.016874
2 0.759999 0.016131
2 0.780000 0.015289
2 0.799999 0.014446
2 0.820000 0.013556
2 0.840000 0.012700
2 0.860000 0.011767
2 0.880000 0.010836
2 0.900000 0.009915
2 0.920000 0.009008
2 0.940000 0.008084
2 0.960000 0.007232
2 0.980000 0.006440
2 1.000000 0.005637
2 1.020000 0.004938
2 1.040000 0.004287
2 1.059999 0.003707
2 1.080000 0.003181
2 1.099999 0.002730
2 1.120000 0.002334
2 1.139999 0.001971
2 1.160000 0.001656
2 1.179999 0.001392
2 1.200000 0.001156
2 1.219999 0.000957
2 1.240000 0.000781
2 1.259999 0.000635
2 1.280000 0.000511
2 1.299999 0.000410
2 1.320000 0.000326
2 1.340000 0.000257
2 1.360000 0.000200
2 1.380000 0.000155
2 1.400000 0.000118
2 1.420000 0.000088
2 1.440000 0.000065
2 1.460000 0.000047
2 1.480000 0.000034
2 1.500000 0.000023
2 1.520000 0.000016
2 1.540000 0.000010
2 1.559999 0.000006
2 1.580000 0.000004
2 1.599999 0.000002
2 1.620000 0.000001
3 -2.880000 0.000001
3 -2.860001 0.000002
3 -2.840000 0.000002
3 -2.820001 0.000003
3 -2.800000 0.000004
3 -2.780000 0.000005
3 -2.760000 0.000007
3 -2.740000 0.000008
3 -2.720000 0.000010
3 -2.700000 0.000013
3 -2.680000 0.000016
3 -2.660000 0.000020
3 -2.640000 0.000024
3 -2.620000 0.000030
3 -2.600000 0.000036
3 -2.580000 0.000043
3 -2.560000 0.000051
3 -2.540000 0.000060
3 -2.520000 0.000071
3 -2.500000 0.000084
3 -2.480000 0.000097
3 -2.460000 0.000112
3 -2.440001 0.000128
3 -2.420000 0.000145
3 -2.400001 0.000164
3 -2.380000 0.000187
3 -2.360001 0.000208
3 -2.340000 0.000230
3 -2.320001 0.000256
3 -2.300000 0.000280
3 -2.280001 0.000308
3 -2.260000 0.000337
3 -2.240000 0.000367
3 -2.220000 0.000403
3 -2.200000 0.000435
3 -2.180000 0.000466
3 -2.160000 0.000500
3 -2.140000 0.000536
3 -2.120000 0.000575
3 -2.100000 0.000617
3 -2.080000 0.000665
3 -2.060000 0.000715
3 -2.040000 0.000776
3 -2.020000 0.000846
3 -2.000000 0.000922
3 -1.980000 0.001001
3 -1.960000 0.001094
3 -1.940001 0.001194
3 -1.920000 0.001306
3 -1.900001 0.001430
3 -1.880000 0.001564
3 -1.860001 0.001719
3 -1.840000 0.001890
3 -1.820001 0.002086
3 -1.800000 0.002303
3 -1.780001 0.002539
3 -1.760000 0.002798
3 -1.740000 0.003075
3 -1.720000 0.003360
3 -1.700000 0.003671
3 -1.680000 0.003987
3 -1.660000 0.004315
3 -1.640000 0.004676
3 -1.620000 0.005047
3 -1.600000 0.005416
3 -1.580000 0.005828
3 -1.560000 0.006231
3 -1.540000 0.006643
3 -1.520000 0.007082
3 -1.500000 0.007510
3 -1.480000 0.007966
3 -1.460000 0.008422
3 -1.440001 0.008906
3 -1.420000 0.009390
3 -1.400001 0.009865
3 -1.380000 0.010320
3 -1.360001 0.010846
3 -1.340000 0.011297
3 -1.320001 0.011828
3 -1.300000 0.012345
3 -1.280001 0.012883
3 -1.260000 0.013372
3 -1.240000 0.013894
3 -1.220000 0.014422
3 -1.200000 0.014996
3 -1.180000 0.015550
3 -1.160000 0.016123
3 -1.140000 0.016654
3 -1.120000 0.017196
3 -1.100000 0.017750
3 -1.080000 0.018270
3 -1.060000 0.018774
3 -1.040000 0.019244
3 -1.020000 0.019659
3 -1.000000 0.020095
3 -0.980000 0.020413
3 -0.960000 0.020713
3 -0.940001 0.020979
3 -0.920000 0.021159
3 -0.900001 0.021298
3 -0.880000 0.021406
3 -0.860001 0.021456
3 -0.840000 0.021444
3 -0.820001 0.021342
3 -0.800000 0.021150
3 -0.780001 0.020921
3 -0.760000 0.020579
3 -0.740001 0.020165
3 -0.720000 0.019669
3 -0.700000 0.019135
3 -0.680000 0.018581
3 -0.660000 0.017944
3 -0.640000 0.017282
3 -0.620000 0.016566
3 -0.600000 0.015763
3 -0.580000 0.014946
3 -0.560000 0.014091
3 -0.540000 0.013238
3 -0.520000 0.012336
3 -0.500000 0.011492
3 -0.480000 0.010540
3 -0.460000 0.009666
3 -0.440001 0.008758
3 -0.420000 0.007866
3 -0.400001 0.007040
3 -0.380000 0.006270
3 -0.360001 0.005514
3 -0.340000 0.004869
3 -0.320001 0.004215
3 -0.300000 0.003661
3 -0.280001 0.003146
3 -0.260000 0.002702
3 -0.240001 0.002300
3 -0.220000 0.001949
3 -0.200000 0.001650
3 -0.180000 0.001377
3 -0.160000 0.001147
3 -0.140000 0.000950
3 -0.120000 0.000775
3 -0.100000 0.000632
3 -0.080000 0.000511
3 -0.060000 0.000410
3 -0.040000 0.000325
3 -0.020000 0.000259
3 0.000000 0.000202
3 0.020000 0.000157
3 0.040000 0.000120
3 0.059999 0.000090
3 0.080000 0.000068
3 0.099999 0.000049
3 0.120000 0.000036
3 0.139999 0.000025
3 0.160000 0.000017
3 0.179999 0.000012
3 0.200000 0.000008
3 0.219999 0.000005
3 0.240000 0.000003
3 0.259999 0.000002
3 0.280000 0.000001
4 -3.440001 0.000001
4 -3.420000 0.000001
4 -3.400001 0.000002
4 -3.380000 0.000002
4 -3.360001 0.000003
4 -3.340000 0.000004
4 -3.320001 0.000005
4 -3.300000 0.000007
4 -3.280000 0.000009
4 -3.260000 0.000011
4 -3.240000 0.000014
4 -3.220000 0.000017
4 -3.200000 0.000021
4 -3.180000 0.000026
4 -3.160000 0.000032
4 -3.140000 0.000038
4 -3.120000 0.000046
4 -3.100000 0.000054
4 -3.080000 0.000065
4 -3.060000 0.000077
4 -3.040000 0.000090
4 -3.020000 0.000104
4 -3.000000 0.000119
4 -2.980000 0.000137
4 -2.960000 0.000156
4 -2.940001 0.000177
4 -2.920000 0.000199
4 -2.900001 0.000222
4 -2.880000 0.000247
4 -2.860001 0.000274
4 -2.840000 0.000300
4 -2.820001 0.000331
4 -2.800000 0.000362
4 -2.780000 0.000394
4 -2.760000 0.000430
4 -2.740000 0.000464
4 -2.720000 0.000501
4 -2.700000 0.000539
4 -2.680000 0.000578
4 -2.660000 0.000619
4 -2.640000 0.000665
4 -2.620000 0.000718
4 -2.600000 0.000773
4 -2.580000 0.000838
4 -2.560000 0.000911
4 -2.540000 0.000989
4 -2.520000 0.001077
4 -2.500000 0.001174
4 -2.480000 0.001283
4 -2.460000 0.001410
4 -2.440001 0.001548
4 -2.420000 0.001704
4 -2.400001 0.001873
4 -2.380000 0.002076
4 -2.360001 0.002296
4 -2.340000 0.002535
4 -2.320001 0.002789
4 -2.300000 0.003062
4 -2.280001 0.003352
4 -2.260000 0.003666
4 -2.240000 0.003992
4 -2.220000 0.004334
4 -2.200000 0.004690
4 -2.180000 0.005059
4 -2.160000 0.005460
4 -2.140000 0.005839
4 -2.120000 0.006265
4 -2.100000 0.006680
4 -2.080000 0.007143
4 -2.060000 0.007566
4 -2.040000 0.008039
4 -2.020000 0.008509
4 -2.000000 0.009003
4 -1.980000 0.009483
4 -1.960000 0.009970
4 -1.940001 0.010465
4 -1.920000 0.010968
4 -1.900001 0.011491
4 -1.880000 0.012018
4 -1.860001 0.012520
4 -1.840000 0.013044
4 -1.820001 0.013602
4 -1.800000 0.014129
4 -1.780001 0.014711
4 -1.760000 0.015247
4 -1.740000 0.015801
4 -1.720000 0.016379
4 -1.700000 0.016904
4 -1.680000 0.017438
4 -1.660000 0.017984
4 -1.640000 0.018507
4 -1.620000 0.018982
4 -1.600000 0.019487
4 -1.580000 0.019920
4 -1.560000 0.020330
4 -1.540000 0.020754
4 -1.520000 0.021032
4 -1.500000 0.021305
4 -1.480000 0.021466
4 -1.460000 0.021649
4 -1.440001 0.021757
4 -1.420000 0.021758
4 -1.400001 0.021728
4 -1.380000 0.021584
4 -1.360001 0.021422
4 -1.340000 0.021042
4 -1.320001 0.020730
4 -1.300000 0.020229
4 -1.280001 0.019733
4 -1.260000 0.019139
4 -1.240000 0.018578
4 -1.220000 0.017893
4 -1.200000 0.017161
4 -1.180000 0.016350
4 -1.160000 0.015565
4 -1.140000 0.014702
4 -1.120000 0.013843
4 -1.100000 0.012881
4 -1.080000 0.012009
4 -1.060000 0.011017
4 -1.040000 0.010103
4 -1.020000 0.009190
4 -1.000000 0.008305
4 -0.980000 0.007425
4 -0.960000 0.006632
4 -0.940001 0.005895
4 -0.920000 0.005168
4 -0.900001 0.004514
4 -0.880000 0.003928
4 -0.860001 0.003386
4 -0.840000 0.002906
4 -0.820001 0.002477
4 -0.800000 0.002085
4 -0.780001 0.001754
4 -0.760000 0.001460
4 -0.740001 0.001212
4 -0.720000 0.000992
4 -0.700000 0.000813
4 -0.680000 0.000659
4 -0.660000 0.000531
4 -0.640000 0.000423
4 -0.620000 0.000334
4 -0.600000 0.000264
4 -0.580000 0.000206
4 -0.560000 0.000160
4 -0.540000 0.000122
4 -0.520000 0.000092
4 -0.500000 0.000069
4 -0.480000 0.000052
4 -0.460000 0.000038
4 -0.440001 0.000028
4 -0.420000 0.000020
4 -0.400001 0.000014
4 -0.380000 0.000010
4 -0.360001 0.000007
4 -0.340000 0.000005
4 -0.320001 0.000003
4 -0.300000 0.000002
4 -0.280001 0.000001
5 -3.800000 0.000001
5 -3.780000 0.000001
5 -3.760000 0.000002
5 -3.740000 0.000003
5 -3.720000 0.000003
5 -3.700000 0.000004
5 -3.680000 0.000006
5 -3.660000 0.000007
5 -3.640000 0.000009
5 -3.620000 0.000011
5 -3.600000 0.000014
5 -3.580000 0.000017
5 -3.560000 0.000021
5 -3.540000 0.000026
5 -3.520000 0.000032
5 -3.500000 0.000038
5 -3.480000 0.000046
5 -3.460000 0.000054
5 -3.440001 0.000064
5 -3.420000 0.000076
5 -3.400001 0.000089
5 -3.380000 0.000103
5 -3.360001 0.000118
5 -3.340000 0.000134
5 -3.320001 0.000154
5 -3.300000 0.000174
5 -3.280000 0.000197
5 -3.260000 0.000220
5 -3.240000 0.000247
5 -3.220000 0.000271
5 -3.200000 0.000299
5 -3.180000 0.000328
5 -3.160000 0.000360
5 -3.140000 0.000392
5 -3.120000 0.000428
5 -3.100000 0.000464
5 -3.080000 0.000502
5 -3.060000 0.000540
5 -3.040000 0.000583
5 -3.020000 0.000624
5 -3.000000 0.000671
5 -2.980000 0.000725
5 -2.960000 0.000786
5 -2.940001 0.000851
5 -2.920000 0.000924
5 -2.900001 0.001003
5 -2.880000 0.001090
5 -2.860001 0.001192
5 -2.840000 0.001310
5 -2.820001 0.001434
5 -2.800000 0.001582
5 -2.780000 0.001731
5 -2.760000 0.001915
5 -2.740000 0.002110
5 -2.720000 0.002325
5 -2.700000 0.002574
5 -2.680000 0.002821
5 -2.660000 0.003086
5 -2.640000 0.003382
5 -2.620000 0.003687
5 -2.600000 0.004016
5 -2.580000 0.004361
5 -2.560000 0.004706
5 -2.540000 0.005088
5 -2.520000 0.005467
5 -2.500000 0.005874
5 -2.480000 0.006264
5 -2.460000 0.006701
5 -2.440001 0.007148
5 -2.420000 0.007612
5 -2.400001 0.008074
5 -2.380000 0.008554
5 -2.360001 0.009042
5 -2.340000 0.009511
5 -2.320001 0.009982
5 -2.300000 0.010491
5 -2.280001 0.011026
5 -2.260000 0.011584
5 -2.240000 0.012120
5 -2.220000 0.012600
5 -2.200000 0.013128
5 -2.180000 0.013666
5 -2.160000 0.014221
5 -2.140000 0.014790
5 -2.120000 0.015373
5 -2.100000 0.015912
5 -2.080000 0.016452
5 -2.060000 0.017007
5 -2.040000 0.017543
5 -2.020000 0.018070
5 -2.000000 0.018550
5 -1.980000 0.019025
5 -1.960000 0.019482
5 -1.940001 0.019935
5 -1.920000 0.020374
5 -1.900001 0.020756
5 -1.880000 0.021055
5 -1.860001 0.021275
5 -1.840000 0.021463
5 -1.820001 0.021579
5 -1.800000 0.021693
5 -1.780001 0.021709
5 -1.760000 0.021671
5 -1.740000 0.021500
5 -1.720000 0.021244
5 -1.700000 0.020928
5 -1.680000 0.020578
5 -1.660000 0.020090
5 -1.640000 0.019525
5 -1.620000 0.019011
5 -1.600000 0.018333
5 -1.580000 0.017705
5 -1.560000 0.016960
5 -1.540000 0.016181
5 -1.520000 0.015358
5 -1.500000 0.014494
5 -1.480000 0.013674
5 -1.460000 0.012711
5 -1.440001 0.011836
5 -1.420000 0.010867
5 -1.400001 0.009996
5 -1.380000 0.009097
5 -1.360001 0.008234
5 -1.340000 0.007443
5 -1.320001 0.006618
5 -1.300000 0.005907
5 -1.280001 0.005193
5 -1.260000 0.004594
5 -1.240000 0.003986
5 -1.220000 0.003469
5 -1.200000 0.002996
5 -1.180000 0.002555
5 -1.160000 0.002174
5 -1.140000 0.001832
5 -1.120000 0.001523
5 -1.100000 0.001275
5 -1.080000 0.001061
5 -1.060000 0.000866
5 -1.040000 0.000712
5 -1.020000 0.000574
5 -1.000000 0.000463
5 -0.980000 0.000368
5 -0.960000 0.000293
5 -0.940001 0.000230
5 -0.920000 0.000180
5 -0.900001 0.000139
5 -0.880000 0.000107
5 -0.860001 0.000081
5 -0.840000 0.000061
5 -0.820001 0.000046
5 -0.800000 0.000034
5 -0.780001 0.000025
5 -0.760000 0.000019
5 -0.740001 0.000013
5 -0.720000 0.000010
5 -0.700000 0.000007
5 -0.680000 0.000005
5 -0.660000 0.000003
5 -0.640000 0.000002
5 -0.620000 0.000002
5 -0.600000 0.000001
6 -1.820001 0.000001
6 -1.800000 0.000002
6 -1.780001 0.000002
6 -1.760000 0.000003
6 -1.740000 0.000004
6 -1.720000 0.000005
6 -1.700000 0.000006
6 -1.680000 0.000008
6 -1.660000 0.000010
6 -1.640000 0.000013
6 -1.620000 0.000016
6 -1.600000 0.000019
6 -1.580000 0.000023
6 -1.560000 0.000029
6 -1.540000 0.000035
6 -1.520000 0.000041
6 -1.500000 0.000049
6 -1.480000 0.000057
6 -1.460000 0.000068
6 -1.440001 0.000080
6 -1.420000 0.000093
6 -1.400001 0.000107
6 -1.380000 0.000123
6 -1.360001 0.000139
6 -1.340000 0.000157
6 -1.320001 0.000178
6 -1.300000 0.000198
6 -1.280001 0.000222
6 -1.260000 0.000245
6 -1.240000 0.000271
6 -1.220000 0.000296
6 -1.200000 0.000323
6 -1.180000 0.000353
6 -1.160000 0.000383
6 -1.140000 0.000417
6 -1.120000 0.000449
6 -1.100000 0.000482
6 -1.080000 0.000516
6 -1.060000 0.000552
6 -1.040000 0.000588
6 -1.020000 0.000629
6 -1.000000 0.000680
6 -0.980000 0.000733
6 -0.960000 0.000803
6 -0.940001 0.000885
6 -0.920000 0.000958
6 -0.900001 0.001039
6 -0.880000 0.001131
6 -0.860001 0.001235
6 -0.840000 0.001348
6 -0.820001 0.001477
6 -0.800000 0.001617
6 -0.780001 0.001778
6 -0.760000 0.001951
6 -0.740001 0.002149
6 -0.720000 0.002380
6 -0.700000 0.002625
6 -0.680000 0.002887
6 -0.660000 0.003162
6 -0.640000 0.003462
6 -0.620000 0.003775
6 -0.600000 0.004102
6 -0.580000 0.004439
6 -0.560000 0.004798
6 -0.540000 0.005162
6 -0.520000 0.005553
6 -0.500000 0.005947
6 -0.480000 0.006362
6 -0.460000 0.006786
6 -0.440001 0.007209
6 -0.420000 0.007655
6 -0.400001 0.008102
6 -0.380000 0.008547
6 -0.360001 0.009042
6 -0.340000 0.009496
6 -0.320001 0.009973
6 -0.300000 0.010452
6 -0.280001 0.010918
6 -0.260000 0.011430
6 -0.240001 0.011933
6 -0.220000 0.012446
6 -0.200000 0.012946
6 -0.180000 0.013434
6 -0.160000 0.013934
6 -0.140000 0.014475
6 -0.120000 0.014993
6 -0.100000 0.015563
6 -0.080000 0.016159
6 -0.060000 0.016720
6 -0.040000 0.017284
6 -0.020000 0.017811
6 0.000000 0.018327
6 0.020000 0.018857
6 0.040000 0.019295
6 0.059999 0.019721
6 0.080000 0.020115
6 0.099999 0.020438
6 0.120000 0.020679
6 0.139999 0.020889
6 0.160000 0.021076
6 0.179999 0.021239
6 0.200000 0.021297
6 0.219999 0.021314
6 0.240000 0.021309
6 0.259999 0.021244
6 0.280000 0.021109
6 0.300000 0.020836
6 0.320000 0.020528
6 0.340000 0.020120
6 0.360000 0.019638
6 0.380000 0.019072
6 0.400000 0.018530
6 0.420000 0.017869
6 0.440000 0.017179
6 0.460000 0.016476
6 0.480000 0.015736
6 0.500000 0.014893
6 0.520000 0.014024
6 0.540000 0.013189
6 0.559999 0.012258
6 0.580000 0.011366
6 0.599999 0.010441
6 0.620000 0.009532
6 0.639999 0.008613
6 0.660000 0.007725
6 0.679999 0.006887
6 0.700000 0.006076
6 0.719999 0.005344
6 0.740000 0.004667
6 0.759999 0.004036
6 0.780000 0.003480
6 0.799999 0.002991
6 0.820000 0.002557
6 0.840000 0.002170
6 0.860000 0.001830
6 0.880000 0.001540
6 0.900000 0.001289
6 0.920000 0.001065
6 0.940000 0.000874
6 0.960000 0.000711
6 0.980000 0.000577
6 1.000000 0.000464
6 1.020000 0.000370
6 1.040000 0.000292
6 1.059999 0.000230
6 1.080000 0.000178
6 1.099999 0.000137
6 1.120000 0.000103
6 1.139999 0.000077
6 1.160000 0.000057
6 1.179999 0.000041
6 1.200000 0.000029
6 1.219999 0.000020
6 1.240000 0.000013
6 1.259999 0.000009
6 1.280000 0.000006
6 1.299999 0.000004
6 1.320000 0.000002
6 1.340000 0.000001
7 -5.180000 0.000001
7 -5.160000 0.000002
7 -5.140000 0.000002
7 -5.120000 0.000003
7 -5.100000 0.000003
7 -5.080000 0.000004
7 -5.060000 0.000005
7 -5.040000 0.000007
7 -5.020000 0.000009
7 -5.000000 0.000011
7 -4.980000 0.000013
7 -4.960000 0.000016
7 -4.940000 0.000020
7 -4.920000 0.000024
7 -4.900000 0.000030
7 -4.880000 0.000035
7 -4.860000 0.000042
7 -4.840000 0.000050
7 -4.820000 0.000059
7 -4.800000 0.000069
7 -4.780000 0.000081
7 -4.760000 0.000094
7 -4.740000 0.000108
7 -4.720000 0.000123
7 -4.700000 0.000140
7 -4.680000 0.000159
7 -4.660000 0.000179
7 -4.640000 0.000202
7 -4.620000 0.000225
7 -4.600000 0.000252
7 -4.580000 0.000276
7 -4.560000 0.000306
7 -4.540000 0.000335
7 -4.520000 0.000366
7 -4.500000 0.000399
7 -4.480000 0.000435
7 -4.460000 0.000472
7 -4.440000 0.000511
7 -4.420000 0.000553
7 -4.400000 0.000598
7 -4.380000 0.000642
7 -4.360000 0.000693
7 -4.340000 0.000753
7 -4.320000 0.000817
7 -4.300000 0.000884
7 -4.280000 0.000963
7 -4.260000 0.001049
7 -4.240000 0.001148
7 -4.220000 0.001250
7 -4.200000 0.001371
7 -4.180000 0.001509
7 -4.160000 0.001649
7 -4.140000 0.001817
7 -4.120000 0.001995
7 -4.100000 0.002194
7 -4.080000 0.002414
7 -4.060000 0.002647
7 -4.040000 0.002903
7 -4.020000 0.003165
7 -4.000000 0.003458
7 -3.980000 0.003756
7 -3.960000 0.004077
7 -3.940001 0.004413
7 -3.920000 0.004779
7 -3.900001 0.005138
7 -3.880000 0.005525
7 -3.860001 0.005901
7 -3.840000 0.006302
7 -3.820001 0.006734
7 -3.800000 0.007192
7 -3.780000 0.007646
7 -3.760000 0.008117
7 -3.740000 0.008578
7 -3.720000 0.009061
7 -3.700000 0.009518
7 -3.680000 0.009987
7 -3.660000 0.010538
7 -3.640000 0.011062
7 -3.620000 0.011650
7 -3.600000 0.012142
7 -3.580000 0.012647
7 -3.560000 0.013143
7 -3.540000 0.013707
7 -3.520000 0.014233
7 -3.500000 0.014807
7 -3.480000 0.015407
7 -3.460000 0.015963
7 -3.440001 0.016507
7 -3.420000 0.017014
7 -3.400001 0.017527
7 -3.380000 0.017987
7 -3.360001 0.018482
7 -3.340000 0.018894
7 -3.320001 0.019382
7 -3.300000 0.019816
7 -3.280000 0.020204
7 -3.260000 0.020545
7 -3.240000 0.020804
7 -3.220000 0.021011
7 -3.200000 0.021197
7 -3.180000 0.021281
7 -3.160000 0.021363
7 -3.140000 0.021405
7 -3.120000 0.021296
7 -3.100000 0.021126
7 -3.080000 0.020851
7 -3.060000 0.020547
7 -3.040000 0.020213
7 -3.020000 0.019687
7 -3.000000 0.019210
7 -2.980000 0.018629
7 -2.960000 0.018078
7 -2.940001 0.017399
7 -2.920000 0.016699
7 -2.900001 0.015931
7 -2.880000 0.015160
7 -2.860001 0.014341
7 -2.840000 0.013502
7 -2.820001 0.012684
7 -2.800000 0.011794
7 -2.780000 0.010922
7 -2.760000 0.010073
7 -2.740000 0.009173
7 -2.720000 0.008385
7 -2.700000 0.007598
7 -2.680000 0.006853
7 -2.660000 0.006144
7 -2.640000 0.005454
7 -2.620000 0.004842
7 -2.600000 0.004256
7 -2.580000 0.003745
7 -2.560000 0.003253
7 -2.540000 0.002824
7 -2.520000 0.002430
7 -2.500000 0.002061
7 -2.480000 0.001755
7 -2.460000 0.001474
7 -2.440001 0.001235
7 -2.420000 0.001041
7 -2.400001 0.000859
7 -2.380000 0.000708
7 -2.360001 0.000575
7 -2.340000 0.000466
7 -2.320001 0.000379
7 -2.300000 0.000300
7 -2.280001 0.000243
7 -2.260000 0.000190
7 -2.240000 0.000150
7 -2.220000 0.000115
7 -2.200000 0.000089
7 -2.180000 0.000069
7 -2.160000 0.000052
7 -2.140000 0.000040
7 -2.120000 0.000030
7 -2.100000 0.000023
7 -2.080000 0.000016
7 -2.060000 0.000012
7 -2.040000 0.000009
7 -2.020000 0.000006
7 -2.000000 0.000005
7 -1.980000 0.000003
7 -1.960000 0.000002
7 -1.940001 0.000002
7 -1.920000 0.000001
8 -6.020000 0.000001
8 -6.000000 0.000001
8 -5.980000 0.000002
8 -5.960000 0.000002
8 -5.940000 0.000003
8 -5.920000 0.000004
8 -5.900000 0.000005
8 -5.880000 0.000006
8 -5.860000 0.000007
8 -5.840000 0.000009
8 -5.820000 0.000011
8 -5.800000 0.000014
8 -5.780000 0.000017
8 -5.760000 0.000020
8 -5.740000 0.000024
8 -5.720000 0.000029
8 -5.700000 0.000034
8 -5.680000 0.000040
8 -5.660000 0.000048
8 -5.640000 0.000056
8 -5.620000 0.000065
8 -5.600000 0.000075
8 -5.580000 0.000087
8 -5.560000 0.000100
8 -5.540000 0.000113
8 -5.520000 0.000128
8 -5.500000 0.000144
8 -5.480000 0.000164
8 -5.460000 0.000183
8 -5.440000 0.000205
8 -5.420000 0.000227
8 -5.400000 0.000255
8 -5.380000 0.000280
8 -5.360000 0.000308
8 -5.340000 0.000337
8 -5.320000 0.000370
8 -5.300000 0.000404
8 -5.280000 0.000440
8 -5.260000 0.000480
8 -5.240000 0.000522
8 -5.220000 0.000568
8 -5.200000 0.000616
8 -5.180000 0.000670
8 -5.160000 0.000729
8 -5.140000 0.000793
8 -5.120000 0.000864
8 -5.100000 0.000940
8 -5.080000 0.001031
8 -5.060000 0.001120
8 -5.040000 0.001224
8 -5.020000 0.001345
8 -5.000000 0.001472
8 -4.980000 0.001608
8 -4.960000 0.001763
8 -4.940000 0.001933
8 -4.920000 0.002120
8 -4.900000 0.002323
8 -4.880000 0.002534
8 -4.860000 0.002774
8 -4.840000 0.003025
8 -4.820000 0.003294
8 -4.800000 0.003564
8 -4.780000 0.003862
8 -4.760000 0.004188
8 -4.740000 0.004511
8 -4.720000 0.004872
8 -4.700000 0.005233
8 -4.680000 0.005603
8 -4.660000 0.005971
8 -4.640000 0.006378
8 -4.620000 0.006800
8 -4.600000 0.007267
8 -4.580000 0.007711
8 -4.560000 0.008199
8 -4.540000 0.008623
8 -4.520000 0.009096
8 -4.500000 0.009572
8 -4.480000 0.010058
8 -4.460000 0.010608
8 -4.440000 0.011149
8 -4.420000 0.011714
8 -4.400000 0.012215
8 -4.380000 0.012723
8 -4.360000 0.013238
8 -4.340000 0.013773
8 -4.320000 0.014331
8 -4.300000 0.014892
8 -4.280000 0.015492
8 -4.260000 0.016059
8 -4.240000 0.016554
8 -4.220000 0.017028
8 -4.200000 0.017500
8 -4.180000 0.017940
8 -4.160000 0.018394
8 -4.140000 0.018830
8 -4.120000 0.019268
8 -4.100000 0.019682
8 -4.080000 0.020006
8 -4.060000 0.020283
8 -4.040000 0.020483
8 -4.020000 0.020690
8 -4.000000 0.020789
8 -3.980000 0.020899
8 -3.960000 0.020900
8 -3.940001 0.020898
8 -3.920000 0.020807
8 -3.900001 0.020616
8 -3.880000 0.020344
8 -3.860001 0.020030
8 -3.840000 0.019676
8 -3.820001 0.019183
8 -3.800000 0.018695
8 -3.780000 0.018149
8 -3.760000 0.017565
8 -3.740000 0.016982
8 -3.720000 0.016320
8 -3.700000 0.015646
8 -3.680000 0.014829
8 -3.660000 0.014112
8 -3.640000 0.013282
8 -3.620000 0.012459
8 -3.600000 0.011688
8 -3.580000 0.010925
8 -3.560000 0.010096
8 -3.540000 0.009296
8 -3.520000 0.008507
8 -3.500000 0.007768
8 -3.480000 0.007051
8 -3.460000 0.006358
8 -3.440001 0.005735
8 -3.420000 0.005133
8 -3.400001 0.004568
8 -3.380000 0.004061
8 -3.360001 0.003566
8 -3.340000 0.003113
8 -3.320001 0.002729
8 -3.300000 0.002376
8 -3.280000 0.002050
8 -3.260000 0.001750
8 -3.240000 0.001494
8 -3.220000 0.001264
8 -3.200000 0.001073
8 -3.180000 0.000903
8 -3.160000 0.000751
8 -3.140000 0.000626
8 -3.120000 0.000514
8 -3.100000 0.000421
8 -3.080000 0.000344
8 -3.060000 0.000282
8 -3.040000 0.000226
8 -3.020000 0.000182
8 -3.000000 0.000144
8 -2.980000 0.000113
8 -2.960000 0.000089
8 -2.940001 0.000069
8 -2.920000 0.000054
8 -2.900001 0.000042
8 -2.880000 0.000032
8 -2.860001 0.000025
8 -2.840000 0.000018
8 -2.820001 0.000014
8 -2.800000 0.000010
8 -2.780000 0.000008
8 -2.760000 0.000006
8 -2.740000 0.000004
8 -2.720000 0.000003
8 -2.700000 0.000002
8 -2.680000 0.000002
8 -2.660000 0.000001
9 -6.200000 0.000001
9 -6.180000 0.000001
9 -6.160000 0.000002
9 -6.140000 0.000002
9 -6.120000 0.000003
9 -6.100000 0.000004
9 -6.080000 0.000005
9 -6.060000 0.000006
9 -6.040000 0.000007
9 -6.020000 0.000009
9 -6.000000 0.000011
9 -5.980000 0.000014
9 -5.960000 0.000017
9 -5.940000 0.000020
9 -5.920000 0.000024
9 -5.900000 0.000028
9 -5.880000 0.000034
9 -5.860000 0.000040
9 -5.840000 0.000047
9 -5.820000 0.000055
9 -5.800000 0.000064
9 -5.780000 0.000074
9 -5.760000 0.000085
9 -5.740000 0.000098
9 -5.720000 0.000111
9 -5.700000 0.000126
9 -5.680000 0.000142
9 -5.660000 0.000161
9 -5.640000 0.000179
9 -5.620000 0.000200
9 -5.600000 0.000223
9 -5.580000 0.000249
9 -5.560000 0.000275
9 -5.540000 0.000301
9 -5.520000 0.000334
9 -5.500000 0.000363
9 -5.480000 0.000396
9 -5.460000 0.000433
9 -5.440000 0.000471
9 -5.420000 0.000511
9 -5.400000 0.000559
9 -5.380000 0.000607
9 -5.360000 0.000659
9 -5.340000 0.000717
9 -5.320000 0.000778
9 -5.300000 0.000850
9 -5.280000 0.000927
9 -5.260000 0.001005
9 -5.240000 0.001100
9 -5.220000 0.001202
9 -5.200000 0.001317
9 -5.180000 0.001440
9 -5.160000 0.001577
9 -5.140000 0.001725
9 -5.120000 0.001891
9 -5.100000 0.002066
9 -5.080000 0.002265
9 -5.060000 0.002481
9 -5.040000 0.002706
9 -5.020000 0.002952
9 -5.000000 0.003209
9 -4.980000 0.003481
9 -4.960000 0.003767
9 -4.940000 0.004078
9 -4.920000 0.004406
9 -4.900000 0.004745
9 -4.880000 0.005115
9 -4.860000 0.005469
9 -4.840000 0.005838
9 -4.820000 0.006218
9 -4.800000 0.006656
9 -4.780000 0.007096
9 -4.760000 0.007555
9 -4.740000 0.008019
9 -4.720000 0.008463
9 -4.700000 0.008894
9 -4.680000 0.009379
9 -4.660000 0.009859
9 -4.640000 0.010408
9 -4.620000 0.010931
9 -4.600000 0.011505
9 -4.580000 0.011997
9 -4.560000 0.012511
9 -4.540000 0.013025
9 -4.520000 0.013538
9 -4.500000 0.014067
9 -4.480000 0.014681
9 -4.460000 0.015226
9 -4.440000 0.015831
9 -4.420000 0.016321
9 -4.400000 0.016811
9 -4.380000 0.017231
9 -4.360000 0.017701
9 -4.340000 0.018160
9 -4.320000 0.018570
9 -4.300000 0.019013
9 -4.280000 0.019463
9 -4.260000 0.019802
9 -4.240000 0.020046
9 -4.220000 0.020344
9 -4.200000 0.020495
9 -4.180000 0.020584
9 -4.160000 0.020740
9 -4.140000 0.020777
9 -4.120000 0.020791
9 -4.100000 0.020723
9 -4.080000 0.020613
9 -4.060000 0.020269
9 -4.040000 0.020055
9 -4.020000 0.019738
9 -4.000000 0.019225
9 -3.980000 0.018788
9 -3.960000 0.018279
9 -3.940001 0.017745
9 -3.920000 0.017093
9 -3.900001 0.016546
9 -3.880000 0.015899
9 -3.860001 0.015129
9 -3.840000 0.014360
9 -3.820001 0.013607
9 -3.800000 0.012791
9 -3.780000 0.012013
9 -3.760000 0.011288
9 -3.740000 0.010460
9 -3.720000 0.009674
9 -3.700000 0.008907
9 -3.680000 0.008153
9 -3.660000 0.007400
9 -3.640000 0.006727
9 -3.620000 0.006083
9 -3.600000 0.005453
9 -3.580000 0.004893
9 -3.560000 0.004357
9 -3.540000 0.003858
9 -3.520000 0.003381
9 -3.500000 0.002981
9 -3.480000 0.002601
9 -3.460000 0.002246
9 -3.440001 0.001943
9 -3.420000 0.001665
9 -3.400001 0.001415
9 -3.380000 0.001201
9 -3.360001 0.001025
9 -3.340000 0.000860
9 -3.320001 0.000712
9 -3.300000 0.000595
9 -3.280000 0.000488
9 -3.260000 0.000400
9 -3.240000 0.000328
9 -3.220000 0.000268
9 -3.200000 0.000217
9 -3.180000 0.000172
9 -3.160000 0.000137
9 -3.140000 0.000108
9 -3.120000 0.000084
9 -3.100000 0.000066
9 -3.080000 0.000052
9 -3.060000 0.000040
9 -3.040000 0.000031
9 -3.020000 0.000024
9 -3.000000 0.000018
9 -2.980000 0.000013
9 -2.960000 0.000010
9 -2.940001 0.000007
9 -2.920000 0.000005
9 -2.900001 0.000004
9 -2.880000 0.000003
9 -2.860001 0.000002
9 -2.840000 0.000001
9 -2.820001 0.000001
10 -6.260000 0.000001
10 -6.240000 0.000001
10 -6.220000 0.000002
10 -6.200000 0.000002
10 -6.180000 0.000003
10 -6.160000 0.000004
10 -6.140000 0.000005
10 -6.120000 0.000006
10 -6.100000 0.000008
10 -6.080000 0.000009
10 -6.060000 0.000011
10 -6.040000 0.000014
10 -6.020000 0.000017
10 -6.000000 0.000020
10 -5.980000 0.000024
10 -5.960000 0.000029
10 -5.940000 0.000035
10 -5.920000 0.000041
10 -5.900000 0.000048
10 -5.880000 0.000056
10 -5.860000 0.000065
10 -5.840000 0.000076
10 -5.820000 0.000087
10 -5.800000 0.000100
10 -5.780000 0.000113
10 -5.760000 0.000128
10 -5.740000 0.000144
10 -5.720000 0.000164
10 -5.700000 0.000183
10 -5.680000 0.000204
10 -5.660000 0.000228
10 -5.640000 0.000253
10 -5.620000 0.000280
10 -5.600000 0.000307
10 -5.580000 0.000336
10 -5.560000 0.000370
10 -5.540000 0.000401
10 -5.520000 0.000438
10 -5.500000 0.000477
10 -5.480000 0.000517
10 -5.460000 0.000563
10 -5.440000 0.000612
10 -5.420000 0.000663
10 -5.400000 0.000723
10 -5.380000 0.000784
10 -5.360000 0.000852
10 -5.340000 0.000931
10 -5.320000 0.001014
10 -5.300000 0.001103
10 -5.280000 0.001208
10 -5.260000 0.001324
10 -5.240000 0.001444
10 -5.220000 0.001585
10 -5.200000 0.001733
10 -5.180000 0.001895
10 -5.160000 0.002082
10 -5.140000 0.002274
10 -5.120000 0.002489
10 -5.100000 0.002723
10 -5.080000 0.002966
10 -5.060000 0.003226
10 -5.040000 0.003497
10 -5.020000 0.003791
10 -5.000000 0.004102
10 -4.980000 0.004425
10 -4.960000 0.004769
10 -4.940000 0.005131
10 -4.920000 0.005505
10 -4.900000 0.005859
10 -4.880000 0.006258
10 -4.860000 0.006678
10 -4.840000 0.007142
10 -4.820000 0.007585
10 -4.800000 0.008036
10 -4.780000 0.008495
10 -4.760000 0.008933
10 -4.740000 0.009408
10 -4.720000 0.009906
10 -4.700000 0.010442
10 -4.680000 0.010974
10 -4.660000 0.011505
10 -4.640000 0.012052
10 -4.620000 0.012523
10 -4.600000 0.013043
10 -4.580000 0.013559
10 -4.560000 0.014108
10 -4.540000 0.014693
10 -4.520000 0.015245
10 -4.500000 0.015822
10 -4.480000 0.016366
10 -4.460000 0.016813
10 -4.440000 0.017273
10 -4.420000 0.017716
10 -4.400000 0.018147
10 -4.380000 0.018597
10 -4.360000 0.019035
10 -4.340000 0.019484
10 -4.320000 0.019809
10 -4.300000 0.020085
10 -4.280000 0.020317
10 -4.260000 0.020511
10 -4.240000 0.020634
10 -4.220000 0.020752
10 -4.200000 0.020804
10 -4.180000 0.020778
10 -4.160000 0.020740
10 -4.140000 0.020576
10 -4.120000 0.020351
10 -4.100000 0.019983
10 -4.080000 0.019750
10 -4.060000 0.019282
10 -4.040000 0.018766
10 -4.020000 0.018204
10 -4.000000 0.017762
10 -3.980000 0.017148
10 -3.960000 0.016500
10 -3.940001 0.015860
10 -3.920000 0.015088
10 -3.900001 0.014360
10 -3.880000 0.013561
10 -3.860001 0.012763
10 -3.840000 0.011983
10 -3.820001 0.011235
10 -3.800000 0.010420
10 -3.780000 0.009648
10 -3.760000 0.008829
10 -3.740000 0.008096
10 -3.720000 0.007363
10 -3.700000 0.006676
10 -3.680000 0.006027
10 -3.660000 0.005389
10 -3.640000 0.004840
10 -3.620000 0.004306
10 -3.600000 0.003810
10 -3.580000 0.003336
10 -3.560000 0.002934
10 -3.540000 0.002561
10 -3.520000 0.002212
10 -3.500000 0.001900
10 -3.480000 0.001637
10 -3.460000 0.001386
10 -3.440001 0.001178
10 -3.420000 0.001005
10 -3.400001 0.000838
10 -3.380000 0.000698
10 -3.360001 0.000579
10 -3.340000 0.000476
10 -3.320001 0.000390
10 -3.300000 0.000320
10 -3.280000 0.000260
10 -3.260000 0.000210
10 -3.240000 0.000167
10 -3.220000 0.000132
10 -3.200000 0.000104
10 -3.180000 0.000081
10 -3.160000 0.000064
10 -3.140000 0.000050
10 -3.120000 0.000038
10 -3.100000 0.000030
10 -3.080000 0.000023
10 -3.060000 0.000017
10 -3.040000 0.000013
10 -3.020000 0.000009
10 -3.000000 0.000007
10 -2.980000 0.000005
10 -2.960000 0.000004
10 -2.940001 0.000003
10 -2.920000 0.000002
10 -2.900001 0.000001
11 -6.100000 0.000001
11 -6.080000 0.000002
11 -6.060000 0.000002
11 -6.040000 0.000003
11 -6.020000 0.000003
11 -6.000000 0.000004
11 -5.980000 0.000005
11 -5.960000 0.000007
11 -5.940000 0.000008
11 -5.920000 0.000010
11 -5.900000 0.000013
11 -5.880000 0.000015
11 -5.860000 0.000018
11 -5.840000 0.000022
11 -5.820000 0.000027
11 -5.800000 0.000032
11 -5.780000 0.000037
11 -5.760000 0.000044
11 -5.740000 0.000052
11 -5.720000 0.000061
11 -5.700000 0.000070
11 -5.680000 0.000081
11 -5.660000 0.000094
11 -5.640000 0.000107
11 -5.620000 0.000121
11 -5.600000 0.000137
11 -5.580000 0.000155
11 -5.560000 0.000174
11 -5.540000 0.000195
11 -5.520000 0.000217
11 -5.500000 0.000242
11 -5.480000 0.000269
11 -5.460000 0.000295
11 -5.440000 0.000324
11 -5.420000 0.000357
11 -5.400000 0.000389
11 -5.380000 0.000423
11 -5.360000 0.000461
11 -5.340000 0.000503
11 -5.320000 0.000546
11 -5.300000 0.000596
11 -5.280000 0.000645
11 -5.260000 0.000702
11 -5.240000 0.000763
11 -5.220000 0.000833
11 -5.200000 0.000904
11 -5.180000 0.000986
11 -5.160000 0.001076
11 -5.140000 0.001177
11 -5.120000 0.001290
11 -5.100000 0.001409
11 -5.080000 0.001545
11 -5.060000 0.001692
11 -5.040000 0.001849
11 -5.020000 0.002030
11 -5.000000 0.002222
11 -4.980000 0.002439
11 -4.960000 0.002663
11 -4.940000 0.002911
11 -4.920000 0.003157
11 -4.900000 0.003436
11 -4.880000 0.003722
11 -4.860000 0.004025
11 -4.840000 0.004349
11 -4.820000 0.004701
11 -4.800000 0.005067
11 -4.780000 0.005434
11 -4.760000 0.005789
11 -4.740000 0.006188
11 -4.720000 0.006582
11 -4.700000 0.007054
11 -4.680000 0.007500
11 -4.660000 0.007959
11 -4.640000 0.008431
11 -4.620000 0.008865
11 -4.600000 0.009332
11 -4.580000 0.009838
11 -4.560000 0.010349
11 -4.540000 0.010891
11 -4.520000 0.011453
11 -4.500000 0.011958
11 -4.480000 0.012486
11 -4.460000 0.012979
11 -4.440000 0.013518
11 -4.420000 0.014059
11 -4.400000 0.014616
11 -4.380000 0.015202
11 -4.360000 0.015784
11 -4.340000 0.016332
11 -4.320000 0.016804
11 -4.300000 0.017279
11 -4.280000 0.017709
11 -4.260000 0.018154
11 -4.240000 0.018588
11 -4.220000 0.019054
11 -4.200000 0.019485
11 -4.180000 0.019871
11 -4.160000 0.020141
11 -4.140000 0.020360
11 -4.120000 0.020555
11 -4.100000 0.020745
11 -4.080000 0.020840
11 -4.060000 0.020891
11 -4.040000 0.020906
11 -4.020000 0.020850
11 -4.000000 0.020667
11 -3.980000 0.020454
11 -3.960000 0.020204
11 -3.940001 0.019855
11 -3.920000 0.019369
11 -3.900001 0.018927
11 -3.880000 0.018406
11 -3.860001 0.017841
11 -3.840000 0.017246
11 -3.820001 0.016639
11 -3.800000 0.015945
11 -3.780000 0.015228
11 -3.760000 0.014455
11 -3.740000 0.013662
11 -3.720000 0.012860
11 -3.700000 0.012075
11 -3.680000 0.011271
11 -3.660000 0.010534
11 -3.640000 0.009667
11 -3.620000 0.008892
11 -3.600000 0.008144
11 -3.580000 0.007387
11 -3.560000 0.006716
11 -3.540000 0.006046
11 -3.520000 0.005431
11 -3.500000 0.004850
11 -3.480000 0.004308
11 -3.460000 0.003824
11 -3.440001 0.003338
11 -3.420000 0.002941
11 -3.400001 0.002546
11 -3.380000 0.002211
11 -3.360001 0.001906
11 -3.340000 0.001620
11 -3.320001 0.001383
11 -3.300000 0.001167
11 -3.280000 0.000994
11 -3.260000 0.000829
11 -3.240000 0.000692
11 -3.220000 0.000569
11 -3.200000 0.000469
11 -3.180000 0.000383
11 -3.160000 0.000313
11 -3.140000 0.000255
11 -3.120000 0.000205
11 -3.100000 0.000163
11 -3.080000 0.000129
11 -3.060000 0.000101
11 -3.040000 0.000079
11 -3.020000 0.000062
11 -3.000000 0.000048
11 -2.980000 0.000037
11 -2.960000 0.000028
11 -2.940001 0.000022
11 -2.920000 0.000016
11 -2.900001 0.000012
11 -2.880000 0.000009
11 -2.860001 0.000007
11 -2.840000 0.000005
11 -2.820001 0.000004
11 -2.800000 0.000003
11 -2.780000 0.000002
11 -2.760000 0.000001
12 -6.260000 0.000001
12 -6.240000 0.000001
12 -6.220000 0.000002
12 -6.200000 0.000002
12 -6.180000 0.000003
12 -6.160000 0.000004
12 -6.140000 0.000005
12 -6.120000 0.000006
12 -6.100000 0.000007
12 -6.080000 0.000009
12 -6.060000 0.000011
12 -6.040000 0.000014
12 -6.020000 0.000017
12 -6.000000 0.000020
12 -5.980000 0.000024
12 -5.960000 0.000029
12 -5.940000 0.000035
12 -5.920000 0.000041
12 -5.900000 0.000048
12 -5.880000 0.000056
12 -5.860000 0.000066
12 -5.840000 0.000076
12 -5.820000 0.000087
12 -5.800000 0.000100
12 -5.780000 0.000115
12 -5.760000 0.000129
12 -5.740000 0.000145
12 -5.720000 0.000165
12 -5.700000 0.000184
12 -5.680000 0.000206
12 -5.660000 0.000230
12 -5.640000 0.000256
12 -5.620000 0.000282
12 -5.600000 0.000309
12 -5.580000 0.000340
12 -5.560000 0.000370
12 -5.540000 0.000404
12 -5.520000 0.000442
12 -5.500000 0.000479
12 -5.480000 0.000521
12 -5.460000 0.000568
12 -5.440000 0.000614
12 -5.420000 0.000672
12 -5.400000 0.000728
12 -5.380000 0.000788
12 -5.360000 0.000864
12 -5.340000 0.000937
12 -5.320000 0.001024
12 -5.300000 0.001118
12 -5.280000 0.001224
12 -5.260000 0.001343
12 -5.240000 0.001463
12 -5.220000 0.001608
12 -5.200000 0.001761
12 -5.180000 0.001928
12 -5.160000 0.002110
12 -5.140000 0.002315
12 -5.120000 0.002539
12 -5.100000 0.002764
12 -5.080000 0.003017
12 -5.060000 0.003277
12 -5.040000 0.003563
12 -5.020000 0.003847
12 -5.000000 0.004175
12 -4.980000 0.004492
12 -4.960000 0.004852
12 -4.940000 0.005223
12 -4.920000 0.005580
12 -4.900000 0.005949
12 -4.880000 0.006351
12 -4.860000 0.006786
12 -4.840000 0.007249
12 -4.820000 0.007695
12 -4.800000 0.008144
12 -4.780000 0.008602
12 -4.760000 0.009064
12 -4.740000 0.009531
12 -4.720000 0.010028
12 -4.700000 0.010579
12 -4.680000 0.011115
12 -4.660000 0.011658
12 -4.640000 0.012164
12 -4.620000 0.012700
12 -4.600000 0.013182
12 -4.580000 0.013717
12 -4.560000 0.014290
12 -4.540000 0.014865
12 -4.520000 0.015413
12 -4.500000 0.016007
12 -4.480000 0.016511
12 -4.460000 0.016986
12 -4.440000 0.017436
12 -4.420000 0.017906
12 -4.400000 0.018287
12 -4.380000 0.018803
12 -4.360000 0.019220
12 -4.340000 0.019622
12 -4.320000 0.019964
12 -4.300000 0.020224
12 -4.280000 0.020459
12 -4.260000 0.020651
12 -4.240000 0.020770
12 -4.220000 0.020802
12 -4.200000 0.020871
12 -4.180000 0.020877
12 -4.160000 0.020805
12 -4.140000 0.020586
12 -4.120000 0.020331
12 -4.100000 0.019991
12 -4.080000 0.019640
12 -4.060000 0.019215
12 -4.040000 0.018635
12 -4.020000 0.018186
12 -4.000000 0.017577
12 -3.980000 0.016988
12 -3.960000 0.016344
12 -3.940001 0.015649
12 -3.920000 0.014895
12 -3.900001 0.014129
12 -3.880000 0.013325
12 -3.860001 0.012516
12 -3.840000 0.011748
12 -3.820001 0.011000
12 -3.800000 0.010151
12 -3.780000 0.009374
12 -3.760000 0.008590
12 -3.740000 0.007850
12 -3.720000 0.007117
12 -3.700000 0.006449
12 -3.680000 0.005804
12 -3.660000 0.005206
12 -3.640000 0.004651
12 -3.620000 0.004125
12 -3.600000 0.003641
12 -3.580000 0.003184
12 -3.560000 0.002806
12 -3.540000 0.002420
12 -3.520000 0.002100
12 -3.500000 0.001804
12 -3.480000 0.001534
12 -3.460000 0.001307
12 -3.440001 0.001109
12 -3.420000 0.000936
12 -3.400001 0.000781
12 -3.380000 0.000649
12 -3.360001 0.000536
12 -3.340000 0.000439
12 -3.320001 0.000360
12 -3.300000 0.000294
12 -3.280000 0.000238
12 -3.260000 0.000191
12 -3.240000 0.000152
12 -3.220000 0.000120
12 -3.200000 0.000094
12 -3.180000 0.000073
12 -3.160000 0.000057
12 -3.140000 0.000044
12 -3.120000 0.000034
12 -3.100000 0.000026
12 -3.080000 0.000020
12 -3.060000 0.000015
12 -3.040000 0.000011
12 -3.020000 0.000008
12 -3.000000 0.000006
12 -2.980000 0.000004
12 -2.960000 0.000003
12 -2.940001 0.000002
12 -2.920000 0.000002
12 -2.900001 0.000001
13 -6.300000 0.000001
13 -6.280000 0.000002
13 -6.260000 0.000002
13 -6.240000 0.000003
13 -6.220000 0.000003
13 -6.200000 0.000004
13 -6.180000 0.000005
13 -6.160000 0.000007
13 -6.140000 0.000009
13 -6.120000 0.000011
13 -6.100000 0.000013
13 -6.080000 0.000016
13 -6.060000 0.000019
13 -6.040000 0.000023
13 -6.020000 0.000028
13 -6.000000 0.000033
13 -5.980000 0.000039
13 -5.960000 0.000046
13 -5.940000 0.000054
13 -5.920000 0.000064
13 -5.900000 0.000073
13 -5.880000 0.000085
13 -5.860000 0.000097
13 -5.840000 0.000111
13 -5.820000 0.000126
13 -5.800000 0.000142
13 -5.780000 0.000161
13 -5.760000 0.000180
13 -5.740000 0.000202
13 -5.720000 0.000224
13 -5.700000 0.000250
13 -5.680000 0.000277
13 -5.660000 0.000302
13 -5.640000 0.000333
13 -5.620000 0.000363
13 -5.600000 0.000398
13 -5.580000 0.000432
13 -5.560000 0.000469
13 -5.540000 0.000511
13 -5.520000 0.000555
13 -5.500000 0.000604
13 -5.480000 0.000654
13 -5.460000 0.000714
13 -5.440000 0.000775
13 -5.420000 0.000840
13 -5.400000 0.000920
13 -5.380000 0.001002
13 -5.360000 0.001094
13 -5.340000 0.001200
13 -5.320000 0.001312
13 -5.300000 0.001436
13 -5.280000 0.001578
13 -5.260000 0.001728
13 -5.240000 0.001887
13 -5.220000 0.002079
13 -5.200000 0.002275
13 -5.180000 0.002489
13 -5.160000 0.002720
13 -5.140000 0.002974
13 -5.120000 0.003233
13 -5.100000 0.003498
13 -5.080000 0.003796
13 -5.060000 0.004106
13 -5.040000 0.004442
13 -5.020000 0.004780
13 -5.000000 0.005152
13 -4.980000 0.005520
13 -4.960000 0.005885
13 -4.940000 0.006270
13 -4.920000 0.006715
13 -4.900000 0.007147
13 -4.880000 0.007619
13 -4.860000 0.008070
13 -4.840000 0.008513
13 -4.820000 0.008964
13 -4.800000 0.009454
13 -4.780000 0.009947
13 -4.760000 0.010456
13 -4.740000 0.011027
13 -4.720000 0.011568
13 -4.700000 0.012080
13 -4.680000 0.012590
13 -4.660000 0.013120
13 -4.640000 0.013647
13 -4.620000 0.014175
13 -4.600000 0.014755
13 -4.580000 0.015343
13 -4.560000 0.015914
13 -4.540000 0.016417
13 -4.520000 0.016941
13 -4.500000 0.017357
13 -4.480000 0.017855
13 -4.460000 0.018248
13 -4.440000 0.018725
13 -4.420000 0.019182
13 -4.400000 0.019617
13 -4.380000 0.019935
13 -4.360000 0.020211
13 -4.340000 0.020428
13 -4.320000 0.020649
13 -4.300000 0.020778
13 -4.280000 0.020832
13 -4.260000 0.020917
13 -4.240000 0.020947
13 -4.220000 0.020804
13 -4.200000 0.020599
13 -4.180000 0.020462
13 -4.160000 0.020129
13 -4.140000 0.019638
13 -4.120000 0.019278
13 -4.100000 0.018823
13 -4.080000 0.018189
13 -4.060000 0.017668
13 -4.040000 0.017132
13 -4.020000 0.016448
13 -4.000000 0.015697
13 -3.980000 0.015066
13 -3.960000 0.014171
13 -3.940001 0.013475
13 -3.920000 0.012620
13 -3.900001 0.011847
13 -3.880000 0.011120
13 -3.860001 0.010260
13 -3.840000 0.009500
13 -3.820001 0.008691
13 -3.800000 0.007973
13 -3.780000 0.007218
13 -3.760000 0.006549
13 -3.740000 0.005899
13 -3.720000 0.005303
13 -3.700000 0.004735
13 -3.680000 0.004218
13 -3.660000 0.003708
13 -3.640000 0.003266
13 -3.620000 0.002860
13 -3.600000 0.002480
13 -3.580000 0.002159
13 -3.560000 0.001850
13 -3.540000 0.001581
13 -3.520000 0.001347
13 -3.500000 0.001139
13 -3.480000 0.000973
13 -3.460000 0.000807
13 -3.440001 0.000674
13 -3.420000 0.000555
13 -3.400001 0.000458
13 -3.380000 0.000374
13 -3.360001 0.000308
13 -3.340000 0.000250
13 -3.320001 0.000200
13 -3.300000 0.000160
13 -3.280000 0.000126
13 -3.260000 0.000099
13 -3.240000 0.000078
13 -3.220000 0.000061
13 -3.200000 0.000047
13 -3.180000 0.000037
13 -3.160000 0.000028
13 -3.140000 0.000021
13 -3.120000 0.000016
13 -3.100000 0.000012
13 -3.080000 0.000009
13 -3.060000 0.000007
13 -3.040000 0.000005
13 -3.020000 0.000004
13 -3.000000 0.000003
13 -2.980000 0.000002
13 -2.960000 0.000001
0 -2.040000 0.000004
0 -2.020000 0.000018
0 -2.000000 0.000071
0 -1.980000 0.000244
0 -1.960000 0.000723
0 -1.940001 0.001899
0 -1.920000 0.004434
0 -1.900001 0.009311
0 -1.880000 0.017676
0 -1.860001 0.030425
0 -1.840000 0.047805
0 -1.820001 0.068600
0 -1.800000 0.089948
0 -1.780001 0.107648
0 -1.760000 0.118297
0 -1.740000 0.118894
0 -1.720000 0.109399
0 -1.700000 0.091385
0 -1.680000 0.069823
0 -1.660000 0.048505
0 -1.640000 0.030724
0 -1.620000 0.017755
0 -1.600000 0.009262
0 -1.580000 0.004347
0 -1.560000 0.001818
0 -1.540000 0.000677
0 -1.520000 0.000222
0 -1.500000 0.000064
0 -1.480000 0.000016
0 -1.460000 0.000003
1 -1.600000 0.000001
1 -1.580000 0.000005
1 -1.560000 0.000017
1 -1.540000 0.000051
1 -1.520000 0.000130
1 -1.500000 0.000299
1 -1.480000 0.000614
1 -1.460000 0.001180
1 -1.440001 0.002110
1 -1.420000 0.003594
1 -1.400001 0.005768
1 -1.380000 0.008798
1 -1.360001 0.012814
1 -1.340000 0.017660
1 -1.320001 0.023508
1 -1.300000 0.030051
1 -1.280001 0.037160
1 -1.260000 0.044594
1 -1.240000 0.051746
1 -1.220000 0.058240
1 -1.200000 0.064121
1 -1.180000 0.068542
1 -1.160000 0.071077
1 -1.140000 0.071267
1 -1.120000 0.069086
1 -1.100000 0.064779
1 -1.080000 0.058353
1 -1.060000 0.050974
1 -1.040000 0.043002
1 -1.020000 0.035127
1 -1.000000 0.028103
1 -0.980000 0.021663
1 -0.960000 0.016481
1 -0.940001 0.012293
1 -0.920000 0.008946
1 -0.900001 0.006315
1 -0.880000 0.004328
1 -0.860001 0.002890
1 -0.840000 0.001855
1 -0.820001 0.001143
1 -0.800000 0.000660
1 -0.780001 0.000353
1 -0.760000 0.000175
1 -0.740001 0.000078
1 -0.720000 0.000031
1 -0.700000 0.000011
1 -0.680000 0.000003
2 -0.360001 0.000001
2 -0.340000 0.000004
2 -0.320001 0.000013
2 -0.300000 0.000032
2 -0.280001 0.000069
2 -0.260000 0.000136
2 -0.240001 0.000244
2 -0.220000 0.000412
2 -0.200000 0.000650
2 -0.180000 0.001004
2 -0.160000 0.001498
2 -0.140000 0.002168
2 -0.120000 0.003081
2 -0.100000 0.004250
2 -0.080000 0.005776
2 -0.060000 0.007598
2 -0.040000 0.009849
2 -0.020000 0.012355
2 0.000000 0.015058
2 0.020000 0.018170
2 0.040000 0.021430
2 0.059999 0.025046
2 0.080000 0.028794
2 0.099999 0.032310
2 0.120000 0.036097
2 0.139999 0.039531
2 0.160000 0.042519
2 0.179999 0.045551
2 0.200000 0.048003
2 0.219999 0.050116
2 0.240000 0.050566
2 0.259999 0.050469
2 0.280000 0.049709
2 0.300000 0.048365
2 0.320000 0.046206
2 0.340000 0.042876
2 0.360000 0.039565
2 0.380000 0.035645
2 0.400000 0.031478
2 0.420000 0.027330
2 0.440000 0.023725
2 0.460000 0.020071
2 0.480000 0.016852
2 0.500000 0.013815
2 0.520000 0.011379
2 0.540000 0.009296
2 0.559999 0.007505
2 0.580000 0.005927
2 0.599999 0.004679
2 0.620000 0.003548
2 0.639999 0.002712
2 0.660000 0.002019
2 0.679999 0.001486
2 0.700000 0.001073
2 0.719999 0.000745
2 0.740000 0.000501
2 0.759999 0.000315
2 0.780000 0.000185
2 0.799999 0.000103
2 0.820000 0.000051
2 0.840000 0.000023
2 0.860000 0.000009
2 0.880000 0.000003
2 0.900000 0.000001
3 -1.620000 0.000002
3 -1.600000 0.000008
3 -1.580000 0.000024
3 -1.560000 0.000065
3 -1.540000 0.000153
3 -1.520000 0.000319
3 -1.500000 0.000614
3 -1.480000 0.001099
3 -1.460000 0.001870
3 -1.440001 0.003020
3 -1.420000 0.004681
3 -1.400001 0.006919
3 -1.380000 0.009787
3 -1.360001 0.013297
3 -1.340000 0.017154
3 -1.320001 0.021493
3 -1.300000 0.026309
3 -1.280001 0.031384
3 -1.260000 0.036406
3 -1.240000 0.041673
3 -1.220000 0.046578
3 -1.200000 0.051021
3 -1.180000 0.055018
3 -1.160000 0.058324
3 -1.140000 0.059896
3 -1.120000 0.060034
3 -1.100000 0.059030
3 -1.080000 0.056782
3 -1.060000 0.053081
3 -1.040000 0.048366
3 -1.020000 0.042924
3 -1.000000 0.037219
3 -0.980000 0.031444
3 -0.960000 0.026412
3 -0.940001 0.021588
3 -0.920000 0.017365
3 -0.900001 0.013848
3 -0.880000 0.011059
3 -0.860001 0.008740
3 -0.840000 0.006775
3 -0.820001 0.005156
3 -0.800000 0.003882
3 -0.780001 0.002875
3 -0.760000 0.002089
3 -0.740001 0.001490
3 -0.720000 0.001032
3 -0.700000 0.000696
3 -0.680000 0.000441
3 -0.660000 0.000264
3 -0.640000 0.000150
3 -0.620000 0.000078
3 -0.600000 0.000037
3 -0.580000 0.000016
3 -0.560000 0.000006
3 -0.540000 0.000002
4 -2.080000 0.000002
4 -2.060000 0.000007
4 -2.040000 0.000026
4 -2.020000 0.000081
4 -2.000000 0.000219
4 -1.980000 0.000528
4 -1.960000 0.001156
4 -1.940001 0.002321
4 -1.920000 0.004302
4 -1.900001 0.007410
4 -1.880000 0.011976
4 -1.860001 0.018136
4 -1.840000 0.025931
4 -1.820001 0.035201
4 -1.800000 0.045658
4 -1.780001 0.056442
4 -1.760000 0.066403
4 -1.740000 0.075190
4 -1.720000 0.081853
4 -1.700000 0.085218
4 -1.680000 0.084869
4 -1.660000 0.080729
4 -1.640000 0.072611
4 -1.620000 0.062313
4 -1.600000 0.050907
4 -1.580000 0.039734
4 -1.560000 0.029769
4 -1.540000 0.021528
4 -1.520000 0.014922
4 -1.500000 0.009973
4 -1.480000 0.006346
4 -1.460000 0.003847
4 -1.440001 0.002203
4 -1.420000 0.001183
4 -1.400001 0.000587
4 -1.380000 0.000262
4 -1.360001 0.000106
4 -1.340000 0.000038
4 -1.320001 0.000012
4 -1.300000 0.000003
5 -2.380000 0.000001
5 -2.360001 0.000006
5 -2.340000 0.000026
5 -2.320001 0.000096
5 -2.300000 0.000303
5 -2.280001 0.000833
5 -2.260000 0.002057
5 -2.240000 0.004559
5 -2.220000 0.009059
5 -2.200000 0.016490
5 -2.180000 0.027403
5 -2.160000 0.041927
5 -2.140000 0.059341
5 -2.120000 0.077479
5 -2.100000 0.093553
5 -2.080000 0.105129
5 -2.060000 0.110315
5 -2.040000 0.107154
5 -2.020000 0.096305
5 -2.000000 0.079541
5 -1.980000 0.061080
5 -1.960000 0.042992
5 -1.940001 0.028318
5 -1.920000 0.017321
5 -1.900001 0.009761
5 -1.880000 0.005044
5 -1.860001 0.002366
5 -1.840000 0.000999
5 -1.820001 0.000374
5 -1.800000 0.000124
5 -1.780001 0.000036
5 -1.760000 0.000009
5 -1.740000 0.000002
6 -0.640000 0.000003
6 -0.620000 0.000009
6 -0.600000 0.000023
6 -0.580000 0.000052
6 -0.560000 0.000105
6 -0.540000 0.000192
6 -0.520000 0.000329
6 -0.500000 0.000525
6 -0.480000 0.000813
6 -0.460000 0.001225
6 -0.440001 0.001781
6 -0.420000 0.002540
6 -0.400001 0.003544
6 -0.380000 0.004844
6 -0.360001 0.006504
6 -0.340000 0.008442
6 -0.320001 0.010895
6 -0.300000 0.013502
6 -0.280001 0.016524
6 -0.260000 0.019823
6 -0.240001 0.023410
6 -0.220000 0.027371
6 -0.200000 0.031219
6 -0.180000 0.034995
6 -0.160000 0.038829
6 -0.140000 0.042196
6 -0.120000 0.045361
6 -0.100000 0.048235
6 -0.080000 0.050657
6 -0.060000 0.051691
6 -0.040000 0.051793
6 -0.020000 0.051314
6 0.000000 0.050035
6 0.020000 0.048057
6 0.040000 0.044818
6 0.059999 0.041344
6 0.080000 0.037488
6 0.099999 0.033217
6 0.120000 0.029243
6 0.139999 0.025244
6 0.160000 0.021529
6 0.179999 0.017988
6 0.200000 0.014664
6 0.219999 0.011870
6 0.240000 0.009440
6 0.259999 0.007342
6 0.280000 0.005581
6 0.300000 0.004142
6 0.320000 0.003036
6 0.340000 0.002161
6 0.360000 0.001519
6 0.380000 0.001024
6 0.400000 0.000666
6 0.420000 0.000404
6 0.440000 0.000227
6 0.460000 0.000120
6 0.480000 0.000055
6 0.500000 0.000023
6 0.520000 0.000009
6 0.540000 0.000003
7 -3.680000 0.000004
7 -3.660000 0.000020
7 -3.640000 0.000091
7 -3.620000 0.000354
7 -3.600000 0.001179
7 -3.580000 0.003374
7 -3.560000 0.008343
7 -3.540000 0.018052
7 -3.520000 0.034263
7 -3.500000 0.057408
7 -3.480000 0.085124
7 -3.460000 0.111889
7 -3.440001 0.130945
7 -3.420000 0.136774
7 -3.400001 0.127430
7 -3.380000 0.105161
7 -3.360001 0.077099
7 -3.340000 0.049777
7 -3.320001 0.028527
7 -3.300000 0.014366
7 -3.280000 0.006317
7 -3.260000 0.002419
7 -3.240000 0.000793
7 -3.220000 0.000224
7 -3.200000 0.000054
7 -3.180000 0.000011
7 -3.160000 0.000002
8 -4.460000 0.000002
8 -4.440000 0.000013
8 -4.420000 0.000076
8 -4.400000 0.000365
8 -4.380000 0.001435
8 -4.360000 0.004679
8 -4.340000 0.012839
8 -4.320000 0.029540
8 -4.300000 0.057264
8 -4.280000 0.094418
8 -4.260000 0.131888
8 -4.240000 0.155978
8 -4.220000 0.157196
8 -4.200000 0.135205
8 -4.180000 0.099192
8 -4.160000 0.062241
8 -4.140000 0.033387
8 -4.120000 0.015381
8 -4.100000 0.006071
8 -4.080000 0.002050
8 -4.060000 0.000595
8 -4.040000 0.000147
8 -4.020000 0.000032
8 -4.000000 0.000006
9 -4.620000 0.000002
9 -4.600000 0.000016
9 -4.580000 0.000099
9 -4.560000 0.000502
9 -4.540000 0.002060
9 -4.520000 0.006879
9 -4.500000 0.018769
9 -4.480000 0.042435
9 -4.460000 0.078989
9 -4.440000 0.122607
9 -4.420000 0.157161
9 -4.400000 0.168383
9 -4.380000 0.150639
9 -4.360000 0.113617
9 -4.340000 0.072104
9 -4.320000 0.038483
9 -4.300000 0.017504
9 -4.280000 0.006755
9 -4.260000 0.002203
9 -4.240000 0.000612
9 -4.220000 0.000145
9 -4.200000 0.000029
9 -4.180000 0.000005
10 -4.680000 0.000002
10 -4.660000 0.000018
10 -4.640000 0.000111
10 -4.620000 0.000557
10 -4.600000 0.002259
10 -4.580000 0.007428
10 -4.560000 0.020021
10 -4.540000 0.044491
10 -4.520000 0.081617
10 -4.500000 0.124807
10 -4.480000 0.158570
10 -4.460000 0.167640
10 -4.440000 0.148821
10 -4.420000 0.111001
10 -4.400000 0.069734
10 -4.380000 0.037078
10 -4.360000 0.016670
10 -4.340000 0.006382
10 -4.320000 0.002060
10 -4.300000 0.000568
10 -4.280000 0.000133
10 -4.260000 0.000027
10 -4.240000 0.000005
11 -4.540000 0.000003
11 -4.520000 0.000019
11 -4.500000 0.000111
11 -4.480000 0.000535
11 -4.460000 0.002105
11 -4.440000 0.006810
11 -4.420000 0.018221
11 -4.400000 0.040414
11 -4.380000 0.074994
11 -4.360000 0.116492
11 -4.340000 0.151507
11 -4.320000 0.165232
11 -4.300000 0.152094
11 -4.280000 0.117921
11 -4.260000 0.077625
11 -4.240000 0.043236
11 -4.220000 0.020500
11 -4.200000 0.008263
11 -4.180000 0.002837
11 -4.160000 0.000825
11 -4.140000 0.000205
11 -4.120000 0.000043
11 -4.100000 0.000008
11 -4.080000 0.000001
12 -4.680000 0.000005
12 -4.660000 0.000033
12 -4.640000 0.000189
12 -4.620000 0.000881
12 -4.600000 0.003300
12 -4.580000 0.010131
12 -4.560000 0.025617
12 -4.540000 0.053543
12 -4.520000 0.092684
12 -4.500000 0.134017
12 -4.480000 0.161366
12 -4.460000 0.163100
12 -4.440000 0.138854
12 -4.420000 0.100282
12 -4.400000 0.061219
12 -4.380000 0.032210
12 -4.360000 0.014448
12 -4.340000 0.005575
12 -4.320000 0.001852
12 -4.300000 0.000530
12 -4.280000 0.000131
12 -4.260000 0.000028
12 -4.240000 0.000005
13 -4.740000 0.000002
13 -4.720000 0.000019
13 -4.700000 0.000122
13 -4.680000 0.000615
13 -4.660000 0.002504
13 -4.640000 0.008204
13 -4.620000 0.021870
13 -4.600000 0.047913
13 -4.580000 0.086351
13 -4.560000 0.128700
13 -4.540000 0.158995
13 -4.520000 0.164562
13 -4.500000 0.142561
13 -4.480000 0.105358
13 -4.460000 0.066322
13 -4.440000 0.036439
13 -4.420000 0.017566
13 -4.400000 0.007538
13 -4.380000 0.002907
13 -4.360000 0.001012
13 -4.340000 0.000320
13 -4.320000 0.000090
13 -4.300000 0.000022
13 -4.280000 0.000005
0 -2.020000 0.000002
0 -2.000000 0.000009
0 -1.980000 0.000043
0 -1.960000 0.000175
0 -1.940001 0.000613
0 -1.920000 0.001862
0 -1.900001 0.004938
0 -1.880000 0.011533
0 -1.860001 0.023763
0 -1.840000 0.043606
0 -1.820001 0.071328
0 -1.800000 0.101671
0 -1.780001 0.126661
0 -1.760000 0.137443
0 -1.740000 0.132437
0 -1.720000 0.115736
0 -1.700000 0.090096
0 -1.680000 0.062457
0 -1.660000 0.038103
0 -1.640000 0.020729
0 -1.620000 0.010058
0 -1.600000 0.004353
0 -1.580000 0.001648
0 -1.560000 0.000542
0 -1.540000 0.000153
0 -1.520000 0.000036
0 -1.500000 0.000007
0 -1.480000 0.000001
1 -1.540000 0.000002
1 -1.520000 0.000008
1 -1.500000 0.000026
1 -1.480000 0.000074
1 -1.460000 0.000189
1 -1.440001 0.000442
1 -1.420000 0.000949
1 -1.400001 0.001921
1 -1.380000 0.003595
1 -1.360001 0.006182
1 -1.340000 0.009891
1 -1.320001 0.015006
1 -1.300000 0.022436
1 -1.280001 0.031822
1 -1.260000 0.042407
1 -1.240000 0.054175
1 -1.220000 0.064770
1 -1.200000 0.073898
1 -1.180000 0.080814
1 -1.160000 0.082902
1 -1.140000 0.081551
1 -1.120000 0.078076
1 -1.100000 0.072473
1 -1.080000 0.063966
1 -1.060000 0.054206
1 -1.040000 0.043394
1 -1.020000 0.033591
1 -1.000000 0.025252
1 -0.980000 0.018202
1 -0.960000 0.012971
1 -0.940001 0.008999
1 -0.920000 0.006085
1 -0.900001 0.003967
1 -0.880000 0.002511
1 -0.860001 0.001511
1 -0.840000 0.000863
1 -0.820001 0.000473
1 -0.800000 0.000233
1 -0.780001 0.000104
1 -0.760000 0.000041
1 -0.740001 0.000014
1 -0.720000 0.000004
2 -0.300000 0.000002
2 -0.280001 0.000004
2 -0.260000 0.000011
2 -0.240001 0.000024
2 -0.220000 0.000052
2 -0.200000 0.000102
2 -0.180000 0.000195
2 -0.160000 0.000351
2 -0.140000 0.000606
2 -0.120000 0.001010
2 -0.100000 0.001605
2 -0.080000 0.002509
2 -0.060000 0.003743
2 -0.040000 0.005298
2 -0.020000 0.007383
2 0.000000 0.009688
2 0.020000 0.012802
2 0.040000 0.016444
2 0.059999 0.021552
2 0.080000 0.026600
2 0.099999 0.031683
2 0.120000 0.037096
2 0.139999 0.042003
2 0.160000 0.046738
2 0.179999 0.051100
2 0.200000 0.054637
2 0.219999 0.057364
2 0.240000 0.057919
2 0.259999 0.056874
2 0.280000 0.055523
2 0.300000 0.053714
2 0.320000 0.051936
2 0.340000 0.047256
2 0.360000 0.042751
2 0.380000 0.037574
2 0.400000 0.032546
2 0.420000 0.027100
2 0.440000 0.023018
2 0.460000 0.018558
2 0.480000 0.015247
2 0.500000 0.011947
2 0.520000 0.009464
2 0.540000 0.007465
2 0.559999 0.005663
2 0.580000 0.004326
2 0.599999 0.003193
2 0.620000 0.002374
2 0.639999 0.001666
2 0.660000 0.001180
2 0.679999 0.000804
2 0.700000 0.000542
2 0.719999 0.000343
2 0.740000 0.000208
2 0.759999 0.000114
2 0.780000 0.000055
2 0.799999 0.000025
2 0.820000 0.000009
2 0.840000 0.000003
3 -1.560000 0.000003
3 -1.540000 0.000011
3 -1.520000 0.000031
3 -1.500000 0.000080
3 -1.480000 0.000192
3 -1.460000 0.000418
3 -1.440001 0.000841
3 -1.420000 0.001607
3 -1.400001 0.002855
3 -1.380000 0.004690
3 -1.360001 0.007250
3 -1.340000 0.010546
3 -1.320001 0.014787
3 -1.300000 0.020878
3 -1.280001 0.027920
3 -1.260000 0.035807
3 -1.240000 0.043873
3 -1.220000 0.051585
3 -1.200000 0.058465
3 -1.180000 0.064030
3 -1.160000 0.068792
3 -1.140000 0.069892
3 -1.120000 0.068309
3 -1.100000 0.066259
3 -1.080000 0.063459
3 -1.060000 0.058208
3 -1.040000 0.051398
3 -1.020000 0.044128
3 -1.000000 0.036516
3 -0.980000 0.029547
3 -0.960000 0.023715
3 -0.940001 0.018613
3 -0.920000 0.014350
3 -0.900001 0.011016
3 -0.880000 0.008479
3 -0.860001 0.006339
3 -0.840000 0.004698
3 -0.820001 0.003372
3 -0.800000 0.002439
3 -0.780001 0.001661
3 -0.760000 0.001135
3 -0.740001 0.000742
3 -0.720000 0.000475
3 -0.700000 0.000291
3 -0.680000 0.000159
3 -0.660000 0.000081
3 -0.640000 0.000037
3 -0.620000 0.000014
3 -0.600000 0.000005
3 -0.580000 0.000001
4 -2.020000 0.000004
4 -2.000000 0.000015
4 -1.980000 0.000052
4 -1.960000 0.000159
4 -1.940001 0.000433
4 -1.920000 0.001049
4 -1.900001 0.002366
4 -1.880000 0.004835
4 -1.860001 0.008951
4 -1.840000 0.015240
4 -1.820001 0.024947
4 -1.800000 0.037987
4 -1.780001 0.053905
4 -1.760000 0.071356
4 -1.740000 0.086127
4 -1.720000 0.097187
4 -1.700000 0.100383
4 -1.680000 0.097664
4 -1.660000 0.092107
4 -1.640000 0.081384
4 -1.620000 0.067454
4 -1.600000 0.051795
4 -1.580000 0.037615
4 -1.560000 0.025858
4 -1.540000 0.016944
4 -1.520000 0.010615
4 -1.500000 0.006374
4 -1.480000 0.003617
4 -1.460000 0.001922
4 -1.440001 0.000952
4 -1.420000 0.000434
4 -1.400001 0.000178
4 -1.380000 0.000063
4 -1.360001 0.000019
4 -1.340000 0.000005
4 -1.320001 0.000001
5 -2.320001 0.000005
5 -2.300000 0.000022
5 -2.280001 0.000093
5 -2.260000 0.000329
5 -2.240000 0.001025
5 -2.220000 0.002809
5 -2.200000 0.006725
5 -2.180000 0.014467
5 -2.160000 0.027959
5 -2.140000 0.048632
5 -2.120000 0.075648
5 -2.100000 0.103880
5 -2.080000 0.124120
5 -2.060000 0.130677
5 -2.040000 0.124721
5 -2.020000 0.109420
5 -2.000000 0.086294
5 -1.980000 0.061064
5 -1.960000 0.038706
5 -1.940001 0.022296
5 -1.920000 0.011724
5 -1.900001 0.005604
5 -1.880000 0.002413
5 -1.860001 0.000930
5 -1.840000 0.000315
5 -1.820001 0.000092
5 -1.800000 0.000022
5 -1.780001 0.000004
6 -0.600000 0.000002
6 -0.580000 0.000005
6 -0.560000 0.000011
6 -0.540000 0.000025
6 -0.520000 0.000051
6 -0.500000 0.000097
6 -0.480000 0.000179
6 -0.460000 0.000314
6 -0.440001 0.000531
6 -0.420000 0.000870
6 -0.400001 0.001357
6 -0.380000 0.002133
6 -0.360001 0.003145
6 -0.340000 0.004571
6 -0.320001 0.006382
6 -0.300000 0.008399
6 -0.280001 0.011053
6 -0.260000 0.014613
6 -0.240001 0.018914
6 -0.220000 0.024126
6 -0.200000 0.029241
6 -0.180000 0.034582
6 -0.160000 0.039994
6 -0.140000 0.045007
6 -0.120000 0.049415
6 -0.100000 0.053935
6 -0.080000 0.056739
6 -0.060000 0.058531
6 -0.040000 0.057985
6 -0.020000 0.056802
6 0.000000 0.055781
6 0.020000 0.054272
6 0.040000 0.050021
6 0.059999 0.045721
6 0.080000 0.040783
6 0.099999 0.035658
6 0.120000 0.030272
6 0.139999 0.025248
6 0.160000 0.020604
6 0.179999 0.016407
6 0.200000 0.012669
6 0.219999 0.009659
6 0.240000 0.007268
6 0.259999 0.005336
6 0.280000 0.003811
6 0.300000 0.002681
6 0.320000 0.001824
6 0.340000 0.001198
6 0.360000 0.000771
6 0.380000 0.000475
6 0.400000 0.000277
6 0.420000 0.000145
6 0.440000 0.000068
6 0.460000 0.000029
6 0.480000 0.000010
6 0.500000 0.000003
7 -3.660000 0.000001
7 -3.640000 0.000009
7 -3.620000 0.000051
7 -3.600000 0.000251
7 -3.580000 0.001017
7 -3.560000 0.003381
7 -3.540000 0.009693
7 -3.520000 0.023464
7 -3.500000 0.048421
7 -3.480000 0.084970
7 -3.460000 0.123788
7 -3.440001 0.152397
7 -3.420000 0.158039
7 -3.400001 0.140879
7 -3.380000 0.108497
7 -3.360001 0.071963
7 -3.340000 0.040886
7 -3.320001 0.019881
7 -3.300000 0.008295
7 -3.280000 0.002951
7 -3.260000 0.000892
7 -3.240000 0.000222
7 -3.220000 0.000045
7 -3.200000 0.000007
8 -4.460000 0.000001
8 -4.440000 0.000011
8 -4.420000 0.000076
8 -4.400000 0.000414
8 -4.380000 0.001774
8 -4.360000 0.006138
8 -4.340000 0.017627
8 -4.320000 0.041287
8 -4.300000 0.079190
8 -4.280000 0.125232
8 -4.260000 0.162036
8 -4.240000 0.172456
8 -4.220000 0.152311
8 -4.200000 0.112380
8 -4.180000 0.069701
8 -4.160000 0.035893
8 -4.140000 0.015564
8 -4.120000 0.005685
8 -4.100000 0.001707
8 -4.080000 0.000420
8 -4.060000 0.000083
8 -4.040000 0.000012
8 -4.020000 0.000001
9 -4.620000 0.000002
9 -4.600000 0.000018
9 -4.580000 0.000125
9 -4.560000 0.000682
9 -4.540000 0.002926
9 -4.520000 0.010088
9 -4.500000 0.027721
9 -4.480000 0.061487
9 -4.460000 0.109166
9 -4.440000 0.156147
9 -4.420000 0.180565
9 -4.400000 0.168414
9 -4.380000 0.129677
9 -4.360000 0.082081
9 -4.340000 0.043006
9 -4.320000 0.018572
9 -4.300000 0.006732
9 -4.280000 0.002003
9 -4.260000 0.000481
9 -4.240000 0.000092
9 -4.220000 0.000014
9 -4.200000 0.000002
10 -4.680000 0.000002
10 -4.660000 0.000016
10 -4.640000 0.000114
10 -4.620000 0.000630
10 -4.600000 0.002731
10 -4.580000 0.009560
10 -4.560000 0.026529
10 -4.540000 0.059536
10 -4.520000 0.106801
10 -4.500000 0.154721
10 -4.480000 0.180453
10 -4.460000 0.169713
10 -4.440000 0.132146
10 -4.420000 0.083820
10 -4.400000 0.044161
10 -4.380000 0.019323
10 -4.360000 0.007021
10 -4.340000 0.002101
10 -4.320000 0.000508
10 -4.300000 0.000098
10 -4.280000 0.000015
10 -4.260000 0.000002
11 -4.540000 0.000002
11 -4.520000 0.000018
11 -4.500000 0.000119
11 -4.480000 0.000630
11 -4.460000 0.002655
11 -4.440000 0.009059
11 -4.420000 0.024884
11 -4.400000 0.055586
11 -4.380000 0.100704
11 -4.360000 0.147728
11 -4.340000 0.175836
11 -4.320000 0.171421
11 -4.300000 0.136350
11 -4.280000 0.090328
11 -4.260000 0.049631
11 -4.240000 0.022747
11 -4.220000 0.008696
11 -4.200000 0.002733
11 -4.180000 0.000703
11 -4.160000 0.000144
11 -4.140000 0.000023
11 -4.120000 0.000003
12 -4.680000 0.000004
12 -4.660000 0.000034
12 -4.640000 0.000213
12 -4.620000 0.001066
12 -4.600000 0.004243
12 -4.580000 0.013590
12 -4.560000 0.034856
12 -4.540000 0.072198
12 -4.520000 0.120559
12 -4.500000 0.162551
12 -4.480000 0.178739
12 -4.460000 0.159754
12 -4.440000 0.117980
12 -4.420000 0.072701
12 -4.400000 0.037150
12 -4.380000 0.016192
12 -4.360000 0.005851
12 -4.340000 0.001776
12 -4.320000 0.000440
12 -4.300000 0.000088
12 -4.280000 0.000014
12 -4.260000 0.000002
13 -4.740000 0.000002
13 -4.720000 0.000020
13 -4.700000 0.000142
13 -4.680000 0.000762
13 -4.660000 0.003267
13 -4.640000 0.011089
13 -4.620000 0.029860
13 -4.600000 0.064656
13 -4.580000 0.112261
13 -4.560000 0.157369
13 -4.540000 0.177657
13 -4.520000 0.163734
13 -4.500000 0.124377
13 -4.480000 0.079829
13 -4.460000 0.042759
13 -4.440000 0.020000
13 -4.420000 0.008125
13 -4.400000 0.002882
13 -4.380000 0.000895
13 -4.360000 0.000244
13 -4.340000 0.000057
13 -4.320000 0.000011
13 -4.300000 0.000002
