#logL_Lsun PDF
2.539 1.11234e-07
2.54 1.49426e-07
2.541 1.90515e-07
2.542 2.54758e-07
2.543 3.03742e-07
2.544 4.10029e-07
2.545 5.19944e-07
2.546 6.45871e-07
2.547 8.31123e-07
2.548 1.03507e-06
2.549 1.29997e-06
2.55 1.65239e-06
2.551 1.99724e-06
2.552 2.51375e-06
2.553 3.16828e-06
2.554 3.69124e-06
2.555 4.58009e-06
2.556 5.57671e-06
2.557 6.92532e-06
2.558 7.99749e-06
2.559 9.71786e-06
2.56 1.20128e-05
2.561 1.405e-05
2.562 1.67683e-05
2.563 1.93727e-05
2.564 2.37585e-05
2.565 2.76166e-05
2.566 3.17083e-05
2.567 3.93299e-05
2.568 4.44395e-05
2.569 5.25469e-05
2.57 5.98288e-05
2.571 7.10135e-05
2.572 7.97511e-05
2.573 9.51678e-05
2.574 0.000110632
2.575 0.000124575
2.576 0.000145817
2.577 0.000165314
2.578 0.000190102
2.579 0.000214581
2.58 0.000242558
2.581 0.00027245
2.582 0.000299254
2.583 0.000349457
2.584 0.000381744
2.585 0.000442826
2.586 0.000484824
2.587 0.000548155
2.588 0.0006224
2.589 0.000676736
2.59 0.000768486
2.591 0.000837217
2.592 0.000950672
2.593 0.00102855
2.594 0.00117066
2.595 0.00126221
2.596 0.00140822
2.597 0.00151346
2.598 0.00168836
2.599 0.00185961
2.6 0.00199979
2.601 0.00216438
2.602 0.00240036
2.603 0.00258516
2.604 0.002844
2.605 0.00307373
2.606 0.00325094
2.607 0.00354768
2.608 0.00384194
2.609 0.00415629
2.61 0.00443045
2.611 0.0046845
2.612 0.00508475
2.613 0.00547598
2.614 0.00584898
2.615 0.0061906
2.616 0.00652187
2.617 0.00693749
2.618 0.00721561
2.619 0.00777012
2.62 0.0081694
2.621 0.00883614
2.622 0.00909173
2.623 0.00952667
2.624 0.00984552
2.625 0.0104979
2.626 0.0107043
2.627 0.0112328
2.628 0.0118146
2.629 0.0124817
2.63 0.012704
2.631 0.0130136
2.632 0.0135035
2.633 0.0137937
2.634 0.0141861
2.635 0.0146224
2.636 0.0150376
2.637 0.0156249
2.638 0.0158673
2.639 0.015795
2.64 0.0166735
2.641 0.016634
2.642 0.0168757
2.643 0.0167418
2.644 0.0169782
2.645 0.0171387
2.646 0.0173599
2.647 0.0176114
2.648 0.0173771
2.649 0.0172887
2.65 0.0172955
2.651 0.0173046
2.652 0.0171016
2.653 0.0167997
2.654 0.0170779
2.655 0.0165411
2.656 0.0166412
2.657 0.0162442
2.658 0.0159286
2.659 0.015669
2.66 0.0152693
2.661 0.0149326
2.662 0.0146226
2.663 0.0141774
2.664 0.01386
2.665 0.0134049
2.666 0.0128904
2.667 0.0124439
2.668 0.0120949
2.669 0.0115077
2.67 0.0111383
2.671 0.0106092
2.672 0.010159
2.673 0.00975807
2.674 0.00962908
2.675 0.00874992
2.676 0.00843594
2.677 0.00814831
2.678 0.00750065
2.679 0.00704007
2.68 0.0066025
2.681 0.00618658
2.682 0.00575433
2.683 0.00535008
2.684 0.0051148
2.685 0.00470721
2.686 0.00438639
2.687 0.00404029
2.688 0.0037238
2.689 0.00346747
2.69 0.00320947
2.691 0.00292813
2.692 0.00267549
2.693 0.00244699
2.694 0.00223441
2.695 0.00205052
2.696 0.00184109
2.697 0.00168699
2.698 0.00150718
2.699 0.0013427
2.7 0.00122544
2.701 0.00109909
2.702 0.000990877
2.703 0.000871599
2.704 0.000783057
2.705 0.000695928
2.706 0.000612413
2.707 0.000536549
2.708 0.000476408
2.709 0.000421516
2.71 0.000365823
2.711 0.00032409
2.712 0.000275851
2.713 0.000242053
2.714 0.000210051
2.715 0.000177602
2.716 0.000156572
2.717 0.000134063
2.718 0.000113977
2.719 9.84995e-05
2.72 8.20215e-05
2.721 7.06829e-05
2.722 5.91138e-05
2.723 4.96344e-05
2.724 4.26032e-05
2.725 3.51678e-05
2.726 3.00052e-05
2.727 2.47165e-05
2.728 2.00808e-05
2.729 1.68129e-05
2.73 1.37733e-05
2.731 1.12967e-05
2.732 9.35101e-06
2.733 7.65398e-06
2.734 6.15356e-06
2.735 5.17584e-06
2.736 4.11691e-06
2.737 3.26227e-06
2.738 2.5736e-06
2.739 2.06741e-06
2.74 1.65493e-06
2.741 1.33815e-06
2.742 1.03189e-06
2.743 8.23526e-07
2.744 6.57818e-07
2.745 5.06683e-07
2.746 3.87061e-07
2.747 3.14608e-07
2.748 2.35577e-07
2.749 1.79945e-07
2.75 1.41764e-07
2.751 1.06919e-07
