#logL_Lsun PDF
2.503 1.16292e-07
2.504 1.49927e-07
2.505 1.88933e-07
2.506 2.41511e-07
2.507 3.0814e-07
2.508 3.86022e-07
2.509 4.87971e-07
2.51 6.06579e-07
2.511 7.44229e-07
2.512 9.42902e-07
2.513 1.14529e-06
2.514 1.42992e-06
2.515 1.79536e-06
2.516 2.15287e-06
2.517 2.63073e-06
2.518 3.19536e-06
2.519 3.8765e-06
2.52 4.69548e-06
2.521 5.62215e-06
2.522 6.70538e-06
2.523 8.07895e-06
2.524 9.75225e-06
2.525 1.14752e-05
2.526 1.3855e-05
2.527 1.61762e-05
2.528 1.92531e-05
2.529 2.24365e-05
2.53 2.60964e-05
2.531 3.10308e-05
2.532 3.61838e-05
2.533 4.20532e-05
2.534 5.00965e-05
2.535 5.69861e-05
2.536 6.63627e-05
2.537 7.71638e-05
2.538 8.83844e-05
2.539 9.98558e-05
2.54 0.000115868
2.541 0.000133871
2.542 0.000150627
2.543 0.000174184
2.544 0.000197678
2.545 0.000226072
2.546 0.000259474
2.547 0.000287308
2.548 0.000324715
2.549 0.000361832
2.55 0.000413353
2.551 0.000465392
2.552 0.000526798
2.553 0.000585248
2.554 0.000651161
2.555 0.000718373
2.556 0.000807238
2.557 0.000906044
2.558 0.000992376
2.559 0.0011039
2.56 0.00124226
2.561 0.00133145
2.562 0.00147713
2.563 0.0016213
2.564 0.00177634
2.565 0.00196124
2.566 0.00212487
2.567 0.00232414
2.568 0.00252686
2.569 0.00274706
2.57 0.00297652
2.571 0.00321224
2.572 0.00350807
2.573 0.00378744
2.574 0.00408114
2.575 0.00434508
2.576 0.00460602
2.577 0.00508563
2.578 0.0053007
2.579 0.00568037
2.58 0.00605278
2.581 0.00647262
2.582 0.0068128
2.583 0.00714301
2.584 0.00771917
2.585 0.00807394
2.586 0.00843543
2.587 0.00876332
2.588 0.0094344
2.589 0.00969611
2.59 0.0102886
2.591 0.0106512
2.592 0.0110154
2.593 0.0115215
2.594 0.0118914
2.595 0.0123935
2.596 0.0126139
2.597 0.0132462
2.598 0.0136685
2.599 0.0139063
2.6 0.0142639
2.601 0.0146466
2.602 0.015023
2.603 0.0154888
2.604 0.0156665
2.605 0.015995
2.606 0.0162726
2.607 0.0164287
2.608 0.0166776
2.609 0.016744
2.61 0.0170197
2.611 0.0172001
2.612 0.017181
2.613 0.0171232
2.614 0.0175723
2.615 0.0172176
2.616 0.0173289
2.617 0.017263
2.618 0.0173126
2.619 0.0168721
2.62 0.0167308
2.621 0.0166362
2.622 0.0163952
2.623 0.0161918
2.624 0.0156949
2.625 0.0156702
2.626 0.0151008
2.627 0.014786
2.628 0.0143252
2.629 0.0138113
2.63 0.0135287
2.631 0.0130969
2.632 0.0127026
2.633 0.0122826
2.634 0.0116985
2.635 0.011345
2.636 0.0105823
2.637 0.0104751
2.638 0.00991179
2.639 0.0094354
2.64 0.0087248
2.641 0.00851812
2.642 0.00791074
2.643 0.00780073
2.644 0.00717621
2.645 0.00670617
2.646 0.00637186
2.647 0.00597742
2.648 0.00566494
2.649 0.00530013
2.65 0.00492543
2.651 0.00455976
2.652 0.00424807
2.653 0.00397302
2.654 0.00364429
2.655 0.00343761
2.656 0.00317928
2.657 0.0028784
2.658 0.00269109
2.659 0.00243537
2.66 0.00226174
2.661 0.00204631
2.662 0.00187724
2.663 0.00170712
2.664 0.00154661
2.665 0.00140627
2.666 0.00127738
2.667 0.00115511
2.668 0.0010417
2.669 0.000935838
2.67 0.000840516
2.671 0.000753324
2.672 0.00067877
2.673 0.000601577
2.674 0.000536287
2.675 0.000481714
2.676 0.000429569
2.677 0.000375279
2.678 0.000334566
2.679 0.000293109
2.68 0.000260824
2.681 0.000229086
2.682 0.000199735
2.683 0.00017507
2.684 0.000155544
2.685 0.000133475
2.686 0.000116458
2.687 0.000100512
2.688 8.757e-05
2.689 7.57374e-05
2.69 6.50273e-05
2.691 5.572e-05
2.692 4.85843e-05
2.693 4.10458e-05
2.694 3.52624e-05
2.695 2.98863e-05
2.696 2.55591e-05
2.697 2.16581e-05
2.698 1.84082e-05
2.699 1.55079e-05
2.7 1.28951e-05
2.701 1.09684e-05
2.702 9.15491e-06
2.703 7.66333e-06
2.704 6.35954e-06
2.705 5.3128e-06
2.706 4.42074e-06
2.707 3.66762e-06
2.708 2.9572e-06
2.709 2.50132e-06
2.71 2.06441e-06
2.711 1.6779e-06
2.712 1.36758e-06
2.713 1.11921e-06
2.714 9.03601e-07
2.715 7.24395e-07
2.716 5.92692e-07
2.717 4.76123e-07
2.718 3.88494e-07
2.719 3.11786e-07
2.72 2.44619e-07
2.721 1.97859e-07
2.722 1.59705e-07
2.723 1.21455e-07
