#logage PDFlogage age(Gyr) PDF
9.39 1.69751e-08 2.45471 3.00329e-09
9.4 3.83149e-08 2.51188 6.62449e-09
9.41 8.35338e-08 2.57039 1.41139e-08
9.42 1.74777e-07 2.63027 2.88582e-08
9.43 3.5581e-07 2.69154 5.7412e-08
9.44 7.09373e-07 2.75423 1.11856e-07
9.45 1.37796e-06 2.81838 2.12335e-07
9.46 2.60188e-06 2.88403 3.91807e-07
9.47 4.70662e-06 2.95121 6.92616e-07
9.48 8.44487e-06 3.01995 1.21444e-06
9.49 1.50339e-05 3.09029 2.11279e-06
9.5 2.54465e-05 3.16228 3.49472e-06
9.51 4.26392e-05 3.23594 5.7226e-06
9.52 6.98623e-05 3.31131 9.16277e-06
9.53 0.00011121 3.38844 1.42537e-05
9.54 0.00017434 3.46737 2.18364e-05
9.55 0.000266704 3.54814 3.26447e-05
9.56 0.000401982 3.63078 4.8083e-05
9.57 0.000592858 3.71535 6.93003e-05
9.58 0.000858906 3.80189 9.81138e-05
9.59 0.00121362 3.89045 0.000135477
9.6 0.00169779 3.98108 0.000185211
9.61 0.00231535 4.0738 0.000246832
9.62 0.00314878 4.16869 0.00032804
9.63 0.00418387 4.2658 0.000425954
9.64 0.00541986 4.36515 0.000539229
9.65 0.00698499 4.46683 0.000679126
9.66 0.00875827 4.57088 0.000832152
9.67 0.0109372 4.67735 0.00101552
9.68 0.0130159 4.7863 0.00118102
9.69 0.015397 4.89778 0.00136527
9.7 0.0183183 5.01187 0.00158734
9.71 0.0212534 5.12861 0.00179975
9.72 0.0244673 5.24808 0.00202475
9.73 0.0277271 5.37031 0.00224228
9.74 0.0309179 5.49541 0.0024434
9.75 0.0343235 5.62341 0.0026508
9.76 0.0370072 5.7544 0.002793
9.77 0.0392519 5.88844 0.00289498
9.78 0.0416469 6.02559 0.0030017
9.79 0.0434554 6.16595 0.00306075
9.8 0.0453269 6.30958 0.0031199
9.81 0.0460574 6.45653 0.00309802
9.82 0.0454948 6.60693 0.00299052
9.83 0.0443474 6.76083 0.00284874
9.84 0.0431174 6.91831 0.00270668
9.85 0.0417261 7.07946 0.00255971
9.86 0.0398521 7.24435 0.00238911
9.87 0.0374078 7.4131 0.00219152
9.88 0.0347038 7.58578 0.00198683
9.89 0.0319908 7.76246 0.00178982
9.9 0.0282895 7.94328 0.00154671
9.91 0.0250877 8.1283 0.00134043
9.92 0.0220839 8.31764 0.00115308
9.93 0.0195457 8.51139 0.000997321
9.94 0.0172886 8.70963 0.000862076
9.95 0.0149493 8.91251 0.000728462
9.96 0.0127957 9.12011 0.000609326
9.97 0.0108083 9.33255 0.000502968
9.98 0.00902019 9.54992 0.000410205
9.99 0.00742864 9.77237 0.000330137
10 0.00609154 10 0.000264552
10.01 0.00494234 10.2329 0.000209757
10.02 0.00399569 10.4713 0.00016572
10.03 0.00322496 10.7152 0.00013071
10.04 0.00259275 10.9648 0.000102694
10.05 0.00206512 11.2202 7.99339e-05
10.06 0.00159721 11.4815 6.04151e-05
10.07 0.00120304 11.749 4.44699e-05
10.08 0.000884898 12.0226 3.19652e-05
10.09 0.000658966 12.3027 2.3262e-05
10.1 0.00048414 12.5893 1.67015e-05
10.11 0.000352333 12.8825 1.18778e-05
10.12 0.000255982 13.1826 8.43324e-06
10.13 0.000181309 13.4896 5.83718e-06
10.14 0.000128478 13.8038 4.04215e-06
