#logage PDFlogage age(Gyr) PDF
9.39 1.19792e-08 2.45471 2.1194e-09
9.4 2.80325e-08 2.51188 4.84671e-09
9.41 6.25673e-08 2.57039 1.05714e-08
9.42 1.35233e-07 2.63027 2.23289e-08
9.43 2.82356e-07 2.69154 4.55597e-08
9.44 5.71863e-07 2.75423 9.0173e-08
9.45 1.13008e-06 2.81838 1.74138e-07
9.46 2.16943e-06 2.88403 3.26685e-07
9.47 4.01636e-06 2.95121 5.91039e-07
9.48 7.28743e-06 3.01995 1.048e-06
9.49 1.30854e-05 3.09029 1.83895e-06
9.5 2.24047e-05 3.16228 3.07697e-06
9.51 3.78762e-05 3.23594 5.08336e-06
9.52 6.29767e-05 3.31131 8.25969e-06
9.53 0.000100709 3.38844 1.29078e-05
9.54 0.000158261 3.46737 1.98225e-05
9.55 0.000243693 3.54814 2.98282e-05
9.56 0.000370655 3.63078 4.43358e-05
9.57 0.000551514 3.71535 6.44676e-05
9.58 0.000804148 3.80189 9.18587e-05
9.59 0.00114432 3.89045 0.000127741
9.6 0.00161104 3.98108 0.000175748
9.61 0.00220995 4.0738 0.000235596
9.62 0.00301211 4.16869 0.000313802
9.63 0.00400861 4.2658 0.000408111
9.64 0.0052268 4.36515 0.000520021
9.65 0.00676461 4.46683 0.000657699
9.66 0.00852966 4.57088 0.000810431
9.67 0.0106852 4.67735 0.000992128
9.68 0.0126706 4.7863 0.00114969
9.69 0.0149104 4.89778 0.00132213
9.7 0.0176736 5.01187 0.00153148
9.71 0.0206058 5.12861 0.00174491
9.72 0.0236949 5.24808 0.00196082
9.73 0.0269652 5.37031 0.00218066
9.74 0.03004 5.49541 0.00237402
9.75 0.0333236 5.62341 0.00257357
9.76 0.0361445 5.7544 0.00272788
9.77 0.038467 5.88844 0.00283708
9.78 0.0407895 6.02559 0.0029399
9.79 0.0425632 6.16595 0.00299791
9.8 0.0443792 6.30958 0.00305467
9.81 0.0453518 6.45653 0.00305056
9.82 0.0447669 6.60693 0.00294267
9.83 0.0441768 6.76083 0.00283778
9.84 0.043032 6.91831 0.00270132
9.85 0.0417078 7.07946 0.00255859
9.86 0.0400338 7.24435 0.0024
9.87 0.0378404 7.4131 0.00221687
9.88 0.0351512 7.58578 0.00201245
9.89 0.0324508 7.76246 0.00181556
9.9 0.029185 7.94328 0.00159567
9.91 0.0258503 8.1283 0.00138118
9.92 0.0229248 8.31764 0.00119699
9.93 0.0203723 8.51139 0.0010395
9.94 0.0181937 8.70963 0.000907204
9.95 0.0160013 8.91251 0.000779721
9.96 0.0137246 9.12011 0.00065356
9.97 0.0115981 9.33255 0.000539721
9.98 0.00970061 9.54992 0.000441148
9.99 0.00811134 9.77237 0.000360477
10 0.00666794 10 0.000289585
10.01 0.00541883 10.2329 0.00022998
10.02 0.00443179 10.4713 0.000183807
10.03 0.00361368 10.7152 0.000146465
10.04 0.00293358 10.9648 0.000116194
10.05 0.00234946 11.2202 9.09395e-05
10.06 0.00182504 11.4815 6.90333e-05
10.07 0.0013818 11.749 5.10774e-05
10.08 0.00100467 12.0226 3.62916e-05
10.09 0.000758203 12.3027 2.67651e-05
10.1 0.00056521 12.5893 1.94982e-05
10.11 0.000412626 12.8825 1.39104e-05
10.12 0.000298895 13.1826 9.84699e-06
10.13 0.000212558 13.4896 6.84325e-06
10.14 0.000151584 13.8038 4.76913e-06
