#logage PDFlogage age(Gyr) PDF
9.35 1.45356e-08 2.23872 2.81979e-09
9.36 3.37484e-08 2.29087 6.3979e-09
9.37 7.2617e-08 2.34423 1.34531e-08
9.38 1.50293e-07 2.39883 2.72097e-08
9.39 3.08957e-07 2.45471 5.46617e-08
9.4 6.26355e-07 2.51188 1.08294e-07
9.41 1.21955e-06 2.57039 2.06056e-07
9.42 2.30803e-06 2.63027 3.81088e-07
9.43 4.2679e-06 2.69154 6.88649e-07
9.44 7.60067e-06 2.75423 1.1985e-06
9.45 1.33803e-05 2.81838 2.06181e-06
9.46 2.28566e-05 2.88403 3.44187e-06
9.47 3.87588e-05 2.95121 5.70368e-06
9.48 6.49064e-05 3.01995 9.3341e-06
9.49 0.000103963 3.09029 1.46104e-05
9.5 0.000165668 3.16228 2.27521e-05
9.51 0.000256429 3.23594 3.44152e-05
9.52 0.000388551 3.31131 5.09603e-05
9.53 0.000574563 3.38844 7.36415e-05
9.54 0.00084071 3.46737 0.000105301
9.55 0.00119741 3.54814 0.000146564
9.56 0.00169301 3.63078 0.00020251
9.57 0.00231845 3.71535 0.000271008
9.58 0.00311524 3.80189 0.000355858
9.59 0.0040491 3.89045 0.000452005
9.6 0.0053075 3.98108 0.000578994
9.61 0.00680394 4.0738 0.000725346
9.62 0.00860065 4.16869 0.000896016
9.63 0.0105834 4.2658 0.00107748
9.64 0.0130152 4.36515 0.0012949
9.65 0.0157704 4.46683 0.0015333
9.66 0.0185855 4.57088 0.00176587
9.67 0.0217274 4.67735 0.0020174
9.68 0.0249818 4.7863 0.00226677
9.69 0.0283401 4.89778 0.00251296
9.7 0.0310777 5.01187 0.00269298
9.71 0.0343413 5.12861 0.00290805
9.72 0.0375825 5.24808 0.00311007
9.73 0.0400598 5.37031 0.00323961
9.74 0.0415666 5.49541 0.00328495
9.75 0.043366 5.62341 0.00334914
9.76 0.0445885 5.7544 0.00336517
9.77 0.0454243 5.88844 0.00335021
9.78 0.0457014 6.02559 0.00329393
9.79 0.04477 6.16595 0.00315335
9.8 0.0441281 6.30958 0.00303738
9.81 0.0418728 6.45653 0.00281654
9.82 0.0388136 6.60693 0.00255134
9.83 0.0367994 6.76083 0.00236388
9.84 0.0344969 6.91831 0.00216553
9.85 0.03113 7.07946 0.00190969
9.86 0.0280203 7.24435 0.0016798
9.87 0.0252328 7.4131 0.00147826
9.88 0.0225675 7.58578 0.00129202
9.89 0.0201706 7.76246 0.0011285
9.9 0.0177993 7.94328 0.00097317
9.91 0.015425 8.1283 0.000824159
9.92 0.0130229 8.31764 0.000679972
9.93 0.0105646 8.51139 0.00053906
9.94 0.00863621 8.70963 0.000430633
9.95 0.0072139 8.91251 0.000351524
9.96 0.00586335 9.12011 0.000279209
9.97 0.00469583 9.33255 0.000218523
9.98 0.00375482 9.54992 0.000170755
9.99 0.00298117 9.77237 0.000132486
10 0.00236071 10 0.000102525
10.01 0.00186546 10.2329 7.91717e-05
10.02 0.00146029 10.4713 6.05651e-05
10.03 0.00111826 10.7152 4.5324e-05
10.04 0.000850969 10.9648 3.37053e-05
10.05 0.00061612 11.2202 2.38479e-05
10.06 0.000444947 11.4815 1.68304e-05
10.07 0.000325347 11.749 1.20263e-05
10.08 0.000235079 12.0226 8.49178e-06
10.09 0.00016701 12.3027 5.89558e-06
10.1 0.000118339 12.5893 4.08238e-06
10.11 8.32012e-05 12.8825 2.80488e-06
10.12 5.33121e-05 13.1826 1.75635e-06
10.13 3.50066e-05 13.4896 1.12703e-06
10.14 2.34752e-05 13.8038 7.38573e-07
