#logr logg JPDF
1.62 1.145 1.21556e-05 
1.624 1.145 0.00034227 
1.628 1.145 0.0051418 
1.632 1.14 1.85105e-05 
1.632 1.145 0.0253718 
1.636 1.14 0.00392934 
1.636 1.145 0.0714956 
1.64 1.14 0.0114345 
1.64 1.145 0.126038 
1.644 1.135 7.66901e-06 
1.644 1.14 0.0147916 
1.644 1.145 0.178098 
1.648 1.135 1.52438e-05 
1.648 1.14 0.0165962 
1.648 1.145 0.179897 
1.652 1.135 2.17153e-05 
1.652 1.14 0.0138011 
1.652 1.145 0.151329 
1.656 1.135 1.07586e-05 
1.656 1.14 0.00889022 
1.656 1.145 0.0985052 
1.66 1.135 7.28982e-06 
1.66 1.14 0.00392825 
1.66 1.145 0.0551026 
1.664 1.135 2.10373e-06 
1.664 1.14 0.00215484 
1.664 1.145 0.0229713 
1.668 1.135 1.01388e-06 
1.668 1.14 0.000651566 
1.668 1.145 0.00684907 
1.672 1.135 1.90964e-07 
1.672 1.14 0.000132792 
1.672 1.145 0.00198053 
1.676 1.135 2.59779e-08 
1.676 1.14 2.66113e-05 
1.676 1.145 0.000374469 
1.68 1.135 5.00589e-09 
1.68 1.14 4.45003e-06 
1.68 1.145 5.755e-05 
1.684 1.135 5.42301e-10 
1.684 1.14 5.51974e-07 
1.684 1.145 6.00488e-06 
1.688 1.14 5.16138e-08 
1.688 1.145 5.46033e-07 
1.692 1.14 3.24255e-09 
1.692 1.145 3.66277e-08 
1.696 1.14 1.6175e-10 
1.696 1.145 1.68819e-09 
