#logr logg JPDF
1.592 1.22 1.1935e-10 
1.592 1.225 1.44537e-10 
1.592 1.23 1.45685e-10 
1.592 1.235 1.13745e-10 
1.596 1.2 2.11338e-10 
1.596 1.205 6.77123e-10 
1.596 1.21 1.28412e-09 
1.596 1.215 1.8033e-09 
1.596 1.22 2.28268e-09 
1.596 1.225 2.23024e-09 
1.596 1.23 1.81671e-09 
1.596 1.235 1.27916e-09 
1.596 1.24 8.33471e-10 
1.596 1.245 5.28751e-10 
1.596 1.25 3.36728e-10 
1.596 1.255 1.7145e-10 
1.6 1.185 2.08343e-10 
1.6 1.19 9.14627e-10 
1.6 1.195 3.20413e-09 
1.6 1.2 8.72966e-09 
1.6 1.205 1.46659e-08 
1.6 1.21 2.23319e-08 
1.6 1.215 2.7742e-08 
1.6 1.22 2.70376e-08 
1.6 1.225 2.20726e-08 
1.6 1.23 1.67696e-08 
1.6 1.235 1.20725e-08 
1.6 1.24 8.85568e-09 
1.6 1.245 5.55773e-09 
1.6 1.25 3.20496e-09 
1.6 1.255 1.70328e-09 
1.6 1.26 7.85477e-10 
1.6 1.265 1.62524e-10 
1.604 1.175 4.6917e-10 
1.604 1.18 2.4452e-09 
1.604 1.185 1.11016e-08 
1.604 1.19 3.90967e-08 
1.604 1.195 8.15094e-08 
1.604 1.2 1.42525e-07 
1.604 1.205 2.15e-07 
1.604 1.21 2.5051e-07 
1.604 1.215 2.43676e-07 
1.604 1.22 2.13687e-07 
1.604 1.225 1.78473e-07 
1.604 1.23 1.43657e-07 
1.604 1.235 1.10867e-07 
1.604 1.24 7.29953e-08 
1.604 1.245 4.57257e-08 
1.604 1.25 2.54117e-08 
1.604 1.255 1.37862e-08 
1.604 1.26 6.82627e-09 
1.604 1.265 1.31097e-09 
1.608 1.165 8.25804e-10 
1.608 1.17 4.45587e-09 
1.608 1.175 2.44125e-08 
1.608 1.18 1.07184e-07 
1.608 1.185 3.0382e-07 
1.608 1.19 5.87551e-07 
1.608 1.195 1.05604e-06 
1.608 1.2 1.47191e-06 
1.608 1.205 1.63261e-06 
1.608 1.21 1.72854e-06 
1.608 1.215 1.6758e-06 
1.608 1.22 1.50687e-06 
1.608 1.225 1.33632e-06 
1.608 1.23 1.04818e-06 
1.608 1.235 7.6369e-07 
1.608 1.24 4.89706e-07 
1.608 1.245 3.04913e-07 
1.608 1.25 1.86852e-07 
1.608 1.255 1.00178e-07 
1.608 1.26 4.7846e-08 
1.608 1.265 9.6408e-09 
1.612 1.155 7.96662e-10 
1.612 1.16 6.448e-09 
1.612 1.165 3.35732e-08 
1.612 1.17 1.82137e-07 
1.612 1.175 6.91296e-07 
1.612 1.18 1.67633e-06 
1.612 1.185 3.29517e-06 
1.612 1.19 5.71607e-06 
1.612 1.195 7.5672e-06 
1.612 1.2 9.14013e-06 
1.612 1.205 9.88143e-06 
1.612 1.21 1.02613e-05 
1.612 1.215 9.97394e-06 
1.612 1.22 9.25944e-06 
1.612 1.225 7.66148e-06 
1.612 1.23 6.0087e-06 
1.612 1.235 4.29274e-06 
1.612 1.24 2.85212e-06 
1.612 1.245 1.91531e-06 
1.612 1.25 1.14291e-06 
1.612 1.255 5.88315e-07 
1.612 1.26 2.6616e-07 
1.612 1.265 5.46764e-08 
1.612 1.27 2.10222e-10 
1.616 1.15 5.47383e-09 
1.616 1.155 3.79237e-08 
1.616 1.16 1.99885e-07 
1.616 1.165 9.98419e-07 
1.616 1.17 3.05413e-06 
1.616 1.175 6.9959e-06 
1.616 1.18 1.42616e-05 
1.616 1.185 2.30786e-05 
1.616 1.19 3.04868e-05 
1.616 1.195 3.87207e-05 
1.616 1.2 4.49938e-05 
1.616 1.205 4.91487e-05 
1.616 1.21 5.12188e-05 
1.616 1.215 4.9328e-05 
1.616 1.22 4.44243e-05 
1.616 1.225 3.79132e-05 
1.616 1.23 2.86366e-05 
1.616 1.235 2.22959e-05 
1.616 1.24 1.52517e-05 
1.616 1.245 9.43132e-06 
1.616 1.25 5.251e-06 
1.616 1.255 2.84097e-06 
1.616 1.26 1.33444e-06 
1.616 1.265 2.67519e-07 
1.616 1.27 1.85927e-09 
1.62 1.145 7.00382e-09 
1.62 1.15 1.57771e-07 
1.62 1.155 9.70614e-07 
1.62 1.16 3.79933e-06 
1.62 1.165 1.04779e-05 
1.62 1.17 2.33828e-05 
1.62 1.175 4.60463e-05 
1.62 1.18 6.89381e-05 
1.62 1.185 9.80621e-05 
1.62 1.19 0.000132218 
1.62 1.195 0.00015595 
1.62 1.2 0.000183904 
1.62 1.205 0.000195203 
1.62 1.21 0.000210893 
1.62 1.215 0.000207052 
1.62 1.22 0.000181053 
1.62 1.225 0.000154302 
1.62 1.23 0.000125837 
1.62 1.235 9.15039e-05 
1.62 1.24 6.22962e-05 
1.62 1.245 3.82414e-05 
1.62 1.25 2.24839e-05 
1.62 1.255 1.1468e-05 
1.62 1.26 5.41908e-06 
1.62 1.265 1.14499e-06 
1.62 1.27 7.64605e-09 
1.624 1.145 2.37341e-07 
1.624 1.15 2.9384e-06 
1.624 1.155 9.75234e-06 
1.624 1.16 2.55813e-05 
1.624 1.165 5.69378e-05 
1.624 1.17 0.000104916 
1.624 1.175 0.000166463 
1.624 1.18 0.000249473 
1.624 1.185 0.000337448 
1.624 1.19 0.000431224 
1.624 1.195 0.000525976 
1.624 1.2 0.000613595 
1.624 1.205 0.00070652 
1.624 1.21 0.000733034 
1.624 1.215 0.000705374 
1.624 1.22 0.000630061 
1.624 1.225 0.000550544 
1.624 1.23 0.00043766 
1.624 1.235 0.000314011 
1.624 1.24 0.000217592 
1.624 1.245 0.000133505 
1.624 1.25 7.64255e-05 
1.624 1.255 3.9016e-05 
1.624 1.26 1.90015e-05 
1.624 1.265 3.74027e-06 
1.624 1.27 1.77401e-08 
1.628 1.145 3.93242e-06 
1.628 1.15 1.8778e-05 
1.628 1.155 4.9437e-05 
1.628 1.16 0.000103183 
1.628 1.165 0.00018514 
1.628 1.17 0.000313581 
1.628 1.175 0.00048062 
1.628 1.18 0.00068216 
1.628 1.185 0.000917948 
1.628 1.19 0.00121182 
1.628 1.195 0.00154459 
1.628 1.2 0.00182133 
1.628 1.205 0.00201669 
1.628 1.21 0.00203009 
1.628 1.215 0.00198517 
1.628 1.22 0.00182427 
1.628 1.225 0.00153906 
1.628 1.23 0.00120331 
1.628 1.235 0.000914844 
1.628 1.24 0.000614027 
1.628 1.245 0.000378311 
1.628 1.25 0.000217264 
1.628 1.255 0.000117942 
1.628 1.26 5.07873e-05 
1.628 1.265 1.05334e-05 
1.628 1.27 4.72067e-08 
1.632 1.14 3.17818e-08 
1.632 1.145 1.93484e-05 
1.632 1.15 6.63773e-05 
1.632 1.155 0.000139616 
1.632 1.16 0.000258843 
1.632 1.165 0.00045441 
1.632 1.17 0.000731618 
1.632 1.175 0.00109082 
1.632 1.18 0.00152814 
1.632 1.185 0.00222239 
1.632 1.19 0.00295329 
1.632 1.195 0.00372938 
1.632 1.2 0.00430708 
1.632 1.205 0.00468809 
1.632 1.21 0.00489457 
1.632 1.215 0.00479226 
1.632 1.22 0.00426351 
1.632 1.225 0.00353575 
1.632 1.23 0.00294716 
1.632 1.235 0.0021241 
1.632 1.24 0.00135592 
1.632 1.245 0.000887257 
1.632 1.25 0.00049954 
1.632 1.255 0.000252281 
1.632 1.26 0.000126069 
1.632 1.265 2.36108e-05 
1.632 1.27 3.87711e-08 
1.636 1.14 2.95917e-06 
1.636 1.145 5.3893e-05 
1.636 1.15 0.00014553 
1.636 1.155 0.000280167 
1.636 1.16 0.000507829 
1.636 1.165 0.000854203 
1.636 1.17 0.00132419 
1.636 1.175 0.00201349 
1.636 1.18 0.00311772 
1.636 1.185 0.00438871 
1.636 1.19 0.00570724 
1.636 1.195 0.00690402 
1.636 1.2 0.00820824 
1.636 1.205 0.00878462 
1.636 1.21 0.00976898 
1.636 1.215 0.00919992 
1.636 1.22 0.00843339 
1.636 1.225 0.00700938 
1.636 1.23 0.00548868 
1.636 1.235 0.00396227 
1.636 1.24 0.00275145 
1.636 1.245 0.00165903 
1.636 1.25 0.000932497 
1.636 1.255 0.000487639 
1.636 1.26 0.000223658 
1.636 1.265 4.25559e-05 
1.636 1.27 1.60085e-07 
1.64 1.14 7.93766e-06 
1.64 1.145 9.28087e-05 
1.64 1.15 0.000236919 
1.64 1.155 0.000453588 
1.64 1.16 0.000779224 
1.64 1.165 0.00127751 
1.64 1.17 0.00218112 
1.64 1.175 0.00341938 
1.64 1.18 0.00493764 
1.64 1.185 0.00689102 
1.64 1.19 0.00874332 
1.64 1.195 0.0109496 
1.64 1.2 0.0129701 
1.64 1.205 0.0148424 
1.64 1.21 0.014943 
1.64 1.215 0.014312 
1.64 1.22 0.0124433 
1.64 1.225 0.0108903 
1.64 1.23 0.00842232 
1.64 1.235 0.00607465 
1.64 1.24 0.00411462 
1.64 1.245 0.00254191 
1.64 1.25 0.0013865 
1.64 1.255 0.000737425 
1.64 1.26 0.000332198 
1.64 1.265 6.59333e-05 
1.64 1.27 2.47995e-07 
1.644 1.135 1.50391e-08 
1.644 1.14 1.06402e-05 
1.644 1.145 0.000129797 
1.644 1.15 0.000307257 
1.644 1.155 0.000550068 
1.644 1.16 0.000981346 
1.644 1.165 0.00171132 
1.644 1.17 0.00276587 
1.644 1.175 0.0041455 
1.644 1.18 0.0062574 
1.644 1.185 0.00829215 
1.644 1.19 0.0114004 
1.644 1.195 0.0138904 
1.644 1.2 0.0165783 
1.644 1.205 0.0184629 
1.644 1.21 0.0183791 
1.644 1.215 0.0181195 
1.644 1.22 0.0165822 
1.644 1.225 0.0135058 
1.644 1.23 0.010542 
1.644 1.235 0.00771855 
1.644 1.24 0.00505981 
1.644 1.245 0.00297952 
1.644 1.25 0.00174026 
1.644 1.255 0.000904725 
1.644 1.26 0.000406186 
1.644 1.265 7.74874e-05 
1.644 1.27 3.13476e-07 
1.648 1.135 1.29235e-08 
1.648 1.14 1.16957e-05 
1.648 1.145 0.000128949 
1.648 1.15 0.000298373 
1.648 1.155 0.000570595 
1.648 1.16 0.00102803 
1.648 1.165 0.00174847 
1.648 1.17 0.00286002 
1.648 1.175 0.00438744 
1.648 1.18 0.00630835 
1.648 1.185 0.00898688 
1.648 1.19 0.0118086 
1.648 1.195 0.014159 
1.648 1.2 0.0168496 
1.648 1.205 0.0186561 
1.648 1.21 0.0190384 
1.648 1.215 0.0184043 
1.648 1.22 0.0160623 
1.648 1.225 0.0137319 
1.648 1.23 0.0104956 
1.648 1.235 0.00746618 
1.648 1.24 0.004854 
1.648 1.245 0.0030276 
1.648 1.25 0.00170516 
1.648 1.255 0.000857864 
1.648 1.26 0.000394219 
1.648 1.265 7.70959e-05 
1.648 1.27 2.81493e-07 
1.652 1.135 1.99131e-08 
1.652 1.14 1.00961e-05 
1.652 1.145 0.000105298 
1.652 1.15 0.000246976 
1.652 1.155 0.00047966 
1.652 1.16 0.000833685 
1.652 1.165 0.00141032 
1.652 1.17 0.00227117 
1.652 1.175 0.00338922 
1.652 1.18 0.00546893 
1.652 1.185 0.00739459 
1.652 1.19 0.00959628 
1.652 1.195 0.0117614 
1.652 1.2 0.0141171 
1.652 1.205 0.0149927 
1.652 1.21 0.015217 
1.652 1.215 0.0147342 
1.652 1.22 0.0132402 
1.652 1.225 0.01088 
1.652 1.23 0.00825696 
1.652 1.235 0.00598695 
1.652 1.24 0.00389661 
1.652 1.245 0.00234896 
1.652 1.25 0.00132601 
1.652 1.255 0.00068527 
1.652 1.26 0.000317318 
1.652 1.265 6.02218e-05 
1.652 1.27 2.81096e-07 
1.656 1.135 1.20442e-08 
1.656 1.14 6.46532e-06 
1.656 1.145 6.84392e-05 
1.656 1.15 0.000164672 
1.656 1.155 0.000314051 
1.656 1.16 0.00055312 
1.656 1.165 0.000925108 
1.656 1.17 0.00152066 
1.656 1.175 0.0025199 
1.656 1.18 0.00349401 
1.656 1.185 0.00475166 
1.656 1.19 0.00621205 
1.656 1.195 0.00772359 
1.656 1.2 0.00881855 
1.656 1.205 0.00951218 
1.656 1.21 0.00987914 
1.656 1.215 0.00947567 
1.656 1.22 0.00827013 
1.656 1.225 0.00691225 
1.656 1.23 0.00531743 
1.656 1.235 0.00370087 
1.656 1.24 0.00239965 
1.656 1.245 0.00151744 
1.656 1.25 0.000812789 
1.656 1.255 0.000424665 
1.656 1.26 0.000192993 
1.656 1.265 3.51772e-05 
1.656 1.27 1.44058e-07 
1.66 1.135 4.11914e-09 
1.66 1.14 3.41331e-06 
1.66 1.145 3.71346e-05 
1.66 1.15 8.84935e-05 
1.66 1.155 0.0001592 
1.66 1.16 0.000289237 
1.66 1.165 0.000502808 
1.66 1.17 0.000818137 
1.66 1.175 0.00121538 
1.66 1.18 0.00173471 
1.66 1.185 0.0025096 
1.66 1.19 0.00325301 
1.66 1.195 0.0038366 
1.66 1.2 0.00465089 
1.66 1.205 0.00495473 
1.66 1.21 0.0050534 
1.66 1.215 0.00477538 
1.66 1.22 0.0042596 
1.66 1.225 0.00343444 
1.66 1.23 0.00256917 
1.66 1.235 0.00186659 
1.66 1.24 0.00120787 
1.66 1.245 0.000724993 
1.66 1.25 0.000410094 
1.66 1.255 0.000210864 
1.66 1.26 9.41511e-05 
1.66 1.265 1.77475e-05 
1.66 1.27 7.51615e-08 
1.664 1.135 2.18187e-09 
1.664 1.14 1.49298e-06 
1.664 1.145 1.54978e-05 
1.664 1.15 3.45012e-05 
1.664 1.155 6.88591e-05 
1.664 1.16 0.000117938 
1.664 1.165 0.000203042 
1.664 1.17 0.000319503 
1.664 1.175 0.000513025 
1.664 1.18 0.000750821 
1.664 1.185 0.00100151 
1.664 1.19 0.00131202 
1.664 1.195 0.00159858 
1.664 1.2 0.00178965 
1.664 1.205 0.00196266 
1.664 1.21 0.00204174 
1.664 1.215 0.00186868 
1.664 1.22 0.00168771 
1.664 1.225 0.00133713 
1.664 1.23 0.00103057 
1.664 1.235 0.0007194 
1.664 1.24 0.000466984 
1.664 1.245 0.000278631 
1.664 1.25 0.000158958 
1.664 1.255 7.94908e-05 
1.664 1.26 3.71733e-05 
1.664 1.265 6.71086e-06 
1.664 1.27 2.58522e-08 
1.668 1.135 9.87316e-10 
1.668 1.14 4.5716e-07 
1.668 1.145 4.64887e-06 
1.668 1.15 1.16438e-05 
1.668 1.155 2.16659e-05 
1.668 1.16 3.85159e-05 
1.668 1.165 6.42119e-05 
1.668 1.17 0.000106359 
1.668 1.175 0.000163077 
1.668 1.18 0.000226083 
1.668 1.185 0.000333555 
1.668 1.19 0.00041109 
1.668 1.195 0.00047589 
1.668 1.2 0.000586226 
1.668 1.205 0.000620961 
1.668 1.21 0.000641235 
1.668 1.215 0.000598566 
1.668 1.22 0.000491699 
1.668 1.225 0.000426304 
1.668 1.23 0.000306035 
1.668 1.235 0.000216858 
1.668 1.24 0.000143605 
1.668 1.245 8.73447e-05 
1.668 1.25 4.80373e-05 
1.668 1.255 2.3921e-05 
1.668 1.26 1.05489e-05 
1.668 1.265 2.02696e-06 
1.668 1.27 1.09249e-08 
1.672 1.135 1.7343e-10 
1.672 1.14 9.6004e-08 
1.672 1.145 1.28303e-06 
1.672 1.15 2.9622e-06 
1.672 1.155 5.49066e-06 
1.672 1.16 9.7135e-06 
1.672 1.165 1.64478e-05 
1.672 1.17 2.50059e-05 
1.672 1.175 4.00401e-05 
1.672 1.18 5.63933e-05 
1.672 1.185 7.74967e-05 
1.672 1.19 9.69671e-05 
1.672 1.195 0.000123494 
1.672 1.2 0.000135864 
1.672 1.205 0.000152152 
1.672 1.21 0.000148541 
1.672 1.215 0.000137661 
1.672 1.22 0.000125161 
1.672 1.225 9.40552e-05 
1.672 1.23 7.23449e-05 
1.672 1.235 5.15399e-05 
1.672 1.24 3.35805e-05 
1.672 1.245 1.9866e-05 
1.672 1.25 1.09339e-05 
1.672 1.255 5.49803e-06 
1.672 1.26 2.51092e-06 
1.672 1.265 4.37625e-07 
1.672 1.27 1.54666e-09 
1.676 1.14 1.98756e-08 
1.676 1.145 2.48887e-07 
1.676 1.15 5.69747e-07 
1.676 1.155 1.03915e-06 
1.676 1.16 1.89075e-06 
1.676 1.165 2.99229e-06 
1.676 1.17 5.07276e-06 
1.676 1.175 7.22976e-06 
1.676 1.18 1.02813e-05 
1.676 1.185 1.48142e-05 
1.676 1.19 1.84525e-05 
1.676 1.195 2.29154e-05 
1.676 1.2 2.5923e-05 
1.676 1.205 2.71199e-05 
1.676 1.21 2.84431e-05 
1.676 1.215 2.53722e-05 
1.676 1.22 2.25828e-05 
1.676 1.225 1.75837e-05 
1.676 1.23 1.33907e-05 
1.676 1.235 9.55181e-06 
1.676 1.24 5.95237e-06 
1.676 1.245 3.62778e-06 
1.676 1.25 2.07105e-06 
1.676 1.255 1.00078e-06 
1.676 1.26 4.29243e-07 
1.676 1.265 7.66437e-08 
1.676 1.27 3.58336e-10 
1.68 1.14 2.96635e-09 
1.68 1.145 3.73399e-08 
1.68 1.15 7.94511e-08 
1.68 1.155 1.53976e-07 
1.68 1.16 2.67136e-07 
1.68 1.165 4.53375e-07 
1.68 1.17 6.93839e-07 
1.68 1.175 1.11064e-06 
1.68 1.18 1.54023e-06 
1.68 1.185 2.1071e-06 
1.68 1.19 2.73264e-06 
1.68 1.195 3.33956e-06 
1.68 1.2 3.68845e-06 
1.68 1.205 3.91551e-06 
1.68 1.21 3.85737e-06 
1.68 1.215 3.67793e-06 
1.68 1.22 3.05392e-06 
1.68 1.225 2.48884e-06 
1.68 1.23 1.85711e-06 
1.68 1.235 1.24908e-06 
1.68 1.24 8.51233e-07 
1.68 1.245 5.06953e-07 
1.68 1.25 2.64109e-07 
1.68 1.255 1.29907e-07 
1.68 1.26 5.71694e-08 
1.68 1.265 1.15771e-08 
1.684 1.14 3.85725e-10 
1.684 1.145 3.90816e-09 
1.684 1.15 9.3442e-09 
1.684 1.155 1.72831e-08 
1.684 1.16 3.02729e-08 
1.684 1.165 4.90389e-08 
1.684 1.17 8.30464e-08 
1.684 1.175 1.20912e-07 
1.684 1.18 1.70859e-07 
1.684 1.185 2.29075e-07 
1.684 1.19 3.01741e-07 
1.684 1.195 3.50809e-07 
1.684 1.2 3.98766e-07 
1.684 1.205 4.23345e-07 
1.684 1.21 4.06972e-07 
1.684 1.215 3.89729e-07 
1.684 1.22 3.25206e-07 
1.684 1.225 2.58751e-07 
1.684 1.23 1.96431e-07 
1.684 1.235 1.41311e-07 
1.684 1.24 8.78046e-08 
1.684 1.245 5.05647e-08 
1.684 1.25 2.74629e-08 
1.684 1.255 1.37102e-08 
1.684 1.26 5.9071e-09 
1.684 1.265 1.15968e-09 
1.688 1.145 3.53369e-10 
1.688 1.15 7.76914e-10 
1.688 1.155 1.39824e-09 
1.688 1.16 2.58476e-09 
1.688 1.165 4.24183e-09 
1.688 1.17 6.9049e-09 
1.688 1.175 1.01359e-08 
1.688 1.18 1.3516e-08 
1.688 1.185 1.89888e-08 
1.688 1.19 2.4518e-08 
1.688 1.195 2.85476e-08 
1.688 1.2 3.21709e-08 
1.688 1.205 3.30686e-08 
1.688 1.21 3.51057e-08 
1.688 1.215 3.10412e-08 
1.688 1.22 2.52479e-08 
1.688 1.225 2.17104e-08 
1.688 1.23 1.49902e-08 
1.688 1.235 1.09947e-08 
1.688 1.24 6.88616e-09 
1.688 1.245 3.86963e-09 
1.688 1.25 2.15036e-09 
1.688 1.255 1.09571e-09 
1.688 1.26 4.71701e-10 
1.692 1.16 1.60922e-10 
1.692 1.165 2.63884e-10 
1.692 1.17 4.17643e-10 
1.692 1.175 6.095e-10 
1.692 1.18 8.60281e-10 
1.692 1.185 1.13522e-09 
1.692 1.19 1.49574e-09 
1.692 1.195 1.84973e-09 
1.692 1.2 1.9157e-09 
1.692 1.205 2.09649e-09 
1.692 1.21 1.94439e-09 
1.692 1.215 1.85205e-09 
1.692 1.22 1.58884e-09 
1.692 1.225 1.30371e-09 
1.692 1.23 9.41109e-10 
1.692 1.235 6.60239e-10 
1.692 1.24 3.8895e-10 
1.692 1.245 2.30318e-10 
1.692 1.25 1.26703e-10 
