#logr logg JPDF
1.592 1.215 1.26414e-10 
1.592 1.22 1.95061e-10 
1.592 1.225 2.22467e-10 
1.592 1.23 2.18172e-10 
1.592 1.235 1.6793e-10 
1.592 1.24 1.11856e-10 
1.596 1.2 2.11267e-10 
1.596 1.205 8.88847e-10 
1.596 1.21 2.08781e-09 
1.596 1.215 2.81723e-09 
1.596 1.22 3.45293e-09 
1.596 1.225 3.16809e-09 
1.596 1.23 2.57797e-09 
1.596 1.235 1.79389e-09 
1.596 1.24 1.1303e-09 
1.596 1.245 7.16312e-10 
1.596 1.25 4.28804e-10 
1.596 1.255 2.2117e-10 
1.596 1.26 1.03173e-10 
1.6 1.185 1.18593e-10 
1.6 1.19 7.16764e-10 
1.6 1.195 4.53979e-09 
1.6 1.2 1.38224e-08 
1.6 1.205 2.37911e-08 
1.6 1.21 3.26328e-08 
1.6 1.215 3.97201e-08 
1.6 1.22 3.77587e-08 
1.6 1.225 3.0777e-08 
1.6 1.23 2.2456e-08 
1.6 1.235 1.62232e-08 
1.6 1.24 1.10859e-08 
1.6 1.245 6.99889e-09 
1.6 1.25 3.96616e-09 
1.6 1.255 2.07305e-09 
1.6 1.26 9.62484e-10 
1.6 1.265 1.8027e-10 
1.604 1.175 2.16377e-10 
1.604 1.18 1.55187e-09 
1.604 1.185 1.26106e-08 
1.604 1.19 5.71035e-08 
1.604 1.195 1.24441e-07 
1.604 1.2 2.07987e-07 
1.604 1.205 3.12985e-07 
1.604 1.21 3.46235e-07 
1.604 1.215 3.29855e-07 
1.604 1.22 2.86056e-07 
1.604 1.225 2.35411e-07 
1.604 1.23 1.81392e-07 
1.604 1.235 1.35177e-07 
1.604 1.24 9.07479e-08 
1.604 1.245 5.45813e-08 
1.604 1.25 3.12717e-08 
1.604 1.255 1.66597e-08 
1.604 1.26 7.97749e-09 
1.604 1.265 1.53162e-09 
1.608 1.165 3.08753e-10 
1.608 1.17 2.45454e-09 
1.608 1.175 2.0573e-08 
1.608 1.18 1.47714e-07 
1.608 1.185 4.39378e-07 
1.608 1.19 8.73227e-07 
1.608 1.195 1.50437e-06 
1.608 1.2 2.04098e-06 
1.608 1.205 2.21726e-06 
1.608 1.21 2.30004e-06 
1.608 1.215 2.1492e-06 
1.608 1.22 1.87964e-06 
1.608 1.225 1.607e-06 
1.608 1.23 1.26864e-06 
1.608 1.235 9.23676e-07 
1.608 1.24 6.06205e-07 
1.608 1.245 3.59715e-07 
1.608 1.25 2.22403e-07 
1.608 1.255 1.18749e-07 
1.608 1.26 5.34911e-08 
1.608 1.265 1.00525e-08 
1.608 1.27 1.08188e-10 
1.612 1.155 2.51972e-10 
1.612 1.16 2.90245e-09 
1.612 1.165 2.07976e-08 
1.612 1.17 2.20395e-07 
1.612 1.175 1.07601e-06 
1.612 1.18 2.4545e-06 
1.612 1.185 4.71381e-06 
1.612 1.19 7.8609e-06 
1.612 1.195 1.037e-05 
1.612 1.2 1.19826e-05 
1.612 1.205 1.27545e-05 
1.612 1.21 1.29605e-05 
1.612 1.215 1.22582e-05 
1.612 1.22 1.11858e-05 
1.612 1.225 9.13908e-06 
1.612 1.23 7.07207e-06 
1.612 1.235 5.07483e-06 
1.612 1.24 3.36268e-06 
1.612 1.245 2.27787e-06 
1.612 1.25 1.29493e-06 
1.612 1.255 6.65355e-07 
1.612 1.26 3.07017e-07 
1.612 1.265 5.80798e-08 
1.612 1.27 5.78298e-10 
1.616 1.15 1.73113e-09 
1.616 1.155 2.37295e-08 
1.616 1.16 1.55795e-07 
1.616 1.165 1.42903e-06 
1.616 1.17 4.52051e-06 
1.616 1.175 9.89249e-06 
1.616 1.18 1.96728e-05 
1.616 1.185 3.11923e-05 
1.616 1.19 4.09211e-05 
1.616 1.195 4.99349e-05 
1.616 1.2 5.54151e-05 
1.616 1.205 6.00658e-05 
1.616 1.21 6.12832e-05 
1.616 1.215 5.76964e-05 
1.616 1.22 5.27184e-05 
1.616 1.225 4.33186e-05 
1.616 1.23 3.36441e-05 
1.616 1.235 2.58735e-05 
1.616 1.24 1.75874e-05 
1.616 1.245 1.05889e-05 
1.616 1.25 5.98405e-06 
1.616 1.255 3.22485e-06 
1.616 1.26 1.48574e-06 
1.616 1.265 2.7258e-07 
1.616 1.27 2.89784e-09 
1.62 1.145 3.16684e-09 
1.62 1.15 9.98888e-08 
1.62 1.155 1.10802e-06 
1.62 1.16 5.51609e-06 
1.62 1.165 1.4485e-05 
1.62 1.17 3.28611e-05 
1.62 1.175 5.95027e-05 
1.62 1.18 9.0071e-05 
1.62 1.185 0.000127275 
1.62 1.19 0.000160514 
1.62 1.195 0.000189501 
1.62 1.2 0.000219705 
1.62 1.205 0.000232954 
1.62 1.21 0.000240293 
1.62 1.215 0.00023167 
1.62 1.22 0.00020345 
1.62 1.225 0.000175927 
1.62 1.23 0.000143561 
1.62 1.235 0.000103069 
1.62 1.24 6.84217e-05 
1.62 1.245 4.33406e-05 
1.62 1.25 2.50725e-05 
1.62 1.255 1.27458e-05 
1.62 1.26 5.95099e-06 
1.62 1.265 1.09625e-06 
1.62 1.27 7.98141e-09 
1.624 1.145 2.44704e-07 
1.624 1.15 3.8374e-06 
1.624 1.155 1.38908e-05 
1.624 1.16 3.50951e-05 
1.624 1.165 7.59746e-05 
1.624 1.17 0.00013219 
1.624 1.175 0.000209978 
1.624 1.18 0.00030822 
1.624 1.185 0.000407664 
1.624 1.19 0.000524409 
1.624 1.195 0.000617274 
1.624 1.2 0.000717935 
1.624 1.205 0.000787196 
1.624 1.21 0.000797457 
1.624 1.215 0.000779666 
1.624 1.22 0.000702989 
1.624 1.225 0.000604824 
1.624 1.23 0.000484611 
1.624 1.235 0.000344474 
1.624 1.24 0.000234354 
1.624 1.245 0.000146905 
1.624 1.25 8.19437e-05 
1.624 1.255 4.36227e-05 
1.624 1.26 2.03576e-05 
1.624 1.265 3.60284e-06 
1.624 1.27 2.54836e-08 
1.628 1.145 5.44406e-06 
1.628 1.15 2.55894e-05 
1.628 1.155 6.15415e-05 
1.628 1.16 0.000124799 
1.628 1.165 0.000227955 
1.628 1.17 0.000383056 
1.628 1.175 0.000576389 
1.628 1.18 0.000816993 
1.628 1.185 0.00105408 
1.628 1.19 0.00135445 
1.628 1.195 0.0017067 
1.628 1.2 0.00196983 
1.628 1.205 0.00221385 
1.628 1.21 0.00216966 
1.628 1.215 0.00211999 
1.628 1.22 0.00197674 
1.628 1.225 0.00162146 
1.628 1.23 0.0013238 
1.628 1.235 0.000978025 
1.628 1.24 0.000656958 
1.628 1.245 0.000405302 
1.628 1.25 0.000234319 
1.628 1.255 0.000121104 
1.628 1.26 5.43435e-05 
1.628 1.265 9.86428e-06 
1.628 1.27 6.61555e-08 
1.632 1.14 3.07877e-08 
1.632 1.145 2.4037e-05 
1.632 1.15 7.76636e-05 
1.632 1.155 0.000162595 
1.632 1.16 0.000316187 
1.632 1.165 0.000549113 
1.632 1.17 0.000855722 
1.632 1.175 0.00126869 
1.632 1.18 0.00171793 
1.632 1.185 0.00241759 
1.632 1.19 0.0032257 
1.632 1.195 0.00396462 
1.632 1.2 0.00455657 
1.632 1.205 0.00499236 
1.632 1.21 0.00521313 
1.632 1.215 0.00503956 
1.632 1.22 0.00454432 
1.632 1.225 0.00375534 
1.632 1.23 0.0030946 
1.632 1.235 0.0022228 
1.632 1.24 0.00143321 
1.632 1.245 0.00092446 
1.632 1.25 0.000526623 
1.632 1.255 0.000266193 
1.632 1.26 0.000128815 
1.632 1.265 2.11124e-05 
1.632 1.27 1.16177e-07 
1.636 1.14 3.48856e-06 
1.636 1.145 6.15447e-05 
1.636 1.15 0.000171607 
1.636 1.155 0.000336089 
1.636 1.16 0.000591879 
1.636 1.165 0.000972592 
1.636 1.17 0.00150616 
1.636 1.175 0.00220338 
1.636 1.18 0.00332931 
1.636 1.185 0.00462216 
1.636 1.19 0.00595638 
1.636 1.195 0.00723924 
1.636 1.2 0.00849596 
1.636 1.205 0.00922712 
1.636 1.21 0.0101155 
1.636 1.215 0.00955802 
1.636 1.22 0.00875895 
1.636 1.225 0.00717469 
1.636 1.23 0.00578716 
1.636 1.235 0.00407685 
1.636 1.24 0.00283042 
1.636 1.245 0.00169474 
1.636 1.25 0.000968329 
1.636 1.255 0.000503476 
1.636 1.26 0.000224179 
1.636 1.265 3.76006e-05 
1.636 1.27 2.88226e-07 
1.64 1.14 9.29284e-06 
1.64 1.145 0.000110101 
1.64 1.15 0.000273273 
1.64 1.155 0.000516391 
1.64 1.16 0.00086339 
1.64 1.165 0.00139435 
1.64 1.17 0.00227526 
1.64 1.175 0.00352953 
1.64 1.18 0.00506831 
1.64 1.185 0.00698682 
1.64 1.19 0.00908183 
1.64 1.195 0.0112556 
1.64 1.2 0.0133912 
1.64 1.205 0.0150011 
1.64 1.21 0.0154224 
1.64 1.215 0.0145565 
1.64 1.22 0.0130906 
1.64 1.225 0.0112032 
1.64 1.23 0.00858071 
1.64 1.235 0.00625133 
1.64 1.24 0.00415946 
1.64 1.245 0.00261601 
1.64 1.25 0.00142643 
1.64 1.255 0.000748271 
1.64 1.26 0.000330384 
1.64 1.265 5.66169e-05 
1.64 1.27 3.84914e-07 
1.644 1.135 2.1242e-08 
1.644 1.14 1.36514e-05 
1.644 1.145 0.000145319 
1.644 1.15 0.000338537 
1.644 1.155 0.000592394 
1.644 1.16 0.00105636 
1.644 1.165 0.0017366 
1.644 1.17 0.0028177 
1.644 1.175 0.00425233 
1.644 1.18 0.00629744 
1.644 1.185 0.00836226 
1.644 1.19 0.0114349 
1.644 1.195 0.0143829 
1.644 1.2 0.0165836 
1.644 1.205 0.0186431 
1.644 1.21 0.0186239 
1.644 1.215 0.0179837 
1.644 1.22 0.0167619 
1.644 1.225 0.0135239 
1.644 1.23 0.01059 
1.644 1.235 0.00768029 
1.644 1.24 0.00503108 
1.644 1.245 0.00299738 
1.644 1.25 0.0017112 
1.644 1.255 0.000887521 
1.644 1.26 0.000397982 
1.644 1.265 6.56457e-05 
1.644 1.27 4.2755e-07 
1.648 1.135 2.72941e-08 
1.648 1.14 1.44065e-05 
1.648 1.145 0.000138943 
1.648 1.15 0.00031684 
1.648 1.155 0.000579652 
1.648 1.16 0.00100856 
1.648 1.165 0.00174801 
1.648 1.17 0.00275732 
1.648 1.175 0.00436528 
1.648 1.18 0.0062402 
1.648 1.185 0.00904047 
1.648 1.19 0.0117315 
1.648 1.195 0.0142395 
1.648 1.2 0.0168417 
1.648 1.205 0.0182515 
1.648 1.21 0.0186747 
1.648 1.215 0.0183016 
1.648 1.22 0.0157089 
1.648 1.225 0.0133209 
1.648 1.23 0.0104167 
1.648 1.235 0.00741077 
1.648 1.24 0.00480497 
1.648 1.245 0.00293433 
1.648 1.25 0.0016716 
1.648 1.255 0.000835533 
1.648 1.26 0.000382735 
1.648 1.265 6.42575e-05 
1.648 1.27 3.93858e-07 
1.652 1.135 2.80263e-08 
1.652 1.14 1.17826e-05 
1.652 1.145 0.000110591 
1.652 1.15 0.000250083 
1.652 1.155 0.000460466 
1.652 1.16 0.000819339 
1.652 1.165 0.00136731 
1.652 1.17 0.00222226 
1.652 1.175 0.00339207 
1.652 1.18 0.00525035 
1.652 1.185 0.0072957 
1.652 1.19 0.00921866 
1.652 1.195 0.0114534 
1.652 1.2 0.0134367 
1.652 1.205 0.0145915 
1.652 1.21 0.0149361 
1.652 1.215 0.0140238 
1.652 1.22 0.0129095 
1.652 1.225 0.0106173 
1.652 1.23 0.00799214 
1.652 1.235 0.00571854 
1.652 1.24 0.00374592 
1.652 1.245 0.00228111 
1.652 1.25 0.00126686 
1.652 1.255 0.000663145 
1.652 1.26 0.000306525 
1.652 1.265 4.79833e-05 
1.652 1.27 3.248e-07 
1.656 1.135 1.7514e-08 
1.656 1.14 8.05405e-06 
1.656 1.145 6.92434e-05 
1.656 1.15 0.000157523 
1.656 1.155 0.000297383 
1.656 1.16 0.000530854 
1.656 1.165 0.000905574 
1.656 1.17 0.00145685 
1.656 1.175 0.00240988 
1.656 1.18 0.00340219 
1.656 1.185 0.00443283 
1.656 1.19 0.00600428 
1.656 1.195 0.00734679 
1.656 1.2 0.00840278 
1.656 1.205 0.00911201 
1.656 1.21 0.00926541 
1.656 1.215 0.00920035 
1.656 1.22 0.00792271 
1.656 1.225 0.0065861 
1.656 1.23 0.00505074 
1.656 1.235 0.00349636 
1.656 1.24 0.00231072 
1.656 1.245 0.00143737 
1.656 1.25 0.000789739 
1.656 1.255 0.000411061 
1.656 1.26 0.00018225 
1.656 1.265 2.79812e-05 
1.656 1.27 1.7381e-07 
1.66 1.135 6.42346e-09 
1.66 1.14 3.66376e-06 
1.66 1.145 3.55742e-05 
1.66 1.15 8.1477e-05 
1.66 1.155 0.000146879 
1.66 1.16 0.000271443 
1.66 1.165 0.000465575 
1.66 1.17 0.000763513 
1.66 1.175 0.0011628 
1.66 1.18 0.00164538 
1.66 1.185 0.00236089 
1.66 1.19 0.00301252 
1.66 1.195 0.00362549 
1.66 1.2 0.00429829 
1.66 1.205 0.00459817 
1.66 1.21 0.00471688 
1.66 1.215 0.00445653 
1.66 1.22 0.00392437 
1.66 1.225 0.00326957 
1.66 1.23 0.00239488 
1.66 1.235 0.00176804 
1.66 1.24 0.00114127 
1.66 1.245 0.000688201 
1.66 1.25 0.000391611 
1.66 1.255 0.000200798 
1.66 1.26 8.76791e-05 
1.66 1.265 1.36413e-05 
1.66 1.27 6.78935e-08 
1.664 1.135 2.72118e-09 
1.664 1.14 1.62166e-06 
1.664 1.145 1.47202e-05 
1.664 1.15 3.1526e-05 
1.664 1.155 6.27857e-05 
1.664 1.16 0.000108577 
1.664 1.165 0.000187524 
1.664 1.17 0.000291394 
1.664 1.175 0.000463822 
1.664 1.18 0.000698603 
1.664 1.185 0.000897681 
1.664 1.19 0.0012078 
1.664 1.195 0.00143362 
1.664 1.2 0.00166063 
1.664 1.205 0.00180153 
1.664 1.21 0.00186788 
1.664 1.215 0.00172095 
1.664 1.22 0.00154643 
1.664 1.225 0.00123629 
1.664 1.23 0.000934714 
1.664 1.235 0.000670433 
1.664 1.24 0.000429385 
1.664 1.245 0.000261921 
1.664 1.25 0.000147637 
1.664 1.255 7.51104e-05 
1.664 1.26 3.32697e-05 
1.664 1.265 5.43156e-06 
1.664 1.27 2.76595e-08 
1.668 1.135 1.39517e-09 
1.668 1.14 4.79432e-07 
1.668 1.145 4.3857e-06 
1.668 1.15 1.03073e-05 
1.668 1.155 1.9654e-05 
1.668 1.16 3.46332e-05 
1.668 1.165 5.86028e-05 
1.668 1.17 9.52358e-05 
1.668 1.175 0.00014564 
1.668 1.18 0.000202567 
1.668 1.185 0.000290303 
1.668 1.19 0.000365524 
1.668 1.195 0.00043481 
1.668 1.2 0.000524806 
1.668 1.205 0.000558435 
1.668 1.21 0.000574765 
1.668 1.215 0.000530433 
1.668 1.22 0.00045553 
1.668 1.225 0.00038653 
1.668 1.23 0.000278174 
1.668 1.235 0.000200958 
1.668 1.24 0.000132478 
1.668 1.245 7.89557e-05 
1.668 1.25 4.49267e-05 
1.668 1.255 2.19856e-05 
1.668 1.26 9.8284e-06 
1.668 1.265 1.59746e-06 
1.668 1.27 9.26774e-09 
1.672 1.135 2.60318e-10 
1.672 1.14 1.14309e-07 
1.672 1.145 1.15163e-06 
1.672 1.15 2.61881e-06 
1.672 1.155 4.83698e-06 
1.672 1.16 8.48979e-06 
1.672 1.165 1.47063e-05 
1.672 1.17 2.24444e-05 
1.672 1.175 3.55957e-05 
1.672 1.18 5.02744e-05 
1.672 1.185 6.85413e-05 
1.672 1.19 8.71039e-05 
1.672 1.195 0.000109764 
1.672 1.2 0.000120511 
1.672 1.205 0.000135389 
1.672 1.21 0.000133814 
1.672 1.215 0.000126837 
1.672 1.22 0.000108845 
1.672 1.225 8.69213e-05 
1.672 1.23 6.62494e-05 
1.672 1.235 4.68755e-05 
1.672 1.24 3.02953e-05 
1.672 1.245 1.84996e-05 
1.672 1.25 1.01038e-05 
1.672 1.255 5.22385e-06 
1.672 1.26 2.23221e-06 
1.672 1.265 3.34239e-07 
1.672 1.27 1.82671e-09 
1.676 1.14 2.11543e-08 
1.676 1.145 2.16426e-07 
1.676 1.15 4.90069e-07 
1.676 1.155 8.99538e-07 
1.676 1.16 1.59728e-06 
1.676 1.165 2.60488e-06 
1.676 1.17 4.36416e-06 
1.676 1.175 6.26574e-06 
1.676 1.18 8.95921e-06 
1.676 1.185 1.2865e-05 
1.676 1.19 1.64688e-05 
1.676 1.195 2.0145e-05 
1.676 1.2 2.28992e-05 
1.676 1.205 2.44081e-05 
1.676 1.21 2.48738e-05 
1.676 1.215 2.23871e-05 
1.676 1.22 2.00781e-05 
1.676 1.225 1.57812e-05 
1.676 1.23 1.18068e-05 
1.676 1.235 8.3749e-06 
1.676 1.24 5.48192e-06 
1.676 1.245 3.28248e-06 
1.676 1.25 1.88043e-06 
1.676 1.255 9.02628e-07 
1.676 1.26 3.87849e-07 
1.676 1.265 5.7302e-08 
1.676 1.27 3.59847e-10 
1.68 1.14 3.62208e-09 
1.68 1.145 3.20162e-08 
1.68 1.15 6.84667e-08 
1.68 1.155 1.29542e-07 
1.68 1.16 2.30508e-07 
1.68 1.165 3.80469e-07 
1.68 1.17 5.84409e-07 
1.68 1.175 9.57314e-07 
1.68 1.18 1.36719e-06 
1.68 1.185 1.82305e-06 
1.68 1.19 2.30317e-06 
1.68 1.195 2.86469e-06 
1.68 1.2 3.1829e-06 
1.68 1.205 3.43565e-06 
1.68 1.21 3.42713e-06 
1.68 1.215 3.24649e-06 
1.68 1.22 2.67919e-06 
1.68 1.225 2.16284e-06 
1.68 1.23 1.64292e-06 
1.68 1.235 1.13739e-06 
1.68 1.24 7.69024e-07 
1.68 1.245 4.56055e-07 
1.68 1.25 2.43362e-07 
1.68 1.255 1.17629e-07 
1.68 1.26 5.178e-08 
1.68 1.265 8.32864e-09 
1.684 1.14 3.95516e-10 
1.684 1.145 3.39306e-09 
1.684 1.15 7.77659e-09 
1.684 1.155 1.43127e-08 
1.684 1.16 2.48323e-08 
1.684 1.165 4.03204e-08 
1.684 1.17 7.02003e-08 
1.684 1.175 1.04027e-07 
1.684 1.18 1.45867e-07 
1.684 1.185 1.95594e-07 
1.684 1.19 2.50277e-07 
1.684 1.195 3.0203e-07 
1.684 1.2 3.39153e-07 
1.684 1.205 3.71092e-07 
1.684 1.21 3.55569e-07 
1.684 1.215 3.31355e-07 
1.684 1.22 2.85643e-07 
1.684 1.225 2.20889e-07 
1.684 1.23 1.72221e-07 
1.684 1.235 1.26322e-07 
1.684 1.24 7.90954e-08 
1.684 1.245 4.49701e-08 
1.684 1.25 2.47488e-08 
1.684 1.255 1.22703e-08 
1.684 1.26 5.26084e-09 
1.684 1.265 7.92775e-10 
1.688 1.145 2.96563e-10 
1.688 1.15 6.52582e-10 
1.688 1.155 1.14625e-09 
1.688 1.16 2.08377e-09 
1.688 1.165 3.52954e-09 
1.688 1.17 5.73817e-09 
1.688 1.175 8.37942e-09 
1.688 1.18 1.14529e-08 
1.688 1.185 1.61863e-08 
1.688 1.19 2.08692e-08 
1.688 1.195 2.46789e-08 
1.688 1.2 2.70042e-08 
1.688 1.205 2.86217e-08 
1.688 1.21 3.00735e-08 
1.688 1.215 2.69004e-08 
1.688 1.22 2.1536e-08 
1.688 1.225 1.86105e-08 
1.688 1.23 1.3464e-08 
1.688 1.235 9.60579e-09 
1.688 1.24 6.18544e-09 
1.688 1.245 3.3526e-09 
1.688 1.25 1.94402e-09 
1.688 1.255 9.45549e-10 
1.688 1.26 4.08503e-10 
1.692 1.16 1.29473e-10 
1.692 1.165 2.18449e-10 
1.692 1.17 3.49938e-10 
1.692 1.175 5.09162e-10 
1.692 1.18 7.28007e-10 
1.692 1.185 9.45941e-10 
1.692 1.19 1.24119e-09 
1.692 1.195 1.50387e-09 
1.692 1.2 1.59814e-09 
1.692 1.205 1.7693e-09 
1.692 1.21 1.68952e-09 
1.692 1.215 1.55765e-09 
1.692 1.22 1.33395e-09 
1.692 1.225 1.11e-09 
1.692 1.23 8.35152e-10 
1.692 1.235 5.6906e-10 
1.692 1.24 3.4533e-10 
1.692 1.245 2.00987e-10 
1.692 1.25 1.1096e-10 
