#logage logr JPDF
9.05 1.664 2.06377e-10 
9.05 1.668 1.43433e-10 
9.06 1.66 4.18186e-10 
9.06 1.664 4.21043e-10 
9.06 1.668 2.31907e-10 
9.07 1.656 5.09827e-10 
9.07 1.66 8.20889e-10 
9.07 1.664 6.43722e-10 
9.07 1.668 3.68985e-10 
9.07 1.672 1.25784e-10 
9.08 1.652 3.88567e-10 
9.08 1.656 1.32879e-09 
9.08 1.66 1.65108e-09 
9.08 1.664 1.03464e-09 
9.08 1.668 5.15295e-10 
9.08 1.672 1.85579e-10 
9.09 1.648 1.66335e-10 
9.09 1.652 2.13626e-09 
9.09 1.656 2.83691e-09 
9.09 1.66 2.6899e-09 
9.09 1.664 1.75548e-09 
9.09 1.668 8.01105e-10 
9.09 1.672 2.70523e-10 
9.1 1.644 2.33308e-10 
9.1 1.648 1.80517e-09 
9.1 1.652 4.33649e-09 
9.1 1.656 5.40472e-09 
9.1 1.66 4.69981e-09 
9.1 1.664 2.97137e-09 
9.1 1.668 1.26116e-09 
9.1 1.672 4.05737e-10 
9.11 1.636 1.18392e-10 
9.11 1.64 5.38671e-10 
9.11 1.644 2.10243e-09 
9.11 1.648 6.49061e-09 
9.11 1.652 1.03353e-08 
9.11 1.656 1.02272e-08 
9.11 1.66 7.85886e-09 
9.11 1.664 4.57252e-09 
9.11 1.668 1.87292e-09 
9.11 1.672 5.90359e-10 
9.11 1.676 1.40789e-10 
9.12 1.632 2.62276e-10 
9.12 1.636 9.01025e-10 
9.12 1.64 2.49573e-09 
9.12 1.644 7.94317e-09 
9.12 1.648 1.38519e-08 
9.12 1.652 1.81366e-08 
9.12 1.656 1.65184e-08 
9.12 1.66 1.18463e-08 
9.12 1.664 6.40734e-09 
9.12 1.668 2.58676e-09 
9.12 1.672 7.81892e-10 
9.12 1.676 1.84361e-10 
9.13 1.628 1.73023e-10 
9.13 1.632 6.17616e-10 
9.13 1.636 1.96132e-09 
9.13 1.64 5.99658e-09 
9.13 1.644 1.42586e-08 
9.13 1.648 2.24051e-08 
9.13 1.652 2.79782e-08 
9.13 1.656 2.26156e-08 
9.13 1.66 1.71164e-08 
9.13 1.664 8.47781e-09 
9.13 1.668 3.6229e-09 
9.13 1.672 1.04438e-09 
9.13 1.676 2.55787e-10 
9.14 1.628 2.88826e-10 
9.14 1.632 9.83588e-10 
9.14 1.636 3.34413e-09 
9.14 1.64 1.09407e-08 
9.14 1.644 2.08497e-08 
9.14 1.648 3.2407e-08 
9.14 1.652 3.81836e-08 
9.14 1.656 3.18077e-08 
9.14 1.66 2.19343e-08 
9.14 1.664 1.09979e-08 
9.14 1.668 4.2896e-09 
9.14 1.672 1.2792e-09 
9.14 1.676 2.96253e-10 
9.15 1.628 3.42652e-10 
9.15 1.632 1.13285e-09 
9.15 1.636 5.38474e-09 
9.15 1.64 1.32172e-08 
9.15 1.644 3.18107e-08 
9.15 1.648 4.4386e-08 
9.15 1.652 4.88531e-08 
9.15 1.656 4.31159e-08 
9.15 1.66 2.77509e-08 
9.15 1.664 1.40544e-08 
9.15 1.668 5.32546e-09 
9.15 1.672 1.59928e-09 
9.15 1.676 3.69473e-10 
9.16 1.628 3.45458e-10 
9.16 1.632 2.86183e-09 
9.16 1.636 8.77979e-09 
9.16 1.64 2.30854e-08 
9.16 1.644 4.13014e-08 
9.16 1.648 5.81366e-08 
9.16 1.652 6.32423e-08 
9.16 1.656 5.21933e-08 
9.16 1.66 3.5218e-08 
9.16 1.664 1.73054e-08 
9.16 1.668 6.71579e-09 
9.16 1.672 2.04894e-09 
9.16 1.676 4.69513e-10 
9.17 1.628 5.30331e-10 
9.17 1.632 3.75537e-09 
9.17 1.636 1.24765e-08 
9.17 1.64 2.72869e-08 
9.17 1.644 5.15949e-08 
9.17 1.648 7.47041e-08 
9.17 1.652 8.16275e-08 
9.17 1.656 6.66879e-08 
9.17 1.66 4.52681e-08 
9.17 1.664 2.20714e-08 
9.17 1.668 8.06441e-09 
9.17 1.672 2.56421e-09 
9.17 1.676 5.58584e-10 
9.18 1.628 1.2109e-09 
9.18 1.632 5.35873e-09 
9.18 1.636 1.6527e-08 
9.18 1.64 4.28784e-08 
9.18 1.644 7.44467e-08 
9.18 1.648 1.002e-07 
9.18 1.652 1.08127e-07 
9.18 1.656 8.65704e-08 
9.18 1.66 5.8326e-08 
9.18 1.664 2.75723e-08 
9.18 1.668 1.04968e-08 
9.18 1.672 3.09429e-09 
9.18 1.676 6.7701e-10 
9.18 1.68 1.19913e-10 
9.19 1.624 2.82669e-10 
9.19 1.628 2.09142e-09 
9.19 1.632 8.56283e-09 
9.19 1.636 2.89295e-08 
9.19 1.64 6.00133e-08 
9.19 1.644 1.02406e-07 
9.19 1.648 1.38787e-07 
9.19 1.652 1.44012e-07 
9.19 1.656 1.16304e-07 
9.19 1.66 7.48112e-08 
9.19 1.664 3.67939e-08 
9.19 1.668 1.39616e-08 
9.19 1.672 4.21741e-09 
9.19 1.676 9.28509e-10 
9.19 1.68 1.50109e-10 
9.2 1.624 6.83465e-10 
9.2 1.628 3.65076e-09 
9.2 1.632 1.30955e-08 
9.2 1.636 3.74648e-08 
9.2 1.64 8.32762e-08 
9.2 1.644 1.41187e-07 
9.2 1.648 1.88034e-07 
9.2 1.652 1.96014e-07 
9.2 1.656 1.53652e-07 
9.2 1.66 9.88956e-08 
9.2 1.664 4.66438e-08 
9.2 1.668 1.75831e-08 
9.2 1.672 5.22299e-09 
9.2 1.676 1.14769e-09 
9.2 1.68 1.965e-10 
9.21 1.62 1.24353e-10 
9.21 1.624 1.2763e-09 
9.21 1.628 5.77983e-09 
9.21 1.632 1.94668e-08 
9.21 1.636 5.39113e-08 
9.21 1.64 1.20212e-07 
9.21 1.644 1.84366e-07 
9.21 1.648 2.49036e-07 
9.21 1.652 2.49769e-07 
9.21 1.656 2.05192e-07 
9.21 1.66 1.26673e-07 
9.21 1.664 6.15111e-08 
9.21 1.668 2.19693e-08 
9.21 1.672 6.67852e-09 
9.21 1.676 1.4231e-09 
9.21 1.68 2.41169e-10 
9.22 1.62 2.74508e-10 
9.22 1.624 1.83847e-09 
9.22 1.628 8.77071e-09 
9.22 1.632 2.83802e-08 
9.22 1.636 7.92288e-08 
9.22 1.64 1.54901e-07 
9.22 1.644 2.68526e-07 
9.22 1.648 3.21988e-07 
9.22 1.652 3.37135e-07 
9.22 1.656 2.50809e-07 
9.22 1.66 1.72034e-07 
9.22 1.664 7.69338e-08 
9.22 1.668 3.07345e-08 
9.22 1.672 8.15573e-09 
9.22 1.676 1.87999e-09 
9.22 1.68 3.1236e-10 
9.23 1.62 4.75559e-10 
9.23 1.624 3.22489e-09 
9.23 1.628 1.10635e-08 
9.23 1.632 4.19889e-08 
9.23 1.636 1.01397e-07 
9.23 1.64 2.13114e-07 
9.23 1.644 3.63792e-07 
9.23 1.648 4.27531e-07 
9.23 1.652 4.56962e-07 
9.23 1.656 3.57137e-07 
9.23 1.66 2.15257e-07 
9.23 1.664 1.06401e-07 
9.23 1.668 3.77228e-08 
9.23 1.672 1.11236e-08 
9.23 1.676 2.31715e-09 
9.23 1.68 3.83763e-10 
9.24 1.616 1.022e-10 
9.24 1.62 8.46206e-10 
9.24 1.624 4.54336e-09 
9.24 1.628 1.99586e-08 
9.24 1.632 5.89008e-08 
9.24 1.636 1.55532e-07 
9.24 1.64 3.15564e-07 
9.24 1.644 4.91087e-07 
9.24 1.648 6.38248e-07 
9.24 1.652 6.1754e-07 
9.24 1.656 4.81496e-07 
9.24 1.66 2.84627e-07 
9.24 1.664 1.37927e-07 
9.24 1.668 4.87089e-08 
9.24 1.672 1.43402e-08 
9.24 1.676 2.96604e-09 
9.24 1.68 4.79571e-10 
9.25 1.616 2.27196e-10 
9.25 1.62 1.44844e-09 
9.25 1.624 7.11287e-09 
9.25 1.628 2.97813e-08 
9.25 1.632 8.9904e-08 
9.25 1.636 2.22249e-07 
9.25 1.64 4.40113e-07 
9.25 1.644 6.63755e-07 
9.25 1.648 8.34308e-07 
9.25 1.652 8.09608e-07 
9.25 1.656 6.04449e-07 
9.25 1.66 3.81228e-07 
9.25 1.664 1.69197e-07 
9.25 1.668 5.98026e-08 
9.25 1.672 1.70723e-08 
9.25 1.676 3.52443e-09 
9.25 1.68 5.8815e-10 
9.26 1.616 3.73705e-10 
9.26 1.62 2.25833e-09 
9.26 1.624 9.94833e-09 
9.26 1.628 3.99045e-08 
9.26 1.632 1.21767e-07 
9.26 1.636 3.04622e-07 
9.26 1.64 5.58214e-07 
9.26 1.644 8.66729e-07 
9.26 1.648 1.06141e-06 
9.26 1.652 9.71462e-07 
9.26 1.656 7.75977e-07 
9.26 1.66 4.49955e-07 
9.26 1.664 2.07689e-07 
9.26 1.668 7.21581e-08 
9.26 1.672 2.12386e-08 
9.26 1.676 4.21845e-09 
9.26 1.68 7.18218e-10 
9.27 1.616 5.43513e-10 
9.27 1.62 3.32188e-09 
9.27 1.624 1.46253e-08 
9.27 1.628 5.3558e-08 
9.27 1.632 1.636e-07 
9.27 1.636 3.63833e-07 
9.27 1.64 7.03191e-07 
9.27 1.644 1.0755e-06 
9.27 1.648 1.27808e-06 
9.27 1.652 1.19214e-06 
9.27 1.656 9.1502e-07 
9.27 1.66 5.48111e-07 
9.27 1.664 2.43246e-07 
9.27 1.668 9.00354e-08 
9.27 1.672 2.3573e-08 
9.27 1.676 4.91195e-09 
9.27 1.68 8.27271e-10 
9.27 1.684 1.00141e-10 
9.28 1.612 1.00644e-10 
9.28 1.616 6.90772e-10 
9.28 1.62 4.01328e-09 
9.28 1.624 1.75969e-08 
9.28 1.628 7.0097e-08 
9.28 1.632 1.95796e-07 
9.28 1.636 4.47667e-07 
9.28 1.64 8.51904e-07 
9.28 1.644 1.26027e-06 
9.28 1.648 1.55103e-06 
9.28 1.652 1.43631e-06 
9.28 1.656 1.06841e-06 
9.28 1.66 6.22671e-07 
9.28 1.664 2.93998e-07 
9.28 1.668 1.01539e-07 
9.28 1.672 2.84806e-08 
9.28 1.676 5.96033e-09 
9.28 1.68 9.4762e-10 
9.28 1.684 1.23869e-10 
9.29 1.612 1.39327e-10 
9.29 1.616 8.97742e-10 
9.29 1.62 4.93184e-09 
9.29 1.624 2.23574e-08 
9.29 1.628 8.60174e-08 
9.29 1.632 2.28213e-07 
9.29 1.636 5.322e-07 
9.29 1.64 1.01403e-06 
9.29 1.644 1.5007e-06 
9.29 1.648 1.80307e-06 
9.29 1.652 1.71719e-06 
9.29 1.656 1.22349e-06 
9.29 1.66 7.5337e-07 
9.29 1.664 3.38584e-07 
9.29 1.668 1.15631e-07 
9.29 1.672 3.35632e-08 
9.29 1.676 6.86284e-09 
9.29 1.68 1.06319e-09 
9.29 1.684 1.32494e-10 
9.3 1.612 1.6818e-10 
9.3 1.616 1.0825e-09 
9.3 1.62 6.3679e-09 
9.3 1.624 2.81731e-08 
9.3 1.628 9.76726e-08 
9.3 1.632 2.88246e-07 
9.3 1.636 6.6652e-07 
9.3 1.64 1.19617e-06 
9.3 1.644 1.78756e-06 
9.3 1.648 2.13858e-06 
9.3 1.652 1.98234e-06 
9.3 1.656 1.49898e-06 
9.3 1.66 8.78153e-07 
9.3 1.664 3.89633e-07 
9.3 1.668 1.43276e-07 
9.3 1.672 3.75796e-08 
9.3 1.676 8.18306e-09 
9.3 1.68 1.23644e-09 
9.3 1.684 1.55787e-10 
9.31 1.612 2.07973e-10 
9.31 1.616 1.36303e-09 
9.31 1.62 7.47998e-09 
9.31 1.624 3.23135e-08 
9.31 1.628 1.0884e-07 
9.31 1.632 3.13262e-07 
9.31 1.636 8.20341e-07 
9.31 1.64 1.33504e-06 
9.31 1.644 1.99296e-06 
9.31 1.648 2.56987e-06 
9.31 1.652 2.36075e-06 
9.31 1.656 1.70515e-06 
9.31 1.66 1.00807e-06 
9.31 1.664 4.92681e-07 
9.31 1.668 1.59208e-07 
9.31 1.672 4.39888e-08 
9.31 1.676 8.71148e-09 
9.31 1.68 1.44746e-09 
9.31 1.684 1.85536e-10 
9.32 1.612 2.12096e-10 
9.32 1.616 1.81917e-09 
9.32 1.62 1.01263e-08 
9.32 1.624 4.32968e-08 
9.32 1.628 1.48719e-07 
9.32 1.632 3.97427e-07 
9.32 1.636 8.72413e-07 
9.32 1.64 1.80083e-06 
9.32 1.644 2.51891e-06 
9.32 1.648 2.95451e-06 
9.32 1.652 2.78243e-06 
9.32 1.656 2.18883e-06 
9.32 1.66 1.25244e-06 
9.32 1.664 5.35508e-07 
9.32 1.668 1.88838e-07 
9.32 1.672 5.07578e-08 
9.32 1.676 1.0635e-08 
9.32 1.68 1.72747e-09 
9.32 1.684 2.06192e-10 
9.33 1.612 3.27983e-10 
9.33 1.616 2.41214e-09 
9.33 1.62 1.22373e-08 
9.33 1.624 5.32468e-08 
9.33 1.628 1.82469e-07 
9.33 1.632 4.82761e-07 
9.33 1.636 1.10008e-06 
9.33 1.64 2.06854e-06 
9.33 1.644 3.21197e-06 
9.33 1.648 3.77857e-06 
9.33 1.652 3.38438e-06 
9.33 1.656 2.51905e-06 
9.33 1.66 1.4976e-06 
9.33 1.664 6.62529e-07 
9.33 1.668 2.18735e-07 
9.33 1.672 5.82176e-08 
9.33 1.676 1.28499e-08 
9.33 1.68 2.13002e-09 
9.33 1.684 2.34495e-10 
9.34 1.612 4.57949e-10 
9.34 1.616 2.90174e-09 
9.34 1.62 1.65434e-08 
9.34 1.624 6.59806e-08 
9.34 1.628 2.14694e-07 
9.34 1.632 5.95064e-07 
9.34 1.636 1.39036e-06 
9.34 1.64 2.55595e-06 
9.34 1.644 3.89628e-06 
9.34 1.648 4.51073e-06 
9.34 1.652 4.27488e-06 
9.34 1.656 3.06195e-06 
9.34 1.66 1.69509e-06 
9.34 1.664 7.35145e-07 
9.34 1.668 2.6998e-07 
9.34 1.672 7.64014e-08 
9.34 1.676 1.46122e-08 
9.34 1.68 2.32099e-09 
9.34 1.684 2.81806e-10 
9.35 1.612 5.63078e-10 
9.35 1.616 3.67748e-09 
9.35 1.62 2.00284e-08 
9.35 1.624 7.87637e-08 
9.35 1.628 2.76252e-07 
9.35 1.632 7.46498e-07 
9.35 1.636 1.79313e-06 
9.35 1.64 3.15421e-06 
9.35 1.644 4.70794e-06 
9.35 1.648 5.55134e-06 
9.35 1.652 5.08291e-06 
9.35 1.656 3.76197e-06 
9.35 1.66 1.98538e-06 
9.35 1.664 8.88262e-07 
9.35 1.668 3.08769e-07 
9.35 1.672 8.21307e-08 
9.35 1.676 1.77311e-08 
9.35 1.68 2.90102e-09 
9.35 1.684 3.58218e-10 
9.36 1.612 7.53954e-10 
9.36 1.616 4.71677e-09 
9.36 1.62 2.32311e-08 
9.36 1.624 9.66656e-08 
9.36 1.628 3.35924e-07 
9.36 1.632 9.43581e-07 
9.36 1.636 2.1538e-06 
9.36 1.64 3.89012e-06 
9.36 1.644 5.71515e-06 
9.36 1.648 6.55746e-06 
9.36 1.652 6.19037e-06 
9.36 1.656 4.11264e-06 
9.36 1.66 2.4145e-06 
9.36 1.664 1.07266e-06 
9.36 1.668 3.8866e-07 
9.36 1.672 9.95188e-08 
9.36 1.676 2.04821e-08 
9.36 1.68 3.31834e-09 
9.36 1.684 3.8738e-10 
9.37 1.608 1.25105e-10 
9.37 1.612 9.88892e-10 
9.37 1.616 5.95367e-09 
9.37 1.62 2.84564e-08 
9.37 1.624 1.24335e-07 
9.37 1.628 4.18597e-07 
9.37 1.632 1.14419e-06 
9.37 1.636 2.6469e-06 
9.37 1.64 4.81752e-06 
9.37 1.644 7.12694e-06 
9.37 1.648 8.02178e-06 
9.37 1.652 6.9883e-06 
9.37 1.656 4.93542e-06 
9.37 1.66 2.84842e-06 
9.37 1.664 1.27983e-06 
9.37 1.668 4.51446e-07 
9.37 1.672 1.19794e-07 
9.37 1.676 2.45906e-08 
9.37 1.68 3.86441e-09 
9.37 1.684 4.53396e-10 
9.38 1.608 1.64593e-10 
9.38 1.612 1.23595e-09 
9.38 1.616 7.17624e-09 
9.38 1.62 3.65815e-08 
9.38 1.624 1.52341e-07 
9.38 1.628 5.37809e-07 
9.38 1.632 1.462e-06 
9.38 1.636 3.21899e-06 
9.38 1.64 5.7298e-06 
9.38 1.644 8.48133e-06 
9.38 1.648 9.17636e-06 
9.38 1.652 8.13633e-06 
9.38 1.656 5.99172e-06 
9.38 1.66 3.38632e-06 
9.38 1.664 1.53732e-06 
9.38 1.668 5.12436e-07 
9.38 1.672 1.37093e-07 
9.38 1.676 2.82886e-08 
9.38 1.68 4.41932e-09 
9.38 1.684 5.08981e-10 
9.39 1.608 2.12687e-10 
9.39 1.612 1.46463e-09 
9.39 1.616 9.50431e-09 
9.39 1.62 4.75949e-08 
9.39 1.624 1.97187e-07 
9.39 1.628 6.46466e-07 
9.39 1.632 1.82577e-06 
9.39 1.636 3.75189e-06 
9.39 1.64 6.82221e-06 
9.39 1.644 9.85027e-06 
9.39 1.648 1.08816e-05 
9.39 1.652 1.00681e-05 
9.39 1.656 7.21008e-06 
9.39 1.66 4.00367e-06 
9.39 1.664 1.75781e-06 
9.39 1.668 6.06895e-07 
9.39 1.672 1.56789e-07 
9.39 1.676 3.24495e-08 
9.39 1.68 5.042e-09 
9.39 1.684 5.94689e-10 
9.4 1.608 2.61607e-10 
9.4 1.612 1.91243e-09 
9.4 1.616 1.24555e-08 
9.4 1.62 5.9789e-08 
9.4 1.624 2.43671e-07 
9.4 1.628 7.96655e-07 
9.4 1.632 2.07779e-06 
9.4 1.636 4.63052e-06 
9.4 1.64 8.13831e-06 
9.4 1.644 1.14767e-05 
9.4 1.648 1.33941e-05 
9.4 1.652 1.19251e-05 
9.4 1.656 8.7423e-06 
9.4 1.66 4.72741e-06 
9.4 1.664 2.02371e-06 
9.4 1.668 7.0704e-07 
9.4 1.672 1.86839e-07 
9.4 1.676 3.84798e-08 
9.4 1.68 5.72489e-09 
9.4 1.684 6.98753e-10 
9.41 1.608 3.375e-10 
9.41 1.612 2.46617e-09 
9.41 1.616 1.50769e-08 
9.41 1.62 7.08925e-08 
9.41 1.624 2.98032e-07 
9.41 1.628 9.43441e-07 
9.41 1.632 2.59706e-06 
9.41 1.636 5.47246e-06 
9.41 1.64 9.70597e-06 
9.41 1.644 1.39825e-05 
9.41 1.648 1.5835e-05 
9.41 1.652 1.43776e-05 
9.41 1.656 1.02579e-05 
9.41 1.66 5.43834e-06 
9.41 1.664 2.34184e-06 
9.41 1.668 8.10737e-07 
9.41 1.672 2.21894e-07 
9.41 1.676 4.36263e-08 
9.41 1.68 6.92268e-09 
9.41 1.684 7.88082e-10 
9.42 1.608 4.39636e-10 
9.42 1.612 3.01413e-09 
9.42 1.616 1.87407e-08 
9.42 1.62 9.08854e-08 
9.42 1.624 3.41516e-07 
9.42 1.628 1.14965e-06 
9.42 1.632 3.06351e-06 
9.42 1.636 6.63172e-06 
9.42 1.64 1.17871e-05 
9.42 1.644 1.6542e-05 
9.42 1.648 1.8597e-05 
9.42 1.652 1.69992e-05 
9.42 1.656 1.15745e-05 
9.42 1.66 6.26743e-06 
9.42 1.664 2.78032e-06 
9.42 1.668 9.34094e-07 
9.42 1.672 2.54387e-07 
9.42 1.676 5.14095e-08 
9.42 1.68 8.03345e-09 
9.42 1.684 8.97629e-10 
9.43 1.608 5.35933e-10 
9.43 1.612 3.6662e-09 
9.43 1.616 2.30809e-08 
9.43 1.62 1.08929e-07 
9.43 1.624 4.12428e-07 
9.43 1.628 1.39897e-06 
9.43 1.632 3.58358e-06 
9.43 1.636 8.12146e-06 
9.43 1.64 1.40433e-05 
9.43 1.644 2.00713e-05 
9.43 1.648 2.16719e-05 
9.43 1.652 2.01132e-05 
9.43 1.656 1.32682e-05 
9.43 1.66 7.52186e-06 
9.43 1.664 3.19639e-06 
9.43 1.668 1.1084e-06 
9.43 1.672 2.94124e-07 
9.43 1.676 5.70585e-08 
9.43 1.68 9.23633e-09 
9.43 1.684 1.05734e-09 
9.44 1.608 6.4688e-10 
9.44 1.612 4.664e-09 
9.44 1.616 2.74045e-08 
9.44 1.62 1.28506e-07 
9.44 1.624 5.08394e-07 
9.44 1.628 1.62889e-06 
9.44 1.632 4.33618e-06 
9.44 1.636 9.46788e-06 
9.44 1.64 1.6656e-05 
9.44 1.644 2.33464e-05 
9.44 1.648 2.6051e-05 
9.44 1.652 2.2092e-05 
9.44 1.656 1.57318e-05 
9.44 1.66 8.49163e-06 
9.44 1.664 3.74195e-06 
9.44 1.668 1.26492e-06 
9.44 1.672 3.36044e-07 
9.44 1.676 6.64446e-08 
9.44 1.68 1.02454e-08 
9.44 1.684 1.15067e-09 
9.44 1.688 1.02972e-10 
9.45 1.608 8.2255e-10 
9.45 1.612 5.62337e-09 
9.45 1.616 3.32986e-08 
9.45 1.62 1.5303e-07 
9.45 1.624 5.99371e-07 
9.45 1.628 2.00018e-06 
9.45 1.632 5.13303e-06 
9.45 1.636 1.13689e-05 
9.45 1.64 1.96417e-05 
9.45 1.644 2.73829e-05 
9.45 1.648 3.00792e-05 
9.45 1.652 2.56977e-05 
9.45 1.656 1.79636e-05 
9.45 1.66 9.90338e-06 
9.45 1.664 4.32114e-06 
9.45 1.668 1.50205e-06 
9.45 1.672 3.84333e-07 
9.45 1.676 7.82325e-08 
9.45 1.68 1.15744e-08 
9.45 1.684 1.31856e-09 
9.45 1.688 1.11635e-10 
9.46 1.604 1.194e-10 
9.46 1.608 9.96094e-10 
9.46 1.612 6.83768e-09 
9.46 1.616 3.82122e-08 
9.46 1.62 1.77191e-07 
9.46 1.624 7.16336e-07 
9.46 1.628 2.41911e-06 
9.46 1.632 6.06304e-06 
9.46 1.636 1.33905e-05 
9.46 1.64 2.37944e-05 
9.46 1.644 3.13002e-05 
9.46 1.648 3.39463e-05 
9.46 1.652 2.99374e-05 
9.46 1.656 2.0933e-05 
9.46 1.66 1.14861e-05 
9.46 1.664 5.01443e-06 
9.46 1.668 1.66661e-06 
9.46 1.672 4.40266e-07 
9.46 1.676 8.67462e-08 
9.46 1.68 1.2943e-08 
9.46 1.684 1.45126e-09 
9.46 1.688 1.30895e-10 
9.47 1.604 1.51739e-10 
9.47 1.608 1.21106e-09 
9.47 1.612 8.10141e-09 
9.47 1.616 4.67599e-08 
9.47 1.62 2.16651e-07 
9.47 1.624 8.71298e-07 
9.47 1.628 2.82258e-06 
9.47 1.632 7.37982e-06 
9.47 1.636 1.58148e-05 
9.47 1.64 2.7363e-05 
9.47 1.644 3.66573e-05 
9.47 1.648 3.99202e-05 
9.47 1.652 3.48262e-05 
9.47 1.656 2.42009e-05 
9.47 1.66 1.35726e-05 
9.47 1.664 5.79494e-06 
9.47 1.668 1.9626e-06 
9.47 1.672 5.03828e-07 
9.47 1.676 9.94381e-08 
9.47 1.68 1.46397e-08 
9.47 1.684 1.73986e-09 
9.47 1.688 1.46005e-10 
9.48 1.604 1.86546e-10 
9.48 1.608 1.41608e-09 
9.48 1.612 9.59514e-09 
9.48 1.616 5.52203e-08 
9.48 1.62 2.70195e-07 
9.48 1.624 1.04539e-06 
9.48 1.628 3.37914e-06 
9.48 1.632 8.91205e-06 
9.48 1.636 1.89978e-05 
9.48 1.64 3.19606e-05 
9.48 1.644 4.30574e-05 
9.48 1.648 4.58523e-05 
9.48 1.652 4.15078e-05 
9.48 1.656 2.85752e-05 
9.48 1.66 1.58314e-05 
9.48 1.664 6.70589e-06 
9.48 1.668 2.30992e-06 
9.48 1.672 5.77809e-07 
9.48 1.676 1.14889e-07 
9.48 1.68 1.71327e-08 
9.48 1.684 2.0087e-09 
9.48 1.688 1.75673e-10 
9.49 1.604 2.18464e-10 
9.49 1.608 1.86298e-09 
9.49 1.612 1.1349e-08 
9.49 1.616 7.0106e-08 
9.49 1.62 3.24085e-07 
9.49 1.624 1.23998e-06 
9.49 1.628 4.09967e-06 
9.49 1.632 1.05228e-05 
9.49 1.636 2.19207e-05 
9.49 1.64 3.70238e-05 
9.49 1.644 4.99975e-05 
9.49 1.648 5.40245e-05 
9.49 1.652 4.84025e-05 
9.49 1.656 3.2965e-05 
9.49 1.66 1.82943e-05 
9.49 1.664 7.62002e-06 
9.49 1.668 2.61368e-06 
9.49 1.672 6.49666e-07 
9.49 1.676 1.28316e-07 
9.49 1.68 1.86842e-08 
9.49 1.684 2.28818e-09 
9.49 1.688 1.8952e-10 
9.5 1.604 2.60252e-10 
9.5 1.608 2.14519e-09 
9.5 1.612 1.38667e-08 
9.5 1.616 8.37203e-08 
9.5 1.62 3.94003e-07 
9.5 1.624 1.54766e-06 
9.5 1.628 4.87571e-06 
9.5 1.632 1.23434e-05 
9.5 1.636 2.62459e-05 
9.5 1.64 4.29515e-05 
9.5 1.644 5.80474e-05 
9.5 1.648 6.2478e-05 
9.5 1.652 5.56293e-05 
9.5 1.656 3.89326e-05 
9.5 1.66 2.07657e-05 
9.5 1.664 8.94409e-06 
9.5 1.668 2.90487e-06 
9.5 1.672 7.52424e-07 
9.5 1.676 1.44097e-07 
9.5 1.68 2.16631e-08 
9.5 1.684 2.53642e-09 
9.5 1.688 2.18273e-10 
9.51 1.604 3.29155e-10 
9.51 1.608 2.53948e-09 
9.51 1.612 1.66502e-08 
9.51 1.616 9.88714e-08 
9.51 1.62 4.66467e-07 
9.51 1.624 1.76298e-06 
9.51 1.628 5.58611e-06 
9.51 1.632 1.47384e-05 
9.51 1.636 3.01878e-05 
9.51 1.64 4.89219e-05 
9.51 1.644 6.7207e-05 
9.51 1.648 7.42955e-05 
9.51 1.652 6.35855e-05 
9.51 1.656 4.44284e-05 
9.51 1.66 2.41147e-05 
9.51 1.664 1.02361e-05 
9.51 1.668 3.3167e-06 
9.51 1.672 8.27274e-07 
9.51 1.676 1.64608e-07 
9.51 1.68 2.44255e-08 
9.51 1.684 2.78879e-09 
9.51 1.688 2.43391e-10 
9.52 1.604 3.73063e-10 
9.52 1.608 2.91535e-09 
9.52 1.612 2.101e-08 
9.52 1.616 1.16391e-07 
9.52 1.62 5.52258e-07 
9.52 1.624 2.08138e-06 
9.52 1.628 6.73551e-06 
9.52 1.632 1.69917e-05 
9.52 1.636 3.38502e-05 
9.52 1.64 5.78548e-05 
9.52 1.644 7.76171e-05 
9.52 1.648 8.426e-05 
9.52 1.652 7.50499e-05 
9.52 1.656 5.09529e-05 
9.52 1.66 2.70066e-05 
9.52 1.664 1.14397e-05 
9.52 1.668 3.73534e-06 
9.52 1.672 9.44856e-07 
9.52 1.676 1.83546e-07 
9.52 1.68 2.80693e-08 
9.52 1.684 3.18134e-09 
9.52 1.688 2.83987e-10 
9.53 1.604 4.50099e-10 
9.53 1.608 3.61956e-09 
9.53 1.612 2.47285e-08 
9.53 1.616 1.38823e-07 
9.53 1.62 6.33783e-07 
9.53 1.624 2.57048e-06 
9.53 1.628 7.68293e-06 
9.53 1.632 1.96922e-05 
9.53 1.636 3.98623e-05 
9.53 1.64 6.6047e-05 
9.53 1.644 8.92444e-05 
9.53 1.648 9.79092e-05 
9.53 1.652 8.46753e-05 
9.53 1.656 5.75273e-05 
9.53 1.66 3.14589e-05 
9.53 1.664 1.29392e-05 
9.53 1.668 4.15781e-06 
9.53 1.672 1.06488e-06 
9.53 1.676 2.09152e-07 
9.53 1.68 3.14393e-08 
9.53 1.684 3.59372e-09 
9.53 1.688 3.25991e-10 
9.54 1.604 5.64416e-10 
9.54 1.608 4.33887e-09 
9.54 1.612 2.90701e-08 
9.54 1.616 1.61464e-07 
9.54 1.62 7.7804e-07 
9.54 1.624 2.86698e-06 
9.54 1.628 8.92232e-06 
9.54 1.632 2.23495e-05 
9.54 1.636 4.55386e-05 
9.54 1.64 7.65198e-05 
9.54 1.644 0.00010417 
9.54 1.648 0.00011012 
9.54 1.652 9.77513e-05 
9.54 1.656 6.63324e-05 
9.54 1.66 3.50894e-05 
9.54 1.664 1.45981e-05 
9.54 1.668 4.68692e-06 
9.54 1.672 1.18369e-06 
9.54 1.676 2.31537e-07 
9.54 1.68 3.51484e-08 
9.54 1.684 4.02397e-09 
9.54 1.688 3.55992e-10 
9.55 1.604 6.53578e-10 
9.55 1.608 5.06371e-09 
9.55 1.612 3.40343e-08 
9.55 1.616 1.94326e-07 
9.55 1.62 9.07007e-07 
9.55 1.624 3.32309e-06 
9.55 1.628 1.04736e-05 
9.55 1.632 2.58046e-05 
9.55 1.636 5.19393e-05 
9.55 1.64 9.12264e-05 
9.55 1.644 0.000117968 
9.55 1.648 0.000128329 
9.55 1.652 0.000110881 
9.55 1.656 7.40588e-05 
9.55 1.66 3.98938e-05 
9.55 1.664 1.61493e-05 
9.55 1.668 5.28386e-06 
9.55 1.672 1.34952e-06 
9.55 1.676 2.66385e-07 
9.55 1.68 4.05014e-08 
9.55 1.684 4.6064e-09 
9.55 1.688 3.90794e-10 
9.56 1.604 8.02785e-10 
9.56 1.608 6.05799e-09 
9.56 1.612 4.13548e-08 
9.56 1.616 2.29467e-07 
9.56 1.62 1.06039e-06 
9.56 1.624 3.94391e-06 
9.56 1.628 1.21083e-05 
9.56 1.632 3.0015e-05 
9.56 1.636 6.15455e-05 
9.56 1.64 0.000101354 
9.56 1.644 0.000139889 
9.56 1.648 0.000147346 
9.56 1.652 0.000124226 
9.56 1.656 8.58946e-05 
9.56 1.66 4.44313e-05 
9.56 1.664 1.88013e-05 
9.56 1.668 6.0797e-06 
9.56 1.672 1.50908e-06 
9.56 1.676 3.0075e-07 
9.56 1.68 4.53661e-08 
9.56 1.684 5.12758e-09 
9.56 1.688 4.26691e-10 
9.57 1.604 9.45078e-10 
9.57 1.608 6.98026e-09 
9.57 1.612 4.97523e-08 
9.57 1.616 2.77177e-07 
9.57 1.62 1.23745e-06 
9.57 1.624 4.5948e-06 
9.57 1.628 1.35242e-05 
9.57 1.632 3.43512e-05 
9.57 1.636 7.03744e-05 
9.57 1.64 0.000116578 
9.57 1.644 0.000157651 
9.57 1.648 0.000167602 
9.57 1.652 0.00013935 
9.57 1.656 9.69537e-05 
9.57 1.66 5.02045e-05 
9.57 1.664 2.05431e-05 
9.57 1.668 6.76346e-06 
9.57 1.672 1.73866e-06 
9.57 1.676 3.41173e-07 
9.57 1.68 5.01692e-08 
9.57 1.684 5.56031e-09 
9.57 1.688 4.55689e-10 
9.58 1.6 1.11338e-10 
9.58 1.604 1.08904e-09 
9.58 1.608 8.35465e-09 
9.58 1.612 5.5824e-08 
9.58 1.616 3.18074e-07 
9.58 1.62 1.39413e-06 
9.58 1.624 5.11407e-06 
9.58 1.628 1.54304e-05 
9.58 1.632 3.9962e-05 
9.58 1.636 8.17087e-05 
9.58 1.64 0.000132952 
9.58 1.644 0.000172881 
9.58 1.648 0.000188459 
9.58 1.652 0.000160884 
9.58 1.656 0.000107288 
9.58 1.66 5.58723e-05 
9.58 1.664 2.31466e-05 
9.58 1.668 7.58896e-06 
9.58 1.672 1.9002e-06 
9.58 1.676 3.64962e-07 
9.58 1.68 5.41775e-08 
9.58 1.684 6.23526e-09 
9.58 1.688 5.26919e-10 
9.59 1.6 1.32354e-10 
9.59 1.604 1.28376e-09 
9.59 1.608 9.79376e-09 
9.59 1.612 6.73286e-08 
9.59 1.616 3.41652e-07 
9.59 1.62 1.65433e-06 
9.59 1.624 5.88168e-06 
9.59 1.628 1.78065e-05 
9.59 1.632 4.31997e-05 
9.59 1.636 9.06854e-05 
9.59 1.64 0.000146428 
9.59 1.644 0.000198244 
9.59 1.648 0.000211197 
9.59 1.652 0.000177204 
9.59 1.656 0.000117767 
9.59 1.66 6.01525e-05 
9.59 1.664 2.5392e-05 
9.59 1.668 8.27145e-06 
9.59 1.672 2.08829e-06 
9.59 1.676 3.82047e-07 
9.59 1.68 5.87989e-08 
9.59 1.684 6.72333e-09 
9.59 1.688 5.38192e-10 
9.6 1.6 1.58498e-10 
9.6 1.604 1.44785e-09 
9.6 1.608 1.15002e-08 
9.6 1.612 7.59705e-08 
9.6 1.616 4.09588e-07 
9.6 1.62 1.83739e-06 
9.6 1.624 6.88398e-06 
9.6 1.628 2.0015e-05 
9.6 1.632 5.13426e-05 
9.6 1.636 0.000104062 
9.6 1.64 0.000168013 
9.6 1.644 0.000222443 
9.6 1.648 0.000238805 
9.6 1.652 0.000197663 
9.6 1.656 0.000131062 
9.6 1.66 6.88376e-05 
9.6 1.664 2.83945e-05 
9.6 1.668 9.4374e-06 
9.6 1.672 2.31979e-06 
9.6 1.676 4.37888e-07 
9.6 1.68 6.61158e-08 
9.6 1.684 7.415e-09 
9.6 1.688 6.25869e-10 
9.61 1.6 1.8321e-10 
9.61 1.604 1.70833e-09 
9.61 1.608 1.36036e-08 
9.61 1.612 8.83076e-08 
9.61 1.616 4.7822e-07 
9.61 1.62 2.05552e-06 
9.61 1.624 7.71428e-06 
9.61 1.628 2.28395e-05 
9.61 1.632 5.82107e-05 
9.61 1.636 0.000114851 
9.61 1.64 0.000190696 
9.61 1.644 0.000254339 
9.61 1.648 0.000265466 
9.61 1.652 0.000222187 
9.61 1.656 0.000145016 
9.61 1.66 7.68562e-05 
9.61 1.664 3.246e-05 
9.61 1.668 1.03102e-05 
9.61 1.672 2.51875e-06 
9.61 1.676 4.776e-07 
9.61 1.68 7.35311e-08 
9.61 1.684 8.27554e-09 
9.61 1.688 6.83154e-10 
9.62 1.6 2.12955e-10 
9.62 1.604 2.00767e-09 
9.62 1.608 1.57421e-08 
9.62 1.612 1.0316e-07 
9.62 1.616 5.29531e-07 
9.62 1.62 2.41013e-06 
9.62 1.624 8.81578e-06 
9.62 1.628 2.65774e-05 
9.62 1.632 6.67281e-05 
9.62 1.636 0.000131812 
9.62 1.64 0.000214691 
9.62 1.644 0.00028401 
9.62 1.648 0.000300915 
9.62 1.652 0.000247597 
9.62 1.656 0.000160635 
9.62 1.66 8.66804e-05 
9.62 1.664 3.53598e-05 
9.62 1.668 1.15066e-05 
9.62 1.672 2.85992e-06 
9.62 1.676 5.43974e-07 
9.62 1.68 7.69999e-08 
9.62 1.684 8.70653e-09 
9.62 1.688 7.38857e-10 
9.63 1.6 2.45412e-10 
9.63 1.604 2.403e-09 
9.63 1.608 1.80805e-08 
9.63 1.612 1.18308e-07 
9.63 1.616 6.13264e-07 
9.63 1.62 2.70602e-06 
9.63 1.624 1.00311e-05 
9.63 1.628 3.04766e-05 
9.63 1.632 7.32809e-05 
9.63 1.636 0.000149112 
9.63 1.64 0.00024281 
9.63 1.644 0.000319632 
9.63 1.648 0.000326273 
9.63 1.652 0.000269213 
9.63 1.656 0.000179632 
9.63 1.66 9.63969e-05 
9.63 1.664 3.94012e-05 
9.63 1.668 1.23349e-05 
9.63 1.672 3.07922e-06 
9.63 1.676 5.82721e-07 
9.63 1.68 8.47488e-08 
9.63 1.684 9.60054e-09 
9.63 1.688 8.26815e-10 
9.64 1.6 2.94489e-10 
9.64 1.604 2.76666e-09 
9.64 1.608 2.0733e-08 
9.64 1.612 1.28278e-07 
9.64 1.616 7.05898e-07 
9.64 1.62 3.08079e-06 
9.64 1.624 1.13075e-05 
9.64 1.628 3.34715e-05 
9.64 1.632 8.54038e-05 
9.64 1.636 0.000168714 
9.64 1.64 0.000268665 
9.64 1.644 0.000355367 
9.64 1.648 0.000365225 
9.64 1.652 0.00030749 
9.64 1.656 0.000201718 
9.64 1.66 0.000106096 
9.64 1.664 4.29391e-05 
9.64 1.668 1.40925e-05 
9.64 1.672 3.51185e-06 
9.64 1.676 6.82576e-07 
9.64 1.68 9.6137e-08 
9.64 1.684 1.03823e-08 
9.64 1.688 8.80131e-10 
9.65 1.6 3.40234e-10 
9.65 1.604 3.11083e-09 
9.65 1.608 2.31551e-08 
9.65 1.612 1.52145e-07 
9.65 1.616 8.09175e-07 
9.65 1.62 3.5863e-06 
9.65 1.624 1.2923e-05 
9.65 1.628 3.88107e-05 
9.65 1.632 9.52897e-05 
9.65 1.636 0.0001886 
9.65 1.64 0.000310065 
9.65 1.644 0.000400305 
9.65 1.648 0.000401346 
9.65 1.652 0.000341336 
9.65 1.656 0.000227943 
9.65 1.66 0.000120216 
9.65 1.664 4.76223e-05 
9.65 1.668 1.53223e-05 
9.65 1.672 3.83281e-06 
9.65 1.676 7.30926e-07 
9.65 1.68 1.0671e-07 
9.65 1.684 1.13254e-08 
9.65 1.688 9.57591e-10 
9.66 1.6 4.00598e-10 
9.66 1.604 3.55026e-09 
9.66 1.608 2.67198e-08 
9.66 1.612 1.72199e-07 
9.66 1.616 9.08203e-07 
9.66 1.62 4.01414e-06 
9.66 1.624 1.41796e-05 
9.66 1.628 4.42748e-05 
9.66 1.632 0.000107832 
9.66 1.636 0.000211076 
9.66 1.64 0.00034015 
9.66 1.644 0.000435769 
9.66 1.648 0.000451713 
9.66 1.652 0.000376827 
9.66 1.656 0.000252736 
9.66 1.66 0.000127925 
9.66 1.664 5.33114e-05 
9.66 1.668 1.68543e-05 
9.66 1.672 4.21656e-06 
9.66 1.676 7.88705e-07 
9.66 1.68 1.16133e-07 
9.66 1.684 1.30446e-08 
9.66 1.688 1.10403e-09 
9.67 1.6 4.45813e-10 
9.67 1.604 4.26904e-09 
9.67 1.608 3.02706e-08 
9.67 1.612 1.92758e-07 
9.67 1.616 1.0405e-06 
9.67 1.62 4.46801e-06 
9.67 1.624 1.63602e-05 
9.67 1.628 4.75056e-05 
9.67 1.632 0.000121429 
9.67 1.636 0.000237031 
9.67 1.64 0.000381269 
9.67 1.644 0.00048004 
9.67 1.648 0.00050256 
9.67 1.652 0.000418302 
9.67 1.656 0.000274681 
9.67 1.66 0.000142788 
9.67 1.664 5.87645e-05 
9.67 1.668 1.86321e-05 
9.67 1.672 4.53044e-06 
9.67 1.676 8.47311e-07 
9.67 1.68 1.22272e-07 
9.67 1.684 1.43028e-08 
9.67 1.688 1.1564e-09 
9.68 1.6 5.05486e-10 
9.68 1.604 4.50126e-09 
9.68 1.608 3.43824e-08 
9.68 1.612 2.13449e-07 
9.68 1.616 1.17188e-06 
9.68 1.62 5.07424e-06 
9.68 1.624 1.88077e-05 
9.68 1.628 5.52669e-05 
9.68 1.632 0.000135698 
9.68 1.636 0.000265634 
9.68 1.64 0.000413547 
9.68 1.644 0.000532446 
9.68 1.648 0.00055606 
9.68 1.652 0.000465664 
9.68 1.656 0.000304013 
9.68 1.66 0.000154969 
9.68 1.664 6.32996e-05 
9.68 1.668 2.04102e-05 
9.68 1.672 4.98057e-06 
9.68 1.676 9.07741e-07 
9.68 1.68 1.3514e-07 
9.68 1.684 1.48149e-08 
9.68 1.688 1.26839e-09 
9.69 1.6 5.96619e-10 
9.69 1.604 5.19229e-09 
9.69 1.608 3.94276e-08 
9.69 1.612 2.5171e-07 
9.69 1.616 1.34063e-06 
9.69 1.62 5.81895e-06 
9.69 1.624 2.04822e-05 
9.69 1.628 6.10826e-05 
9.69 1.632 0.000148924 
9.69 1.636 0.000300208 
9.69 1.64 0.000459194 
9.69 1.644 0.000588844 
9.69 1.648 0.000623171 
9.69 1.652 0.000509406 
9.69 1.656 0.000328986 
9.69 1.66 0.000170371 
9.69 1.664 7.07958e-05 
9.69 1.668 2.28704e-05 
9.69 1.672 5.3645e-06 
9.69 1.676 1.02059e-06 
9.69 1.68 1.45034e-07 
9.69 1.684 1.61014e-08 
9.69 1.688 1.35917e-09 
9.7 1.6 6.32114e-10 
9.7 1.604 6.20998e-09 
9.7 1.608 4.47635e-08 
9.7 1.612 2.72798e-07 
9.7 1.616 1.50929e-06 
9.7 1.62 6.3554e-06 
9.7 1.624 2.1833e-05 
9.7 1.628 6.81004e-05 
9.7 1.632 0.000160969 
9.7 1.636 0.000315704 
9.7 1.64 0.000502635 
9.7 1.644 0.000649552 
9.7 1.648 0.000666436 
9.7 1.652 0.000549521 
9.7 1.656 0.000365549 
9.7 1.66 0.000184228 
9.7 1.664 7.5536e-05 
9.7 1.668 2.35833e-05 
9.7 1.672 5.61114e-06 
9.7 1.676 1.10253e-06 
9.7 1.68 1.53932e-07 
9.7 1.684 1.72736e-08 
9.7 1.688 1.43843e-09 
9.71 1.6 7.27059e-10 
9.71 1.604 6.83191e-09 
9.71 1.608 4.96695e-08 
9.71 1.612 3.09685e-07 
9.71 1.616 1.75457e-06 
9.71 1.62 7.14105e-06 
9.71 1.624 2.466e-05 
9.71 1.628 7.37573e-05 
9.71 1.632 0.00017926 
9.71 1.636 0.000350669 
9.71 1.64 0.000556202 
9.71 1.644 0.000715837 
9.71 1.648 0.000752843 
9.71 1.652 0.000606582 
9.71 1.656 0.000387281 
9.71 1.66 0.000203798 
9.71 1.664 8.17944e-05 
9.71 1.668 2.50158e-05 
9.71 1.672 6.2749e-06 
9.71 1.676 1.1581e-06 
9.71 1.68 1.69127e-07 
9.71 1.684 1.82315e-08 
9.71 1.688 1.51485e-09 
9.72 1.6 8.35126e-10 
9.72 1.604 7.79468e-09 
9.72 1.608 5.66303e-08 
9.72 1.612 3.54149e-07 
9.72 1.616 1.94662e-06 
9.72 1.62 8.10931e-06 
9.72 1.624 2.81466e-05 
9.72 1.628 8.09951e-05 
9.72 1.632 0.000206468 
9.72 1.636 0.000388756 
9.72 1.64 0.000619296 
9.72 1.644 0.00079603 
9.72 1.648 0.000820669 
9.72 1.652 0.000680264 
9.72 1.656 0.000422664 
9.72 1.66 0.000221033 
9.72 1.664 8.73659e-05 
9.72 1.668 2.75498e-05 
9.72 1.672 6.7667e-06 
9.72 1.676 1.32218e-06 
9.72 1.68 1.91618e-07 
9.72 1.684 1.9973e-08 
9.72 1.688 1.66849e-09 
9.72 1.692 1.03986e-10 
9.73 1.6 9.12501e-10 
9.73 1.604 8.40142e-09 
9.73 1.608 6.27584e-08 
9.73 1.612 3.94562e-07 
9.73 1.616 2.07676e-06 
9.73 1.62 8.88784e-06 
9.73 1.624 3.10687e-05 
9.73 1.628 8.89227e-05 
9.73 1.632 0.000234687 
9.73 1.636 0.000425287 
9.73 1.64 0.000658185 
9.73 1.644 0.000909956 
9.73 1.648 0.000887555 
9.73 1.652 0.000717478 
9.73 1.656 0.000468898 
9.73 1.66 0.000238576 
9.73 1.664 9.72796e-05 
9.73 1.668 3.08127e-05 
9.73 1.672 7.47478e-06 
9.73 1.676 1.41128e-06 
9.73 1.68 1.98507e-07 
9.73 1.684 2.17657e-08 
9.73 1.688 1.76297e-09 
9.73 1.692 1.08102e-10 
9.74 1.596 1.0039e-10 
9.74 1.6 1.07107e-09 
9.74 1.604 9.48631e-09 
9.74 1.608 7.00968e-08 
9.74 1.612 4.45266e-07 
9.74 1.616 2.30146e-06 
9.74 1.62 9.438e-06 
9.74 1.624 3.44232e-05 
9.74 1.628 9.96001e-05 
9.74 1.632 0.000240827 
9.74 1.636 0.00046779 
9.74 1.64 0.000725639 
9.74 1.644 0.000949244 
9.74 1.648 0.000962114 
9.74 1.652 0.000780451 
9.74 1.656 0.000521548 
9.74 1.66 0.000256811 
9.74 1.664 0.0001051 
9.74 1.668 3.31119e-05 
9.74 1.672 8.11601e-06 
9.74 1.676 1.52221e-06 
9.74 1.68 2.15009e-07 
9.74 1.684 2.22785e-08 
9.74 1.688 1.9229e-09 
9.74 1.692 1.19409e-10 
9.75 1.596 1.12924e-10 
9.75 1.6 1.23601e-09 
9.75 1.604 1.07913e-08 
9.75 1.608 7.79513e-08 
9.75 1.612 5.02054e-07 
9.75 1.616 2.5369e-06 
9.75 1.62 1.09566e-05 
9.75 1.624 3.71263e-05 
9.75 1.628 0.000108457 
9.75 1.632 0.000268299 
9.75 1.636 0.000519639 
9.75 1.64 0.000813664 
9.75 1.644 0.00101379 
9.75 1.648 0.00106345 
9.75 1.652 0.000858201 
9.75 1.656 0.000539159 
9.75 1.66 0.00028206 
9.75 1.664 0.000105763 
9.75 1.668 3.49207e-05 
9.75 1.672 8.62848e-06 
9.75 1.676 1.59609e-06 
9.75 1.68 2.24569e-07 
9.75 1.684 2.43171e-08 
9.75 1.688 2.05954e-09 
9.75 1.692 1.2068e-10 
9.76 1.596 1.28627e-10 
9.76 1.6 1.392e-09 
9.76 1.604 1.18237e-08 
9.76 1.608 8.83644e-08 
9.76 1.612 5.64662e-07 
9.76 1.616 2.76768e-06 
9.76 1.62 1.18813e-05 
9.76 1.624 4.14632e-05 
9.76 1.628 0.000118971 
9.76 1.632 0.00029856 
9.76 1.636 0.000582962 
9.76 1.64 0.000880042 
9.76 1.644 0.00111052 
9.76 1.648 0.00114886 
9.76 1.652 0.000936381 
9.76 1.656 0.000587598 
9.76 1.66 0.000294778 
9.76 1.664 0.000118717 
9.76 1.668 3.77671e-05 
9.76 1.672 9.17238e-06 
9.76 1.676 1.72878e-06 
9.76 1.68 2.49433e-07 
9.76 1.684 2.67012e-08 
9.76 1.688 2.18412e-09 
9.76 1.692 1.31778e-10 
9.77 1.596 1.42524e-10 
9.77 1.6 1.52689e-09 
9.77 1.604 1.39851e-08 
9.77 1.608 9.83398e-08 
9.77 1.612 6.06733e-07 
9.77 1.616 3.1872e-06 
9.77 1.62 1.30234e-05 
9.77 1.624 4.63325e-05 
9.77 1.628 0.000136064 
9.77 1.632 0.000321154 
9.77 1.636 0.000654453 
9.77 1.64 0.000991716 
9.77 1.644 0.00119442 
9.77 1.648 0.00124353 
9.77 1.652 0.00101973 
9.77 1.656 0.000639855 
9.77 1.66 0.000323095 
9.77 1.664 0.000127863 
9.77 1.668 4.25841e-05 
9.77 1.672 9.69355e-06 
9.77 1.676 1.87531e-06 
9.77 1.68 2.68663e-07 
9.77 1.684 2.80975e-08 
9.77 1.688 2.3264e-09 
9.77 1.692 1.34525e-10 
9.78 1.596 1.69247e-10 
9.78 1.6 1.65644e-09 
9.78 1.604 1.46371e-08 
9.78 1.608 1.08468e-07 
9.78 1.612 6.793e-07 
9.78 1.616 3.52185e-06 
9.78 1.62 1.47716e-05 
9.78 1.624 5.18152e-05 
9.78 1.628 0.000147736 
9.78 1.632 0.000360974 
9.78 1.636 0.000705704 
9.78 1.64 0.00108428 
9.78 1.644 0.00132783 
9.78 1.648 0.00135085 
9.78 1.652 0.00107968 
9.78 1.656 0.000724732 
9.78 1.66 0.000351216 
9.78 1.664 0.000140493 
9.78 1.668 4.45319e-05 
9.78 1.672 1.11494e-05 
9.78 1.676 1.92694e-06 
9.78 1.68 2.82241e-07 
9.78 1.684 2.9634e-08 
9.78 1.688 2.328e-09 
9.78 1.692 1.45751e-10 
9.79 1.596 1.83044e-10 
9.79 1.6 1.83318e-09 
9.79 1.604 1.66717e-08 
9.79 1.608 1.23533e-07 
9.79 1.612 7.50523e-07 
9.79 1.616 3.74786e-06 
9.79 1.62 1.59176e-05 
9.79 1.624 5.48776e-05 
9.79 1.628 0.000161477 
9.79 1.632 0.00038091 
9.79 1.636 0.000751613 
9.79 1.64 0.0011484 
9.79 1.644 0.00145329 
9.79 1.648 0.0014698 
9.79 1.652 0.00117986 
9.79 1.656 0.000760327 
9.79 1.66 0.000399149 
9.79 1.664 0.000152723 
9.79 1.668 4.777e-05 
9.79 1.672 1.14627e-05 
9.79 1.676 2.12072e-06 
9.79 1.68 2.97191e-07 
9.79 1.684 3.1635e-08 
9.79 1.688 2.49582e-09 
9.79 1.692 1.57991e-10 
9.8 1.596 1.99577e-10 
9.8 1.6 2.1356e-09 
9.8 1.604 1.87372e-08 
9.8 1.608 1.31934e-07 
9.8 1.612 8.27417e-07 
9.8 1.616 4.06852e-06 
9.8 1.62 1.68186e-05 
9.8 1.624 6.12782e-05 
9.8 1.628 0.000174036 
9.8 1.632 0.000412519 
9.8 1.636 0.000794411 
9.8 1.64 0.00129318 
9.8 1.644 0.00160314 
9.8 1.648 0.00160848 
9.8 1.652 0.00127458 
9.8 1.656 0.000816059 
9.8 1.66 0.000412609 
9.8 1.664 0.00016761 
9.8 1.668 5.2001e-05 
9.8 1.672 1.19157e-05 
9.8 1.676 2.25316e-06 
9.8 1.68 3.25818e-07 
9.8 1.684 3.36666e-08 
9.8 1.688 2.62428e-09 
9.8 1.692 1.68273e-10 
9.81 1.596 2.27014e-10 
9.81 1.6 2.36905e-09 
9.81 1.604 2.02125e-08 
9.81 1.608 1.50029e-07 
9.81 1.612 8.91253e-07 
9.81 1.616 4.60292e-06 
9.81 1.62 1.86138e-05 
9.81 1.624 6.70524e-05 
9.81 1.628 0.000190197 
9.81 1.632 0.000463311 
9.81 1.636 0.000868129 
9.81 1.64 0.00133401 
9.81 1.644 0.00168788 
9.81 1.648 0.00169876 
9.81 1.652 0.00135503 
9.81 1.656 0.000837784 
9.81 1.66 0.000425115 
9.81 1.664 0.000169694 
9.81 1.668 5.29376e-05 
9.81 1.672 1.32768e-05 
9.81 1.676 2.41128e-06 
9.81 1.68 3.32586e-07 
9.81 1.684 3.60649e-08 
9.81 1.688 2.96703e-09 
9.81 1.692 1.7195e-10 
9.82 1.596 2.52338e-10 
9.82 1.6 2.61149e-09 
9.82 1.604 2.25503e-08 
9.82 1.608 1.65899e-07 
9.82 1.612 9.8119e-07 
9.82 1.616 4.94958e-06 
9.82 1.62 2.05408e-05 
9.82 1.624 7.25697e-05 
9.82 1.628 0.000209978 
9.82 1.632 0.000482675 
9.82 1.636 0.000922914 
9.82 1.64 0.00142515 
9.82 1.644 0.0017887 
9.82 1.648 0.00175194 
9.82 1.652 0.00142271 
9.82 1.656 0.00090248 
9.82 1.66 0.000459439 
9.82 1.664 0.000178841 
9.82 1.668 5.5336e-05 
9.82 1.672 1.35786e-05 
9.82 1.676 2.50241e-06 
9.82 1.68 3.54491e-07 
9.82 1.684 3.97393e-08 
9.82 1.688 3.11174e-09 
9.82 1.692 1.86793e-10 
9.83 1.596 2.66074e-10 
9.83 1.6 2.68599e-09 
9.83 1.604 2.42551e-08 
9.83 1.608 1.73042e-07 
9.83 1.612 1.06357e-06 
9.83 1.616 5.30516e-06 
9.83 1.62 2.25444e-05 
9.83 1.624 7.83636e-05 
9.83 1.628 0.000221185 
9.83 1.632 0.000522484 
9.83 1.636 0.00101553 
9.83 1.64 0.00156442 
9.83 1.644 0.00187416 
9.83 1.648 0.00191733 
9.83 1.652 0.00154844 
9.83 1.656 0.000941398 
9.83 1.66 0.000481635 
9.83 1.664 0.000192833 
9.83 1.668 5.75719e-05 
9.83 1.672 1.36032e-05 
9.83 1.676 2.55933e-06 
9.83 1.68 3.71012e-07 
9.83 1.684 3.82757e-08 
9.83 1.688 3.22007e-09 
9.83 1.692 1.93988e-10 
9.84 1.596 2.93861e-10 
9.84 1.6 3.11494e-09 
9.84 1.604 2.54598e-08 
9.84 1.608 1.8795e-07 
9.84 1.612 1.13874e-06 
9.84 1.616 5.639e-06 
9.84 1.62 2.45514e-05 
9.84 1.624 8.35557e-05 
9.84 1.628 0.000244918 
9.84 1.632 0.000575637 
9.84 1.636 0.00110132 
9.84 1.64 0.00166577 
9.84 1.644 0.0020331 
9.84 1.648 0.00201514 
9.84 1.652 0.00167628 
9.84 1.656 0.000989 
9.84 1.66 0.000503416 
9.84 1.664 0.000200851 
9.84 1.668 6.2214e-05 
9.84 1.672 1.47083e-05 
9.84 1.676 2.71811e-06 
9.84 1.68 3.89034e-07 
9.84 1.684 4.2279e-08 
9.84 1.688 3.43297e-09 
9.84 1.692 2.09274e-10 
9.85 1.596 3.31129e-10 
9.85 1.6 3.2872e-09 
9.85 1.604 2.77819e-08 
9.85 1.608 2.10406e-07 
9.85 1.612 1.25282e-06 
9.85 1.616 6.38818e-06 
9.85 1.62 2.61822e-05 
9.85 1.624 9.25938e-05 
9.85 1.628 0.000261398 
9.85 1.632 0.000608178 
9.85 1.636 0.00115566 
9.85 1.64 0.00173713 
9.85 1.644 0.00215734 
9.85 1.648 0.00211658 
9.85 1.652 0.00171053 
9.85 1.656 0.00108834 
9.85 1.66 0.000552141 
9.85 1.664 0.000213291 
9.85 1.668 6.65063e-05 
9.85 1.672 1.61023e-05 
9.85 1.676 2.95515e-06 
9.85 1.68 4.05864e-07 
9.85 1.684 4.44773e-08 
9.85 1.688 3.71938e-09 
9.85 1.692 2.10807e-10 
9.86 1.596 3.70364e-10 
9.86 1.6 3.57542e-09 
9.86 1.604 3.12565e-08 
9.86 1.608 2.30816e-07 
9.86 1.612 1.4181e-06 
9.86 1.616 7.07938e-06 
9.86 1.62 2.87856e-05 
9.86 1.624 9.95302e-05 
9.86 1.628 0.000283487 
9.86 1.632 0.000656595 
9.86 1.636 0.00122272 
9.86 1.64 0.0018537 
9.86 1.644 0.00229879 
9.86 1.648 0.00233502 
9.86 1.652 0.00186901 
9.86 1.656 0.00116484 
9.86 1.66 0.000604383 
9.86 1.664 0.000235902 
9.86 1.668 7.33447e-05 
9.86 1.672 1.69205e-05 
9.86 1.676 3.15765e-06 
9.86 1.68 4.36494e-07 
9.86 1.684 4.71722e-08 
9.86 1.688 3.83384e-09 
9.86 1.692 2.31789e-10 
9.87 1.596 4.17476e-10 
9.87 1.6 4.17283e-09 
9.87 1.604 3.44206e-08 
9.87 1.608 2.57592e-07 
9.87 1.612 1.53345e-06 
9.87 1.616 7.59799e-06 
9.87 1.62 3.12534e-05 
9.87 1.624 0.000105162 
9.87 1.628 0.000304691 
9.87 1.632 0.000704885 
9.87 1.636 0.001307 
9.87 1.64 0.0020391 
9.87 1.644 0.0025346 
9.87 1.648 0.00250528 
9.87 1.652 0.00201222 
9.87 1.656 0.00130352 
9.87 1.66 0.000639732 
9.87 1.664 0.000259524 
9.87 1.668 7.55373e-05 
9.87 1.672 1.80651e-05 
9.87 1.676 3.30543e-06 
9.87 1.68 4.51695e-07 
9.87 1.684 4.86191e-08 
9.87 1.688 3.76096e-09 
9.87 1.692 2.47665e-10 
9.88 1.596 4.60366e-10 
9.88 1.6 4.37059e-09 
9.88 1.604 3.86946e-08 
9.88 1.608 2.74779e-07 
9.88 1.612 1.66258e-06 
9.88 1.616 8.28935e-06 
9.88 1.62 3.26881e-05 
9.88 1.624 0.000113403 
9.88 1.628 0.000327099 
9.88 1.632 0.000753614 
9.88 1.636 0.0014666 
9.88 1.64 0.00216469 
9.88 1.644 0.0027149 
9.88 1.648 0.00278835 
9.88 1.652 0.00216971 
9.88 1.656 0.00139863 
9.88 1.66 0.000701355 
9.88 1.664 0.000271616 
9.88 1.668 8.01539e-05 
9.88 1.672 1.848e-05 
9.88 1.676 3.4426e-06 
9.88 1.68 4.79244e-07 
9.88 1.684 5.04923e-08 
9.88 1.688 4.05972e-09 
9.88 1.692 2.36364e-10 
9.89 1.596 4.93965e-10 
9.89 1.6 4.78483e-09 
9.89 1.604 3.99415e-08 
9.89 1.608 2.98529e-07 
9.89 1.612 1.79221e-06 
9.89 1.616 8.43115e-06 
9.89 1.62 3.63545e-05 
9.89 1.624 0.000124648 
9.89 1.628 0.00034893 
9.89 1.632 0.000829794 
9.89 1.636 0.00156498 
9.89 1.64 0.0024256 
9.89 1.644 0.00297456 
9.89 1.648 0.00286932 
9.89 1.652 0.00229734 
9.89 1.656 0.00147194 
9.89 1.66 0.000724255 
9.89 1.664 0.000270296 
9.89 1.668 8.00432e-05 
9.89 1.672 1.94983e-05 
9.89 1.676 3.49033e-06 
9.89 1.68 4.93582e-07 
9.89 1.684 5.30463e-08 
9.89 1.688 4.17316e-09 
9.89 1.692 2.50117e-10 
9.9 1.596 4.99759e-10 
9.9 1.6 5.39504e-09 
9.9 1.604 4.42996e-08 
9.9 1.608 3.09137e-07 
9.9 1.612 1.92533e-06 
9.9 1.616 9.42912e-06 
9.9 1.62 3.86324e-05 
9.9 1.624 0.00013491 
9.9 1.628 0.000394083 
9.9 1.632 0.000902944 
9.9 1.636 0.00166678 
9.9 1.64 0.0025526 
9.9 1.644 0.00319379 
9.9 1.648 0.00299357 
9.9 1.652 0.00244892 
9.9 1.656 0.00154762 
9.9 1.66 0.000742616 
9.9 1.664 0.000284519 
9.9 1.668 8.61328e-05 
9.9 1.672 2.05371e-05 
9.9 1.676 3.74026e-06 
9.9 1.68 5.2049e-07 
9.9 1.684 5.55991e-08 
9.9 1.688 4.47289e-09 
9.9 1.692 2.68095e-10 
9.91 1.596 5.86113e-10 
9.91 1.6 5.52978e-09 
9.91 1.604 4.79398e-08 
9.91 1.608 3.52349e-07 
9.91 1.612 2.05262e-06 
9.91 1.616 1.04343e-05 
9.91 1.62 4.48417e-05 
9.91 1.624 0.000147723 
9.91 1.628 0.000416325 
9.91 1.632 0.000958588 
9.91 1.636 0.00179957 
9.91 1.64 0.00272674 
9.91 1.644 0.00323017 
9.91 1.648 0.003229 
9.91 1.652 0.00257329 
9.91 1.656 0.00161715 
9.91 1.66 0.000767322 
9.91 1.664 0.000303428 
9.91 1.668 9.2978e-05 
9.91 1.672 2.1809e-05 
9.91 1.676 3.95626e-06 
9.91 1.68 5.58892e-07 
9.91 1.684 5.97545e-08 
9.91 1.688 4.87429e-09 
9.91 1.692 2.72635e-10 
9.92 1.596 6.02747e-10 
9.92 1.6 6.5806e-09 
9.92 1.604 5.30203e-08 
9.92 1.608 3.57311e-07 
9.92 1.612 2.35543e-06 
9.92 1.616 1.15221e-05 
9.92 1.62 4.67064e-05 
9.92 1.624 0.00016294 
9.92 1.628 0.000431385 
9.92 1.632 0.000996049 
9.92 1.636 0.00186645 
9.92 1.64 0.00285061 
9.92 1.644 0.0034216 
9.92 1.648 0.00330532 
9.92 1.652 0.00271293 
9.92 1.656 0.00167887 
9.92 1.66 0.000814671 
9.92 1.664 0.000327974 
9.92 1.668 9.80985e-05 
9.92 1.672 2.33996e-05 
9.92 1.676 4.21375e-06 
9.92 1.68 6.05625e-07 
9.92 1.684 6.35819e-08 
9.92 1.688 4.77454e-09 
9.92 1.692 2.9089e-10 
9.93 1.596 7.11205e-10 
9.93 1.6 6.64115e-09 
9.93 1.604 5.83371e-08 
9.93 1.608 4.16483e-07 
9.93 1.612 2.40264e-06 
9.93 1.616 1.19522e-05 
9.93 1.62 5.00335e-05 
9.93 1.624 0.000162164 
9.93 1.628 0.000443086 
9.93 1.632 0.00102996 
9.93 1.636 0.00195721 
9.93 1.64 0.00289648 
9.93 1.644 0.00359199 
9.93 1.648 0.00360768 
9.93 1.652 0.00284207 
9.93 1.656 0.00176946 
9.93 1.66 0.00090626 
9.93 1.664 0.000341974 
9.93 1.668 0.000103728 
9.93 1.672 2.48804e-05 
9.93 1.676 4.45604e-06 
9.93 1.68 6.35459e-07 
9.93 1.684 6.68404e-08 
9.93 1.688 5.04058e-09 
9.93 1.692 2.8266e-10 
9.94 1.596 7.37831e-10 
9.94 1.6 7.90689e-09 
9.94 1.604 6.2177e-08 
9.94 1.608 4.30602e-07 
9.94 1.612 2.59164e-06 
9.94 1.616 1.29131e-05 
9.94 1.62 5.02641e-05 
9.94 1.624 0.000168285 
9.94 1.628 0.000477222 
9.94 1.632 0.00108775 
9.94 1.636 0.00205628 
9.94 1.64 0.0031958 
9.94 1.644 0.00390179 
9.94 1.648 0.00380169 
9.94 1.652 0.00307416 
9.94 1.656 0.00194739 
9.94 1.66 0.000949193 
9.94 1.664 0.000363254 
9.94 1.668 0.000109112 
9.94 1.672 2.54597e-05 
9.94 1.676 4.64647e-06 
9.94 1.68 6.40637e-07 
9.94 1.684 6.70298e-08 
9.94 1.688 5.25979e-09 
9.94 1.692 2.6857e-10 
9.95 1.596 8.69465e-10 
9.95 1.6 8.04794e-09 
9.95 1.604 6.62674e-08 
9.95 1.608 4.68162e-07 
9.95 1.612 2.75934e-06 
9.95 1.616 1.31079e-05 
9.95 1.62 5.40544e-05 
9.95 1.624 0.000185247 
9.95 1.628 0.000502779 
9.95 1.632 0.00115033 
9.95 1.636 0.00231278 
9.95 1.64 0.00337698 
9.95 1.644 0.00417885 
9.95 1.648 0.00415342 
9.95 1.652 0.00334784 
9.95 1.656 0.00198811 
9.95 1.66 0.000963869 
9.95 1.664 0.000377877 
9.95 1.668 0.000116284 
9.95 1.672 2.55541e-05 
9.95 1.676 4.66608e-06 
9.95 1.68 6.37137e-07 
9.95 1.684 6.7631e-08 
9.95 1.688 4.94898e-09 
9.95 1.692 2.95033e-10 
9.96 1.596 8.37789e-10 
9.96 1.6 8.35518e-09 
9.96 1.604 7.06784e-08 
9.96 1.608 4.90018e-07 
9.96 1.612 2.91513e-06 
9.96 1.616 1.43671e-05 
9.96 1.62 6.04142e-05 
9.96 1.624 0.000199179 
9.96 1.628 0.000542009 
9.96 1.632 0.00126663 
9.96 1.636 0.00241491 
9.96 1.64 0.00357187 
9.96 1.644 0.00456104 
9.96 1.648 0.00442783 
9.96 1.652 0.00330755 
9.96 1.656 0.00208403 
9.96 1.66 0.000994741 
9.96 1.664 0.000387577 
9.96 1.668 0.000115396 
9.96 1.672 2.6175e-05 
9.96 1.676 4.79024e-06 
9.96 1.68 6.6208e-07 
9.96 1.684 6.64062e-08 
9.96 1.688 5.26788e-09 
9.96 1.692 3.135e-10 
9.97 1.596 9.24308e-10 
9.97 1.6 8.98462e-09 
9.97 1.604 7.44102e-08 
9.97 1.608 5.25118e-07 
9.97 1.612 3.16441e-06 
9.97 1.616 1.59506e-05 
9.97 1.62 6.36318e-05 
9.97 1.624 0.000213186 
9.97 1.628 0.000596476 
9.97 1.632 0.00131875 
9.97 1.636 0.00253472 
9.97 1.64 0.00390446 
9.97 1.644 0.00467932 
9.97 1.648 0.00452322 
9.97 1.652 0.00338775 
9.97 1.656 0.00209727 
9.97 1.66 0.00101365 
9.97 1.664 0.000402962 
9.97 1.668 0.000117362 
9.97 1.672 2.7435e-05 
9.97 1.676 4.96077e-06 
9.97 1.68 6.67605e-07 
9.97 1.684 7.03993e-08 
9.97 1.688 5.53421e-09 
9.97 1.692 3.15088e-10 
9.98 1.596 1.01528e-09 
9.98 1.6 9.91421e-09 
9.98 1.604 8.26299e-08 
9.98 1.608 5.82627e-07 
9.98 1.612 3.52824e-06 
9.98 1.616 1.68102e-05 
9.98 1.62 7.05629e-05 
9.98 1.624 0.000229601 
9.98 1.628 0.000631617 
9.98 1.632 0.00143454 
9.98 1.636 0.00264758 
9.98 1.64 0.00409132 
9.98 1.644 0.00477228 
9.98 1.648 0.00458082 
9.98 1.652 0.00348669 
9.98 1.656 0.00213881 
9.98 1.66 0.00106054 
9.98 1.664 0.000414254 
9.98 1.668 0.000122618 
9.98 1.672 2.85554e-05 
9.98 1.676 5.17551e-06 
9.98 1.68 6.99234e-07 
9.98 1.684 7.12718e-08 
9.98 1.688 5.61521e-09 
9.98 1.692 3.46509e-10 
9.99 1.596 1.112e-09 
9.99 1.6 1.06305e-08 
9.99 1.604 9.01259e-08 
9.99 1.608 6.17049e-07 
9.99 1.612 3.64579e-06 
9.99 1.616 1.81651e-05 
9.99 1.62 6.98516e-05 
9.99 1.624 0.000251172 
9.99 1.628 0.000647362 
9.99 1.632 0.00151047 
9.99 1.636 0.00286151 
9.99 1.64 0.00423164 
9.99 1.644 0.00498355 
9.99 1.648 0.0048464 
9.99 1.652 0.00378622 
9.99 1.656 0.00233946 
9.99 1.66 0.00114558 
9.99 1.664 0.000437633 
9.99 1.668 0.000133973 
9.99 1.672 3.09158e-05 
9.99 1.676 5.27465e-06 
9.99 1.68 7.15918e-07 
9.99 1.684 7.3939e-08 
9.99 1.688 6.00902e-09 
9.99 1.692 3.34221e-10 
10 1.592 1.05046e-10 
10 1.596 1.12424e-09 
10 1.6 1.1492e-08 
10 1.604 9.4065e-08 
10 1.608 6.41751e-07 
10 1.612 3.82352e-06 
10 1.616 1.82151e-05 
10 1.62 7.65486e-05 
10 1.624 0.000253954 
10 1.628 0.000706048 
10 1.632 0.00160226 
10 1.636 0.00300908 
10 1.64 0.00436236 
10 1.644 0.00535437 
10 1.648 0.00512891 
10 1.652 0.00400956 
10 1.656 0.00246299 
10 1.66 0.00121822 
10 1.664 0.000467086 
10 1.668 0.000137272 
10 1.672 3.11062e-05 
10 1.676 5.58747e-06 
10 1.68 7.51205e-07 
10 1.684 7.60054e-08 
10 1.688 5.93425e-09 
10 1.692 3.37574e-10 
10.01 1.592 1.05479e-10 
10.01 1.596 1.27127e-09 
10.01 1.6 1.17038e-08 
10.01 1.604 1.00342e-07 
10.01 1.608 7.00425e-07 
10.01 1.612 4.05626e-06 
10.01 1.616 1.9859e-05 
10.01 1.62 7.93896e-05 
10.01 1.624 0.00026842 
10.01 1.628 0.000756537 
10.01 1.632 0.00167283 
10.01 1.636 0.00309919 
10.01 1.64 0.00460664 
10.01 1.644 0.00561788 
10.01 1.648 0.0053812 
10.01 1.652 0.00414986 
10.01 1.656 0.00258927 
10.01 1.66 0.00124645 
10.01 1.664 0.000473596 
10.01 1.668 0.000142212 
10.01 1.672 3.18701e-05 
10.01 1.676 5.647e-06 
10.01 1.68 7.31984e-07 
10.01 1.684 7.93232e-08 
10.01 1.688 6.35019e-09 
10.01 1.692 3.71719e-10 
10.02 1.592 1.14326e-10 
10.02 1.596 1.30766e-09 
10.02 1.6 1.2742e-08 
10.02 1.604 1.08525e-07 
10.02 1.608 7.53111e-07 
10.02 1.612 4.2379e-06 
10.02 1.616 2.14532e-05 
10.02 1.62 8.51484e-05 
10.02 1.624 0.00028658 
10.02 1.628 0.000797966 
10.02 1.632 0.00178055 
10.02 1.636 0.00329543 
10.02 1.64 0.00491635 
10.02 1.644 0.00579239 
10.02 1.648 0.00578998 
10.02 1.652 0.00428885 
10.02 1.656 0.00266014 
10.02 1.66 0.00130379 
10.02 1.664 0.000500279 
10.02 1.668 0.000144383 
10.02 1.672 3.21947e-05 
10.02 1.676 5.90181e-06 
10.02 1.68 7.83258e-07 
10.02 1.684 8.06234e-08 
10.02 1.688 6.30479e-09 
10.02 1.692 3.71044e-10 
10.03 1.592 1.24795e-10 
10.03 1.596 1.41635e-09 
10.03 1.6 1.3912e-08 
10.03 1.604 1.15142e-07 
10.03 1.608 7.78168e-07 
10.03 1.612 4.48938e-06 
10.03 1.616 2.23219e-05 
10.03 1.62 8.92434e-05 
10.03 1.624 0.000297707 
10.03 1.628 0.000828291 
10.03 1.632 0.00191202 
10.03 1.636 0.00348524 
10.03 1.64 0.00509649 
10.03 1.644 0.00619773 
10.03 1.648 0.00583015 
10.03 1.652 0.00451773 
10.03 1.656 0.00277678 
10.03 1.66 0.00134405 
10.03 1.664 0.000501455 
10.03 1.668 0.000150259 
10.03 1.672 3.46163e-05 
10.03 1.676 6.05175e-06 
10.03 1.68 7.88786e-07 
10.03 1.684 8.33027e-08 
10.03 1.688 6.54005e-09 
10.03 1.692 3.82713e-10 
10.04 1.592 1.33779e-10 
10.04 1.596 1.56921e-09 
10.04 1.6 1.44096e-08 
10.04 1.604 1.20447e-07 
10.04 1.608 8.27468e-07 
10.04 1.612 4.90391e-06 
10.04 1.616 2.39804e-05 
10.04 1.62 9.52337e-05 
10.04 1.624 0.000324297 
10.04 1.628 0.000868239 
10.04 1.632 0.00199717 
10.04 1.636 0.0035982 
10.04 1.64 0.00534305 
10.04 1.644 0.00625413 
10.04 1.648 0.00613955 
10.04 1.652 0.00466853 
10.04 1.656 0.00283667 
10.04 1.66 0.00138528 
10.04 1.664 0.000527257 
10.04 1.668 0.000152361 
10.04 1.672 3.58156e-05 
10.04 1.676 6.32246e-06 
10.04 1.68 8.35742e-07 
10.04 1.684 8.73054e-08 
10.04 1.688 6.80165e-09 
10.04 1.692 3.97533e-10 
10.05 1.592 1.40518e-10 
10.05 1.596 1.64356e-09 
10.05 1.6 1.58924e-08 
10.05 1.604 1.26832e-07 
10.05 1.608 8.9669e-07 
10.05 1.612 5.21481e-06 
10.05 1.616 2.48327e-05 
10.05 1.62 0.000100055 
10.05 1.624 0.000329367 
10.05 1.628 0.000915134 
10.05 1.632 0.00205241 
10.05 1.636 0.00361827 
10.05 1.64 0.0054195 
10.05 1.644 0.0065819 
10.05 1.648 0.00616593 
10.05 1.652 0.00476089 
10.05 1.656 0.00299591 
10.05 1.66 0.00142994 
10.05 1.664 0.000536623 
10.05 1.668 0.000160729 
10.05 1.672 3.64643e-05 
10.05 1.676 6.28146e-06 
10.05 1.68 8.27339e-07 
10.05 1.684 8.79564e-08 
10.05 1.688 6.89789e-09 
10.05 1.692 4.16692e-10 
10.06 1.592 1.53207e-10 
10.06 1.596 1.75174e-09 
10.06 1.6 1.67626e-08 
10.06 1.604 1.41693e-07 
10.06 1.608 9.46966e-07 
10.06 1.612 5.48779e-06 
10.06 1.616 2.66016e-05 
10.06 1.62 0.000103454 
10.06 1.624 0.000351718 
10.06 1.628 0.000971322 
10.06 1.632 0.00210335 
10.06 1.636 0.00382166 
10.06 1.64 0.005643 
10.06 1.644 0.00675113 
10.06 1.648 0.00664863 
10.06 1.652 0.00501669 
10.06 1.656 0.00309824 
10.06 1.66 0.00151301 
10.06 1.664 0.000576246 
10.06 1.668 0.000163246 
10.06 1.672 3.65994e-05 
10.06 1.676 6.54663e-06 
10.06 1.68 8.79466e-07 
10.06 1.684 8.92296e-08 
10.06 1.688 7.21797e-09 
10.06 1.692 3.98659e-10 
10.07 1.592 1.65291e-10 
10.07 1.596 1.87732e-09 
10.07 1.6 1.80091e-08 
10.07 1.604 1.4921e-07 
10.07 1.608 9.99876e-07 
10.07 1.612 5.84109e-06 
10.07 1.616 2.72017e-05 
10.07 1.62 0.000111874 
10.07 1.624 0.000360669 
10.07 1.628 0.00101242 
10.07 1.632 0.00219624 
10.07 1.636 0.00403807 
10.07 1.64 0.00598829 
10.07 1.644 0.00713757 
10.07 1.648 0.00681661 
10.07 1.652 0.00516137 
10.07 1.656 0.00327523 
10.07 1.66 0.00150974 
10.07 1.664 0.000565535 
10.07 1.668 0.000163787 
10.07 1.672 3.70638e-05 
10.07 1.676 6.53354e-06 
10.07 1.68 8.72553e-07 
10.07 1.684 9.45607e-08 
10.07 1.688 7.0981e-09 
10.07 1.692 4.10753e-10 
10.08 1.592 1.76187e-10 
10.08 1.596 2.05093e-09 
10.08 1.6 1.91552e-08 
10.08 1.604 1.57557e-07 
10.08 1.608 1.10077e-06 
10.08 1.612 5.87567e-06 
10.08 1.616 2.91727e-05 
10.08 1.62 0.000117688 
10.08 1.624 0.000384108 
10.08 1.628 0.00105306 
10.08 1.632 0.00234859 
10.08 1.636 0.00426168 
10.08 1.64 0.00636273 
10.08 1.644 0.00715964 
10.08 1.648 0.00718157 
10.08 1.652 0.00537021 
10.08 1.656 0.00322335 
10.08 1.66 0.0015578 
10.08 1.664 0.000552444 
10.08 1.668 0.000169804 
10.08 1.672 3.77813e-05 
10.08 1.676 6.79406e-06 
10.08 1.68 9.16963e-07 
10.08 1.684 9.53739e-08 
10.08 1.688 7.36575e-09 
10.08 1.692 4.2393e-10 
10.09 1.592 1.86291e-10 
10.09 1.596 2.01304e-09 
10.09 1.6 1.98971e-08 
10.09 1.604 1.61715e-07 
10.09 1.608 1.09588e-06 
10.09 1.612 6.21824e-06 
10.09 1.616 3.04278e-05 
10.09 1.62 0.000123273 
10.09 1.624 0.00041193 
10.09 1.628 0.00109812 
10.09 1.632 0.002498 
10.09 1.636 0.00439115 
10.09 1.64 0.0064955 
10.09 1.644 0.0075322 
10.09 1.648 0.00716741 
10.09 1.652 0.00557128 
10.09 1.656 0.00329848 
10.09 1.66 0.00157502 
10.09 1.664 0.00058053 
10.09 1.668 0.000176171 
10.09 1.672 3.90045e-05 
10.09 1.676 7.06056e-06 
10.09 1.68 9.58877e-07 
10.09 1.684 9.68155e-08 
10.09 1.688 7.39106e-09 
10.09 1.692 4.3352e-10 
10.1 1.592 1.88838e-10 
10.1 1.596 2.15998e-09 
10.1 1.6 2.06898e-08 
10.1 1.604 1.65992e-07 
10.1 1.608 1.1743e-06 
10.1 1.612 6.48448e-06 
10.1 1.616 3.27387e-05 
10.1 1.62 0.000130854 
10.1 1.624 0.000417347 
10.1 1.628 0.00117519 
10.1 1.632 0.002503 
10.1 1.636 0.00457648 
10.1 1.64 0.00670374 
10.1 1.644 0.00776604 
10.1 1.648 0.00758192 
10.1 1.652 0.00575527 
10.1 1.656 0.00335184 
10.1 1.66 0.00163579 
10.1 1.664 0.000617808 
10.1 1.668 0.000175499 
10.1 1.672 4.2176e-05 
10.1 1.676 7.21099e-06 
10.1 1.68 9.75078e-07 
10.1 1.684 9.94784e-08 
10.1 1.688 7.48502e-09 
10.1 1.692 4.32097e-10 
10.11 1.592 2.0556e-10 
10.11 1.596 2.28081e-09 
10.11 1.6 2.2311e-08 
10.11 1.604 1.76929e-07 
10.11 1.608 1.19933e-06 
10.11 1.612 7.2098e-06 
10.11 1.616 3.36623e-05 
10.11 1.62 0.000137927 
10.11 1.624 0.000445228 
10.11 1.628 0.00118468 
10.11 1.632 0.00257668 
10.11 1.636 0.00468067 
10.11 1.64 0.00676495 
10.11 1.644 0.00812125 
10.11 1.648 0.00761587 
10.11 1.652 0.00577418 
10.11 1.656 0.00356829 
10.11 1.66 0.00168699 
10.11 1.664 0.000651865 
10.11 1.668 0.000181719 
10.11 1.672 4.24114e-05 
10.11 1.676 7.27925e-06 
10.11 1.68 9.96698e-07 
10.11 1.684 9.87452e-08 
10.11 1.688 7.78469e-09 
10.11 1.692 4.24017e-10 
10.12 1.592 2.20108e-10 
10.12 1.596 2.46546e-09 
10.12 1.6 2.35981e-08 
10.12 1.604 1.91103e-07 
10.12 1.608 1.2619e-06 
10.12 1.612 7.35561e-06 
10.12 1.616 3.48272e-05 
10.12 1.62 0.000138412 
10.12 1.624 0.000450522 
10.12 1.628 0.00117015 
10.12 1.632 0.00263736 
10.12 1.636 0.00477205 
10.12 1.64 0.00701966 
10.12 1.644 0.00834479 
10.12 1.648 0.00799946 
10.12 1.652 0.00602506 
10.12 1.656 0.00369232 
10.12 1.66 0.0017588 
10.12 1.664 0.000659059 
10.12 1.668 0.000188496 
10.12 1.672 4.32223e-05 
10.12 1.676 7.34335e-06 
10.12 1.68 1.01225e-06 
10.12 1.684 1.00682e-07 
10.12 1.688 7.62104e-09 
10.12 1.692 4.19568e-10 
10.13 1.592 2.31386e-10 
10.13 1.596 2.62736e-09 
10.13 1.6 2.41935e-08 
10.13 1.604 1.96169e-07 
10.13 1.608 1.34952e-06 
10.13 1.612 7.77007e-06 
10.13 1.616 3.60762e-05 
10.13 1.62 0.000141746 
10.13 1.624 0.000459645 
10.13 1.628 0.00121254 
10.13 1.632 0.00276203 
10.13 1.636 0.0049611 
10.13 1.64 0.00737959 
10.13 1.644 0.00859565 
10.13 1.648 0.0081995 
10.13 1.652 0.00650294 
10.13 1.656 0.00376978 
10.13 1.66 0.00181612 
10.13 1.664 0.000658906 
10.13 1.668 0.000193328 
10.13 1.672 4.19294e-05 
10.13 1.676 7.73619e-06 
10.13 1.68 9.80952e-07 
10.13 1.684 1.01485e-07 
10.13 1.688 7.3412e-09 
10.13 1.692 4.29444e-10 
10.14 1.592 2.42078e-10 
10.14 1.596 2.70192e-09 
10.14 1.6 2.59236e-08 
10.14 1.604 2.06831e-07 
10.14 1.608 1.38926e-06 
10.14 1.612 8.02366e-06 
10.14 1.616 3.78659e-05 
10.14 1.62 0.000147562 
10.14 1.624 0.000482048 
10.14 1.628 0.00131394 
10.14 1.632 0.00288386 
10.14 1.636 0.00526789 
10.14 1.64 0.00751411 
10.14 1.644 0.0090436 
10.14 1.648 0.00873819 
10.14 1.652 0.00652599 
10.14 1.656 0.00394215 
10.14 1.66 0.00177077 
10.14 1.664 0.000678583 
10.14 1.668 0.000193504 
10.14 1.672 4.37387e-05 
10.14 1.676 7.54103e-06 
10.14 1.68 1.0159e-06 
10.14 1.684 9.72542e-08 
10.14 1.688 7.59673e-09 
10.14 1.692 4.38201e-10 
