#logage logr JPDF
8.9 1.66 1.76111e-10 
8.9 1.664 2.29223e-10 
8.9 1.668 1.44889e-10 
8.91 1.66 5.41648e-10 
8.91 1.664 3.64252e-10 
8.91 1.668 2.35605e-10 
8.92 1.652 1.61712e-10 
8.92 1.656 7.85555e-10 
8.92 1.66 7.91703e-10 
8.92 1.664 6.26028e-10 
8.92 1.668 3.01848e-10 
8.92 1.672 1.09405e-10 
8.93 1.652 1.07787e-09 
8.93 1.656 1.99669e-09 
8.93 1.66 1.60191e-09 
8.93 1.664 9.89641e-10 
8.93 1.668 4.35968e-10 
8.93 1.672 1.48654e-10 
8.94 1.648 9.25929e-10 
8.94 1.652 1.81926e-09 
8.94 1.656 2.48526e-09 
8.94 1.66 2.47078e-09 
8.94 1.664 1.35955e-09 
8.94 1.668 6.62259e-10 
8.94 1.672 2.26585e-10 
8.95 1.644 9.45442e-10 
8.95 1.648 3.13204e-09 
8.95 1.652 4.4417e-09 
8.95 1.656 4.72586e-09 
8.95 1.66 3.6633e-09 
8.95 1.664 1.99509e-09 
8.95 1.668 8.86432e-10 
8.95 1.672 2.87782e-10 
8.96 1.64 4.33106e-10 
8.96 1.644 2.24322e-09 
8.96 1.648 4.89193e-09 
8.96 1.652 5.92514e-09 
8.96 1.656 5.9007e-09 
8.96 1.66 4.46858e-09 
8.96 1.664 2.52328e-09 
8.96 1.668 1.09753e-09 
8.96 1.672 3.58501e-10 
8.97 1.64 1.01381e-09 
8.97 1.644 3.48508e-09 
8.97 1.648 6.6824e-09 
8.97 1.652 8.57727e-09 
8.97 1.656 7.91157e-09 
8.97 1.66 6.1773e-09 
8.97 1.664 3.4431e-09 
8.97 1.668 1.42126e-09 
8.97 1.672 4.53285e-10 
8.97 1.676 1.10041e-10 
8.98 1.636 6.02891e-10 
8.98 1.64 2.49496e-09 
8.98 1.644 6.95248e-09 
8.98 1.648 1.2041e-08 
8.98 1.652 1.35525e-08 
8.98 1.656 1.396e-08 
8.98 1.66 8.9413e-09 
8.98 1.664 5.29994e-09 
8.98 1.668 2.06639e-09 
8.98 1.672 6.7076e-10 
8.98 1.676 1.57492e-10 
8.99 1.632 2.57509e-10 
8.99 1.636 2.43992e-09 
8.99 1.64 6.69602e-09 
8.99 1.644 1.37092e-08 
8.99 1.648 2.27382e-08 
8.99 1.652 2.37176e-08 
8.99 1.656 2.03836e-08 
8.99 1.66 1.49371e-08 
8.99 1.664 7.82394e-09 
8.99 1.668 3.24299e-09 
8.99 1.672 9.9079e-10 
8.99 1.676 2.25938e-10 
9 1.632 7.24523e-10 
9 1.636 4.07869e-09 
9 1.64 1.19806e-08 
9 1.644 2.29012e-08 
9 1.648 3.28505e-08 
9 1.652 3.47973e-08 
9 1.656 3.1825e-08 
9 1.66 2.0949e-08 
9 1.664 1.04687e-08 
9 1.668 4.18866e-09 
9 1.672 1.30753e-09 
9 1.676 3.06105e-10 
9.01 1.628 3.99605e-10 
9.01 1.632 2.24453e-09 
9.01 1.636 7.11246e-09 
9.01 1.64 1.76203e-08 
9.01 1.644 3.11722e-08 
9.01 1.648 4.13671e-08 
9.01 1.652 5.03907e-08 
9.01 1.656 4.21821e-08 
9.01 1.66 2.8301e-08 
9.01 1.664 1.42044e-08 
9.01 1.668 5.61345e-09 
9.01 1.672 1.70496e-09 
9.01 1.676 4.10465e-10 
9.02 1.628 7.77394e-10 
9.02 1.632 3.97558e-09 
9.02 1.636 1.10683e-08 
9.02 1.64 2.86268e-08 
9.02 1.644 4.61e-08 
9.02 1.648 6.21678e-08 
9.02 1.652 7.17818e-08 
9.02 1.656 5.62601e-08 
9.02 1.66 3.91109e-08 
9.02 1.664 2.016e-08 
9.02 1.668 7.86283e-09 
9.02 1.672 2.52047e-09 
9.02 1.676 5.6232e-10 
9.02 1.68 1.05938e-10 
9.03 1.624 2.95508e-10 
9.03 1.628 1.58171e-09 
9.03 1.632 6.62278e-09 
9.03 1.636 1.81942e-08 
9.03 1.64 4.15955e-08 
9.03 1.644 6.76797e-08 
9.03 1.648 9.2709e-08 
9.03 1.652 1.75191e-07 
9.03 1.656 3.90258e-07 
9.03 1.66 2.44497e-07 
9.03 1.664 1.74902e-07 
9.03 1.668 5.15722e-08 
9.03 1.672 1.88498e-08 
9.03 1.676 3.54126e-09 
9.03 1.68 6.71879e-10 
9.04 1.62 1.03047e-09 
9.04 1.624 4.62105e-08 
9.04 1.628 1.04624e-07 
9.04 1.632 5.25621e-07 
9.04 1.636 1.51101e-06 
9.04 1.64 2.43344e-06 
9.04 1.644 4.18435e-06 
9.04 1.648 5.31021e-06 
9.04 1.652 4.80465e-06 
9.04 1.656 3.96542e-06 
9.04 1.66 1.88201e-06 
9.04 1.664 9.80095e-07 
9.04 1.668 3.55387e-07 
9.04 1.672 9.00533e-08 
9.04 1.676 2.07079e-08 
9.04 1.68 2.84394e-09 
9.04 1.684 3.7613e-10 
9.05 1.608 1.82662e-10 
9.05 1.612 1.43097e-09 
9.05 1.616 9.4257e-09 
9.05 1.62 5.08541e-08 
9.05 1.624 2.07718e-07 
9.05 1.628 7.13154e-07 
9.05 1.632 2.15494e-06 
9.05 1.636 4.88339e-06 
9.05 1.64 8.70094e-06 
9.05 1.644 1.25163e-05 
9.05 1.648 1.51318e-05 
9.05 1.652 1.34165e-05 
9.05 1.656 1.05869e-05 
9.05 1.66 5.80697e-06 
9.05 1.664 2.53973e-06 
9.05 1.668 9.35185e-07 
9.05 1.672 2.23831e-07 
9.05 1.676 5.02545e-08 
9.05 1.68 8.53933e-09 
9.05 1.684 9.05111e-10 
9.06 1.608 5.05029e-10 
9.06 1.612 3.85079e-09 
9.06 1.616 2.28243e-08 
9.06 1.62 1.10041e-07 
9.06 1.624 4.59851e-07 
9.06 1.628 1.52361e-06 
9.06 1.632 4.18226e-06 
9.06 1.636 9.56405e-06 
9.06 1.64 1.65608e-05 
9.06 1.644 2.48219e-05 
9.06 1.648 2.84269e-05 
9.06 1.652 2.50432e-05 
9.06 1.656 1.91388e-05 
9.06 1.66 1.05841e-05 
9.06 1.664 4.60755e-06 
9.06 1.668 1.70423e-06 
9.06 1.672 4.50546e-07 
9.06 1.676 8.889e-08 
9.06 1.68 1.48999e-08 
9.06 1.684 1.76906e-09 
9.06 1.688 1.47936e-10 
9.07 1.608 7.94506e-10 
9.07 1.612 6.22264e-09 
9.07 1.616 3.52701e-08 
9.07 1.62 1.67432e-07 
9.07 1.624 7.0757e-07 
9.07 1.628 2.41622e-06 
9.07 1.632 6.48701e-06 
9.07 1.636 1.45152e-05 
9.07 1.64 2.53962e-05 
9.07 1.644 3.70464e-05 
9.07 1.648 4.24358e-05 
9.07 1.652 3.83065e-05 
9.07 1.656 2.76905e-05 
9.07 1.66 1.56549e-05 
9.07 1.664 7.04813e-06 
9.07 1.668 2.39176e-06 
9.07 1.672 6.49418e-07 
9.07 1.676 1.30169e-07 
9.07 1.68 2.07496e-08 
9.07 1.684 2.5812e-09 
9.07 1.688 2.34299e-10 
9.08 1.604 1.12573e-10 
9.08 1.608 1.07105e-09 
9.08 1.612 7.64881e-09 
9.08 1.616 4.60505e-08 
9.08 1.62 2.26853e-07 
9.08 1.624 9.56963e-07 
9.08 1.628 3.08764e-06 
9.08 1.632 8.55215e-06 
9.08 1.636 1.87233e-05 
9.08 1.64 3.2643e-05 
9.08 1.644 4.67766e-05 
9.08 1.648 5.45501e-05 
9.08 1.652 4.93049e-05 
9.08 1.656 3.55613e-05 
9.08 1.66 2.01026e-05 
9.08 1.664 8.92754e-06 
9.08 1.668 3.06663e-06 
9.08 1.672 8.06786e-07 
9.08 1.676 1.71584e-07 
9.08 1.68 2.65538e-08 
9.08 1.684 3.18841e-09 
9.08 1.688 2.90709e-10 
9.09 1.604 1.5176e-10 
9.09 1.608 1.3268e-09 
9.09 1.612 9.82972e-09 
9.09 1.616 5.68994e-08 
9.09 1.62 2.88581e-07 
9.09 1.624 1.15902e-06 
9.09 1.628 3.88851e-06 
9.09 1.632 1.06427e-05 
9.09 1.636 2.32704e-05 
9.09 1.64 4.10558e-05 
9.09 1.644 5.64583e-05 
9.09 1.648 6.358e-05 
9.09 1.652 5.95133e-05 
9.09 1.656 4.26497e-05 
9.09 1.66 2.33986e-05 
9.09 1.664 1.08377e-05 
9.09 1.668 3.62829e-06 
9.09 1.672 9.62466e-07 
9.09 1.676 1.96578e-07 
9.09 1.68 3.19373e-08 
9.09 1.684 3.76191e-09 
9.09 1.688 3.45598e-10 
9.1 1.604 1.95075e-10 
9.1 1.608 1.73622e-09 
9.1 1.612 1.25235e-08 
9.1 1.616 7.17183e-08 
9.1 1.62 3.70508e-07 
9.1 1.624 1.40287e-06 
9.1 1.628 4.80578e-06 
9.1 1.632 1.25135e-05 
9.1 1.636 2.82446e-05 
9.1 1.64 4.90521e-05 
9.1 1.644 6.99669e-05 
9.1 1.648 7.84524e-05 
9.1 1.652 6.97761e-05 
9.1 1.656 4.94401e-05 
9.1 1.66 2.76665e-05 
9.1 1.664 1.22886e-05 
9.1 1.668 4.23892e-06 
9.1 1.672 1.10387e-06 
9.1 1.676 2.31926e-07 
9.1 1.68 3.56349e-08 
9.1 1.684 4.32114e-09 
9.1 1.688 3.83178e-10 
9.11 1.604 2.65178e-10 
9.11 1.608 2.16607e-09 
9.11 1.612 1.4821e-08 
9.11 1.616 9.05091e-08 
9.11 1.62 4.55558e-07 
9.11 1.624 1.77182e-06 
9.11 1.628 5.62078e-06 
9.11 1.632 1.51796e-05 
9.11 1.636 3.29817e-05 
9.11 1.64 5.78893e-05 
9.11 1.644 8.25912e-05 
9.11 1.648 9.02724e-05 
9.11 1.652 8.19556e-05 
9.11 1.656 5.79893e-05 
9.11 1.66 3.23634e-05 
9.11 1.664 1.41393e-05 
9.11 1.668 4.7597e-06 
9.11 1.672 1.29197e-06 
9.11 1.676 2.63601e-07 
9.11 1.68 4.05928e-08 
9.11 1.684 4.84629e-09 
9.11 1.688 4.43651e-10 
9.12 1.604 3.08409e-10 
9.12 1.608 2.66195e-09 
9.12 1.612 1.89385e-08 
9.12 1.616 1.06985e-07 
9.12 1.62 5.33241e-07 
9.12 1.624 2.15041e-06 
9.12 1.628 6.88604e-06 
9.12 1.632 1.79726e-05 
9.12 1.636 3.86981e-05 
9.12 1.64 6.72693e-05 
9.12 1.644 9.49176e-05 
9.12 1.648 0.000106904 
9.12 1.652 9.44255e-05 
9.12 1.656 6.68039e-05 
9.12 1.66 3.73656e-05 
9.12 1.664 1.60219e-05 
9.12 1.668 5.5857e-06 
9.12 1.672 1.47354e-06 
9.12 1.676 2.97511e-07 
9.12 1.68 4.7209e-08 
9.12 1.684 5.73554e-09 
9.12 1.688 4.86611e-10 
9.13 1.604 3.85711e-10 
9.13 1.608 3.19693e-09 
9.13 1.612 2.31934e-08 
9.13 1.616 1.2998e-07 
9.13 1.62 6.3468e-07 
9.13 1.624 2.463e-06 
9.13 1.628 8.21432e-06 
9.13 1.632 2.12394e-05 
9.13 1.636 4.55618e-05 
9.13 1.64 7.97279e-05 
9.13 1.644 0.000110476 
9.13 1.648 0.000122867 
9.13 1.652 0.000111004 
9.13 1.656 7.85533e-05 
9.13 1.66 4.31392e-05 
9.13 1.664 1.92565e-05 
9.13 1.668 6.44424e-06 
9.13 1.672 1.68256e-06 
9.13 1.676 3.37602e-07 
9.13 1.68 5.3291e-08 
9.13 1.684 6.40346e-09 
9.13 1.688 5.96123e-10 
9.14 1.604 4.8949e-10 
9.14 1.608 4.0713e-09 
9.14 1.612 2.75598e-08 
9.14 1.616 1.5894e-07 
9.14 1.62 7.73237e-07 
9.14 1.624 3.09177e-06 
9.14 1.628 9.50135e-06 
9.14 1.632 2.61276e-05 
9.14 1.636 5.50703e-05 
9.14 1.64 9.73667e-05 
9.14 1.644 0.000129872 
9.14 1.648 0.000148948 
9.14 1.652 0.000131891 
9.14 1.656 9.21099e-05 
9.14 1.66 5.07277e-05 
9.14 1.664 2.25217e-05 
9.14 1.668 7.47263e-06 
9.14 1.672 2.01673e-06 
9.14 1.676 4.02009e-07 
9.14 1.68 6.0449e-08 
9.14 1.684 7.58557e-09 
9.14 1.688 6.66912e-10 
9.15 1.604 6.04969e-10 
9.15 1.608 5.09591e-09 
9.15 1.612 3.52533e-08 
9.15 1.616 2.00303e-07 
9.15 1.62 9.44623e-07 
9.15 1.624 3.7874e-06 
9.15 1.628 1.19139e-05 
9.15 1.632 3.18943e-05 
9.15 1.636 6.62315e-05 
9.15 1.64 0.000113657 
9.15 1.644 0.00015793 
9.15 1.648 0.000173091 
9.15 1.652 0.000152527 
9.15 1.656 0.000107562 
9.15 1.66 5.98196e-05 
9.15 1.664 2.56708e-05 
9.15 1.668 8.78171e-06 
9.15 1.672 2.24968e-06 
9.15 1.676 4.61024e-07 
9.15 1.68 7.12358e-08 
9.15 1.684 8.22605e-09 
9.15 1.688 7.64195e-10 
9.16 1.604 7.75073e-10 
9.16 1.608 6.0495e-09 
9.16 1.612 4.34349e-08 
9.16 1.616 2.45918e-07 
9.16 1.62 1.13374e-06 
9.16 1.624 4.45545e-06 
9.16 1.628 1.41997e-05 
9.16 1.632 3.73754e-05 
9.16 1.636 8.00178e-05 
9.16 1.64 0.000133408 
9.16 1.644 0.000181675 
9.16 1.648 0.000202307 
9.16 1.652 0.000176384 
9.16 1.656 0.000124429 
9.16 1.66 6.87651e-05 
9.16 1.664 3.02235e-05 
9.16 1.668 9.9064e-06 
9.16 1.672 2.56376e-06 
9.16 1.676 5.17338e-07 
9.16 1.68 8.13054e-08 
9.16 1.684 9.45807e-09 
9.16 1.688 8.3683e-10 
9.17 1.604 9.41687e-10 
9.17 1.608 7.6376e-09 
9.17 1.612 5.43064e-08 
9.17 1.616 2.90096e-07 
9.17 1.62 1.3812e-06 
9.17 1.624 5.35157e-06 
9.17 1.628 1.66566e-05 
9.17 1.632 4.49528e-05 
9.17 1.636 9.25402e-05 
9.17 1.64 0.000156658 
9.17 1.644 0.000214634 
9.17 1.648 0.000232943 
9.17 1.652 0.000204108 
9.17 1.656 0.000143586 
9.17 1.66 7.84578e-05 
9.17 1.664 3.49094e-05 
9.17 1.668 1.10032e-05 
9.17 1.672 2.93627e-06 
9.17 1.676 5.9427e-07 
9.17 1.68 8.99865e-08 
9.17 1.684 1.02679e-08 
9.17 1.688 9.4914e-10 
9.18 1.6 1.13962e-10 
9.18 1.604 1.15932e-09 
9.18 1.608 9.33104e-09 
9.18 1.612 6.21434e-08 
9.18 1.616 3.56728e-07 
9.18 1.62 1.63113e-06 
9.18 1.624 6.16751e-06 
9.18 1.628 2.05047e-05 
9.18 1.632 5.1672e-05 
9.18 1.636 0.000109039 
9.18 1.64 0.000182661 
9.18 1.644 0.000245322 
9.18 1.648 0.000268845 
9.18 1.652 0.000235866 
9.18 1.656 0.000165957 
9.18 1.66 8.89068e-05 
9.18 1.664 3.93767e-05 
9.18 1.668 1.26257e-05 
9.18 1.672 3.3208e-06 
9.18 1.676 6.61752e-07 
9.18 1.68 1.00017e-07 
9.18 1.684 1.22053e-08 
9.18 1.688 1.06652e-09 
9.19 1.6 1.49317e-10 
9.19 1.604 1.43775e-09 
9.19 1.608 1.13233e-08 
9.19 1.612 7.63221e-08 
9.19 1.616 4.18322e-07 
9.19 1.62 1.96884e-06 
9.19 1.624 7.57316e-06 
9.19 1.628 2.33026e-05 
9.19 1.632 6.1245e-05 
9.19 1.636 0.000129513 
9.19 1.64 0.000208491 
9.19 1.644 0.000288058 
9.19 1.648 0.000306893 
9.19 1.652 0.000270295 
9.19 1.656 0.000187119 
9.19 1.66 0.000105244 
9.19 1.664 4.53305e-05 
9.19 1.668 1.44101e-05 
9.19 1.672 3.67713e-06 
9.19 1.676 7.46764e-07 
9.19 1.68 1.15319e-07 
9.19 1.684 1.32843e-08 
9.19 1.688 1.13931e-09 
9.2 1.6 1.7241e-10 
9.2 1.604 1.71583e-09 
9.2 1.608 1.35453e-08 
9.2 1.612 9.04651e-08 
9.2 1.616 4.84219e-07 
9.2 1.62 2.27052e-06 
9.2 1.624 8.96068e-06 
9.2 1.628 2.80645e-05 
9.2 1.632 7.09875e-05 
9.2 1.636 0.000142724 
9.2 1.64 0.000241198 
9.2 1.644 0.00032082 
9.2 1.648 0.000354841 
9.2 1.652 0.000304953 
9.2 1.656 0.000214515 
9.2 1.66 0.000115821 
9.2 1.664 5.01474e-05 
9.2 1.668 1.58227e-05 
9.2 1.672 4.04113e-06 
9.2 1.676 8.4572e-07 
9.2 1.68 1.23749e-07 
9.2 1.684 1.44223e-08 
9.2 1.688 1.33667e-09 
9.21 1.6 2.11507e-10 
9.21 1.604 2.01922e-09 
9.21 1.608 1.55181e-08 
9.21 1.612 1.00827e-07 
9.21 1.616 5.78675e-07 
9.21 1.62 2.57675e-06 
9.21 1.624 1.02856e-05 
9.21 1.628 3.17893e-05 
9.21 1.632 7.89763e-05 
9.21 1.636 0.000162629 
9.21 1.64 0.000265029 
9.21 1.644 0.000365568 
9.21 1.648 0.000399986 
9.21 1.652 0.000339259 
9.21 1.656 0.00023871 
9.21 1.66 0.000129074 
9.21 1.664 5.44699e-05 
9.21 1.668 1.75029e-05 
9.21 1.672 4.54855e-06 
9.21 1.676 8.96925e-07 
9.21 1.68 1.38996e-07 
9.21 1.684 1.59384e-08 
9.21 1.688 1.40398e-09 
9.22 1.6 2.3772e-10 
9.22 1.604 2.16502e-09 
9.22 1.608 1.75332e-08 
9.22 1.612 1.21082e-07 
9.22 1.616 6.31399e-07 
9.22 1.62 3.10743e-06 
9.22 1.624 1.0934e-05 
9.22 1.628 3.48435e-05 
9.22 1.632 8.9153e-05 
9.22 1.636 0.000175748 
9.22 1.64 0.000304777 
9.22 1.644 0.000390292 
9.22 1.648 0.0004447 
9.22 1.652 0.000371754 
9.22 1.656 0.000260509 
9.22 1.66 0.000140419 
9.22 1.664 5.81316e-05 
9.22 1.668 1.91983e-05 
9.22 1.672 4.83065e-06 
9.22 1.676 9.84496e-07 
9.22 1.68 1.48241e-07 
9.22 1.684 1.72755e-08 
9.22 1.688 1.49793e-09 
9.23 1.6 2.7326e-10 
9.23 1.604 2.67789e-09 
9.23 1.608 1.99039e-08 
9.23 1.612 1.26972e-07 
9.23 1.616 7.46827e-07 
9.23 1.62 3.32948e-06 
9.23 1.624 1.24478e-05 
9.23 1.628 3.8795e-05 
9.23 1.632 9.66726e-05 
9.23 1.636 0.000195165 
9.23 1.64 0.000331268 
9.23 1.644 0.00043232 
9.23 1.648 0.000474913 
9.23 1.652 0.000406981 
9.23 1.656 0.000283454 
9.23 1.66 0.000154362 
9.23 1.664 6.09691e-05 
9.23 1.668 2.07309e-05 
9.23 1.672 5.36771e-06 
9.23 1.676 1.02081e-06 
9.23 1.68 1.59188e-07 
9.23 1.684 1.82292e-08 
9.23 1.688 1.604e-09 
9.23 1.692 1.01193e-10 
9.24 1.6 3.03578e-10 
9.24 1.604 2.79725e-09 
9.24 1.608 2.21509e-08 
9.24 1.612 1.5381e-07 
9.24 1.616 8.36205e-07 
9.24 1.62 3.75478e-06 
9.24 1.624 1.35532e-05 
9.24 1.628 4.18862e-05 
9.24 1.632 0.000106543 
9.24 1.636 0.000213133 
9.24 1.64 0.000355203 
9.24 1.644 0.000473516 
9.24 1.648 0.000510447 
9.24 1.652 0.000445092 
9.24 1.656 0.000301172 
9.24 1.66 0.000159999 
9.24 1.664 6.75607e-05 
9.24 1.668 2.25272e-05 
9.24 1.672 5.57844e-06 
9.24 1.676 1.0974e-06 
9.24 1.68 1.64592e-07 
9.24 1.684 1.89725e-08 
9.24 1.688 1.64555e-09 
9.24 1.692 1.03047e-10 
9.25 1.6 3.51044e-10 
9.25 1.604 3.28114e-09 
9.25 1.608 2.51976e-08 
9.25 1.612 1.6669e-07 
9.25 1.616 9.03655e-07 
9.25 1.62 4.01291e-06 
9.25 1.624 1.55666e-05 
9.25 1.628 4.67042e-05 
9.25 1.632 0.000113975 
9.25 1.636 0.000238985 
9.25 1.64 0.000388947 
9.25 1.644 0.000508135 
9.25 1.648 0.000553412 
9.25 1.652 0.000481017 
9.25 1.656 0.000328917 
9.25 1.66 0.000175839 
9.25 1.664 7.24288e-05 
9.25 1.668 2.33918e-05 
9.25 1.672 5.998e-06 
9.25 1.676 1.17663e-06 
9.25 1.68 1.78767e-07 
9.25 1.684 2.00921e-08 
9.25 1.688 1.73765e-09 
9.25 1.692 1.16888e-10 
9.26 1.6 3.7412e-10 
9.26 1.604 3.53226e-09 
9.26 1.608 2.83496e-08 
9.26 1.612 1.85807e-07 
9.26 1.616 9.92789e-07 
9.26 1.62 4.44607e-06 
9.26 1.624 1.66775e-05 
9.26 1.628 5.086e-05 
9.26 1.632 0.00012457 
9.26 1.636 0.000259005 
9.26 1.64 0.00042526 
9.26 1.644 0.00056952 
9.26 1.648 0.000605793 
9.26 1.652 0.000514362 
9.26 1.656 0.000353689 
9.26 1.66 0.000186007 
9.26 1.664 7.76536e-05 
9.26 1.668 2.58774e-05 
9.26 1.672 6.57611e-06 
9.26 1.676 1.24785e-06 
9.26 1.68 1.82316e-07 
9.26 1.684 2.17667e-08 
9.26 1.688 1.85789e-09 
9.26 1.692 1.19707e-10 
9.27 1.6 4.31354e-10 
9.27 1.604 4.10987e-09 
9.27 1.608 3.21236e-08 
9.27 1.612 2.02791e-07 
9.27 1.616 1.06754e-06 
9.27 1.62 4.96367e-06 
9.27 1.624 1.81667e-05 
9.27 1.628 5.60151e-05 
9.27 1.632 0.000140333 
9.27 1.636 0.000288168 
9.27 1.64 0.000459555 
9.27 1.644 0.000623442 
9.27 1.648 0.000646095 
9.27 1.652 0.000562604 
9.27 1.656 0.000379059 
9.27 1.66 0.000203039 
9.27 1.664 8.38298e-05 
9.27 1.668 2.78976e-05 
9.27 1.672 6.81258e-06 
9.27 1.676 1.33691e-06 
9.27 1.68 1.9674e-07 
9.27 1.684 2.30498e-08 
9.27 1.688 1.95217e-09 
9.27 1.692 1.29276e-10 
9.28 1.6 4.82372e-10 
9.28 1.604 4.56722e-09 
9.28 1.608 3.64331e-08 
9.28 1.612 2.23208e-07 
9.28 1.616 1.24597e-06 
9.28 1.62 5.54716e-06 
9.28 1.624 2.08188e-05 
9.28 1.628 6.1765e-05 
9.28 1.632 0.000154726 
9.28 1.636 0.000315949 
9.28 1.64 0.000512971 
9.28 1.644 0.000684036 
9.28 1.648 0.000713207 
9.28 1.652 0.000621871 
9.28 1.656 0.00040174 
9.28 1.66 0.000216407 
9.28 1.664 9.16094e-05 
9.28 1.668 2.94879e-05 
9.28 1.672 7.49225e-06 
9.28 1.676 1.4239e-06 
9.28 1.68 2.14942e-07 
9.28 1.684 2.53257e-08 
9.28 1.688 2.08938e-09 
9.28 1.692 1.32963e-10 
9.29 1.6 5.89979e-10 
9.29 1.604 5.17462e-09 
9.29 1.608 4.05667e-08 
9.29 1.612 2.65366e-07 
9.29 1.616 1.3805e-06 
9.29 1.62 6.48387e-06 
9.29 1.624 2.19152e-05 
9.29 1.628 7.07914e-05 
9.29 1.632 0.000171225 
9.29 1.636 0.000340335 
9.29 1.64 0.00057353 
9.29 1.644 0.000735016 
9.29 1.648 0.000797016 
9.29 1.652 0.000659032 
9.29 1.656 0.000450075 
9.29 1.66 0.000236057 
9.29 1.664 9.9853e-05 
9.29 1.668 3.14116e-05 
9.29 1.672 7.96135e-06 
9.29 1.676 1.54968e-06 
9.29 1.68 2.27717e-07 
9.29 1.684 2.65286e-08 
9.29 1.688 2.20304e-09 
9.29 1.692 1.38131e-10 
9.3 1.6 6.42119e-10 
9.3 1.604 5.90763e-09 
9.3 1.608 4.58142e-08 
9.3 1.612 2.99938e-07 
9.3 1.616 1.53485e-06 
9.3 1.62 7.11692e-06 
9.3 1.624 2.49913e-05 
9.3 1.628 7.67456e-05 
9.3 1.632 0.000188646 
9.3 1.636 0.000384531 
9.3 1.64 0.000615234 
9.3 1.644 0.000819849 
9.3 1.648 0.000856944 
9.3 1.652 0.000719149 
9.3 1.656 0.000486836 
9.3 1.66 0.000256632 
9.3 1.664 0.000106997 
9.3 1.668 3.39542e-05 
9.3 1.672 8.55471e-06 
9.3 1.676 1.69773e-06 
9.3 1.68 2.42737e-07 
9.3 1.684 2.69698e-08 
9.3 1.688 2.42276e-09 
9.3 1.692 1.45596e-10 
9.31 1.6 7.30106e-10 
9.31 1.604 6.46053e-09 
9.31 1.608 5.20201e-08 
9.31 1.612 3.22756e-07 
9.31 1.616 1.72201e-06 
9.31 1.62 7.60662e-06 
9.31 1.624 2.7929e-05 
9.31 1.628 8.48747e-05 
9.31 1.632 0.000203589 
9.31 1.636 0.000420573 
9.31 1.64 0.000670943 
9.31 1.644 0.000860876 
9.31 1.648 0.000932259 
9.31 1.652 0.000780559 
9.31 1.656 0.000513277 
9.31 1.66 0.000272894 
9.31 1.664 0.000112241 
9.31 1.668 3.68511e-05 
9.31 1.672 9.13618e-06 
9.31 1.676 1.7833e-06 
9.31 1.68 2.55438e-07 
9.31 1.684 2.98684e-08 
9.31 1.688 2.47472e-09 
9.31 1.692 1.57924e-10 
9.32 1.6 8.0735e-10 
9.32 1.604 7.24417e-09 
9.32 1.608 5.47265e-08 
9.32 1.612 3.66231e-07 
9.32 1.616 1.90932e-06 
9.32 1.62 8.4145e-06 
9.32 1.624 2.95425e-05 
9.32 1.628 9.05664e-05 
9.32 1.632 0.000224423 
9.32 1.636 0.000450554 
9.32 1.64 0.00071421 
9.32 1.644 0.000935983 
9.32 1.648 0.00099984 
9.32 1.652 0.000825623 
9.32 1.656 0.000545333 
9.32 1.66 0.000288878 
9.32 1.664 0.000118461 
9.32 1.668 3.8641e-05 
9.32 1.672 9.39687e-06 
9.32 1.676 1.85529e-06 
9.32 1.68 2.68032e-07 
9.32 1.684 2.99863e-08 
9.32 1.688 2.60742e-09 
9.32 1.692 1.63146e-10 
9.33 1.6 9.20061e-10 
9.33 1.604 7.9664e-09 
9.33 1.608 6.35917e-08 
9.33 1.612 3.97508e-07 
9.33 1.616 2.05756e-06 
9.33 1.62 8.87216e-06 
9.33 1.624 3.17909e-05 
9.33 1.628 9.89342e-05 
9.33 1.632 0.00023689 
9.33 1.636 0.000476048 
9.33 1.64 0.000749494 
9.33 1.644 0.000990266 
9.33 1.648 0.00105904 
9.33 1.652 0.00088039 
9.33 1.656 0.000581674 
9.33 1.66 0.000307605 
9.33 1.664 0.000122547 
9.33 1.668 4.02638e-05 
9.33 1.672 1.00515e-05 
9.33 1.676 1.87787e-06 
9.33 1.68 2.78455e-07 
9.33 1.684 3.19578e-08 
9.33 1.688 2.58073e-09 
9.33 1.692 1.65789e-10 
9.34 1.6 9.59126e-10 
9.34 1.604 8.86937e-09 
9.34 1.608 6.50619e-08 
9.34 1.612 4.2073e-07 
9.34 1.616 2.17728e-06 
9.34 1.62 9.38718e-06 
9.34 1.624 3.48953e-05 
9.34 1.628 0.00010149 
9.34 1.632 0.000249832 
9.34 1.636 0.000497469 
9.34 1.64 0.000803275 
9.34 1.644 0.00108615 
9.34 1.648 0.00108493 
9.34 1.652 0.00091731 
9.34 1.656 0.000612208 
9.34 1.66 0.000307955 
9.34 1.664 0.000127376 
9.34 1.668 4.05298e-05 
9.34 1.672 1.06385e-05 
9.34 1.676 1.94556e-06 
9.34 1.68 2.81883e-07 
9.34 1.684 3.21857e-08 
9.34 1.688 2.7003e-09 
9.34 1.692 1.68358e-10 
9.35 1.6 1.05123e-09 
9.35 1.604 9.23228e-09 
9.35 1.608 7.13664e-08 
9.35 1.612 4.38891e-07 
9.35 1.616 2.31402e-06 
9.35 1.62 9.89287e-06 
9.35 1.624 3.61086e-05 
9.35 1.628 0.000109186 
9.35 1.632 0.000264123 
9.35 1.636 0.000521 
9.35 1.64 0.000849136 
9.35 1.644 0.00109674 
9.35 1.648 0.00115235 
9.35 1.652 0.000940537 
9.35 1.656 0.000626456 
9.35 1.66 0.000324447 
9.35 1.664 0.000133513 
9.35 1.668 4.30394e-05 
9.35 1.672 1.06817e-05 
9.35 1.676 2.02651e-06 
9.35 1.68 3.04375e-07 
9.35 1.684 3.31755e-08 
9.35 1.688 2.76867e-09 
9.35 1.692 1.68556e-10 
9.36 1.596 1.06946e-10 
9.36 1.6 1.10699e-09 
9.36 1.604 9.65917e-09 
9.36 1.608 7.59531e-08 
9.36 1.612 4.68881e-07 
9.36 1.616 2.42342e-06 
9.36 1.62 1.05043e-05 
9.36 1.624 3.80647e-05 
9.36 1.628 0.000116096 
9.36 1.632 0.000280144 
9.36 1.636 0.000549695 
9.36 1.64 0.000896636 
9.36 1.644 0.00115703 
9.36 1.648 0.00116975 
9.36 1.652 0.000991712 
9.36 1.656 0.000651737 
9.36 1.66 0.000341986 
9.36 1.664 0.000138514 
9.36 1.668 4.4896e-05 
9.36 1.672 1.15334e-05 
9.36 1.676 2.12089e-06 
9.36 1.68 3.0371e-07 
9.36 1.684 3.3363e-08 
9.36 1.688 2.81849e-09 
9.36 1.692 1.81662e-10 
9.37 1.596 1.12073e-10 
9.37 1.6 1.17452e-09 
9.37 1.604 1.05533e-08 
9.37 1.608 8.00254e-08 
9.37 1.612 5.05164e-07 
9.37 1.616 2.62477e-06 
9.37 1.62 1.14162e-05 
9.37 1.624 4.14686e-05 
9.37 1.628 0.000122057 
9.37 1.632 0.000295059 
9.37 1.636 0.000588328 
9.37 1.64 0.000944458 
9.37 1.644 0.00122265 
9.37 1.648 0.00122671 
9.37 1.652 0.00104291 
9.37 1.656 0.000677686 
9.37 1.66 0.000362859 
9.37 1.664 0.000145957 
9.37 1.668 4.70691e-05 
9.37 1.672 1.1792e-05 
9.37 1.676 2.22407e-06 
9.37 1.68 3.1393e-07 
9.37 1.684 3.59591e-08 
9.37 1.688 2.95341e-09 
9.37 1.692 1.86722e-10 
9.38 1.596 1.22968e-10 
9.38 1.6 1.33325e-09 
9.38 1.604 1.17126e-08 
9.38 1.608 8.64673e-08 
9.38 1.612 5.38278e-07 
9.38 1.616 2.77925e-06 
9.38 1.62 1.21421e-05 
9.38 1.624 4.41434e-05 
9.38 1.628 0.000130584 
9.38 1.632 0.000314823 
9.38 1.636 0.000624768 
9.38 1.64 0.000992943 
9.38 1.644 0.00126241 
9.38 1.648 0.00133811 
9.38 1.652 0.00110581 
9.38 1.656 0.000722545 
9.38 1.66 0.000375 
9.38 1.664 0.000151982 
9.38 1.668 4.94963e-05 
9.38 1.672 1.19815e-05 
9.38 1.676 2.29197e-06 
9.38 1.68 3.26651e-07 
9.38 1.684 3.61408e-08 
9.38 1.688 3.08656e-09 
9.38 1.692 1.93854e-10 
9.39 1.596 1.33417e-10 
9.39 1.6 1.38902e-09 
9.39 1.604 1.20519e-08 
9.39 1.608 9.01845e-08 
9.39 1.612 5.62381e-07 
9.39 1.616 2.89787e-06 
9.39 1.62 1.3123e-05 
9.39 1.624 4.60549e-05 
9.39 1.628 0.000136141 
9.39 1.632 0.000333843 
9.39 1.636 0.000656123 
9.39 1.64 0.00104113 
9.39 1.644 0.00133813 
9.39 1.648 0.00140474 
9.39 1.652 0.00117797 
9.39 1.656 0.000755215 
9.39 1.66 0.000390495 
9.39 1.664 0.00016069 
9.39 1.668 5.16914e-05 
9.39 1.672 1.26376e-05 
9.39 1.676 2.34152e-06 
9.39 1.68 3.42628e-07 
9.39 1.684 3.80168e-08 
9.39 1.688 3.1969e-09 
9.39 1.692 1.9458e-10 
9.4 1.596 1.48423e-10 
9.4 1.6 1.52245e-09 
9.4 1.604 1.33317e-08 
9.4 1.608 9.8663e-08 
9.4 1.612 6.29971e-07 
9.4 1.616 3.18052e-06 
9.4 1.62 1.39306e-05 
9.4 1.624 4.90044e-05 
9.4 1.628 0.000145594 
9.4 1.632 0.000355094 
9.4 1.636 0.000688403 
9.4 1.64 0.00110793 
9.4 1.644 0.00144772 
9.4 1.648 0.00148991 
9.4 1.652 0.00121526 
9.4 1.656 0.000792495 
9.4 1.66 0.00040954 
9.4 1.664 0.000167214 
9.4 1.668 5.32734e-05 
9.4 1.672 1.28853e-05 
9.4 1.676 2.45926e-06 
9.4 1.68 3.55875e-07 
9.4 1.684 3.90851e-08 
9.4 1.688 3.1606e-09 
9.4 1.692 1.97251e-10 
9.41 1.596 1.51073e-10 
9.41 1.6 1.58579e-09 
9.41 1.604 1.42146e-08 
9.41 1.608 1.05496e-07 
9.41 1.612 6.66147e-07 
9.41 1.616 3.42862e-06 
9.41 1.62 1.44142e-05 
9.41 1.624 5.10137e-05 
9.41 1.628 0.000151949 
9.41 1.632 0.000372198 
9.41 1.636 0.000726194 
9.41 1.64 0.00117867 
9.41 1.644 0.00155159 
9.41 1.648 0.0015713 
9.41 1.652 0.00123905 
9.41 1.656 0.000815528 
9.41 1.66 0.000420645 
9.41 1.664 0.000171565 
9.41 1.668 5.3886e-05 
9.41 1.672 1.37418e-05 
9.41 1.676 2.59662e-06 
9.41 1.68 3.74395e-07 
9.41 1.684 3.98961e-08 
9.41 1.688 3.20444e-09 
9.41 1.692 2.04947e-10 
9.42 1.596 1.71628e-10 
9.42 1.6 1.7085e-09 
9.42 1.604 1.51414e-08 
9.42 1.608 1.15071e-07 
9.42 1.612 7.12078e-07 
9.42 1.616 3.68516e-06 
9.42 1.62 1.53339e-05 
9.42 1.624 5.51412e-05 
9.42 1.628 0.000162462 
9.42 1.632 0.000396073 
9.42 1.636 0.000770354 
9.42 1.64 0.00125085 
9.42 1.644 0.00160323 
9.42 1.648 0.00162627 
9.42 1.652 0.00132255 
9.42 1.656 0.000840497 
9.42 1.66 0.000438717 
9.42 1.664 0.000180594 
9.42 1.668 5.77568e-05 
9.42 1.672 1.40593e-05 
9.42 1.676 2.75189e-06 
9.42 1.68 3.8359e-07 
9.42 1.684 4.01891e-08 
9.42 1.688 3.38676e-09 
9.42 1.692 2.08787e-10 
9.43 1.596 1.76287e-10 
9.43 1.6 1.88742e-09 
9.43 1.604 1.65949e-08 
9.43 1.608 1.24685e-07 
9.43 1.612 7.50707e-07 
9.43 1.616 3.81069e-06 
9.43 1.62 1.63593e-05 
9.43 1.624 5.79517e-05 
9.43 1.628 0.000174474 
9.43 1.632 0.000417556 
9.43 1.636 0.000824441 
9.43 1.64 0.00132324 
9.43 1.644 0.00167138 
9.43 1.648 0.0016587 
9.43 1.652 0.00137149 
9.43 1.656 0.000895102 
9.43 1.66 0.000457275 
9.43 1.664 0.000191425 
9.43 1.668 5.96113e-05 
9.43 1.672 1.46054e-05 
9.43 1.676 2.79237e-06 
9.43 1.68 3.88345e-07 
9.43 1.684 4.35219e-08 
9.43 1.688 3.52232e-09 
9.43 1.692 2.18588e-10 
9.44 1.596 1.90438e-10 
9.44 1.6 2.02382e-09 
9.44 1.604 1.80281e-08 
9.44 1.608 1.31152e-07 
9.44 1.612 7.62696e-07 
9.44 1.616 4.01449e-06 
9.44 1.62 1.74041e-05 
9.44 1.624 6.2061e-05 
9.44 1.628 0.000182348 
9.44 1.632 0.00044416 
9.44 1.636 0.000875661 
9.44 1.64 0.00138034 
9.44 1.644 0.00167132 
9.44 1.648 0.00175355 
9.44 1.652 0.00144738 
9.44 1.656 0.000916057 
9.44 1.66 0.000492537 
9.44 1.664 0.000197678 
9.44 1.668 6.02109e-05 
9.44 1.672 1.53786e-05 
9.44 1.676 2.74778e-06 
9.44 1.68 3.93802e-07 
9.44 1.684 4.22153e-08 
9.44 1.688 3.65875e-09 
9.44 1.692 2.30521e-10 
9.45 1.596 2.05657e-10 
9.45 1.6 2.1524e-09 
9.45 1.604 1.92735e-08 
9.45 1.608 1.37651e-07 
9.45 1.612 8.3154e-07 
9.45 1.616 4.24664e-06 
9.45 1.62 1.886e-05 
9.45 1.624 6.60267e-05 
9.45 1.628 0.000193821 
9.45 1.632 0.000477181 
9.45 1.636 0.000918768 
9.45 1.64 0.0013925 
9.45 1.644 0.001763 
9.45 1.648 0.00182946 
9.45 1.652 0.00149408 
9.45 1.656 0.000997273 
9.45 1.66 0.000499544 
9.45 1.664 0.000203269 
9.45 1.668 6.58843e-05 
9.45 1.672 1.48323e-05 
9.45 1.676 2.86642e-06 
9.45 1.68 4.09395e-07 
9.45 1.684 4.47516e-08 
9.45 1.688 3.72656e-09 
9.45 1.692 2.43863e-10 
9.46 1.596 2.30374e-10 
9.46 1.6 2.37408e-09 
9.46 1.604 1.92584e-08 
9.46 1.608 1.3878e-07 
9.46 1.612 8.83253e-07 
9.46 1.616 4.68405e-06 
9.46 1.62 1.94836e-05 
9.46 1.624 6.96678e-05 
9.46 1.628 0.000210844 
9.46 1.632 0.000487553 
9.46 1.636 0.000928976 
9.46 1.64 0.00143807 
9.46 1.644 0.00185941 
9.46 1.648 0.00189604 
9.46 1.652 0.00158275 
9.46 1.656 0.00102106 
9.46 1.66 0.000527331 
9.46 1.664 0.000214244 
9.46 1.668 6.44217e-05 
9.46 1.672 1.56636e-05 
9.46 1.676 2.88652e-06 
9.46 1.68 4.22184e-07 
9.46 1.684 4.69414e-08 
9.46 1.688 3.85423e-09 
9.46 1.692 2.41568e-10 
9.47 1.596 2.46031e-10 
9.47 1.6 2.44278e-09 
9.47 1.604 2.07237e-08 
9.47 1.608 1.46397e-07 
9.47 1.612 9.61223e-07 
9.47 1.616 4.90723e-06 
9.47 1.62 2.15402e-05 
9.47 1.624 7.41488e-05 
9.47 1.628 0.000213614 
9.47 1.632 0.00051255 
9.47 1.636 0.000967266 
9.47 1.64 0.00149814 
9.47 1.644 0.00193676 
9.47 1.648 0.00201163 
9.47 1.652 0.00162021 
9.47 1.656 0.0010673 
9.47 1.66 0.000549714 
9.47 1.664 0.000213791 
9.47 1.668 6.57717e-05 
9.47 1.672 1.54506e-05 
9.47 1.676 2.99937e-06 
9.47 1.68 4.33623e-07 
9.47 1.684 4.68426e-08 
9.47 1.688 3.80197e-09 
9.47 1.692 2.34754e-10 
9.48 1.596 2.51244e-10 
9.48 1.6 2.59749e-09 
9.48 1.604 2.23073e-08 
9.48 1.608 1.66141e-07 
9.48 1.612 9.98569e-07 
9.48 1.616 5.27554e-06 
9.48 1.62 2.25464e-05 
9.48 1.624 8.01056e-05 
9.48 1.628 0.000226467 
9.48 1.632 0.000517262 
9.48 1.636 0.00102864 
9.48 1.64 0.00158398 
9.48 1.644 0.00205239 
9.48 1.648 0.00211853 
9.48 1.652 0.00174111 
9.48 1.656 0.00110874 
9.48 1.66 0.000556727 
9.48 1.664 0.000217762 
9.48 1.668 6.7262e-05 
9.48 1.672 1.59844e-05 
9.48 1.676 3.08941e-06 
9.48 1.68 4.38658e-07 
9.48 1.684 4.8384e-08 
9.48 1.688 3.97047e-09 
9.48 1.692 2.38402e-10 
9.49 1.596 2.53541e-10 
9.49 1.6 2.76223e-09 
9.49 1.604 2.29528e-08 
9.49 1.608 1.77141e-07 
9.49 1.612 1.08391e-06 
9.49 1.616 5.45731e-06 
9.49 1.62 2.33838e-05 
9.49 1.624 8.15161e-05 
9.49 1.628 0.00022651 
9.49 1.632 0.00055416 
9.49 1.636 0.00106468 
9.49 1.64 0.00165499 
9.49 1.644 0.00214446 
9.49 1.648 0.0021915 
9.49 1.652 0.00179657 
9.49 1.656 0.00112334 
9.49 1.66 0.000559367 
9.49 1.664 0.000223793 
9.49 1.668 7.08359e-05 
9.49 1.672 1.68644e-05 
9.49 1.676 3.18797e-06 
9.49 1.68 4.61378e-07 
9.49 1.684 5.03474e-08 
9.49 1.688 4.0527e-09 
9.49 1.692 2.40758e-10 
9.5 1.596 2.76851e-10 
9.5 1.6 2.81226e-09 
9.5 1.604 2.54654e-08 
9.5 1.608 1.82509e-07 
9.5 1.612 1.14795e-06 
9.5 1.616 5.91684e-06 
9.5 1.62 2.40849e-05 
9.5 1.624 8.27255e-05 
9.5 1.628 0.000239298 
9.5 1.632 0.000569459 
9.5 1.636 0.00110387 
9.5 1.64 0.00173473 
9.5 1.644 0.00221763 
9.5 1.648 0.00227513 
9.5 1.652 0.00181871 
9.5 1.656 0.00112682 
9.5 1.66 0.00057458 
9.5 1.664 0.000229203 
9.5 1.668 6.96811e-05 
9.5 1.672 1.77464e-05 
9.5 1.676 3.27648e-06 
9.5 1.68 4.65643e-07 
9.5 1.684 5.09103e-08 
9.5 1.688 3.92827e-09 
9.5 1.692 2.35082e-10 
9.51 1.596 2.97924e-10 
9.51 1.6 3.03398e-09 
9.51 1.604 2.6751e-08 
9.51 1.608 1.96031e-07 
9.51 1.612 1.20658e-06 
9.51 1.616 6.11354e-06 
9.51 1.62 2.48064e-05 
9.51 1.624 8.70138e-05 
9.51 1.628 0.000250757 
9.51 1.632 0.000604086 
9.51 1.636 0.0011727 
9.51 1.64 0.00180859 
9.51 1.644 0.00232685 
9.51 1.648 0.00236485 
9.51 1.652 0.00180902 
9.51 1.656 0.00115149 
9.51 1.66 0.000587281 
9.51 1.664 0.000240339 
9.51 1.668 7.32446e-05 
9.51 1.672 1.74517e-05 
9.51 1.676 3.33285e-06 
9.51 1.68 4.72938e-07 
9.51 1.684 4.97914e-08 
9.51 1.688 3.95005e-09 
9.51 1.692 2.45441e-10 
9.52 1.596 3.22568e-10 
9.52 1.6 3.33845e-09 
9.52 1.604 2.79843e-08 
9.52 1.608 2.08558e-07 
9.52 1.612 1.28595e-06 
9.52 1.616 6.25616e-06 
9.52 1.62 2.54999e-05 
9.52 1.624 9.14778e-05 
9.52 1.628 0.000263593 
9.52 1.632 0.000623455 
9.52 1.636 0.0012092 
9.52 1.64 0.00188927 
9.52 1.644 0.00242653 
9.52 1.648 0.00235312 
9.52 1.652 0.00186019 
9.52 1.656 0.00118906 
9.52 1.66 0.000610987 
9.52 1.664 0.00024325 
9.52 1.668 7.54233e-05 
9.52 1.672 1.86844e-05 
9.52 1.676 3.4579e-06 
9.52 1.68 4.67054e-07 
9.52 1.684 4.7692e-08 
9.52 1.688 4.017e-09 
9.52 1.692 2.48281e-10 
9.53 1.596 3.469e-10 
9.53 1.6 3.46313e-09 
9.53 1.604 2.98653e-08 
9.53 1.608 2.1485e-07 
9.53 1.612 1.31858e-06 
9.53 1.616 6.37323e-06 
9.53 1.62 2.70174e-05 
9.53 1.624 9.41443e-05 
9.53 1.628 0.000279703 
9.53 1.632 0.000652617 
9.53 1.636 0.00125352 
9.53 1.64 0.0019736 
9.53 1.644 0.00246978 
9.53 1.648 0.00236351 
9.53 1.652 0.00190269 
9.53 1.656 0.00125368 
9.53 1.66 0.000617572 
9.53 1.664 0.000246003 
9.53 1.668 7.90342e-05 
9.53 1.672 1.8183e-05 
9.53 1.676 3.47574e-06 
9.53 1.68 4.65284e-07 
9.53 1.684 4.83508e-08 
9.53 1.688 4.10112e-09 
9.53 1.692 2.43868e-10 
9.54 1.596 3.65543e-10 
9.54 1.6 3.53851e-09 
9.54 1.604 3.14356e-08 
9.54 1.608 2.28382e-07 
9.54 1.612 1.3317e-06 
9.54 1.616 6.82232e-06 
9.54 1.62 2.79413e-05 
9.54 1.624 0.000100633 
9.54 1.628 0.000287445 
9.54 1.632 0.000684634 
9.54 1.636 0.00128607 
9.54 1.64 0.00203044 
9.54 1.644 0.00247179 
9.54 1.648 0.00242787 
9.54 1.652 0.00194051 
9.54 1.656 0.00127881 
9.54 1.66 0.000638534 
9.54 1.664 0.000252457 
9.54 1.668 7.78293e-05 
9.54 1.672 1.88598e-05 
9.54 1.676 3.39256e-06 
9.54 1.68 4.60691e-07 
9.54 1.684 5.10777e-08 
9.54 1.688 4.08906e-09 
9.54 1.692 2.46556e-10 
9.55 1.596 3.73588e-10 
9.55 1.6 3.7828e-09 
9.55 1.604 3.38715e-08 
9.55 1.608 2.34589e-07 
9.55 1.612 1.37461e-06 
9.55 1.616 6.90381e-06 
9.55 1.62 2.94644e-05 
9.55 1.624 0.00010456 
9.55 1.628 0.000293165 
9.55 1.632 0.000689622 
9.55 1.636 0.00135109 
9.55 1.64 0.00203214 
9.55 1.644 0.00249129 
9.55 1.648 0.00250008 
9.55 1.652 0.0020085 
9.55 1.656 0.00128995 
9.55 1.66 0.000651363 
9.55 1.664 0.000255858 
9.55 1.668 8.00489e-05 
9.55 1.672 1.92131e-05 
9.55 1.676 3.24063e-06 
9.55 1.68 4.75906e-07 
9.55 1.684 5.17241e-08 
9.55 1.688 4.21839e-09 
9.55 1.692 2.54703e-10 
9.56 1.596 3.96323e-10 
9.56 1.6 4.03839e-09 
9.56 1.604 3.43288e-08 
9.56 1.608 2.41283e-07 
9.56 1.612 1.49747e-06 
9.56 1.616 7.34636e-06 
9.56 1.62 3.06608e-05 
9.56 1.624 0.000109081 
9.56 1.628 0.000309019 
9.56 1.632 0.000726325 
9.56 1.636 0.00138846 
9.56 1.64 0.00211139 
9.56 1.644 0.00256531 
9.56 1.648 0.00257089 
9.56 1.652 0.00207442 
9.56 1.656 0.00130993 
9.56 1.66 0.00067102 
9.56 1.664 0.000260889 
9.56 1.668 8.07399e-05 
9.56 1.672 1.8998e-05 
9.56 1.676 3.44877e-06 
9.56 1.68 4.75929e-07 
9.56 1.684 5.09037e-08 
9.56 1.688 4.09886e-09 
9.56 1.692 2.41692e-10 
9.57 1.596 4.18117e-10 
9.57 1.6 4.35861e-09 
9.57 1.604 3.5334e-08 
9.57 1.608 2.53692e-07 
9.57 1.612 1.51635e-06 
9.57 1.616 7.57635e-06 
9.57 1.62 3.24534e-05 
9.57 1.624 0.000111837 
9.57 1.628 0.000312672 
9.57 1.632 0.000757381 
9.57 1.636 0.00143404 
9.57 1.64 0.00211146 
9.57 1.644 0.00262005 
9.57 1.648 0.00265824 
9.57 1.652 0.00212389 
9.57 1.656 0.0013058 
9.57 1.66 0.000675526 
9.57 1.664 0.000258921 
9.57 1.668 8.13927e-05 
9.57 1.672 1.86541e-05 
9.57 1.676 3.35469e-06 
9.57 1.68 4.93936e-07 
9.57 1.684 5.2175e-08 
9.57 1.688 4.07866e-09 
9.57 1.692 2.43507e-10 
9.58 1.596 4.32053e-10 
9.58 1.6 4.48237e-09 
9.58 1.604 3.67955e-08 
9.58 1.608 2.65978e-07 
9.58 1.612 1.57588e-06 
9.58 1.616 7.84893e-06 
9.58 1.62 3.36662e-05 
9.58 1.624 0.00011455 
9.58 1.628 0.000330237 
9.58 1.632 0.000757422 
9.58 1.636 0.00139702 
9.58 1.64 0.00217029 
9.58 1.644 0.0027027 
9.58 1.648 0.0027146 
9.58 1.652 0.00213955 
9.58 1.656 0.0013504 
9.58 1.66 0.000674272 
9.58 1.664 0.000267998 
9.58 1.668 7.84346e-05 
9.58 1.672 1.87352e-05 
9.58 1.676 3.47736e-06 
9.58 1.68 4.84147e-07 
9.58 1.684 5.21416e-08 
9.58 1.688 4.0058e-09 
9.58 1.692 2.54357e-10 
9.59 1.596 4.71395e-10 
9.59 1.6 4.50258e-09 
9.59 1.604 3.75763e-08 
9.59 1.608 2.6966e-07 
9.59 1.612 1.67822e-06 
9.59 1.616 8.08283e-06 
9.59 1.62 3.43714e-05 
9.59 1.624 0.000120469 
9.59 1.628 0.000336404 
9.59 1.632 0.000754606 
9.59 1.636 0.00144326 
9.59 1.64 0.00225653 
9.59 1.644 0.00276842 
9.59 1.648 0.00284794 
9.59 1.652 0.00221896 
9.59 1.656 0.00134838 
9.59 1.66 0.000704739 
9.59 1.664 0.000267444 
9.59 1.668 8.06164e-05 
9.59 1.672 1.91732e-05 
9.59 1.676 3.48556e-06 
9.59 1.68 5.03857e-07 
9.59 1.684 5.18009e-08 
9.59 1.688 4.11694e-09 
9.59 1.692 2.42292e-10 
9.6 1.596 4.71065e-10 
9.6 1.6 4.76481e-09 
9.6 1.604 4.02583e-08 
9.6 1.608 2.83377e-07 
9.6 1.612 1.71981e-06 
9.6 1.616 8.63674e-06 
9.6 1.62 3.56619e-05 
9.6 1.624 0.000123247 
9.6 1.628 0.000342726 
9.6 1.632 0.000793275 
9.6 1.636 0.00148497 
9.6 1.64 0.00231266 
9.6 1.644 0.00288935 
9.6 1.648 0.00288126 
9.6 1.652 0.00226936 
9.6 1.656 0.00140874 
9.6 1.66 0.000699987 
9.6 1.664 0.000266862 
9.6 1.668 8.32674e-05 
9.6 1.672 1.89083e-05 
9.6 1.676 3.60607e-06 
9.6 1.68 4.98963e-07 
9.6 1.684 5.12056e-08 
9.6 1.688 4.47252e-09 
9.6 1.692 2.39164e-10 
9.61 1.596 4.7486e-10 
9.61 1.6 4.97476e-09 
9.61 1.604 4.19219e-08 
9.61 1.608 3.02166e-07 
9.61 1.612 1.77577e-06 
9.61 1.616 8.96521e-06 
9.61 1.62 3.6783e-05 
9.61 1.624 0.000126698 
9.61 1.628 0.000343868 
9.61 1.632 0.000799254 
9.61 1.636 0.00152022 
9.61 1.64 0.00234326 
9.61 1.644 0.00288906 
9.61 1.648 0.0028703 
9.61 1.652 0.00231383 
9.61 1.656 0.00144506 
9.61 1.66 0.000690596 
9.61 1.664 0.000260942 
9.61 1.668 7.97937e-05 
9.61 1.672 1.93977e-05 
9.61 1.676 3.51025e-06 
9.61 1.68 4.98858e-07 
9.61 1.684 5.14877e-08 
9.61 1.688 4.12591e-09 
9.61 1.692 2.44192e-10 
9.62 1.596 4.98489e-10 
9.62 1.6 5.08118e-09 
9.62 1.604 4.28629e-08 
9.62 1.608 3.15027e-07 
9.62 1.612 1.74685e-06 
9.62 1.616 9.21215e-06 
9.62 1.62 3.8316e-05 
9.62 1.624 0.000125097 
9.62 1.628 0.000349777 
9.62 1.632 0.000819687 
9.62 1.636 0.00153695 
9.62 1.64 0.00242739 
9.62 1.644 0.00292425 
9.62 1.648 0.00289117 
9.62 1.652 0.00233427 
9.62 1.656 0.00145358 
9.62 1.66 0.000685631 
9.62 1.664 0.00026532 
9.62 1.668 8.2057e-05 
9.62 1.672 1.95993e-05 
9.62 1.676 3.54319e-06 
9.62 1.68 4.77718e-07 
9.62 1.684 5.127e-08 
9.62 1.688 4.12959e-09 
9.62 1.692 2.32147e-10 
9.63 1.596 5.24349e-10 
9.63 1.6 5.30499e-09 
9.63 1.604 4.52333e-08 
9.63 1.608 3.1568e-07 
9.63 1.612 1.9004e-06 
9.63 1.616 9.58651e-06 
9.63 1.62 3.89411e-05 
9.63 1.624 0.000130132 
9.63 1.628 0.000370225 
9.63 1.632 0.000847824 
9.63 1.636 0.00160177 
9.63 1.64 0.00245164 
9.63 1.644 0.00299958 
9.63 1.648 0.00296549 
9.63 1.652 0.00236847 
9.63 1.656 0.00146377 
9.63 1.66 0.000717295 
9.63 1.664 0.000277104 
9.63 1.668 8.36461e-05 
9.63 1.672 1.92052e-05 
9.63 1.676 3.4976e-06 
9.63 1.68 4.79178e-07 
9.63 1.684 5.0902e-08 
9.63 1.688 3.99729e-09 
9.63 1.692 2.42849e-10 
9.64 1.596 5.66005e-10 
9.64 1.6 5.52816e-09 
9.64 1.604 4.54201e-08 
9.64 1.608 3.34084e-07 
9.64 1.612 1.99818e-06 
9.64 1.616 9.77975e-06 
9.64 1.62 3.92742e-05 
9.64 1.624 0.000133066 
9.64 1.628 0.000373025 
9.64 1.632 0.000857157 
9.64 1.636 0.00162616 
9.64 1.64 0.00245114 
9.64 1.644 0.00302519 
9.64 1.648 0.00302616 
9.64 1.652 0.00232028 
9.64 1.656 0.00142563 
9.64 1.66 0.000703109 
9.64 1.664 0.000278488 
9.64 1.668 8.37068e-05 
9.64 1.672 1.9836e-05 
9.64 1.676 3.51998e-06 
9.64 1.68 4.84745e-07 
9.64 1.684 5.15923e-08 
9.64 1.688 3.89332e-09 
9.64 1.692 2.32111e-10 
9.65 1.596 5.83985e-10 
9.65 1.6 5.70444e-09 
9.65 1.604 4.75505e-08 
9.65 1.608 3.42432e-07 
9.65 1.612 2.02312e-06 
9.65 1.616 9.93457e-06 
9.65 1.62 4.06046e-05 
9.65 1.624 0.000133841 
9.65 1.628 0.000366619 
9.65 1.632 0.000885328 
9.65 1.636 0.00164323 
9.65 1.64 0.00243622 
9.65 1.644 0.00309148 
9.65 1.648 0.00297807 
9.65 1.652 0.00230234 
9.65 1.656 0.00143469 
9.65 1.66 0.000705552 
9.65 1.664 0.000271908 
9.65 1.668 8.32096e-05 
9.65 1.672 1.97786e-05 
9.65 1.676 3.5353e-06 
9.65 1.68 4.90015e-07 
9.65 1.684 5.03358e-08 
9.65 1.688 3.94159e-09 
9.65 1.692 2.32113e-10 
9.66 1.596 6.07351e-10 
9.66 1.6 5.87374e-09 
9.66 1.604 4.89019e-08 
9.66 1.608 3.50423e-07 
9.66 1.612 2.05513e-06 
9.66 1.616 1.01993e-05 
9.66 1.62 4.04829e-05 
9.66 1.624 0.000137728 
9.66 1.628 0.000380177 
9.66 1.632 0.000895719 
9.66 1.636 0.00164413 
9.66 1.64 0.00248934 
9.66 1.644 0.0030791 
9.66 1.648 0.00300204 
9.66 1.652 0.0022408 
9.66 1.656 0.00140112 
9.66 1.66 0.000696014 
9.66 1.664 0.000265495 
9.66 1.668 8.30628e-05 
9.66 1.672 1.91583e-05 
9.66 1.676 3.44058e-06 
9.66 1.68 4.73816e-07 
9.66 1.684 4.8202e-08 
9.66 1.688 3.90375e-09 
9.66 1.692 2.26703e-10 
9.67 1.596 6.10705e-10 
9.67 1.6 6.07156e-09 
9.67 1.604 5.04779e-08 
9.67 1.608 3.63093e-07 
9.67 1.612 2.11868e-06 
9.67 1.616 1.00714e-05 
9.67 1.62 4.08374e-05 
9.67 1.624 0.000140228 
9.67 1.628 0.000394645 
9.67 1.632 0.000912857 
9.67 1.636 0.00166888 
9.67 1.64 0.00257527 
9.67 1.644 0.00311567 
9.67 1.648 0.00293727 
9.67 1.652 0.00227942 
9.67 1.656 0.00143946 
9.67 1.66 0.000698048 
9.67 1.664 0.000275734 
9.67 1.668 8.11308e-05 
9.67 1.672 1.89559e-05 
9.67 1.676 3.47407e-06 
9.67 1.68 4.76395e-07 
9.67 1.684 4.82942e-08 
9.67 1.688 3.80572e-09 
9.67 1.692 2.26051e-10 
9.68 1.596 6.34198e-10 
9.68 1.6 6.25721e-09 
9.68 1.604 5.11324e-08 
9.68 1.608 3.61825e-07 
9.68 1.612 2.14561e-06 
9.68 1.616 1.0233e-05 
9.68 1.62 4.14047e-05 
9.68 1.624 0.000141241 
9.68 1.628 0.00039151 
9.68 1.632 0.000901719 
9.68 1.636 0.00170986 
9.68 1.64 0.00259197 
9.68 1.644 0.00308028 
9.68 1.648 0.00289559 
9.68 1.652 0.00230912 
9.68 1.656 0.00138589 
9.68 1.66 0.000705412 
9.68 1.664 0.000266482 
9.68 1.668 8.2155e-05 
9.68 1.672 1.87994e-05 
9.68 1.676 3.36309e-06 
9.68 1.68 4.54974e-07 
9.68 1.684 4.81001e-08 
9.68 1.688 3.7093e-09 
9.68 1.692 2.14363e-10 
9.69 1.596 6.35345e-10 
9.69 1.6 6.46059e-09 
9.69 1.604 5.34753e-08 
9.69 1.608 3.63114e-07 
9.69 1.612 2.15192e-06 
9.69 1.616 1.04409e-05 
9.69 1.62 4.25455e-05 
9.69 1.624 0.000142263 
9.69 1.628 0.000401515 
9.69 1.632 0.000899219 
9.69 1.636 0.00172539 
9.69 1.64 0.00257975 
9.69 1.644 0.00301083 
9.69 1.648 0.00292916 
9.69 1.652 0.00226049 
9.69 1.656 0.00141376 
9.69 1.66 0.000688172 
9.69 1.664 0.000266261 
9.69 1.668 7.91806e-05 
9.69 1.672 1.82654e-05 
9.69 1.676 3.26196e-06 
9.69 1.68 4.44779e-07 
9.69 1.684 4.61273e-08 
9.69 1.688 3.48196e-09 
9.69 1.692 2.12251e-10 
9.7 1.596 6.67236e-10 
9.7 1.6 6.48322e-09 
9.7 1.604 5.48074e-08 
9.7 1.608 3.74478e-07 
9.7 1.612 2.16903e-06 
9.7 1.616 1.06444e-05 
9.7 1.62 4.3065e-05 
9.7 1.624 0.000144399 
9.7 1.628 0.000406354 
9.7 1.632 0.000937744 
9.7 1.636 0.00175187 
9.7 1.64 0.00252432 
9.7 1.644 0.00304466 
9.7 1.648 0.00295947 
9.7 1.652 0.00226955 
9.7 1.656 0.00142346 
9.7 1.66 0.000685919 
9.7 1.664 0.000264328 
9.7 1.668 7.8133e-05 
9.7 1.672 1.78068e-05 
9.7 1.676 3.12896e-06 
9.7 1.68 4.25632e-07 
9.7 1.684 4.4658e-08 
9.7 1.688 3.52e-09 
9.7 1.692 1.97908e-10 
9.71 1.596 6.86928e-10 
9.71 1.6 6.90118e-09 
9.71 1.604 5.35443e-08 
9.71 1.608 3.6868e-07 
9.71 1.612 2.24738e-06 
9.71 1.616 1.08143e-05 
9.71 1.62 4.28964e-05 
9.71 1.624 0.000148556 
9.71 1.628 0.000409005 
9.71 1.632 0.000942834 
9.71 1.636 0.0017014 
9.71 1.64 0.00252209 
9.71 1.644 0.00301368 
9.71 1.648 0.00291771 
9.71 1.652 0.00227657 
9.71 1.656 0.00139114 
9.71 1.66 0.000676561 
9.71 1.664 0.00025614 
9.71 1.668 7.49702e-05 
9.71 1.672 1.7274e-05 
9.71 1.676 2.99827e-06 
9.71 1.68 4.06828e-07 
9.71 1.684 4.25366e-08 
9.71 1.688 3.23293e-09 
9.71 1.692 1.94867e-10 
9.72 1.596 7.09339e-10 
9.72 1.6 6.86509e-09 
9.72 1.604 5.41253e-08 
9.72 1.608 3.83613e-07 
9.72 1.612 2.28489e-06 
9.72 1.616 1.06036e-05 
9.72 1.62 4.4435e-05 
9.72 1.624 0.000152594 
9.72 1.628 0.000409132 
9.72 1.632 0.000936674 
9.72 1.636 0.00166195 
9.72 1.64 0.00250243 
9.72 1.644 0.00299602 
9.72 1.648 0.00288639 
9.72 1.652 0.00225643 
9.72 1.656 0.00138023 
9.72 1.66 0.00067199 
9.72 1.664 0.000253976 
9.72 1.668 7.33462e-05 
9.72 1.672 1.70242e-05 
9.72 1.676 2.92524e-06 
9.72 1.68 4.02544e-07 
9.72 1.684 4.12718e-08 
9.72 1.688 3.20465e-09 
9.72 1.692 1.94349e-10 
9.73 1.596 7.20656e-10 
9.73 1.6 6.87395e-09 
9.73 1.604 5.51089e-08 
9.73 1.608 3.87361e-07 
9.73 1.612 2.2621e-06 
9.73 1.616 1.09378e-05 
9.73 1.62 4.57699e-05 
9.73 1.624 0.000147222 
9.73 1.628 0.000413217 
9.73 1.632 0.000916665 
9.73 1.636 0.00164334 
9.73 1.64 0.0024745 
9.73 1.644 0.00298474 
9.73 1.648 0.00288835 
9.73 1.652 0.00223344 
9.73 1.656 0.00137936 
9.73 1.66 0.000666157 
9.73 1.664 0.000245037 
9.73 1.668 7.3392e-05 
9.73 1.672 1.63922e-05 
9.73 1.676 2.88015e-06 
9.73 1.68 3.93544e-07 
9.73 1.684 4.13139e-08 
9.73 1.688 3.22305e-09 
9.73 1.692 1.94647e-10 
9.74 1.596 7.32277e-10 
9.74 1.6 6.90729e-09 
9.74 1.604 5.68494e-08 
9.74 1.608 3.87541e-07 
9.74 1.612 2.23756e-06 
9.74 1.616 1.10537e-05 
9.74 1.62 4.43329e-05 
9.74 1.624 0.000151445 
9.74 1.628 0.000407354 
9.74 1.632 0.000895732 
9.74 1.636 0.00167447 
9.74 1.64 0.00252882 
9.74 1.644 0.00298654 
9.74 1.648 0.00288879 
9.74 1.652 0.00223256 
9.74 1.656 0.00136703 
9.74 1.66 0.000661845 
9.74 1.664 0.000244136 
9.74 1.668 7.17255e-05 
9.74 1.672 1.63986e-05 
9.74 1.676 2.86247e-06 
9.74 1.68 3.88555e-07 
9.74 1.684 3.99363e-08 
9.74 1.688 3.12492e-09 
9.74 1.692 1.90826e-10 
9.75 1.596 7.28445e-10 
9.75 1.6 6.80439e-09 
9.75 1.604 5.76691e-08 
9.75 1.608 3.88869e-07 
9.75 1.612 2.25893e-06 
9.75 1.616 1.10987e-05 
9.75 1.62 4.52725e-05 
9.75 1.624 0.000152102 
9.75 1.628 0.000407299 
9.75 1.632 0.000932513 
9.75 1.636 0.00172129 
9.75 1.64 0.00251627 
9.75 1.644 0.00300458 
9.75 1.648 0.00291594 
9.75 1.652 0.002263 
9.75 1.656 0.00138115 
9.75 1.66 0.000643139 
9.75 1.664 0.000239155 
9.75 1.668 7.12736e-05 
9.75 1.672 1.64581e-05 
9.75 1.676 2.83887e-06 
9.75 1.68 3.84895e-07 
9.75 1.684 3.89532e-08 
9.75 1.688 3.10261e-09 
9.75 1.692 1.75258e-10 
9.76 1.596 7.22739e-10 
9.76 1.6 7.02276e-09 
9.76 1.604 5.69969e-08 
9.76 1.608 4.00092e-07 
9.76 1.612 2.31944e-06 
9.76 1.616 1.13847e-05 
9.76 1.62 4.63369e-05 
9.76 1.624 0.000154918 
9.76 1.628 0.000410306 
9.76 1.632 0.000931728 
9.76 1.636 0.00170608 
9.76 1.64 0.00245986 
9.76 1.644 0.00297664 
9.76 1.648 0.00288321 
9.76 1.652 0.00216216 
9.76 1.656 0.00133394 
9.76 1.66 0.000630931 
9.76 1.664 0.000237531 
9.76 1.668 7.15626e-05 
9.76 1.672 1.59122e-05 
9.76 1.676 2.75629e-06 
9.76 1.68 3.79814e-07 
9.76 1.684 3.76506e-08 
9.76 1.688 2.96698e-09 
9.76 1.692 1.68363e-10 
9.77 1.596 7.35509e-10 
9.77 1.6 7.17489e-09 
9.77 1.604 5.82193e-08 
9.77 1.608 4.12075e-07 
9.77 1.612 2.37884e-06 
9.77 1.616 1.13237e-05 
9.77 1.62 4.69427e-05 
9.77 1.624 0.000150198 
9.77 1.628 0.000411783 
9.77 1.632 0.000921164 
9.77 1.636 0.00163398 
9.77 1.64 0.00248445 
9.77 1.644 0.00285308 
9.77 1.648 0.00276461 
9.77 1.652 0.00213919 
9.77 1.656 0.00127827 
9.77 1.66 0.000613836 
9.77 1.664 0.000237252 
9.77 1.668 6.68862e-05 
9.77 1.672 1.53527e-05 
9.77 1.676 2.70576e-06 
9.77 1.68 3.64325e-07 
9.77 1.684 3.76677e-08 
9.77 1.688 2.8945e-09 
9.77 1.692 1.67536e-10 
9.78 1.596 7.62544e-10 
9.78 1.6 7.4212e-09 
9.78 1.604 5.9523e-08 
9.78 1.608 4.05932e-07 
9.78 1.612 2.42221e-06 
9.78 1.616 1.13891e-05 
9.78 1.62 4.52725e-05 
9.78 1.624 0.000147411 
9.78 1.628 0.000403301 
9.78 1.632 0.000884783 
9.78 1.636 0.00164115 
9.78 1.64 0.0024129 
9.78 1.644 0.00294537 
9.78 1.648 0.00275967 
9.78 1.652 0.00212325 
9.78 1.656 0.00124396 
9.78 1.66 0.000613463 
9.78 1.664 0.000225254 
9.78 1.668 6.513e-05 
9.78 1.672 1.53282e-05 
9.78 1.676 2.68509e-06 
9.78 1.68 3.54554e-07 
9.78 1.684 3.60248e-08 
9.78 1.688 2.73606e-09 
9.78 1.692 1.58019e-10 
9.79 1.596 7.79852e-10 
9.79 1.6 7.52948e-09 
9.79 1.604 6.20354e-08 
9.79 1.608 3.97837e-07 
9.79 1.612 2.39752e-06 
9.79 1.616 1.15294e-05 
9.79 1.62 4.47824e-05 
9.79 1.624 0.000145778 
9.79 1.628 0.000404629 
9.79 1.632 0.000875095 
9.79 1.636 0.00165144 
9.79 1.64 0.00238215 
9.79 1.644 0.00293347 
9.79 1.648 0.00273066 
9.79 1.652 0.00212879 
9.79 1.656 0.00124996 
9.79 1.66 0.000598869 
9.79 1.664 0.000222612 
9.79 1.668 6.50498e-05 
9.79 1.672 1.52137e-05 
9.79 1.676 2.57722e-06 
9.79 1.68 3.47649e-07 
9.79 1.684 3.49368e-08 
9.79 1.688 2.70434e-09 
9.79 1.692 1.52266e-10 
9.8 1.596 7.71193e-10 
9.8 1.6 7.19488e-09 
9.8 1.604 6.04452e-08 
9.8 1.608 4.17356e-07 
9.8 1.612 2.40297e-06 
9.8 1.616 1.13824e-05 
9.8 1.62 4.39652e-05 
9.8 1.624 0.000148856 
9.8 1.628 0.000403312 
9.8 1.632 0.000911739 
9.8 1.636 0.00161793 
9.8 1.64 0.00247406 
9.8 1.644 0.00292522 
9.8 1.648 0.00281297 
9.8 1.652 0.00205135 
9.8 1.656 0.00123094 
9.8 1.66 0.000583014 
9.8 1.664 0.000220548 
9.8 1.668 6.40957e-05 
9.8 1.672 1.46086e-05 
9.8 1.676 2.50488e-06 
9.8 1.68 3.37956e-07 
9.8 1.684 3.35136e-08 
9.8 1.688 2.58646e-09 
9.8 1.692 1.47802e-10 
9.81 1.596 7.49356e-10 
9.81 1.6 7.23869e-09 
9.81 1.604 6.01625e-08 
9.81 1.608 4.19635e-07 
9.81 1.612 2.38127e-06 
9.81 1.616 1.12611e-05 
9.81 1.62 4.41661e-05 
9.81 1.624 0.000150313 
9.81 1.628 0.000406762 
9.81 1.632 0.000886821 
9.81 1.636 0.00167969 
9.81 1.64 0.0023426 
9.81 1.644 0.00294764 
9.81 1.648 0.00268787 
9.81 1.652 0.00201947 
9.81 1.656 0.00119231 
9.81 1.66 0.000583315 
9.81 1.664 0.000216923 
9.81 1.668 6.28399e-05 
9.81 1.672 1.39252e-05 
9.81 1.676 2.53238e-06 
9.81 1.68 3.37035e-07 
9.81 1.684 3.33648e-08 
9.81 1.688 2.46205e-09 
9.81 1.692 1.42729e-10 
9.82 1.596 7.80579e-10 
9.82 1.6 7.43219e-09 
9.82 1.604 6.17833e-08 
9.82 1.608 4.2282e-07 
9.82 1.612 2.37758e-06 
9.82 1.616 1.11325e-05 
9.82 1.62 4.55922e-05 
9.82 1.624 0.000145386 
9.82 1.628 0.000399363 
9.82 1.632 0.000865074 
9.82 1.636 0.00157952 
9.82 1.64 0.00237431 
9.82 1.644 0.00275081 
9.82 1.648 0.00252956 
9.82 1.652 0.00194257 
9.82 1.656 0.00116811 
9.82 1.66 0.0005567 
9.82 1.664 0.000209704 
9.82 1.668 6.12352e-05 
9.82 1.672 1.4175e-05 
9.82 1.676 2.38797e-06 
9.82 1.68 3.13483e-07 
9.82 1.684 3.21149e-08 
9.82 1.688 2.33045e-09 
9.82 1.692 1.34391e-10 
9.83 1.596 7.73529e-10 
9.83 1.6 7.39606e-09 
9.83 1.604 6.25419e-08 
9.83 1.608 4.28939e-07 
9.83 1.612 2.34029e-06 
9.83 1.616 1.08666e-05 
9.83 1.62 4.29643e-05 
9.83 1.624 0.000143595 
9.83 1.628 0.000381253 
9.83 1.632 0.000844482 
9.83 1.636 0.00156167 
9.83 1.64 0.00228074 
9.83 1.644 0.002628 
9.83 1.648 0.00249828 
9.83 1.652 0.00187005 
9.83 1.656 0.0011484 
9.83 1.66 0.000539421 
9.83 1.664 0.000202056 
9.83 1.668 5.87285e-05 
9.83 1.672 1.34469e-05 
9.83 1.676 2.28799e-06 
9.83 1.68 2.99818e-07 
9.83 1.684 2.91394e-08 
9.83 1.688 2.22863e-09 
9.83 1.692 1.25274e-10 
9.84 1.596 7.97066e-10 
9.84 1.6 7.91057e-09 
9.84 1.604 6.09316e-08 
9.84 1.608 4.0419e-07 
9.84 1.612 2.25105e-06 
9.84 1.616 1.09676e-05 
9.84 1.62 4.27552e-05 
9.84 1.624 0.000137811 
9.84 1.628 0.000380703 
9.84 1.632 0.000827906 
9.84 1.636 0.00153494 
9.84 1.64 0.00222562 
9.84 1.644 0.00254285 
9.84 1.648 0.00242595 
9.84 1.652 0.00183449 
9.84 1.656 0.00111322 
9.84 1.66 0.000525622 
9.84 1.664 0.000193965 
9.84 1.668 5.72577e-05 
9.84 1.672 1.28805e-05 
9.84 1.676 2.23358e-06 
9.84 1.68 2.86276e-07 
9.84 1.684 2.85955e-08 
9.84 1.688 2.22671e-09 
9.84 1.692 1.22862e-10 
9.85 1.596 7.94613e-10 
9.85 1.6 7.69997e-09 
9.85 1.604 5.89426e-08 
9.85 1.608 3.99304e-07 
9.85 1.612 2.18584e-06 
9.85 1.616 1.08216e-05 
9.85 1.62 4.23171e-05 
9.85 1.624 0.000142383 
9.85 1.628 0.000372385 
9.85 1.632 0.000813424 
9.85 1.636 0.00150325 
9.85 1.64 0.00219225 
9.85 1.644 0.00250804 
9.85 1.648 0.00236903 
9.85 1.652 0.00178421 
9.85 1.656 0.00108284 
9.85 1.66 0.000519964 
9.85 1.664 0.000187388 
9.85 1.668 5.56556e-05 
9.85 1.672 1.27922e-05 
9.85 1.676 2.11913e-06 
9.85 1.68 2.69638e-07 
9.85 1.684 2.72274e-08 
9.85 1.688 2.06363e-09 
9.85 1.692 1.208e-10 
9.86 1.596 7.93888e-10 
9.86 1.6 7.27449e-09 
9.86 1.604 5.99534e-08 
9.86 1.608 4.06805e-07 
9.86 1.612 2.29542e-06 
9.86 1.616 1.05018e-05 
9.86 1.62 4.21847e-05 
9.86 1.624 0.000140131 
9.86 1.628 0.000370058 
9.86 1.632 0.000825673 
9.86 1.636 0.00144753 
9.86 1.64 0.00213025 
9.86 1.644 0.00244975 
9.86 1.648 0.00232498 
9.86 1.652 0.00174925 
9.86 1.656 0.00107159 
9.86 1.66 0.000490604 
9.86 1.664 0.000178534 
9.86 1.668 5.25905e-05 
9.86 1.672 1.15079e-05 
9.86 1.676 2.03866e-06 
9.86 1.68 2.67006e-07 
9.86 1.684 2.58082e-08 
9.86 1.688 1.92441e-09 
9.86 1.692 1.09252e-10 
9.87 1.596 7.97989e-10 
9.87 1.6 7.29873e-09 
9.87 1.604 5.88985e-08 
9.87 1.608 3.86876e-07 
9.87 1.612 2.28031e-06 
9.87 1.616 1.0585e-05 
9.87 1.62 4.23571e-05 
9.87 1.624 0.000136263 
9.87 1.628 0.000372237 
9.87 1.632 0.000809633 
9.87 1.636 0.00142681 
9.87 1.64 0.0020748 
9.87 1.644 0.00241647 
9.87 1.648 0.00229975 
9.87 1.652 0.0016795 
9.87 1.656 0.00102547 
9.87 1.66 0.000469654 
9.87 1.664 0.00017566 
9.87 1.668 4.818e-05 
9.87 1.672 1.07996e-05 
9.87 1.676 1.91069e-06 
9.87 1.68 2.50167e-07 
9.87 1.684 2.38911e-08 
9.87 1.688 1.79908e-09 
9.87 1.692 1.09351e-10 
9.88 1.596 7.70171e-10 
9.88 1.6 7.12367e-09 
9.88 1.604 5.81818e-08 
9.88 1.608 3.89159e-07 
9.88 1.612 2.21081e-06 
9.88 1.616 1.05512e-05 
9.88 1.62 4.17251e-05 
9.88 1.624 0.000132984 
9.88 1.628 0.000362315 
9.88 1.632 0.00077434 
9.88 1.636 0.00142044 
9.88 1.64 0.00199121 
9.88 1.644 0.00230688 
9.88 1.648 0.00220646 
9.88 1.652 0.00160782 
9.88 1.656 0.000972804 
9.88 1.66 0.000453883 
9.88 1.664 0.000162108 
9.88 1.668 4.68399e-05 
9.88 1.672 1.0349e-05 
9.88 1.676 1.81677e-06 
9.88 1.68 2.35115e-07 
9.88 1.684 2.43053e-08 
9.88 1.688 1.84227e-09 
9.88 1.692 1.03043e-10 
9.89 1.596 7.53302e-10 
9.89 1.6 7.08161e-09 
9.89 1.604 5.71175e-08 
9.89 1.608 3.77885e-07 
9.89 1.612 2.1959e-06 
9.89 1.616 1.02383e-05 
9.89 1.62 4.11046e-05 
9.89 1.624 0.000133835 
9.89 1.628 0.000349661 
9.89 1.632 0.000779329 
9.89 1.636 0.00135238 
9.89 1.64 0.00193867 
9.89 1.644 0.00227393 
9.89 1.648 0.00214256 
9.89 1.652 0.00159268 
9.89 1.656 0.000953583 
9.89 1.66 0.000439463 
9.89 1.664 0.000155886 
9.89 1.668 4.52872e-05 
9.89 1.672 1.02425e-05 
9.89 1.676 1.70207e-06 
9.89 1.68 2.2812e-07 
9.89 1.684 2.3823e-08 
9.89 1.688 1.80792e-09 
9.89 1.692 1.02244e-10 
9.9 1.596 7.38605e-10 
9.9 1.6 7.10948e-09 
9.9 1.604 5.63996e-08 
9.9 1.608 3.72262e-07 
9.9 1.612 2.15173e-06 
9.9 1.616 1.01892e-05 
9.9 1.62 3.90072e-05 
9.9 1.624 0.00013044 
9.9 1.628 0.000333192 
9.9 1.632 0.000727662 
9.9 1.636 0.00127145 
9.9 1.64 0.0018529 
9.9 1.644 0.00217097 
9.9 1.648 0.00202098 
9.9 1.652 0.00148045 
9.9 1.656 0.000914084 
9.9 1.66 0.000414849 
9.9 1.664 0.000152591 
9.9 1.668 4.39923e-05 
9.9 1.672 9.72708e-06 
9.9 1.676 1.69911e-06 
9.9 1.68 2.30149e-07 
9.9 1.684 2.17626e-08 
9.9 1.688 1.6862e-09 
9.91 1.596 7.48615e-10 
9.91 1.6 7.1979e-09 
9.91 1.604 5.60006e-08 
9.91 1.608 3.80636e-07 
9.91 1.612 2.08012e-06 
9.91 1.616 1.00724e-05 
9.91 1.62 3.92204e-05 
9.91 1.624 0.00012634 
9.91 1.628 0.000311802 
9.91 1.632 0.000720255 
9.91 1.636 0.00123593 
9.91 1.64 0.00175884 
9.91 1.644 0.00206395 
9.91 1.648 0.0019992 
9.91 1.652 0.00143883 
9.91 1.656 0.000862039 
9.91 1.66 0.00040741 
9.91 1.664 0.000151452 
9.91 1.668 4.30063e-05 
9.91 1.672 9.47029e-06 
9.91 1.676 1.61349e-06 
9.91 1.68 2.18667e-07 
9.91 1.684 2.16642e-08 
9.91 1.688 1.60548e-09 
9.92 1.596 7.48681e-10 
9.92 1.6 7.02088e-09 
9.92 1.604 5.7147e-08 
9.92 1.608 3.86132e-07 
9.92 1.612 2.15419e-06 
9.92 1.616 1.02317e-05 
9.92 1.62 3.88764e-05 
9.92 1.624 0.000120035 
9.92 1.628 0.000306724 
9.92 1.632 0.000670582 
9.92 1.636 0.00118589 
9.92 1.64 0.00170885 
9.92 1.644 0.00200515 
9.92 1.648 0.00184694 
9.92 1.652 0.00139343 
9.92 1.656 0.000848024 
9.92 1.66 0.000387794 
9.92 1.664 0.000146612 
9.92 1.668 4.18982e-05 
9.92 1.672 9.38972e-06 
9.92 1.676 1.61315e-06 
9.92 1.68 2.06384e-07 
9.92 1.684 2.08424e-08 
9.92 1.688 1.51823e-09 
9.93 1.596 7.34278e-10 
9.93 1.6 6.78716e-09 
9.93 1.604 5.58638e-08 
9.93 1.608 3.80359e-07 
9.93 1.612 2.09919e-06 
9.93 1.616 9.90865e-06 
9.93 1.62 3.69961e-05 
9.93 1.624 0.000116114 
9.93 1.628 0.000299622 
9.93 1.632 0.000666842 
9.93 1.636 0.00115706 
9.93 1.64 0.00168044 
9.93 1.644 0.00190908 
9.93 1.648 0.00187207 
9.93 1.652 0.0013752 
9.93 1.656 0.000829937 
9.93 1.66 0.000382609 
9.93 1.664 0.00014255 
9.93 1.668 4.0032e-05 
9.93 1.672 8.91128e-06 
9.93 1.676 1.50802e-06 
9.93 1.68 2.01434e-07 
9.93 1.684 1.99249e-08 
9.93 1.688 1.34414e-09 
9.94 1.596 7.35497e-10 
9.94 1.6 6.75742e-09 
9.94 1.604 5.18798e-08 
9.94 1.608 3.66818e-07 
9.94 1.612 2.00173e-06 
9.94 1.616 9.34903e-06 
9.94 1.62 3.44138e-05 
9.94 1.624 0.000112394 
9.94 1.628 0.000294217 
9.94 1.632 0.000641483 
9.94 1.636 0.00115166 
9.94 1.64 0.00167471 
9.94 1.644 0.0019134 
9.94 1.648 0.00180083 
9.94 1.652 0.00135718 
9.94 1.656 0.000808709 
9.94 1.66 0.000367266 
9.94 1.664 0.000132167 
9.94 1.668 3.74977e-05 
9.94 1.672 8.44692e-06 
9.94 1.676 1.437e-06 
9.94 1.68 1.83755e-07 
9.94 1.684 1.76649e-08 
9.94 1.688 1.29078e-09 
9.95 1.596 7.01201e-10 
9.95 1.6 6.6221e-09 
9.95 1.604 5.21106e-08 
9.95 1.608 3.36145e-07 
9.95 1.612 1.90604e-06 
9.95 1.616 8.67132e-06 
9.95 1.62 3.36691e-05 
9.95 1.624 0.000109528 
9.95 1.628 0.000285097 
9.95 1.632 0.000637655 
9.95 1.636 0.00113226 
9.95 1.64 0.0016249 
9.95 1.644 0.0019074 
9.95 1.648 0.00178762 
9.95 1.652 0.00132392 
9.95 1.656 0.000761408 
9.95 1.66 0.000344896 
9.95 1.664 0.000127089 
9.95 1.668 3.61613e-05 
9.95 1.672 7.70513e-06 
9.95 1.676 1.32351e-06 
9.95 1.68 1.66216e-07 
9.95 1.684 1.58154e-08 
9.95 1.688 1.2106e-09 
9.96 1.596 6.98693e-10 
9.96 1.6 6.3802e-09 
9.96 1.604 5.06396e-08 
9.96 1.608 3.29041e-07 
9.96 1.612 1.85672e-06 
9.96 1.616 8.56289e-06 
9.96 1.62 3.33515e-05 
9.96 1.624 0.00010819 
9.96 1.628 0.000283473 
9.96 1.632 0.000634892 
9.96 1.636 0.00110319 
9.96 1.64 0.00159594 
9.96 1.644 0.00187519 
9.96 1.648 0.0017088 
9.96 1.652 0.0012532 
9.96 1.656 0.000716294 
9.96 1.66 0.000333987 
9.96 1.664 0.000120121 
9.96 1.668 3.31293e-05 
9.96 1.672 7.31394e-06 
9.96 1.676 1.23293e-06 
9.96 1.68 1.57712e-07 
9.96 1.684 1.54841e-08 
9.96 1.688 1.11403e-09 
9.97 1.596 6.83993e-10 
9.97 1.6 6.35757e-09 
9.97 1.604 4.88921e-08 
9.97 1.608 3.2196e-07 
9.97 1.612 1.81836e-06 
9.97 1.616 8.44685e-06 
9.97 1.62 3.27883e-05 
9.97 1.624 0.000104795 
9.97 1.628 0.000276437 
9.97 1.632 0.000603757 
9.97 1.636 0.0010871 
9.97 1.64 0.00154795 
9.97 1.644 0.00185225 
9.97 1.648 0.00165361 
9.97 1.652 0.00117908 
9.97 1.656 0.000708321 
9.97 1.66 0.000318348 
9.97 1.664 0.000119641 
9.97 1.668 3.19237e-05 
9.97 1.672 7.02647e-06 
9.97 1.676 1.19185e-06 
9.97 1.68 1.51421e-07 
9.97 1.684 1.47551e-08 
9.97 1.688 1.12182e-09 
9.98 1.596 6.79183e-10 
9.98 1.6 6.15075e-09 
9.98 1.604 4.60157e-08 
9.98 1.608 3.20884e-07 
9.98 1.612 1.78007e-06 
9.98 1.616 8.39501e-06 
9.98 1.62 3.27727e-05 
9.98 1.624 0.000103322 
9.98 1.628 0.000271083 
9.98 1.632 0.000608552 
9.98 1.636 0.00105294 
9.98 1.64 0.00154801 
9.98 1.644 0.00178123 
9.98 1.648 0.00157231 
9.98 1.652 0.00118626 
9.98 1.656 0.000695433 
9.98 1.66 0.000314414 
9.98 1.664 0.000114471 
9.98 1.668 3.07707e-05 
9.98 1.672 6.92645e-06 
9.98 1.676 1.12451e-06 
9.98 1.68 1.45781e-07 
9.98 1.684 1.43124e-08 
9.98 1.688 1.01685e-09 
9.99 1.596 6.68063e-10 
9.99 1.6 6.066e-09 
9.99 1.604 4.873e-08 
9.99 1.608 3.2824e-07 
9.99 1.612 1.79592e-06 
9.99 1.616 8.38877e-06 
9.99 1.62 3.13609e-05 
9.99 1.624 0.000100197 
9.99 1.628 0.00027042 
9.99 1.632 0.000587222 
9.99 1.636 0.00103817 
9.99 1.64 0.00149748 
9.99 1.644 0.00171067 
9.99 1.648 0.00157619 
9.99 1.652 0.00115641 
9.99 1.656 0.000677768 
9.99 1.66 0.000308976 
9.99 1.664 0.000111846 
9.99 1.668 3.08587e-05 
9.99 1.672 6.61302e-06 
9.99 1.676 1.11792e-06 
9.99 1.68 1.38609e-07 
9.99 1.684 1.4193e-08 
9.99 1.688 9.9593e-10 
10 1.596 6.65002e-10 
10 1.6 5.91761e-09 
10 1.604 4.78501e-08 
10 1.608 3.23217e-07 
10 1.612 1.78899e-06 
10 1.616 8.05216e-06 
10 1.62 3.08846e-05 
10 1.624 9.90271e-05 
10 1.628 0.000265264 
10 1.632 0.000576426 
10 1.636 0.000993504 
10 1.64 0.00145222 
10 1.644 0.00167678 
10 1.648 0.00154704 
10 1.652 0.00115629 
10 1.656 0.000672948 
10 1.66 0.000308921 
10 1.664 0.000110597 
10 1.668 3.05885e-05 
10 1.672 6.56917e-06 
10 1.676 1.06991e-06 
10 1.68 1.43369e-07 
10 1.684 1.3241e-08 
10 1.688 9.68111e-10 
10.01 1.596 6.44911e-10 
10.01 1.6 6.11454e-09 
10.01 1.604 4.8187e-08 
10.01 1.608 3.20559e-07 
10.01 1.612 1.7228e-06 
10.01 1.616 8.07129e-06 
10.01 1.62 3.03922e-05 
10.01 1.624 9.95606e-05 
10.01 1.628 0.000258467 
10.01 1.632 0.00055944 
10.01 1.636 0.000991208 
10.01 1.64 0.00141378 
10.01 1.644 0.00161067 
10.01 1.648 0.00153644 
10.01 1.652 0.00111503 
10.01 1.656 0.000659341 
10.01 1.66 0.000305595 
10.01 1.664 0.0001103 
10.01 1.668 2.96171e-05 
10.01 1.672 6.33918e-06 
10.01 1.676 1.02695e-06 
10.01 1.68 1.26271e-07 
10.01 1.684 1.22288e-08 
10.01 1.688 8.7445e-10 
10.02 1.596 6.43175e-10 
10.02 1.6 5.87663e-09 
10.02 1.604 4.77709e-08 
10.02 1.608 3.13173e-07 
10.02 1.612 1.67844e-06 
10.02 1.616 7.96465e-06 
10.02 1.62 3.06926e-05 
10.02 1.624 9.66521e-05 
10.02 1.628 0.000256895 
10.02 1.632 0.000547827 
10.02 1.636 0.000970727 
10.02 1.64 0.00139087 
10.02 1.644 0.00156947 
10.02 1.648 0.00143628 
10.02 1.652 0.00106474 
10.02 1.656 0.000613278 
10.02 1.66 0.000288037 
10.02 1.664 0.000101716 
10.02 1.668 2.64745e-05 
10.02 1.672 5.18986e-06 
10.02 1.676 8.50388e-07 
10.02 1.68 1.07195e-07 
10.02 1.684 1.00066e-08 
10.02 1.688 7.78712e-10 
10.03 1.596 6.21498e-10 
10.03 1.6 5.9506e-09 
10.03 1.604 4.57629e-08 
10.03 1.608 2.90298e-07 
10.03 1.612 1.71645e-06 
10.03 1.616 7.91438e-06 
10.03 1.62 3.07097e-05 
10.03 1.624 9.95974e-05 
10.03 1.628 0.000254007 
10.03 1.632 0.000540048 
10.03 1.636 0.000959951 
10.03 1.64 0.00136168 
10.03 1.644 0.00152356 
10.03 1.648 0.0014208 
10.03 1.652 0.00101853 
10.03 1.656 0.000606291 
10.03 1.66 0.000277311 
10.03 1.664 9.4835e-05 
10.03 1.668 2.38162e-05 
10.03 1.672 4.81785e-06 
10.03 1.676 7.53068e-07 
10.03 1.68 9.52647e-08 
10.03 1.684 9.59965e-09 
10.03 1.688 6.98923e-10 
10.04 1.596 6.02733e-10 
10.04 1.6 5.72956e-09 
10.04 1.604 4.75004e-08 
10.04 1.608 3.02901e-07 
10.04 1.612 1.7162e-06 
10.04 1.616 7.93738e-06 
10.04 1.62 3.05063e-05 
10.04 1.624 9.54874e-05 
10.04 1.628 0.000250431 
10.04 1.632 0.000543397 
10.04 1.636 0.000933661 
10.04 1.64 0.00130841 
10.04 1.644 0.00150969 
10.04 1.648 0.00135252 
10.04 1.652 0.000992679 
10.04 1.656 0.000588837 
10.04 1.66 0.000263845 
10.04 1.664 8.83082e-05 
10.04 1.668 2.23278e-05 
10.04 1.672 4.52446e-06 
10.04 1.676 7.05998e-07 
10.04 1.68 9.32216e-08 
10.04 1.684 8.85955e-09 
10.04 1.688 6.73275e-10 
10.05 1.596 6.21542e-10 
10.05 1.6 5.76195e-09 
10.05 1.604 4.50988e-08 
10.05 1.608 2.96156e-07 
10.05 1.612 1.69043e-06 
10.05 1.616 7.71311e-06 
10.05 1.62 2.92028e-05 
10.05 1.624 9.44474e-05 
10.05 1.628 0.000246256 
10.05 1.632 0.000520856 
10.05 1.636 0.000906294 
10.05 1.64 0.00127334 
10.05 1.644 0.00140377 
10.05 1.648 0.00130534 
10.05 1.652 0.000959639 
10.05 1.656 0.000552146 
10.05 1.66 0.000250113 
10.05 1.664 8.55655e-05 
10.05 1.668 2.12167e-05 
10.05 1.672 4.2223e-06 
10.05 1.676 6.82018e-07 
10.05 1.68 9.12822e-08 
10.05 1.684 8.6239e-09 
10.05 1.688 6.15286e-10 
10.06 1.596 6.0491e-10 
10.06 1.6 5.65841e-09 
10.06 1.604 4.5336e-08 
10.06 1.608 2.90816e-07 
10.06 1.612 1.61749e-06 
10.06 1.616 7.57893e-06 
10.06 1.62 2.92827e-05 
10.06 1.624 9.07362e-05 
10.06 1.628 0.00023509 
10.06 1.632 0.0005145 
10.06 1.636 0.000876107 
10.06 1.64 0.00117648 
10.06 1.644 0.00135768 
10.06 1.648 0.00124093 
10.06 1.652 0.000916488 
10.06 1.656 0.000531992 
10.06 1.66 0.000242498 
10.06 1.664 8.24037e-05 
10.06 1.668 1.97109e-05 
10.06 1.672 4.08201e-06 
10.06 1.676 6.9159e-07 
10.06 1.68 8.54524e-08 
10.06 1.684 8.55959e-09 
10.06 1.688 6.20623e-10 
10.07 1.596 6.08368e-10 
10.07 1.6 5.58944e-09 
10.07 1.604 4.33058e-08 
10.07 1.608 2.90572e-07 
10.07 1.612 1.61606e-06 
10.07 1.616 7.32827e-06 
10.07 1.62 2.79362e-05 
10.07 1.624 8.92907e-05 
10.07 1.628 0.000232653 
10.07 1.632 0.000487883 
10.07 1.636 0.000804976 
10.07 1.64 0.00112196 
10.07 1.644 0.00127625 
10.07 1.648 0.00118727 
10.07 1.652 0.000848739 
10.07 1.656 0.000495929 
10.07 1.66 0.000226494 
10.07 1.664 7.6771e-05 
10.07 1.668 1.92691e-05 
10.07 1.672 3.89897e-06 
10.07 1.676 6.57871e-07 
10.07 1.68 8.27794e-08 
10.07 1.684 8.21854e-09 
10.07 1.688 6.10524e-10 
10.08 1.596 6.11853e-10 
10.08 1.6 5.6485e-09 
10.08 1.604 4.25559e-08 
10.08 1.608 2.76706e-07 
10.08 1.612 1.54636e-06 
10.08 1.616 7.15979e-06 
10.08 1.62 2.73931e-05 
10.08 1.624 8.70191e-05 
10.08 1.628 0.000215213 
10.08 1.632 0.000416689 
10.08 1.636 0.000658844 
10.08 1.64 0.000911252 
10.08 1.644 0.00102413 
10.08 1.648 0.000960863 
10.08 1.652 0.00068854 
10.08 1.656 0.000393043 
10.08 1.66 0.000176726 
10.08 1.664 6.41724e-05 
10.08 1.668 1.68894e-05 
10.08 1.672 3.84245e-06 
10.08 1.676 6.20411e-07 
10.08 1.68 7.9627e-08 
10.08 1.684 8.20895e-09 
10.08 1.688 5.78373e-10 
10.09 1.596 5.99996e-10 
10.09 1.6 5.34995e-09 
10.09 1.604 4.04805e-08 
10.09 1.608 2.6817e-07 
10.09 1.612 1.50572e-06 
10.09 1.616 6.902e-06 
10.09 1.62 2.57526e-05 
10.09 1.624 8.21795e-05 
10.09 1.628 0.000205782 
10.09 1.632 0.000401098 
10.09 1.636 0.000643687 
10.09 1.64 0.000894871 
10.09 1.644 0.00102767 
10.09 1.648 0.00091685 
10.09 1.652 0.000673416 
10.09 1.656 0.000394649 
10.09 1.66 0.000175054 
10.09 1.664 6.12353e-05 
10.09 1.668 1.66285e-05 
10.09 1.672 3.60931e-06 
10.09 1.676 6.27021e-07 
10.09 1.68 7.82859e-08 
10.09 1.684 7.71009e-09 
10.09 1.688 5.6136e-10 
10.1 1.596 5.85988e-10 
10.1 1.6 5.36896e-09 
10.1 1.604 3.99949e-08 
10.1 1.608 2.59315e-07 
10.1 1.612 1.47719e-06 
10.1 1.616 6.79103e-06 
10.1 1.62 2.55003e-05 
10.1 1.624 8.00685e-05 
10.1 1.628 0.000195353 
10.1 1.632 0.000386363 
10.1 1.636 0.000634069 
10.1 1.64 0.000892029 
10.1 1.644 0.0010132 
10.1 1.648 0.00092498 
10.1 1.652 0.000678937 
10.1 1.656 0.000386776 
10.1 1.66 0.000175857 
10.1 1.664 6.1523e-05 
10.1 1.668 1.66318e-05 
10.1 1.672 3.58798e-06 
10.1 1.676 5.76288e-07 
10.1 1.68 7.85317e-08 
10.1 1.684 7.31398e-09 
10.1 1.688 5.72289e-10 
10.11 1.596 5.74076e-10 
10.11 1.6 5.37489e-09 
10.11 1.604 4.10307e-08 
10.11 1.608 2.57698e-07 
10.11 1.612 1.42733e-06 
10.11 1.616 6.60599e-06 
10.11 1.62 2.52286e-05 
10.11 1.624 7.70661e-05 
10.11 1.628 0.000192647 
10.11 1.632 0.000372545 
10.11 1.636 0.000639794 
10.11 1.64 0.000876084 
10.11 1.644 0.00100597 
10.11 1.648 0.000933763 
10.11 1.652 0.000670534 
10.11 1.656 0.000388744 
10.11 1.66 0.000172323 
10.11 1.664 6.45874e-05 
10.11 1.668 1.61313e-05 
10.11 1.672 3.50584e-06 
10.11 1.676 5.8369e-07 
10.11 1.68 7.19493e-08 
10.11 1.684 7.28398e-09 
10.11 1.688 5.27272e-10 
10.12 1.596 5.34943e-10 
10.12 1.6 5.12386e-09 
10.12 1.604 3.95365e-08 
10.12 1.608 2.51424e-07 
10.12 1.612 1.41326e-06 
10.12 1.616 6.29467e-06 
10.12 1.62 2.46332e-05 
10.12 1.624 7.44152e-05 
10.12 1.628 0.000180464 
10.12 1.632 0.000357197 
10.12 1.636 0.000626834 
10.12 1.64 0.000876658 
10.12 1.644 0.000999728 
10.12 1.648 0.000907512 
10.12 1.652 0.000657806 
10.12 1.656 0.000383976 
10.12 1.66 0.000178386 
10.12 1.664 6.14553e-05 
10.12 1.668 1.57655e-05 
10.12 1.672 3.26715e-06 
10.12 1.676 5.50146e-07 
10.12 1.68 7.07012e-08 
10.12 1.684 6.79232e-09 
10.12 1.688 4.86843e-10 
10.13 1.596 4.89162e-10 
10.13 1.6 4.49269e-09 
10.13 1.604 3.65701e-08 
10.13 1.608 2.29607e-07 
10.13 1.612 1.26797e-06 
10.13 1.616 5.76635e-06 
10.13 1.62 2.15869e-05 
10.13 1.624 6.78559e-05 
10.13 1.628 0.000166506 
10.13 1.632 0.000359524 
10.13 1.636 0.000617439 
10.13 1.64 0.000875769 
10.13 1.644 0.000990136 
10.13 1.648 0.000896198 
10.13 1.652 0.0006566 
10.13 1.656 0.00037535 
10.13 1.66 0.000171057 
10.13 1.664 5.77617e-05 
10.13 1.668 1.44235e-05 
10.13 1.672 3.24549e-06 
10.13 1.676 5.13475e-07 
10.13 1.68 6.7166e-08 
10.13 1.684 6.26936e-09 
10.13 1.688 4.63835e-10 
10.14 1.596 4.77212e-10 
10.14 1.6 4.37435e-09 
10.14 1.604 3.39124e-08 
10.14 1.608 2.28867e-07 
10.14 1.612 1.25656e-06 
10.14 1.616 5.55442e-06 
10.14 1.62 2.09292e-05 
10.14 1.624 6.44365e-05 
10.14 1.628 0.000163586 
10.14 1.632 0.000345102 
10.14 1.636 0.000583829 
10.14 1.64 0.000833115 
10.14 1.644 0.000930746 
10.14 1.648 0.000879449 
10.14 1.652 0.000611929 
10.14 1.656 0.000359969 
10.14 1.66 0.000153952 
10.14 1.664 5.51416e-05 
10.14 1.668 1.42624e-05 
10.14 1.672 2.98325e-06 
10.14 1.676 4.97213e-07 
10.14 1.68 6.30872e-08 
10.14 1.684 5.75831e-09 
10.14 1.688 4.27497e-10 
