#logage logr JPDF
9.66 1.688 2.54071e-10 
9.66 1.692 1.42326e-10 
9.67 1.684 3.7714e-10 
9.67 1.688 7.02727e-10 
9.67 1.692 2.67854e-10 
9.68 1.68 1.59583e-10 
9.68 1.684 1.5914e-09 
9.68 1.688 1.50862e-09 
9.68 1.692 5.03337e-10 
9.69 1.68 1.5156e-09 
9.69 1.684 4.74724e-09 
9.69 1.688 3.01372e-09 
9.69 1.692 7.14489e-10 
9.7 1.676 1.64566e-09 
9.7 1.68 7.01e-09 
9.7 1.684 1.13968e-08 
9.7 1.688 5.32211e-09 
9.7 1.692 9.53817e-10 
9.71 1.672 1.67741e-09 
9.71 1.676 5.10693e-09 
9.71 1.68 2.64388e-08 
9.71 1.684 2.44611e-08 
9.71 1.688 8.81946e-09 
9.71 1.692 1.32853e-09 
9.72 1.672 1.73254e-09 
9.72 1.676 2.3975e-08 
9.72 1.68 6.8297e-08 
9.72 1.684 4.58383e-08 
9.72 1.688 1.25155e-08 
9.72 1.692 1.63939e-09 
9.72 1.696 1.06986e-10 
9.73 1.672 7.49682e-09 
9.73 1.676 9.88712e-08 
9.73 1.68 1.48744e-07 
9.73 1.684 7.62091e-08 
9.73 1.688 1.72365e-08 
9.73 1.692 1.94467e-09 
9.73 1.696 1.2099e-10 
9.74 1.672 5.16047e-08 
9.74 1.676 2.70244e-07 
9.74 1.68 2.98552e-07 
9.74 1.684 1.15844e-07 
9.74 1.688 2.16494e-08 
9.74 1.692 2.15297e-09 
9.74 1.696 1.26948e-10 
9.75 1.672 2.56809e-07 
9.75 1.676 6.54268e-07 
9.75 1.68 5.26464e-07 
9.75 1.684 1.62004e-07 
9.75 1.688 2.66671e-08 
9.75 1.692 2.34088e-09 
9.75 1.696 1.4168e-10 
9.76 1.668 5.40788e-08 
9.76 1.672 8.25631e-07 
9.76 1.676 1.41075e-06 
9.76 1.68 8.35569e-07 
9.76 1.684 2.24349e-07 
9.76 1.688 2.99659e-08 
9.76 1.692 2.60475e-09 
9.76 1.696 1.51728e-10 
9.77 1.668 4.35414e-07 
9.77 1.672 2.27874e-06 
9.77 1.676 2.52571e-06 
9.77 1.68 1.25479e-06 
9.77 1.684 2.7383e-07 
9.77 1.688 3.43513e-08 
9.77 1.692 2.81787e-09 
9.77 1.696 1.692e-10 
9.78 1.668 2.11954e-06 
9.78 1.672 4.92721e-06 
9.78 1.676 4.2229e-06 
9.78 1.68 1.6826e-06 
9.78 1.684 3.24511e-07 
9.78 1.688 3.69135e-08 
9.78 1.692 2.9599e-09 
9.78 1.696 1.69892e-10 
9.79 1.664 6.77536e-07 
9.79 1.668 6.02662e-06 
9.79 1.672 9.51576e-06 
9.79 1.676 6.47013e-06 
9.79 1.68 2.14571e-06 
9.79 1.684 3.73518e-07 
9.79 1.688 4.05021e-08 
9.79 1.692 3.18585e-09 
9.79 1.696 1.88758e-10 
9.8 1.66 5.91791e-07 
9.8 1.664 3.63527e-06 
9.8 1.668 1.41818e-05 
9.8 1.672 1.68326e-05 
9.8 1.676 9.4938e-06 
9.8 1.68 2.59648e-06 
9.8 1.684 3.92539e-07 
9.8 1.688 4.28889e-08 
9.8 1.692 3.52924e-09 
9.8 1.696 1.93201e-10 
9.81 1.656 3.40273e-07 
9.81 1.66 1.07131e-06 
9.81 1.664 1.11978e-05 
9.81 1.668 2.73258e-05 
9.81 1.672 2.71074e-05 
9.81 1.676 1.27368e-05 
9.81 1.68 3.09346e-06 
9.81 1.684 4.52102e-07 
9.81 1.688 4.67287e-08 
9.81 1.692 3.62033e-09 
9.81 1.696 2.15898e-10 
9.82 1.656 2.24212e-07 
9.82 1.66 4.7191e-06 
9.82 1.664 2.67139e-05 
9.82 1.668 5.02639e-05 
9.82 1.672 4.04093e-05 
9.82 1.676 1.54508e-05 
9.82 1.68 3.33033e-06 
9.82 1.684 5.01691e-07 
9.82 1.688 4.89037e-08 
9.82 1.692 3.82257e-09 
9.82 1.696 2.27424e-10 
9.83 1.652 1.39572e-07 
9.83 1.656 9.365e-07 
9.83 1.66 1.30083e-05 
9.83 1.664 5.15525e-05 
9.83 1.668 7.47065e-05 
9.83 1.672 5.20367e-05 
9.83 1.676 1.81947e-05 
9.83 1.68 3.51913e-06 
9.83 1.684 4.79664e-07 
9.83 1.688 5.0624e-08 
9.83 1.692 3.95276e-09 
9.83 1.696 2.338e-10 
9.84 1.652 1.69072e-07 
9.84 1.656 3.4927e-06 
9.84 1.66 3.88161e-05 
9.84 1.664 0.000104409 
9.84 1.668 0.000117452 
9.84 1.672 6.7506e-05 
9.84 1.676 2.06674e-05 
9.84 1.68 3.77523e-06 
9.84 1.684 5.24454e-07 
9.84 1.688 5.56135e-08 
9.84 1.692 4.18365e-09 
9.84 1.696 2.51987e-10 
9.85 1.652 1.34614e-07 
9.85 1.656 1.34774e-05 
9.85 1.66 9.06915e-05 
9.85 1.664 0.00018247 
9.85 1.668 0.000167275 
9.85 1.672 8.45032e-05 
9.85 1.676 2.3404e-05 
9.85 1.68 3.99362e-06 
9.85 1.684 5.62779e-07 
9.85 1.688 5.95822e-08 
9.85 1.692 4.76099e-09 
9.85 1.696 2.74427e-10 
9.86 1.652 1.2965e-06 
9.86 1.656 4.72627e-05 
9.86 1.66 0.000180875 
9.86 1.664 0.000283799 
9.86 1.668 0.00022816 
9.86 1.672 9.58634e-05 
9.86 1.676 2.45458e-05 
9.86 1.68 4.38974e-06 
9.86 1.684 6.00246e-07 
9.86 1.688 6.17809e-08 
9.86 1.692 4.83609e-09 
9.86 1.696 3.00686e-10 
9.87 1.652 1.32162e-05 
9.87 1.656 0.000113687 
9.87 1.66 0.000313837 
9.87 1.664 0.000436282 
9.87 1.668 0.00027629 
9.87 1.672 0.000106648 
9.87 1.676 2.62395e-05 
9.87 1.68 4.81874e-06 
9.87 1.684 6.27544e-07 
9.87 1.688 6.44792e-08 
9.87 1.692 5.24708e-09 
9.87 1.696 3.16153e-10 
9.88 1.648 4.69969e-07 
9.88 1.652 4.30006e-05 
9.88 1.656 0.000230015 
9.88 1.66 0.000514042 
9.88 1.664 0.000602153 
9.88 1.668 0.000338344 
9.88 1.672 0.000116133 
9.88 1.676 2.84315e-05 
9.88 1.68 5.01798e-06 
9.88 1.684 6.94565e-07 
9.88 1.688 7.16517e-08 
9.88 1.692 5.53997e-09 
9.88 1.696 3.20248e-10 
9.89 1.648 6.35649e-06 
9.89 1.652 0.000100087 
9.89 1.656 0.000380599 
9.89 1.66 0.000824768 
9.89 1.664 0.000749839 
9.89 1.668 0.00040559 
9.89 1.672 0.00013115 
9.89 1.676 2.91399e-05 
9.89 1.68 5.18897e-06 
9.89 1.684 7.34288e-07 
9.89 1.688 7.56653e-08 
9.89 1.692 6.05425e-09 
9.89 1.696 3.60211e-10 
9.9 1.648 2.16325e-05 
9.9 1.652 0.00020566 
9.9 1.656 0.000682642 
9.9 1.66 0.00118647 
9.9 1.664 0.000932823 
9.9 1.668 0.000435717 
9.9 1.672 0.000135097 
9.9 1.676 3.13927e-05 
9.9 1.68 5.72765e-06 
9.9 1.684 7.53612e-07 
9.9 1.688 7.82071e-08 
9.9 1.692 6.4603e-09 
9.9 1.696 3.81177e-10 
9.91 1.64 8.41425e-07 
9.91 1.644 3.30147e-06 
9.91 1.648 5.56891e-05 
9.91 1.652 0.000373281 
9.91 1.656 0.00106765 
9.91 1.66 0.00153104 
9.91 1.664 0.0011093 
9.91 1.668 0.000476149 
9.91 1.672 0.00013645 
9.91 1.676 3.35383e-05 
9.91 1.68 5.98496e-06 
9.91 1.684 8.51814e-07 
9.91 1.688 8.63566e-08 
9.91 1.692 6.3045e-09 
9.91 1.696 3.77166e-10 
9.92 1.64 1.52547e-06 
9.92 1.644 7.77699e-06 
9.92 1.648 0.000130062 
9.92 1.652 0.000665204 
9.92 1.656 0.00181082 
9.92 1.66 0.00186526 
9.92 1.664 0.00122357 
9.92 1.668 0.000502225 
9.92 1.672 0.000157905 
9.92 1.676 3.64347e-05 
9.92 1.68 6.46183e-06 
9.92 1.684 8.8971e-07 
9.92 1.688 9.17661e-08 
9.92 1.692 6.79832e-09 
9.92 1.696 4.02161e-10 
9.93 1.636 2.24317e-07 
9.93 1.64 2.23202e-06 
9.93 1.644 2.29224e-05 
9.93 1.648 0.000299757 
9.93 1.652 0.00121355 
9.93 1.656 0.0022853 
9.93 1.66 0.00222207 
9.93 1.664 0.00133095 
9.93 1.668 0.000535129 
9.93 1.672 0.000161211 
9.93 1.676 3.78336e-05 
9.93 1.68 6.95445e-06 
9.93 1.684 9.57442e-07 
9.93 1.688 9.19038e-08 
9.93 1.692 7.07318e-09 
9.93 1.696 4.16092e-10 
9.94 1.636 3.35646e-07 
9.94 1.64 2.5795e-06 
9.94 1.644 6.9592e-05 
9.94 1.648 0.000585637 
9.94 1.652 0.00197198 
9.94 1.656 0.00310985 
9.94 1.66 0.00256538 
9.94 1.664 0.00137514 
9.94 1.668 0.00055026 
9.94 1.672 0.000172883 
9.94 1.676 3.95004e-05 
9.94 1.68 7.00749e-06 
9.94 1.684 9.36384e-07 
9.94 1.688 9.63096e-08 
9.94 1.692 7.112e-09 
9.94 1.696 4.59519e-10 
9.95 1.636 1.54792e-07 
9.95 1.64 6.04861e-06 
9.95 1.644 0.000173554 
9.95 1.648 0.000973641 
9.95 1.652 0.00310917 
9.95 1.656 0.0036617 
9.95 1.66 0.00288678 
9.95 1.664 0.00149711 
9.95 1.668 0.00059179 
9.95 1.672 0.000171942 
9.95 1.676 4.02711e-05 
9.95 1.68 7.14628e-06 
9.95 1.684 9.59461e-07 
9.95 1.688 9.87892e-08 
9.95 1.692 7.51521e-09 
9.95 1.696 4.20778e-10 
9.96 1.632 1.35749e-08 
9.96 1.636 1.82661e-07 
9.96 1.64 2.45377e-05 
9.96 1.644 0.000333526 
9.96 1.648 0.00178414 
9.96 1.652 0.0037321 
9.96 1.656 0.00422051 
9.96 1.66 0.00311599 
9.96 1.664 0.00157961 
9.96 1.668 0.000616942 
9.96 1.672 0.000181915 
9.96 1.676 4.26711e-05 
9.96 1.68 7.59329e-06 
9.96 1.684 1.0194e-06 
9.96 1.688 1.00323e-07 
9.96 1.692 8.07373e-09 
9.96 1.696 4.72661e-10 
9.97 1.636 1.21896e-07 
9.97 1.64 7.87654e-05 
9.97 1.644 0.000666349 
9.97 1.648 0.00245998 
9.97 1.652 0.00457731 
9.97 1.656 0.00481606 
9.97 1.66 0.00338245 
9.97 1.664 0.00169423 
9.97 1.668 0.000638755 
9.97 1.672 0.000196184 
9.97 1.676 4.5533e-05 
9.97 1.68 7.93446e-06 
9.97 1.684 1.07488e-06 
9.97 1.688 1.12942e-07 
9.97 1.692 8.28996e-09 
9.97 1.696 4.50396e-10 
9.98 1.636 8.1417e-06 
9.98 1.64 0.000149351 
9.98 1.644 0.00104874 
9.98 1.648 0.00338036 
9.98 1.652 0.00551455 
9.98 1.656 0.00542865 
9.98 1.66 0.00355506 
9.98 1.664 0.00181801 
9.98 1.668 0.000683031 
9.98 1.672 0.000204851 
9.98 1.676 4.73208e-05 
9.98 1.68 8.82608e-06 
9.98 1.684 1.14722e-06 
9.98 1.688 1.15039e-07 
9.98 1.692 9.57308e-09 
9.98 1.696 5.17444e-10 
9.99 1.632 1.23289e-06 
9.99 1.636 1.70775e-05 
9.99 1.64 0.000282327 
9.99 1.644 0.00162871 
9.99 1.648 0.00465433 
9.99 1.652 0.00641796 
9.99 1.656 0.00607744 
9.99 1.66 0.00388038 
9.99 1.664 0.00192856 
9.99 1.668 0.000736627 
9.99 1.672 0.000224256 
9.99 1.676 5.08368e-05 
9.99 1.68 8.88774e-06 
9.99 1.684 1.25419e-06 
9.99 1.688 1.25901e-07 
9.99 1.692 8.93001e-09 
9.99 1.696 5.44106e-10 
10 1.632 1.32714e-06 
10 1.636 5.22886e-05 
10 1.64 0.000503929 
10 1.644 0.00254743 
10 1.648 0.00567559 
10 1.652 0.00757709 
10 1.656 0.00662164 
10 1.66 0.00417743 
10 1.664 0.00208742 
10 1.668 0.00079862 
10 1.672 0.000226536 
10 1.676 5.63284e-05 
10 1.68 9.85514e-06 
10 1.684 1.21364e-06 
10 1.688 1.23891e-07 
10 1.692 9.78573e-09 
10 1.696 5.24574e-10 
10.01 1.628 7.02012e-08 
10.01 1.632 1.75841e-06 
10.01 1.636 9.47875e-05 
10.01 1.64 0.000878609 
10.01 1.644 0.00348775 
10.01 1.648 0.00699979 
10.01 1.652 0.00848291 
10.01 1.656 0.00697985 
10.01 1.66 0.00445971 
10.01 1.664 0.00219931 
10.01 1.668 0.000835465 
10.01 1.672 0.000255067 
10.01 1.676 5.75452e-05 
10.01 1.68 9.52051e-06 
10.01 1.684 1.27132e-06 
10.01 1.688 1.2503e-07 
10.01 1.692 9.22803e-09 
10.01 1.696 5.65004e-10 
10.02 1.628 1.53366e-07 
10.02 1.632 6.92921e-06 
10.02 1.636 0.000180527 
10.02 1.64 0.00137849 
10.02 1.644 0.00461584 
10.02 1.648 0.00807631 
10.02 1.652 0.00940924 
10.02 1.656 0.00736086 
10.02 1.66 0.00463802 
10.02 1.664 0.0023172 
10.02 1.668 0.000883715 
10.02 1.672 0.000247826 
10.02 1.676 5.88893e-05 
10.02 1.68 9.6382e-06 
10.02 1.684 1.17605e-06 
10.02 1.688 1.30867e-07 
10.02 1.692 9.92481e-09 
10.02 1.696 5.37507e-10 
10.03 1.624 1.23828e-08 
10.03 1.628 2.06134e-07 
10.03 1.632 2.18231e-05 
10.03 1.636 0.000321005 
10.03 1.64 0.00202433 
10.03 1.644 0.00568935 
10.03 1.648 0.00931873 
10.03 1.652 0.00980463 
10.03 1.656 0.00790869 
10.03 1.66 0.0049503 
10.03 1.664 0.00238468 
10.03 1.668 0.000906658 
10.03 1.672 0.000264649 
10.03 1.676 5.49705e-05 
10.03 1.68 9.55027e-06 
10.03 1.684 1.31225e-06 
10.03 1.688 1.26543e-07 
10.03 1.692 1.01276e-08 
10.03 1.696 5.85989e-10 
10.04 1.624 2.05442e-08 
10.04 1.628 9.61675e-07 
10.04 1.632 4.82563e-05 
10.04 1.636 0.000554319 
10.04 1.64 0.00268985 
10.04 1.644 0.00688771 
10.04 1.648 0.0101344 
10.04 1.652 0.0105077 
10.04 1.656 0.00816043 
10.04 1.66 0.00521641 
10.04 1.664 0.00256703 
10.04 1.668 0.000914731 
10.04 1.672 0.000274111 
10.04 1.676 5.85444e-05 
10.04 1.68 9.75313e-06 
10.04 1.684 1.34121e-06 
10.04 1.688 1.40295e-07 
10.04 1.692 1.03135e-08 
10.04 1.696 6.07174e-10 
10.05 1.624 1.17254e-08 
10.05 1.628 2.5956e-06 
10.05 1.632 9.1567e-05 
10.05 1.636 0.00076405 
10.05 1.64 0.00348519 
10.05 1.644 0.00754845 
10.05 1.648 0.0106408 
10.05 1.652 0.0107707 
10.05 1.656 0.00870389 
10.05 1.66 0.005431 
10.05 1.664 0.0025372 
10.05 1.668 0.000986523 
10.05 1.672 0.000277274 
10.05 1.676 5.92696e-05 
10.05 1.68 1.08413e-05 
10.05 1.684 1.42539e-06 
10.05 1.688 1.37318e-07 
10.05 1.692 1.13396e-08 
10.05 1.696 6.09882e-10 
10.06 1.62 7.54938e-10 
10.06 1.624 5.04987e-08 
10.06 1.628 8.76522e-06 
10.06 1.632 0.000144448 
10.06 1.636 0.00113415 
10.06 1.64 0.00391455 
10.06 1.644 0.00812273 
10.06 1.648 0.0111767 
10.06 1.652 0.0111239 
10.06 1.656 0.00880659 
10.06 1.66 0.00549381 
10.06 1.664 0.00274107 
10.06 1.668 0.00096373 
10.06 1.672 0.000294985 
10.06 1.676 6.50316e-05 
10.06 1.68 1.06091e-05 
10.06 1.684 1.53877e-06 
10.06 1.688 1.53487e-07 
10.06 1.692 1.15217e-08 
10.06 1.696 6.61106e-10 
10.07 1.62 1.32645e-09 
10.07 1.624 2.24163e-07 
10.07 1.628 2.03539e-05 
10.07 1.632 0.000242804 
10.07 1.636 0.00155914 
10.07 1.64 0.00473465 
10.07 1.644 0.00902314 
10.07 1.648 0.011451 
10.07 1.652 0.0113816 
10.07 1.656 0.00922771 
10.07 1.66 0.00577402 
10.07 1.664 0.00272698 
10.07 1.668 0.00105323 
10.07 1.672 0.000287089 
10.07 1.676 6.83032e-05 
10.07 1.68 1.19202e-05 
10.07 1.684 1.53009e-06 
10.07 1.688 1.63816e-07 
10.07 1.692 1.24359e-08 
10.07 1.696 6.97272e-10 
10.08 1.62 1.56259e-09 
10.08 1.624 9.65362e-07 
10.08 1.628 4.01942e-05 
10.08 1.632 0.000412332 
10.08 1.636 0.00196677 
10.08 1.64 0.00531585 
10.08 1.644 0.00900454 
10.08 1.648 0.0114918 
10.08 1.652 0.0114303 
10.08 1.656 0.00896022 
10.08 1.66 0.00552667 
10.08 1.664 0.00279121 
10.08 1.668 0.000995261 
10.08 1.672 0.000314335 
10.08 1.676 6.99357e-05 
10.08 1.68 1.23423e-05 
10.08 1.684 1.72645e-06 
10.08 1.688 1.62505e-07 
10.08 1.692 1.35617e-08 
10.08 1.696 7.1491e-10 
10.09 1.62 1.25382e-08 
10.09 1.624 3.10041e-06 
10.09 1.628 6.80093e-05 
10.09 1.632 0.000616316 
10.09 1.636 0.00238295 
10.09 1.64 0.00593791 
10.09 1.644 0.00963667 
10.09 1.648 0.0120168 
10.09 1.652 0.0117588 
10.09 1.656 0.00948979 
10.09 1.66 0.00573982 
10.09 1.664 0.00286141 
10.09 1.668 0.00109492 
10.09 1.672 0.000314471 
10.09 1.676 7.82719e-05 
10.09 1.68 1.27301e-05 
10.09 1.684 1.78229e-06 
10.09 1.688 1.79202e-07 
10.09 1.692 1.33388e-08 
10.09 1.696 7.6432e-10 
10.1 1.62 8.08729e-08 
10.1 1.624 7.16857e-06 
10.1 1.628 0.000109309 
10.1 1.632 0.000846492 
10.1 1.636 0.00286962 
10.1 1.64 0.00660791 
10.1 1.644 0.0100498 
10.1 1.648 0.0130529 
10.1 1.652 0.0128155 
10.1 1.656 0.00971191 
10.1 1.66 0.00630359 
10.1 1.664 0.0029823 
10.1 1.668 0.00117373 
10.1 1.672 0.000350395 
10.1 1.676 7.50582e-05 
10.1 1.68 1.43961e-05 
10.1 1.684 1.80439e-06 
10.1 1.688 1.94745e-07 
10.1 1.692 1.36853e-08 
10.1 1.696 8.09794e-10 
10.11 1.62 2.24663e-07 
10.11 1.624 1.41517e-05 
10.11 1.628 0.00018091 
10.11 1.632 0.00107993 
10.11 1.636 0.00338771 
10.11 1.64 0.0071114 
10.11 1.644 0.0109491 
10.11 1.648 0.0137053 
10.11 1.652 0.013432 
10.11 1.656 0.0109004 
10.11 1.66 0.00636281 
10.11 1.664 0.00334824 
10.11 1.668 0.00120549 
10.11 1.672 0.000370908 
10.11 1.676 8.38653e-05 
10.11 1.68 1.45204e-05 
10.11 1.684 1.98749e-06 
10.11 1.688 1.86758e-07 
10.11 1.692 1.40746e-08 
10.11 1.696 7.68316e-10 
10.12 1.616 1.7826e-09 
10.12 1.62 9.68304e-07 
10.12 1.624 2.19915e-05 
10.12 1.628 0.000230468 
10.12 1.632 0.00122885 
10.12 1.636 0.00361804 
10.12 1.64 0.00765233 
10.12 1.644 0.0116302 
10.12 1.648 0.0146054 
10.12 1.652 0.0141655 
10.12 1.656 0.0114019 
10.12 1.66 0.00709972 
10.12 1.664 0.00337821 
10.12 1.668 0.00127952 
10.12 1.672 0.000359041 
10.12 1.676 8.39719e-05 
10.12 1.68 1.4816e-05 
10.12 1.684 1.89028e-06 
10.12 1.688 1.9223e-07 
10.12 1.692 1.41414e-08 
10.12 1.696 7.60847e-10 
10.13 1.616 1.72088e-08 
10.13 1.62 1.93777e-06 
10.13 1.624 3.58737e-05 
10.13 1.628 0.000325966 
10.13 1.632 0.00143718 
10.13 1.636 0.00404957 
10.13 1.64 0.00808114 
10.13 1.644 0.0124763 
10.13 1.648 0.0151604 
10.13 1.652 0.0154553 
10.13 1.656 0.0120154 
10.13 1.66 0.00736149 
10.13 1.664 0.00350939 
10.13 1.668 0.00122493 
10.13 1.672 0.00038391 
10.13 1.676 8.2218e-05 
10.13 1.68 1.51904e-05 
10.13 1.684 1.89126e-06 
10.13 1.688 1.92415e-07 
10.13 1.692 1.36794e-08 
10.13 1.696 7.70242e-10 
10.14 1.616 6.80946e-08 
10.14 1.62 4.13631e-06 
10.14 1.624 5.55402e-05 
10.14 1.628 0.000421528 
10.14 1.632 0.0016735 
10.14 1.636 0.0043878 
10.14 1.64 0.00864439 
10.14 1.644 0.0128579 
10.14 1.648 0.0169722 
10.14 1.652 0.0157812 
10.14 1.656 0.0129044 
10.14 1.66 0.007512 
10.14 1.664 0.00366944 
10.14 1.668 0.0013049 
10.14 1.672 0.000385533 
10.14 1.676 8.92557e-05 
10.14 1.68 1.4849e-05 
10.14 1.684 1.94475e-06 
10.14 1.688 1.93014e-07 
10.14 1.692 1.48516e-08 
10.14 1.696 8.14402e-10 
