#logage logr JPDF
9.04 1.664 1.35967e-07 
9.04 1.668 1.1021e-07 
9.04 1.672 3.24149e-08 
9.04 1.676 9.5136e-09 
9.04 1.68 1.47743e-09 
9.04 1.684 2.6152e-10 
9.05 1.632 1.8996e-07 
9.05 1.636 7.41363e-07 
9.05 1.64 1.60233e-06 
9.05 1.644 3.51741e-06 
9.05 1.648 4.78824e-06 
9.05 1.652 4.53325e-06 
9.05 1.656 4.48768e-06 
9.05 1.66 2.69251e-06 
9.05 1.664 1.28733e-06 
9.05 1.668 5.64966e-07 
9.05 1.672 1.38864e-07 
9.05 1.676 3.63117e-08 
9.05 1.68 6.96892e-09 
9.05 1.684 7.77423e-10 
9.06 1.616 8.43155e-10 
9.06 1.62 9.00117e-09 
9.06 1.624 5.4362e-08 
9.06 1.628 2.82316e-07 
9.06 1.632 9.25689e-07 
9.06 1.636 2.45677e-06 
9.06 1.64 4.99943e-06 
9.06 1.644 8.76047e-06 
9.06 1.648 1.08351e-05 
9.06 1.652 1.0795e-05 
9.06 1.656 8.93624e-06 
9.06 1.66 5.64198e-06 
9.06 1.664 2.68612e-06 
9.06 1.668 1.01883e-06 
9.06 1.672 3.0228e-07 
9.06 1.676 6.5684e-08 
9.06 1.68 1.19952e-08 
9.06 1.684 1.50793e-09 
9.06 1.688 1.38473e-10 
9.07 1.616 9.81197e-10 
9.07 1.62 1.08913e-08 
9.07 1.624 6.21685e-08 
9.07 1.628 2.98324e-07 
9.07 1.632 9.84274e-07 
9.07 1.636 2.69229e-06 
9.07 1.64 5.56491e-06 
9.07 1.644 1.0251e-05 
9.07 1.648 1.33981e-05 
9.07 1.652 1.40713e-05 
9.07 1.656 1.16681e-05 
9.07 1.66 7.42225e-06 
9.07 1.664 3.70498e-06 
9.07 1.668 1.36926e-06 
9.07 1.672 4.06292e-07 
9.07 1.676 8.8877e-08 
9.07 1.68 1.6015e-08 
9.07 1.684 1.9351e-09 
9.07 1.688 1.95596e-10 
9.08 1.616 1.02854e-09 
9.08 1.62 1.12811e-08 
9.08 1.624 9.10721e-08 
9.08 1.628 3.70602e-07 
9.08 1.632 1.4216e-06 
9.08 1.636 3.7048e-06 
9.08 1.64 8.09519e-06 
9.08 1.644 1.36382e-05 
9.08 1.648 1.89654e-05 
9.08 1.652 1.83404e-05 
9.08 1.656 1.51244e-05 
9.08 1.66 9.38645e-06 
9.08 1.664 4.65062e-06 
9.08 1.668 1.76158e-06 
9.08 1.672 4.82997e-07 
9.08 1.676 1.08867e-07 
9.08 1.68 1.90007e-08 
9.08 1.684 2.34708e-09 
9.08 1.688 2.26442e-10 
9.09 1.612 1.23246e-10 
9.09 1.616 2.56742e-09 
9.09 1.62 2.31561e-08 
9.09 1.624 1.29013e-07 
9.09 1.628 5.87266e-07 
9.09 1.632 2.06783e-06 
9.09 1.636 5.54086e-06 
9.09 1.64 1.1335e-05 
9.09 1.644 1.74498e-05 
9.09 1.648 2.31786e-05 
9.09 1.652 2.39384e-05 
9.09 1.656 1.93093e-05 
9.09 1.66 1.15563e-05 
9.09 1.664 5.74758e-06 
9.09 1.668 2.16635e-06 
9.09 1.672 6.00576e-07 
9.09 1.676 1.31498e-07 
9.09 1.68 2.27309e-08 
9.09 1.684 2.84434e-09 
9.09 1.688 2.69131e-10 
9.1 1.612 5.98164e-10 
9.1 1.616 4.77776e-09 
9.1 1.62 3.74304e-08 
9.1 1.624 2.03758e-07 
9.1 1.628 7.94128e-07 
9.1 1.632 2.91011e-06 
9.1 1.636 7.11054e-06 
9.1 1.64 1.48056e-05 
9.1 1.644 2.388e-05 
9.1 1.648 3.08916e-05 
9.1 1.652 2.93248e-05 
9.1 1.656 2.36327e-05 
9.1 1.66 1.37731e-05 
9.1 1.664 7.01375e-06 
9.1 1.668 2.54836e-06 
9.1 1.672 7.32462e-07 
9.1 1.676 1.54336e-07 
9.1 1.68 2.68996e-08 
9.1 1.684 3.24358e-09 
9.1 1.688 3.16811e-10 
9.11 1.612 7.66296e-10 
9.11 1.616 8.77476e-09 
9.11 1.62 6.385e-08 
9.11 1.624 2.93042e-07 
9.11 1.628 1.14937e-06 
9.11 1.632 3.65485e-06 
9.11 1.636 8.94088e-06 
9.11 1.64 1.83874e-05 
9.11 1.644 3.06513e-05 
9.11 1.648 3.68239e-05 
9.11 1.652 3.64482e-05 
9.11 1.656 2.90244e-05 
9.11 1.66 1.73409e-05 
9.11 1.664 8.25974e-06 
9.11 1.668 2.93932e-06 
9.11 1.672 8.7676e-07 
9.11 1.676 1.87016e-07 
9.11 1.68 3.05486e-08 
9.11 1.684 3.78464e-09 
9.11 1.688 3.59152e-10 
9.12 1.608 1.33015e-10 
9.12 1.612 1.56344e-09 
9.12 1.616 1.23018e-08 
9.12 1.62 8.18328e-08 
9.12 1.624 3.88889e-07 
9.12 1.628 1.54517e-06 
9.12 1.632 4.86759e-06 
9.12 1.636 1.18115e-05 
9.12 1.64 2.31946e-05 
9.12 1.644 3.68197e-05 
9.12 1.648 4.76516e-05 
9.12 1.652 4.45792e-05 
9.12 1.656 3.50228e-05 
9.12 1.66 2.103e-05 
9.12 1.664 9.71e-06 
9.12 1.668 3.61083e-06 
9.12 1.672 9.86376e-07 
9.12 1.676 2.19777e-07 
9.12 1.68 3.63207e-08 
9.12 1.684 4.50787e-09 
9.12 1.688 4.05072e-10 
9.13 1.608 2.40705e-10 
9.13 1.612 2.41775e-09 
9.13 1.616 1.71876e-08 
9.13 1.62 1.19778e-07 
9.13 1.624 5.4062e-07 
9.13 1.628 2.07696e-06 
9.13 1.632 6.20026e-06 
9.13 1.636 1.52912e-05 
9.13 1.64 3.0228e-05 
9.13 1.644 4.6543e-05 
9.13 1.648 5.70184e-05 
9.13 1.652 5.5349e-05 
9.13 1.656 4.23971e-05 
9.13 1.66 2.48199e-05 
9.13 1.664 1.19335e-05 
9.13 1.668 4.24914e-06 
9.13 1.672 1.17495e-06 
9.13 1.676 2.53032e-07 
9.13 1.68 4.28763e-08 
9.13 1.684 5.23328e-09 
9.13 1.688 5.10272e-10 
9.14 1.608 3.97387e-10 
9.14 1.612 3.69001e-09 
9.14 1.616 2.51878e-08 
9.14 1.62 1.57136e-07 
9.14 1.624 7.62068e-07 
9.14 1.628 2.6473e-06 
9.14 1.632 8.16567e-06 
9.14 1.636 1.8862e-05 
9.14 1.64 3.91586e-05 
9.14 1.644 5.68079e-05 
9.14 1.648 7.0749e-05 
9.14 1.652 6.86245e-05 
9.14 1.656 5.2748e-05 
9.14 1.66 3.10515e-05 
9.14 1.664 1.46772e-05 
9.14 1.668 5.25768e-06 
9.14 1.672 1.47238e-06 
9.14 1.676 3.20862e-07 
9.14 1.68 4.96681e-08 
9.14 1.684 6.51397e-09 
9.14 1.688 5.93645e-10 
9.15 1.608 5.77084e-10 
9.15 1.612 5.46723e-09 
9.15 1.616 3.78151e-08 
9.15 1.62 2.18811e-07 
9.15 1.624 9.80861e-07 
9.15 1.628 3.54674e-06 
9.15 1.632 1.0578e-05 
9.15 1.636 2.53235e-05 
9.15 1.64 4.81631e-05 
9.15 1.644 7.37064e-05 
9.15 1.648 8.73539e-05 
9.15 1.652 8.55658e-05 
9.15 1.656 6.42564e-05 
9.15 1.66 3.84325e-05 
9.15 1.664 1.76972e-05 
9.15 1.668 6.37992e-06 
9.15 1.672 1.75073e-06 
9.15 1.676 3.68065e-07 
9.15 1.68 5.96783e-08 
9.15 1.684 7.42747e-09 
9.15 1.688 7.03964e-10 
9.16 1.608 8.99816e-10 
9.16 1.612 7.51352e-09 
9.16 1.616 5.05104e-08 
9.16 1.62 2.87636e-07 
9.16 1.624 1.29376e-06 
9.16 1.628 4.68988e-06 
9.16 1.632 1.4354e-05 
9.16 1.636 3.37641e-05 
9.16 1.64 6.19467e-05 
9.16 1.644 9.1749e-05 
9.16 1.648 0.000109743 
9.16 1.652 0.000106637 
9.16 1.656 7.91093e-05 
9.16 1.66 4.7215e-05 
9.16 1.664 2.22606e-05 
9.16 1.668 7.56122e-06 
9.16 1.672 2.02484e-06 
9.16 1.676 4.2386e-07 
9.16 1.68 7.00915e-08 
9.16 1.684 8.77403e-09 
9.16 1.688 7.85614e-10 
9.17 1.604 1.16761e-10 
9.17 1.608 1.36839e-09 
9.17 1.612 1.21444e-08 
9.17 1.616 7.67114e-08 
9.17 1.62 4.27542e-07 
9.17 1.624 1.69031e-06 
9.17 1.628 6.26129e-06 
9.17 1.632 1.96445e-05 
9.17 1.636 4.28874e-05 
9.17 1.64 8.01817e-05 
9.17 1.644 0.000117401 
9.17 1.648 0.000139509 
9.17 1.652 0.000131764 
9.17 1.656 9.70626e-05 
9.17 1.66 5.77674e-05 
9.17 1.664 2.65179e-05 
9.17 1.668 8.84619e-06 
9.17 1.672 2.48643e-06 
9.17 1.676 5.27726e-07 
9.17 1.68 8.12245e-08 
9.17 1.684 9.66699e-09 
9.17 1.688 9.48615e-10 
9.18 1.604 2.10069e-10 
9.18 1.608 2.01128e-09 
9.18 1.612 1.64292e-08 
9.18 1.616 1.03836e-07 
9.18 1.62 5.34176e-07 
9.18 1.624 2.35943e-06 
9.18 1.628 8.31e-06 
9.18 1.632 2.36628e-05 
9.18 1.636 5.43284e-05 
9.18 1.64 9.83779e-05 
9.18 1.644 0.000141772 
9.18 1.648 0.000169125 
9.18 1.652 0.000159502 
9.18 1.656 0.000118588 
9.18 1.66 6.75455e-05 
9.18 1.664 3.1582e-05 
9.18 1.668 1.03952e-05 
9.18 1.672 2.89562e-06 
9.18 1.676 6.02134e-07 
9.18 1.68 9.38458e-08 
9.18 1.684 1.15386e-08 
9.18 1.688 1.07016e-09 
9.19 1.604 3.10183e-10 
9.19 1.608 2.80133e-09 
9.19 1.612 2.19872e-08 
9.19 1.616 1.30263e-07 
9.19 1.62 7.16343e-07 
9.19 1.624 3.03603e-06 
9.19 1.628 1.03302e-05 
9.19 1.632 3.03746e-05 
9.19 1.636 6.72196e-05 
9.19 1.64 0.000119221 
9.19 1.644 0.000175899 
9.19 1.648 0.000204149 
9.19 1.652 0.000189715 
9.19 1.656 0.000137293 
9.19 1.66 8.22599e-05 
9.19 1.664 3.7049e-05 
9.19 1.668 1.23348e-05 
9.19 1.672 3.33566e-06 
9.19 1.676 6.6607e-07 
9.19 1.68 1.08658e-07 
9.19 1.684 1.35038e-08 
9.19 1.688 1.16171e-09 
9.2 1.604 4.22715e-10 
9.2 1.608 3.74729e-09 
9.2 1.612 2.69735e-08 
9.2 1.616 1.6366e-07 
9.2 1.62 9.00209e-07 
9.2 1.624 3.86473e-06 
9.2 1.628 1.31156e-05 
9.2 1.632 3.74188e-05 
9.2 1.636 7.69787e-05 
9.2 1.64 0.000139912 
9.2 1.644 0.000205712 
9.2 1.648 0.000242073 
9.2 1.652 0.00021619 
9.2 1.656 0.000163935 
9.2 1.66 9.07196e-05 
9.2 1.664 4.17485e-05 
9.2 1.668 1.36903e-05 
9.2 1.672 3.64962e-06 
9.2 1.676 7.84363e-07 
9.2 1.68 1.17707e-07 
9.2 1.684 1.41433e-08 
9.2 1.688 1.3409e-09 
9.21 1.604 5.3055e-10 
9.21 1.608 4.37292e-09 
9.21 1.612 3.36378e-08 
9.21 1.616 2.05897e-07 
9.21 1.62 1.08787e-06 
9.21 1.624 4.41376e-06 
9.21 1.628 1.56923e-05 
9.21 1.632 4.29592e-05 
9.21 1.636 9.22876e-05 
9.21 1.64 0.000165491 
9.21 1.644 0.000234745 
9.21 1.648 0.00027828 
9.21 1.652 0.000244342 
9.21 1.656 0.000185084 
9.21 1.66 0.000105215 
9.21 1.664 4.52047e-05 
9.21 1.668 1.48854e-05 
9.21 1.672 4.17742e-06 
9.21 1.676 8.24363e-07 
9.21 1.68 1.34156e-07 
9.21 1.684 1.57099e-08 
9.21 1.688 1.40416e-09 
9.22 1.604 6.24076e-10 
9.22 1.608 5.22096e-09 
9.22 1.612 4.34177e-08 
9.22 1.616 2.43321e-07 
9.22 1.62 1.30505e-06 
9.22 1.624 5.07764e-06 
9.22 1.628 1.7627e-05 
9.22 1.632 4.81927e-05 
9.22 1.636 9.94921e-05 
9.22 1.64 0.000188843 
9.22 1.644 0.000259404 
9.22 1.648 0.000311462 
9.22 1.652 0.000272517 
9.22 1.656 0.000200133 
9.22 1.66 0.000112103 
9.22 1.664 4.99046e-05 
9.22 1.668 1.66321e-05 
9.22 1.672 4.42386e-06 
9.22 1.676 9.21519e-07 
9.22 1.68 1.44909e-07 
9.22 1.684 1.66508e-08 
9.22 1.688 1.54652e-09 
9.22 1.692 1.01883e-10 
9.23 1.604 7.79818e-10 
9.23 1.608 6.2951e-09 
9.23 1.612 4.53732e-08 
9.23 1.616 2.90748e-07 
9.23 1.62 1.4565e-06 
9.23 1.624 5.75183e-06 
9.23 1.628 2.03233e-05 
9.23 1.632 5.26678e-05 
9.23 1.636 0.000118852 
9.23 1.64 0.000207856 
9.23 1.644 0.000291203 
9.23 1.648 0.000334552 
9.23 1.652 0.000302036 
9.23 1.656 0.00021892 
9.23 1.66 0.000123536 
9.23 1.664 5.12725e-05 
9.23 1.668 1.85937e-05 
9.23 1.672 4.73092e-06 
9.23 1.676 9.60354e-07 
9.23 1.68 1.5544e-07 
9.23 1.684 1.86335e-08 
9.23 1.688 1.65755e-09 
9.23 1.692 1.04207e-10 
9.24 1.604 8.02606e-10 
9.24 1.608 7.17469e-09 
9.24 1.612 5.71092e-08 
9.24 1.616 3.48495e-07 
9.24 1.62 1.66574e-06 
9.24 1.624 6.54487e-06 
9.24 1.628 2.2062e-05 
9.24 1.632 5.97458e-05 
9.24 1.636 0.000129768 
9.24 1.64 0.000230518 
9.24 1.644 0.000322526 
9.24 1.648 0.000367011 
9.24 1.652 0.00033157 
9.24 1.656 0.000236592 
9.24 1.66 0.000131237 
9.24 1.664 5.79108e-05 
9.24 1.668 1.99641e-05 
9.24 1.672 5.1703e-06 
9.24 1.676 1.07044e-06 
9.24 1.68 1.61661e-07 
9.24 1.684 1.90704e-08 
9.24 1.688 1.7146e-09 
9.24 1.692 1.10962e-10 
9.25 1.604 1.00343e-09 
9.25 1.608 8.61804e-09 
9.25 1.612 6.18986e-08 
9.25 1.616 3.88398e-07 
9.25 1.62 1.83828e-06 
9.25 1.624 7.78341e-06 
9.25 1.628 2.55525e-05 
9.25 1.632 6.62434e-05 
9.25 1.636 0.000149204 
9.25 1.64 0.00025992 
9.25 1.644 0.000347597 
9.25 1.648 0.000409281 
9.25 1.652 0.000376209 
9.25 1.656 0.000260295 
9.25 1.66 0.00014382 
9.25 1.664 6.3635e-05 
9.25 1.668 2.11435e-05 
9.25 1.672 5.56117e-06 
9.25 1.676 1.1502e-06 
9.25 1.68 1.8158e-07 
9.25 1.684 2.06145e-08 
9.25 1.688 1.83632e-09 
9.25 1.692 1.2711e-10 
9.26 1.6 1.15003e-10 
9.26 1.604 1.12681e-09 
9.26 1.608 1.05777e-08 
9.26 1.612 7.67652e-08 
9.26 1.616 4.37337e-07 
9.26 1.62 2.21158e-06 
9.26 1.624 8.924e-06 
9.26 1.628 2.88182e-05 
9.26 1.632 7.45364e-05 
9.26 1.636 0.00016828 
9.26 1.64 0.000286226 
9.26 1.644 0.000402908 
9.26 1.648 0.000454212 
9.26 1.652 0.000413684 
9.26 1.656 0.000285399 
9.26 1.66 0.000159341 
9.26 1.664 6.89273e-05 
9.26 1.668 2.41953e-05 
9.26 1.672 6.27289e-06 
9.26 1.676 1.22778e-06 
9.26 1.68 1.84099e-07 
9.26 1.684 2.2148e-08 
9.26 1.688 1.97882e-09 
9.26 1.692 1.34065e-10 
9.27 1.6 1.38046e-10 
9.27 1.604 1.44758e-09 
9.27 1.608 1.19399e-08 
9.27 1.612 8.88269e-08 
9.27 1.616 4.90544e-07 
9.27 1.62 2.57771e-06 
9.27 1.624 9.72383e-06 
9.27 1.628 3.21533e-05 
9.27 1.632 8.84111e-05 
9.27 1.636 0.000189094 
9.27 1.64 0.000320927 
9.27 1.644 0.000464934 
9.27 1.648 0.00049838 
9.27 1.652 0.000455103 
9.27 1.656 0.000325335 
9.27 1.66 0.000174716 
9.27 1.664 7.57013e-05 
9.27 1.668 2.61771e-05 
9.27 1.672 6.80087e-06 
9.27 1.676 1.3378e-06 
9.27 1.68 2.01317e-07 
9.27 1.684 2.46855e-08 
9.27 1.688 2.16534e-09 
9.27 1.692 1.43762e-10 
9.28 1.6 1.51003e-10 
9.28 1.604 1.7704e-09 
9.28 1.608 1.54584e-08 
9.28 1.612 1.01983e-07 
9.28 1.616 6.13361e-07 
9.28 1.62 2.96084e-06 
9.28 1.624 1.15446e-05 
9.28 1.628 3.72469e-05 
9.28 1.632 9.97192e-05 
9.28 1.636 0.000218355 
9.28 1.64 0.000369342 
9.28 1.644 0.000516862 
9.28 1.648 0.000577384 
9.28 1.652 0.000513854 
9.28 1.656 0.000350517 
9.28 1.66 0.000197978 
9.28 1.664 8.61278e-05 
9.28 1.668 2.8048e-05 
9.28 1.672 7.48405e-06 
9.28 1.676 1.47582e-06 
9.28 1.68 2.26848e-07 
9.28 1.684 2.72401e-08 
9.28 1.688 2.36017e-09 
9.28 1.692 1.53058e-10 
9.29 1.6 1.96662e-10 
9.29 1.604 2.12052e-09 
9.29 1.608 1.6923e-08 
9.29 1.612 1.21431e-07 
9.29 1.616 6.75723e-07 
9.29 1.62 3.52602e-06 
9.29 1.624 1.27871e-05 
9.29 1.628 4.44991e-05 
9.29 1.632 0.000114999 
9.29 1.636 0.000241264 
9.29 1.64 0.00043941 
9.29 1.644 0.000579853 
9.29 1.648 0.000649928 
9.29 1.652 0.000564078 
9.29 1.656 0.000395996 
9.29 1.66 0.000214923 
9.29 1.664 9.41397e-05 
9.29 1.668 3.12088e-05 
9.29 1.672 8.08003e-06 
9.29 1.676 1.59334e-06 
9.29 1.68 2.42127e-07 
9.29 1.684 2.88789e-08 
9.29 1.688 2.52438e-09 
9.29 1.692 1.6655e-10 
9.3 1.6 2.25049e-10 
9.3 1.604 2.37663e-09 
9.3 1.608 2.08386e-08 
9.3 1.612 1.44577e-07 
9.3 1.616 8.3477e-07 
9.3 1.62 4.12665e-06 
9.3 1.624 1.56101e-05 
9.3 1.628 5.04069e-05 
9.3 1.632 0.000133224 
9.3 1.636 0.000281834 
9.3 1.64 0.000467602 
9.3 1.644 0.000678173 
9.3 1.648 0.0007252 
9.3 1.652 0.00062573 
9.3 1.656 0.000444301 
9.3 1.66 0.000237827 
9.3 1.664 0.000105395 
9.3 1.668 3.36931e-05 
9.3 1.672 8.80461e-06 
9.3 1.676 1.78825e-06 
9.3 1.68 2.65999e-07 
9.3 1.684 3.08221e-08 
9.3 1.688 2.71665e-09 
9.3 1.692 1.8211e-10 
9.31 1.6 3.04314e-10 
9.31 1.604 2.78794e-09 
9.31 1.608 2.49122e-08 
9.31 1.612 1.73894e-07 
9.31 1.616 9.42552e-07 
9.31 1.62 4.4478e-06 
9.31 1.624 1.87009e-05 
9.31 1.628 5.80684e-05 
9.31 1.632 0.000146662 
9.31 1.636 0.000313768 
9.31 1.64 0.000527514 
9.31 1.644 0.000714344 
9.31 1.648 0.000789298 
9.31 1.652 0.00069518 
9.31 1.656 0.00046021 
9.31 1.66 0.000260298 
9.31 1.664 0.0001097 
9.31 1.668 3.64692e-05 
9.31 1.672 9.32356e-06 
9.31 1.676 1.88359e-06 
9.31 1.68 2.82257e-07 
9.31 1.684 3.29467e-08 
9.31 1.688 2.99967e-09 
9.31 1.692 1.90523e-10 
9.32 1.6 3.61688e-10 
9.32 1.604 3.52358e-09 
9.32 1.608 2.86543e-08 
9.32 1.612 2.05346e-07 
9.32 1.616 1.12299e-06 
9.32 1.62 5.21059e-06 
9.32 1.624 1.95369e-05 
9.32 1.628 6.26644e-05 
9.32 1.632 0.000161654 
9.32 1.636 0.000342046 
9.32 1.64 0.00056332 
9.32 1.644 0.000768599 
9.32 1.648 0.000860609 
9.32 1.652 0.00072517 
9.32 1.656 0.000501333 
9.32 1.66 0.000266433 
9.32 1.664 0.000115463 
9.32 1.668 3.82509e-05 
9.32 1.672 9.59906e-06 
9.32 1.676 1.93236e-06 
9.32 1.68 3.00564e-07 
9.32 1.684 3.35705e-08 
9.32 1.688 2.936e-09 
9.32 1.692 1.89957e-10 
9.33 1.6 4.29485e-10 
9.33 1.604 3.98765e-09 
9.33 1.608 3.32924e-08 
9.33 1.612 2.16684e-07 
9.33 1.616 1.23802e-06 
9.33 1.62 5.55707e-06 
9.33 1.624 2.09352e-05 
9.33 1.628 7.08039e-05 
9.33 1.632 0.000174496 
9.33 1.636 0.000360119 
9.33 1.64 0.000594984 
9.33 1.644 0.000829594 
9.33 1.648 0.000896339 
9.33 1.652 0.000777318 
9.33 1.656 0.00053598 
9.33 1.66 0.000281304 
9.33 1.664 0.000120068 
9.33 1.668 3.96168e-05 
9.33 1.672 1.0114e-05 
9.33 1.676 2.02569e-06 
9.33 1.68 3.01731e-07 
9.33 1.684 3.53282e-08 
9.33 1.688 3.05297e-09 
9.33 1.692 1.97131e-10 
9.34 1.6 4.52224e-10 
9.34 1.604 4.26199e-09 
9.34 1.608 3.41641e-08 
9.34 1.612 2.3645e-07 
9.34 1.616 1.32897e-06 
9.34 1.62 5.75637e-06 
9.34 1.624 2.31552e-05 
9.34 1.628 7.21218e-05 
9.34 1.632 0.000180636 
9.34 1.636 0.000379934 
9.34 1.64 0.000633945 
9.34 1.644 0.000895642 
9.34 1.648 0.000943187 
9.34 1.652 0.000803845 
9.34 1.656 0.000560347 
9.34 1.66 0.000290354 
9.34 1.664 0.000123224 
9.34 1.668 4.08061e-05 
9.34 1.672 1.09827e-05 
9.34 1.676 2.09338e-06 
9.34 1.68 3.06827e-07 
9.34 1.684 3.63995e-08 
9.34 1.688 3.091e-09 
9.34 1.692 1.95004e-10 
9.35 1.6 4.69285e-10 
9.35 1.604 4.40567e-09 
9.35 1.608 3.67999e-08 
9.35 1.612 2.5054e-07 
9.35 1.616 1.35145e-06 
9.35 1.62 6.32595e-06 
9.35 1.624 2.37947e-05 
9.35 1.628 7.65277e-05 
9.35 1.632 0.000193307 
9.35 1.636 0.000394576 
9.35 1.64 0.000691729 
9.35 1.644 0.000904851 
9.35 1.648 0.000975045 
9.35 1.652 0.00083183 
9.35 1.656 0.000576356 
9.35 1.66 0.000302137 
9.35 1.664 0.000130209 
9.35 1.668 4.27537e-05 
9.35 1.672 1.0956e-05 
9.35 1.676 2.14366e-06 
9.35 1.68 3.32999e-07 
9.35 1.684 3.71657e-08 
9.35 1.688 3.21292e-09 
9.35 1.692 1.96306e-10 
9.36 1.6 5.28211e-10 
9.36 1.604 5.05398e-09 
9.36 1.608 4.02402e-08 
9.36 1.612 2.71593e-07 
9.36 1.616 1.47727e-06 
9.36 1.62 6.77175e-06 
9.36 1.624 2.59973e-05 
9.36 1.628 8.08979e-05 
9.36 1.632 0.000209449 
9.36 1.636 0.000432441 
9.36 1.64 0.000716955 
9.36 1.644 0.000970168 
9.36 1.648 0.00101332 
9.36 1.652 0.000871444 
9.36 1.656 0.000607627 
9.36 1.66 0.000322825 
9.36 1.664 0.000136904 
9.36 1.668 4.48441e-05 
9.36 1.672 1.18208e-05 
9.36 1.676 2.30604e-06 
9.36 1.68 3.33849e-07 
9.36 1.684 3.82316e-08 
9.36 1.688 3.2956e-09 
9.36 1.692 2.17077e-10 
9.37 1.6 5.61298e-10 
9.37 1.604 5.51762e-09 
9.37 1.608 4.44944e-08 
9.37 1.612 3.04734e-07 
9.37 1.616 1.64908e-06 
9.37 1.62 7.58979e-06 
9.37 1.624 2.8697e-05 
9.37 1.628 8.86372e-05 
9.37 1.632 0.000221414 
9.37 1.636 0.000463905 
9.37 1.64 0.000786837 
9.37 1.644 0.0010129 
9.37 1.648 0.00106946 
9.37 1.652 0.000946739 
9.37 1.656 0.00063347 
9.37 1.66 0.000345824 
9.37 1.664 0.000145503 
9.37 1.668 4.81255e-05 
9.37 1.672 1.23272e-05 
9.37 1.676 2.39304e-06 
9.37 1.68 3.42736e-07 
9.37 1.684 4.07644e-08 
9.37 1.688 3.43745e-09 
9.37 1.692 2.24832e-10 
9.38 1.6 6.66106e-10 
9.38 1.604 6.08501e-09 
9.38 1.608 4.81591e-08 
9.38 1.612 3.20464e-07 
9.38 1.616 1.7733e-06 
9.38 1.62 8.1728e-06 
9.38 1.624 3.05683e-05 
9.38 1.628 9.56655e-05 
9.38 1.632 0.000242853 
9.38 1.636 0.00049671 
9.38 1.64 0.000806471 
9.38 1.644 0.00110835 
9.38 1.648 0.0011681 
9.38 1.652 0.00100448 
9.38 1.656 0.000680502 
9.38 1.66 0.000361102 
9.38 1.664 0.000152037 
9.38 1.668 5.04144e-05 
9.38 1.672 1.2676e-05 
9.38 1.676 2.45126e-06 
9.38 1.68 3.64025e-07 
9.38 1.684 4.04048e-08 
9.38 1.688 3.603e-09 
9.38 1.692 2.25835e-10 
9.39 1.6 6.85682e-10 
9.39 1.604 6.36854e-09 
9.39 1.608 5.23064e-08 
9.39 1.612 3.43493e-07 
9.39 1.616 1.9465e-06 
9.39 1.62 9.12271e-06 
9.39 1.624 3.29023e-05 
9.39 1.628 0.000101132 
9.39 1.632 0.000258076 
9.39 1.636 0.00051764 
9.39 1.64 0.000877513 
9.39 1.644 0.00115295 
9.39 1.648 0.00126791 
9.39 1.652 0.00107742 
9.39 1.656 0.000716714 
9.39 1.66 0.000377113 
9.39 1.664 0.00015941 
9.39 1.668 5.27225e-05 
9.39 1.672 1.3248e-05 
9.39 1.676 2.55073e-06 
9.39 1.68 3.84094e-07 
9.39 1.684 4.33937e-08 
9.39 1.688 3.83119e-09 
9.39 1.692 2.30365e-10 
9.4 1.6 8.02236e-10 
9.4 1.604 7.24431e-09 
9.4 1.608 5.98333e-08 
9.4 1.612 4.00348e-07 
9.4 1.616 2.19998e-06 
9.4 1.62 9.81479e-06 
9.4 1.624 3.61272e-05 
9.4 1.628 0.000110074 
9.4 1.632 0.000274411 
9.4 1.636 0.000571422 
9.4 1.64 0.000937344 
9.4 1.644 0.00126168 
9.4 1.648 0.0013483 
9.4 1.652 0.00114711 
9.4 1.656 0.000751233 
9.4 1.66 0.000400505 
9.4 1.664 0.000167047 
9.4 1.668 5.51544e-05 
9.4 1.672 1.39215e-05 
9.4 1.676 2.75333e-06 
9.4 1.68 4.00011e-07 
9.4 1.684 4.44503e-08 
9.4 1.688 3.74459e-09 
9.4 1.692 2.41735e-10 
9.41 1.6 8.5291e-10 
9.41 1.604 8.40667e-09 
9.41 1.608 6.43349e-08 
9.41 1.612 4.38965e-07 
9.41 1.616 2.33996e-06 
9.41 1.62 1.01821e-05 
9.41 1.624 3.76055e-05 
9.41 1.628 0.000116267 
9.41 1.632 0.000297182 
9.41 1.636 0.000602655 
9.41 1.64 0.00101236 
9.41 1.644 0.00136081 
9.41 1.648 0.00143008 
9.41 1.652 0.00117641 
9.41 1.656 0.000785991 
9.41 1.66 0.000416145 
9.41 1.664 0.000172264 
9.41 1.668 5.73611e-05 
9.41 1.672 1.48e-05 
9.41 1.676 2.87009e-06 
9.41 1.68 4.16677e-07 
9.41 1.684 4.67428e-08 
9.41 1.688 3.90459e-09 
9.41 1.692 2.45588e-10 
9.42 1.6 9.65115e-10 
9.42 1.604 8.90661e-09 
9.42 1.608 7.33491e-08 
9.42 1.612 4.76462e-07 
9.42 1.616 2.53361e-06 
9.42 1.62 1.10777e-05 
9.42 1.624 4.044e-05 
9.42 1.628 0.000126915 
9.42 1.632 0.000322012 
9.42 1.636 0.000644955 
9.42 1.64 0.00108828 
9.42 1.644 0.00143251 
9.42 1.648 0.00148873 
9.42 1.652 0.00123978 
9.42 1.656 0.000825622 
9.42 1.66 0.000445881 
9.42 1.664 0.0001857 
9.42 1.668 6.03256e-05 
9.42 1.672 1.51671e-05 
9.42 1.676 3.03949e-06 
9.42 1.68 4.39389e-07 
9.42 1.684 4.74357e-08 
9.42 1.688 4.03631e-09 
9.42 1.692 2.55281e-10 
9.43 1.6 1.08574e-09 
9.43 1.604 9.91452e-09 
9.43 1.608 7.84888e-08 
9.43 1.612 5.05113e-07 
9.43 1.616 2.63652e-06 
9.43 1.62 1.18764e-05 
9.43 1.624 4.46028e-05 
9.43 1.628 0.000137076 
9.43 1.632 0.000337615 
9.43 1.636 0.000701667 
9.43 1.64 0.00116185 
9.43 1.644 0.00149693 
9.43 1.648 0.00154074 
9.43 1.652 0.00130931 
9.43 1.656 0.00087592 
9.43 1.66 0.000456421 
9.43 1.664 0.000197624 
9.43 1.668 6.31815e-05 
9.43 1.672 1.59194e-05 
9.43 1.676 3.10653e-06 
9.43 1.68 4.37972e-07 
9.43 1.684 5.12952e-08 
9.43 1.688 4.20958e-09 
9.43 1.692 2.69786e-10 
9.44 1.596 1.06098e-10 
9.44 1.6 1.1931e-09 
9.44 1.604 1.1008e-08 
9.44 1.608 8.82915e-08 
9.44 1.612 5.08523e-07 
9.44 1.616 2.91707e-06 
9.44 1.62 1.30463e-05 
9.44 1.624 4.76198e-05 
9.44 1.628 0.000146658 
9.44 1.632 0.000366734 
9.44 1.636 0.00074516 
9.44 1.64 0.00122083 
9.44 1.644 0.00151822 
9.44 1.648 0.00165197 
9.44 1.652 0.001375 
9.44 1.656 0.000917866 
9.44 1.66 0.000498844 
9.44 1.664 0.000206318 
9.44 1.668 6.5109e-05 
9.44 1.672 1.68595e-05 
9.44 1.676 3.1024e-06 
9.44 1.68 4.52556e-07 
9.44 1.684 5.12276e-08 
9.44 1.688 4.44477e-09 
9.44 1.692 2.92358e-10 
9.45 1.596 1.1723e-10 
9.45 1.6 1.33164e-09 
9.45 1.604 1.21308e-08 
9.45 1.608 8.87612e-08 
9.45 1.612 5.73443e-07 
9.45 1.616 3.11127e-06 
9.45 1.62 1.41662e-05 
9.45 1.624 5.20388e-05 
9.45 1.628 0.000158952 
9.45 1.632 0.000396268 
9.45 1.636 0.000786844 
9.45 1.64 0.00125756 
9.45 1.644 0.00162582 
9.45 1.648 0.00170506 
9.45 1.652 0.00146566 
9.45 1.656 0.000973872 
9.45 1.66 0.000512868 
9.45 1.664 0.000213917 
9.45 1.668 7.01106e-05 
9.45 1.672 1.63686e-05 
9.45 1.676 3.33936e-06 
9.45 1.68 4.64659e-07 
9.45 1.684 5.23161e-08 
9.45 1.688 4.56406e-09 
9.45 1.692 2.98977e-10 
9.46 1.596 1.29706e-10 
9.46 1.6 1.48312e-09 
9.46 1.604 1.24805e-08 
9.46 1.608 9.05351e-08 
9.46 1.612 6.25824e-07 
9.46 1.616 3.47365e-06 
9.46 1.62 1.49783e-05 
9.46 1.624 5.43883e-05 
9.46 1.628 0.000171528 
9.46 1.632 0.000416638 
9.46 1.636 0.000810755 
9.46 1.64 0.00129495 
9.46 1.644 0.00173021 
9.46 1.648 0.00179773 
9.46 1.652 0.00152802 
9.46 1.656 0.00102493 
9.46 1.66 0.000542751 
9.46 1.664 0.000222361 
9.46 1.668 7.10733e-05 
9.46 1.672 1.73415e-05 
9.46 1.676 3.35043e-06 
9.46 1.68 4.91992e-07 
9.46 1.684 5.57856e-08 
9.46 1.688 4.50357e-09 
9.46 1.692 3.07625e-10 
9.47 1.596 1.4207e-10 
9.47 1.6 1.47301e-09 
9.47 1.604 1.34683e-08 
9.47 1.608 1.02377e-07 
9.47 1.612 6.63081e-07 
9.47 1.616 3.67049e-06 
9.47 1.62 1.66493e-05 
9.47 1.624 5.94408e-05 
9.47 1.628 0.000175481 
9.47 1.632 0.000440389 
9.47 1.636 0.000853923 
9.47 1.64 0.00135635 
9.47 1.644 0.00179484 
9.47 1.648 0.00188838 
9.47 1.652 0.00163071 
9.47 1.656 0.00106389 
9.47 1.66 0.000562073 
9.47 1.664 0.000227299 
9.47 1.668 7.14592e-05 
9.47 1.672 1.75712e-05 
9.47 1.676 3.42937e-06 
9.47 1.68 5.01138e-07 
9.47 1.684 5.61351e-08 
9.47 1.688 4.69321e-09 
9.47 1.692 3.05688e-10 
9.48 1.596 1.5361e-10 
9.48 1.6 1.654e-09 
9.48 1.604 1.46588e-08 
9.48 1.608 1.16945e-07 
9.48 1.612 7.36384e-07 
9.48 1.616 3.94923e-06 
9.48 1.62 1.75464e-05 
9.48 1.624 6.4281e-05 
9.48 1.628 0.000189418 
9.48 1.632 0.000452958 
9.48 1.636 0.00090477 
9.48 1.64 0.00147552 
9.48 1.644 0.00190231 
9.48 1.648 0.00203206 
9.48 1.652 0.00172104 
9.48 1.656 0.00112476 
9.48 1.66 0.000575803 
9.48 1.664 0.000232503 
9.48 1.668 7.42057e-05 
9.48 1.672 1.82141e-05 
9.48 1.676 3.56084e-06 
9.48 1.68 5.12999e-07 
9.48 1.684 5.80428e-08 
9.48 1.688 4.9816e-09 
9.48 1.692 2.97249e-10 
9.49 1.596 1.54539e-10 
9.49 1.6 1.78252e-09 
9.49 1.604 1.54096e-08 
9.49 1.608 1.23615e-07 
9.49 1.612 7.96733e-07 
9.49 1.616 4.13472e-06 
9.49 1.62 1.83902e-05 
9.49 1.624 6.60154e-05 
9.49 1.628 0.00018967 
9.49 1.632 0.000480652 
9.49 1.636 0.000943619 
9.49 1.64 0.00152274 
9.49 1.644 0.00202978 
9.49 1.648 0.0021134 
9.49 1.652 0.00177308 
9.49 1.656 0.00114184 
9.49 1.66 0.000589368 
9.49 1.664 0.000245045 
9.49 1.668 7.74415e-05 
9.49 1.672 1.88734e-05 
9.49 1.676 3.67732e-06 
9.49 1.68 5.37192e-07 
9.49 1.684 6.11063e-08 
9.49 1.688 4.98765e-09 
9.49 1.692 3.11529e-10 
9.5 1.596 1.72269e-10 
9.5 1.6 1.82473e-09 
9.5 1.604 1.74576e-08 
9.5 1.608 1.32274e-07 
9.5 1.612 8.35338e-07 
9.5 1.616 4.6899e-06 
9.5 1.62 1.91101e-05 
9.5 1.624 6.84106e-05 
9.5 1.628 0.000206021 
9.5 1.632 0.000496193 
9.5 1.636 0.000980447 
9.5 1.64 0.00160798 
9.5 1.644 0.00209667 
9.5 1.648 0.00222762 
9.5 1.652 0.00178819 
9.5 1.656 0.00115549 
9.5 1.66 0.000608935 
9.5 1.664 0.000249436 
9.5 1.668 7.69109e-05 
9.5 1.672 1.97991e-05 
9.5 1.676 3.7197e-06 
9.5 1.68 5.48116e-07 
9.5 1.684 6.17889e-08 
9.5 1.688 4.79976e-09 
9.5 1.692 3.01007e-10 
9.51 1.596 1.8661e-10 
9.51 1.6 1.99529e-09 
9.51 1.604 1.90624e-08 
9.51 1.608 1.39517e-07 
9.51 1.612 9.26735e-07 
9.51 1.616 4.74752e-06 
9.51 1.62 1.99203e-05 
9.51 1.624 7.3054e-05 
9.51 1.628 0.000214146 
9.51 1.632 0.000529979 
9.51 1.636 0.00105982 
9.51 1.64 0.00170064 
9.51 1.644 0.00221534 
9.51 1.648 0.00230829 
9.51 1.652 0.00182653 
9.51 1.656 0.00120859 
9.51 1.66 0.000627497 
9.51 1.664 0.000257846 
9.51 1.668 8.04957e-05 
9.51 1.672 1.99026e-05 
9.51 1.676 3.89511e-06 
9.51 1.68 5.52934e-07 
9.51 1.684 6.07736e-08 
9.51 1.688 5.08063e-09 
9.51 1.692 3.21901e-10 
9.52 1.596 2.01608e-10 
9.52 1.6 2.24132e-09 
9.52 1.604 1.92293e-08 
9.52 1.608 1.50689e-07 
9.52 1.612 9.736e-07 
9.52 1.616 4.95535e-06 
9.52 1.62 2.0934e-05 
9.52 1.624 7.79397e-05 
9.52 1.628 0.000226722 
9.52 1.632 0.000550884 
9.52 1.636 0.00110655 
9.52 1.64 0.00177994 
9.52 1.644 0.00230173 
9.52 1.648 0.00233455 
9.52 1.652 0.00189379 
9.52 1.656 0.00125561 
9.52 1.66 0.000649014 
9.52 1.664 0.000267635 
9.52 1.668 8.48346e-05 
9.52 1.672 2.0789e-05 
9.52 1.676 4.11961e-06 
9.52 1.68 5.73601e-07 
9.52 1.684 5.79955e-08 
9.52 1.688 5.24787e-09 
9.52 1.692 3.25945e-10 
9.53 1.596 2.27481e-10 
9.53 1.6 2.39052e-09 
9.53 1.604 2.1333e-08 
9.53 1.608 1.62091e-07 
9.53 1.612 9.8648e-07 
9.53 1.616 5.1556e-06 
9.53 1.62 2.22782e-05 
9.53 1.624 8.10141e-05 
9.53 1.628 0.000239766 
9.53 1.632 0.000583289 
9.53 1.636 0.00114973 
9.53 1.64 0.00184657 
9.53 1.644 0.00241615 
9.53 1.648 0.00237479 
9.53 1.652 0.00194556 
9.53 1.656 0.00129982 
9.53 1.66 0.000659847 
9.53 1.664 0.000271194 
9.53 1.668 8.81721e-05 
9.53 1.672 2.06563e-05 
9.53 1.676 4.08979e-06 
9.53 1.68 5.70237e-07 
9.53 1.684 6.30484e-08 
9.53 1.688 5.33136e-09 
9.53 1.692 3.14884e-10 
9.54 1.596 2.45879e-10 
9.54 1.6 2.48719e-09 
9.54 1.604 2.33879e-08 
9.54 1.608 1.65945e-07 
9.54 1.612 1.06433e-06 
9.54 1.616 5.44825e-06 
9.54 1.62 2.34078e-05 
9.54 1.624 8.53094e-05 
9.54 1.628 0.000253769 
9.54 1.632 0.000609918 
9.54 1.636 0.00118988 
9.54 1.64 0.00197883 
9.54 1.644 0.00238799 
9.54 1.648 0.00243314 
9.54 1.652 0.0020387 
9.54 1.656 0.00133875 
9.54 1.66 0.000683744 
9.54 1.664 0.000282604 
9.54 1.668 8.79174e-05 
9.54 1.672 2.17731e-05 
9.54 1.676 4.07873e-06 
9.54 1.68 5.68224e-07 
9.54 1.684 6.36768e-08 
9.54 1.688 5.27231e-09 
9.54 1.692 3.29829e-10 
9.55 1.596 2.58767e-10 
9.55 1.6 2.64364e-09 
9.55 1.604 2.50886e-08 
9.55 1.608 1.79439e-07 
9.55 1.612 1.07982e-06 
9.55 1.616 5.68403e-06 
9.55 1.62 2.43506e-05 
9.55 1.624 8.8121e-05 
9.55 1.628 0.000263672 
9.55 1.632 0.000627293 
9.55 1.636 0.00124253 
9.55 1.64 0.00197644 
9.55 1.644 0.0024518 
9.55 1.648 0.00255094 
9.55 1.652 0.00208611 
9.55 1.656 0.00136502 
9.55 1.66 0.000704325 
9.55 1.664 0.000283278 
9.55 1.668 9.06272e-05 
9.55 1.672 2.24838e-05 
9.55 1.676 3.96722e-06 
9.55 1.68 5.82627e-07 
9.55 1.684 6.71856e-08 
9.55 1.688 5.34044e-09 
9.55 1.692 3.28698e-10 
9.56 1.596 2.70204e-10 
9.56 1.6 2.90497e-09 
9.56 1.604 2.61339e-08 
9.56 1.608 1.85703e-07 
9.56 1.612 1.15186e-06 
9.56 1.616 6.10407e-06 
9.56 1.62 2.59228e-05 
9.56 1.624 9.23561e-05 
9.56 1.628 0.000274254 
9.56 1.632 0.000673457 
9.56 1.636 0.00129119 
9.56 1.64 0.0020425 
9.56 1.644 0.00253038 
9.56 1.648 0.00260071 
9.56 1.652 0.00219283 
9.56 1.656 0.0013713 
9.56 1.66 0.000733255 
9.56 1.664 0.00029174 
9.56 1.668 9.29549e-05 
9.56 1.672 2.21716e-05 
9.56 1.676 4.17429e-06 
9.56 1.68 5.92252e-07 
9.56 1.684 6.37244e-08 
9.56 1.688 5.28271e-09 
9.56 1.692 3.29467e-10 
9.57 1.596 2.80484e-10 
9.57 1.6 3.03541e-09 
9.57 1.604 2.74767e-08 
9.57 1.608 1.9791e-07 
9.57 1.612 1.21976e-06 
9.57 1.616 6.21057e-06 
9.57 1.62 2.80139e-05 
9.57 1.624 9.79406e-05 
9.57 1.628 0.000283812 
9.57 1.632 0.000698993 
9.57 1.636 0.00135069 
9.57 1.64 0.00202747 
9.57 1.644 0.0026304 
9.57 1.648 0.00271186 
9.57 1.652 0.00222389 
9.57 1.656 0.00140199 
9.57 1.66 0.000745768 
9.57 1.664 0.000295442 
9.57 1.668 9.35455e-05 
9.57 1.672 2.18201e-05 
9.57 1.676 4.11673e-06 
9.57 1.68 6.06179e-07 
9.57 1.684 6.61912e-08 
9.57 1.688 5.18049e-09 
9.57 1.692 3.28794e-10 
9.58 1.596 2.96219e-10 
9.58 1.6 3.23261e-09 
9.58 1.604 2.80002e-08 
9.58 1.608 2.10363e-07 
9.58 1.612 1.27313e-06 
9.58 1.616 6.5852e-06 
9.58 1.62 2.88347e-05 
9.58 1.624 0.000100729 
9.58 1.628 0.000301323 
9.58 1.632 0.000699841 
9.58 1.636 0.00134084 
9.58 1.64 0.0021105 
9.58 1.644 0.00269185 
9.58 1.648 0.00279064 
9.58 1.652 0.00223218 
9.58 1.656 0.0014776 
9.58 1.66 0.000735602 
9.58 1.664 0.000301596 
9.58 1.668 9.16077e-05 
9.58 1.672 2.23894e-05 
9.58 1.676 4.22794e-06 
9.58 1.68 6.07431e-07 
9.58 1.684 6.70055e-08 
9.58 1.688 5.26297e-09 
9.58 1.692 3.35569e-10 
9.59 1.596 3.41329e-10 
9.59 1.6 3.35052e-09 
9.59 1.604 2.83944e-08 
9.59 1.608 2.12749e-07 
9.59 1.612 1.36159e-06 
9.59 1.616 6.86945e-06 
9.59 1.62 2.92757e-05 
9.59 1.624 0.000106505 
9.59 1.628 0.000306037 
9.59 1.632 0.000710755 
9.59 1.636 0.00138085 
9.59 1.64 0.00219922 
9.59 1.644 0.00278715 
9.59 1.648 0.00290219 
9.59 1.652 0.00233768 
9.59 1.656 0.0014595 
9.59 1.66 0.000773788 
9.59 1.664 0.000303906 
9.59 1.668 9.40023e-05 
9.59 1.672 2.2865e-05 
9.59 1.676 4.28009e-06 
9.59 1.68 6.3515e-07 
9.59 1.684 6.53463e-08 
9.59 1.688 5.28349e-09 
9.59 1.692 3.19092e-10 
9.6 1.596 3.4147e-10 
9.6 1.6 3.52571e-09 
9.6 1.604 3.12226e-08 
9.6 1.608 2.25169e-07 
9.6 1.612 1.43275e-06 
9.6 1.616 7.19649e-06 
9.6 1.62 3.09359e-05 
9.6 1.624 0.000109747 
9.6 1.628 0.000315918 
9.6 1.632 0.000747069 
9.6 1.636 0.00141832 
9.6 1.64 0.00229667 
9.6 1.644 0.00292818 
9.6 1.648 0.00294399 
9.6 1.652 0.00236218 
9.6 1.656 0.00153055 
9.6 1.66 0.000782056 
9.6 1.664 0.000305554 
9.6 1.668 9.5908e-05 
9.6 1.672 2.27616e-05 
9.6 1.676 4.41975e-06 
9.6 1.68 6.29279e-07 
9.6 1.684 6.55292e-08 
9.6 1.688 5.76056e-09 
9.6 1.692 3.26362e-10 
9.61 1.596 3.55891e-10 
9.61 1.6 3.667e-09 
9.61 1.604 3.32617e-08 
9.61 1.608 2.40962e-07 
9.61 1.612 1.46606e-06 
9.61 1.616 7.61392e-06 
9.61 1.62 3.26247e-05 
9.61 1.624 0.000112869 
9.61 1.628 0.000320341 
9.61 1.632 0.000748232 
9.61 1.636 0.00146942 
9.61 1.64 0.0023143 
9.61 1.644 0.0029375 
9.61 1.648 0.00294641 
9.61 1.652 0.00243968 
9.61 1.656 0.0015494 
9.61 1.66 0.000771619 
9.61 1.664 0.000301477 
9.61 1.668 9.44236e-05 
9.61 1.672 2.29901e-05 
9.61 1.676 4.3929e-06 
9.61 1.68 6.08286e-07 
9.61 1.684 6.48585e-08 
9.61 1.688 5.33805e-09 
9.61 1.692 3.27997e-10 
9.62 1.596 3.73773e-10 
9.62 1.6 3.88795e-09 
9.62 1.604 3.35677e-08 
9.62 1.608 2.56235e-07 
9.62 1.612 1.49699e-06 
9.62 1.616 7.86048e-06 
9.62 1.62 3.42734e-05 
9.62 1.624 0.000115992 
9.62 1.628 0.000322332 
9.62 1.632 0.000787189 
9.62 1.636 0.00149932 
9.62 1.64 0.00241217 
9.62 1.644 0.00296793 
9.62 1.648 0.00301551 
9.62 1.652 0.00250573 
9.62 1.656 0.00155214 
9.62 1.66 0.000772936 
9.62 1.664 0.000310733 
9.62 1.668 9.65426e-05 
9.62 1.672 2.38551e-05 
9.62 1.676 4.35401e-06 
9.62 1.68 6.0335e-07 
9.62 1.684 6.74019e-08 
9.62 1.688 5.58739e-09 
9.62 1.692 3.2713e-10 
9.63 1.596 3.82125e-10 
9.63 1.6 4.19766e-09 
9.63 1.604 3.49008e-08 
9.63 1.608 2.56703e-07 
9.63 1.612 1.60989e-06 
9.63 1.616 8.23238e-06 
9.63 1.62 3.46358e-05 
9.63 1.624 0.00011718 
9.63 1.628 0.000333379 
9.63 1.632 0.000798415 
9.63 1.636 0.00157746 
9.63 1.64 0.00243923 
9.63 1.644 0.00306348 
9.63 1.648 0.00307249 
9.63 1.652 0.00248836 
9.63 1.656 0.00159936 
9.63 1.66 0.000797813 
9.63 1.664 0.000315801 
9.63 1.668 9.94104e-05 
9.63 1.672 2.34523e-05 
9.63 1.676 4.32734e-06 
9.63 1.68 6.06704e-07 
9.63 1.684 6.62651e-08 
9.63 1.688 5.38651e-09 
9.63 1.692 3.2125e-10 
9.64 1.596 4.25458e-10 
9.64 1.6 4.22589e-09 
9.64 1.604 3.61751e-08 
9.64 1.608 2.72331e-07 
9.64 1.612 1.65108e-06 
9.64 1.616 8.37641e-06 
9.64 1.62 3.52448e-05 
9.64 1.624 0.000121219 
9.64 1.628 0.000344047 
9.64 1.632 0.000825191 
9.64 1.636 0.0015987 
9.64 1.64 0.00246315 
9.64 1.644 0.00307148 
9.64 1.648 0.00316307 
9.64 1.652 0.00249708 
9.64 1.656 0.00156184 
9.64 1.66 0.000787071 
9.64 1.664 0.00032362 
9.64 1.668 9.97332e-05 
9.64 1.672 2.39629e-05 
9.64 1.676 4.40469e-06 
9.64 1.68 6.20915e-07 
9.64 1.684 6.76775e-08 
9.64 1.688 5.20073e-09 
9.64 1.692 3.1821e-10 
9.65 1.596 4.42848e-10 
9.65 1.6 4.43266e-09 
9.65 1.604 3.76244e-08 
9.65 1.608 2.82801e-07 
9.65 1.612 1.6973e-06 
9.65 1.616 8.53088e-06 
9.65 1.62 3.60197e-05 
9.65 1.624 0.000124486 
9.65 1.628 0.000350426 
9.65 1.632 0.000852702 
9.65 1.636 0.00161972 
9.65 1.64 0.00243673 
9.65 1.644 0.00319205 
9.65 1.648 0.0031428 
9.65 1.652 0.00248263 
9.65 1.656 0.00159547 
9.65 1.66 0.000793154 
9.65 1.664 0.00031443 
9.65 1.668 0.000101022 
9.65 1.672 2.38519e-05 
9.65 1.676 4.23672e-06 
9.65 1.68 6.1978e-07 
9.65 1.684 6.60676e-08 
9.65 1.688 5.23191e-09 
9.65 1.692 3.16086e-10 
9.66 1.596 4.56655e-10 
9.66 1.6 4.54814e-09 
9.66 1.604 3.88408e-08 
9.66 1.608 2.90838e-07 
9.66 1.612 1.73512e-06 
9.66 1.616 8.76734e-06 
9.66 1.62 3.67962e-05 
9.66 1.624 0.000128715 
9.66 1.628 0.000359275 
9.66 1.632 0.000867981 
9.66 1.636 0.00161552 
9.66 1.64 0.00251307 
9.66 1.644 0.00317375 
9.66 1.648 0.0032102 
9.66 1.652 0.00244608 
9.66 1.656 0.00157718 
9.66 1.66 0.000794789 
9.66 1.664 0.0003139 
9.66 1.668 0.000100179 
9.66 1.672 2.29616e-05 
9.66 1.676 4.31692e-06 
9.66 1.68 6.10859e-07 
9.66 1.684 6.30347e-08 
9.66 1.688 5.22555e-09 
9.66 1.692 3.10597e-10 
9.67 1.596 4.71496e-10 
9.67 1.6 4.74999e-09 
9.67 1.604 4.05498e-08 
9.67 1.608 3.04852e-07 
9.67 1.612 1.85331e-06 
9.67 1.616 8.8098e-06 
9.67 1.62 3.73461e-05 
9.67 1.624 0.0001328 
9.67 1.628 0.000371354 
9.67 1.632 0.000888776 
9.67 1.636 0.00166296 
9.67 1.64 0.0025876 
9.67 1.644 0.00324496 
9.67 1.648 0.00312585 
9.67 1.652 0.00250429 
9.67 1.656 0.00161889 
9.67 1.66 0.000798682 
9.67 1.664 0.000326858 
9.67 1.668 9.75382e-05 
9.67 1.672 2.30933e-05 
9.67 1.676 4.30897e-06 
9.67 1.68 6.14653e-07 
9.67 1.684 6.34907e-08 
9.67 1.688 5.13446e-09 
9.67 1.692 3.0943e-10 
9.68 1.596 4.92302e-10 
9.68 1.6 4.8422e-09 
9.68 1.604 4.22977e-08 
9.68 1.608 2.98328e-07 
9.68 1.612 1.85427e-06 
9.68 1.616 9.1026e-06 
9.68 1.62 3.7295e-05 
9.68 1.624 0.00012995 
9.68 1.628 0.000368164 
9.68 1.632 0.000872025 
9.68 1.636 0.00168462 
9.68 1.64 0.00257574 
9.68 1.644 0.00318958 
9.68 1.648 0.00308751 
9.68 1.652 0.002507 
9.68 1.656 0.00155305 
9.68 1.66 0.000799236 
9.68 1.664 0.000312064 
9.68 1.668 9.84923e-05 
9.68 1.672 2.26953e-05 
9.68 1.676 4.16756e-06 
9.68 1.68 5.79162e-07 
9.68 1.684 6.29935e-08 
9.68 1.688 4.80004e-09 
9.68 1.692 2.95491e-10 
9.69 1.596 4.93565e-10 
9.69 1.6 5.2094e-09 
9.69 1.604 4.32653e-08 
9.69 1.608 3.05548e-07 
9.69 1.612 1.81173e-06 
9.69 1.616 9.1731e-06 
9.69 1.62 3.81709e-05 
9.69 1.624 0.000131331 
9.69 1.628 0.000378665 
9.69 1.632 0.000874136 
9.69 1.636 0.00167655 
9.69 1.64 0.00259914 
9.69 1.644 0.00314446 
9.69 1.648 0.00309825 
9.69 1.652 0.00245818 
9.69 1.656 0.00153888 
9.69 1.66 0.000787458 
9.69 1.664 0.000309797 
9.69 1.668 9.41932e-05 
9.69 1.672 2.24989e-05 
9.69 1.676 4.06593e-06 
9.69 1.68 5.68496e-07 
9.69 1.684 6.10543e-08 
9.69 1.688 4.70688e-09 
9.69 1.692 2.90842e-10 
9.7 1.596 5.24432e-10 
9.7 1.6 5.09471e-09 
9.7 1.604 4.491e-08 
9.7 1.608 3.10134e-07 
9.7 1.612 1.87278e-06 
9.7 1.616 9.45906e-06 
9.7 1.62 3.84902e-05 
9.7 1.624 0.000131575 
9.7 1.628 0.000379284 
9.7 1.632 0.000910282 
9.7 1.636 0.0017224 
9.7 1.64 0.00254038 
9.7 1.644 0.00316429 
9.7 1.648 0.00312784 
9.7 1.652 0.00248956 
9.7 1.656 0.00156435 
9.7 1.66 0.000781486 
9.7 1.664 0.000309202 
9.7 1.668 9.39907e-05 
9.7 1.672 2.14895e-05 
9.7 1.676 3.91294e-06 
9.7 1.68 5.51754e-07 
9.7 1.684 5.77757e-08 
9.7 1.688 4.83316e-09 
9.7 1.692 2.81646e-10 
9.71 1.596 5.3426e-10 
9.71 1.6 5.46978e-09 
9.71 1.604 4.33014e-08 
9.71 1.608 3.10743e-07 
9.71 1.612 1.94685e-06 
9.71 1.616 9.1245e-06 
9.71 1.62 3.94345e-05 
9.71 1.624 0.000134924 
9.71 1.628 0.000386918 
9.71 1.632 0.000919116 
9.71 1.636 0.00167213 
9.71 1.64 0.00257204 
9.71 1.644 0.00314683 
9.71 1.648 0.00309033 
9.71 1.652 0.00249329 
9.71 1.656 0.00154372 
9.71 1.66 0.00076456 
9.71 1.664 0.000304525 
9.71 1.668 9.16154e-05 
9.71 1.672 2.15293e-05 
9.71 1.676 3.88008e-06 
9.71 1.68 5.35079e-07 
9.71 1.684 5.8229e-08 
9.71 1.688 4.50778e-09 
9.71 1.692 2.79233e-10 
9.72 1.596 5.41302e-10 
9.72 1.6 5.68504e-09 
9.72 1.604 4.47616e-08 
9.72 1.608 3.22322e-07 
9.72 1.612 1.97882e-06 
9.72 1.616 9.21971e-06 
9.72 1.62 4.01134e-05 
9.72 1.624 0.000140204 
9.72 1.628 0.000381536 
9.72 1.632 0.000916957 
9.72 1.636 0.00165662 
9.72 1.64 0.00256094 
9.72 1.644 0.00316756 
9.72 1.648 0.00304308 
9.72 1.652 0.00247667 
9.72 1.656 0.00154504 
9.72 1.66 0.000776603 
9.72 1.664 0.000298347 
9.72 1.668 8.98021e-05 
9.72 1.672 2.13325e-05 
9.72 1.676 3.77911e-06 
9.72 1.68 5.17773e-07 
9.72 1.684 5.56228e-08 
9.72 1.688 4.39067e-09 
9.72 1.692 2.80446e-10 
9.73 1.596 5.54435e-10 
9.73 1.6 5.5615e-09 
9.73 1.604 4.66882e-08 
9.73 1.608 3.305e-07 
9.73 1.612 1.95298e-06 
9.73 1.616 9.70424e-06 
9.73 1.62 4.10068e-05 
9.73 1.624 0.000137918 
9.73 1.628 0.000394174 
9.73 1.632 0.000896446 
9.73 1.636 0.00165575 
9.73 1.64 0.00254917 
9.73 1.644 0.00316771 
9.73 1.648 0.00309107 
9.73 1.652 0.00242378 
9.73 1.656 0.00153909 
9.73 1.66 0.000781635 
9.73 1.664 0.000290711 
9.73 1.668 9.12723e-05 
9.73 1.672 2.05615e-05 
9.73 1.676 3.62592e-06 
9.73 1.68 5.08714e-07 
9.73 1.684 5.60534e-08 
9.73 1.688 4.37996e-09 
9.73 1.692 2.77777e-10 
9.74 1.596 5.82043e-10 
9.74 1.6 5.5997e-09 
9.74 1.604 4.71886e-08 
9.74 1.608 3.2802e-07 
9.74 1.612 1.97335e-06 
9.74 1.616 9.99532e-06 
9.74 1.62 3.95757e-05 
9.74 1.624 0.000142554 
9.74 1.628 0.000394334 
9.74 1.632 0.000881312 
9.74 1.636 0.00170316 
9.74 1.64 0.0025729 
9.74 1.644 0.00314145 
9.74 1.648 0.00307017 
9.74 1.652 0.00243589 
9.74 1.656 0.00152967 
9.74 1.66 0.000768876 
9.74 1.664 0.000286764 
9.74 1.668 8.81049e-05 
9.74 1.672 2.04459e-05 
9.74 1.676 3.60585e-06 
9.74 1.68 5.03845e-07 
9.74 1.684 5.42777e-08 
9.74 1.688 4.29732e-09 
9.74 1.692 2.6388e-10 
9.75 1.596 5.85937e-10 
9.75 1.6 5.59316e-09 
9.75 1.604 4.76644e-08 
9.75 1.608 3.35598e-07 
9.75 1.612 2.00278e-06 
9.75 1.616 9.89461e-06 
9.75 1.62 4.11099e-05 
9.75 1.624 0.000142082 
9.75 1.628 0.000390713 
9.75 1.632 0.000920959 
9.75 1.636 0.00173918 
9.75 1.64 0.00256724 
9.75 1.644 0.00310733 
9.75 1.648 0.00309919 
9.75 1.652 0.00248956 
9.75 1.656 0.00153419 
9.75 1.66 0.000746068 
9.75 1.664 0.000289588 
9.75 1.668 8.71673e-05 
9.75 1.672 2.03415e-05 
9.75 1.676 3.65742e-06 
9.75 1.68 4.98334e-07 
9.75 1.684 5.11939e-08 
9.75 1.688 4.24419e-09 
9.75 1.692 2.43116e-10 
9.76 1.596 5.75984e-10 
9.76 1.6 5.77228e-09 
9.76 1.604 4.67585e-08 
9.76 1.608 3.37572e-07 
9.76 1.612 2.01495e-06 
9.76 1.616 1.00643e-05 
9.76 1.62 4.20817e-05 
9.76 1.624 0.000144214 
9.76 1.628 0.000396484 
9.76 1.632 0.000905395 
9.76 1.636 0.00170802 
9.76 1.64 0.00248423 
9.76 1.644 0.00310441 
9.76 1.648 0.00310101 
9.76 1.652 0.00238178 
9.76 1.656 0.00151354 
9.76 1.66 0.000733585 
9.76 1.664 0.000286832 
9.76 1.668 8.91732e-05 
9.76 1.672 1.9743e-05 
9.76 1.676 3.52621e-06 
9.76 1.68 4.8764e-07 
9.76 1.684 5.23394e-08 
9.76 1.688 4.05776e-09 
9.76 1.692 2.34223e-10 
9.77 1.596 5.79813e-10 
9.77 1.6 5.78363e-09 
9.77 1.604 4.76427e-08 
9.77 1.608 3.51747e-07 
9.77 1.612 2.06576e-06 
9.77 1.616 1.01338e-05 
9.77 1.62 4.31177e-05 
9.77 1.624 0.000138595 
9.77 1.628 0.000396072 
9.77 1.632 0.000899352 
9.77 1.636 0.00164622 
9.77 1.64 0.0025253 
9.77 1.644 0.00300711 
9.77 1.648 0.00301939 
9.77 1.652 0.00236159 
9.77 1.656 0.00145274 
9.77 1.66 0.000720772 
9.77 1.664 0.000281477 
9.77 1.668 8.24516e-05 
9.77 1.672 1.88355e-05 
9.77 1.676 3.42722e-06 
9.77 1.68 4.79296e-07 
9.77 1.684 4.99626e-08 
9.77 1.688 4.0118e-09 
9.77 1.692 2.4399e-10 
9.78 1.596 5.93702e-10 
9.78 1.6 5.9769e-09 
9.78 1.604 4.78769e-08 
9.78 1.608 3.50737e-07 
9.78 1.612 2.10509e-06 
9.78 1.616 1.02961e-05 
9.78 1.62 4.18108e-05 
9.78 1.624 0.000140275 
9.78 1.628 0.000388116 
9.78 1.632 0.000874505 
9.78 1.636 0.00163196 
9.78 1.64 0.00247837 
9.78 1.644 0.00307314 
9.78 1.648 0.00298882 
9.78 1.652 0.00236134 
9.78 1.656 0.00140263 
9.78 1.66 0.000707817 
9.78 1.664 0.00027082 
9.78 1.668 7.86806e-05 
9.78 1.672 1.89847e-05 
9.78 1.676 3.46171e-06 
9.78 1.68 4.70953e-07 
9.78 1.684 4.78421e-08 
9.78 1.688 3.87938e-09 
9.78 1.692 2.25462e-10 
9.79 1.596 6.04521e-10 
9.79 1.6 6.32541e-09 
9.79 1.604 5.12438e-08 
9.79 1.608 3.44794e-07 
9.79 1.612 2.09893e-06 
9.79 1.616 1.01486e-05 
9.79 1.62 4.16265e-05 
9.79 1.624 0.00013715 
9.79 1.628 0.000391317 
9.79 1.632 0.000870027 
9.79 1.636 0.00166472 
9.79 1.64 0.00240815 
9.79 1.644 0.00306237 
9.79 1.648 0.00294752 
9.79 1.652 0.00230904 
9.79 1.656 0.00141279 
9.79 1.66 0.000687963 
9.79 1.664 0.000263945 
9.79 1.668 7.9097e-05 
9.79 1.672 1.88358e-05 
9.79 1.676 3.36045e-06 
9.79 1.68 4.4816e-07 
9.79 1.684 4.76861e-08 
9.79 1.688 3.80212e-09 
9.79 1.692 2.19106e-10 
9.8 1.596 6.22121e-10 
9.8 1.6 5.94049e-09 
9.8 1.604 4.93232e-08 
9.8 1.608 3.48088e-07 
9.8 1.612 2.15101e-06 
9.8 1.616 1.01995e-05 
9.8 1.62 4.07338e-05 
9.8 1.624 0.000139333 
9.8 1.628 0.000386305 
9.8 1.632 0.000898 
9.8 1.636 0.00163138 
9.8 1.64 0.00248975 
9.8 1.644 0.00305791 
9.8 1.648 0.00300564 
9.8 1.652 0.00225151 
9.8 1.656 0.00138256 
9.8 1.66 0.000665379 
9.8 1.664 0.000261786 
9.8 1.668 7.71315e-05 
9.8 1.672 1.78628e-05 
9.8 1.676 3.16607e-06 
9.8 1.68 4.49917e-07 
9.8 1.684 4.39691e-08 
9.8 1.688 3.51311e-09 
9.8 1.692 2.13735e-10 
9.81 1.596 6.07455e-10 
9.81 1.6 5.92819e-09 
9.81 1.604 5.06193e-08 
9.81 1.608 3.58234e-07 
9.81 1.612 2.10469e-06 
9.81 1.616 1.00426e-05 
9.81 1.62 4.05796e-05 
9.81 1.624 0.00013684 
9.81 1.628 0.000386292 
9.81 1.632 0.000867616 
9.81 1.636 0.00165792 
9.81 1.64 0.00239585 
9.81 1.644 0.00307811 
9.81 1.648 0.002913 
9.81 1.652 0.00222598 
9.81 1.656 0.00133727 
9.81 1.66 0.000668217 
9.81 1.664 0.000260218 
9.81 1.668 7.47229e-05 
9.81 1.672 1.74184e-05 
9.81 1.676 3.21482e-06 
9.81 1.68 4.3394e-07 
9.81 1.684 4.3507e-08 
9.81 1.688 3.40567e-09 
9.81 1.692 2.03632e-10 
9.82 1.596 6.1349e-10 
9.82 1.6 6.18398e-09 
9.82 1.604 5.14885e-08 
9.82 1.608 3.59774e-07 
9.82 1.612 2.08346e-06 
9.82 1.616 1.0044e-05 
9.82 1.62 4.10827e-05 
9.82 1.624 0.000136785 
9.82 1.628 0.000378877 
9.82 1.632 0.000839817 
9.82 1.636 0.00159677 
9.82 1.64 0.00242564 
9.82 1.644 0.00291809 
9.82 1.648 0.00273593 
9.82 1.652 0.00214129 
9.82 1.656 0.00132684 
9.82 1.66 0.000639419 
9.82 1.664 0.000247431 
9.82 1.668 7.48023e-05 
9.82 1.672 1.74717e-05 
9.82 1.676 3.08813e-06 
9.82 1.68 4.1255e-07 
9.82 1.684 4.3916e-08 
9.82 1.688 3.21724e-09 
9.82 1.692 1.93278e-10 
9.83 1.596 6.21148e-10 
9.83 1.6 5.99012e-09 
9.83 1.604 5.29582e-08 
9.83 1.608 3.68788e-07 
9.83 1.612 2.05642e-06 
9.83 1.616 9.73247e-06 
9.83 1.62 3.99743e-05 
9.83 1.624 0.000133182 
9.83 1.628 0.000361122 
9.83 1.632 0.000827103 
9.83 1.636 0.00159645 
9.83 1.64 0.00234058 
9.83 1.644 0.00277704 
9.83 1.648 0.00267098 
9.83 1.652 0.00206472 
9.83 1.656 0.00130686 
9.83 1.66 0.000617136 
9.83 1.664 0.000234452 
9.83 1.668 7.10471e-05 
9.83 1.672 1.67332e-05 
9.83 1.676 3.01532e-06 
9.83 1.68 3.89227e-07 
9.83 1.684 3.8549e-08 
9.83 1.688 3.13673e-09 
9.83 1.692 1.78875e-10 
9.84 1.596 6.52271e-10 
9.84 1.6 6.4584e-09 
9.84 1.604 5.20113e-08 
9.84 1.608 3.51588e-07 
9.84 1.612 2.01685e-06 
9.84 1.616 9.97462e-06 
9.84 1.62 3.90038e-05 
9.84 1.624 0.000131258 
9.84 1.628 0.000366919 
9.84 1.632 0.000817942 
9.84 1.636 0.00157003 
9.84 1.64 0.00231238 
9.84 1.644 0.00267831 
9.84 1.648 0.00259849 
9.84 1.652 0.0020312 
9.84 1.656 0.00128161 
9.84 1.66 0.000595095 
9.84 1.664 0.000230867 
9.84 1.668 6.89181e-05 
9.84 1.672 1.62893e-05 
9.84 1.676 2.8602e-06 
9.84 1.68 3.68127e-07 
9.84 1.684 3.82121e-08 
9.84 1.688 2.97264e-09 
9.84 1.692 1.73358e-10 
9.85 1.596 6.6141e-10 
9.85 1.6 6.3742e-09 
9.85 1.604 5.08074e-08 
9.85 1.608 3.50188e-07 
9.85 1.612 1.98633e-06 
9.85 1.616 9.66798e-06 
9.85 1.62 3.91504e-05 
9.85 1.624 0.000136073 
9.85 1.628 0.000361557 
9.85 1.632 0.000816045 
9.85 1.636 0.0015254 
9.85 1.64 0.00226724 
9.85 1.644 0.00267129 
9.85 1.648 0.00255527 
9.85 1.652 0.00197008 
9.85 1.656 0.00121317 
9.85 1.66 0.000595122 
9.85 1.664 0.000219812 
9.85 1.668 6.7411e-05 
9.85 1.672 1.57404e-05 
9.85 1.676 2.79039e-06 
9.85 1.68 3.54178e-07 
9.85 1.684 3.62822e-08 
9.85 1.688 2.88335e-09 
9.85 1.692 1.72857e-10 
9.86 1.596 6.37799e-10 
9.86 1.6 6.19734e-09 
9.86 1.604 4.98272e-08 
9.86 1.608 3.55603e-07 
9.86 1.612 2.04778e-06 
9.86 1.616 9.5911e-06 
9.86 1.62 3.8422e-05 
9.86 1.624 0.000134245 
9.86 1.628 0.000359595 
9.86 1.632 0.000815775 
9.86 1.636 0.00147276 
9.86 1.64 0.00220097 
9.86 1.644 0.00262229 
9.86 1.648 0.00247917 
9.86 1.652 0.00193269 
9.86 1.656 0.0012001 
9.86 1.66 0.000570414 
9.86 1.664 0.000212713 
9.86 1.668 6.41702e-05 
9.86 1.672 1.46782e-05 
9.86 1.676 2.62789e-06 
9.86 1.68 3.42263e-07 
9.86 1.684 3.39398e-08 
9.86 1.688 2.71851e-09 
9.86 1.692 1.60921e-10 
9.87 1.596 6.48989e-10 
9.87 1.6 6.18971e-09 
9.87 1.604 4.97366e-08 
9.87 1.608 3.35116e-07 
9.87 1.612 2.03667e-06 
9.87 1.616 9.64923e-06 
9.87 1.62 3.89301e-05 
9.87 1.624 0.000128709 
9.87 1.628 0.0003695 
9.87 1.632 0.000800648 
9.87 1.636 0.00143604 
9.87 1.64 0.00214403 
9.87 1.644 0.00253338 
9.87 1.648 0.00244817 
9.87 1.652 0.00184567 
9.87 1.656 0.00113175 
9.87 1.66 0.000556744 
9.87 1.664 0.000209781 
9.87 1.668 5.92437e-05 
9.87 1.672 1.35477e-05 
9.87 1.676 2.4751e-06 
9.87 1.68 3.35372e-07 
9.87 1.684 3.38094e-08 
9.87 1.688 2.5685e-09 
9.87 1.692 1.5588e-10 
9.88 1.596 6.23826e-10 
9.88 1.6 6.08494e-09 
9.88 1.604 4.93776e-08 
9.88 1.608 3.35401e-07 
9.88 1.612 1.96066e-06 
9.88 1.616 9.50588e-06 
9.88 1.62 3.83205e-05 
9.88 1.624 0.000125179 
9.88 1.628 0.000351456 
9.88 1.632 0.000776529 
9.88 1.636 0.00142705 
9.88 1.64 0.00207104 
9.88 1.644 0.00239939 
9.88 1.648 0.00241511 
9.88 1.652 0.00177867 
9.88 1.656 0.00111621 
9.88 1.66 0.000529806 
9.88 1.664 0.000201869 
9.88 1.668 5.80896e-05 
9.88 1.672 1.32501e-05 
9.88 1.676 2.35658e-06 
9.88 1.68 3.09333e-07 
9.88 1.684 3.27969e-08 
9.88 1.688 2.51957e-09 
9.88 1.692 1.4505e-10 
9.89 1.596 6.25694e-10 
9.89 1.6 5.93794e-09 
9.89 1.604 4.93814e-08 
9.89 1.608 3.39499e-07 
9.89 1.612 1.92782e-06 
9.89 1.616 9.21287e-06 
9.89 1.62 3.6985e-05 
9.89 1.624 0.000128028 
9.89 1.628 0.000338287 
9.89 1.632 0.000773438 
9.89 1.636 0.00136122 
9.89 1.64 0.00201935 
9.89 1.644 0.0023824 
9.89 1.648 0.00232882 
9.89 1.652 0.00177759 
9.89 1.656 0.00108806 
9.89 1.66 0.000525149 
9.89 1.664 0.00018818 
9.89 1.668 5.72411e-05 
9.89 1.672 1.32685e-05 
9.89 1.676 2.20081e-06 
9.89 1.68 2.98457e-07 
9.89 1.684 3.17334e-08 
9.89 1.688 2.42408e-09 
9.89 1.692 1.40061e-10 
9.9 1.596 6.08115e-10 
9.9 1.6 6.07964e-09 
9.9 1.604 4.74386e-08 
9.9 1.608 3.29404e-07 
9.9 1.612 1.88829e-06 
9.9 1.616 9.14883e-06 
9.9 1.62 3.57182e-05 
9.9 1.624 0.000124363 
9.9 1.628 0.000325912 
9.9 1.632 0.000725021 
9.9 1.636 0.00127745 
9.9 1.64 0.00195211 
9.9 1.644 0.00227576 
9.9 1.648 0.00223939 
9.9 1.652 0.00167425 
9.9 1.656 0.00103924 
9.9 1.66 0.000494146 
9.9 1.664 0.000186291 
9.9 1.668 5.41837e-05 
9.9 1.672 1.24217e-05 
9.9 1.676 2.16288e-06 
9.9 1.68 2.92965e-07 
9.9 1.684 2.94316e-08 
9.9 1.688 2.29135e-09 
9.9 1.692 1.36961e-10 
9.91 1.596 6.05743e-10 
9.91 1.6 5.79062e-09 
9.91 1.604 4.80933e-08 
9.91 1.608 3.23873e-07 
9.91 1.612 1.85685e-06 
9.91 1.616 9.05008e-06 
9.91 1.62 3.62854e-05 
9.91 1.624 0.000117364 
9.91 1.628 0.000306387 
9.91 1.632 0.000707741 
9.91 1.636 0.001273 
9.91 1.64 0.0018312 
9.91 1.644 0.00219658 
9.91 1.648 0.00216012 
9.91 1.652 0.00162606 
9.91 1.656 0.000988192 
9.91 1.66 0.000479224 
9.91 1.664 0.000183067 
9.91 1.668 5.30284e-05 
9.91 1.672 1.14308e-05 
9.91 1.676 2.08695e-06 
9.91 1.68 2.7923e-07 
9.91 1.684 2.9283e-08 
9.91 1.688 2.16497e-09 
9.91 1.692 1.1443e-10 
9.92 1.596 5.88437e-10 
9.92 1.6 6.05399e-09 
9.92 1.604 4.72726e-08 
9.92 1.608 3.28148e-07 
9.92 1.612 1.8687e-06 
9.92 1.616 9.22864e-06 
9.92 1.62 3.61115e-05 
9.92 1.624 0.000115324 
9.92 1.628 0.000299543 
9.92 1.632 0.000676408 
9.92 1.636 0.00121606 
9.92 1.64 0.00179624 
9.92 1.644 0.00210849 
9.92 1.648 0.0020424 
9.92 1.652 0.00153924 
9.92 1.656 0.000974569 
9.92 1.66 0.000457532 
9.92 1.664 0.000172739 
9.92 1.668 5.10154e-05 
9.92 1.672 1.19021e-05 
9.92 1.676 2.068e-06 
9.92 1.68 2.6917e-07 
9.92 1.684 2.81702e-08 
9.92 1.688 2.07901e-09 
9.92 1.692 1.16787e-10 
9.93 1.596 6.0401e-10 
9.93 1.6 5.61033e-09 
9.93 1.604 4.68952e-08 
9.93 1.608 3.18534e-07 
9.93 1.612 1.84815e-06 
9.93 1.616 8.87223e-06 
9.93 1.62 3.45045e-05 
9.93 1.624 0.000108663 
9.93 1.628 0.000294467 
9.93 1.632 0.000664644 
9.93 1.636 0.00118406 
9.93 1.64 0.0017506 
9.93 1.644 0.00202074 
9.93 1.648 0.00203725 
9.93 1.652 0.00151334 
9.93 1.656 0.00091432 
9.93 1.66 0.000445119 
9.93 1.664 0.0001675 
9.93 1.668 4.82208e-05 
9.93 1.672 1.11623e-05 
9.93 1.676 1.9265e-06 
9.93 1.68 2.68286e-07 
9.93 1.684 2.74612e-08 
9.93 1.688 1.87388e-09 
9.93 1.692 1.07508e-10 
9.94 1.596 5.85347e-10 
9.94 1.6 5.53019e-09 
9.94 1.604 4.37382e-08 
9.94 1.608 3.13801e-07 
9.94 1.612 1.72811e-06 
9.94 1.616 8.34608e-06 
9.94 1.62 3.23437e-05 
9.94 1.624 0.000107213 
9.94 1.628 0.000289301 
9.94 1.632 0.000644988 
9.94 1.636 0.00117226 
9.94 1.64 0.00173203 
9.94 1.644 0.00204236 
9.94 1.648 0.00195514 
9.94 1.652 0.00149762 
9.94 1.656 0.000897331 
9.94 1.66 0.000409534 
9.94 1.664 0.000153324 
9.94 1.668 4.47404e-05 
9.94 1.672 1.05851e-05 
9.94 1.676 1.82221e-06 
9.94 1.68 2.40076e-07 
9.94 1.684 2.38692e-08 
9.94 1.688 1.78799e-09 
9.95 1.596 5.63944e-10 
9.95 1.6 5.33884e-09 
9.95 1.604 4.43422e-08 
9.95 1.608 2.89988e-07 
9.95 1.612 1.67105e-06 
9.95 1.616 7.79746e-06 
9.95 1.62 3.10142e-05 
9.95 1.624 0.000105466 
9.95 1.628 0.000278467 
9.95 1.632 0.000636322 
9.95 1.636 0.00115368 
9.95 1.64 0.00169089 
9.95 1.644 0.00201295 
9.95 1.648 0.0019446 
9.95 1.652 0.00145963 
9.95 1.656 0.000848604 
9.95 1.66 0.000389057 
9.95 1.664 0.000150126 
9.95 1.668 4.32482e-05 
9.95 1.672 9.74078e-06 
9.95 1.676 1.66242e-06 
9.95 1.68 2.21224e-07 
9.95 1.684 2.11197e-08 
9.95 1.688 1.68843e-09 
9.96 1.596 5.53149e-10 
9.96 1.6 5.32005e-09 
9.96 1.604 4.35167e-08 
9.96 1.608 2.85412e-07 
9.96 1.612 1.61577e-06 
9.96 1.616 7.83615e-06 
9.96 1.62 3.12744e-05 
9.96 1.624 0.000101199 
9.96 1.628 0.000278598 
9.96 1.632 0.000615996 
9.96 1.636 0.0011202 
9.96 1.64 0.00165268 
9.96 1.644 0.00197413 
9.96 1.648 0.00184636 
9.96 1.652 0.00137094 
9.96 1.656 0.000782414 
9.96 1.66 0.000384588 
9.96 1.664 0.000139366 
9.96 1.668 4.14014e-05 
9.96 1.672 8.95665e-06 
9.96 1.676 1.59396e-06 
9.96 1.68 2.11587e-07 
9.96 1.684 2.06433e-08 
9.96 1.688 1.53693e-09 
9.97 1.596 5.5839e-10 
9.97 1.6 5.38633e-09 
9.97 1.604 4.14731e-08 
9.97 1.608 2.77809e-07 
9.97 1.612 1.6398e-06 
9.97 1.616 7.67834e-06 
9.97 1.62 3.07374e-05 
9.97 1.624 0.000100224 
9.97 1.628 0.000261332 
9.97 1.632 0.000603504 
9.97 1.636 0.00106928 
9.97 1.64 0.0015703 
9.97 1.644 0.00191509 
9.97 1.648 0.0017409 
9.97 1.652 0.00128538 
9.97 1.656 0.000786015 
9.97 1.66 0.000360038 
9.97 1.664 0.000138566 
9.97 1.668 3.88764e-05 
9.97 1.672 8.93187e-06 
9.97 1.676 1.51588e-06 
9.97 1.68 1.99756e-07 
9.97 1.684 1.95122e-08 
9.97 1.688 1.47723e-09 
9.98 1.596 5.61712e-10 
9.98 1.6 5.31489e-09 
9.98 1.604 4.07837e-08 
9.98 1.608 2.87394e-07 
9.98 1.612 1.5841e-06 
9.98 1.616 7.76467e-06 
9.98 1.62 3.01568e-05 
9.98 1.624 9.61073e-05 
9.98 1.628 0.000258656 
9.98 1.632 0.000574681 
9.98 1.636 0.00103017 
9.98 1.64 0.00154839 
9.98 1.644 0.00179572 
9.98 1.648 0.0016844 
9.98 1.652 0.00124237 
9.98 1.656 0.000752545 
9.98 1.66 0.000358306 
9.98 1.664 0.000133632 
9.98 1.668 3.71372e-05 
9.98 1.672 8.47839e-06 
9.98 1.676 1.44528e-06 
9.98 1.68 1.95947e-07 
9.98 1.684 1.92047e-08 
9.98 1.688 1.26455e-09 
9.99 1.596 5.44194e-10 
9.99 1.6 5.14024e-09 
9.99 1.604 4.12597e-08 
9.99 1.608 2.89314e-07 
9.99 1.612 1.62056e-06 
9.99 1.616 7.56317e-06 
9.99 1.62 2.90645e-05 
9.99 1.624 9.10547e-05 
9.99 1.628 0.000251791 
9.99 1.632 0.000555855 
9.99 1.636 0.00100241 
9.99 1.64 0.00149596 
9.99 1.644 0.00173097 
9.99 1.648 0.00161976 
9.99 1.652 0.00123777 
9.99 1.656 0.000748344 
9.99 1.66 0.000350732 
9.99 1.664 0.000129996 
9.99 1.668 3.61868e-05 
9.99 1.672 8.33447e-06 
9.99 1.676 1.41253e-06 
9.99 1.68 1.82139e-07 
9.99 1.684 1.88939e-08 
9.99 1.688 1.25604e-09 
10 1.596 5.37641e-10 
10 1.6 4.96329e-09 
10 1.604 4.16881e-08 
10 1.608 2.79473e-07 
10 1.612 1.566e-06 
10 1.616 7.16889e-06 
10 1.62 2.74529e-05 
10 1.624 8.9961e-05 
10 1.628 0.000245627 
10 1.632 0.000536136 
10 1.636 0.00098585 
10 1.64 0.0014128 
10 1.644 0.00170056 
10 1.648 0.00160531 
10 1.652 0.00122128 
10 1.656 0.000727849 
10 1.66 0.000345204 
10 1.664 0.000126029 
10 1.668 3.62092e-05 
10 1.672 7.89523e-06 
10 1.676 1.37759e-06 
10 1.68 1.84906e-07 
10 1.684 1.68675e-08 
10 1.688 9.89133e-10 
10.01 1.596 5.3406e-10 
10.01 1.6 5.03979e-09 
10.01 1.604 4.08604e-08 
10.01 1.608 2.81667e-07 
10.01 1.612 1.51288e-06 
10.01 1.616 6.96748e-06 
10.01 1.62 2.71208e-05 
10.01 1.624 9.11818e-05 
10.01 1.628 0.000238979 
10.01 1.632 0.000530138 
10.01 1.636 0.000950293 
10.01 1.64 0.00139979 
10.01 1.644 0.00163135 
10.01 1.648 0.00156691 
10.01 1.652 0.00117629 
10.01 1.656 0.000710413 
10.01 1.66 0.000334806 
10.01 1.664 0.000124783 
10.01 1.668 3.54976e-05 
10.01 1.672 7.83191e-06 
10.01 1.676 1.33245e-06 
10.01 1.68 1.64168e-07 
10.01 1.684 1.53471e-08 
10.01 1.688 8.27792e-10 
10.02 1.596 5.22165e-10 
10.02 1.6 4.88431e-09 
10.02 1.604 4.01256e-08 
10.02 1.608 2.66173e-07 
10.02 1.612 1.43804e-06 
10.02 1.616 6.97146e-06 
10.02 1.62 2.74998e-05 
10.02 1.624 8.84905e-05 
10.02 1.628 0.000239642 
10.02 1.632 0.000514164 
10.02 1.636 0.00092551 
10.02 1.64 0.0013789 
10.02 1.644 0.00158055 
10.02 1.648 0.00149939 
10.02 1.652 0.00113424 
10.02 1.656 0.000672703 
10.02 1.66 0.000320201 
10.02 1.664 0.000116241 
10.02 1.668 3.30827e-05 
10.02 1.672 6.81735e-06 
10.02 1.676 1.21074e-06 
10.02 1.68 1.40527e-07 
10.02 1.684 1.19768e-08 
10.02 1.688 6.42705e-10 
10.03 1.596 5.00527e-10 
10.03 1.6 4.79044e-09 
10.03 1.604 3.80616e-08 
10.03 1.608 2.44334e-07 
10.03 1.612 1.49154e-06 
10.03 1.616 6.83974e-06 
10.03 1.62 2.68017e-05 
10.03 1.624 8.81653e-05 
10.03 1.628 0.000234652 
10.03 1.632 0.000504049 
10.03 1.636 0.000916731 
10.03 1.64 0.00133753 
10.03 1.644 0.00155062 
10.03 1.648 0.00147275 
10.03 1.652 0.00109169 
10.03 1.656 0.000662463 
10.03 1.66 0.000304339 
10.03 1.664 0.000112321 
10.03 1.668 3.03025e-05 
10.03 1.672 6.48416e-06 
10.03 1.676 1.02305e-06 
10.03 1.68 1.25446e-07 
10.03 1.684 1.04519e-08 
10.03 1.688 4.52335e-10 
10.04 1.596 4.67908e-10 
10.04 1.6 4.47674e-09 
10.04 1.604 3.76702e-08 
10.04 1.608 2.50885e-07 
10.04 1.612 1.42225e-06 
10.04 1.616 6.8798e-06 
10.04 1.62 2.65378e-05 
10.04 1.624 8.4679e-05 
10.04 1.628 0.000229782 
10.04 1.632 0.000512017 
10.04 1.636 0.000905205 
10.04 1.64 0.00128337 
10.04 1.644 0.00154755 
10.04 1.648 0.00140767 
10.04 1.652 0.00106261 
10.04 1.656 0.000633621 
10.04 1.66 0.000297918 
10.04 1.664 0.00010721 
10.04 1.668 2.88316e-05 
10.04 1.672 5.95647e-06 
10.04 1.676 9.64565e-07 
10.04 1.68 1.12102e-07 
10.04 1.684 8.42177e-09 
10.04 1.688 3.16078e-10 
10.05 1.596 4.74765e-10 
10.05 1.6 4.55424e-09 
10.05 1.604 3.60444e-08 
10.05 1.608 2.50046e-07 
10.05 1.612 1.42309e-06 
10.05 1.616 6.4762e-06 
10.05 1.62 2.60378e-05 
10.05 1.624 8.40764e-05 
10.05 1.628 0.000226457 
10.05 1.632 0.0004843 
10.05 1.636 0.000864667 
10.05 1.64 0.00125225 
10.05 1.644 0.00143303 
10.05 1.648 0.00133742 
10.05 1.652 0.00100634 
10.05 1.656 0.000604345 
10.05 1.66 0.000276131 
10.05 1.664 0.000100373 
10.05 1.668 2.68011e-05 
10.05 1.672 5.58263e-06 
10.05 1.676 8.7102e-07 
10.05 1.68 1.04112e-07 
10.05 1.684 6.45586e-09 
10.05 1.688 2.26619e-10 
10.06 1.596 4.71075e-10 
10.06 1.6 4.38664e-09 
10.06 1.604 3.66552e-08 
10.06 1.608 2.4106e-07 
10.06 1.612 1.34906e-06 
10.06 1.616 6.27266e-06 
10.06 1.62 2.50958e-05 
10.06 1.624 7.96406e-05 
10.06 1.628 0.00020902 
10.06 1.632 0.000469886 
10.06 1.636 0.000818159 
10.06 1.64 0.00112394 
10.06 1.644 0.00130002 
10.06 1.648 0.0012539 
10.06 1.652 0.00093138 
10.06 1.656 0.000547665 
10.06 1.66 0.00025767 
10.06 1.664 9.43703e-05 
10.06 1.668 2.44367e-05 
10.06 1.672 5.33401e-06 
10.06 1.676 8.57974e-07 
10.06 1.68 8.33073e-08 
10.06 1.684 4.96255e-09 
10.06 1.688 1.33505e-10 
10.07 1.596 4.71803e-10 
10.07 1.6 4.40147e-09 
10.07 1.604 3.59278e-08 
10.07 1.608 2.39085e-07 
10.07 1.612 1.29302e-06 
10.07 1.616 6.10114e-06 
10.07 1.62 2.40734e-05 
10.07 1.624 7.71765e-05 
10.07 1.628 0.000208532 
10.07 1.632 0.000444544 
10.07 1.636 0.000748663 
10.07 1.64 0.00107219 
10.07 1.644 0.00126733 
10.07 1.648 0.00116464 
10.07 1.652 0.000879785 
10.07 1.656 0.000530956 
10.07 1.66 0.000246295 
10.07 1.664 8.69324e-05 
10.07 1.668 2.43176e-05 
10.07 1.672 4.84488e-06 
10.07 1.676 8.00504e-07 
10.07 1.68 7.29686e-08 
10.07 1.684 3.62125e-09 
10.08 1.596 4.64146e-10 
10.08 1.6 4.42169e-09 
10.08 1.604 3.48869e-08 
10.08 1.608 2.22352e-07 
10.08 1.612 1.27418e-06 
10.08 1.616 5.97577e-06 
10.08 1.62 2.35161e-05 
10.08 1.624 7.44522e-05 
10.08 1.628 0.00019509 
10.08 1.632 0.000404158 
10.08 1.636 0.000680932 
10.08 1.64 0.000968762 
10.08 1.644 0.0011009 
10.08 1.648 0.00104731 
10.08 1.652 0.000780329 
10.08 1.656 0.000454771 
10.08 1.66 0.000209812 
10.08 1.664 7.81729e-05 
10.08 1.668 2.13085e-05 
10.08 1.672 4.68366e-06 
10.08 1.676 6.91489e-07 
10.08 1.68 5.51751e-08 
10.08 1.684 2.54256e-09 
10.09 1.596 4.64518e-10 
10.09 1.6 4.24623e-09 
10.09 1.604 3.22861e-08 
10.09 1.608 2.18004e-07 
10.09 1.612 1.23659e-06 
10.09 1.616 5.74756e-06 
10.09 1.62 2.18505e-05 
10.09 1.624 7.22056e-05 
10.09 1.628 0.000188132 
10.09 1.632 0.000386281 
10.09 1.636 0.000653174 
10.09 1.64 0.000935629 
10.09 1.644 0.00108548 
10.09 1.648 0.000994929 
10.09 1.652 0.000735132 
10.09 1.656 0.000436914 
10.09 1.66 0.000203004 
10.09 1.664 7.41882e-05 
10.09 1.668 2.05862e-05 
10.09 1.672 4.19292e-06 
10.09 1.676 6.22906e-07 
10.09 1.68 4.2166e-08 
10.09 1.684 1.41273e-09 
10.1 1.596 4.41799e-10 
10.1 1.6 4.23677e-09 
10.1 1.604 3.1096e-08 
10.1 1.608 2.13595e-07 
10.1 1.612 1.2034e-06 
10.1 1.616 5.62896e-06 
10.1 1.62 2.17069e-05 
10.1 1.624 6.95748e-05 
10.1 1.628 0.000180143 
10.1 1.632 0.000372827 
10.1 1.636 0.000633962 
10.1 1.64 0.000904633 
10.1 1.644 0.00103276 
10.1 1.648 0.000985948 
10.1 1.652 0.000707837 
10.1 1.656 0.000426984 
10.1 1.66 0.000196802 
10.1 1.664 7.14686e-05 
10.1 1.668 1.98475e-05 
10.1 1.672 4.06655e-06 
10.1 1.676 4.6829e-07 
10.1 1.68 3.16263e-08 
10.1 1.684 6.93126e-10 
10.11 1.596 4.20002e-10 
10.11 1.6 4.02963e-09 
10.11 1.604 3.15381e-08 
10.11 1.608 2.07891e-07 
10.11 1.612 1.1687e-06 
10.11 1.616 5.45741e-06 
10.11 1.62 2.14547e-05 
10.11 1.624 6.74018e-05 
10.11 1.628 0.000175263 
10.11 1.632 0.000355566 
10.11 1.636 0.000617807 
10.11 1.64 0.000874988 
10.11 1.644 0.00100324 
10.11 1.648 0.000955253 
10.11 1.652 0.00070206 
10.11 1.656 0.00041878 
10.11 1.66 0.00018757 
10.11 1.664 7.15381e-05 
10.11 1.668 1.90639e-05 
10.11 1.672 3.72992e-06 
10.11 1.676 3.84113e-07 
10.11 1.68 1.91314e-08 
10.11 1.684 1.89302e-10 
10.12 1.596 4.09913e-10 
10.12 1.6 3.84027e-09 
10.12 1.604 3.1365e-08 
10.12 1.608 2.00313e-07 
10.12 1.612 1.12674e-06 
10.12 1.616 5.19212e-06 
10.12 1.62 2.05863e-05 
10.12 1.624 6.48546e-05 
10.12 1.628 0.000163047 
10.12 1.632 0.000333345 
10.12 1.636 0.000595465 
10.12 1.64 0.000859453 
10.12 1.644 0.000984949 
10.12 1.648 0.0009167 
10.12 1.652 0.000673128 
10.12 1.656 0.000407445 
10.12 1.66 0.00018734 
10.12 1.664 6.74732e-05 
10.12 1.668 1.73524e-05 
10.12 1.672 2.99049e-06 
10.12 1.676 2.69562e-07 
10.12 1.68 1.22635e-08 
10.13 1.596 3.88143e-10 
10.13 1.6 3.53437e-09 
10.13 1.604 2.95448e-08 
10.13 1.608 1.87355e-07 
10.13 1.612 1.03611e-06 
10.13 1.616 4.91288e-06 
10.13 1.62 1.85735e-05 
10.13 1.624 6.04995e-05 
10.13 1.628 0.000150783 
10.13 1.632 0.000328468 
10.13 1.636 0.00057607 
10.13 1.64 0.000849669 
10.13 1.644 0.000959203 
10.13 1.648 0.000888974 
10.13 1.652 0.000663242 
10.13 1.656 0.000389763 
10.13 1.66 0.00018015 
10.13 1.664 6.32811e-05 
10.13 1.668 1.43934e-05 
10.13 1.672 2.44146e-06 
10.13 1.676 1.89561e-07 
10.13 1.68 5.16954e-09 
10.14 1.596 3.70017e-10 
10.14 1.6 3.41574e-09 
10.14 1.604 2.68752e-08 
10.14 1.608 1.8105e-07 
10.14 1.612 9.96793e-07 
10.14 1.616 4.61931e-06 
10.14 1.62 1.76114e-05 
10.14 1.624 5.48788e-05 
10.14 1.628 0.000148413 
10.14 1.632 0.000320139 
10.14 1.636 0.000554933 
10.14 1.64 0.000802421 
10.14 1.644 0.000924853 
10.14 1.648 0.000867667 
10.14 1.652 0.000628593 
10.14 1.656 0.000380666 
10.14 1.66 0.000162778 
10.14 1.664 5.76784e-05 
10.14 1.668 1.32485e-05 
10.14 1.672 1.71374e-06 
10.14 1.676 1.1902e-07 
10.14 1.68 1.43631e-09 
