#logL_Lsun PDF
2.486 1.79963e-07
2.488 3.95187e-07
2.49 7.9991e-07
2.492 1.50653e-06
2.494 2.63336e-06
2.496 4.55281e-06
2.498 7.28728e-06
2.5 1.18367e-05
2.502 1.77109e-05
2.504 2.75597e-05
2.506 3.99059e-05
2.508 5.94522e-05
2.51 8.30774e-05
2.512 0.00011733
2.514 0.000161665
2.516 0.000216862
2.518 0.000291574
2.52 0.000387672
2.522 0.000507614
2.524 0.000638408
2.526 0.000817798
2.528 0.000997694
2.53 0.00124638
2.532 0.00152178
2.534 0.00181811
2.536 0.00217131
2.538 0.00251057
2.54 0.00296533
2.542 0.00335032
2.544 0.00388923
2.546 0.00428374
2.548 0.00488434
2.55 0.0052528
2.552 0.00585815
2.554 0.00640321
2.556 0.00691477
2.558 0.007441
2.56 0.00799664
2.562 0.00844525
2.564 0.00888115
2.566 0.00937572
2.568 0.00982223
2.57 0.0101553
2.572 0.0105001
2.574 0.0109694
2.576 0.0111297
2.578 0.0115828
2.58 0.0118943
2.582 0.0121267
2.584 0.0122816
2.586 0.0126675
2.588 0.0129247
2.59 0.0130241
2.592 0.0133361
2.594 0.0134875
2.596 0.0136178
2.598 0.013603
2.6 0.0137324
2.602 0.0139832
2.604 0.0139991
2.606 0.0142933
2.608 0.0142142
2.61 0.0143469
2.612 0.0143723
2.614 0.0144938
2.616 0.0145552
2.618 0.0144259
2.62 0.0145163
2.622 0.0146352
2.624 0.0144707
2.626 0.0144129
2.628 0.0143955
2.63 0.0143402
2.632 0.0143735
2.634 0.0141999
2.636 0.0139828
2.638 0.0139969
2.64 0.0138677
2.642 0.0136445
2.644 0.0136438
2.646 0.0133237
2.648 0.0133041
2.65 0.0130526
2.652 0.0126457
2.654 0.0126535
2.656 0.0123419
2.658 0.0121356
2.66 0.0119965
2.662 0.0116058
2.664 0.0113941
2.666 0.0111702
2.668 0.0107222
2.67 0.0105424
2.672 0.0103097
2.674 0.0099288
2.676 0.0097353
2.678 0.00944745
2.68 0.00912446
2.682 0.00874481
2.684 0.00855982
2.686 0.0081632
2.688 0.00781306
2.69 0.00761312
2.692 0.00730674
2.694 0.00705329
2.696 0.00678881
2.698 0.0065289
2.7 0.00621713
2.702 0.00593662
2.704 0.00570692
2.706 0.00543802
2.708 0.00516072
2.71 0.00488384
2.712 0.00469877
2.714 0.00443248
2.716 0.00419773
2.718 0.00396133
2.72 0.00378402
2.722 0.00357242
2.724 0.00338068
2.726 0.0031756
2.728 0.00301861
2.73 0.0028239
2.732 0.00264129
2.734 0.00248944
2.736 0.00232788
2.738 0.00218772
2.74 0.00203124
2.742 0.00191329
2.744 0.00177465
2.746 0.00164347
2.748 0.00153
2.75 0.00143778
2.752 0.00133653
2.754 0.0012185
2.756 0.001152
2.758 0.00105429
2.76 0.000968429
2.762 0.00090233
2.764 0.000825265
2.766 0.000770818
2.768 0.000706884
2.77 0.000653755
2.772 0.000598467
2.774 0.000544875
2.776 0.000497727
2.778 0.000457308
2.78 0.00041784
2.782 0.000384774
2.784 0.000346367
2.786 0.000315501
2.788 0.000289802
2.79 0.000263506
2.792 0.000236965
2.794 0.000214873
2.796 0.000194318
2.798 0.000176003
2.8 0.000159508
2.802 0.000142718
2.804 0.000128969
2.806 0.000116964
2.808 0.000103916
2.81 9.39791e-05
2.812 8.37536e-05
2.814 7.40675e-05
2.816 6.70779e-05
2.818 5.94172e-05
2.82 5.32842e-05
2.822 4.73247e-05
2.824 4.16979e-05
2.826 3.7294e-05
2.828 3.25427e-05
2.83 2.86561e-05
2.832 2.58511e-05
2.834 2.27059e-05
2.836 1.99425e-05
2.838 1.73239e-05
2.84 1.57516e-05
2.842 1.34437e-05
2.844 1.21069e-05
2.846 1.05591e-05
2.848 9.11315e-06
2.85 8.16234e-06
2.852 7.06064e-06
2.854 6.19808e-06
2.856 5.54964e-06
2.858 4.75898e-06
2.86 4.17047e-06
2.862 3.62449e-06
2.864 3.19138e-06
2.866 2.78702e-06
2.868 2.43086e-06
2.87 2.1326e-06
2.872 1.80091e-06
2.874 1.5744e-06
2.876 1.37775e-06
2.878 1.12747e-06
2.88 9.53089e-07
2.882 8.01377e-07
2.884 6.7641e-07
2.886 5.47046e-07
2.888 4.77505e-07
2.89 3.40011e-07
2.892 2.9703e-07
2.894 2.14035e-07
2.896 1.78561e-07
2.898 1.28173e-07
2.9 1.01767e-07
