#logm PDFlogm m(Ms) PDF
-0.05903 5.6888e-08 0.872911 2.83031e-08
-0.05703 5.4756e-07 0.87694 2.71173e-07
-0.05503 2.14051e-06 0.880988 1.05519e-06
-0.05303 4.32876e-06 0.885054 2.12411e-06
-0.05103 9.87344e-06 0.88914 4.82262e-06
-0.04903 1.6393e-05 0.893244 7.97025e-06
-0.04703 2.13458e-05 0.897367 1.03306e-05
-0.04503 3.71583e-05 0.901509 1.79007e-05
-0.04303 5.51661e-05 0.90567 2.64537e-05
-0.04103 7.40503e-05 0.90985 3.53461e-05
-0.03903 9.79894e-05 0.91405 4.65579e-05
-0.03703 0.000147707 0.918269 6.98579e-05
-0.03503 0.000217871 0.922508 0.000102568
-0.03303 0.000289323 0.926766 0.000135581
-0.03103 0.000399936 0.931044 0.000186554
-0.02903 0.000467747 0.935341 0.000217183
-0.02703 0.000575582 0.939658 0.000266024
-0.02503 0.000676525 0.943996 0.000311242
-0.02303 0.000779604 0.948353 0.000357017
-0.02103 0.000869442 0.95273 0.000396328
-0.01903 0.000942467 0.957128 0.000427642
-0.01703 0.00107186 0.961546 0.000484118
-0.01503 0.00117777 0.965984 0.000529509
-0.01303 0.00121427 0.970443 0.000543411
-0.01103 0.00128986 0.974922 0.000574588
-0.00902998 0.00138575 0.979422 0.000614469
-0.00703001 0.00142556 0.983943 0.000629215
-0.00503001 0.00148375 0.988485 0.000651893
-0.00303 0.00146618 0.993047 0.000641214
-0.00103 0.00165986 0.997631 0.00072258
0.000970006 0.00185107 1.00224 0.000802115
0.00297001 0.00190876 1.00686 0.000823314
0.00497001 0.00210302 1.01151 0.000902937
0.00697002 0.0022109 1.01618 0.000944894
0.00896999 0.00221074 1.02087 0.000940484
0.01097 0.00247712 1.02558 0.00104897
0.01297 0.00247972 1.03031 0.00104524
0.01497 0.00278204 1.03507 0.00116729
0.01697 0.00273506 1.03985 0.0011423
0.01897 0.00293088 1.04465 0.00121846
0.02097 0.0032115 1.04947 0.00132899
0.02297 0.00328326 1.05431 0.00135245
0.02497 0.00355892 1.05918 0.00145926
0.02697 0.00392032 1.06407 0.00160006
0.02897 0.00394907 1.06898 0.00160439
0.03097 0.00423319 1.07392 0.00171191
0.03297 0.00449274 1.07887 0.00180853
0.03497 0.00448907 1.08385 0.00179875
0.03697 0.00486736 1.08885 0.00194137
0.03897 0.00486866 1.09388 0.00193296
0.04097 0.00525916 1.09893 0.00207841
0.04297 0.00558701 1.104 0.00219783
0.04497 0.00572152 1.1091 0.0022404
0.04697 0.00607226 1.11422 0.00236682
0.04897 0.00646368 1.11936 0.00250781
0.05097 0.00676602 1.12453 0.00261305
0.05297 0.00688731 1.12972 0.00264767
0.05497 0.00704253 1.13493 0.0026949
0.05697 0.00715514 1.14017 0.00272541
0.05897 0.00741847 1.14543 0.00281273
0.06097 0.00786353 1.15072 0.00296778
0.06297 0.00833801 1.15603 0.0031324
0.06497 0.00838014 1.16137 0.00313376
0.06697 0.0089898 1.16673 0.0033463
0.06897 0.0093398 1.17211 0.0034606
0.07097 0.00966932 1.17752 0.00356624
0.07297 0.00950639 1.18296 0.00349003
0.07497 0.00998808 1.18842 0.00365003
0.07697 0.00983778 1.19391 0.00357859
0.07897 0.0103574 1.19942 0.0037503
0.08097 0.0105 1.20495 0.00378444
0.08297 0.0109802 1.21051 0.00393937
0.08497 0.0115277 1.2161 0.00411676
0.08697 0.0115545 1.22172 0.00410739
0.08897 0.0117626 1.22735 0.00416216
0.09097 0.0118072 1.23302 0.00415874
0.09297 0.0118146 1.23871 0.00414221
0.09497 0.0119346 1.24443 0.00416508
0.09697 0.012324 1.25017 0.00428121
0.09897 0.0124584 1.25594 0.00430802
0.10097 0.0128512 1.26174 0.00442341
0.10297 0.0133548 1.26756 0.00457565
0.10497 0.0135035 1.27342 0.00460532
0.10697 0.0128522 1.27929 0.00436306
0.10897 0.0131941 1.2852 0.00445856
0.11097 0.0129755 1.29113 0.00436454
0.11297 0.0134339 1.29709 0.00449796
0.11497 0.0135618 1.30308 0.00451993
0.11697 0.0133767 1.30909 0.00443775
0.11897 0.0133453 1.31513 0.00440698
0.12097 0.0135138 1.3212 0.00444213
0.12297 0.0139135 1.3273 0.00455251
0.12497 0.0144454 1.33343 0.00470482
0.12697 0.0141192 1.33958 0.00457745
0.12897 0.0137803 1.34577 0.00444707
0.13097 0.0132731 1.35198 0.00426369
0.13297 0.0131893 1.35822 0.00421732
0.13497 0.0130865 1.36449 0.00416523
0.13697 0.0131318 1.37079 0.00416042
0.13897 0.012885 1.37711 0.00406349
0.14097 0.0127999 1.38347 0.0040181
0.14297 0.0126808 1.38986 0.00396243
0.14497 0.0124986 1.39627 0.00388754
0.14697 0.0126935 1.40272 0.00393002
0.14897 0.0125514 1.40919 0.00386818
0.15097 0.0120124 1.4157 0.00368507
0.15297 0.0115015 1.42223 0.00351211
0.15497 0.0112683 1.4288 0.00342508
0.15697 0.0113928 1.43539 0.00344701
0.15897 0.01107 1.44202 0.00333398
0.16097 0.0109021 1.44867 0.00326832
0.16297 0.0110346 1.45536 0.00329285
0.16497 0.0106379 1.46208 0.00315987
0.16697 0.0104532 1.46882 0.00309073
0.16897 0.0102732 1.4756 0.00302358
0.17097 0.0100284 1.48242 0.00293795
0.17297 0.00907967 1.48926 0.00264779
0.17497 0.00850733 1.49613 0.00246949
0.17697 0.00823849 1.50304 0.00238046
0.17897 0.00806356 1.50998 0.00231922
0.18097 0.00790895 1.51695 0.0022643
0.18297 0.00814606 1.52395 0.00232146
0.18497 0.00825699 1.53098 0.00234227
0.18697 0.00762021 1.53805 0.0021517
0.18897 0.00725487 1.54515 0.00203912
0.19097 0.00685767 1.55228 0.00191863
0.19297 0.00653739 1.55944 0.00182062
0.19497 0.00613843 1.56664 0.00170166
0.19697 0.00587555 1.57387 0.0016213
0.19897 0.00562553 1.58114 0.00154518
0.20097 0.00544874 1.58844 0.00148974
0.20297 0.00517933 1.59577 0.00140957
0.20497 0.00492124 1.60313 0.00133318
0.20697 0.0047051 1.61053 0.00126877
0.20897 0.00445996 1.61797 0.00119714
0.21097 0.00423214 1.62544 0.00113077
0.21297 0.00402955 1.63294 0.00107169
0.21497 0.00384033 1.64048 0.00101668
0.21697 0.00365053 1.64805 0.00096199
0.21897 0.00343277 1.65566 0.000900449
0.22097 0.00325175 1.6633 0.000849047
0.22297 0.00305875 1.67098 0.000794984
0.22497 0.00291999 1.67869 0.000755432
0.22697 0.00279082 1.68644 0.000718697
0.22897 0.00263836 1.69422 0.000676315
0.23097 0.00256511 1.70204 0.000654517
0.23297 0.00232097 1.7099 0.000589501
0.23497 0.00219642 1.71779 0.000555302
0.23697 0.00193736 1.72572 0.000487557
0.23897 0.0018257 1.73368 0.000457344
0.24097 0.00161406 1.74169 0.000402471
0.24297 0.00156922 1.74973 0.000389493
0.24497 0.00138791 1.7578 0.000342907
0.24697 0.00138857 1.76592 0.000341493
0.24897 0.00124706 1.77407 0.000305282
0.25097 0.00108717 1.78226 0.000264918
0.25297 0.00104359 1.79048 0.00025313
0.25497 0.000942394 1.79875 0.000227534
0.25697 0.000807343 1.80705 0.000194032
0.25897 0.000789456 1.81539 0.000188861
0.26097 0.000734239 1.82377 0.000174844
0.26297 0.000629303 1.83219 0.000149168
0.26497 0.000604739 1.84064 0.000142686
0.26697 0.000552387 1.84914 0.000129735
0.26897 0.000487075 1.85768 0.00011387
0.27097 0.000458978 1.86625 0.000106809
0.27297 0.000423073 1.87486 9.80009e-05
0.27497 0.000364402 1.88352 8.40225e-05
0.27697 0.000348985 1.89221 8.00979e-05
0.27897 0.00032281 1.90095 7.37499e-05
0.28097 0.000265282 1.90972 6.03283e-05
0.28297 0.000263742 1.91854 5.97026e-05
0.28497 0.000231985 1.92739 5.22727e-05
0.28697 0.000206652 1.93629 4.63506e-05
0.28897 0.000191546 1.94523 4.27649e-05
0.29097 0.000178443 1.9542 3.96565e-05
0.29297 0.000153068 1.96322 3.38608e-05
0.29497 0.00013632 1.97229 3.00175e-05
0.29697 0.000121888 1.98139 2.67163e-05
0.29897 0.000119534 1.99054 2.60798e-05
0.30097 0.000119676 1.99972 2.59908e-05
0.30297 0.000106819 2.00895 2.30921e-05
0.30497 8.58143e-05 2.01823 1.8466e-05
0.30697 8.56456e-05 2.02754 1.83451e-05
0.30897 3.2627e-05 2.0369 6.95652e-06
0.31097 7.08011e-06 2.0463 1.50264e-06
0.31297 6.51478e-06 2.05575 1.3763e-06
0.31497 5.58445e-06 2.06524 1.17434e-06
0.31697 6.14362e-06 2.07477 1.28599e-06
0.31897 5.00021e-06 2.08435 1.04184e-06
0.32097 4.92258e-06 2.09397 1.02096e-06
0.32297 3.81059e-06 2.10363 7.86695e-07
0.32497 3.93401e-06 2.11334 8.08443e-07
0.32697 3.62646e-06 2.1231 7.41818e-07
0.32897 2.65419e-06 2.1329 5.40439e-07
0.33097 2.18776e-06 2.14274 4.43418e-07
0.33297 2.0379e-06 2.15263 4.11147e-07
0.33497 1.85256e-06 2.16257 3.72037e-07
0.33697 1.5415e-06 2.17255 3.08146e-07
0.33897 1.37936e-06 2.18258 2.74469e-07
0.34097 1.30793e-06 2.19265 2.59058e-07
0.34297 9.32753e-07 2.20277 1.839e-07
0.34497 8.73417e-07 2.21294 1.7141e-07
0.34697 7.45313e-07 2.22316 1.45597e-07
0.34897 6.99925e-07 2.23342 1.36102e-07
0.35097 5.51964e-07 2.24373 1.06838e-07
0.35297 4.87117e-07 2.25408 9.38528e-08
0.35497 3.83446e-07 2.26449 7.35391e-08
0.35697 3.8298e-07 2.27494 7.31124e-08
0.35897 2.78361e-07 2.28544 5.28959e-08
0.36097 2.60074e-07 2.29599 4.91939e-08
0.36297 2.21695e-07 2.30659 4.17417e-08
0.36497 1.99007e-07 2.31723 3.72977e-08
0.36697 1.61873e-07 2.32793 3.01988e-08
0.36897 1.33824e-07 2.33868 2.48513e-08
0.37097 9.31353e-08 2.34947 1.72159e-08
0.37297 9.66014e-08 2.36032 1.77745e-08
0.37497 8.22281e-08 2.37121 1.50603e-08
0.37697 5.83917e-08 2.38216 1.06455e-08
0.37897 5.76403e-08 2.39315 1.04602e-08
0.38097 4.62554e-08 2.4042 8.35557e-09
0.38297 3.62074e-08 2.41529 6.51047e-09
0.38497 3.39765e-08 2.42644 6.08125e-09
0.38697 2.53351e-08 2.43764 4.51374e-09
0.38897 2.41464e-08 2.44889 4.28219e-09
0.39097 1.66716e-08 2.4602 2.943e-09
0.39297 1.60882e-08 2.47155 2.82698e-09
0.39497 1.21969e-08 2.48296 2.13336e-09
0.39697 5.0499e-09 2.49442 8.79219e-10
