#logrho PDF
-4.9675 1.4535e-07
-4.965 4.4855e-07
-4.9625 1.12698e-06
-4.96 3.05331e-06
-4.9575 6.77877e-06
-4.955 1.50788e-05
-4.9525 2.95152e-05
-4.95 5.58903e-05
-4.9475 0.000101708
-4.945 0.000168816
-4.9425 0.00026854
-4.94 0.000433441
-4.9375 0.000601803
-4.935 0.000880207
-4.9325 0.00123609
-4.93 0.00162521
-4.9275 0.00214387
-4.925 0.00290421
-4.9225 0.00365642
-4.92 0.00458075
-4.9175 0.00585862
-4.915 0.00744309
-4.9125 0.00884567
-4.91 0.0108479
-4.9075 0.0130385
-4.905 0.015645
-4.9025 0.0177847
-4.9 0.0210916
-4.8975 0.0243676
-4.895 0.0268939
-4.8925 0.0303668
-4.89 0.0337266
-4.8875 0.0365617
-4.885 0.0389182
-4.8825 0.0421236
-4.88 0.0444763
-4.8775 0.0441183
-4.875 0.0464989
-4.8725 0.046497
-4.87 0.04663
-4.8675 0.0449789
-4.865 0.0441334
-4.8625 0.0419537
-4.86 0.0384542
-4.8575 0.0368308
-4.855 0.032778
-4.8525 0.0298739
-4.85 0.0266437
-4.8475 0.0233295
-4.845 0.0196721
-4.8425 0.0168561
-4.84 0.0142102
-4.8375 0.0113753
-4.835 0.00948238
-4.8325 0.00745298
-4.83 0.00582903
-4.8275 0.0044449
-4.825 0.00339744
-4.8225 0.00253338
-4.82 0.00173338
-4.8175 0.00129868
-4.815 0.000857837
-4.8125 0.000573514
-4.81 0.000360049
-4.8075 0.000222611
-4.805 0.000131608
-4.8025 6.98251e-05
-4.8 3.92997e-05
-4.7975 1.97302e-05
-4.795 9.22418e-06
-4.7925 4.23303e-06
-4.79 1.78218e-06
-4.7875 7.47797e-07
-4.785 2.82051e-07
-4.7825 1.0544e-07
