#logrho PDF
-4.965 1.14962e-07
-4.9625 3.71036e-07
-4.96 1.19376e-06
-4.9575 3.18122e-06
-4.955 9.08509e-06
-4.9525 2.01124e-05
-4.95 4.68742e-05
-4.9475 9.74681e-05
-4.945 0.000177828
-4.9425 0.000342198
-4.94 0.000576919
-4.9375 0.000894638
-4.935 0.0014026
-4.9325 0.00202062
-4.93 0.00278535
-4.9275 0.0038263
-4.925 0.00505706
-4.9225 0.00625033
-4.92 0.00793615
-4.9175 0.00985762
-4.915 0.0116132
-4.9125 0.013923
-4.91 0.0165822
-4.9075 0.0190585
-4.905 0.02181
-4.9025 0.0249268
-4.9 0.0275124
-4.8975 0.0310064
-4.895 0.0340876
-4.8925 0.0361672
-4.89 0.0391599
-4.8875 0.0413647
-4.885 0.0429357
-4.8825 0.0444589
-4.88 0.0452465
-4.8775 0.045501
-4.875 0.0452963
-4.8725 0.043661
-4.87 0.0429997
-4.8675 0.0407023
-4.865 0.0380361
-4.8625 0.0360575
-4.86 0.0325289
-4.8575 0.029415
-4.855 0.0264608
-4.8525 0.022948
-4.85 0.0199448
-4.8475 0.017021
-4.845 0.0143679
-4.8425 0.0118405
-4.84 0.00968322
-4.8375 0.00785231
-4.835 0.00614563
-4.8325 0.00480283
-4.83 0.00370352
-4.8275 0.00285241
-4.825 0.00206074
-4.8225 0.00154157
-4.82 0.00110838
-4.8175 0.000774432
-4.815 0.000529808
-4.8125 0.000375859
-4.81 0.000241252
-4.8075 0.000156131
-4.805 9.9149e-05
-4.8025 5.90867e-05
-4.8 3.42434e-05
-4.7975 1.94107e-05
-4.795 1.03621e-05
-4.7925 5.21219e-06
-4.79 2.54e-06
-4.7875 1.23642e-06
-4.785 5.05588e-07
-4.7825 2.20907e-07
