#logrho PDF
-4.9675 2.01483e-07
-4.965 5.64381e-07
-4.9625 1.35989e-06
-4.96 3.44278e-06
-4.9575 7.43298e-06
-4.955 1.50889e-05
-4.9525 2.8936e-05
-4.95 5.44529e-05
-4.9475 9.37719e-05
-4.945 0.000153031
-4.9425 0.000243272
-4.94 0.000373525
-4.9375 0.000526736
-4.935 0.000756138
-4.9325 0.00105159
-4.93 0.00139625
-4.9275 0.00186237
-4.925 0.0025041
-4.9225 0.0031869
-4.92 0.00403192
-4.9175 0.00521454
-4.915 0.00661591
-4.9125 0.00802748
-4.91 0.00981073
-4.9075 0.0118413
-4.905 0.0143918
-4.9025 0.0165409
-4.9 0.0198242
-4.8975 0.0225886
-4.895 0.025624
-4.8925 0.0292758
-4.89 0.0319818
-4.8875 0.0354163
-4.885 0.0381407
-4.8825 0.041195
-4.88 0.0435939
-4.8775 0.0441983
-4.875 0.0462875
-4.8725 0.0466355
-4.87 0.0471289
-4.8675 0.0459608
-4.865 0.0452245
-4.8625 0.0430174
-4.86 0.0401677
-4.8575 0.0382768
-4.855 0.0341996
-4.8525 0.0314804
-4.85 0.0280772
-4.8475 0.0247605
-4.845 0.021236
-4.8425 0.0181005
-4.84 0.0151256
-4.8375 0.0123235
-4.835 0.0103038
-4.8325 0.00810677
-4.83 0.00635196
-4.8275 0.0047987
-4.825 0.00372851
-4.8225 0.00269536
-4.82 0.00184715
-4.8175 0.0013552
-4.815 0.00088101
-4.8125 0.000568442
-4.81 0.000340934
-4.8075 0.000211069
-4.805 0.000117509
-4.8025 5.90524e-05
-4.8 3.17637e-05
-4.7975 1.55645e-05
-4.795 7.35076e-06
-4.7925 2.9683e-06
-4.79 1.19632e-06
-4.7875 4.68347e-07
-4.785 1.78366e-07
