#logrho PDF
-4.98 1.31706e-07
-4.9775 6.21389e-07
-4.975 2.53522e-06
-4.9725 9.82045e-06
-4.97 3.36844e-05
-4.9675 0.000109487
-4.965 0.000308713
-4.9625 0.000813999
-4.96 0.00203271
-4.9575 0.00412985
-4.955 0.00896349
-4.9525 0.0165978
-4.95 0.0272885
-4.9475 0.0440803
-4.945 0.0644115
-4.9425 0.0878322
-4.94 0.114143
-4.9375 0.12919
-4.935 0.125214
-4.9325 0.122781
-4.93 0.100244
-4.9275 0.0741283
-4.925 0.049417
-4.9225 0.0190023
-4.92 0.00653849
-4.9175 0.00232201
-4.915 0.00035795
-4.9125 4.16866e-05
-4.91 4.96357e-06
