#logg PDF
1.06 0.00597732
1.065 0.00667342
1.07 0.00746872
1.075 0.00825554
1.08 0.00905134
1.085 0.0098296
1.09 0.0107045
1.095 0.0115697
1.1 0.0124577
1.105 0.013356
1.11 0.0142538
1.115 0.015138
1.12 0.016048
1.125 0.0170966
1.13 0.0180719
1.135 0.0190181
1.14 0.0198571
1.145 0.0207684
1.15 0.0215094
1.155 0.0222315
1.16 0.0228795
1.165 0.0235258
1.17 0.0240021
1.175 0.0245031
1.18 0.0249232
1.185 0.0252851
1.19 0.0255768
1.195 0.0257086
1.2 0.0258448
1.205 0.0258111
1.21 0.0257131
1.215 0.0253449
1.22 0.0250836
1.225 0.0245497
1.23 0.0240334
1.235 0.0234585
1.24 0.0227463
1.245 0.0220172
1.25 0.0212482
1.255 0.0204296
1.26 0.0195465
1.265 0.0186188
1.27 0.017704
1.275 0.0167725
1.28 0.0157585
1.285 0.0147927
1.29 0.0137364
1.295 0.0128162
1.3 0.0118215
1.305 0.0108495
1.31 0.00998216
1.315 0.00910428
1.32 0.00823445
1.325 0.00744238
1.33 0.00669654
1.335 0.00602176
1.34 0.00537432
1.345 0.00473389
1.35 0.00418434
1.355 0.00365317
1.36 0.00319402
1.365 0.00276187
1.37 0.00238741
1.375 0.00203192
1.38 0.00173897
1.385 0.00146795
1.39 0.00123107
1.395 0.00102461
1.4 0.000857197
1.405 0.000703601
1.41 0.000573346
1.415 0.000464491
1.42 0.000376582
1.425 0.000303799
1.43 0.000239354
1.435 0.000187605
1.44 0.000147268
1.445 0.000111903
1.45 8.71399e-05
1.455 6.58913e-05
1.46 4.93498e-05
1.465 3.61444e-05
1.47 2.78681e-05
1.475 1.96366e-05
1.48 1.44358e-05
1.485 1.0136e-05
1.49 7.04879e-06
1.495 4.94888e-06
1.5 3.37025e-06
1.505 2.32546e-06
1.51 1.41645e-06
1.515 9.92676e-07
1.52 5.53183e-07
1.525 3.15381e-07
1.53 1.77006e-07
1.535 1.1045e-07
1.54 5.11505e-08
1.545 2.75702e-08
1.55 1.56471e-08
1.555 6.64014e-09
1.56 3.41967e-09
1.565 1.53455e-09
