#logg PDF
0.82 1.08906e-09
0.825 1.85221e-09
0.83 3.01296e-09
0.835 4.8208e-09
0.84 7.75225e-09
0.845 1.18397e-08
0.85 1.81449e-08
0.855 2.75739e-08
0.86 4.08913e-08
0.865 5.98025e-08
0.87 8.88289e-08
0.875 1.25995e-07
0.88 1.80696e-07
0.885 2.57015e-07
0.89 3.59973e-07
0.895 5.1401e-07
0.9 7.15483e-07
0.905 9.69162e-07
0.91 1.38348e-06
0.915 1.91726e-06
0.92 2.60484e-06
0.925 3.66123e-06
0.93 4.99253e-06
0.935 6.64296e-06
0.94 8.87038e-06
0.945 1.17839e-05
0.95 1.53181e-05
0.955 2.00038e-05
0.96 2.54614e-05
0.965 3.27044e-05
0.97 4.10048e-05
0.975 5.12102e-05
0.98 6.49086e-05
0.985 7.9401e-05
0.99 9.87511e-05
0.995 0.000121368
1 0.000149969
1.005 0.000185223
1.01 0.000227664
1.015 0.000277742
1.02 0.00033452
1.025 0.000401867
1.03 0.000479761
1.035 0.000566603
1.04 0.000670422
1.045 0.000790731
1.05 0.000921936
1.055 0.00107838
1.06 0.00126992
1.065 0.00147975
1.07 0.00174153
1.075 0.00200456
1.08 0.00228984
1.085 0.00259072
1.09 0.00293811
1.095 0.00327806
1.1 0.00368252
1.105 0.00412256
1.11 0.00457755
1.115 0.00508083
1.12 0.00560436
1.125 0.0062095
1.13 0.00681146
1.135 0.00747618
1.14 0.0081399
1.145 0.00887995
1.15 0.00963884
1.155 0.0104022
1.16 0.0112145
1.165 0.011969
1.17 0.0128238
1.175 0.0136685
1.18 0.0145296
1.185 0.0154501
1.19 0.0163678
1.195 0.0172126
1.2 0.0181177
1.205 0.0190428
1.21 0.0198159
1.215 0.0205124
1.22 0.0213384
1.225 0.0219434
1.23 0.0225312
1.235 0.0231109
1.24 0.0234798
1.245 0.0239194
1.25 0.0242174
1.255 0.0245114
1.26 0.0246571
1.265 0.024705
1.27 0.0246798
1.275 0.0246269
1.28 0.0243202
1.285 0.0241333
1.29 0.0236105
1.295 0.0231888
1.3 0.0225086
1.305 0.0217984
1.31 0.0212281
1.315 0.0203435
1.32 0.0194945
1.325 0.0186429
1.33 0.0177055
1.335 0.01674
1.34 0.0157921
1.345 0.0148133
1.35 0.0138296
1.355 0.0128533
1.36 0.0119114
1.365 0.0109817
1.37 0.0100781
1.375 0.00915826
1.38 0.00832501
1.385 0.00751546
1.39 0.00673024
1.395 0.00601999
1.4 0.00536309
1.405 0.0047781
1.41 0.00420366
1.415 0.00367687
1.42 0.00322011
1.425 0.00281804
1.43 0.00242673
1.435 0.00205978
1.44 0.00178858
1.445 0.00149766
1.45 0.00126127
1.455 0.00107965
1.46 0.000893531
1.465 0.000739863
1.47 0.000616047
1.475 0.000506213
1.48 0.000412918
1.485 0.000334906
1.49 0.000271811
1.495 0.000213443
1.5 0.000169787
1.505 0.000139904
1.51 0.00010723
1.515 8.37439e-05
1.52 6.68104e-05
1.525 4.98288e-05
1.53 3.87504e-05
1.535 3.00515e-05
1.54 2.22095e-05
1.545 1.65442e-05
1.55 1.28839e-05
1.555 9.19796e-06
1.56 6.69327e-06
1.565 5.05462e-06
1.57 3.54457e-06
1.575 2.56725e-06
1.58 1.89302e-06
1.585 1.26879e-06
1.59 9.12525e-07
1.595 6.48993e-07
1.6 4.33703e-07
1.605 2.90802e-07
1.61 2.08511e-07
1.615 1.34068e-07
1.62 8.65803e-08
1.625 6.0157e-08
1.63 3.83805e-08
1.635 2.37453e-08
1.64 1.57049e-08
1.645 9.55254e-09
1.65 5.9702e-09
1.655 3.7742e-09
1.66 2.22358e-09
1.665 1.29861e-09
