#logage logr JPDF
9.35 1.684 1.17416e-10 
9.36 1.68 2.8609e-10 
9.36 1.684 2.30512e-10 
9.37 1.676 3.92428e-10 
9.37 1.68 6.95406e-10 
9.37 1.684 4.5603e-10 
9.37 1.688 1.36279e-10 
9.38 1.676 1.12921e-09 
9.38 1.68 1.48642e-09 
9.38 1.684 7.24683e-10 
9.38 1.688 2.07846e-10 
9.39 1.672 9.22927e-10 
9.39 1.676 3.02734e-09 
9.39 1.68 2.94291e-09 
9.39 1.684 1.29655e-09 
9.39 1.688 3.32744e-10 
9.4 1.672 3.69003e-09 
9.4 1.676 7.2546e-09 
9.4 1.68 5.44981e-09 
9.4 1.684 2.08662e-09 
9.4 1.688 4.45911e-10 
9.41 1.668 1.48143e-09 
9.41 1.672 1.09393e-08 
9.41 1.676 1.49718e-08 
9.41 1.68 9.7307e-09 
9.41 1.684 3.25823e-09 
9.41 1.688 6.50586e-10 
9.42 1.668 7.76013e-09 
9.42 1.672 2.57431e-08 
9.42 1.676 2.9738e-08 
9.42 1.68 1.62026e-08 
9.42 1.684 4.71089e-09 
9.42 1.688 8.83843e-10 
9.42 1.692 1.05148e-10 
9.43 1.664 1.97973e-09 
9.43 1.668 2.63541e-08 
9.43 1.672 5.75835e-08 
9.43 1.676 5.31091e-08 
9.43 1.68 2.47936e-08 
9.43 1.684 6.87496e-09 
9.43 1.688 1.1783e-09 
9.43 1.692 1.33471e-10 
9.44 1.664 1.36354e-08 
9.44 1.668 7.3631e-08 
9.44 1.672 1.14608e-07 
9.44 1.676 9.05051e-08 
9.44 1.68 3.7531e-08 
9.44 1.684 9.33572e-09 
9.44 1.688 1.57299e-09 
9.44 1.692 1.71106e-10 
9.45 1.66 1.02753e-09 
9.45 1.664 4.8803e-08 
9.45 1.668 1.74491e-07 
9.45 1.672 2.18547e-07 
9.45 1.676 1.48894e-07 
9.45 1.68 5.38358e-08 
9.45 1.684 1.25878e-08 
9.45 1.688 1.97908e-09 
9.45 1.692 2.04713e-10 
9.46 1.66 1.3716e-08 
9.46 1.664 1.52427e-07 
9.46 1.668 3.65139e-07 
9.46 1.672 3.97348e-07 
9.46 1.676 2.20057e-07 
9.46 1.68 7.68399e-08 
9.46 1.684 1.72403e-08 
9.46 1.688 2.3442e-09 
9.46 1.692 2.39574e-10 
9.47 1.66 7.22445e-08 
9.47 1.664 3.74746e-07 
9.47 1.668 7.06564e-07 
9.47 1.672 6.42328e-07 
9.47 1.676 3.25902e-07 
9.47 1.68 1.02986e-07 
9.47 1.684 2.19319e-08 
9.47 1.688 2.92614e-09 
9.47 1.692 2.63882e-10 
9.48 1.656 1.05697e-08 
9.48 1.66 2.53214e-07 
9.48 1.664 8.45005e-07 
9.48 1.668 1.30198e-06 
9.48 1.672 9.87289e-07 
9.48 1.676 4.74398e-07 
9.48 1.68 1.39015e-07 
9.48 1.684 2.80352e-08 
9.48 1.688 3.55504e-09 
9.48 1.692 2.77679e-10 
9.49 1.656 8.06158e-08 
9.49 1.66 6.85674e-07 
9.49 1.664 1.76469e-06 
9.49 1.668 2.26449e-06 
9.49 1.672 1.53909e-06 
9.49 1.676 6.63988e-07 
9.49 1.68 1.84546e-07 
9.49 1.684 3.47319e-08 
9.49 1.688 4.04537e-09 
9.49 1.692 3.11046e-10 
9.5 1.652 4.84536e-09 
9.5 1.656 3.05792e-07 
9.5 1.66 1.66171e-06 
9.5 1.664 3.36071e-06 
9.5 1.668 3.50773e-06 
9.5 1.672 2.25516e-06 
9.5 1.676 8.91408e-07 
9.5 1.68 2.35946e-07 
9.5 1.684 4.05669e-08 
9.5 1.688 4.28343e-09 
9.5 1.692 3.13766e-10 
9.51 1.652 5.53164e-08 
9.51 1.656 9.14259e-07 
9.51 1.66 3.45834e-06 
9.51 1.664 6.01968e-06 
9.51 1.668 5.50015e-06 
9.51 1.672 3.17783e-06 
9.51 1.676 1.20789e-06 
9.51 1.68 2.89859e-07 
9.51 1.684 4.59103e-08 
9.51 1.688 4.89718e-09 
9.51 1.692 3.42987e-10 
9.52 1.652 2.77263e-07 
9.52 1.656 2.36386e-06 
9.52 1.66 6.61584e-06 
9.52 1.664 9.97438e-06 
9.52 1.668 8.39332e-06 
9.52 1.672 4.43902e-06 
9.52 1.676 1.6034e-06 
9.52 1.68 3.52413e-07 
9.52 1.684 4.9555e-08 
9.52 1.688 5.34707e-09 
9.52 1.692 3.46231e-10 
9.53 1.648 2.18433e-08 
9.53 1.652 9.5819e-07 
9.53 1.656 5.38928e-06 
9.53 1.66 1.23279e-05 
9.53 1.664 1.55695e-05 
9.53 1.668 1.22034e-05 
9.53 1.672 5.79454e-06 
9.53 1.676 1.9754e-06 
9.53 1.68 4.13717e-07 
9.53 1.684 5.90625e-08 
9.53 1.688 5.61368e-09 
9.53 1.692 3.26861e-10 
9.54 1.648 1.58072e-07 
9.54 1.652 2.66165e-06 
9.54 1.656 1.07144e-05 
9.54 1.66 2.12994e-05 
9.54 1.664 2.41431e-05 
9.54 1.668 1.6774e-05 
9.54 1.672 7.85137e-06 
9.54 1.676 2.38699e-06 
9.54 1.68 4.68094e-07 
9.54 1.684 6.36235e-08 
9.54 1.688 5.63412e-09 
9.54 1.692 3.29197e-10 
9.55 1.648 7.42003e-07 
9.55 1.652 6.09634e-06 
9.55 1.656 2.04741e-05 
9.55 1.66 3.46279e-05 
9.55 1.664 3.51688e-05 
9.55 1.668 2.30653e-05 
9.55 1.672 1.00527e-05 
9.55 1.676 2.76729e-06 
9.55 1.68 5.33613e-07 
9.55 1.684 7.06715e-08 
9.55 1.688 5.65055e-09 
9.55 1.692 3.08973e-10 
9.56 1.644 8.45639e-08 
9.56 1.648 2.26377e-06 
9.56 1.652 1.36701e-05 
9.56 1.656 3.58605e-05 
9.56 1.66 5.36045e-05 
9.56 1.664 5.02002e-05 
9.56 1.668 3.12505e-05 
9.56 1.672 1.23336e-05 
9.56 1.676 3.32811e-06 
9.56 1.68 5.90033e-07 
9.56 1.684 6.8751e-08 
9.56 1.688 5.44964e-09 
9.56 1.692 2.87272e-10 
9.57 1.644 5.1075e-07 
9.57 1.648 5.64007e-06 
9.57 1.652 2.59523e-05 
9.57 1.656 5.96457e-05 
9.57 1.66 8.25897e-05 
9.57 1.664 7.01943e-05 
9.57 1.668 3.98838e-05 
9.57 1.672 1.46313e-05 
9.57 1.676 3.69464e-06 
9.57 1.68 6.40465e-07 
9.57 1.684 7.18234e-08 
9.57 1.688 5.11234e-09 
9.57 1.692 2.63017e-10 
9.58 1.64 2.5312e-08 
9.58 1.644 1.5711e-06 
9.58 1.648 1.32019e-05 
9.58 1.652 4.85928e-05 
9.58 1.656 9.82306e-05 
9.58 1.66 0.000116858 
9.58 1.664 9.49315e-05 
9.58 1.668 4.90868e-05 
9.58 1.672 1.75525e-05 
9.58 1.676 4.20514e-06 
9.58 1.68 6.69646e-07 
9.58 1.684 7.20547e-08 
9.58 1.688 4.89115e-09 
9.58 1.692 2.40403e-10 
9.59 1.64 2.07129e-07 
9.59 1.644 4.02712e-06 
9.59 1.648 2.64037e-05 
9.59 1.652 8.33652e-05 
9.59 1.656 0.000146205 
9.59 1.66 0.000166726 
9.59 1.664 0.000123419 
9.59 1.668 6.08789e-05 
9.59 1.672 2.04718e-05 
9.59 1.676 4.60006e-06 
9.59 1.68 7.18254e-07 
9.59 1.684 6.84846e-08 
9.59 1.688 4.53507e-09 
9.59 1.692 2.00611e-10 
9.6 1.64 8.17916e-07 
9.6 1.644 1.0115e-05 
9.6 1.648 5.09276e-05 
9.6 1.652 0.00013598 
9.6 1.656 0.000216983 
9.6 1.66 0.000229229 
9.6 1.664 0.000157301 
9.6 1.668 7.41063e-05 
9.6 1.672 2.2861e-05 
9.6 1.676 5.01768e-06 
9.6 1.68 7.12271e-07 
9.6 1.684 6.52037e-08 
9.6 1.688 4.52864e-09 
9.6 1.692 1.7385e-10 
9.61 1.636 5.69681e-08 
9.61 1.64 2.45283e-06 
9.61 1.644 2.15287e-05 
9.61 1.648 8.91668e-05 
9.61 1.652 0.000214607 
9.61 1.656 0.000313669 
9.61 1.66 0.000300023 
9.61 1.664 0.000192409 
9.61 1.668 8.47159e-05 
9.61 1.672 2.51852e-05 
9.61 1.676 5.17476e-06 
9.61 1.68 6.76192e-07 
9.61 1.684 6.04307e-08 
9.61 1.688 3.6791e-09 
9.61 1.692 1.4955e-10 
9.62 1.636 2.82354e-07 
9.62 1.64 6.1883e-06 
9.62 1.644 4.17552e-05 
9.62 1.648 0.000151149 
9.62 1.652 0.000328242 
9.62 1.656 0.000439839 
9.62 1.66 0.000387403 
9.62 1.664 0.000238173 
9.62 1.668 9.84097e-05 
9.62 1.672 2.81138e-05 
9.62 1.676 5.21202e-06 
9.62 1.68 6.45604e-07 
9.62 1.684 5.76326e-08 
9.62 1.688 3.41197e-09 
9.62 1.692 1.21371e-10 
9.63 1.632 1.08607e-08 
9.63 1.636 9.57588e-07 
9.63 1.64 1.46371e-05 
9.63 1.644 7.75719e-05 
9.63 1.648 0.000242774 
9.63 1.652 0.000467344 
9.63 1.656 0.000594936 
9.63 1.66 0.000500002 
9.63 1.664 0.00028525 
9.63 1.668 0.000112127 
9.63 1.672 2.90268e-05 
9.63 1.676 5.17962e-06 
9.63 1.68 6.20481e-07 
9.63 1.684 5.14259e-08 
9.63 1.688 2.72227e-09 
9.64 1.632 7.04571e-08 
9.64 1.636 3.01047e-06 
9.64 1.64 2.83384e-05 
9.64 1.644 0.000134007 
9.64 1.648 0.000379144 
9.64 1.652 0.00066837 
9.64 1.656 0.000761687 
9.64 1.66 0.000602245 
9.64 1.664 0.000335868 
9.64 1.668 0.000122811 
9.64 1.672 3.0563e-05 
9.64 1.676 5.15197e-06 
9.64 1.68 5.86105e-07 
9.64 1.684 4.58064e-08 
9.64 1.688 2.22069e-09 
9.65 1.632 3.15911e-07 
9.65 1.636 7.17581e-06 
9.65 1.64 5.36171e-05 
9.65 1.644 0.000225629 
9.65 1.648 0.000565491 
9.65 1.652 0.000906822 
9.65 1.656 0.000996785 
9.65 1.66 0.000729418 
9.65 1.664 0.000368551 
9.65 1.668 0.000132565 
9.65 1.672 3.06857e-05 
9.65 1.676 4.72364e-06 
9.65 1.68 5.34912e-07 
9.65 1.684 3.83254e-08 
9.65 1.688 1.86971e-09 
9.66 1.628 1.32787e-08 
9.66 1.632 1.1218e-06 
9.66 1.636 1.50025e-05 
9.66 1.64 9.6643e-05 
9.66 1.644 0.00035845 
9.66 1.648 0.000821733 
9.66 1.652 0.00118765 
9.66 1.656 0.00123325 
9.66 1.66 0.000856383 
9.66 1.664 0.000407469 
9.66 1.668 0.000137743 
9.66 1.672 2.92666e-05 
9.66 1.676 4.56268e-06 
9.66 1.68 4.74645e-07 
9.66 1.684 3.13479e-08 
9.66 1.688 1.48917e-09 
9.67 1.628 7.73259e-08 
9.67 1.632 2.89458e-06 
9.67 1.636 3.1578e-05 
9.67 1.64 0.00016735 
9.67 1.644 0.000550255 
9.67 1.648 0.00110869 
9.67 1.652 0.0015668 
9.67 1.656 0.00152436 
9.67 1.66 0.000983529 
9.67 1.664 0.000459194 
9.67 1.668 0.00013718 
9.67 1.672 2.8856e-05 
9.67 1.676 4.22633e-06 
9.67 1.68 4.13907e-07 
9.67 1.684 2.65308e-08 
9.67 1.688 1.17245e-09 
9.68 1.628 3.12778e-07 
9.68 1.632 6.55101e-06 
9.68 1.636 5.77643e-05 
9.68 1.64 0.000264399 
9.68 1.644 0.000776215 
9.68 1.648 0.00146488 
9.68 1.652 0.00195846 
9.68 1.656 0.0017267 
9.68 1.66 0.00109778 
9.68 1.664 0.000463802 
9.68 1.668 0.000139336 
9.68 1.672 2.71107e-05 
9.68 1.676 3.6953e-06 
9.68 1.68 3.33824e-07 
9.68 1.684 2.17865e-08 
9.68 1.688 8.83159e-10 
9.69 1.624 1.84409e-08 
9.69 1.628 8.59985e-07 
9.69 1.632 1.29136e-05 
9.69 1.636 9.41623e-05 
9.69 1.64 0.000410167 
9.69 1.644 0.00107694 
9.69 1.648 0.00192886 
9.69 1.652 0.00235961 
9.69 1.656 0.00196991 
9.69 1.66 0.00118801 
9.69 1.664 0.000480439 
9.69 1.668 0.000132365 
9.69 1.672 2.52014e-05 
9.69 1.676 3.2103e-06 
9.69 1.68 2.85733e-07 
9.69 1.684 1.71987e-08 
9.69 1.688 6.93164e-10 
9.7 1.624 5.84514e-08 
9.7 1.628 2.03198e-06 
9.7 1.632 2.46791e-05 
9.7 1.636 0.000159778 
9.7 1.64 0.00058794 
9.7 1.644 0.00148508 
9.7 1.648 0.00246945 
9.7 1.652 0.00285616 
9.7 1.656 0.0022863 
9.7 1.66 0.00127008 
9.7 1.664 0.000490923 
9.7 1.668 0.000127775 
9.7 1.672 2.20399e-05 
9.7 1.676 2.6878e-06 
9.7 1.68 2.28381e-07 
9.7 1.684 1.31559e-08 
9.7 1.688 5.5991e-10 
9.71 1.62 1.21158e-09 
9.71 1.624 1.83718e-07 
9.71 1.628 4.37535e-06 
9.71 1.632 4.43292e-05 
9.71 1.636 0.000246926 
9.71 1.64 0.000858445 
9.71 1.644 0.00195483 
9.71 1.648 0.00304182 
9.71 1.652 0.00338405 
9.71 1.656 0.00251603 
9.71 1.66 0.00131193 
9.71 1.664 0.000483382 
9.71 1.668 0.000118352 
9.71 1.672 1.98434e-05 
9.71 1.676 2.3078e-06 
9.71 1.68 1.85144e-07 
9.71 1.684 1.04601e-08 
9.71 1.688 3.72285e-10 
9.72 1.62 9.31649e-09 
9.72 1.624 5.35234e-07 
9.72 1.628 8.7076e-06 
9.72 1.632 7.51411e-05 
9.72 1.636 0.000367305 
9.72 1.64 0.00119057 
9.72 1.644 0.00255499 
9.72 1.648 0.00367345 
9.72 1.652 0.00388089 
9.72 1.656 0.00275435 
9.72 1.66 0.00138012 
9.72 1.664 0.000462368 
9.72 1.668 0.000107396 
9.72 1.672 1.76708e-05 
9.72 1.676 1.90948e-06 
9.72 1.68 1.4644e-07 
9.72 1.684 7.79708e-09 
9.72 1.688 2.73885e-10 
9.73 1.62 4.21047e-08 
9.73 1.624 1.27215e-06 
9.73 1.628 1.59978e-05 
9.73 1.632 0.000122855 
9.73 1.636 0.000541878 
9.73 1.64 0.0015948 
9.73 1.644 0.00323243 
9.73 1.648 0.00446336 
9.73 1.652 0.00429865 
9.73 1.656 0.00294291 
9.73 1.66 0.00141271 
9.73 1.664 0.000433776 
9.73 1.668 0.000100662 
9.73 1.672 1.46702e-05 
9.73 1.676 1.51875e-06 
9.73 1.68 1.1539e-07 
9.73 1.684 5.99339e-09 
9.73 1.688 1.89351e-10 
9.74 1.616 1.01793e-09 
9.74 1.62 1.00478e-07 
9.74 1.624 2.65508e-06 
9.74 1.628 2.95185e-05 
9.74 1.632 0.00018565 
9.74 1.636 0.000779561 
9.74 1.64 0.00212506 
9.74 1.644 0.00397304 
9.74 1.648 0.00516571 
9.74 1.652 0.00479536 
9.74 1.656 0.00306794 
9.74 1.66 0.00139173 
9.74 1.664 0.000401421 
9.74 1.668 8.69505e-05 
9.74 1.672 1.28059e-05 
9.74 1.676 1.24753e-06 
9.74 1.68 8.81218e-08 
9.74 1.684 4.27766e-09 
9.74 1.688 1.30219e-10 
9.75 1.616 4.35514e-09 
9.75 1.62 2.63503e-07 
9.75 1.624 4.91045e-06 
9.75 1.628 4.8677e-05 
9.75 1.632 0.00028816 
9.75 1.636 0.00110427 
9.75 1.64 0.00271063 
9.75 1.644 0.00473395 
9.75 1.648 0.00599468 
9.75 1.652 0.00532073 
9.75 1.656 0.00317506 
9.75 1.66 0.00130798 
9.75 1.664 0.000380251 
9.75 1.668 7.6312e-05 
9.75 1.672 1.08382e-05 
9.75 1.676 1.04048e-06 
9.75 1.68 6.74214e-08 
9.75 1.684 3.06254e-09 
9.76 1.616 1.73926e-08 
9.76 1.62 6.46951e-07 
9.76 1.624 9.27005e-06 
9.76 1.628 7.86663e-05 
9.76 1.632 0.000411989 
9.76 1.636 0.00143382 
9.76 1.64 0.00329423 
9.76 1.644 0.00563173 
9.76 1.648 0.00676097 
9.76 1.652 0.00541718 
9.76 1.656 0.00316408 
9.76 1.66 0.00123039 
9.76 1.664 0.0003442 
9.76 1.668 6.84633e-05 
9.76 1.672 8.84776e-06 
9.76 1.676 8.06665e-07 
9.76 1.68 5.19674e-08 
9.76 1.684 2.17261e-09 
9.77 1.612 3.94558e-10 
9.77 1.616 4.91864e-08 
9.77 1.62 1.22731e-06 
9.77 1.624 1.57422e-05 
9.77 1.628 0.000121449 
9.77 1.632 0.000569964 
9.77 1.636 0.0018087 
9.77 1.64 0.00413681 
9.77 1.644 0.00639843 
9.77 1.648 0.0072767 
9.77 1.652 0.00564803 
9.77 1.656 0.00302169 
9.77 1.66 0.00114977 
9.77 1.664 0.000306874 
9.77 1.668 5.48993e-05 
9.77 1.672 6.91283e-06 
9.77 1.676 6.22686e-07 
9.77 1.68 3.78312e-08 
9.77 1.684 1.4871e-09 
9.78 1.612 2.25079e-09 
9.78 1.616 1.20967e-07 
9.78 1.62 2.32161e-06 
9.78 1.624 2.65064e-05 
9.78 1.628 0.000174304 
9.78 1.632 0.000759447 
9.78 1.636 0.0022933 
9.78 1.64 0.0048907 
9.78 1.644 0.00747914 
9.78 1.648 0.00780353 
9.78 1.652 0.00579843 
9.78 1.656 0.00281796 
9.78 1.66 0.00105356 
9.78 1.664 0.00025807 
9.78 1.668 4.39848e-05 
9.78 1.672 5.52482e-06 
9.78 1.676 4.80943e-07 
9.78 1.68 2.70143e-08 
9.78 1.684 9.02319e-10 
9.79 1.612 7.44767e-09 
9.79 1.616 2.50168e-07 
9.79 1.62 4.24388e-06 
9.79 1.624 4.02639e-05 
9.79 1.628 0.000254085 
9.79 1.632 0.00100353 
9.79 1.636 0.002939 
9.79 1.64 0.00564943 
9.79 1.644 0.00834039 
9.79 1.648 0.00813374 
9.79 1.652 0.00566723 
9.79 1.656 0.00269199 
9.79 1.66 0.000914931 
9.79 1.664 0.000219931 
9.79 1.668 3.63762e-05 
9.79 1.672 4.33402e-06 
9.79 1.676 3.51575e-07 
9.79 1.68 1.75245e-08 
9.79 1.684 5.86294e-10 
9.8 1.608 1.38901e-10 
9.8 1.612 1.88535e-08 
9.8 1.616 4.8496e-07 
9.8 1.62 7.16777e-06 
9.8 1.624 6.11072e-05 
9.8 1.628 0.000342826 
9.8 1.632 0.0013494 
9.8 1.636 0.00352628 
9.8 1.64 0.00677413 
9.8 1.644 0.00912722 
9.8 1.648 0.00863409 
9.8 1.652 0.00537592 
9.8 1.656 0.00246084 
9.8 1.66 0.000789769 
9.8 1.664 0.000189423 
9.8 1.668 2.95488e-05 
9.8 1.672 3.2444e-06 
9.8 1.676 2.48753e-07 
9.8 1.68 1.25693e-08 
9.8 1.684 3.17276e-10 
9.81 1.608 8.66645e-10 
9.81 1.612 4.21659e-08 
9.81 1.616 9.1746e-07 
9.81 1.62 1.1509e-05 
9.81 1.624 8.78075e-05 
9.81 1.628 0.000466811 
9.81 1.632 0.00165255 
9.81 1.636 0.00430619 
9.81 1.64 0.00739667 
9.81 1.644 0.00990791 
9.81 1.648 0.00842878 
9.81 1.652 0.00517974 
9.81 1.656 0.00221943 
9.81 1.66 0.000713563 
9.81 1.664 0.000154953 
9.81 1.668 2.28486e-05 
9.81 1.672 2.39142e-06 
9.81 1.676 1.79678e-07 
9.81 1.68 7.64417e-09 
9.81 1.684 1.86591e-10 
9.82 1.608 2.47357e-09 
9.82 1.612 8.87214e-08 
9.82 1.616 1.65796e-06 
9.82 1.62 1.82479e-05 
9.82 1.624 0.000127179 
9.82 1.628 0.000605848 
9.82 1.632 0.0019911 
9.82 1.636 0.004891 
9.82 1.64 0.0084102 
9.82 1.644 0.00993266 
9.82 1.648 0.00807624 
9.82 1.652 0.00485669 
9.82 1.656 0.00203649 
9.82 1.66 0.000587595 
9.82 1.664 0.000125496 
9.82 1.668 1.83566e-05 
9.82 1.672 1.80588e-06 
9.82 1.676 1.20661e-07 
9.82 1.68 4.4339e-09 
9.83 1.608 5.12293e-09 
9.83 1.612 1.65695e-07 
9.83 1.616 2.59886e-06 
9.83 1.62 2.63325e-05 
9.83 1.624 0.000168025 
9.83 1.628 0.000737752 
9.83 1.632 0.00238492 
9.83 1.636 0.00567004 
9.83 1.64 0.00885289 
9.83 1.644 0.00980067 
9.83 1.648 0.00773404 
9.83 1.652 0.00436093 
9.83 1.656 0.00181089 
9.83 1.66 0.000493493 
9.83 1.664 9.508e-05 
9.83 1.668 1.37369e-05 
9.83 1.672 1.32743e-06 
9.83 1.676 7.90688e-08 
9.83 1.68 2.56035e-09 
9.84 1.604 2.20097e-10 
9.84 1.608 1.28869e-08 
9.84 1.612 3.04355e-07 
9.84 1.616 4.18668e-06 
9.84 1.62 3.67662e-05 
9.84 1.624 0.000223773 
9.84 1.628 0.00095515 
9.84 1.632 0.00283263 
9.84 1.636 0.00631327 
9.84 1.64 0.00931583 
9.84 1.644 0.00952624 
9.84 1.648 0.00720502 
9.84 1.652 0.00395253 
9.84 1.656 0.00152396 
9.84 1.66 0.000397003 
9.84 1.664 7.62213e-05 
9.84 1.668 1.01343e-05 
9.84 1.672 9.04081e-07 
9.84 1.676 5.00729e-08 
9.84 1.68 1.4759e-09 
9.85 1.604 5.94364e-10 
9.85 1.608 2.70069e-08 
9.85 1.612 5.02164e-07 
9.85 1.616 6.1236e-06 
9.85 1.62 5.18269e-05 
9.85 1.624 0.000305632 
9.85 1.628 0.00117163 
9.85 1.632 0.00332513 
9.85 1.636 0.0068183 
9.85 1.64 0.00956802 
9.85 1.644 0.00941097 
9.85 1.648 0.00675326 
9.85 1.652 0.00346837 
9.85 1.656 0.00124876 
9.85 1.66 0.000324745 
9.85 1.664 5.68002e-05 
9.85 1.668 7.31919e-06 
9.85 1.672 6.16188e-07 
9.85 1.676 3.00032e-08 
9.85 1.68 8.05312e-10 
9.86 1.604 1.36401e-09 
9.86 1.608 4.92779e-08 
9.86 1.612 8.49035e-07 
9.86 1.616 9.25822e-06 
9.86 1.62 6.89804e-05 
9.86 1.624 0.000388306 
9.86 1.628 0.00141884 
9.86 1.632 0.00383631 
9.86 1.636 0.00715358 
9.86 1.64 0.00962401 
9.86 1.644 0.00907973 
9.86 1.648 0.00621183 
9.86 1.652 0.00305856 
9.86 1.656 0.00106084 
9.86 1.66 0.000253238 
9.86 1.664 4.28111e-05 
9.86 1.668 5.24953e-06 
9.86 1.672 3.9969e-07 
9.86 1.676 1.75512e-08 
9.86 1.68 3.95445e-10 
9.87 1.604 2.96933e-09 
9.87 1.608 7.75261e-08 
9.87 1.612 1.35599e-06 
9.87 1.616 1.33587e-05 
9.87 1.62 9.38817e-05 
9.87 1.624 0.000465943 
9.87 1.628 0.00174416 
9.87 1.632 0.00424574 
9.87 1.636 0.00743617 
9.87 1.64 0.00951485 
9.87 1.644 0.00862891 
9.87 1.648 0.00561769 
9.87 1.652 0.00255262 
9.87 1.656 0.000839129 
9.87 1.66 0.000201323 
9.87 1.664 3.22672e-05 
9.87 1.668 3.46354e-06 
9.87 1.672 2.4392e-07 
9.87 1.676 9.1249e-09 
9.87 1.68 2.02739e-10 
9.88 1.6 1.3856e-10 
9.88 1.604 6.28651e-09 
9.88 1.608 1.33707e-07 
9.88 1.612 1.93212e-06 
9.88 1.616 1.84979e-05 
9.88 1.62 0.000122316 
9.88 1.624 0.000562366 
9.88 1.628 0.00193915 
9.88 1.632 0.0045451 
9.88 1.636 0.00782645 
9.88 1.64 0.0092885 
9.88 1.644 0.00784688 
9.88 1.648 0.00504072 
9.88 1.652 0.00215792 
9.88 1.656 0.000704261 
9.88 1.66 0.000152577 
9.88 1.664 2.22876e-05 
9.88 1.668 2.21189e-06 
9.88 1.672 1.35491e-07 
9.88 1.676 4.66919e-09 
9.89 1.6 2.95151e-10 
9.89 1.604 1.1544e-08 
9.89 1.608 2.23358e-07 
9.89 1.612 2.80135e-06 
9.89 1.616 2.41805e-05 
9.89 1.62 0.000151706 
9.89 1.624 0.000701131 
9.89 1.628 0.00214417 
9.89 1.632 0.00495895 
9.89 1.636 0.00768493 
9.89 1.64 0.00881852 
9.89 1.644 0.00733454 
9.89 1.648 0.00434572 
9.89 1.652 0.00183374 
9.89 1.656 0.000549832 
9.89 1.66 0.00011938 
9.89 1.664 1.52202e-05 
9.89 1.668 1.47628e-06 
9.89 1.672 7.86963e-08 
9.89 1.676 2.26531e-09 
9.9 1.6 6.94749e-10 
9.9 1.604 1.79188e-08 
9.9 1.608 3.20568e-07 
9.9 1.612 3.94664e-06 
9.9 1.616 3.25388e-05 
9.9 1.62 0.000184056 
9.9 1.624 0.000811131 
9.9 1.628 0.00229182 
9.9 1.632 0.00490197 
9.9 1.636 0.00726069 
9.9 1.64 0.00814138 
9.9 1.644 0.00629116 
9.9 1.648 0.00366393 
9.9 1.652 0.00145807 
9.9 1.656 0.000412751 
9.9 1.66 7.84226e-05 
9.9 1.664 1.09117e-05 
9.9 1.668 8.84462e-07 
9.9 1.672 4.3977e-08 
9.9 1.676 9.92842e-10 
9.91 1.6 1.09936e-09 
9.91 1.604 3.00209e-08 
9.91 1.608 4.92593e-07 
9.91 1.612 5.42148e-06 
9.91 1.616 4.20595e-05 
9.91 1.62 0.000230008 
9.91 1.624 0.000885549 
9.91 1.628 0.00235749 
9.91 1.632 0.0049212 
9.91 1.636 0.00705331 
9.91 1.64 0.00717675 
9.91 1.644 0.00550634 
9.91 1.648 0.00299642 
9.91 1.652 0.00113291 
9.91 1.656 0.000307097 
9.91 1.66 5.65654e-05 
9.91 1.664 7.31561e-06 
9.91 1.668 5.40397e-07 
9.91 1.672 2.36841e-08 
9.91 1.676 4.81701e-10 
9.92 1.6 2.28427e-09 
9.92 1.604 4.70888e-08 
9.92 1.608 7.31254e-07 
9.92 1.612 7.34393e-06 
9.92 1.616 5.46092e-05 
9.92 1.62 0.000275806 
9.92 1.624 0.000983544 
9.92 1.628 0.00248022 
9.92 1.632 0.00481795 
9.92 1.636 0.00661475 
9.92 1.64 0.00659066 
9.92 1.644 0.00470828 
9.92 1.648 0.00239074 
9.92 1.652 0.000869971 
9.92 1.656 0.000231268 
9.92 1.66 4.07502e-05 
9.92 1.664 4.80863e-06 
9.92 1.668 3.07085e-07 
9.92 1.672 1.06197e-08 
9.92 1.676 1.62682e-10 
9.93 1.596 1.12914e-10 
9.93 1.6 3.43236e-09 
9.93 1.604 7.46592e-08 
9.93 1.608 1.0061e-06 
9.93 1.612 9.59717e-06 
9.93 1.616 6.48233e-05 
9.93 1.62 0.000309606 
9.93 1.624 0.0010328 
9.93 1.628 0.0026022 
9.93 1.632 0.00476317 
9.93 1.636 0.00616118 
9.93 1.64 0.00600898 
9.93 1.644 0.00393894 
9.93 1.648 0.00199592 
9.93 1.652 0.000680972 
9.93 1.656 0.000170268 
9.93 1.66 2.98231e-05 
9.93 1.664 3.00465e-06 
9.93 1.668 1.73358e-07 
9.93 1.672 4.95286e-09 
9.94 1.596 1.95025e-10 
9.94 1.6 5.59041e-09 
9.94 1.604 1.02132e-07 
9.94 1.608 1.35325e-06 
9.94 1.612 1.15228e-05 
9.94 1.616 7.44951e-05 
9.94 1.62 0.000336447 
9.94 1.624 0.00111481 
9.94 1.628 0.00266893 
9.94 1.632 0.00466113 
9.94 1.636 0.00587816 
9.94 1.64 0.00532867 
9.94 1.644 0.00338904 
9.94 1.648 0.00158627 
9.94 1.652 0.000525117 
9.94 1.656 0.000120463 
9.94 1.66 1.9333e-05 
9.94 1.664 1.75053e-06 
9.94 1.668 8.96784e-08 
9.94 1.672 2.01482e-09 
9.95 1.596 3.51524e-10 
9.95 1.6 8.45095e-09 
9.95 1.604 1.48516e-07 
9.95 1.608 1.67411e-06 
9.95 1.612 1.41201e-05 
9.95 1.616 8.30128e-05 
9.95 1.62 0.000361309 
9.95 1.624 0.0011852 
9.95 1.628 0.00263497 
9.95 1.632 0.00449859 
9.95 1.636 0.00532863 
9.95 1.64 0.00450266 
9.95 1.644 0.00278608 
9.95 1.648 0.00125209 
9.95 1.652 0.000387592 
9.95 1.656 8.44007e-05 
9.95 1.66 1.26917e-05 
9.95 1.664 1.00613e-06 
9.95 1.668 4.46549e-08 
9.95 1.672 6.50839e-10 
9.96 1.596 5.39205e-10 
9.96 1.6 1.28439e-08 
9.96 1.604 2.07025e-07 
9.96 1.608 2.17008e-06 
9.96 1.612 1.68853e-05 
9.96 1.616 9.73281e-05 
9.96 1.62 0.000403265 
9.96 1.624 0.00119616 
9.96 1.628 0.00263257 
9.96 1.632 0.00416382 
9.96 1.636 0.00471811 
9.96 1.64 0.0038076 
9.96 1.644 0.00229473 
9.96 1.648 0.000919531 
9.96 1.652 0.000274121 
9.96 1.656 5.6793e-05 
9.96 1.66 7.27794e-06 
9.96 1.664 4.81209e-07 
9.96 1.668 1.8347e-08 
9.96 1.672 2.57826e-10 
9.97 1.596 8.37468e-10 
9.97 1.6 1.85782e-08 
9.97 1.604 2.63494e-07 
9.97 1.608 2.67747e-06 
9.97 1.612 2.07233e-05 
9.97 1.616 0.000109014 
9.97 1.62 0.000431768 
9.97 1.624 0.00122788 
9.97 1.628 0.00245342 
9.97 1.632 0.00386871 
9.97 1.636 0.00409459 
9.97 1.64 0.00319999 
9.97 1.644 0.00183755 
9.97 1.648 0.000703219 
9.97 1.652 0.000199848 
9.97 1.656 3.94629e-05 
9.97 1.66 4.13576e-06 
9.97 1.664 2.28736e-07 
9.97 1.668 6.62699e-09 
9.98 1.596 1.27543e-09 
9.98 1.6 2.59105e-08 
9.98 1.604 3.42034e-07 
9.98 1.608 3.47942e-06 
9.98 1.612 2.35651e-05 
9.98 1.616 0.000123871 
9.98 1.62 0.000457095 
9.98 1.624 0.00120519 
9.98 1.628 0.00239315 
9.98 1.632 0.00343689 
9.98 1.636 0.00349581 
9.98 1.64 0.00269109 
9.98 1.644 0.00140949 
9.98 1.648 0.000533495 
9.98 1.652 0.000143388 
9.98 1.656 2.54813e-05 
9.98 1.66 2.10519e-06 
9.98 1.664 1.15298e-07 
9.98 1.668 2.65719e-09 
9.99 1.596 1.89794e-09 
9.99 1.6 3.53299e-08 
9.99 1.604 4.48675e-07 
9.99 1.608 4.29942e-06 
9.99 1.612 2.81547e-05 
9.99 1.616 0.000134438 
9.99 1.62 0.000463377 
9.99 1.624 0.00115223 
9.99 1.628 0.00225521 
9.99 1.632 0.00299963 
9.99 1.636 0.00296406 
9.99 1.64 0.00217184 
9.99 1.644 0.00108591 
9.99 1.648 0.000390295 
9.99 1.652 0.000105085 
9.99 1.656 1.70143e-05 
9.99 1.66 1.17482e-06 
9.99 1.664 4.41361e-08 
9.99 1.668 6.81204e-10 
10 1.592 1.08802e-10 
10 1.596 2.79078e-09 
10 1.6 4.55759e-08 
10 1.604 5.78655e-07 
10 1.608 5.00483e-06 
10 1.612 3.13046e-05 
10 1.616 0.000139088 
10 1.62 0.000460658 
10 1.624 0.00112782 
10 1.628 0.00204964 
10 1.632 0.00262612 
10 1.636 0.00245394 
10 1.64 0.00172301 
10 1.644 0.000835676 
10 1.648 0.000292033 
10 1.652 7.28005e-05 
10 1.656 8.79096e-06 
10 1.66 5.463e-07 
10 1.664 1.72767e-08 
10 1.668 1.48074e-10 
10.01 1.592 1.62686e-10 
10.01 1.596 3.85985e-09 
10.01 1.6 6.12587e-08 
10.01 1.604 7.0284e-07 
10.01 1.608 5.99238e-06 
10.01 1.612 3.43582e-05 
10.01 1.616 0.000146637 
10.01 1.62 0.000462236 
10.01 1.624 0.00112001 
10.01 1.628 0.00184019 
10.01 1.632 0.00223548 
10.01 1.636 0.00203115 
10.01 1.64 0.00129586 
10.01 1.644 0.000613926 
10.01 1.648 0.000208022 
10.01 1.652 4.57635e-05 
10.01 1.656 4.74855e-06 
10.01 1.66 2.32993e-07 
10.01 1.664 5.18018e-09 
10.02 1.592 2.47263e-10 
10.02 1.596 5.15753e-09 
10.02 1.6 7.58767e-08 
10.02 1.604 8.57337e-07 
10.02 1.608 6.64772e-06 
10.02 1.612 3.60699e-05 
10.02 1.616 0.000154945 
10.02 1.62 0.000474752 
10.02 1.624 0.00103599 
10.02 1.628 0.00164264 
10.02 1.632 0.00185927 
10.02 1.636 0.00158448 
10.02 1.64 0.00102326 
10.02 1.644 0.000444038 
10.02 1.648 0.000141002 
10.02 1.652 2.59929e-05 
10.02 1.656 2.3551e-06 
10.02 1.66 1.02645e-07 
10.02 1.664 1.7181e-09 
10.03 1.592 3.2139e-10 
10.03 1.596 6.66879e-09 
10.03 1.6 9.60012e-08 
10.03 1.604 9.7649e-07 
10.03 1.608 6.92579e-06 
10.03 1.612 4.15676e-05 
10.03 1.616 0.000157909 
10.03 1.62 0.000457628 
10.03 1.624 0.000962314 
10.03 1.628 0.00140391 
10.03 1.632 0.00153261 
10.03 1.636 0.00128715 
10.03 1.64 0.000770212 
10.03 1.644 0.000320155 
10.03 1.648 9.43411e-05 
10.03 1.652 1.36436e-05 
10.03 1.656 1.08669e-06 
10.03 1.66 3.87633e-08 
10.03 1.664 4.46564e-10 
10.04 1.592 4.88772e-10 
10.04 1.596 8.35026e-09 
10.04 1.6 1.12114e-07 
10.04 1.604 1.15947e-06 
10.04 1.608 8.05884e-06 
10.04 1.612 4.13047e-05 
10.04 1.616 0.000163113 
10.04 1.62 0.000437504 
10.04 1.624 0.000825498 
10.04 1.628 0.00119437 
10.04 1.632 0.00133249 
10.04 1.636 0.00101171 
10.04 1.64 0.000569857 
10.04 1.644 0.000237216 
10.04 1.648 5.89278e-05 
10.04 1.652 6.44271e-06 
10.04 1.656 5.05407e-07 
10.04 1.66 1.38611e-08 
10.04 1.664 1.01843e-10 
10.05 1.592 6.32268e-10 
10.05 1.596 1.09836e-08 
10.05 1.6 1.4032e-07 
10.05 1.604 1.26461e-06 
10.05 1.608 8.96572e-06 
10.05 1.612 4.33834e-05 
10.05 1.616 0.000152021 
10.05 1.62 0.000393869 
10.05 1.624 0.000751325 
10.05 1.628 0.00105822 
10.05 1.632 0.00105536 
10.05 1.636 0.000796256 
10.05 1.64 0.000451667 
10.05 1.644 0.000160392 
10.05 1.648 3.62878e-05 
10.05 1.652 3.52227e-06 
10.05 1.656 2.06808e-07 
10.05 1.66 4.21969e-09 
10.06 1.592 8.68504e-10 
10.06 1.596 1.38708e-08 
10.06 1.6 1.63494e-07 
10.06 1.604 1.48565e-06 
10.06 1.608 9.2577e-06 
10.06 1.612 4.2245e-05 
10.06 1.616 0.000145329 
10.06 1.62 0.000370052 
10.06 1.624 0.000647872 
10.06 1.628 0.000865123 
10.06 1.632 0.000898123 
10.06 1.636 0.000622322 
10.06 1.64 0.000311395 
10.06 1.644 0.000109354 
10.06 1.648 2.00019e-05 
10.06 1.652 1.8511e-06 
10.06 1.656 7.3243e-08 
10.06 1.66 1.19743e-09 
10.07 1.592 1.14979e-09 
10.07 1.596 1.74169e-08 
10.07 1.6 1.94002e-07 
10.07 1.604 1.63977e-06 
10.07 1.608 9.84405e-06 
10.07 1.612 4.21809e-05 
10.07 1.616 0.000136973 
10.07 1.62 0.000326755 
10.07 1.624 0.000584953 
10.07 1.628 0.000744434 
10.07 1.632 0.000678939 
10.07 1.636 0.000447087 
10.07 1.64 0.000220929 
10.07 1.644 7.20373e-05 
10.07 1.648 8.72524e-06 
10.07 1.652 7.65339e-07 
10.07 1.656 2.75839e-08 
10.07 1.66 2.59341e-10 
10.08 1.592 1.50102e-09 
10.08 1.596 2.10671e-08 
10.08 1.6 2.30248e-07 
10.08 1.604 1.76773e-06 
10.08 1.608 9.76561e-06 
10.08 1.612 4.2304e-05 
10.08 1.616 0.000131541 
10.08 1.62 0.00029672 
10.08 1.624 0.000490659 
10.08 1.628 0.000584147 
10.08 1.632 0.000521685 
10.08 1.636 0.00032541 
10.08 1.64 0.000145124 
10.08 1.644 3.94582e-05 
10.08 1.648 5.19548e-06 
10.08 1.652 3.53863e-07 
10.08 1.656 9.39427e-09 
10.09 1.592 1.80252e-09 
10.09 1.596 2.5736e-08 
10.09 1.6 2.55049e-07 
10.09 1.604 1.8445e-06 
10.09 1.608 1.01356e-05 
10.09 1.612 4.10876e-05 
10.09 1.616 0.000119572 
10.09 1.62 0.00025418 
10.09 1.624 0.000415229 
10.09 1.628 0.000469628 
10.09 1.632 0.000373816 
10.09 1.636 0.000232697 
10.09 1.64 0.000104155 
10.09 1.644 2.32869e-05 
10.09 1.648 2.18497e-06 
10.09 1.652 1.44596e-07 
10.09 1.656 2.2411e-09 
10.1 1.588 1.31016e-10 
10.1 1.592 2.1863e-09 
10.1 1.596 2.92743e-08 
10.1 1.6 2.91646e-07 
10.1 1.604 1.91508e-06 
10.1 1.608 1.00963e-05 
10.1 1.612 3.88881e-05 
10.1 1.616 0.000109468 
10.1 1.62 0.000218502 
10.1 1.624 0.000331263 
10.1 1.628 0.000359728 
10.1 1.632 0.000293313 
10.1 1.636 0.000164454 
10.1 1.64 6.36125e-05 
10.1 1.644 1.04247e-05 
10.1 1.648 1.03661e-06 
10.1 1.652 4.75473e-08 
10.1 1.656 3.63092e-10 
10.11 1.588 1.63699e-10 
10.11 1.592 2.66647e-09 
10.11 1.596 3.21585e-08 
10.11 1.6 3.12611e-07 
10.11 1.604 2.03296e-06 
10.11 1.608 9.77664e-06 
10.11 1.612 3.52339e-05 
10.11 1.616 9.57997e-05 
10.11 1.62 0.000188876 
10.11 1.624 0.000262306 
10.11 1.628 0.000273409 
10.11 1.632 0.000205977 
10.11 1.636 0.000116586 
10.11 1.64 3.92618e-05 
10.11 1.644 4.57948e-06 
10.11 1.648 4.14503e-07 
10.11 1.652 1.33528e-08 
10.12 1.588 1.984e-10 
10.12 1.592 3.07519e-09 
10.12 1.596 3.62123e-08 
10.12 1.6 3.23984e-07 
10.12 1.604 2.1259e-06 
10.12 1.608 9.6558e-06 
10.12 1.612 3.20591e-05 
10.12 1.616 8.07433e-05 
10.12 1.62 0.000158503 
10.12 1.624 0.00021604 
10.12 1.628 0.000206017 
10.12 1.632 0.000148271 
10.12 1.636 7.92139e-05 
10.12 1.64 1.90308e-05 
10.12 1.644 2.31712e-06 
10.12 1.648 1.37555e-07 
10.12 1.652 2.71734e-09 
10.13 1.588 2.51317e-10 
10.13 1.592 3.70063e-09 
10.13 1.596 3.89972e-08 
10.13 1.6 3.18108e-07 
10.13 1.604 2.13856e-06 
10.13 1.608 8.85796e-06 
10.13 1.612 2.83294e-05 
10.13 1.616 6.99034e-05 
10.13 1.62 0.000121862 
10.13 1.624 0.000167457 
10.13 1.628 0.000158608 
10.13 1.632 0.000107682 
10.13 1.636 5.02613e-05 
10.13 1.64 8.91298e-06 
10.13 1.644 8.05733e-07 
10.13 1.648 4.32579e-08 
10.13 1.652 1.66256e-10 
10.14 1.588 2.98961e-10 
10.14 1.592 4.25927e-09 
10.14 1.596 4.16275e-08 
10.14 1.6 3.2387e-07 
10.14 1.604 1.85512e-06 
10.14 1.608 8.23873e-06 
10.14 1.612 2.52651e-05 
10.14 1.616 5.86863e-05 
10.14 1.62 9.70682e-05 
10.14 1.624 0.000124713 
10.14 1.628 0.000120727 
10.14 1.632 7.80965e-05 
10.14 1.636 2.99846e-05 
10.14 1.64 4.05615e-06 
10.14 1.644 4.61053e-07 
10.14 1.648 1.23425e-08 
