#logage logr JPDF
9.37 1.68 1.00199e-10 
9.37 1.684 1.31193e-10 
9.38 1.676 1.00193e-10 
9.38 1.68 2.71878e-10 
9.38 1.684 2.5237e-10 
9.38 1.688 1.15825e-10 
9.39 1.676 3.31712e-10 
9.39 1.68 6.8625e-10 
9.39 1.684 5.21104e-10 
9.39 1.688 2.03614e-10 
9.4 1.672 2.43654e-10 
9.4 1.676 1.06363e-09 
9.4 1.68 1.55328e-09 
9.4 1.684 9.89184e-10 
9.4 1.688 2.99907e-10 
9.41 1.672 9.8899e-10 
9.41 1.676 2.78206e-09 
9.41 1.68 3.3057e-09 
9.41 1.684 1.74089e-09 
9.41 1.688 4.7019e-10 
9.42 1.668 4.05431e-10 
9.42 1.672 2.92895e-09 
9.42 1.676 6.90497e-09 
9.42 1.68 6.50272e-09 
9.42 1.684 2.85988e-09 
9.42 1.688 7.13868e-10 
9.42 1.692 1.04655e-10 
9.43 1.668 1.94167e-09 
9.43 1.672 8.32135e-09 
9.43 1.676 1.5178e-08 
9.43 1.68 1.15096e-08 
9.43 1.684 4.62888e-09 
9.43 1.688 1.03298e-09 
9.43 1.692 1.42668e-10 
9.44 1.664 4.44364e-10 
9.44 1.668 7.02026e-09 
9.44 1.672 2.18386e-08 
9.44 1.676 3.04749e-08 
9.44 1.68 1.96988e-08 
9.44 1.684 6.91638e-09 
9.44 1.688 1.44049e-09 
9.44 1.692 1.89506e-10 
9.45 1.664 2.46036e-09 
9.45 1.668 2.13396e-08 
9.45 1.672 5.1606e-08 
9.45 1.676 5.95024e-08 
9.45 1.68 3.20712e-08 
9.45 1.684 1.01023e-08 
9.45 1.688 1.91923e-09 
9.45 1.692 2.3838e-10 
9.46 1.66 2.72114e-10 
9.46 1.664 1.09965e-08 
9.46 1.668 5.66545e-08 
9.46 1.672 1.16352e-07 
9.46 1.676 1.01798e-07 
9.46 1.68 5.0333e-08 
9.46 1.684 1.4483e-08 
9.46 1.688 2.49973e-09 
9.46 1.692 2.92195e-10 
9.47 1.66 2.83725e-09 
9.47 1.664 3.46257e-08 
9.47 1.668 1.38485e-07 
9.47 1.672 2.23476e-07 
9.47 1.676 1.7313e-07 
9.47 1.68 7.50156e-08 
9.47 1.684 1.9533e-08 
9.47 1.688 3.20313e-09 
9.47 1.692 3.40427e-10 
9.48 1.66 1.42692e-08 
9.48 1.664 1.06685e-07 
9.48 1.668 3.11782e-07 
9.48 1.672 4.06767e-07 
9.48 1.676 2.81812e-07 
9.48 1.68 1.08863e-07 
9.48 1.684 2.61116e-08 
9.48 1.688 4.07586e-09 
9.48 1.692 3.89989e-10 
9.49 1.656 1.68241e-09 
9.49 1.66 5.28785e-08 
9.49 1.664 2.86656e-07 
9.49 1.668 6.63683e-07 
9.49 1.672 7.25136e-07 
9.49 1.676 4.37327e-07 
9.49 1.68 1.54348e-07 
9.49 1.684 3.49156e-08 
9.49 1.688 4.89167e-09 
9.49 1.692 4.43581e-10 
9.5 1.656 1.13357e-08 
9.5 1.66 1.65397e-07 
9.5 1.664 6.89572e-07 
9.5 1.668 1.22171e-06 
9.5 1.672 1.20909e-06 
9.5 1.676 6.33102e-07 
9.5 1.68 2.09091e-07 
9.5 1.684 4.40101e-08 
9.5 1.688 5.45709e-09 
9.5 1.692 4.67735e-10 
9.51 1.656 5.48333e-08 
9.51 1.66 4.45194e-07 
9.51 1.664 1.4985e-06 
9.51 1.668 2.30448e-06 
9.51 1.672 1.86548e-06 
9.51 1.676 9.12394e-07 
9.51 1.68 2.73128e-07 
9.51 1.684 5.1941e-08 
9.51 1.688 6.35874e-09 
9.51 1.692 5.17306e-10 
9.52 1.652 6.20881e-09 
9.52 1.656 1.88768e-07 
9.52 1.66 1.10127e-06 
9.52 1.664 3.02872e-06 
9.52 1.668 3.92188e-06 
9.52 1.672 2.87356e-06 
9.52 1.676 1.29436e-06 
9.52 1.68 3.45479e-07 
9.52 1.684 5.81501e-08 
9.52 1.688 7.2212e-09 
9.52 1.692 5.57265e-10 
9.53 1.652 3.9764e-08 
9.53 1.656 5.83834e-07 
9.53 1.66 2.60763e-06 
9.53 1.664 5.60213e-06 
9.53 1.668 6.48513e-06 
9.53 1.672 4.08884e-06 
9.53 1.676 1.67217e-06 
9.53 1.68 4.14659e-07 
9.53 1.684 7.08844e-08 
9.53 1.688 7.96105e-09 
9.53 1.692 5.71678e-10 
9.54 1.648 1.03883e-09 
9.54 1.652 1.692e-07 
9.54 1.656 1.48146e-06 
9.54 1.66 5.56652e-06 
9.54 1.664 1.01344e-05 
9.54 1.668 9.78223e-06 
9.54 1.672 5.77634e-06 
9.54 1.676 2.11138e-06 
9.54 1.68 5.01649e-07 
9.54 1.684 8.27437e-08 
9.54 1.688 8.61966e-09 
9.54 1.692 5.85821e-10 
9.55 1.648 2.28353e-08 
9.55 1.652 5.19876e-07 
9.55 1.656 3.58363e-06 
9.55 1.66 1.08494e-05 
9.55 1.664 1.65438e-05 
9.55 1.668 1.47874e-05 
9.55 1.672 7.92997e-06 
9.55 1.676 2.5833e-06 
9.55 1.68 6.03698e-07 
9.55 1.684 9.00666e-08 
9.55 1.688 8.82882e-09 
9.55 1.692 5.64526e-10 
9.56 1.644 5.90748e-10 
9.56 1.648 1.13699e-07 
9.56 1.652 1.56603e-06 
9.56 1.656 7.65951e-06 
9.56 1.66 2.00038e-05 
9.56 1.664 2.64464e-05 
9.56 1.668 2.12288e-05 
9.56 1.672 1.02047e-05 
9.56 1.676 3.35232e-06 
9.56 1.68 7.01721e-07 
9.56 1.684 9.90678e-08 
9.56 1.688 9.27384e-09 
9.56 1.692 5.56268e-10 
9.57 1.644 1.16626e-08 
9.57 1.648 3.86789e-07 
9.57 1.652 3.88027e-06 
9.57 1.656 1.59064e-05 
9.57 1.66 3.34315e-05 
9.57 1.664 3.96181e-05 
9.57 1.668 2.85856e-05 
9.57 1.672 1.27097e-05 
9.57 1.676 3.95439e-06 
9.57 1.68 8.1096e-07 
9.57 1.684 1.08249e-07 
9.57 1.688 9.14454e-09 
9.57 1.692 5.42106e-10 
9.58 1.64 2.03637e-10 
9.58 1.644 5.35474e-08 
9.58 1.648 1.19684e-06 
9.58 1.652 9.00681e-06 
9.58 1.656 3.12522e-05 
9.58 1.66 5.46215e-05 
9.58 1.664 5.79756e-05 
9.58 1.668 3.70943e-05 
9.58 1.672 1.5966e-05 
9.58 1.676 4.70363e-06 
9.58 1.68 8.79209e-07 
9.58 1.684 1.15009e-07 
9.58 1.688 9.00359e-09 
9.58 1.692 5.01221e-10 
9.59 1.64 2.18081e-09 
9.59 1.644 2.12679e-07 
9.59 1.648 3.17188e-06 
9.59 1.652 1.95457e-05 
9.59 1.656 5.25411e-05 
9.59 1.66 8.83832e-05 
9.59 1.664 8.06831e-05 
9.59 1.668 4.90023e-05 
9.59 1.672 1.99017e-05 
9.59 1.676 5.34016e-06 
9.59 1.68 9.8239e-07 
9.59 1.684 1.15586e-07 
9.59 1.688 9.08696e-09 
9.59 1.692 4.44952e-10 
9.6 1.64 1.9614e-08 
9.6 1.644 7.895e-07 
9.6 1.648 8.19303e-06 
9.6 1.652 3.87613e-05 
9.6 1.656 9.24731e-05 
9.6 1.66 0.000128098 
9.6 1.664 0.000109658 
9.6 1.668 6.38552e-05 
9.6 1.672 2.33242e-05 
9.6 1.676 6.19601e-06 
9.6 1.68 1.04418e-06 
9.6 1.684 1.1094e-07 
9.6 1.688 9.08937e-09 
9.6 1.692 3.81135e-10 
9.61 1.636 7.94724e-10 
9.61 1.64 1.06843e-07 
9.61 1.644 2.20179e-06 
9.61 1.648 1.74853e-05 
9.61 1.652 7.11598e-05 
9.61 1.656 0.000148885 
9.61 1.66 0.000180546 
9.61 1.664 0.000142039 
9.61 1.668 7.59331e-05 
9.61 1.672 2.77237e-05 
9.61 1.676 6.57715e-06 
9.61 1.68 1.04774e-06 
9.61 1.684 1.13415e-07 
9.61 1.688 7.81631e-09 
9.61 1.692 3.61976e-10 
9.62 1.636 4.85598e-09 
9.62 1.64 4.17102e-07 
9.62 1.644 5.74345e-06 
9.62 1.648 3.75905e-05 
9.62 1.652 0.000126397 
9.62 1.656 0.000229269 
9.62 1.66 0.000251486 
9.62 1.664 0.000184655 
9.62 1.668 9.10418e-05 
9.62 1.672 3.13891e-05 
9.62 1.676 7.01072e-06 
9.62 1.68 1.06329e-06 
9.62 1.684 1.05895e-07 
9.62 1.688 6.95905e-09 
9.62 1.692 2.98343e-10 
9.63 1.632 2.02793e-10 
9.63 1.636 3.83513e-08 
9.63 1.64 1.33901e-06 
9.63 1.644 1.32371e-05 
9.63 1.648 7.23863e-05 
9.63 1.652 0.000204226 
9.63 1.656 0.000338222 
9.63 1.66 0.000357419 
9.63 1.664 0.000243487 
9.63 1.668 0.000110732 
9.63 1.672 3.38439e-05 
9.63 1.676 7.33886e-06 
9.63 1.68 1.03198e-06 
9.63 1.684 9.71643e-08 
9.63 1.688 5.81852e-09 
9.63 1.692 2.46783e-10 
9.64 1.632 1.66828e-09 
9.64 1.636 1.66178e-07 
9.64 1.64 3.41101e-06 
9.64 1.644 2.79211e-05 
9.64 1.648 0.000128533 
9.64 1.652 0.000316177 
9.64 1.656 0.000465325 
9.64 1.66 0.000449869 
9.64 1.664 0.000300124 
9.64 1.668 0.000129974 
9.64 1.672 3.82327e-05 
9.64 1.676 7.40449e-06 
9.64 1.68 9.84146e-07 
9.64 1.684 8.72739e-08 
9.64 1.688 5.02961e-09 
9.64 1.692 1.99474e-10 
9.65 1.632 7.9823e-09 
9.65 1.636 5.65133e-07 
9.65 1.64 7.82537e-06 
9.65 1.644 5.89885e-05 
9.65 1.648 0.000218009 
9.65 1.652 0.000462092 
9.65 1.656 0.00063712 
9.65 1.66 0.000573467 
9.65 1.664 0.000353798 
9.65 1.668 0.000148093 
9.65 1.672 4.10745e-05 
9.65 1.676 7.52037e-06 
9.65 1.68 9.42421e-07 
9.65 1.684 7.70665e-08 
9.65 1.688 4.38223e-09 
9.65 1.692 1.60184e-10 
9.66 1.628 4.58368e-10 
9.66 1.632 4.91705e-08 
9.66 1.636 1.5619e-06 
9.66 1.64 1.84615e-05 
9.66 1.644 0.000107143 
9.66 1.648 0.000353122 
9.66 1.652 0.000646521 
9.66 1.656 0.000812828 
9.66 1.66 0.000692627 
9.66 1.664 0.00039526 
9.66 1.668 0.000157704 
9.66 1.672 3.95998e-05 
9.66 1.676 7.21504e-06 
9.66 1.68 8.59977e-07 
9.66 1.684 6.5131e-08 
9.66 1.688 3.49216e-09 
9.66 1.692 1.28524e-10 
9.67 1.628 2.78684e-09 
9.67 1.632 1.87984e-07 
9.67 1.636 4.24672e-06 
9.67 1.64 3.86338e-05 
9.67 1.644 0.000196069 
9.67 1.648 0.000525015 
9.67 1.652 0.000910254 
9.67 1.656 0.00108613 
9.67 1.66 0.00084522 
9.67 1.664 0.000465879 
9.67 1.668 0.000165092 
9.67 1.672 4.16197e-05 
9.67 1.676 6.97454e-06 
9.67 1.68 7.58649e-07 
9.67 1.684 5.67307e-08 
9.67 1.688 2.84598e-09 
9.68 1.628 1.15768e-08 
9.68 1.632 5.55625e-07 
9.68 1.636 9.83329e-06 
9.68 1.64 7.39621e-05 
9.68 1.644 0.000312602 
9.68 1.648 0.000763939 
9.68 1.652 0.00126315 
9.68 1.656 0.0013487 
9.68 1.66 0.00101905 
9.68 1.664 0.000514697 
9.68 1.668 0.00017516 
9.68 1.672 4.06836e-05 
9.68 1.676 6.33594e-06 
9.68 1.68 6.58995e-07 
9.68 1.684 4.87371e-08 
9.68 1.688 2.23936e-09 
9.69 1.624 6.49057e-10 
9.69 1.628 5.27557e-08 
9.69 1.632 1.439e-06 
9.69 1.636 1.95698e-05 
9.69 1.64 0.000134617 
9.69 1.644 0.000481597 
9.69 1.648 0.00109689 
9.69 1.652 0.00164313 
9.69 1.656 0.00170135 
9.69 1.66 0.00118266 
9.69 1.664 0.000563031 
9.69 1.668 0.000181263 
9.69 1.672 4.00162e-05 
9.69 1.676 5.75134e-06 
9.69 1.68 5.84376e-07 
9.69 1.684 3.93827e-08 
9.69 1.688 1.79354e-09 
9.7 1.624 2.6403e-09 
9.7 1.628 1.50782e-07 
9.7 1.632 3.86505e-06 
9.7 1.636 4.11299e-05 
9.7 1.64 0.000222445 
9.7 1.644 0.000721412 
9.7 1.648 0.00155595 
9.7 1.652 0.00213475 
9.7 1.656 0.00206881 
9.7 1.66 0.00132921 
9.7 1.664 0.000611942 
9.7 1.668 0.000183929 
9.7 1.672 3.68606e-05 
9.7 1.676 5.10048e-06 
9.7 1.68 4.82439e-07 
9.7 1.684 3.17736e-08 
9.7 1.688 1.44317e-09 
9.71 1.62 1.17432e-10 
9.71 1.624 9.67926e-09 
9.71 1.628 4.23153e-07 
9.71 1.632 8.82751e-06 
9.71 1.636 7.21067e-05 
9.71 1.64 0.00036529 
9.71 1.644 0.00105443 
9.71 1.648 0.00201733 
9.71 1.652 0.00268623 
9.71 1.656 0.0023695 
9.71 1.66 0.0014444 
9.71 1.664 0.000596366 
9.71 1.668 0.000173084 
9.71 1.672 3.25944e-05 
9.71 1.676 4.36694e-06 
9.71 1.68 3.79754e-07 
9.71 1.684 2.43653e-08 
9.71 1.688 9.68724e-10 
9.72 1.62 4.84827e-10 
9.72 1.624 4.01805e-08 
9.72 1.628 1.12202e-06 
9.72 1.632 1.82503e-05 
9.72 1.636 0.000126477 
9.72 1.64 0.000539198 
9.72 1.644 0.00148024 
9.72 1.648 0.00259138 
9.72 1.652 0.0031891 
9.72 1.656 0.00268596 
9.72 1.66 0.00155757 
9.72 1.664 0.000605587 
9.72 1.668 0.000160117 
9.72 1.672 3.01184e-05 
9.72 1.676 3.73688e-06 
9.72 1.68 3.23794e-07 
9.72 1.684 1.88675e-08 
9.72 1.688 7.45483e-10 
9.73 1.62 1.98879e-09 
9.73 1.624 1.17168e-07 
9.73 1.628 2.83214e-06 
9.73 1.632 3.3853e-05 
9.73 1.636 0.000210574 
9.73 1.64 0.000795364 
9.73 1.644 0.00199947 
9.73 1.648 0.00330677 
9.73 1.652 0.00379148 
9.73 1.656 0.00299716 
9.73 1.66 0.00167162 
9.73 1.664 0.000592404 
9.73 1.668 0.000154361 
9.73 1.672 2.6224e-05 
9.73 1.676 3.09903e-06 
9.73 1.68 2.61071e-07 
9.73 1.684 1.44471e-08 
9.73 1.688 5.50575e-10 
9.74 1.616 1.10351e-10 
9.74 1.62 7.81166e-09 
9.74 1.624 3.31138e-07 
9.74 1.628 5.9669e-06 
9.74 1.632 5.83486e-05 
9.74 1.636 0.000335022 
9.74 1.64 0.00114632 
9.74 1.644 0.0026816 
9.74 1.648 0.00415223 
9.74 1.652 0.00447617 
9.74 1.656 0.00334934 
9.74 1.66 0.00168248 
9.74 1.664 0.000578439 
9.74 1.668 0.000139781 
9.74 1.672 2.32921e-05 
9.74 1.676 2.61044e-06 
9.74 1.68 1.99457e-07 
9.74 1.684 1.0581e-08 
9.74 1.688 3.80221e-10 
9.75 1.616 3.62263e-10 
9.75 1.62 2.34087e-08 
9.75 1.624 7.82977e-07 
9.75 1.628 1.19824e-05 
9.75 1.632 0.00010335 
9.75 1.636 0.000524834 
9.75 1.64 0.0016331 
9.75 1.644 0.003444 
9.75 1.648 0.00514715 
9.75 1.652 0.00527336 
9.75 1.656 0.00360498 
9.75 1.66 0.00170209 
9.75 1.664 0.000557809 
9.75 1.668 0.000127302 
9.75 1.672 1.99665e-05 
9.75 1.676 2.14575e-06 
9.75 1.68 1.54886e-07 
9.75 1.684 7.97637e-09 
9.75 1.688 2.61777e-10 
9.76 1.616 1.48078e-09 
9.76 1.62 7.45073e-08 
9.76 1.624 1.91475e-06 
9.76 1.628 2.27667e-05 
9.76 1.632 0.000171741 
9.76 1.636 0.000766013 
9.76 1.64 0.00216902 
9.76 1.644 0.00432573 
9.76 1.648 0.00590405 
9.76 1.652 0.00563172 
9.76 1.656 0.00363346 
9.76 1.66 0.00162346 
9.76 1.664 0.000516596 
9.76 1.668 0.000109885 
9.76 1.672 1.66692e-05 
9.76 1.676 1.71141e-06 
9.76 1.68 1.24316e-07 
9.76 1.684 5.79881e-09 
9.76 1.688 1.75647e-10 
9.77 1.616 4.35231e-09 
9.77 1.62 1.8826e-07 
9.77 1.624 3.82356e-06 
9.77 1.628 4.30848e-05 
9.77 1.632 0.000262126 
9.77 1.636 0.00103898 
9.77 1.64 0.00281439 
9.77 1.644 0.00516676 
9.77 1.648 0.00669832 
9.77 1.652 0.00605069 
9.77 1.656 0.00360658 
9.77 1.66 0.00160058 
9.77 1.664 0.000477895 
9.77 1.668 9.84084e-05 
9.77 1.672 1.40103e-05 
9.77 1.676 1.33431e-06 
9.77 1.68 9.16347e-08 
9.77 1.684 4.1204e-09 
9.77 1.688 1.08213e-10 
9.78 1.612 1.73617e-10 
9.78 1.616 1.2476e-08 
9.78 1.62 4.14968e-07 
9.78 1.624 7.28848e-06 
9.78 1.628 6.87091e-05 
9.78 1.632 0.000368775 
9.78 1.636 0.00140546 
9.78 1.64 0.00351461 
9.78 1.644 0.00628638 
9.78 1.648 0.00748784 
9.78 1.652 0.00639131 
9.78 1.656 0.00359064 
9.78 1.66 0.00154917 
9.78 1.664 0.000419728 
9.78 1.668 8.32445e-05 
9.78 1.672 1.12862e-05 
9.78 1.676 1.06125e-06 
9.78 1.68 6.70346e-08 
9.78 1.684 2.73012e-09 
9.79 1.612 5.40813e-10 
9.79 1.616 3.75634e-08 
9.79 1.62 9.57943e-07 
9.79 1.624 1.28398e-05 
9.79 1.628 0.000110844 
9.79 1.632 0.000531476 
9.79 1.636 0.00191707 
9.79 1.64 0.00437068 
9.79 1.644 0.00742582 
9.79 1.648 0.00823903 
9.79 1.652 0.00659856 
9.79 1.656 0.00355509 
9.79 1.66 0.00138422 
9.79 1.664 0.000371672 
9.79 1.668 6.91206e-05 
9.79 1.672 9.00827e-06 
9.79 1.676 7.76303e-07 
9.79 1.68 4.62769e-08 
9.79 1.684 1.83905e-09 
9.8 1.612 1.9951e-09 
9.8 1.616 8.77104e-08 
9.8 1.62 1.95167e-06 
9.8 1.624 2.28043e-05 
9.8 1.628 0.00016761 
9.8 1.632 0.000785815 
9.8 1.636 0.00248948 
9.8 1.64 0.00557695 
9.8 1.644 0.0083764 
9.8 1.648 0.00911299 
9.8 1.652 0.00634361 
9.8 1.656 0.00338243 
9.8 1.66 0.00120288 
9.8 1.664 0.000315906 
9.8 1.668 5.54645e-05 
9.8 1.672 6.78195e-06 
9.8 1.676 5.68182e-07 
9.8 1.68 3.27238e-08 
9.8 1.684 1.17699e-09 
9.81 1.612 6.20858e-09 
9.81 1.616 2.09127e-07 
9.81 1.62 3.71431e-06 
9.81 1.624 3.80258e-05 
9.81 1.628 0.000251197 
9.81 1.632 0.00105587 
9.81 1.636 0.00325877 
9.81 1.64 0.00618655 
9.81 1.644 0.00947357 
9.81 1.648 0.00903115 
9.81 1.652 0.00624479 
9.81 1.656 0.00314797 
9.81 1.66 0.00108584 
9.81 1.664 0.000261699 
9.81 1.668 4.4572e-05 
9.81 1.672 5.03349e-06 
9.81 1.676 4.20523e-07 
9.81 1.68 2.18297e-08 
9.81 1.684 7.26805e-10 
9.82 1.608 2.41407e-10 
9.82 1.612 1.65841e-08 
9.82 1.616 4.45809e-07 
9.82 1.62 6.99587e-06 
9.82 1.624 5.66967e-05 
9.82 1.628 0.000349251 
9.82 1.632 0.00138164 
9.82 1.636 0.00372211 
9.82 1.64 0.00724092 
9.82 1.644 0.00958665 
9.82 1.648 0.00904877 
9.82 1.652 0.00598504 
9.82 1.656 0.00289859 
9.82 1.66 0.000923098 
9.82 1.664 0.000219665 
9.82 1.668 3.53631e-05 
9.82 1.672 3.84012e-06 
9.82 1.676 2.83849e-07 
9.82 1.68 1.36651e-08 
9.82 1.684 3.96234e-10 
9.83 1.608 7.55855e-10 
9.83 1.612 3.79296e-08 
9.83 1.616 8.15556e-07 
9.83 1.62 1.06812e-05 
9.83 1.624 8.47589e-05 
9.83 1.628 0.000448551 
9.83 1.632 0.00167626 
9.83 1.636 0.00440645 
9.83 1.64 0.00786211 
9.83 1.644 0.00996405 
9.83 1.648 0.00913329 
9.83 1.652 0.00572771 
9.83 1.656 0.00260688 
9.83 1.66 0.000815832 
9.83 1.664 0.000174946 
9.83 1.668 2.67696e-05 
9.83 1.672 2.83034e-06 
9.83 1.676 1.85182e-07 
9.83 1.68 8.63192e-09 
9.83 1.684 2.30012e-10 
9.84 1.608 2.20503e-09 
9.84 1.612 8.11077e-08 
9.84 1.616 1.41556e-06 
9.84 1.62 1.71457e-05 
9.84 1.624 0.000118511 
9.84 1.628 0.000601744 
9.84 1.632 0.00203651 
9.84 1.636 0.00513032 
9.84 1.64 0.00857708 
9.84 1.644 0.0102317 
9.84 1.648 0.00874407 
9.84 1.652 0.00525478 
9.84 1.656 0.00226379 
9.84 1.66 0.000673114 
9.84 1.664 0.000139261 
9.84 1.668 1.98896e-05 
9.84 1.672 1.90032e-06 
9.84 1.676 1.29212e-07 
9.84 1.68 5.08279e-09 
9.84 1.684 1.21363e-10 
9.85 1.608 5.4189e-09 
9.85 1.612 1.50285e-07 
9.85 1.616 2.44572e-06 
9.85 1.62 2.51462e-05 
9.85 1.624 0.000174895 
9.85 1.628 0.000779676 
9.85 1.632 0.00251226 
9.85 1.636 0.00577509 
9.85 1.64 0.00921925 
9.85 1.644 0.0101697 
9.85 1.648 0.00834487 
9.85 1.652 0.0047809 
9.85 1.656 0.00193845 
9.85 1.66 0.00055202 
9.85 1.664 0.000102246 
9.85 1.668 1.41921e-05 
9.85 1.672 1.31824e-06 
9.85 1.676 8.45258e-08 
9.85 1.68 3.1775e-09 
9.86 1.604 2.71371e-10 
9.86 1.608 1.28291e-08 
9.86 1.612 3.02383e-07 
9.86 1.616 4.13835e-06 
9.86 1.62 3.68504e-05 
9.86 1.624 0.000236684 
9.86 1.628 0.000984802 
9.86 1.632 0.003112 
9.86 1.636 0.00623764 
9.86 1.64 0.00962114 
9.86 1.644 0.00994355 
9.86 1.648 0.00786819 
9.86 1.652 0.00416262 
9.86 1.656 0.00160158 
9.86 1.66 0.000425723 
9.86 1.664 7.88152e-05 
9.86 1.668 1.03306e-05 
9.86 1.672 9.32618e-07 
9.86 1.676 5.54673e-08 
9.86 1.68 1.75328e-09 
9.87 1.604 6.4701e-10 
9.87 1.608 2.32012e-08 
9.87 1.612 5.22928e-07 
9.87 1.616 6.99685e-06 
9.87 1.62 5.3271e-05 
9.87 1.624 0.000317502 
9.87 1.628 0.00125154 
9.87 1.632 0.00349378 
9.87 1.636 0.00677322 
9.87 1.64 0.00965982 
9.87 1.644 0.00993426 
9.87 1.648 0.00708556 
9.87 1.652 0.00359346 
9.87 1.656 0.00127324 
9.87 1.66 0.000330238 
9.87 1.664 5.87018e-05 
9.87 1.668 7.27418e-06 
9.87 1.672 6.16768e-07 
9.87 1.676 3.27585e-08 
9.87 1.68 1.0186e-09 
9.88 1.604 1.67821e-09 
9.88 1.608 4.94406e-08 
9.88 1.612 8.78935e-07 
9.88 1.616 9.71204e-06 
9.88 1.62 7.48728e-05 
9.88 1.624 0.000395225 
9.88 1.628 0.0015059 
9.88 1.632 0.00386772 
9.88 1.636 0.0073293 
9.88 1.64 0.00989779 
9.88 1.644 0.00948428 
9.88 1.648 0.00638738 
9.88 1.652 0.00314682 
9.88 1.656 0.00109191 
9.88 1.66 0.000256485 
9.88 1.664 4.20726e-05 
9.88 1.668 4.92265e-06 
9.88 1.672 3.97833e-07 
9.88 1.676 1.87522e-08 
9.88 1.68 4.60124e-10 
9.89 1.604 3.43716e-09 
9.89 1.608 9.18885e-08 
9.89 1.612 1.43554e-06 
9.89 1.616 1.44944e-05 
9.89 1.62 9.98453e-05 
9.89 1.624 0.000504472 
9.89 1.628 0.00172096 
9.89 1.632 0.0043988 
9.89 1.636 0.00745545 
9.89 1.64 0.00970566 
9.89 1.644 0.00892531 
9.89 1.648 0.00569328 
9.89 1.652 0.00268242 
9.89 1.656 0.000877772 
9.89 1.66 0.000195538 
9.89 1.664 2.98199e-05 
9.89 1.668 3.30582e-06 
9.89 1.672 2.36008e-07 
9.89 1.676 9.62247e-09 
9.89 1.68 1.69978e-10 
9.9 1.6 1.72547e-10 
9.9 1.604 7.32559e-09 
9.9 1.608 1.53118e-07 
9.9 1.612 2.14628e-06 
9.9 1.616 2.0248e-05 
9.9 1.62 0.000129565 
9.9 1.624 0.000603336 
9.9 1.628 0.00184393 
9.9 1.632 0.00458073 
9.9 1.636 0.00746152 
9.9 1.64 0.00907038 
9.9 1.644 0.00796416 
9.9 1.648 0.00496636 
9.9 1.652 0.00222698 
9.9 1.656 0.000675286 
9.9 1.66 0.000133088 
9.9 1.664 2.06809e-05 
9.9 1.668 2.09027e-06 
9.9 1.672 1.40603e-07 
9.9 1.676 4.8645e-09 
9.91 1.6 4.26623e-10 
9.91 1.604 1.36033e-08 
9.91 1.608 2.67402e-07 
9.91 1.612 3.13809e-06 
9.91 1.616 2.83692e-05 
9.91 1.62 0.000170027 
9.91 1.624 0.000707355 
9.91 1.628 0.00198652 
9.91 1.632 0.0045854 
9.91 1.636 0.00725505 
9.91 1.64 0.00828704 
9.91 1.644 0.00704336 
9.91 1.648 0.0040988 
9.91 1.652 0.00172622 
9.91 1.656 0.000484533 
9.91 1.66 9.76888e-05 
9.91 1.664 1.42601e-05 
9.91 1.668 1.40787e-06 
9.91 1.672 8.23054e-08 
9.91 1.676 2.33991e-09 
9.92 1.6 1.01287e-09 
9.92 1.604 2.35015e-08 
9.92 1.608 4.28292e-07 
9.92 1.612 4.73147e-06 
9.92 1.616 3.80891e-05 
9.92 1.62 0.000206327 
9.92 1.624 0.00079791 
9.92 1.628 0.00213717 
9.92 1.632 0.00455994 
9.92 1.636 0.00695351 
9.92 1.64 0.00758909 
9.92 1.644 0.00601661 
9.92 1.648 0.00334519 
9.92 1.652 0.00132577 
9.92 1.656 0.000369353 
9.92 1.66 6.92069e-05 
9.92 1.664 9.51756e-06 
9.92 1.668 8.42177e-07 
9.92 1.672 4.43027e-08 
9.92 1.676 8.27131e-10 
9.93 1.6 1.63028e-09 
9.93 1.604 4.01617e-08 
9.93 1.608 5.99785e-07 
9.93 1.612 6.29565e-06 
9.93 1.616 4.50846e-05 
9.93 1.62 0.000239517 
9.93 1.624 0.000862498 
9.93 1.628 0.00225828 
9.93 1.632 0.00455548 
9.93 1.636 0.00657558 
9.93 1.64 0.00685165 
9.93 1.644 0.00506049 
9.93 1.648 0.00277237 
9.93 1.652 0.00103213 
9.93 1.656 0.000276026 
9.93 1.66 5.17254e-05 
9.93 1.664 6.52558e-06 
9.93 1.668 5.13934e-07 
9.93 1.672 2.19509e-08 
9.93 1.676 1.91626e-10 
9.94 1.6 2.93376e-09 
9.94 1.604 5.49767e-08 
9.94 1.608 8.55987e-07 
9.94 1.612 7.85731e-06 
9.94 1.616 5.39681e-05 
9.94 1.62 0.000255532 
9.94 1.624 0.000919799 
9.94 1.628 0.00238199 
9.94 1.632 0.00443462 
9.94 1.636 0.00623235 
9.94 1.64 0.00612526 
9.94 1.644 0.00425979 
9.94 1.648 0.00215699 
9.94 1.652 0.000797255 
9.94 1.656 0.000196564 
9.94 1.66 3.55564e-05 
9.94 1.664 4.26237e-06 
9.94 1.668 3.03785e-07 
9.94 1.672 9.48308e-09 
9.95 1.596 1.78151e-10 
9.95 1.6 4.38967e-09 
9.95 1.604 8.29849e-08 
9.95 1.608 1.06047e-06 
9.95 1.612 9.56169e-06 
9.95 1.616 6.11848e-05 
9.95 1.62 0.000290855 
9.95 1.624 0.00098598 
9.95 1.628 0.0024272 
9.95 1.632 0.00438769 
9.95 1.636 0.00574424 
9.95 1.64 0.00530238 
9.95 1.644 0.00354269 
9.95 1.648 0.00170844 
9.95 1.652 0.000598491 
9.95 1.656 0.000143864 
9.95 1.66 2.44425e-05 
9.95 1.664 2.65664e-06 
9.95 1.668 1.63446e-07 
9.95 1.672 3.29988e-09 
9.96 1.596 2.93759e-10 
9.96 1.6 6.76188e-09 
9.96 1.604 1.1838e-07 
9.96 1.608 1.38625e-06 
9.96 1.612 1.16098e-05 
9.96 1.616 7.27741e-05 
9.96 1.62 0.000322656 
9.96 1.624 0.00101148 
9.96 1.628 0.00241209 
9.96 1.632 0.00420038 
9.96 1.636 0.00508091 
9.96 1.64 0.00455345 
9.96 1.644 0.00288449 
9.96 1.648 0.00129517 
9.96 1.652 0.000426984 
9.96 1.656 9.7623e-05 
9.96 1.66 1.52588e-05 
9.96 1.664 1.50393e-06 
9.96 1.668 7.45903e-08 
9.96 1.672 9.31729e-10 
9.97 1.596 4.42847e-10 
9.97 1.6 1.02295e-08 
9.97 1.604 1.65643e-07 
9.97 1.608 1.73858e-06 
9.97 1.612 1.39885e-05 
9.97 1.616 8.24987e-05 
9.97 1.62 0.000351082 
9.97 1.624 0.00104715 
9.97 1.628 0.0023863 
9.97 1.632 0.00386675 
9.97 1.636 0.00451299 
9.97 1.64 0.00385433 
9.97 1.644 0.00230616 
9.97 1.648 0.00100501 
9.97 1.652 0.00030952 
9.97 1.656 6.84484e-05 
9.97 1.66 9.54608e-06 
9.97 1.664 7.66478e-07 
9.97 1.668 3.05581e-08 
9.98 1.596 6.34763e-10 
9.98 1.6 1.43393e-08 
9.98 1.604 2.06905e-07 
9.98 1.608 2.21395e-06 
9.98 1.612 1.64268e-05 
9.98 1.616 9.26885e-05 
9.98 1.62 0.000376408 
9.98 1.624 0.00106341 
9.98 1.628 0.00230263 
9.98 1.632 0.0035809 
9.98 1.636 0.003909 
9.98 1.64 0.00316426 
9.98 1.644 0.00181697 
9.98 1.648 0.000753998 
9.98 1.652 0.000221394 
9.98 1.656 4.46548e-05 
9.98 1.66 5.52958e-06 
9.98 1.664 4.01787e-07 
9.98 1.668 9.81041e-09 
9.99 1.596 1.02075e-09 
9.99 1.6 2.04658e-08 
9.99 1.604 2.78365e-07 
9.99 1.608 2.89173e-06 
9.99 1.612 2.01371e-05 
9.99 1.616 0.000106185 
9.99 1.62 0.000395428 
9.99 1.624 0.00105703 
9.99 1.628 0.00223766 
9.99 1.632 0.00318251 
9.99 1.636 0.00338958 
9.99 1.64 0.00259619 
9.99 1.644 0.00141763 
9.99 1.648 0.00054969 
9.99 1.652 0.000159566 
9.99 1.656 3.05897e-05 
9.99 1.66 3.17517e-06 
9.99 1.664 1.72124e-07 
9.99 1.668 1.4282e-09 
10 1.596 1.54322e-09 
10 1.6 2.71848e-08 
10 1.604 3.61975e-07 
10 1.608 3.47839e-06 
10 1.612 2.34728e-05 
10 1.616 0.000112523 
10 1.62 0.000405924 
10 1.624 0.0010796 
10 1.628 0.00203763 
10 1.632 0.00290627 
10 1.636 0.00284677 
10 1.64 0.00210131 
10 1.644 0.00110734 
10 1.648 0.000415353 
10 1.652 0.000113448 
10 1.656 1.87805e-05 
10 1.66 1.59725e-06 
10 1.664 6.43144e-08 
10.01 1.596 2.24366e-09 
10.01 1.6 3.92635e-08 
10.01 1.604 4.67036e-07 
10.01 1.608 4.09984e-06 
10.01 1.612 2.63346e-05 
10.01 1.616 0.000122197 
10.01 1.62 0.000424825 
10.01 1.624 0.00107504 
10.01 1.628 0.00187478 
10.01 1.632 0.00250031 
10.01 1.636 0.00241659 
10.01 1.64 0.00164711 
10.01 1.644 0.000831236 
10.01 1.648 0.000306862 
10.01 1.652 7.47283e-05 
10.01 1.656 1.09252e-05 
10.01 1.66 7.82051e-07 
10.01 1.664 1.63271e-08 
10.02 1.592 1.33184e-10 
10.02 1.596 3.03533e-09 
10.02 1.6 4.93246e-08 
10.02 1.604 5.82212e-07 
10.02 1.608 4.8976e-06 
10.02 1.612 2.94741e-05 
10.02 1.616 0.0001299 
10.02 1.62 0.000429336 
10.02 1.624 0.00100303 
10.02 1.628 0.00168454 
10.02 1.632 0.0021098 
10.02 1.636 0.00192269 
10.02 1.64 0.00130254 
10.02 1.644 0.000605344 
10.02 1.648 0.000210493 
10.02 1.652 4.51116e-05 
10.02 1.656 5.84629e-06 
10.02 1.66 3.62362e-07 
10.02 1.664 1.42569e-09 
10.03 1.592 1.93349e-10 
10.03 1.596 4.128e-09 
10.03 1.6 6.57858e-08 
10.03 1.604 7.05702e-07 
10.03 1.608 5.34187e-06 
10.03 1.612 3.36315e-05 
10.03 1.616 0.000137449 
10.03 1.62 0.000418407 
10.03 1.624 0.000925412 
10.03 1.628 0.00146757 
10.03 1.632 0.00169949 
10.03 1.636 0.00153827 
10.03 1.64 0.000973794 
10.03 1.644 0.000431292 
10.03 1.648 0.000138031 
10.03 1.652 2.61618e-05 
10.03 1.656 2.98295e-06 
10.03 1.66 1.37587e-07 
10.04 1.592 2.89705e-10 
10.04 1.596 5.6289e-09 
10.04 1.6 8.11352e-08 
10.04 1.604 8.73322e-07 
10.04 1.608 6.38143e-06 
10.04 1.612 3.42107e-05 
10.04 1.616 0.000145126 
10.04 1.62 0.000397147 
10.04 1.624 0.000816138 
10.04 1.628 0.00126086 
10.04 1.632 0.0014419 
10.04 1.636 0.0011768 
10.04 1.64 0.000712245 
10.04 1.644 0.00030612 
10.04 1.648 8.82994e-05 
10.04 1.652 1.45921e-05 
10.04 1.656 1.51138e-06 
10.04 1.66 3.17807e-08 
10.05 1.592 4.25031e-10 
10.05 1.596 7.69319e-09 
10.05 1.6 1.03765e-07 
10.05 1.604 9.76828e-07 
10.05 1.608 7.20212e-06 
10.05 1.612 3.69326e-05 
10.05 1.616 0.000140124 
10.05 1.62 0.000363804 
10.05 1.624 0.000728804 
10.05 1.628 0.0011002 
10.05 1.632 0.00116649 
10.05 1.636 0.00091933 
10.05 1.64 0.000530347 
10.05 1.644 0.000211825 
10.05 1.648 5.52309e-05 
10.05 1.652 8.59981e-06 
10.05 1.656 6.71436e-07 
10.05 1.66 3.83649e-09 
10.06 1.592 5.46892e-10 
10.06 1.596 9.63736e-09 
10.06 1.6 1.23018e-07 
10.06 1.604 1.15049e-06 
10.06 1.608 7.58321e-06 
10.06 1.612 3.56581e-05 
10.06 1.616 0.000132236 
10.06 1.62 0.000353438 
10.06 1.624 0.000636932 
10.06 1.628 0.000909388 
10.06 1.632 0.000968584 
10.06 1.636 0.000712989 
10.06 1.64 0.000383041 
10.06 1.644 0.000145588 
10.06 1.648 3.31693e-05 
10.06 1.652 4.75888e-06 
10.06 1.656 2.1874e-07 
10.07 1.592 7.63685e-10 
10.07 1.596 1.25568e-08 
10.07 1.6 1.44508e-07 
10.07 1.604 1.29392e-06 
10.07 1.608 8.24696e-06 
10.07 1.612 3.7295e-05 
10.07 1.616 0.000122832 
10.07 1.62 0.00031145 
10.07 1.624 0.000581963 
10.07 1.628 0.000781569 
10.07 1.632 0.000740413 
10.07 1.636 0.000543221 
10.07 1.64 0.000278678 
10.07 1.644 9.6292e-05 
10.07 1.648 1.88933e-05 
10.07 1.652 2.29016e-06 
10.07 1.656 6.07831e-08 
10.08 1.592 1.00131e-09 
10.08 1.596 1.54815e-08 
10.08 1.6 1.76619e-07 
10.08 1.604 1.37654e-06 
10.08 1.608 8.42881e-06 
10.08 1.612 3.79737e-05 
10.08 1.616 0.000120042 
10.08 1.62 0.000286154 
10.08 1.624 0.000493071 
10.08 1.628 0.000611708 
10.08 1.632 0.000566879 
10.08 1.636 0.000388555 
10.08 1.64 0.000187557 
10.08 1.644 5.79814e-05 
10.08 1.648 1.14026e-05 
10.08 1.652 9.79201e-07 
10.09 1.592 1.23627e-09 
10.09 1.596 1.89362e-08 
10.09 1.6 2.00694e-07 
10.09 1.604 1.49434e-06 
10.09 1.608 8.69641e-06 
10.09 1.612 3.67783e-05 
10.09 1.616 0.000109505 
10.09 1.62 0.000246891 
10.09 1.624 0.000414996 
10.09 1.628 0.000468209 
10.09 1.632 0.000402336 
10.09 1.636 0.000261923 
10.09 1.64 0.000124703 
10.09 1.644 3.56549e-05 
10.09 1.648 5.62429e-06 
10.09 1.652 3.14697e-07 
10.1 1.592 1.60163e-09 
10.1 1.596 2.08401e-08 
10.1 1.6 2.21841e-07 
10.1 1.604 1.60671e-06 
10.1 1.608 8.53989e-06 
10.1 1.612 3.41597e-05 
10.1 1.616 0.000100738 
10.1 1.62 0.000207315 
10.1 1.624 0.000312916 
10.1 1.628 0.000348971 
10.1 1.632 0.000295898 
10.1 1.636 0.000178367 
10.1 1.64 7.6086e-05 
10.1 1.644 1.89827e-05 
10.1 1.648 2.74071e-06 
10.1 1.652 5.66748e-08 
10.11 1.588 1.13907e-10 
10.11 1.592 1.96337e-09 
10.11 1.596 2.53112e-08 
10.11 1.6 2.41864e-07 
10.11 1.604 1.70369e-06 
10.11 1.608 7.98407e-06 
10.11 1.612 3.10241e-05 
10.11 1.616 8.81762e-05 
10.11 1.62 0.000176412 
10.11 1.624 0.000243572 
10.11 1.628 0.000256984 
10.11 1.632 0.000205488 
10.11 1.636 0.000122205 
10.11 1.64 4.72627e-05 
10.11 1.644 1.02074e-05 
10.11 1.648 1.10381e-06 
10.12 1.588 1.3154e-10 
10.12 1.592 2.27691e-09 
10.12 1.596 2.70989e-08 
10.12 1.6 2.53654e-07 
10.12 1.604 1.70342e-06 
10.12 1.608 7.74702e-06 
10.12 1.612 2.69595e-05 
10.12 1.616 7.30758e-05 
10.12 1.62 0.000143541 
10.12 1.624 0.00019339 
10.12 1.628 0.000188382 
10.12 1.632 0.000143864 
10.12 1.636 7.78094e-05 
10.12 1.64 2.39243e-05 
10.12 1.644 4.83432e-06 
10.12 1.648 2.47317e-07 
10.13 1.588 1.50694e-10 
10.13 1.592 2.19249e-09 
10.13 1.596 2.51432e-08 
10.13 1.6 2.05793e-07 
10.13 1.604 1.47214e-06 
10.13 1.608 6.50606e-06 
10.13 1.612 2.10334e-05 
10.13 1.616 5.44008e-05 
10.13 1.62 9.97957e-05 
10.13 1.624 0.000137166 
10.13 1.628 0.000144341 
10.13 1.632 0.000103084 
10.13 1.636 4.74424e-05 
10.13 1.64 1.31695e-05 
10.13 1.644 1.92127e-06 
10.13 1.648 3.50868e-08 
10.14 1.588 1.65373e-10 
10.14 1.592 2.47744e-09 
10.14 1.596 2.65932e-08 
10.14 1.6 2.09645e-07 
10.14 1.604 1.25508e-06 
10.14 1.608 5.82933e-06 
10.14 1.612 1.85294e-05 
10.14 1.616 4.4516e-05 
10.14 1.62 7.95744e-05 
10.14 1.624 0.000106298 
10.14 1.628 0.000102836 
10.14 1.632 6.90583e-05 
10.14 1.636 2.93455e-05 
10.14 1.64 7.65498e-06 
10.14 1.644 1.04023e-06 
