#fil mag PDF
0 -2.020000 0.000007
0 -2.000000 0.000040
0 -1.980000 0.000198
0 -1.960000 0.000810
0 -1.940001 0.002706
0 -1.920000 0.007494
0 -1.900001 0.017544
0 -1.880000 0.035450
0 -1.860001 0.063038
0 -1.840000 0.099339
0 -1.820001 0.131406
0 -1.800000 0.154216
0 -1.780001 0.154686
0 -1.760000 0.137285
0 -1.740000 0.095265
0 -1.720000 0.056716
0 -1.700000 0.027580
0 -1.680000 0.011211
0 -1.660000 0.003777
0 -1.640000 0.001035
0 -1.620000 0.000182
0 -1.600000 0.000012
1 -1.560000 0.000001
1 -1.540000 0.000006
1 -1.520000 0.000028
1 -1.500000 0.000108
1 -1.480000 0.000355
1 -1.460000 0.001008
1 -1.440001 0.002410
1 -1.420000 0.004962
1 -1.400001 0.008630
1 -1.380000 0.013412
1 -1.360001 0.020601
1 -1.340000 0.030847
1 -1.320001 0.043378
1 -1.300000 0.056858
1 -1.280001 0.069923
1 -1.260000 0.080099
1 -1.240000 0.088886
1 -1.220000 0.094414
1 -1.200000 0.096470
1 -1.180000 0.092976
1 -1.160000 0.082015
1 -1.140000 0.065938
1 -1.120000 0.049474
1 -1.100000 0.034594
1 -1.080000 0.022774
1 -1.060000 0.014532
1 -1.040000 0.009195
1 -1.020000 0.006232
1 -1.000000 0.004321
1 -0.980000 0.002749
1 -0.960000 0.001442
1 -0.940001 0.000738
1 -0.920000 0.000348
1 -0.900001 0.000164
1 -0.880000 0.000068
1 -0.860001 0.000028
1 -0.840000 0.000010
1 -0.820001 0.000004
2 -0.300000 0.000004
2 -0.280001 0.000015
2 -0.260000 0.000052
2 -0.240001 0.000148
2 -0.220000 0.000379
2 -0.200000 0.000827
2 -0.180000 0.001618
2 -0.160000 0.002874
2 -0.140000 0.004479
2 -0.120000 0.006301
2 -0.100000 0.008525
2 -0.080000 0.011293
2 -0.060000 0.015012
2 -0.040000 0.019524
2 -0.020000 0.025166
2 0.000000 0.031550
2 0.020000 0.037546
2 0.040000 0.043904
2 0.059999 0.049578
2 0.080000 0.054332
2 0.099999 0.058633
2 0.120000 0.061587
2 0.139999 0.063493
2 0.160000 0.062926
2 0.179999 0.063625
2 0.200000 0.062308
2 0.219999 0.059602
2 0.240000 0.053250
2 0.259999 0.044671
2 0.280000 0.036624
2 0.300000 0.029476
2 0.320000 0.023195
2 0.340000 0.017526
2 0.360000 0.012879
2 0.380000 0.009516
2 0.400000 0.006967
2 0.420000 0.005225
2 0.440000 0.004267
2 0.460000 0.003781
2 0.480000 0.002602
2 0.500000 0.001689
2 0.520000 0.001144
2 0.540000 0.000734
2 0.559999 0.000456
2 0.580000 0.000292
2 0.599999 0.000177
2 0.620000 0.000101
2 0.639999 0.000060
2 0.660000 0.000033
2 0.679999 0.000018
2 0.700000 0.000009
2 0.719999 0.000005
2 0.740000 0.000002
3 -1.580000 0.000002
3 -1.560000 0.000009
3 -1.540000 0.000039
3 -1.520000 0.000137
3 -1.500000 0.000420
3 -1.480000 0.001099
3 -1.460000 0.002477
3 -1.440001 0.004788
3 -1.420000 0.007817
3 -1.400001 0.011484
3 -1.380000 0.016896
3 -1.360001 0.024177
3 -1.340000 0.033381
3 -1.320001 0.043722
3 -1.300000 0.054207
3 -1.280001 0.063093
3 -1.260000 0.071181
3 -1.240000 0.077470
3 -1.220000 0.081107
3 -1.200000 0.082802
3 -1.180000 0.081629
3 -1.160000 0.077259
3 -1.140000 0.067089
3 -1.120000 0.054216
3 -1.100000 0.041637
3 -1.080000 0.030686
3 -1.060000 0.021874
3 -1.040000 0.014723
3 -1.020000 0.010080
3 -1.000000 0.007025
3 -0.980000 0.005179
3 -0.960000 0.004281
3 -0.940001 0.003092
3 -0.920000 0.001920
3 -0.900001 0.001237
3 -0.880000 0.000741
3 -0.860001 0.000445
3 -0.840000 0.000263
3 -0.820001 0.000147
3 -0.800000 0.000081
3 -0.780001 0.000044
3 -0.760000 0.000023
3 -0.740001 0.000011
3 -0.720000 0.000006
3 -0.700000 0.000002
4 -2.040000 0.000002
4 -2.020000 0.000011
4 -2.000000 0.000051
4 -1.980000 0.000202
4 -1.960000 0.000680
4 -1.940001 0.001929
4 -1.920000 0.004598
4 -1.900001 0.009088
4 -1.880000 0.015731
4 -1.860001 0.026369
4 -1.840000 0.041576
4 -1.820001 0.059894
4 -1.800000 0.078990
4 -1.780001 0.094998
4 -1.760000 0.108009
4 -1.740000 0.115843
4 -1.720000 0.115771
4 -1.700000 0.102438
4 -1.680000 0.081415
4 -1.660000 0.057554
4 -1.640000 0.036617
4 -1.620000 0.021539
4 -1.600000 0.012355
4 -1.580000 0.007040
4 -1.560000 0.003979
4 -1.540000 0.002060
4 -1.520000 0.000838
4 -1.500000 0.000295
4 -1.480000 0.000096
4 -1.460000 0.000026
4 -1.440001 0.000006
4 -1.420000 0.000001
5 -2.340000 0.000002
5 -2.320001 0.000011
5 -2.300000 0.000061
5 -2.280001 0.000273
5 -2.260000 0.001018
5 -2.240000 0.003146
5 -2.220000 0.007998
5 -2.200000 0.017143
5 -2.180000 0.033228
5 -2.160000 0.057107
5 -2.140000 0.087801
5 -2.120000 0.117918
5 -2.100000 0.141084
5 -2.080000 0.149982
5 -2.060000 0.139253
5 -2.040000 0.108250
5 -2.020000 0.069319
5 -2.000000 0.037740
5 -1.980000 0.017757
5 -1.960000 0.007321
5 -1.940001 0.002614
5 -1.920000 0.000826
5 -1.900001 0.000136
5 -1.880000 0.000012
6 -0.620000 0.000002
6 -0.600000 0.000010
6 -0.580000 0.000035
6 -0.560000 0.000099
6 -0.540000 0.000258
6 -0.520000 0.000562
6 -0.500000 0.001129
6 -0.480000 0.002024
6 -0.460000 0.003314
6 -0.440001 0.004731
6 -0.420000 0.006438
6 -0.400001 0.008535
6 -0.380000 0.011117
6 -0.360001 0.014524
6 -0.340000 0.018767
6 -0.320001 0.023718
6 -0.300000 0.029661
6 -0.280001 0.034995
6 -0.260000 0.040750
6 -0.240001 0.046240
6 -0.220000 0.050542
6 -0.200000 0.054933
6 -0.180000 0.057707
6 -0.160000 0.060612
6 -0.140000 0.061136
6 -0.120000 0.061201
6 -0.100000 0.061576
6 -0.080000 0.060150
6 -0.060000 0.055599
6 -0.040000 0.048065
6 -0.020000 0.040227
6 0.000000 0.033275
6 0.020000 0.026905
6 0.040000 0.021370
6 0.059999 0.016039
6 0.080000 0.011795
6 0.099999 0.008818
6 0.120000 0.006408
6 0.139999 0.004991
6 0.160000 0.004181
6 0.179999 0.002962
6 0.200000 0.001864
6 0.219999 0.001174
6 0.240000 0.000687
6 0.259999 0.000398
6 0.280000 0.000230
6 0.300000 0.000123
6 0.320000 0.000063
6 0.340000 0.000033
6 0.360000 0.000015
6 0.380000 0.000007
6 0.400000 0.000003
6 0.420000 0.000001
7 -3.660000 0.000002
7 -3.640000 0.000019
7 -3.620000 0.000118
7 -3.600000 0.000589
7 -3.580000 0.002346
7 -3.560000 0.007570
7 -3.540000 0.019961
7 -3.520000 0.044209
7 -3.500000 0.082572
7 -3.480000 0.129391
7 -3.460000 0.167984
7 -3.440001 0.180050
7 -3.420000 0.160114
7 -3.400001 0.110456
7 -3.380000 0.060123
7 -3.360001 0.025443
7 -3.340000 0.007705
7 -3.320001 0.001240
7 -3.300000 0.000107
8 -4.480000 0.000001
8 -4.460000 0.000013
8 -4.440000 0.000101
8 -4.420000 0.000591
8 -4.400000 0.002711
8 -4.380000 0.009803
8 -4.360000 0.028245
8 -4.340000 0.064783
8 -4.320000 0.117423
8 -4.300000 0.170235
8 -4.280000 0.196829
8 -4.260000 0.178722
8 -4.240000 0.126008
8 -4.220000 0.068596
8 -4.200000 0.027505
8 -4.180000 0.007579
8 -4.160000 0.000850
8 -4.140000 0.000003
9 -4.640000 0.000001
9 -4.620000 0.000011
9 -4.600000 0.000096
9 -4.580000 0.000607
9 -4.560000 0.002968
9 -4.540000 0.011178
9 -4.520000 0.033002
9 -4.500000 0.075643
9 -4.480000 0.134593
9 -4.460000 0.187699
9 -4.440000 0.202610
9 -4.420000 0.170041
9 -4.400000 0.108310
9 -4.380000 0.051806
9 -4.360000 0.017699
9 -4.340000 0.003564
9 -4.320000 0.000169
9 -4.300000 0.000001
10 -4.680000 0.000007
10 -4.660000 0.000060
10 -4.640000 0.000398
10 -4.620000 0.002056
10 -4.600000 0.008184
10 -4.580000 0.025509
10 -4.560000 0.062327
10 -4.540000 0.118043
10 -4.520000 0.175822
10 -4.500000 0.202625
10 -4.480000 0.182841
10 -4.460000 0.125740
10 -4.440000 0.065061
10 -4.420000 0.024779
10 -4.400000 0.006043
10 -4.380000 0.000498
10 -4.360000 0.000008
11 -4.560000 0.000002
11 -4.540000 0.000020
11 -4.520000 0.000145
11 -4.500000 0.000837
11 -4.480000 0.003759
11 -4.460000 0.013199
11 -4.440000 0.036514
11 -4.420000 0.080079
11 -4.400000 0.136756
11 -4.380000 0.185620
11 -4.360000 0.198729
11 -4.340000 0.165489
11 -4.320000 0.106254
11 -4.300000 0.050800
11 -4.280000 0.017939
11 -4.260000 0.003702
11 -4.240000 0.000155
12 -4.700000 0.000003
12 -4.680000 0.000032
12 -4.660000 0.000225
12 -4.640000 0.001225
12 -4.620000 0.005194
12 -4.600000 0.017283
12 -4.580000 0.045366
12 -4.560000 0.093487
12 -4.540000 0.151424
12 -4.520000 0.194301
12 -4.500000 0.195004
12 -4.480000 0.151552
12 -4.460000 0.089680
12 -4.440000 0.040093
12 -4.420000 0.012936
12 -4.400000 0.002124
12 -4.380000 0.000071
13 -4.760000 0.000001
13 -4.740000 0.000013
13 -4.720000 0.000108
13 -4.700000 0.000674
13 -4.680000 0.003213
13 -4.660000 0.011920
13 -4.640000 0.034426
13 -4.620000 0.077852
13 -4.600000 0.135972
13 -4.580000 0.187705
13 -4.560000 0.200355
13 -4.540000 0.167228
13 -4.520000 0.106181
13 -4.500000 0.051066
13 -4.480000 0.018527
13 -4.460000 0.004235
13 -4.440000 0.000487
13 -4.420000 0.000035
13 -4.400000 0.000001
