#fil mag PDF
0 -2.060000 0.000001
0 -2.040000 0.000007
0 -2.020000 0.000036
0 -2.000000 0.000150
0 -1.980000 0.000532
0 -1.960000 0.001601
0 -1.940001 0.004204
0 -1.920000 0.009651
0 -1.900001 0.019591
0 -1.880000 0.035356
0 -1.860001 0.056897
0 -1.840000 0.082185
0 -1.820001 0.106622
0 -1.800000 0.124284
0 -1.780001 0.130028
0 -1.760000 0.122832
0 -1.740000 0.104370
0 -1.720000 0.079833
0 -1.700000 0.054522
0 -1.680000 0.033497
0 -1.660000 0.018396
0 -1.640000 0.009060
0 -1.620000 0.004003
0 -1.600000 0.001571
0 -1.580000 0.000545
0 -1.560000 0.000166
0 -1.540000 0.000044
0 -1.520000 0.000010
0 -1.500000 0.000002
1 -1.600000 0.000002
1 -1.580000 0.000009
1 -1.560000 0.000035
1 -1.540000 0.000107
1 -1.520000 0.000283
1 -1.500000 0.000658
1 -1.480000 0.001356
1 -1.460000 0.002594
1 -1.440001 0.004583
1 -1.420000 0.007657
1 -1.400001 0.011971
1 -1.380000 0.017672
1 -1.360001 0.024738
1 -1.340000 0.032590
1 -1.320001 0.041251
1 -1.300000 0.049969
1 -1.280001 0.058289
1 -1.260000 0.065692
1 -1.240000 0.071291
1 -1.220000 0.074615
1 -1.200000 0.076078
1 -1.180000 0.074828
1 -1.160000 0.071009
1 -1.140000 0.064832
1 -1.120000 0.056951
1 -1.100000 0.048080
1 -1.080000 0.038865
1 -1.060000 0.030320
1 -1.040000 0.022777
1 -1.020000 0.016540
1 -1.000000 0.011746
1 -0.980000 0.008032
1 -0.960000 0.005427
1 -0.940001 0.003580
1 -0.920000 0.002294
1 -0.900001 0.001418
1 -0.880000 0.000849
1 -0.860001 0.000490
1 -0.840000 0.000270
1 -0.820001 0.000140
1 -0.800000 0.000067
1 -0.780001 0.000029
1 -0.760000 0.000011
1 -0.740001 0.000004
1 -0.720000 0.000001
2 -0.360001 0.000002
2 -0.340000 0.000009
2 -0.320001 0.000026
2 -0.300000 0.000068
2 -0.280001 0.000150
2 -0.260000 0.000299
2 -0.240001 0.000536
2 -0.220000 0.000902
2 -0.200000 0.001413
2 -0.180000 0.002160
2 -0.160000 0.003185
2 -0.140000 0.004541
2 -0.120000 0.006340
2 -0.100000 0.008566
2 -0.080000 0.011368
2 -0.060000 0.014554
2 -0.040000 0.018319
2 -0.020000 0.022214
2 0.000000 0.026183
2 0.020000 0.030446
2 0.040000 0.034615
2 0.059999 0.038925
2 0.080000 0.042933
2 0.099999 0.046112
2 0.120000 0.049301
2 0.139999 0.051409
2 0.160000 0.052648
2 0.179999 0.053495
2 0.200000 0.053345
2 0.219999 0.052544
2 0.240000 0.049892
2 0.259999 0.046890
2 0.280000 0.043345
2 0.300000 0.039497
2 0.320000 0.035248
2 0.340000 0.030478
2 0.360000 0.026159
2 0.380000 0.021832
2 0.400000 0.017899
2 0.420000 0.014387
2 0.440000 0.011566
2 0.460000 0.009040
2 0.480000 0.007042
2 0.500000 0.005343
2 0.520000 0.004078
2 0.540000 0.003073
2 0.559999 0.002285
2 0.580000 0.001660
2 0.599999 0.001202
2 0.620000 0.000836
2 0.639999 0.000582
2 0.660000 0.000396
2 0.679999 0.000263
2 0.700000 0.000171
2 0.719999 0.000105
2 0.740000 0.000062
2 0.759999 0.000033
2 0.780000 0.000016
2 0.799999 0.000007
2 0.820000 0.000003
2 0.840000 0.000001
3 -1.620000 0.000004
3 -1.600000 0.000015
3 -1.580000 0.000050
3 -1.560000 0.000140
3 -1.540000 0.000334
3 -1.520000 0.000703
3 -1.500000 0.001354
3 -1.480000 0.002406
3 -1.460000 0.004044
3 -1.440001 0.006415
3 -1.420000 0.009714
3 -1.400001 0.013947
3 -1.380000 0.019055
3 -1.360001 0.024886
3 -1.340000 0.030734
3 -1.320001 0.036786
3 -1.300000 0.042969
3 -1.280001 0.048789
3 -1.260000 0.053746
3 -1.240000 0.058285
3 -1.220000 0.061458
3 -1.200000 0.063321
3 -1.180000 0.064004
3 -1.160000 0.063300
3 -1.140000 0.060420
3 -1.120000 0.056201
3 -1.100000 0.051159
3 -1.080000 0.045377
3 -1.060000 0.038952
3 -1.040000 0.032545
3 -1.020000 0.026391
3 -1.000000 0.020902
3 -0.980000 0.016146
3 -0.960000 0.012379
3 -0.940001 0.009260
3 -0.920000 0.006831
3 -0.900001 0.005011
3 -0.880000 0.003669
3 -0.860001 0.002652
3 -0.840000 0.001879
3 -0.820001 0.001299
3 -0.800000 0.000891
3 -0.780001 0.000595
3 -0.760000 0.000391
3 -0.740001 0.000249
3 -0.720000 0.000153
3 -0.700000 0.000091
3 -0.680000 0.000049
3 -0.660000 0.000025
3 -0.640000 0.000012
3 -0.620000 0.000005
3 -0.600000 0.000002
4 -2.080000 0.000003
4 -2.060000 0.000014
4 -2.040000 0.000053
4 -2.020000 0.000173
4 -2.000000 0.000479
4 -1.980000 0.001167
4 -1.960000 0.002556
4 -1.940001 0.005080
4 -1.920000 0.009227
4 -1.900001 0.015420
4 -1.880000 0.023961
4 -1.860001 0.034578
4 -1.840000 0.046738
4 -1.820001 0.059544
4 -1.800000 0.071937
4 -1.780001 0.082254
4 -1.760000 0.088820
4 -1.740000 0.091661
4 -1.720000 0.090175
4 -1.700000 0.084143
4 -1.680000 0.074468
4 -1.660000 0.062423
4 -1.640000 0.049065
4 -1.620000 0.036571
4 -1.600000 0.025781
4 -1.580000 0.017282
4 -1.560000 0.011077
4 -1.540000 0.006822
4 -1.520000 0.004008
4 -1.500000 0.002252
4 -1.480000 0.001197
4 -1.460000 0.000600
4 -1.440001 0.000280
4 -1.420000 0.000121
4 -1.400001 0.000047
4 -1.380000 0.000016
4 -1.360001 0.000005
4 -1.340000 0.000001
5 -2.380000 0.000002
5 -2.360001 0.000012
5 -2.340000 0.000053
5 -2.320001 0.000204
5 -2.300000 0.000663
5 -2.280001 0.001846
5 -2.260000 0.004543
5 -2.240000 0.009879
5 -2.220000 0.018981
5 -2.200000 0.032923
5 -2.180000 0.051389
5 -2.160000 0.072813
5 -2.140000 0.094118
5 -2.120000 0.110691
5 -2.100000 0.118777
5 -2.080000 0.117013
5 -2.060000 0.106163
5 -2.040000 0.087893
5 -2.020000 0.066371
5 -2.000000 0.045428
5 -1.980000 0.028537
5 -1.960000 0.016212
5 -1.940001 0.008521
5 -1.920000 0.004104
5 -1.900001 0.001796
5 -1.880000 0.000710
5 -1.860001 0.000250
5 -1.840000 0.000078
5 -1.820001 0.000021
5 -1.800000 0.000005
6 -0.660000 0.000002
6 -0.640000 0.000006
6 -0.620000 0.000019
6 -0.600000 0.000050
6 -0.580000 0.000113
6 -0.560000 0.000229
6 -0.540000 0.000421
6 -0.520000 0.000722
6 -0.500000 0.001145
6 -0.480000 0.001758
6 -0.460000 0.002619
6 -0.440001 0.003757
6 -0.420000 0.005275
6 -0.400001 0.007225
6 -0.380000 0.009667
6 -0.360001 0.012662
6 -0.340000 0.015989
6 -0.320001 0.020020
6 -0.300000 0.023994
6 -0.280001 0.028377
6 -0.260000 0.032772
6 -0.240001 0.037308
6 -0.220000 0.041855
6 -0.200000 0.045680
6 -0.180000 0.048986
6 -0.160000 0.051804
6 -0.140000 0.053516
6 -0.120000 0.054585
6 -0.100000 0.054878
6 -0.080000 0.054311
6 -0.060000 0.052133
6 -0.040000 0.049081
6 -0.020000 0.045544
6 0.000000 0.041555
6 0.020000 0.037177
6 0.040000 0.032242
6 0.059999 0.027624
6 0.080000 0.023158
6 0.099999 0.019005
6 0.120000 0.015412
6 0.139999 0.012248
6 0.160000 0.009566
6 0.179999 0.007296
6 0.200000 0.005429
6 0.219999 0.004001
6 0.240000 0.002884
6 0.259999 0.002031
6 0.280000 0.001392
6 0.300000 0.000933
6 0.320000 0.000613
6 0.340000 0.000390
6 0.360000 0.000243
6 0.380000 0.000143
6 0.400000 0.000080
6 0.420000 0.000041
6 0.440000 0.000019
6 0.460000 0.000008
6 0.480000 0.000003
7 -3.700000 0.000001
7 -3.680000 0.000007
7 -3.660000 0.000040
7 -3.640000 0.000193
7 -3.620000 0.000777
7 -3.600000 0.002607
7 -3.580000 0.007368
7 -3.560000 0.017617
7 -3.540000 0.036090
7 -3.520000 0.063498
7 -3.500000 0.096593
7 -3.480000 0.127339
7 -3.460000 0.145813
7 -3.440001 0.145615
7 -3.420000 0.127225
7 -3.400001 0.097095
7 -3.380000 0.064342
7 -3.360001 0.037095
7 -3.340000 0.018452
7 -3.320001 0.007980
7 -3.300000 0.002973
7 -3.280000 0.000949
7 -3.260000 0.000259
7 -3.240000 0.000059
7 -3.220000 0.000011
7 -3.200000 0.000002
8 -4.460000 0.000003
8 -4.440000 0.000027
8 -4.420000 0.000163
8 -4.400000 0.000798
8 -4.380000 0.003140
8 -4.360000 0.009981
8 -4.340000 0.026036
8 -4.320000 0.055502
8 -4.300000 0.097172
8 -4.280000 0.141052
8 -4.260000 0.169255
8 -4.240000 0.167700
8 -4.220000 0.138219
8 -4.200000 0.095021
8 -4.180000 0.054461
8 -4.160000 0.026132
8 -4.140000 0.010489
8 -4.120000 0.003543
8 -4.100000 0.001006
8 -4.080000 0.000240
8 -4.060000 0.000048
8 -4.040000 0.000008
8 -4.020000 0.000001
9 -4.620000 0.000004
9 -4.600000 0.000033
9 -4.580000 0.000214
9 -4.560000 0.001095
9 -4.540000 0.004420
9 -4.520000 0.014166
9 -4.500000 0.036170
9 -4.480000 0.074571
9 -4.460000 0.123473
9 -4.440000 0.166383
9 -4.420000 0.180652
9 -4.400000 0.160082
9 -4.380000 0.115788
9 -4.360000 0.069040
9 -4.340000 0.033900
9 -4.320000 0.013711
9 -4.300000 0.004627
9 -4.280000 0.001299
9 -4.260000 0.000303
9 -4.240000 0.000059
9 -4.220000 0.000010
9 -4.200000 0.000001
10 -4.680000 0.000005
10 -4.660000 0.000037
10 -4.640000 0.000241
10 -4.620000 0.001212
10 -4.600000 0.004834
10 -4.580000 0.015232
10 -4.560000 0.038353
10 -4.540000 0.077617
10 -4.520000 0.126460
10 -4.500000 0.167722
10 -4.480000 0.180235
10 -4.460000 0.157417
10 -4.440000 0.112878
10 -4.420000 0.066513
10 -4.400000 0.032324
10 -4.380000 0.013016
10 -4.360000 0.004348
10 -4.340000 0.001212
10 -4.320000 0.000280
10 -4.300000 0.000054
10 -4.280000 0.000009
10 -4.260000 0.000001
11 -4.540000 0.000005
11 -4.520000 0.000039
11 -4.500000 0.000239
11 -4.480000 0.001170
11 -4.460000 0.004551
11 -4.440000 0.014185
11 -4.420000 0.035626
11 -4.400000 0.072271
11 -4.380000 0.119551
11 -4.360000 0.161401
11 -4.340000 0.177896
11 -4.320000 0.160442
11 -4.300000 0.119271
11 -4.280000 0.073032
11 -4.260000 0.037104
11 -4.240000 0.015631
11 -4.220000 0.005491
11 -4.200000 0.001607
11 -4.180000 0.000393
11 -4.160000 0.000080
11 -4.140000 0.000014
11 -4.120000 0.000002
12 -4.680000 0.000009
12 -4.660000 0.000070
12 -4.640000 0.000412
12 -4.620000 0.001919
12 -4.600000 0.007020
12 -4.580000 0.020527
12 -4.560000 0.048194
12 -4.540000 0.091193
12 -4.520000 0.139406
12 -4.500000 0.173637
12 -4.480000 0.175679
12 -4.460000 0.145681
12 -4.440000 0.099313
12 -4.420000 0.056049
12 -4.400000 0.026133
12 -4.380000 0.010242
12 -4.360000 0.003339
12 -4.340000 0.000916
12 -4.320000 0.000211
12 -4.300000 0.000041
12 -4.280000 0.000007
13 -4.740000 0.000005
13 -4.720000 0.000040
13 -4.700000 0.000264
13 -4.680000 0.001338
13 -4.660000 0.005327
13 -4.640000 0.016675
13 -4.620000 0.041446
13 -4.600000 0.082636
13 -4.580000 0.132287
13 -4.560000 0.170915
13 -4.540000 0.178825
13 -4.520000 0.152918
13 -4.500000 0.106856
13 -4.480000 0.062130
13 -4.460000 0.029988
13 -4.440000 0.012290
13 -4.420000 0.004301
13 -4.400000 0.001306
13 -4.380000 0.000348
13 -4.360000 0.000083
13 -4.340000 0.000018
13 -4.320000 0.000003
