#logL_Lsun PDF
2.432 1.03141e-07
2.434 1.2123e-07
2.436 1.49359e-07
2.438 1.77435e-07
2.44 2.13092e-07
2.442 2.62005e-07
2.444 3.09287e-07
2.446 3.78569e-07
2.448 4.4789e-07
2.45 5.3667e-07
2.452 6.39539e-07
2.454 7.60928e-07
2.456 9.1237e-07
2.458 1.0714e-06
2.46 1.27808e-06
2.462 1.51031e-06
2.464 1.80911e-06
2.466 2.10322e-06
2.468 2.47437e-06
2.47 2.9411e-06
2.472 3.47297e-06
2.474 4.03985e-06
2.476 4.76003e-06
2.478 5.56179e-06
2.48 6.44105e-06
2.482 7.53369e-06
2.484 8.85078e-06
2.486 1.00832e-05
2.488 1.19787e-05
2.49 1.3664e-05
2.492 1.60486e-05
2.494 1.82388e-05
2.496 2.10031e-05
2.498 2.45158e-05
2.5 2.77339e-05
2.502 3.17584e-05
2.504 3.69755e-05
2.506 4.12284e-05
2.508 4.78054e-05
2.51 5.41856e-05
2.512 6.15261e-05
2.514 7.02595e-05
2.516 7.86746e-05
2.518 8.96889e-05
2.52 0.000101675
2.522 0.000115007
2.524 0.00012945
2.526 0.000145018
2.528 0.000162084
2.53 0.000182914
2.532 0.000206575
2.534 0.000229767
2.536 0.000257286
2.538 0.000285356
2.54 0.000321057
2.542 0.000352665
2.544 0.000397594
2.546 0.000433851
2.548 0.000490825
2.55 0.000529377
2.552 0.0005919
2.554 0.000650809
2.556 0.000719773
2.558 0.000791362
2.56 0.000873403
2.562 0.000953839
2.564 0.00103629
2.566 0.00114461
2.568 0.00124651
2.57 0.00135587
2.572 0.00147623
2.574 0.00160844
2.576 0.00173124
2.578 0.0018927
2.58 0.0020418
2.582 0.00220656
2.584 0.00237091
2.586 0.0025809
2.588 0.00276412
2.59 0.0029655
2.592 0.00320281
2.594 0.00340189
2.596 0.00364254
2.598 0.00386777
2.6 0.00410355
2.602 0.00440938
2.604 0.00467334
2.606 0.00497485
2.608 0.00523177
2.61 0.0055136
2.612 0.00583407
2.614 0.00615244
2.616 0.00646608
2.618 0.00673864
2.62 0.007057
2.622 0.00743117
2.624 0.00780196
2.626 0.0080521
2.628 0.00837371
2.63 0.00875764
2.632 0.00899251
2.634 0.0094572
2.636 0.0096916
2.638 0.00995291
2.64 0.0103105
2.642 0.0107042
2.644 0.0109911
2.646 0.0113423
2.648 0.0114679
2.65 0.0118444
2.652 0.0122096
2.654 0.0124918
2.656 0.0127761
2.658 0.0129097
2.66 0.0132678
2.662 0.0134305
2.664 0.0137612
2.666 0.0138777
2.668 0.0141347
2.67 0.0142313
2.672 0.0144688
2.674 0.0145961
2.676 0.0146688
2.678 0.0149044
2.68 0.0148097
2.682 0.0150285
2.684 0.0150327
2.686 0.0150122
2.688 0.0149896
2.69 0.0151088
2.692 0.0149063
2.694 0.0150141
2.696 0.0147757
2.698 0.0146744
2.7 0.0146839
2.702 0.0144004
2.704 0.0143036
2.706 0.0140308
2.708 0.013877
2.71 0.0135653
2.712 0.0133079
2.714 0.0130251
2.716 0.0128041
2.718 0.0124172
2.72 0.0121405
2.722 0.0118794
2.724 0.0115463
2.726 0.0112564
2.728 0.0109466
2.73 0.0106244
2.732 0.0102141
2.734 0.00976846
2.736 0.00958582
2.738 0.00918138
2.74 0.00885576
2.742 0.00848247
2.744 0.00816731
2.746 0.00780094
2.748 0.00751091
2.75 0.00721769
2.752 0.00689852
2.754 0.00659839
2.756 0.00622048
2.758 0.00597737
2.76 0.00565165
2.762 0.00531952
2.764 0.00506129
2.766 0.0048036
2.768 0.00457064
2.77 0.00427004
2.772 0.00402419
2.774 0.00377446
2.776 0.00357517
2.778 0.00334223
2.78 0.00310274
2.782 0.00289019
2.784 0.00269843
2.786 0.00252748
2.788 0.00237687
2.79 0.00222149
2.792 0.00202829
2.794 0.00188279
2.796 0.00176942
2.798 0.0016208
2.8 0.00150775
2.802 0.00139656
2.804 0.00129484
2.806 0.00118035
2.808 0.00108675
2.81 0.00101243
2.812 0.000927503
2.814 0.000855949
2.816 0.000775038
2.818 0.000725756
2.82 0.000657425
2.822 0.000596629
2.824 0.000547989
2.826 0.000501389
2.828 0.000452663
2.83 0.000415472
2.832 0.000376499
2.834 0.000339831
2.836 0.000310213
2.838 0.000280128
2.84 0.000252407
2.842 0.000229951
2.844 0.0002039
2.846 0.000186605
2.848 0.000166877
2.85 0.000149335
2.852 0.000134262
2.854 0.000120135
2.856 0.000107028
2.858 9.64188e-05
2.86 8.58224e-05
2.862 7.63732e-05
2.864 6.79138e-05
2.866 6.0161e-05
2.868 5.34678e-05
2.87 4.76486e-05
2.872 4.20474e-05
2.874 3.66774e-05
2.876 3.24919e-05
2.878 2.87288e-05
2.88 2.53382e-05
2.882 2.22318e-05
2.884 1.96229e-05
2.886 1.71754e-05
2.888 1.51342e-05
2.89 1.31292e-05
2.892 1.16631e-05
2.894 1.01167e-05
2.896 8.86166e-06
2.898 7.67353e-06
2.9 6.81513e-06
2.902 5.90207e-06
2.904 5.09811e-06
2.906 4.43462e-06
2.908 3.86849e-06
2.91 3.36393e-06
2.912 2.917e-06
2.914 2.50393e-06
2.916 2.16242e-06
2.918 1.88694e-06
2.92 1.60772e-06
2.922 1.39753e-06
2.924 1.19348e-06
2.926 1.03576e-06
2.928 8.84017e-07
2.93 7.61195e-07
2.932 6.52667e-07
2.934 5.53983e-07
2.936 4.78134e-07
2.938 4.0769e-07
2.94 3.45859e-07
2.942 2.98522e-07
2.944 2.50995e-07
2.946 2.13009e-07
2.948 1.82136e-07
2.95 1.54175e-07
2.952 1.29844e-07
2.954 1.10956e-07
