#logage logr JPDF
9.31 1.68 1.21187e-10 
9.32 1.676 2.34394e-10 
9.32 1.68 2.78648e-10 
9.32 1.684 1.17504e-10 
9.33 1.672 1.49545e-10 
9.33 1.676 7.27518e-10 
9.33 1.68 5.92637e-10 
9.33 1.684 2.02533e-10 
9.34 1.672 9.49835e-10 
9.34 1.676 1.86434e-09 
9.34 1.68 1.10885e-09 
9.34 1.684 3.44735e-10 
9.35 1.668 3.92857e-10 
9.35 1.672 3.28941e-09 
9.35 1.676 3.87607e-09 
9.35 1.68 2.02259e-09 
9.35 1.684 5.92421e-10 
9.35 1.688 1.06189e-10 
9.36 1.668 2.83606e-09 
9.36 1.672 8.96351e-09 
9.36 1.676 7.66176e-09 
9.36 1.68 3.45528e-09 
9.36 1.684 9.08891e-10 
9.36 1.688 1.41189e-10 
9.37 1.668 1.13283e-08 
9.37 1.672 1.94672e-08 
9.37 1.676 1.38866e-08 
9.37 1.68 5.60511e-09 
9.37 1.684 1.34991e-09 
9.37 1.688 1.97851e-10 
9.38 1.664 4.4501e-09 
9.38 1.668 3.02914e-08 
9.38 1.672 3.87074e-08 
9.38 1.676 2.35878e-08 
9.38 1.68 8.5968e-09 
9.38 1.684 1.93774e-09 
9.38 1.688 2.802e-10 
9.39 1.664 2.50917e-08 
9.39 1.668 7.13002e-08 
9.39 1.672 7.07661e-08 
9.39 1.676 3.91851e-08 
9.39 1.68 1.32449e-08 
9.39 1.684 2.76664e-09 
9.39 1.688 3.90417e-10 
9.4 1.66 5.17358e-09 
9.4 1.664 7.97157e-08 
9.4 1.668 1.50935e-07 
9.4 1.672 1.30653e-07 
9.4 1.676 6.38026e-08 
9.4 1.68 1.95174e-08 
9.4 1.684 3.90226e-09 
9.4 1.688 4.97953e-10 
9.41 1.66 4.13992e-08 
9.41 1.664 2.01061e-07 
9.41 1.668 2.89186e-07 
9.41 1.672 2.24631e-07 
9.41 1.676 9.84314e-08 
9.41 1.68 2.84928e-08 
9.41 1.684 5.14011e-09 
9.41 1.688 6.38656e-10 
9.42 1.66 1.63251e-07 
9.42 1.664 4.49103e-07 
9.42 1.668 5.22939e-07 
9.42 1.672 3.59563e-07 
9.42 1.676 1.50181e-07 
9.42 1.68 4.02633e-08 
9.42 1.684 6.70906e-09 
9.42 1.688 7.71052e-10 
9.43 1.656 3.87342e-08 
9.43 1.66 4.37273e-07 
9.43 1.664 9.03484e-07 
9.43 1.668 9.17452e-07 
9.43 1.672 5.78114e-07 
9.43 1.676 2.10789e-07 
9.43 1.68 5.51401e-08 
9.43 1.684 8.94751e-09 
9.43 1.688 8.89538e-10 
9.44 1.656 2.17525e-07 
9.44 1.66 1.03595e-06 
9.44 1.664 1.63726e-06 
9.44 1.668 1.50214e-06 
9.44 1.672 8.70205e-07 
9.44 1.676 3.00534e-07 
9.44 1.68 7.12229e-08 
9.44 1.684 1.05652e-08 
9.44 1.688 1.06475e-09 
9.45 1.652 2.06354e-08 
9.45 1.656 6.8122e-07 
9.45 1.66 2.09194e-06 
9.45 1.664 2.97472e-06 
9.45 1.668 2.46183e-06 
9.45 1.672 1.24825e-06 
9.45 1.676 4.29781e-07 
9.45 1.68 9.16271e-08 
9.45 1.684 1.2909e-08 
9.45 1.688 1.16199e-09 
9.46 1.652 2.01167e-07 
9.46 1.656 1.72342e-06 
9.46 1.66 4.08596e-06 
9.46 1.664 5.06443e-06 
9.46 1.668 3.66147e-06 
9.46 1.672 1.79923e-06 
9.46 1.676 5.65134e-07 
9.46 1.68 1.13529e-07 
9.46 1.684 1.47819e-08 
9.46 1.688 1.34954e-09 
9.47 1.652 8.30027e-07 
9.47 1.656 3.85141e-06 
9.47 1.66 7.60218e-06 
9.47 1.664 8.09809e-06 
9.47 1.668 5.64113e-06 
9.47 1.672 2.51161e-06 
9.47 1.676 7.40608e-07 
9.47 1.68 1.38766e-07 
9.47 1.684 1.80003e-08 
9.47 1.688 1.45103e-09 
9.48 1.648 1.27879e-07 
9.48 1.652 2.44074e-06 
9.48 1.656 7.83604e-06 
9.48 1.66 1.34135e-05 
9.48 1.664 1.27749e-05 
9.48 1.668 8.45231e-06 
9.48 1.672 3.47267e-06 
9.48 1.676 9.56821e-07 
9.48 1.68 1.70945e-07 
9.48 1.684 2.09e-08 
9.48 1.688 1.65846e-09 
9.49 1.648 8.07138e-07 
9.49 1.652 5.59389e-06 
9.49 1.656 1.47878e-05 
9.49 1.66 2.19413e-05 
9.49 1.664 1.93088e-05 
9.49 1.668 1.18698e-05 
9.49 1.672 4.52626e-06 
9.49 1.676 1.17633e-06 
9.49 1.68 1.92432e-07 
9.49 1.684 2.32213e-08 
9.49 1.688 1.65317e-09 
9.5 1.644 5.50455e-08 
9.5 1.648 2.70637e-06 
9.5 1.652 1.18126e-05 
9.5 1.656 2.68563e-05 
9.5 1.66 3.45277e-05 
9.5 1.664 2.93588e-05 
9.5 1.668 1.59782e-05 
9.5 1.672 5.96125e-06 
9.5 1.676 1.40206e-06 
9.5 1.68 2.24644e-07 
9.5 1.684 2.45711e-08 
9.5 1.688 1.71871e-09 
9.51 1.644 4.78748e-07 
9.51 1.648 6.28587e-06 
9.51 1.652 2.25626e-05 
9.51 1.656 4.5205e-05 
9.51 1.66 5.37072e-05 
9.51 1.664 4.21643e-05 
9.51 1.668 2.17102e-05 
9.51 1.672 7.23677e-06 
9.51 1.676 1.6721e-06 
9.51 1.68 2.50275e-07 
9.51 1.684 2.5267e-08 
9.51 1.688 1.71945e-09 
9.52 1.644 1.98689e-06 
9.52 1.648 1.36984e-05 
9.52 1.652 4.26383e-05 
9.52 1.656 7.3355e-05 
9.52 1.66 7.93559e-05 
9.52 1.664 5.76507e-05 
9.52 1.668 2.78146e-05 
9.52 1.672 8.95956e-06 
9.52 1.676 1.8992e-06 
9.52 1.68 2.77714e-07 
9.52 1.684 2.64256e-08 
9.52 1.688 1.75626e-09 
9.53 1.64 1.67816e-07 
9.53 1.644 5.46878e-06 
9.53 1.648 2.76737e-05 
9.53 1.652 7.10735e-05 
9.53 1.656 0.000111649 
9.53 1.66 0.00011708 
9.53 1.664 7.80411e-05 
9.53 1.668 3.48538e-05 
9.53 1.672 1.06268e-05 
9.53 1.676 2.15977e-06 
9.53 1.68 2.95752e-07 
9.53 1.684 2.66832e-08 
9.53 1.688 1.72253e-09 
9.54 1.64 1.13678e-06 
9.54 1.644 1.33112e-05 
9.54 1.648 5.04634e-05 
9.54 1.652 0.000118636 
9.54 1.656 0.000172132 
9.54 1.66 0.000161478 
9.54 1.664 0.000103282 
9.54 1.668 4.26855e-05 
9.54 1.672 1.21507e-05 
9.54 1.676 2.33286e-06 
9.54 1.68 3.05615e-07 
9.54 1.684 2.65771e-08 
9.54 1.688 1.58379e-09 
9.55 1.636 2.9533e-08 
9.55 1.64 4.18386e-06 
9.55 1.644 2.70938e-05 
9.55 1.648 9.11051e-05 
9.55 1.652 0.000188191 
9.55 1.656 0.000244651 
9.55 1.66 0.000222771 
9.55 1.664 0.000127753 
9.55 1.668 5.16413e-05 
9.55 1.672 1.39939e-05 
9.55 1.676 2.56245e-06 
9.55 1.68 3.17128e-07 
9.55 1.684 2.65011e-08 
9.55 1.688 1.45758e-09 
9.56 1.636 4.85541e-07 
9.56 1.64 9.19324e-06 
9.56 1.644 5.16539e-05 
9.56 1.648 0.000153971 
9.56 1.652 0.000280063 
9.56 1.656 0.000358497 
9.56 1.66 0.000291608 
9.56 1.664 0.000165359 
9.56 1.668 6.16106e-05 
9.56 1.672 1.5405e-05 
9.56 1.676 2.7048e-06 
9.56 1.68 3.20234e-07 
9.56 1.684 2.50329e-08 
9.56 1.688 1.28091e-09 
9.57 1.636 1.82577e-06 
9.57 1.64 2.03822e-05 
9.57 1.644 8.92174e-05 
9.57 1.648 0.000242498 
9.57 1.652 0.000411342 
9.57 1.656 0.000497515 
9.57 1.66 0.000375412 
9.57 1.664 0.000194462 
9.57 1.668 6.99752e-05 
9.57 1.672 1.71598e-05 
9.57 1.676 2.8155e-06 
9.57 1.68 3.09998e-07 
9.57 1.684 2.26191e-08 
9.57 1.688 1.09195e-09 
9.58 1.632 9.71952e-08 
9.58 1.636 5.48772e-06 
9.58 1.64 3.86294e-05 
9.58 1.644 0.000145532 
9.58 1.648 0.000367433 
9.58 1.652 0.000600661 
9.58 1.656 0.000649915 
9.58 1.66 0.000470192 
9.58 1.664 0.000231135 
9.58 1.668 7.82783e-05 
9.58 1.672 1.77553e-05 
9.58 1.676 2.72909e-06 
9.58 1.68 2.89626e-07 
9.58 1.684 2.08087e-08 
9.58 1.688 9.75323e-10 
9.59 1.632 6.14789e-07 
9.59 1.636 1.07822e-05 
9.59 1.64 6.43272e-05 
9.59 1.644 0.000236115 
9.59 1.648 0.000546004 
9.59 1.652 0.000814011 
9.59 1.656 0.000835624 
9.59 1.66 0.000550131 
9.59 1.664 0.00025978 
9.59 1.668 8.31185e-05 
9.59 1.672 1.81752e-05 
9.59 1.676 2.53606e-06 
9.59 1.68 2.63275e-07 
9.59 1.684 1.82601e-08 
9.59 1.688 7.65083e-10 
9.6 1.632 2.33034e-06 
9.6 1.636 2.22506e-05 
9.6 1.64 0.000117517 
9.6 1.644 0.000370143 
9.6 1.648 0.000794694 
9.6 1.652 0.00110115 
9.6 1.656 0.00104448 
9.6 1.66 0.000669299 
9.6 1.664 0.000293538 
9.6 1.668 9.08046e-05 
9.6 1.672 1.84313e-05 
9.6 1.676 2.50341e-06 
9.6 1.68 2.48212e-07 
9.6 1.684 1.57074e-08 
9.6 1.688 6.78704e-10 
9.61 1.628 1.62244e-07 
9.61 1.632 5.04721e-06 
9.61 1.636 4.01692e-05 
9.61 1.64 0.00018858 
9.61 1.644 0.000568488 
9.61 1.648 0.0011004 
9.61 1.652 0.00145371 
9.61 1.656 0.0012773 
9.61 1.66 0.000779729 
9.61 1.664 0.000331269 
9.61 1.668 9.30725e-05 
9.61 1.672 1.77848e-05 
9.61 1.676 2.33976e-06 
9.61 1.68 2.2123e-07 
9.61 1.684 1.35663e-08 
9.61 1.688 5.37674e-10 
9.62 1.628 5.65656e-07 
9.62 1.632 1.08355e-05 
9.62 1.636 7.13592e-05 
9.62 1.64 0.00030244 
9.62 1.644 0.000823343 
9.62 1.648 0.00153471 
9.62 1.652 0.00184814 
9.62 1.656 0.00152117 
9.62 1.66 0.000895639 
9.62 1.664 0.000349009 
9.62 1.668 9.59909e-05 
9.62 1.672 1.79311e-05 
9.62 1.676 2.22453e-06 
9.62 1.68 1.82663e-07 
9.62 1.684 1.09116e-08 
9.62 1.688 4.31172e-10 
9.63 1.624 1.87838e-08 
9.63 1.628 1.83773e-06 
9.63 1.632 2.04665e-05 
9.63 1.636 0.000121228 
9.63 1.64 0.000459603 
9.63 1.644 0.00119055 
9.63 1.648 0.00198161 
9.63 1.652 0.00225059 
9.63 1.656 0.00178451 
9.63 1.66 0.000991235 
9.63 1.664 0.000369695 
9.63 1.668 9.24677e-05 
9.63 1.672 1.64425e-05 
9.63 1.676 1.96767e-06 
9.63 1.68 1.57775e-07 
9.63 1.684 8.96908e-09 
9.63 1.688 3.27307e-10 
9.64 1.624 1.38224e-07 
9.64 1.628 3.7731e-06 
9.64 1.632 3.68703e-05 
9.64 1.636 0.000197123 
9.64 1.64 0.000677199 
9.64 1.644 0.0016243 
9.64 1.648 0.00255207 
9.64 1.652 0.0028111 
9.64 1.656 0.00206722 
9.64 1.66 0.00106655 
9.64 1.664 0.000374068 
9.64 1.668 9.41839e-05 
9.64 1.672 1.59576e-05 
9.64 1.676 1.8704e-06 
9.64 1.68 1.3927e-07 
9.64 1.684 6.81971e-09 
9.64 1.688 2.33262e-10 
9.65 1.624 4.97065e-07 
9.65 1.628 7.85075e-06 
9.65 1.632 6.2443e-05 
9.65 1.636 0.000306481 
9.65 1.64 0.00100385 
9.65 1.644 0.0022214 
9.65 1.648 0.00317613 
9.65 1.652 0.00330991 
9.65 1.656 0.00235479 
9.65 1.66 0.0011641 
9.65 1.664 0.000377202 
9.65 1.668 8.88113e-05 
9.65 1.672 1.44253e-05 
9.65 1.676 1.56782e-06 
9.65 1.68 1.17696e-07 
9.65 1.684 5.44709e-09 
9.65 1.688 1.7086e-10 
9.66 1.62 2.78063e-08 
9.66 1.624 1.09233e-06 
9.66 1.628 1.45134e-05 
9.66 1.632 0.000103627 
9.66 1.636 0.00045855 
9.66 1.64 0.00139084 
9.66 1.644 0.00282492 
9.66 1.648 0.00393354 
9.66 1.652 0.00380843 
9.66 1.656 0.00258266 
9.66 1.66 0.00116015 
9.66 1.664 0.000380871 
9.66 1.668 8.34493e-05 
9.66 1.672 1.28296e-05 
9.66 1.676 1.31522e-06 
9.66 1.68 9.43751e-08 
9.66 1.684 4.39815e-09 
9.66 1.688 1.21581e-10 
9.67 1.62 8.98459e-08 
9.67 1.624 2.4078e-06 
9.67 1.628 2.46633e-05 
9.67 1.632 0.00016645 
9.67 1.636 0.000675131 
9.67 1.64 0.00191529 
9.67 1.644 0.00357288 
9.67 1.648 0.0047197 
9.67 1.652 0.00431876 
9.67 1.656 0.00271632 
9.67 1.66 0.00119761 
9.67 1.664 0.000368216 
9.67 1.668 7.75241e-05 
9.67 1.672 1.09994e-05 
9.67 1.676 1.07984e-06 
9.67 1.68 7.24536e-08 
9.67 1.684 3.19325e-09 
9.68 1.616 2.98335e-09 
9.68 1.62 2.6625e-07 
9.68 1.624 4.97911e-06 
9.68 1.628 4.49355e-05 
9.68 1.632 0.000258368 
9.68 1.636 0.000991371 
9.68 1.64 0.00246938 
9.68 1.644 0.00442485 
9.68 1.648 0.00550833 
9.68 1.652 0.00479089 
9.68 1.656 0.00285661 
9.68 1.66 0.00116699 
9.68 1.664 0.000338583 
9.68 1.668 6.91599e-05 
9.68 1.672 9.44443e-06 
9.68 1.676 8.80892e-07 
9.68 1.68 5.75276e-08 
9.68 1.684 2.24283e-09 
9.69 1.616 1.47252e-08 
9.69 1.62 6.51375e-07 
9.69 1.624 8.97599e-06 
9.69 1.628 7.23681e-05 
9.69 1.632 0.000373926 
9.69 1.636 0.00138476 
9.69 1.64 0.00317042 
9.69 1.644 0.00533734 
9.69 1.648 0.00638882 
9.69 1.652 0.00513941 
9.69 1.656 0.00286142 
9.69 1.66 0.00112861 
9.69 1.664 0.000315341 
9.69 1.668 6.14926e-05 
9.69 1.672 7.86929e-06 
9.69 1.676 7.12994e-07 
9.69 1.68 4.14009e-08 
9.69 1.684 1.47437e-09 
9.7 1.616 5.40078e-08 
9.7 1.62 1.27658e-06 
9.7 1.624 1.38985e-05 
9.7 1.628 0.000115227 
9.7 1.632 0.000534699 
9.7 1.636 0.00172697 
9.7 1.64 0.00394506 
9.7 1.644 0.00626226 
9.7 1.648 0.00687378 
9.7 1.652 0.00528108 
9.7 1.656 0.00290574 
9.7 1.66 0.00105528 
9.7 1.664 0.000279799 
9.7 1.668 5.13076e-05 
9.7 1.672 6.21579e-06 
9.7 1.676 5.50839e-07 
9.7 1.68 2.98209e-08 
9.7 1.684 9.20383e-10 
9.71 1.612 1.15471e-09 
9.71 1.616 1.34879e-07 
9.71 1.62 2.43059e-06 
9.71 1.624 2.37008e-05 
9.71 1.628 0.000162624 
9.71 1.632 0.00074241 
9.71 1.636 0.00223907 
9.71 1.64 0.0048148 
9.71 1.644 0.00720657 
9.71 1.648 0.00767353 
9.71 1.652 0.00550084 
9.71 1.656 0.00271915 
9.71 1.66 0.00100017 
9.71 1.664 0.000249783 
9.71 1.668 4.21235e-05 
9.71 1.672 5.14492e-06 
9.71 1.676 4.15227e-07 
9.71 1.68 2.05555e-08 
9.71 1.684 5.38254e-10 
9.72 1.612 6.13963e-09 
9.72 1.616 2.71464e-07 
9.72 1.62 4.28778e-06 
9.72 1.624 3.79563e-05 
9.72 1.628 0.000226169 
9.72 1.632 0.00104652 
9.72 1.636 0.00283584 
9.72 1.64 0.00575982 
9.72 1.644 0.00820114 
9.72 1.648 0.00816068 
9.72 1.652 0.00567685 
9.72 1.656 0.00262235 
9.72 1.66 0.000905524 
9.72 1.664 0.000215248 
9.72 1.668 3.54046e-05 
9.72 1.672 4.15791e-06 
9.72 1.676 3.14643e-07 
9.72 1.68 1.39074e-08 
9.72 1.684 2.94338e-10 
9.73 1.608 1.20309e-10 
9.73 1.612 1.89308e-08 
9.73 1.616 5.26718e-07 
9.73 1.62 6.92038e-06 
9.73 1.624 5.71383e-05 
9.73 1.628 0.000313826 
9.73 1.632 0.00138703 
9.73 1.636 0.00346702 
9.73 1.64 0.00645343 
9.73 1.644 0.00937397 
9.73 1.648 0.00837974 
9.73 1.652 0.00540157 
9.73 1.656 0.00252418 
9.73 1.66 0.000820927 
9.73 1.664 0.000189321 
9.73 1.668 3.07311e-05 
9.73 1.672 3.2885e-06 
9.73 1.676 2.19799e-07 
9.73 1.68 7.7837e-09 
9.73 1.684 1.4789e-10 
9.74 1.608 6.96721e-10 
9.74 1.612 4.3087e-08 
9.74 1.616 9.39572e-07 
9.74 1.62 1.06508e-05 
9.74 1.624 8.34895e-05 
9.74 1.628 0.000433792 
9.74 1.632 0.00164465 
9.74 1.636 0.00415726 
9.74 1.64 0.00733322 
9.74 1.644 0.00957873 
9.74 1.648 0.00843254 
9.74 1.652 0.00526503 
9.74 1.656 0.00237273 
9.74 1.66 0.000717522 
9.74 1.664 0.000162187 
9.74 1.668 2.47221e-05 
9.74 1.672 2.50735e-06 
9.74 1.676 1.46027e-07 
9.74 1.68 4.52723e-09 
9.75 1.608 2.49593e-09 
9.75 1.612 9.43568e-08 
9.75 1.616 1.58885e-06 
9.75 1.62 1.71408e-05 
9.75 1.624 0.000116669 
9.75 1.628 0.000571954 
9.75 1.632 0.00205654 
9.75 1.636 0.00496276 
9.75 1.64 0.0083699 
9.75 1.644 0.00985195 
9.75 1.648 0.00849594 
9.75 1.652 0.00502781 
9.75 1.656 0.00206546 
9.75 1.66 0.000629687 
9.75 1.664 0.000127043 
9.75 1.668 1.89993e-05 
9.75 1.672 1.7916e-06 
9.75 1.676 9.88883e-08 
9.75 1.68 2.54764e-09 
9.76 1.608 6.02501e-09 
9.76 1.612 1.7232e-07 
9.76 1.616 2.57579e-06 
9.76 1.62 2.49102e-05 
9.76 1.624 0.000162371 
9.76 1.628 0.000738581 
9.76 1.632 0.0025405 
9.76 1.636 0.00584007 
9.76 1.64 0.00897916 
9.76 1.644 0.0101776 
9.76 1.648 0.00824707 
9.76 1.652 0.00464905 
9.76 1.656 0.00186843 
9.76 1.66 0.000518554 
9.76 1.664 0.000105144 
9.76 1.668 1.46041e-05 
9.76 1.672 1.19571e-06 
9.76 1.676 5.59694e-08 
9.76 1.68 1.30926e-09 
9.77 1.604 2.34292e-10 
9.77 1.608 1.30891e-08 
9.77 1.612 2.98929e-07 
9.77 1.616 4.12152e-06 
9.77 1.62 3.54738e-05 
9.77 1.624 0.000219674 
9.77 1.628 0.000969316 
9.77 1.632 0.0029525 
9.77 1.636 0.00671701 
9.77 1.64 0.00983931 
9.77 1.644 0.0100264 
9.77 1.648 0.00789659 
9.77 1.652 0.00426183 
9.77 1.656 0.00161322 
9.77 1.66 0.000437153 
9.77 1.664 8.35687e-05 
9.77 1.668 1.08332e-05 
9.77 1.672 7.7904e-07 
9.77 1.676 3.37991e-08 
9.77 1.68 6.65977e-10 
9.78 1.604 5.97018e-10 
9.78 1.608 2.60518e-08 
9.78 1.612 5.10685e-07 
9.78 1.616 6.15216e-06 
9.78 1.62 5.08298e-05 
9.78 1.624 0.000293064 
9.78 1.628 0.00117778 
9.78 1.632 0.00350252 
9.78 1.636 0.00726542 
9.78 1.64 0.0102506 
9.78 1.644 0.0101387 
9.78 1.648 0.00736693 
9.78 1.652 0.003808 
9.78 1.656 0.00142778 
9.78 1.66 0.000363976 
9.78 1.664 6.52044e-05 
9.78 1.668 7.49616e-06 
9.78 1.672 5.11224e-07 
9.78 1.676 2.01602e-08 
9.78 1.68 2.3611e-10 
9.79 1.604 1.51506e-09 
9.79 1.608 4.66492e-08 
9.79 1.612 8.00818e-07 
9.79 1.616 8.83068e-06 
9.79 1.62 6.72039e-05 
9.79 1.624 0.00036016 
9.79 1.628 0.0014013 
9.79 1.632 0.00382879 
9.79 1.636 0.00760504 
9.79 1.64 0.0101454 
9.79 1.644 0.00992653 
9.79 1.648 0.00686681 
9.79 1.652 0.00341871 
9.79 1.656 0.00121344 
9.79 1.66 0.000305895 
9.79 1.664 5.04234e-05 
9.79 1.668 5.25094e-06 
9.79 1.672 3.12542e-07 
9.79 1.676 8.54198e-09 
9.79 1.68 1.01115e-10 
9.8 1.604 3.0315e-09 
9.8 1.608 7.90117e-08 
9.8 1.612 1.24283e-06 
9.8 1.616 1.2325e-05 
9.8 1.62 8.54649e-05 
9.8 1.624 0.00045837 
9.8 1.628 0.00164018 
9.8 1.632 0.00422307 
9.8 1.636 0.00773441 
9.8 1.64 0.010576 
9.8 1.644 0.00956755 
9.8 1.648 0.00635884 
9.8 1.652 0.0029859 
9.8 1.656 0.00101981 
9.8 1.66 0.000239793 
9.8 1.664 3.74905e-05 
9.8 1.668 3.23742e-06 
9.8 1.672 1.57636e-07 
9.8 1.676 4.29499e-09 
9.81 1.6 1.23201e-10 
9.81 1.604 5.95965e-09 
9.81 1.608 1.3119e-07 
9.81 1.612 1.77468e-06 
9.81 1.616 1.75587e-05 
9.81 1.62 0.000113335 
9.81 1.624 0.00055592 
9.81 1.628 0.00188249 
9.81 1.632 0.00472291 
9.81 1.636 0.00799084 
9.81 1.64 0.00978783 
9.81 1.644 0.00882005 
9.81 1.648 0.00556376 
9.81 1.652 0.00250698 
9.81 1.656 0.000791607 
9.81 1.66 0.000174902 
9.81 1.664 2.50892e-05 
9.81 1.668 1.99809e-06 
9.81 1.672 8.67386e-08 
9.81 1.676 1.68006e-09 
9.82 1.6 2.81847e-10 
9.82 1.604 1.00288e-08 
9.82 1.608 2.03395e-07 
9.82 1.612 2.50591e-06 
9.82 1.616 2.25458e-05 
9.82 1.62 0.00014052 
9.82 1.624 0.000657881 
9.82 1.628 0.00214211 
9.82 1.632 0.00481478 
9.82 1.636 0.00782293 
9.82 1.64 0.0092132 
9.82 1.644 0.00781881 
9.82 1.648 0.00469817 
9.82 1.652 0.00205009 
9.82 1.656 0.000620958 
9.82 1.66 0.000127581 
9.82 1.664 1.61126e-05 
9.82 1.668 1.23664e-06 
9.82 1.672 4.84469e-08 
9.82 1.676 6.16353e-10 
9.83 1.6 5.12367e-10 
9.83 1.604 1.62221e-08 
9.83 1.608 2.83146e-07 
9.83 1.612 3.48223e-06 
9.83 1.616 2.92237e-05 
9.83 1.62 0.000176388 
9.83 1.624 0.000756561 
9.83 1.628 0.00226824 
9.83 1.632 0.00497686 
9.83 1.636 0.00788728 
9.83 1.64 0.00887863 
9.83 1.644 0.00693456 
9.83 1.648 0.00415789 
9.83 1.652 0.00173631 
9.83 1.656 0.000464703 
9.83 1.66 9.00811e-05 
9.83 1.664 1.05952e-05 
9.83 1.668 6.84679e-07 
9.83 1.672 2.33366e-08 
9.83 1.676 1.63602e-10 
9.84 1.6 1.09579e-09 
9.84 1.604 2.41784e-08 
9.84 1.608 4.04876e-07 
9.84 1.612 4.73035e-06 
9.84 1.616 3.57946e-05 
9.84 1.62 0.000212428 
9.84 1.624 0.00083524 
9.84 1.628 0.00247364 
9.84 1.632 0.00515239 
9.84 1.636 0.00770341 
9.84 1.64 0.00820132 
9.84 1.644 0.00631232 
9.84 1.648 0.003479 
9.84 1.652 0.00140904 
9.84 1.656 0.000349058 
9.84 1.66 6.08293e-05 
9.84 1.664 6.65088e-06 
9.84 1.668 3.632e-07 
9.84 1.672 1.1318e-08 
9.85 1.6 1.66232e-09 
9.85 1.604 3.68914e-08 
9.85 1.608 5.89718e-07 
9.85 1.612 6.11589e-06 
9.85 1.616 4.66793e-05 
9.85 1.62 0.000242507 
9.85 1.624 0.000943752 
9.85 1.628 0.00255878 
9.85 1.632 0.00502661 
9.85 1.636 0.00714097 
9.85 1.64 0.00733187 
9.85 1.644 0.00539787 
9.85 1.648 0.00286335 
9.85 1.652 0.00105671 
9.85 1.656 0.000265525 
9.85 1.66 4.18876e-05 
9.85 1.664 3.76261e-06 
9.85 1.668 1.86585e-07 
9.85 1.672 3.62101e-09 
9.86 1.6 2.61967e-09 
9.86 1.604 5.68226e-08 
9.86 1.608 7.99703e-07 
9.86 1.612 8.24467e-06 
9.86 1.616 5.76592e-05 
9.86 1.62 0.000281393 
9.86 1.624 0.00101353 
9.86 1.628 0.00263197 
9.86 1.632 0.00492015 
9.86 1.636 0.00652812 
9.86 1.64 0.0064552 
9.86 1.644 0.00458222 
9.86 1.648 0.00236559 
9.86 1.652 0.000808415 
9.86 1.656 0.000190601 
9.86 1.66 2.68988e-05 
9.86 1.664 2.15693e-06 
9.86 1.668 6.88845e-08 
9.86 1.672 7.56049e-10 
9.87 1.596 1.62989e-10 
9.87 1.6 4.29987e-09 
9.87 1.604 8.09073e-08 
9.87 1.608 1.11267e-06 
9.87 1.612 1.00368e-05 
9.87 1.616 6.71391e-05 
9.87 1.62 0.000316489 
9.87 1.624 0.00105119 
9.87 1.628 0.00266387 
9.87 1.632 0.0047123 
9.87 1.636 0.00595079 
9.87 1.64 0.00583303 
9.87 1.644 0.0038644 
9.87 1.648 0.00187072 
9.87 1.652 0.000626325 
9.87 1.656 0.000131845 
9.87 1.66 1.73666e-05 
9.87 1.664 1.17971e-06 
9.87 1.668 2.36808e-08 
9.88 1.596 2.7951e-10 
9.88 1.6 6.23469e-09 
9.88 1.604 1.12981e-07 
9.88 1.608 1.40397e-06 
9.88 1.612 1.24466e-05 
9.88 1.616 7.81598e-05 
9.88 1.62 0.000333355 
9.88 1.624 0.00109409 
9.88 1.628 0.00261862 
9.88 1.632 0.00440404 
9.88 1.636 0.00563833 
9.88 1.64 0.00489118 
9.88 1.644 0.00325135 
9.88 1.648 0.00156061 
9.88 1.652 0.000466508 
9.88 1.656 8.72257e-05 
9.88 1.66 1.04542e-05 
9.88 1.664 6.53869e-07 
9.88 1.668 1.14241e-08 
9.89 1.596 4.05896e-10 
9.89 1.6 9.54848e-09 
9.89 1.604 1.47957e-07 
9.89 1.608 1.77113e-06 
9.89 1.612 1.49901e-05 
9.89 1.616 8.3265e-05 
9.89 1.62 0.000367886 
9.89 1.624 0.00113591 
9.89 1.628 0.00251024 
9.89 1.632 0.00423711 
9.89 1.636 0.00500271 
9.89 1.64 0.00441578 
9.89 1.644 0.00268864 
9.89 1.648 0.0011644 
9.89 1.652 0.000327367 
9.89 1.656 5.91666e-05 
9.89 1.66 5.4278e-06 
9.89 1.664 2.25068e-07 
9.89 1.668 8.26031e-10 
9.9 1.596 6.0997e-10 
9.9 1.6 1.33156e-08 
9.9 1.604 2.02239e-07 
9.9 1.608 2.16603e-06 
9.9 1.612 1.74433e-05 
9.9 1.616 9.52478e-05 
9.9 1.62 0.000380627 
9.9 1.624 0.00114701 
9.9 1.628 0.00255154 
9.9 1.632 0.00391385 
9.9 1.636 0.00442006 
9.9 1.64 0.00367544 
9.9 1.644 0.00225703 
9.9 1.648 0.000840332 
9.9 1.652 0.000214632 
9.9 1.656 3.55324e-05 
9.9 1.66 3.24051e-06 
9.9 1.664 8.67807e-08 
9.91 1.596 9.64301e-10 
9.91 1.6 1.81455e-08 
9.91 1.604 2.62737e-07 
9.91 1.608 2.73762e-06 
9.91 1.612 1.96514e-05 
9.91 1.616 0.000106312 
9.91 1.62 0.000426357 
9.91 1.624 0.00115318 
9.91 1.628 0.00235822 
9.91 1.632 0.00360378 
9.91 1.636 0.00393534 
9.91 1.64 0.00301472 
9.91 1.644 0.00163866 
9.91 1.648 0.000630674 
9.91 1.652 0.000137992 
9.91 1.656 1.98384e-05 
9.91 1.66 1.42363e-06 
9.91 1.664 2.74866e-08 
9.92 1.596 1.32844e-09 
9.92 1.6 2.59087e-08 
9.92 1.604 3.34679e-07 
9.92 1.608 3.04509e-06 
9.92 1.612 2.34841e-05 
9.92 1.616 0.00011667 
9.92 1.62 0.000421174 
9.92 1.624 0.00115367 
9.92 1.628 0.0021775 
9.92 1.632 0.00311653 
9.92 1.636 0.00326844 
9.92 1.64 0.00245437 
9.92 1.644 0.00124386 
9.92 1.648 0.000397814 
9.92 1.652 9.00371e-05 
9.92 1.656 1.13735e-05 
9.92 1.66 5.48004e-07 
9.92 1.664 3.99766e-09 
9.93 1.596 1.92932e-09 
9.93 1.6 3.15223e-08 
9.93 1.604 4.18178e-07 
9.93 1.608 3.81199e-06 
9.93 1.612 2.4491e-05 
9.93 1.616 0.000117207 
9.93 1.62 0.000419756 
9.93 1.624 0.00102526 
9.93 1.628 0.0018706 
9.93 1.632 0.00268102 
9.93 1.636 0.00265114 
9.93 1.64 0.00178909 
9.93 1.644 0.000891049 
9.93 1.648 0.000290784 
9.93 1.652 5.15686e-05 
9.93 1.656 5.04015e-06 
9.93 1.66 2.0592e-07 
9.94 1.592 1.11084e-10 
9.94 1.596 2.51244e-09 
9.94 1.6 4.46212e-08 
9.94 1.604 4.94158e-07 
9.94 1.608 4.20015e-06 
9.94 1.612 2.6559e-05 
9.94 1.616 0.000121411 
9.94 1.62 0.000379632 
9.94 1.624 0.000917464 
9.94 1.628 0.00171269 
9.94 1.632 0.00215931 
9.94 1.636 0.0020922 
9.94 1.64 0.00144863 
9.94 1.644 0.000662236 
9.94 1.648 0.000181066 
9.94 1.652 3.10739e-05 
9.94 1.656 2.68074e-06 
9.94 1.66 6.0371e-08 
9.95 1.592 1.44919e-10 
9.95 1.596 3.56444e-09 
9.95 1.6 5.19433e-08 
9.95 1.604 5.82066e-07 
9.95 1.608 4.7322e-06 
9.95 1.612 2.77896e-05 
9.95 1.616 0.00011534 
9.95 1.62 0.000368532 
9.95 1.624 0.000878696 
9.95 1.628 0.00144566 
9.95 1.632 0.00184719 
9.95 1.636 0.00181286 
9.95 1.64 0.00109532 
9.95 1.644 0.000451802 
9.95 1.648 0.00012284 
9.95 1.652 1.85652e-05 
9.95 1.656 1.06366e-06 
9.95 1.66 1.39507e-08 
9.96 1.592 2.15149e-10 
9.96 1.596 4.13364e-09 
9.96 1.6 6.11345e-08 
9.96 1.604 6.55829e-07 
9.96 1.608 5.01645e-06 
9.96 1.612 2.8299e-05 
9.96 1.616 0.000117391 
9.96 1.62 0.000368021 
9.96 1.624 0.000787355 
9.96 1.628 0.00127588 
9.96 1.632 0.00156949 
9.96 1.636 0.00135461 
9.96 1.64 0.000795799 
9.96 1.644 0.000308816 
9.96 1.648 7.39678e-05 
9.96 1.652 9.29727e-06 
9.96 1.656 4.7671e-07 
9.97 1.592 2.81094e-10 
9.97 1.596 5.4938e-09 
9.97 1.6 7.31511e-08 
9.97 1.604 7.2863e-07 
9.97 1.608 5.34431e-06 
9.97 1.612 2.95658e-05 
9.97 1.616 0.000118957 
9.97 1.62 0.000339734 
9.97 1.624 0.000722896 
9.97 1.628 0.00110959 
9.97 1.632 0.00125365 
9.97 1.636 0.00101766 
9.97 1.64 0.000551654 
9.97 1.644 0.000194981 
9.97 1.648 3.96506e-05 
9.97 1.652 4.46463e-06 
9.97 1.656 1.72579e-07 
9.98 1.592 3.64925e-10 
9.98 1.596 6.76833e-09 
9.98 1.6 8.79393e-08 
9.98 1.604 8.3525e-07 
9.98 1.608 5.85804e-06 
9.98 1.612 3.10201e-05 
9.98 1.616 0.000114045 
9.98 1.62 0.000322819 
9.98 1.624 0.000641953 
9.98 1.628 0.000933952 
9.98 1.632 0.000995209 
9.98 1.636 0.000771215 
9.98 1.64 0.000371928 
9.98 1.644 0.000117309 
9.98 1.648 2.20651e-05 
9.98 1.652 2.10205e-06 
9.98 1.656 3.67088e-08 
9.99 1.592 4.81151e-10 
9.99 1.596 8.32311e-09 
9.99 1.6 9.97075e-08 
9.99 1.604 9.25329e-07 
9.99 1.608 6.00317e-06 
9.99 1.612 2.96089e-05 
9.99 1.616 0.000108524 
9.99 1.62 0.000278118 
9.99 1.624 0.000570036 
9.99 1.628 0.0007504 
9.99 1.632 0.000792143 
9.99 1.636 0.000581399 
9.99 1.64 0.00025145 
9.99 1.644 7.56006e-05 
9.99 1.648 1.13822e-05 
9.99 1.652 9.26477e-07 
10 1.592 6.20613e-10 
10 1.596 9.33074e-09 
10 1.6 1.13997e-07 
10 1.604 9.64562e-07 
10 1.608 5.92313e-06 
10 1.612 2.7943e-05 
10 1.616 9.4379e-05 
10 1.62 0.000249314 
10 1.624 0.0004619 
10 1.628 0.000632132 
10 1.632 0.000640253 
10 1.636 0.000413412 
10 1.64 0.000174594 
10 1.644 4.6211e-05 
10 1.648 6.79558e-06 
10 1.652 3.03848e-07 
10.01 1.592 7.20957e-10 
10.01 1.596 1.15646e-08 
10.01 1.6 1.19033e-07 
10.01 1.604 1.00643e-06 
10.01 1.608 6.06888e-06 
10.01 1.612 2.68748e-05 
10.01 1.616 8.95485e-05 
10.01 1.62 0.000215864 
10.01 1.624 0.000395958 
10.01 1.628 0.00052951 
10.01 1.632 0.000485926 
10.01 1.636 0.000288505 
10.01 1.64 0.00011811 
10.01 1.644 2.53048e-05 
10.01 1.648 3.0523e-06 
10.01 1.652 7.60777e-08 
10.02 1.592 8.69684e-10 
10.02 1.596 1.24747e-08 
10.02 1.6 1.31388e-07 
10.02 1.604 1.05019e-06 
10.02 1.608 6.05776e-06 
10.02 1.612 2.49343e-05 
10.02 1.616 8.26295e-05 
10.02 1.62 0.000190329 
10.02 1.624 0.000332584 
10.02 1.628 0.000420656 
10.02 1.632 0.000365035 
10.02 1.636 0.00020602 
10.02 1.64 7.35775e-05 
10.02 1.644 1.44552e-05 
10.02 1.648 1.4516e-06 
10.02 1.652 1.0227e-08 
10.03 1.592 1.05323e-09 
10.03 1.596 1.41621e-08 
10.03 1.6 1.42841e-07 
10.03 1.604 1.05741e-06 
10.03 1.608 5.67768e-06 
10.03 1.612 2.29833e-05 
10.03 1.616 7.14254e-05 
10.03 1.62 0.000162264 
10.03 1.624 0.000271612 
10.03 1.628 0.000333382 
10.03 1.632 0.000262948 
10.03 1.636 0.000138462 
10.03 1.64 4.36879e-05 
10.03 1.644 7.99135e-06 
10.03 1.648 4.73302e-07 
10.04 1.592 1.21526e-09 
10.04 1.596 1.6136e-08 
10.04 1.6 1.44317e-07 
10.04 1.604 1.04271e-06 
10.04 1.608 5.40983e-06 
10.04 1.612 2.14566e-05 
10.04 1.616 6.42016e-05 
10.04 1.62 0.000136353 
10.04 1.624 0.000225778 
10.04 1.628 0.000250102 
10.04 1.632 0.000184862 
10.04 1.636 9.055e-05 
10.04 1.64 2.63713e-05 
10.04 1.644 3.60308e-06 
10.04 1.648 1.45207e-07 
10.05 1.592 1.3444e-09 
10.05 1.596 1.69638e-08 
10.05 1.6 1.54512e-07 
10.05 1.604 1.00458e-06 
10.05 1.608 5.22673e-06 
10.05 1.612 1.9908e-05 
10.05 1.616 5.43304e-05 
10.05 1.62 0.00011372 
10.05 1.624 0.000168026 
10.05 1.628 0.000179794 
10.05 1.632 0.00012063 
10.05 1.636 5.50124e-05 
10.05 1.64 1.40688e-05 
10.05 1.644 1.7276e-06 
10.05 1.648 3.3016e-08 
10.06 1.588 1.00928e-10 
10.06 1.592 1.53232e-09 
10.06 1.596 1.79364e-08 
10.06 1.6 1.52989e-07 
10.06 1.604 1.0317e-06 
10.06 1.608 4.81803e-06 
10.06 1.612 1.75588e-05 
10.06 1.616 4.66064e-05 
10.06 1.62 8.98451e-05 
10.06 1.624 0.000131437 
10.06 1.628 0.000124055 
10.06 1.632 7.874e-05 
10.06 1.636 3.10211e-05 
10.06 1.64 6.09349e-06 
10.06 1.644 5.73763e-07 
10.07 1.588 1.11056e-10 
10.07 1.592 1.69117e-09 
10.07 1.596 1.88088e-08 
10.07 1.6 1.55259e-07 
10.07 1.604 9.68224e-07 
10.07 1.608 4.45583e-06 
10.07 1.612 1.54022e-05 
10.07 1.616 3.88006e-05 
10.07 1.62 7.39532e-05 
10.07 1.624 9.95141e-05 
10.07 1.628 8.524e-05 
10.07 1.632 5.18627e-05 
10.07 1.636 1.70998e-05 
10.07 1.64 2.7783e-06 
10.07 1.644 1.28731e-07 
10.08 1.588 1.27241e-10 
10.08 1.592 1.81958e-09 
10.08 1.596 1.97924e-08 
10.08 1.6 1.52158e-07 
10.08 1.604 9.19876e-07 
10.08 1.608 4.11819e-06 
10.08 1.612 1.28867e-05 
10.08 1.616 3.20807e-05 
10.08 1.62 5.96068e-05 
10.08 1.624 7.1287e-05 
10.08 1.628 5.9588e-05 
10.08 1.632 3.12144e-05 
10.08 1.636 9.68126e-06 
10.08 1.64 1.44599e-06 
10.08 1.644 1.95096e-08 
10.09 1.588 1.39138e-10 
10.09 1.592 1.90836e-09 
10.09 1.596 1.83394e-08 
10.09 1.6 1.42859e-07 
10.09 1.604 8.17571e-07 
10.09 1.608 3.39837e-06 
10.09 1.612 1.08653e-05 
10.09 1.616 2.63738e-05 
10.09 1.62 4.55041e-05 
10.09 1.624 5.19824e-05 
10.09 1.628 3.88131e-05 
10.09 1.632 1.86183e-05 
10.09 1.636 4.65002e-06 
10.09 1.64 5.77476e-07 
10.1 1.588 1.51519e-10 
10.1 1.592 1.89331e-09 
10.1 1.596 1.84214e-08 
10.1 1.6 1.3293e-07 
10.1 1.604 7.12674e-07 
10.1 1.608 3.00671e-06 
10.1 1.612 9.04556e-06 
10.1 1.616 2.15946e-05 
10.1 1.62 3.45265e-05 
10.1 1.624 3.60243e-05 
10.1 1.628 2.52364e-05 
10.1 1.632 1.08845e-05 
10.1 1.636 2.06592e-06 
10.1 1.64 1.652e-07 
10.11 1.588 1.59488e-10 
10.11 1.592 1.98296e-09 
10.11 1.596 1.79326e-08 
10.11 1.6 1.26958e-07 
10.11 1.604 6.47033e-07 
10.11 1.608 2.56713e-06 
10.11 1.612 7.87164e-06 
10.11 1.616 1.69785e-05 
10.11 1.62 2.53167e-05 
10.11 1.624 2.46821e-05 
10.11 1.628 1.63238e-05 
10.11 1.632 5.49819e-06 
10.11 1.636 1.05035e-06 
10.11 1.64 3.86338e-08 
10.12 1.588 1.67581e-10 
10.12 1.592 2.0154e-09 
10.12 1.596 1.74758e-08 
10.12 1.6 1.17187e-07 
10.12 1.604 5.84269e-07 
10.12 1.608 2.10224e-06 
10.12 1.612 6.12585e-06 
10.12 1.616 1.21757e-05 
10.12 1.62 1.70812e-05 
10.12 1.624 1.45695e-05 
10.12 1.628 8.73929e-06 
10.12 1.632 3.00301e-06 
10.12 1.636 4.22483e-07 
10.13 1.588 1.75732e-10 
10.13 1.592 1.96171e-09 
10.13 1.596 1.68144e-08 
10.13 1.6 1.04984e-07 
10.13 1.604 4.95099e-07 
10.13 1.608 1.80356e-06 
10.13 1.612 4.79464e-06 
10.13 1.616 9.02256e-06 
10.13 1.62 1.08411e-05 
10.13 1.624 9.56302e-06 
10.13 1.628 4.61383e-06 
10.13 1.632 1.37006e-06 
10.13 1.636 1.34452e-07 
10.14 1.588 1.78789e-10 
10.14 1.592 1.91768e-09 
10.14 1.596 1.53665e-08 
10.14 1.6 9.66238e-08 
10.14 1.604 4.25219e-07 
10.14 1.608 1.48638e-06 
10.14 1.612 3.8084e-06 
10.14 1.616 6.56066e-06 
10.14 1.62 7.30255e-06 
10.14 1.624 5.65914e-06 
10.14 1.628 2.77526e-06 
10.14 1.632 5.87476e-07 
10.14 1.636 3.97496e-08 
