#logage logr JPDF
9.36 1.684 1.20385e-10 
9.37 1.68 2.30598e-10 
9.37 1.684 3.09108e-10 
9.37 1.688 1.51111e-10 
9.38 1.676 2.34416e-10 
9.38 1.68 6.49068e-10 
9.38 1.684 6.1139e-10 
9.38 1.688 2.8094e-10 
9.39 1.672 1.28056e-10 
9.39 1.676 8.01194e-10 
9.39 1.68 1.69714e-09 
9.39 1.684 1.29383e-09 
9.39 1.688 5.02352e-10 
9.4 1.672 6.01125e-10 
9.4 1.676 2.6606e-09 
9.4 1.68 3.93688e-09 
9.4 1.684 2.50809e-09 
9.4 1.688 7.50359e-10 
9.4 1.692 1.36471e-10 
9.41 1.668 1.41104e-10 
9.41 1.672 2.50917e-09 
9.41 1.676 7.13794e-09 
9.41 1.68 8.53416e-09 
9.41 1.684 4.47088e-09 
9.41 1.688 1.19254e-09 
9.41 1.692 1.90319e-10 
9.42 1.668 1.05031e-09 
9.42 1.672 7.5912e-09 
9.42 1.676 1.8087e-08 
9.42 1.68 1.70451e-08 
9.42 1.684 7.44151e-09 
9.42 1.688 1.82664e-09 
9.42 1.692 2.61833e-10 
9.43 1.668 5.11707e-09 
9.43 1.672 2.19975e-08 
9.43 1.676 4.04128e-08 
9.43 1.68 3.05321e-08 
9.43 1.684 1.21778e-08 
9.43 1.688 2.66879e-09 
9.43 1.692 3.60246e-10 
9.44 1.664 1.1912e-09 
9.44 1.668 1.87943e-08 
9.44 1.672 5.87596e-08 
9.44 1.676 8.2017e-08 
9.44 1.68 5.27478e-08 
9.44 1.684 1.83199e-08 
9.44 1.688 3.75027e-09 
9.44 1.692 4.82268e-10 
9.45 1.664 6.65448e-09 
9.45 1.668 5.78939e-08 
9.45 1.672 1.40318e-07 
9.45 1.676 1.6148e-07 
9.45 1.68 8.64658e-08 
9.45 1.684 2.69223e-08 
9.45 1.688 5.03237e-09 
9.45 1.692 6.10838e-10 
9.46 1.66 7.47392e-10 
9.46 1.664 3.00676e-08 
9.46 1.668 1.55167e-07 
9.46 1.672 3.1868e-07 
9.46 1.676 2.77548e-07 
9.46 1.68 1.36253e-07 
9.46 1.684 3.88002e-08 
9.46 1.688 6.6001e-09 
9.46 1.692 7.54947e-10 
9.47 1.66 7.81451e-09 
9.47 1.664 9.53745e-08 
9.47 1.668 3.81389e-07 
9.47 1.672 6.14063e-07 
9.47 1.676 4.73383e-07 
9.47 1.68 2.03712e-07 
9.47 1.684 5.25079e-08 
9.47 1.688 8.48518e-09 
9.47 1.692 8.8617e-10 
9.48 1.66 3.94984e-08 
9.48 1.664 2.95123e-07 
9.48 1.668 8.60153e-07 
9.48 1.672 1.11786e-06 
9.48 1.676 7.70951e-07 
9.48 1.68 2.96149e-07 
9.48 1.684 7.03721e-08 
9.48 1.688 1.08651e-08 
9.48 1.692 1.02161e-09 
9.49 1.656 4.66682e-09 
9.49 1.66 1.46698e-07 
9.49 1.664 7.92955e-07 
9.49 1.668 1.82781e-06 
9.49 1.672 1.98857e-06 
9.49 1.676 1.19535e-06 
9.49 1.68 4.20356e-07 
9.49 1.684 9.44497e-08 
9.49 1.688 1.30754e-08 
9.49 1.692 1.16889e-09 
9.5 1.656 3.14504e-08 
9.5 1.66 4.58198e-07 
9.5 1.664 1.90092e-06 
9.5 1.668 3.34906e-06 
9.5 1.672 3.30432e-06 
9.5 1.676 1.72709e-06 
9.5 1.68 5.6952e-07 
9.5 1.684 1.19276e-07 
9.5 1.688 1.4648e-08 
9.5 1.692 1.23867e-09 
9.51 1.652 1.40853e-10 
9.51 1.656 1.51757e-07 
9.51 1.66 1.22763e-06 
9.51 1.664 4.0991e-06 
9.51 1.668 6.28123e-06 
9.51 1.672 5.07368e-06 
9.51 1.676 2.48477e-06 
9.51 1.68 7.43849e-07 
9.51 1.684 1.4107e-07 
9.51 1.688 1.71417e-08 
9.51 1.692 1.37654e-09 
9.52 1.652 1.71375e-08 
9.52 1.656 5.19176e-07 
9.52 1.66 3.01146e-06 
9.52 1.664 8.21046e-06 
9.52 1.668 1.05993e-05 
9.52 1.672 7.7802e-06 
9.52 1.676 3.51754e-06 
9.52 1.68 9.41046e-07 
9.52 1.684 1.57955e-07 
9.52 1.688 1.95155e-08 
9.52 1.692 1.48957e-09 
9.53 1.652 1.0886e-07 
9.53 1.656 1.58725e-06 
9.53 1.66 7.03967e-06 
9.53 1.664 1.50145e-05 
9.53 1.668 1.73713e-05 
9.53 1.672 1.10001e-05 
9.53 1.676 4.53143e-06 
9.53 1.68 1.12796e-06 
9.53 1.684 1.92744e-07 
9.53 1.688 2.15657e-08 
9.53 1.692 1.53339e-09 
9.54 1.648 2.89564e-09 
9.54 1.652 4.57817e-07 
9.54 1.656 3.98094e-06 
9.54 1.66 1.47902e-05 
9.54 1.664 2.68442e-05 
9.54 1.668 2.5965e-05 
9.54 1.672 1.54475e-05 
9.54 1.676 5.70303e-06 
9.54 1.68 1.36246e-06 
9.54 1.684 2.25297e-07 
9.54 1.688 2.33862e-08 
9.54 1.692 1.57665e-09 
9.55 1.648 6.14722e-08 
9.55 1.652 1.38514e-06 
9.55 1.656 9.47362e-06 
9.55 1.66 2.8332e-05 
9.55 1.664 4.32224e-05 
9.55 1.668 3.88788e-05 
9.55 1.672 2.10833e-05 
9.55 1.676 6.95131e-06 
9.55 1.68 1.63681e-06 
9.55 1.684 2.44986e-07 
9.55 1.688 2.4e-08 
9.55 1.692 1.52499e-09 
9.56 1.644 1.63923e-09 
9.56 1.648 3.01126e-07 
9.56 1.652 4.0978e-06 
9.56 1.656 1.98463e-05 
9.56 1.66 5.13602e-05 
9.56 1.664 6.80898e-05 
9.56 1.668 5.53095e-05 
9.56 1.672 2.70191e-05 
9.56 1.676 8.98904e-06 
9.56 1.68 1.89802e-06 
9.56 1.684 2.69272e-07 
9.56 1.688 2.52188e-08 
9.56 1.692 1.50562e-09 
9.57 1.644 3.0558e-08 
9.57 1.648 1.00399e-06 
9.57 1.652 9.92121e-06 
9.57 1.656 4.01396e-05 
9.57 1.66 8.42273e-05 
9.57 1.664 0.000100481 
9.57 1.668 7.37757e-05 
9.57 1.672 3.33829e-05 
9.57 1.676 1.05439e-05 
9.57 1.68 2.1879e-06 
9.57 1.684 2.93936e-07 
9.57 1.688 2.48879e-08 
9.57 1.692 1.47079e-09 
9.58 1.64 5.54994e-10 
9.58 1.644 1.37628e-07 
9.58 1.648 3.02279e-06 
9.58 1.652 2.24036e-05 
9.58 1.656 7.69977e-05 
9.58 1.66 0.000135174 
9.58 1.664 0.00014525 
9.58 1.668 9.4923e-05 
9.58 1.672 4.16281e-05 
9.58 1.676 1.24798e-05 
9.58 1.68 2.36199e-06 
9.58 1.684 3.11762e-07 
9.58 1.688 2.44963e-08 
9.58 1.692 1.3633e-09 
9.59 1.64 5.87407e-09 
9.59 1.644 5.33782e-07 
9.59 1.648 7.80509e-06 
9.59 1.652 4.72824e-05 
9.59 1.656 0.000126806 
9.59 1.66 0.00021432 
9.59 1.664 0.000199778 
9.59 1.668 0.000124227 
9.59 1.672 5.1547e-05 
9.59 1.676 1.40869e-05 
9.59 1.68 2.63352e-06 
9.59 1.684 3.1263e-07 
9.59 1.688 2.47105e-08 
9.59 1.692 1.21102e-09 
9.6 1.64 4.91823e-08 
9.6 1.644 1.90793e-06 
9.6 1.648 1.94884e-05 
9.6 1.652 9.11032e-05 
9.6 1.656 0.000217172 
9.6 1.66 0.000305644 
9.6 1.664 0.000268286 
9.6 1.668 0.00016044 
9.6 1.672 5.99652e-05 
9.6 1.676 1.62661e-05 
9.6 1.68 2.78362e-06 
9.6 1.684 2.99003e-07 
9.6 1.688 2.47251e-08 
9.6 1.692 1.03763e-09 
9.61 1.636 2.07268e-09 
9.61 1.64 2.58114e-07 
9.61 1.644 5.16295e-06 
9.61 1.648 4.03163e-05 
9.61 1.652 0.000162108 
9.61 1.656 0.000342343 
9.61 1.66 0.000422863 
9.61 1.664 0.000342128 
9.61 1.668 0.000188371 
9.61 1.672 7.05152e-05 
9.61 1.676 1.71172e-05 
9.61 1.68 2.77778e-06 
9.61 1.684 3.04771e-07 
9.61 1.688 2.11828e-08 
9.61 1.692 9.85119e-10 
9.62 1.636 1.23723e-08 
9.62 1.64 9.59095e-07 
9.62 1.644 1.30184e-05 
9.62 1.648 8.35213e-05 
9.62 1.652 0.000280201 
9.62 1.656 0.000518075 
9.62 1.66 0.000581252 
9.62 1.664 0.000438865 
9.62 1.668 0.000223328 
9.62 1.672 7.90931e-05 
9.62 1.676 1.80953e-05 
9.62 1.68 2.79865e-06 
9.62 1.684 2.83257e-07 
9.62 1.688 1.88101e-08 
9.62 1.692 8.1133e-10 
9.63 1.632 5.04324e-10 
9.63 1.636 8.92026e-08 
9.63 1.64 2.97342e-06 
9.63 1.644 2.88472e-05 
9.63 1.648 0.000155202 
9.63 1.652 0.000440182 
9.63 1.656 0.000746668 
9.63 1.66 0.000815965 
9.63 1.664 0.000573849 
9.63 1.668 0.00026843 
9.63 1.672 8.4426e-05 
9.63 1.676 1.87483e-05 
9.63 1.68 2.70295e-06 
9.63 1.684 2.58618e-07 
9.63 1.688 1.56816e-08 
9.63 1.692 6.69918e-10 
9.64 1.632 4.03253e-09 
9.64 1.636 3.62875e-07 
9.64 1.64 7.26838e-06 
9.64 1.644 5.84844e-05 
9.64 1.648 0.00026536 
9.64 1.652 0.00066264 
9.64 1.656 0.00100211 
9.64 1.66 0.00100469 
9.64 1.664 0.000696259 
9.64 1.668 0.000311811 
9.64 1.672 9.43095e-05 
9.64 1.676 1.88032e-05 
9.64 1.68 2.5564e-06 
9.64 1.684 2.31551e-07 
9.64 1.688 1.35253e-08 
9.64 1.692 5.4145e-10 
9.65 1.632 1.85053e-08 
9.65 1.636 1.18277e-06 
9.65 1.64 1.60771e-05 
9.65 1.644 0.000117882 
9.65 1.648 0.000436841 
9.65 1.652 0.000941284 
9.65 1.656 0.00134482 
9.65 1.66 0.0012577 
9.65 1.664 0.000806225 
9.65 1.668 0.000350932 
9.65 1.672 0.000100307 
9.65 1.676 1.8877e-05 
9.65 1.68 2.43441e-06 
9.65 1.684 2.03065e-07 
9.65 1.688 1.17259e-08 
9.65 1.692 4.33782e-10 
9.66 1.628 1.03784e-09 
9.66 1.632 1.03021e-07 
9.66 1.636 3.13161e-06 
9.66 1.64 3.58056e-05 
9.66 1.644 0.000205773 
9.66 1.648 0.000682797 
9.66 1.652 0.00128474 
9.66 1.656 0.00168133 
9.66 1.66 0.0014911 
9.66 1.664 0.000886921 
9.66 1.668 0.000367084 
9.66 1.672 9.56412e-05 
9.66 1.676 1.7948e-05 
9.66 1.68 2.19973e-06 
9.66 1.684 1.70616e-07 
9.66 1.688 9.29865e-09 
9.66 1.692 3.46888e-10 
9.67 1.628 5.9974e-09 
9.67 1.632 3.70596e-07 
9.67 1.636 8.04033e-06 
9.67 1.64 7.14743e-05 
9.67 1.644 0.000359791 
9.67 1.648 0.000981046 
9.67 1.652 0.00176368 
9.67 1.656 0.00219983 
9.67 1.66 0.00178856 
9.67 1.664 0.00103124 
9.67 1.668 0.00037986 
9.67 1.672 9.91663e-05 
9.67 1.676 1.72059e-05 
9.67 1.68 1.92871e-06 
9.67 1.684 1.47602e-07 
9.67 1.688 7.55822e-09 
9.67 1.692 2.63768e-10 
9.68 1.624 1.64344e-10 
9.68 1.628 2.33727e-08 
9.68 1.632 1.03327e-06 
9.68 1.636 1.76572e-05 
9.68 1.64 0.000130323 
9.68 1.644 0.000552686 
9.68 1.648 0.00138288 
9.68 1.652 0.00238132 
9.68 1.656 0.00267475 
9.68 1.66 0.0021178 
9.68 1.664 0.00111783 
9.68 1.668 0.000397613 
9.68 1.672 9.57998e-05 
9.68 1.676 1.54704e-05 
9.68 1.68 1.6608e-06 
9.68 1.684 1.2578e-07 
9.68 1.688 5.90972e-09 
9.68 1.692 2.03588e-10 
9.69 1.624 1.2953e-09 
9.69 1.628 9.83799e-08 
9.69 1.632 2.52887e-06 
9.69 1.636 3.3352e-05 
9.69 1.64 0.000226358 
9.69 1.644 0.000815051 
9.69 1.648 0.00193074 
9.69 1.652 0.00303115 
9.69 1.656 0.00329474 
9.69 1.66 0.00241256 
9.69 1.664 0.00120283 
9.69 1.668 0.000403361 
9.69 1.672 9.30819e-05 
9.69 1.676 1.3879e-05 
9.69 1.68 1.45747e-06 
9.69 1.684 1.01011e-07 
9.69 1.688 4.71216e-09 
9.69 1.692 1.52598e-10 
9.7 1.624 5.00253e-09 
9.7 1.628 2.57553e-07 
9.7 1.632 6.35529e-06 
9.7 1.636 6.62813e-05 
9.7 1.64 0.000356091 
9.7 1.644 0.00118116 
9.7 1.648 0.00266179 
9.7 1.652 0.00384951 
9.7 1.656 0.00393585 
9.7 1.66 0.00265509 
9.7 1.664 0.00128073 
9.7 1.668 0.000403543 
9.7 1.672 8.43956e-05 
9.7 1.676 1.21509e-05 
9.7 1.68 1.19025e-06 
9.7 1.684 8.08696e-08 
9.7 1.688 3.77078e-09 
9.7 1.692 1.04141e-10 
9.71 1.62 2.12394e-10 
9.71 1.624 1.69215e-08 
9.71 1.628 6.85065e-07 
9.71 1.632 1.35373e-05 
9.71 1.636 0.000110159 
9.71 1.64 0.000558409 
9.71 1.644 0.00166969 
9.71 1.648 0.00336297 
9.71 1.652 0.00474047 
9.71 1.656 0.00441553 
9.71 1.66 0.00282922 
9.71 1.664 0.00122564 
9.71 1.668 0.000373111 
9.71 1.672 7.34529e-05 
9.71 1.676 1.02411e-05 
9.71 1.68 9.25445e-07 
9.71 1.684 6.14593e-08 
9.71 1.688 2.50717e-09 
9.72 1.62 8.35822e-10 
9.72 1.624 6.44494e-08 
9.72 1.628 1.70694e-06 
9.72 1.632 2.6152e-05 
9.72 1.636 0.000181854 
9.72 1.64 0.000796485 
9.72 1.644 0.00226977 
9.72 1.648 0.00421613 
9.72 1.652 0.00548044 
9.72 1.656 0.00488371 
9.72 1.66 0.00298443 
9.72 1.664 0.00122541 
9.72 1.668 0.000339608 
9.72 1.672 6.68887e-05 
9.72 1.676 8.66405e-06 
9.72 1.68 7.80257e-07 
9.72 1.684 4.70931e-08 
9.72 1.688 1.92055e-09 
9.73 1.62 3.2336e-09 
9.73 1.624 1.71775e-07 
9.73 1.628 3.94923e-06 
9.73 1.632 4.62851e-05 
9.73 1.636 0.00028817 
9.73 1.64 0.00112562 
9.73 1.644 0.00297816 
9.73 1.648 0.00523798 
9.73 1.652 0.00635423 
9.73 1.656 0.00531798 
9.73 1.66 0.00313769 
9.73 1.664 0.00117673 
9.73 1.668 0.000322366 
9.73 1.672 5.74942e-05 
9.73 1.676 7.08162e-06 
9.73 1.68 6.23435e-07 
9.73 1.684 3.56976e-08 
9.73 1.688 1.40426e-09 
9.74 1.616 1.70361e-10 
9.74 1.62 1.15547e-08 
9.74 1.624 4.57312e-07 
9.74 1.628 7.80446e-06 
9.74 1.632 7.48876e-05 
9.74 1.636 0.00043656 
9.74 1.64 0.00155865 
9.74 1.644 0.00386783 
9.74 1.648 0.00636844 
9.74 1.652 0.00731128 
9.74 1.656 0.00579603 
9.74 1.66 0.00310179 
9.74 1.664 0.00112699 
9.74 1.668 0.000287505 
9.74 1.672 5.01162e-05 
9.74 1.676 5.89779e-06 
9.74 1.68 4.7116e-07 
9.74 1.684 2.59097e-08 
9.74 1.688 9.60539e-10 
9.75 1.616 5.21106e-10 
9.75 1.62 3.1335e-08 
9.75 1.624 9.88618e-07 
9.75 1.628 1.4594e-05 
9.75 1.632 0.000124274 
9.75 1.636 0.00065556 
9.75 1.64 0.00213157 
9.75 1.644 0.00478775 
9.75 1.648 0.00766312 
9.75 1.652 0.00837813 
9.75 1.656 0.00611267 
9.75 1.66 0.00307464 
9.75 1.664 0.00106618 
9.75 1.668 0.000257118 
9.75 1.672 4.24617e-05 
9.75 1.676 4.78495e-06 
9.75 1.68 3.61583e-07 
9.75 1.684 1.93198e-08 
9.75 1.688 6.5569e-10 
9.76 1.616 1.96843e-09 
9.76 1.62 9.16001e-08 
9.76 1.624 2.21917e-06 
9.76 1.628 2.59307e-05 
9.76 1.632 0.000197352 
9.76 1.636 0.000911448 
9.76 1.64 0.00273805 
9.76 1.644 0.00583848 
9.76 1.648 0.00852344 
9.76 1.652 0.00870763 
9.76 1.656 0.00601826 
9.76 1.66 0.00286185 
9.76 1.664 0.000966579 
9.76 1.668 0.000218509 
9.76 1.672 3.48315e-05 
9.76 1.676 3.75917e-06 
9.76 1.68 2.86118e-07 
9.76 1.684 1.39419e-08 
9.76 1.688 4.3689e-10 
9.77 1.616 5.283e-09 
9.77 1.62 2.09942e-07 
9.77 1.624 4.08249e-06 
9.77 1.628 4.53926e-05 
9.77 1.632 0.000285181 
9.77 1.636 0.00118665 
9.77 1.64 0.00344351 
9.77 1.644 0.00675085 
9.77 1.648 0.00941111 
9.77 1.652 0.00911015 
9.77 1.656 0.0058177 
9.77 1.66 0.00275397 
9.77 1.664 0.000875454 
9.77 1.668 0.000191203 
9.77 1.672 2.87539e-05 
9.77 1.676 2.89271e-06 
9.77 1.68 2.08242e-07 
9.77 1.684 9.77512e-09 
9.77 1.688 2.65466e-10 
9.78 1.612 2.04466e-10 
9.78 1.616 1.3582e-08 
9.78 1.62 4.18686e-07 
9.78 1.624 7.18048e-06 
9.78 1.628 6.78331e-05 
9.78 1.632 0.000382604 
9.78 1.636 0.0015398 
9.78 1.64 0.00415472 
9.78 1.644 0.00799879 
9.78 1.648 0.0101967 
9.78 1.652 0.00940506 
9.78 1.656 0.00563987 
9.78 1.66 0.00260341 
9.78 1.664 0.000753106 
9.78 1.668 0.000157864 
9.78 1.672 2.27882e-05 
9.78 1.676 2.258e-06 
9.78 1.68 1.50432e-07 
9.78 1.684 6.41823e-09 
9.78 1.688 1.77015e-10 
9.79 1.612 5.92977e-10 
9.79 1.616 3.66064e-08 
9.79 1.62 8.93016e-07 
9.79 1.624 1.17141e-05 
9.79 1.628 0.000104298 
9.79 1.632 0.000520316 
9.79 1.636 0.00203175 
9.79 1.64 0.00498642 
9.79 1.644 0.00915406 
9.79 1.648 0.0109699 
9.79 1.652 0.00947178 
9.79 1.656 0.00547794 
9.79 1.66 0.00227954 
9.79 1.664 0.000653122 
9.79 1.668 0.000129166 
9.79 1.672 1.78694e-05 
9.79 1.676 1.62736e-06 
9.79 1.68 1.02291e-07 
9.79 1.684 4.24586e-09 
9.79 1.688 1.07236e-10 
9.8 1.612 1.92693e-09 
9.8 1.616 7.78491e-08 
9.8 1.62 1.69688e-06 
9.8 1.624 1.94788e-05 
9.8 1.628 0.00014884 
9.8 1.632 0.000745838 
9.8 1.636 0.00252933 
9.8 1.64 0.00617094 
9.8 1.644 0.0100472 
9.8 1.648 0.0118661 
9.8 1.652 0.00889108 
9.8 1.656 0.00507647 
9.8 1.66 0.00193524 
9.8 1.664 0.000543463 
9.8 1.668 0.000101725 
9.8 1.672 1.31909e-05 
9.8 1.676 1.17648e-06 
9.8 1.68 7.13315e-08 
9.8 1.684 2.65191e-09 
9.81 1.612 5.38479e-09 
9.81 1.616 1.7078e-07 
9.81 1.62 2.94754e-06 
9.81 1.624 3.08091e-05 
9.81 1.628 0.000214354 
9.81 1.632 0.000966315 
9.81 1.636 0.0032201 
9.81 1.64 0.00659723 
9.81 1.644 0.011034 
9.81 1.648 0.0114001 
9.81 1.652 0.0084811 
9.81 1.656 0.00457334 
9.81 1.66 0.00170091 
9.81 1.664 0.000439794 
9.81 1.668 8.00372e-05 
9.81 1.672 9.63321e-06 
9.81 1.676 8.52788e-07 
9.81 1.68 4.66167e-08 
9.81 1.684 1.59731e-09 
9.82 1.608 2.10647e-10 
9.82 1.612 1.27481e-08 
9.82 1.616 3.32248e-07 
9.82 1.62 5.17116e-06 
9.82 1.624 4.34436e-05 
9.82 1.628 0.000285077 
9.82 1.632 0.00121574 
9.82 1.636 0.00352189 
9.82 1.64 0.00745729 
9.82 1.644 0.0107748 
9.82 1.648 0.0109329 
9.82 1.652 0.00780981 
9.82 1.656 0.00408918 
9.82 1.66 0.00140092 
9.82 1.664 0.000358784 
9.82 1.668 6.19997e-05 
9.82 1.672 7.19988e-06 
9.82 1.676 5.64875e-07 
9.82 1.68 2.84616e-08 
9.82 1.684 8.49445e-10 
9.83 1.608 5.49063e-10 
9.83 1.612 2.6158e-08 
9.83 1.616 5.50002e-07 
9.83 1.62 7.33902e-06 
9.83 1.624 6.06917e-05 
9.83 1.628 0.000344843 
9.83 1.632 0.00139566 
9.83 1.636 0.00399431 
9.83 1.64 0.00781 
9.83 1.644 0.0106768 
9.83 1.648 0.0106549 
9.83 1.652 0.00724969 
9.83 1.656 0.00356978 
9.83 1.66 0.00120005 
9.83 1.664 0.000278461 
9.83 1.668 4.58646e-05 
9.83 1.672 5.22499e-06 
9.83 1.676 3.6243e-07 
9.83 1.68 1.75648e-08 
9.83 1.684 4.80468e-10 
9.84 1.608 1.41927e-09 
9.84 1.612 5.15552e-08 
9.84 1.616 8.80506e-07 
9.84 1.62 1.09587e-05 
9.84 1.624 8.05455e-05 
9.84 1.628 0.000438174 
9.84 1.632 0.0016256 
9.84 1.636 0.00448046 
9.84 1.64 0.00815342 
9.84 1.644 0.0105978 
9.84 1.648 0.00985407 
9.84 1.652 0.00641391 
9.84 1.656 0.00300548 
9.84 1.66 0.000959465 
9.84 1.664 0.000214237 
9.84 1.668 3.31445e-05 
9.84 1.672 3.40643e-06 
9.84 1.676 2.44839e-07 
9.84 1.68 1.00353e-08 
9.84 1.684 2.44581e-10 
9.85 1.608 3.1815e-09 
9.85 1.612 8.62269e-08 
9.85 1.616 1.3928e-06 
9.85 1.62 1.50426e-05 
9.85 1.624 0.000111729 
9.85 1.628 0.000543553 
9.85 1.632 0.00190902 
9.85 1.636 0.00483789 
9.85 1.64 0.00850136 
9.85 1.644 0.0101984 
9.85 1.648 0.0090986 
9.85 1.652 0.00564806 
9.85 1.656 0.0024847 
9.85 1.66 0.000770764 
9.85 1.664 0.000154382 
9.85 1.668 2.32662e-05 
9.85 1.672 2.3144e-06 
9.85 1.676 1.55564e-07 
9.85 1.68 6.06394e-09 
9.85 1.684 1.24125e-10 
9.86 1.604 1.52109e-10 
9.86 1.608 6.77924e-09 
9.86 1.612 1.57971e-07 
9.86 1.616 2.19135e-06 
9.86 1.62 2.07822e-05 
9.86 1.624 0.000144283 
9.86 1.628 0.000655427 
9.86 1.632 0.00227169 
9.86 1.636 0.00503622 
9.86 1.64 0.0085458 
9.86 1.644 0.00961639 
9.86 1.648 0.00830511 
9.86 1.652 0.00478398 
9.86 1.656 0.00200006 
9.86 1.66 0.000575 
9.86 1.664 0.000115614 
9.86 1.668 1.64868e-05 
9.86 1.672 1.58203e-06 
9.86 1.676 9.96951e-08 
9.86 1.68 3.23349e-09 
9.87 1.604 3.24079e-10 
9.87 1.608 1.11659e-08 
9.87 1.612 2.47194e-07 
9.87 1.616 3.43896e-06 
9.87 1.62 2.82244e-05 
9.87 1.624 0.000183286 
9.87 1.628 0.000797102 
9.87 1.632 0.00247235 
9.87 1.636 0.00524938 
9.87 1.64 0.00822325 
9.87 1.644 0.00923469 
9.87 1.648 0.00722633 
9.87 1.652 0.00398563 
9.87 1.656 0.00154575 
9.87 1.66 0.000436014 
9.87 1.664 8.40196e-05 
9.87 1.668 1.12064e-05 
9.87 1.672 1.01083e-06 
9.87 1.676 5.62939e-08 
9.87 1.68 1.80253e-09 
9.88 1.604 7.21059e-10 
9.88 1.608 2.10129e-08 
9.88 1.612 3.79732e-07 
9.88 1.616 4.48718e-06 
9.88 1.62 3.71928e-05 
9.88 1.624 0.000215584 
9.88 1.628 0.000917399 
9.88 1.632 0.00260139 
9.88 1.636 0.00542116 
9.88 1.64 0.00805159 
9.88 1.644 0.00844369 
9.88 1.648 0.00621632 
9.88 1.652 0.00336149 
9.88 1.656 0.00128124 
9.88 1.66 0.000327356 
9.88 1.664 5.81977e-05 
9.88 1.668 7.33055e-06 
9.88 1.672 6.30461e-07 
9.88 1.676 3.10096e-08 
9.88 1.68 7.78364e-10 
9.89 1.604 1.32463e-09 
9.89 1.608 3.52844e-08 
9.89 1.612 5.73682e-07 
9.89 1.616 6.21064e-06 
9.89 1.62 4.72049e-05 
9.89 1.624 0.000264146 
9.89 1.628 0.000999645 
9.89 1.632 0.0028199 
9.89 1.636 0.00526557 
9.89 1.64 0.00752388 
9.89 1.644 0.00757973 
9.89 1.648 0.00533281 
9.89 1.652 0.00275045 
9.89 1.656 0.00099666 
9.89 1.66 0.000243121 
9.89 1.664 4.02252e-05 
9.89 1.668 4.79742e-06 
9.89 1.672 3.60725e-07 
9.89 1.676 1.537e-08 
9.89 1.68 2.73426e-10 
9.9 1.604 2.42839e-09 
9.9 1.608 5.22855e-08 
9.9 1.612 7.90825e-07 
9.9 1.616 8.18981e-06 
9.9 1.62 5.78056e-05 
9.9 1.624 0.000302473 
9.9 1.628 0.00101803 
9.9 1.632 0.00276762 
9.9 1.636 0.00498055 
9.9 1.64 0.00668911 
9.9 1.644 0.00646479 
9.9 1.648 0.0044431 
9.9 1.652 0.002208 
9.9 1.656 0.0007409 
9.9 1.66 0.000160705 
9.9 1.664 2.71197e-05 
9.9 1.668 2.93401e-06 
9.9 1.672 2.09238e-07 
9.9 1.676 7.35313e-09 
9.91 1.6 1.25668e-10 
9.91 1.604 4.01979e-09 
9.91 1.608 8.62105e-08 
9.91 1.612 1.08428e-06 
9.91 1.616 1.09449e-05 
9.91 1.62 7.19852e-05 
9.91 1.624 0.000337724 
9.91 1.628 0.00103778 
9.91 1.632 0.00265282 
9.91 1.636 0.00462792 
9.91 1.64 0.00581172 
9.91 1.644 0.00549022 
9.91 1.648 0.00354336 
9.91 1.652 0.00165317 
9.91 1.656 0.000519225 
9.91 1.66 0.000114642 
9.91 1.664 1.80624e-05 
9.91 1.668 1.90394e-06 
9.91 1.672 1.16844e-07 
9.91 1.676 3.38859e-09 
9.92 1.6 2.66037e-10 
9.92 1.604 6.49176e-09 
9.92 1.608 1.26478e-07 
9.92 1.612 1.53413e-06 
9.92 1.616 1.39141e-05 
9.92 1.62 8.26798e-05 
9.92 1.624 0.000360691 
9.92 1.628 0.00106371 
9.92 1.632 0.00251169 
9.92 1.636 0.00422344 
9.92 1.64 0.00512583 
9.92 1.644 0.00449311 
9.92 1.648 0.00278622 
9.92 1.652 0.00123415 
9.92 1.656 0.000384076 
9.92 1.66 7.86207e-05 
9.92 1.664 1.17618e-05 
9.92 1.668 1.10142e-06 
9.92 1.672 5.95987e-08 
9.92 1.676 1.11566e-09 
9.93 1.6 3.96933e-10 
9.93 1.604 1.02902e-08 
9.93 1.608 1.66982e-07 
9.93 1.612 1.9177e-06 
9.93 1.616 1.53022e-05 
9.93 1.62 9.15578e-05 
9.93 1.624 0.000366972 
9.93 1.628 0.00106908 
9.93 1.632 0.00239232 
9.93 1.636 0.00383217 
9.93 1.64 0.00447222 
9.93 1.644 0.00364474 
9.93 1.648 0.00224394 
9.93 1.652 0.00093306 
9.93 1.656 0.000277243 
9.93 1.66 5.68869e-05 
9.93 1.664 7.75008e-06 
9.93 1.668 6.45002e-07 
9.93 1.672 2.8086e-08 
9.93 1.676 2.45294e-10 
9.94 1.6 6.70141e-10 
9.94 1.604 1.3159e-08 
9.94 1.608 2.22082e-07 
9.94 1.612 2.24777e-06 
9.94 1.616 1.7369e-05 
9.94 1.62 9.12351e-05 
9.94 1.624 0.00037041 
9.94 1.628 0.00106807 
9.94 1.632 0.00221439 
9.94 1.636 0.00349598 
9.94 1.64 0.00384826 
9.94 1.644 0.00297142 
9.94 1.648 0.0016986 
9.94 1.652 0.000698551 
9.94 1.656 0.000190743 
9.94 1.66 3.78118e-05 
9.94 1.664 4.8238e-06 
9.94 1.668 3.60414e-07 
9.94 1.672 1.14155e-08 
9.95 1.6 9.22269e-10 
9.95 1.604 1.8426e-08 
9.95 1.608 2.60381e-07 
9.95 1.612 2.59294e-06 
9.95 1.616 1.85441e-05 
9.95 1.62 9.89618e-05 
9.95 1.624 0.000376926 
9.95 1.628 0.0010334 
9.95 1.632 0.00209975 
9.95 1.636 0.0030885 
9.95 1.64 0.00321168 
9.95 1.644 0.0023906 
9.95 1.648 0.00129882 
9.95 1.652 0.00050587 
9.95 1.656 0.000133633 
9.95 1.66 2.50138e-05 
9.95 1.664 2.88245e-06 
9.95 1.668 1.83319e-07 
9.95 1.672 3.6972e-09 
9.96 1.6 1.29021e-09 
9.96 1.604 2.50603e-08 
9.96 1.608 3.18277e-07 
9.96 1.612 3.01205e-06 
9.96 1.616 2.10323e-05 
9.96 1.62 0.000105136 
9.96 1.624 0.0003708 
9.96 1.628 0.000988264 
9.96 1.632 0.00192666 
9.96 1.636 0.00263421 
9.96 1.64 0.0026479 
9.96 1.644 0.00190262 
9.96 1.648 0.000947288 
9.96 1.652 0.000346143 
9.96 1.656 8.81079e-05 
9.96 1.66 1.48845e-05 
9.96 1.664 1.52593e-06 
9.96 1.668 7.84611e-08 
9.96 1.672 1.00201e-09 
9.97 1.6 1.78957e-09 
9.97 1.604 3.22346e-08 
9.97 1.608 3.77427e-07 
9.97 1.612 3.42537e-06 
9.97 1.616 2.24811e-05 
9.97 1.62 0.000108828 
9.97 1.624 0.000365822 
9.97 1.628 0.000935828 
9.97 1.632 0.00171653 
9.97 1.636 0.00223855 
9.97 1.64 0.00216122 
9.97 1.644 0.00147438 
9.97 1.648 0.000715162 
9.97 1.652 0.000243719 
9.97 1.656 6.00294e-05 
9.97 1.66 8.89161e-06 
9.97 1.664 7.39022e-07 
9.97 1.668 2.9759e-08 
9.98 1.6 2.33022e-09 
9.98 1.604 3.74909e-08 
9.98 1.608 4.49596e-07 
9.98 1.612 3.84359e-06 
9.98 1.616 2.41918e-05 
9.98 1.62 0.000110911 
9.98 1.624 0.000354543 
9.98 1.628 0.000864408 
9.98 1.632 0.00153406 
9.98 1.636 0.00187746 
9.98 1.64 0.00173159 
9.98 1.644 0.00112682 
9.98 1.648 0.00052368 
9.98 1.652 0.000171348 
9.98 1.656 3.76571e-05 
9.98 1.66 4.87005e-06 
9.98 1.664 3.65737e-07 
9.98 1.668 9.1131e-09 
9.99 1.596 1.40661e-10 
9.99 1.6 3.09415e-09 
9.99 1.604 4.75204e-08 
9.99 1.608 5.62505e-07 
9.99 1.612 4.4339e-06 
9.99 1.616 2.64691e-05 
9.99 1.62 0.000110966 
9.99 1.624 0.000335627 
9.99 1.628 0.000803293 
9.99 1.632 0.00130613 
9.99 1.636 0.00157911 
9.99 1.64 0.00137929 
9.99 1.644 0.00084834 
9.99 1.648 0.000370317 
9.99 1.652 0.000119719 
9.99 1.656 2.47585e-05 
9.99 1.66 2.65577e-06 
9.99 1.664 1.44756e-07 
9.99 1.668 1.23657e-09 
10 1.596 1.96666e-10 
10 1.6 3.90998e-09 
10 1.604 5.8889e-08 
10 1.608 6.27913e-07 
10 1.612 4.88085e-06 
10 1.616 2.63904e-05 
10 1.62 0.000108134 
10 1.624 0.000328593 
10 1.628 0.000703997 
10 1.632 0.00114387 
10 1.636 0.00128104 
10 1.64 0.00106777 
10 1.644 0.000637835 
10 1.648 0.000270888 
10 1.652 8.1906e-05 
10 1.656 1.42189e-05 
10 1.66 1.25604e-06 
10 1.664 5.14357e-08 
10.01 1.596 2.651e-10 
10.01 1.6 5.22005e-09 
10.01 1.604 7.1368e-08 
10.01 1.608 7.09708e-07 
10.01 1.612 5.15653e-06 
10.01 1.616 2.74708e-05 
10.01 1.62 0.000108511 
10.01 1.624 0.000315493 
10.01 1.628 0.000623684 
10.01 1.632 0.000938926 
10.01 1.636 0.00104259 
10.01 1.64 0.000809298 
10.01 1.644 0.000462339 
10.01 1.648 0.00019009 
10.01 1.652 5.11198e-05 
10.01 1.656 7.80487e-06 
10.01 1.66 5.68284e-07 
10.01 1.664 1.20789e-08 
10.02 1.596 3.2955e-10 
10.02 1.6 6.15046e-09 
10.02 1.604 8.2637e-08 
10.02 1.608 7.96272e-07 
10.02 1.612 5.43271e-06 
10.02 1.616 2.7771e-05 
10.02 1.62 0.000104691 
10.02 1.624 0.000279379 
10.02 1.628 0.000538188 
10.02 1.632 0.000769593 
10.02 1.636 0.000798351 
10.02 1.64 0.000616293 
10.02 1.644 0.000325468 
10.02 1.648 0.000124186 
10.02 1.652 2.89035e-05 
10.02 1.656 3.8914e-06 
10.02 1.66 2.45988e-07 
10.02 1.664 9.94815e-10 
10.03 1.596 4.19942e-10 
10.03 1.6 7.61739e-09 
10.03 1.604 9.38036e-08 
10.03 1.608 8.23497e-07 
10.03 1.612 5.87909e-06 
10.03 1.616 2.78136e-05 
10.03 1.62 9.69361e-05 
10.03 1.624 0.00025133 
10.03 1.628 0.000457378 
10.03 1.632 0.000598154 
10.03 1.636 0.000622913 
10.03 1.64 0.000450211 
10.03 1.644 0.000223612 
10.03 1.648 7.89198e-05 
10.03 1.652 1.57473e-05 
10.03 1.656 1.85297e-06 
10.03 1.66 8.59826e-08 
10.04 1.596 5.35032e-10 
10.04 1.6 8.83047e-09 
10.04 1.604 1.09413e-07 
10.04 1.608 9.32997e-07 
10.04 1.612 5.71102e-06 
10.04 1.616 2.79714e-05 
10.04 1.62 8.96154e-05 
10.04 1.624 0.000215066 
10.04 1.628 0.000380031 
10.04 1.632 0.000501078 
10.04 1.636 0.00046508 
10.04 1.64 0.000321726 
10.04 1.644 0.000156353 
10.04 1.648 4.81641e-05 
10.04 1.652 7.96822e-06 
10.04 1.656 8.75004e-07 
10.04 1.66 1.84701e-08 
10.05 1.596 6.89676e-10 
10.05 1.6 1.09587e-08 
10.05 1.604 1.1835e-07 
10.05 1.608 9.82771e-07 
10.05 1.612 5.91381e-06 
10.05 1.616 2.62803e-05 
10.05 1.62 7.9337e-05 
10.05 1.624 0.000185352 
10.05 1.628 0.000321085 
10.05 1.632 0.000393823 
10.05 1.636 0.000355414 
10.05 1.64 0.000232679 
10.05 1.644 0.000103637 
10.05 1.648 2.85844e-05 
10.05 1.652 4.41194e-06 
10.05 1.656 3.56988e-07 
10.05 1.66 2.0652e-09 
10.06 1.596 8.16162e-10 
10.06 1.6 1.20078e-08 
10.06 1.604 1.30657e-07 
10.06 1.608 1.00022e-06 
10.06 1.612 5.53919e-06 
10.06 1.616 2.39417e-05 
10.06 1.62 7.41013e-05 
10.06 1.624 0.000155188 
10.06 1.628 0.00025539 
10.06 1.632 0.000314187 
10.06 1.636 0.000267248 
10.06 1.64 0.000160973 
10.06 1.644 6.68468e-05 
10.06 1.648 1.5663e-05 
10.06 1.652 2.29135e-06 
10.06 1.656 1.08147e-07 
10.07 1.596 1.00795e-09 
10.07 1.6 1.34452e-08 
10.07 1.604 1.40927e-07 
10.07 1.608 1.03832e-06 
10.07 1.612 5.52091e-06 
10.07 1.616 2.12302e-05 
10.07 1.62 6.24885e-05 
10.07 1.624 0.000135933 
10.07 1.628 0.000210812 
10.07 1.632 0.000231578 
10.07 1.636 0.000194068 
10.07 1.64 0.000112012 
10.07 1.644 4.12908e-05 
10.07 1.648 7.93256e-06 
10.07 1.652 1.00275e-06 
10.07 1.656 2.70844e-08 
10.08 1.596 1.15988e-09 
10.08 1.6 1.54301e-08 
10.08 1.604 1.42766e-07 
10.08 1.608 1.01937e-06 
10.08 1.612 5.32983e-06 
10.08 1.616 1.97942e-05 
10.08 1.62 5.49798e-05 
10.08 1.624 0.000110283 
10.08 1.628 0.000156275 
10.08 1.632 0.000160906 
10.08 1.636 0.000128096 
10.08 1.64 6.99149e-05 
10.08 1.644 2.27115e-05 
10.08 1.648 4.52218e-06 
10.08 1.652 4.00517e-07 
10.09 1.596 1.32685e-09 
10.09 1.6 1.63891e-08 
10.09 1.604 1.44252e-07 
10.09 1.608 9.97396e-07 
10.09 1.612 5.02115e-06 
10.09 1.616 1.74412e-05 
10.09 1.62 4.5214e-05 
10.09 1.624 8.80962e-05 
10.09 1.628 0.000113186 
10.09 1.632 0.00010797 
10.09 1.636 8.08148e-05 
10.09 1.64 4.36203e-05 
10.09 1.644 1.27823e-05 
10.09 1.648 2.02382e-06 
10.09 1.652 1.16688e-07 
10.1 1.596 1.41289e-09 
10.1 1.6 1.74691e-08 
10.1 1.604 1.48438e-07 
10.1 1.608 9.37938e-07 
10.1 1.612 4.43726e-06 
10.1 1.616 1.54685e-05 
10.1 1.62 3.70488e-05 
10.1 1.624 6.46981e-05 
10.1 1.628 8.03563e-05 
10.1 1.632 7.64826e-05 
10.1 1.636 5.24478e-05 
10.1 1.64 2.44791e-05 
10.1 1.644 6.07376e-06 
10.1 1.648 9.08828e-07 
10.1 1.652 1.91953e-08 
10.11 1.592 1.05432e-10 
10.11 1.596 1.64856e-09 
10.11 1.6 1.82048e-08 
10.11 1.604 1.518e-07 
10.11 1.608 8.4337e-07 
10.11 1.612 3.86374e-06 
10.11 1.616 1.28348e-05 
10.11 1.62 3.03348e-05 
10.11 1.624 4.85499e-05 
10.11 1.628 5.7454e-05 
10.11 1.632 5.08646e-05 
10.11 1.636 3.39585e-05 
10.11 1.64 1.38492e-05 
10.11 1.644 2.96211e-06 
10.11 1.648 3.33425e-07 
10.12 1.592 1.10918e-10 
10.12 1.596 1.62541e-09 
10.12 1.6 1.78277e-08 
10.12 1.604 1.43093e-07 
10.12 1.608 7.78192e-07 
10.12 1.612 3.26674e-06 
10.12 1.616 1.04022e-05 
10.12 1.62 2.39951e-05 
10.12 1.624 3.71229e-05 
10.12 1.628 4.03595e-05 
10.12 1.632 3.48004e-05 
10.12 1.636 2.08297e-05 
10.12 1.64 6.52929e-06 
10.12 1.644 1.34935e-06 
10.12 1.648 6.88168e-08 
10.13 1.592 1.02502e-10 
10.13 1.596 1.39531e-09 
10.13 1.6 1.3824e-08 
10.13 1.604 1.13432e-07 
10.13 1.608 6.09887e-07 
10.13 1.612 2.32978e-06 
10.13 1.616 7.13384e-06 
10.13 1.62 1.53086e-05 
10.13 1.624 2.4662e-05 
10.13 1.628 2.96834e-05 
10.13 1.632 2.36936e-05 
10.13 1.636 1.20317e-05 
10.13 1.64 3.30511e-06 
10.13 1.644 4.76238e-07 
10.13 1.648 8.9146e-09 
10.14 1.592 1.14359e-10 
10.14 1.596 1.46592e-09 
10.14 1.6 1.38528e-08 
10.14 1.604 9.76517e-08 
10.14 1.608 5.29598e-07 
10.14 1.612 2.00424e-06 
10.14 1.616 5.69104e-06 
10.14 1.62 1.19861e-05 
10.14 1.624 1.87006e-05 
10.14 1.628 2.04444e-05 
10.14 1.632 1.51111e-05 
10.14 1.636 6.78535e-06 
10.14 1.64 1.68053e-06 
10.14 1.644 2.39666e-07 
