#logage logr JPDF
9.65 1.692 1.54577e-10 
9.66 1.688 1.06695e-10 
9.66 1.692 4.49103e-10 
9.66 1.696 1.34128e-10 
9.67 1.688 8.11333e-10 
9.67 1.692 1.03761e-09 
9.67 1.696 2.44211e-10 
9.68 1.688 3.50463e-09 
9.68 1.692 2.18125e-09 
9.68 1.696 2.53991e-10 
9.69 1.684 2.42918e-09 
9.69 1.688 8.12961e-09 
9.69 1.692 3.6846e-09 
9.69 1.696 2.52126e-10 
9.7 1.684 1.28496e-08 
9.7 1.688 2.1911e-08 
9.7 1.692 4.12446e-09 
9.7 1.696 2.39022e-10 
9.71 1.68 1.52601e-08 
9.71 1.684 7.47434e-08 
9.71 1.688 3.97239e-08 
9.71 1.692 5.84627e-09 
9.71 1.696 2.37498e-10 
9.72 1.68 5.74399e-08 
9.72 1.684 1.63721e-07 
9.72 1.688 5.65323e-08 
9.72 1.692 5.46751e-09 
9.72 1.696 1.51381e-10 
9.73 1.68 3.59553e-07 
9.73 1.684 3.20113e-07 
9.73 1.688 7.71017e-08 
9.73 1.692 5.86424e-09 
9.73 1.696 1.0993e-10 
9.74 1.68 9.37072e-07 
9.74 1.684 5.3483e-07 
9.74 1.688 8.35424e-08 
9.74 1.692 4.80148e-09 
9.75 1.676 7.55582e-07 
9.75 1.68 2.09235e-06 
9.75 1.684 6.99697e-07 
9.75 1.688 9.71649e-08 
9.75 1.692 2.90255e-09 
9.76 1.676 3.80658e-06 
9.76 1.68 3.64714e-06 
9.76 1.684 8.28176e-07 
9.76 1.688 7.5369e-08 
9.76 1.692 1.60852e-09 
9.77 1.672 3.2819e-07 
9.77 1.676 1.02061e-05 
9.77 1.68 5.16455e-06 
9.77 1.684 1.01212e-06 
9.77 1.688 5.42665e-08 
9.77 1.692 8.81597e-10 
9.78 1.672 9.03959e-06 
9.78 1.676 1.67135e-05 
9.78 1.68 7.31075e-06 
9.78 1.684 9.46845e-07 
9.78 1.688 3.35143e-08 
9.78 1.692 5.17306e-10 
9.79 1.668 3.15754e-06 
9.79 1.672 2.40496e-05 
9.79 1.676 2.54443e-05 
9.79 1.68 8.87355e-06 
9.79 1.684 7.97423e-07 
9.79 1.688 2.45197e-08 
9.79 1.692 2.26161e-10 
9.8 1.668 1.77567e-05 
9.8 1.672 5.87312e-05 
9.8 1.676 4.7046e-05 
9.8 1.68 9.30922e-06 
9.8 1.684 4.47346e-07 
9.8 1.688 1.33066e-08 
9.81 1.668 4.74427e-05 
9.81 1.672 0.000105437 
9.81 1.676 5.24922e-05 
9.81 1.68 8.91846e-06 
9.81 1.684 3.57634e-07 
9.81 1.688 4.96225e-09 
9.82 1.664 1.41669e-05 
9.82 1.668 0.000165548 
9.82 1.672 0.000177637 
9.82 1.676 4.48121e-05 
9.82 1.68 6.42288e-06 
9.82 1.684 1.85281e-07 
9.82 1.688 2.1378e-09 
9.83 1.664 6.05661e-05 
9.83 1.668 0.000278492 
9.83 1.672 0.000207294 
9.83 1.676 5.85905e-05 
9.83 1.68 3.86246e-06 
9.83 1.684 1.00906e-07 
9.83 1.688 7.72653e-10 
9.84 1.664 0.000276449 
9.84 1.668 0.000469731 
9.84 1.672 0.000288476 
9.84 1.676 5.66618e-05 
9.84 1.68 2.51975e-06 
9.84 1.684 4.67454e-08 
9.84 1.688 2.56576e-10 
9.85 1.66 7.28645e-05 
9.85 1.664 0.000636115 
9.85 1.668 0.000703265 
9.85 1.672 0.000338381 
9.85 1.676 3.80886e-05 
9.85 1.68 1.35941e-06 
9.85 1.684 1.85878e-08 
9.86 1.66 0.000165105 
9.86 1.664 0.00108894 
9.86 1.668 0.000869347 
9.86 1.672 0.000304225 
9.86 1.676 2.28796e-05 
9.86 1.68 6.57447e-07 
9.86 1.684 5.68106e-09 
9.87 1.66 0.000842861 
9.87 1.664 0.00183805 
9.87 1.668 0.000933664 
9.87 1.672 0.000247129 
9.87 1.676 1.23771e-05 
9.87 1.68 3.30462e-07 
9.87 1.684 1.7166e-09 
9.88 1.656 0.000250109 
9.88 1.66 0.00172137 
9.88 1.664 0.00255169 
9.88 1.668 0.00104637 
9.88 1.672 0.000163584 
9.88 1.676 6.29342e-06 
9.88 1.68 1.26403e-07 
9.88 1.684 5.45982e-10 
9.89 1.656 0.000588302 
9.89 1.66 0.00364723 
9.89 1.664 0.0029612 
9.89 1.668 0.00109028 
9.89 1.672 8.66665e-05 
9.89 1.676 2.80578e-06 
9.89 1.68 3.06746e-08 
9.9 1.652 5.80774e-05 
9.9 1.656 0.00177502 
9.9 1.66 0.00568836 
9.9 1.664 0.00335343 
9.9 1.668 0.000759084 
9.9 1.672 5.42837e-05 
9.9 1.676 1.32466e-06 
9.9 1.68 9.32304e-09 
9.91 1.652 0.000333648 
9.91 1.656 0.00464028 
9.91 1.66 0.00576403 
9.91 1.664 0.00339272 
9.91 1.668 0.000527176 
9.91 1.672 2.83877e-05 
9.91 1.676 6.06736e-07 
9.91 1.68 9.22792e-10 
9.92 1.652 0.00165672 
9.92 1.656 0.00866099 
9.92 1.66 0.00723404 
9.92 1.664 0.00325784 
9.92 1.668 0.000281077 
9.92 1.672 1.21425e-05 
9.92 1.676 1.66717e-07 
9.93 1.648 0.000582658 
9.93 1.652 0.00365615 
9.93 1.656 0.00883097 
9.93 1.66 0.00702615 
9.93 1.664 0.00268839 
9.93 1.668 0.000167807 
9.93 1.672 5.21095e-06 
9.93 1.676 3.23479e-08 
9.94 1.648 0.00160404 
9.94 1.652 0.00890715 
9.94 1.656 0.0107035 
9.94 1.66 0.00756347 
9.94 1.664 0.00154424 
9.94 1.668 8.69891e-05 
9.94 1.672 1.85472e-06 
9.94 1.676 2.46411e-09 
9.95 1.644 0.000318389 
9.95 1.648 0.00199498 
9.95 1.652 0.012751 
9.95 1.656 0.0112929 
9.95 1.66 0.00807999 
9.95 1.664 0.000822687 
9.95 1.668 3.41322e-05 
9.95 1.672 4.85907e-07 
9.96 1.64 9.28733e-05 
9.96 1.644 0.000227252 
9.96 1.648 0.00709198 
9.96 1.652 0.0134812 
9.96 1.656 0.0120739 
9.96 1.66 0.00546184 
9.96 1.664 0.000349401 
9.96 1.668 1.43794e-05 
9.96 1.672 1.60794e-07 
9.97 1.64 0.000112712 
9.97 1.644 0.000710656 
9.97 1.648 0.00923543 
9.97 1.652 0.0148242 
9.97 1.656 0.0141851 
9.97 1.66 0.00324868 
9.97 1.664 0.000175134 
9.97 1.668 4.281e-06 
9.97 1.672 8.76613e-09 
9.98 1.636 3.87278e-05 
9.98 1.644 0.00343101 
9.98 1.648 0.0116518 
9.98 1.652 0.0169728 
9.98 1.656 0.0143796 
9.98 1.66 0.00126353 
9.98 1.664 8.09298e-05 
9.98 1.668 1.40737e-06 
9.99 1.64 0.000149174 
9.99 1.644 0.0058314 
9.99 1.648 0.015951 
9.99 1.652 0.0219388 
9.99 1.656 0.0104611 
9.99 1.66 0.000756858 
9.99 1.664 2.52476e-05 
9.99 1.668 2.3259e-07 
10 1.64 0.00111327 
10 1.644 0.00919302 
10 1.648 0.0174114 
10 1.652 0.0233661 
10 1.656 0.00510078 
10 1.66 0.000330812 
10 1.664 8.70559e-06 
10 1.668 2.84404e-08 
10.01 1.64 0.00267124 
10.01 1.644 0.0121177 
10.01 1.648 0.0221757 
10.01 1.652 0.0207475 
10.01 1.656 0.00260018 
10.01 1.66 0.000104318 
10.01 1.664 1.87682e-06 
10.02 1.636 8.33676e-05 
10.02 1.64 0.00458593 
10.02 1.644 0.0179324 
10.02 1.648 0.024518 
10.02 1.652 0.0142832 
10.02 1.656 0.00108179 
10.02 1.66 4.62374e-05 
10.02 1.664 4.45926e-07 
10.03 1.632 3.34199e-05 
10.03 1.636 0.000714705 
10.03 1.64 0.0074312 
10.03 1.644 0.0200307 
10.03 1.648 0.0276394 
10.03 1.652 0.0071068 
10.03 1.656 0.000483472 
10.03 1.66 1.60897e-05 
10.04 1.636 0.00162393 
10.04 1.64 0.00995647 
10.04 1.644 0.022139 
10.04 1.648 0.0244477 
10.04 1.652 0.00285287 
10.04 1.656 0.000201849 
10.04 1.66 3.59142e-06 
10.05 1.632 9.65424e-05 
10.05 1.636 0.00262246 
10.05 1.64 0.0138435 
10.05 1.644 0.0247681 
10.05 1.648 0.0182512 
10.05 1.652 0.00126367 
10.05 1.656 6.78913e-05 
10.05 1.66 6.82671e-07 
10.06 1.632 0.00030386 
10.06 1.636 0.00460837 
10.06 1.64 0.0129482 
10.06 1.644 0.0267013 
10.06 1.648 0.00892221 
10.06 1.652 0.0006109 
10.06 1.656 2.18781e-05 
10.06 1.66 7.69827e-08 
10.07 1.628 8.08845e-06 
10.07 1.632 0.000531798 
10.07 1.636 0.00636047 
10.07 1.64 0.0139224 
10.07 1.644 0.0235164 
10.07 1.648 0.00286806 
10.07 1.652 0.000221876 
10.07 1.656 5.49487e-06 
10.08 1.628 6.0212e-05 
10.08 1.632 0.00141614 
10.08 1.636 0.00699218 
10.08 1.64 0.0167226 
10.08 1.644 0.0145021 
10.08 1.648 0.00138984 
10.08 1.652 8.36883e-05 
10.08 1.656 9.92247e-07 
10.09 1.628 0.000183686 
10.09 1.632 0.00260854 
10.09 1.636 0.00689229 
10.09 1.64 0.0189226 
10.09 1.644 0.00739327 
10.09 1.648 0.000468736 
10.09 1.652 2.79724e-05 
10.09 1.656 1.12308e-07 
10.1 1.624 8.79091e-06 
10.1 1.628 0.000254551 
10.1 1.632 0.00346608 
10.1 1.636 0.00832402 
10.1 1.64 0.0163315 
10.1 1.644 0.00278356 
10.1 1.648 0.000215455 
10.1 1.652 6.43533e-06 
10.11 1.624 2.94995e-05 
10.11 1.628 0.000645005 
10.11 1.632 0.00391497 
10.11 1.636 0.0101984 
10.11 1.64 0.0105456 
10.11 1.644 0.000773648 
10.11 1.648 6.83416e-05 
10.11 1.652 1.2692e-06 
10.12 1.62 1.64401e-06 
10.12 1.624 5.54495e-05 
10.12 1.628 0.00085548 
10.12 1.632 0.0040616 
10.12 1.636 0.0104471 
10.12 1.64 0.0054858 
10.12 1.644 0.00037093 
10.12 1.648 1.64425e-05 
10.13 1.62 1.64526e-06 
10.13 1.624 9.86074e-05 
10.13 1.628 0.00130769 
10.13 1.632 0.00422107 
10.13 1.636 0.00974008 
10.13 1.64 0.00198334 
10.13 1.644 0.000107727 
10.13 1.648 3.7005e-06 
10.14 1.62 8.86635e-06 
10.14 1.624 0.000149922 
10.14 1.628 0.00182709 
10.14 1.632 0.00473632 
10.14 1.636 0.00677884 
10.14 1.64 0.000653822 
10.14 1.644 4.89937e-05 
10.14 1.648 7.58325e-07 
