#[M/H] PDF
-0.560000 0.000000
-0.540000 0.000003
-0.520000 0.000025
-0.500000 0.000137
-0.480000 0.000522
-0.460000 0.001508
-0.440000 0.003534
-0.420000 0.007208
-0.400000 0.013076
-0.380000 0.021607
-0.360000 0.033041
-0.340000 0.046917
-0.320000 0.062538
-0.300000 0.078079
-0.280000 0.091202
-0.270000 0.049404
-0.260000 0.050556
-0.250000 0.050443
-0.240000 0.050468
-0.230000 0.049853
-0.220000 0.048245
-0.210000 0.045887
-0.200000 0.043128
-0.190000 0.039737
-0.180000 0.035887
-0.170000 0.032057
-0.160000 0.027968
-0.150000 0.024036
-0.140000 0.020434
-0.130000 0.016992
-0.120000 0.013917
-0.110000 0.011198
-0.100000 0.008857
-0.090000 0.006925
-0.080000 0.005351
-0.070000 0.004037
-0.050000 0.003008
-0.040000 0.002214
