#logm PDFlogm m(Ms) PDF
-0.04103 2.11209e-06 0.90985 1.00815e-06
-0.03903 8.5417e-06 0.91405 4.05844e-06
-0.03703 1.82009e-05 0.918269 8.60811e-06
-0.03503 9.92988e-05 0.922508 4.67475e-05
-0.03303 0.000304757 0.926766 0.000142813
-0.03103 0.000330169 0.931044 0.00015401
-0.02903 0.000629016 0.935341 0.000292063
-0.02703 0.000880259 0.939658 0.000406841
-0.02503 0.000848709 0.943996 0.000390457
-0.02303 0.00112674 0.948353 0.000515985
-0.02103 0.00105713 0.95273 0.000481883
-0.01903 0.0010203 0.957128 0.000462957
-0.01703 0.00121944 0.961546 0.000550774
-0.01503 0.00137037 0.965984 0.000616103
-0.01303 0.00141033 0.970443 0.000631153
-0.01103 0.00153276 0.974922 0.000682794
-0.00902998 0.00186269 0.979422 0.000825952
-0.00703001 0.00197957 0.983943 0.000873748
-0.00503001 0.00201357 0.988485 0.000884668
-0.00303 0.00235638 0.993047 0.00103053
-0.00103 0.00201041 0.997631 0.000875183
0.000970006 0.00244339 1.00224 0.00105878
0.00297001 0.00239672 1.00686 0.00103379
0.00497001 0.00228831 1.01151 0.000982492
0.00697002 0.00245393 1.01618 0.00104876
0.00896999 0.00221333 1.02087 0.000941586
0.01097 0.00254473 1.02558 0.00107759
0.01297 0.0024954 1.03031 0.00105185
0.01497 0.00240384 1.03507 0.0010086
0.01697 0.00269127 1.03985 0.00112401
0.01897 0.00238028 1.04465 0.000989563
0.02097 0.00280026 1.04947 0.00115881
0.02297 0.00253163 1.05431 0.00104283
0.02497 0.00284923 1.05918 0.00116827
0.02697 0.00253509 1.06407 0.00103468
0.02897 0.00281609 1.06898 0.00114409
0.03097 0.00305985 1.07392 0.00123741
0.03297 0.00288523 1.07887 0.00116143
0.03497 0.0032059 1.08385 0.00128459
0.03697 0.00297065 1.08885 0.00118486
0.03897 0.00329771 1.09388 0.00130926
0.04097 0.00318455 1.09893 0.00125853
0.04297 0.00349728 1.104 0.00137577
0.04497 0.00339029 1.1091 0.00132755
0.04697 0.00371238 1.11422 0.00144699
0.04897 0.00387458 1.11936 0.00150328
0.05097 0.00411973 1.12453 0.00159105
0.05297 0.00423602 1.12972 0.00162844
0.05497 0.00435978 1.13493 0.00166832
0.05697 0.00440031 1.14017 0.00167609
0.05897 0.00440858 1.14543 0.00167153
0.06097 0.00454412 1.15072 0.001715
0.06297 0.00491881 1.15603 0.00184788
0.06497 0.00479375 1.16137 0.00179263
0.06697 0.00480472 1.16673 0.00178847
0.06897 0.00516853 1.17211 0.00191506
0.07097 0.00535002 1.17752 0.00197319
0.07297 0.00573328 1.18296 0.00210483
0.07497 0.0055945 1.18842 0.00204445
0.07697 0.00545285 1.19391 0.00198352
0.07897 0.00609209 1.19942 0.00220588
0.08097 0.00613409 1.20495 0.00221088
0.08297 0.00658558 1.21051 0.0023627
0.08497 0.00650342 1.2161 0.0023225
0.08697 0.00654058 1.22172 0.00232504
0.08897 0.00654966 1.22735 0.00231757
0.09097 0.00651556 1.23302 0.00229491
0.09297 0.00690616 1.23871 0.00242131
0.09497 0.0073244 1.24443 0.00255615
0.09697 0.007788 1.25017 0.00270545
0.09897 0.00744137 1.25594 0.00257316
0.10097 0.00783069 1.26174 0.00269535
0.10297 0.00757861 1.26756 0.00259659
0.10497 0.00741691 1.27342 0.00252952
0.10697 0.00774369 1.27929 0.00262883
0.10897 0.00802455 1.2852 0.00271166
0.11097 0.00819505 1.29113 0.00275655
0.11297 0.00849649 1.29709 0.00284481
0.11497 0.00850895 1.30308 0.0028359
0.11697 0.00880608 1.30909 0.00292144
0.11897 0.00897679 1.31513 0.00296439
0.12097 0.00813314 1.3212 0.00267345
0.12297 0.00871889 1.3273 0.00285283
0.12497 0.00904252 1.33343 0.00294513
0.12697 0.00873158 1.33958 0.00283079
0.12897 0.00923812 1.34577 0.00298125
0.13097 0.00947488 1.35198 0.0030436
0.13297 0.00953835 1.35822 0.00304991
0.13497 0.0098345 1.36449 0.00313016
0.13697 0.010476 1.37079 0.00331903
0.13897 0.010327 1.37711 0.00325677
0.14097 0.00951297 1.38347 0.00298628
0.14297 0.00977844 1.38986 0.00305551
0.14497 0.00985692 1.39627 0.00306588
0.14697 0.00990275 1.40272 0.00306598
0.14897 0.00977749 1.40919 0.00301329
0.15097 0.0105657 1.4157 0.00324124
0.15297 0.010271 1.42223 0.00313638
0.15497 0.0112045 1.4288 0.00340572
0.15697 0.0108229 1.43539 0.00327459
0.15897 0.0101291 1.44202 0.00305059
0.16097 0.0100569 1.44867 0.00301495
0.16297 0.0102934 1.45536 0.00307166
0.16497 0.00998202 1.46208 0.00296506
0.16697 0.0107293 1.46882 0.00317238
0.16897 0.0102288 1.4756 0.00301051
0.17097 0.0101863 1.48242 0.00298422
0.17297 0.0108314 1.48926 0.00315862
0.17497 0.0109886 1.49613 0.00318976
0.17697 0.0108652 1.50304 0.00313943
0.17897 0.0101636 1.50998 0.00292321
0.18097 0.0100363 1.51695 0.00287333
0.18297 0.0102439 1.52395 0.00291932
0.18497 0.00998805 1.53098 0.00283331
0.18697 0.00997302 1.53805 0.00281605
0.18897 0.00989723 1.54515 0.00278181
0.19097 0.0099026 1.55228 0.00277053
0.19297 0.00970849 1.55944 0.00270375
0.19497 0.00972053 1.56664 0.00269466
0.19697 0.0096378 1.57387 0.00265945
0.19897 0.00926683 1.58114 0.00254534
0.20097 0.0099968 1.58844 0.00273323
0.20297 0.00932341 1.59577 0.0025374
0.20497 0.00923483 1.60313 0.00250174
0.20697 0.00879716 1.61053 0.00237223
0.20897 0.00851699 1.61797 0.00228613
0.21097 0.00837951 1.62544 0.00223889
0.21297 0.00854371 1.63294 0.00227227
0.21497 0.00848322 1.64048 0.00224582
0.21697 0.00847387 1.64805 0.00223304
0.21897 0.00903414 1.65566 0.00236974
0.22097 0.00828533 1.6633 0.00216334
0.22297 0.00850267 1.67098 0.00220988
0.22497 0.00795148 1.67869 0.00205713
0.22697 0.00785634 1.68644 0.00202318
0.22897 0.00686227 1.69422 0.00175907
0.23097 0.00717557 1.70204 0.00183093
0.23297 0.00738937 1.7099 0.00187682
0.23497 0.00606744 1.71779 0.00153398
0.23697 0.0070097 1.72572 0.00176406
0.23897 0.00580303 1.73368 0.00145368
0.24097 0.00622282 1.74169 0.00155168
0.24297 0.00557929 1.74973 0.00138482
0.24497 0.00533073 1.7578 0.00131705
0.24697 0.00508017 1.76592 0.00124937
0.24897 0.00510324 1.77407 0.00124928
0.25097 0.0049846 1.78226 0.00121463
0.25297 0.00493201 1.79048 0.0011963
0.25497 0.00478212 1.79875 0.00115461
0.25697 0.00534206 1.80705 0.00128388
0.25897 0.00475875 1.81539 0.00113843
0.26097 0.00459241 1.82377 0.00109359
0.26297 0.00418647 1.83219 0.000992345
0.26497 0.00442823 1.84064 0.00104483
0.26697 0.00387198 1.84914 0.000909384
0.26897 0.00374742 1.85768 0.000876085
0.27097 0.00389766 1.86625 0.000907022
0.27297 0.00312964 1.87486 0.000724951
0.27497 0.00341871 1.88352 0.000788273
0.27697 0.00296801 1.89221 0.000681207
0.27897 0.00285667 1.90095 0.000652641
0.28097 0.00263342 1.90972 0.000598872
0.28297 0.00258384 1.91854 0.000584897
0.28497 0.00251912 1.92739 0.000567628
0.28697 0.00221584 1.93629 0.000496995
0.28897 0.00222271 1.94523 0.000496247
0.29097 0.00209051 1.9542 0.000464587
0.29297 0.00197591 1.96322 0.0004371
0.29497 0.00176732 1.97229 0.000389162
0.29697 0.00191351 1.98139 0.000419415
0.29897 0.00153748 1.99054 0.000335447
0.30097 0.00151628 1.99972 0.000329301
0.30297 0.00155377 2.00895 0.000335892
0.30497 0.00130544 2.01823 0.000280913
0.30697 0.00139128 2.02754 0.000298009
0.30897 0.00109229 2.0369 0.000232892
0.31097 0.00114403 2.0463 0.000242802
0.31297 0.00101366 2.05575 0.000214144
0.31497 0.00104001 2.06524 0.000218702
0.31697 0.000783904 2.07477 0.000164088
0.31897 0.000376305 2.08435 7.84069e-05
0.32097 0.000101226 2.09397 2.09946e-05
0.32297 0.000123204 2.10363 2.54354e-05
0.32497 0.000118251 2.11334 2.43008e-05
0.32697 8.18468e-05 2.1231 1.67423e-05
0.32897 9.85079e-05 2.1329 2.00579e-05
0.33097 9.94723e-05 2.14274 2.01612e-05
0.33297 7.84807e-05 2.15263 1.58335e-05
0.33497 8.16684e-05 2.16257 1.64009e-05
0.33697 6.99121e-05 2.17255 1.39755e-05
0.33897 7.15149e-05 2.18258 1.42302e-05
0.34097 6.29966e-05 2.19265 1.24776e-05
0.34297 5.38404e-05 2.20277 1.06151e-05
0.34497 5.44973e-05 2.21294 1.06952e-05
0.34697 4.63472e-05 2.22316 9.05395e-06
0.34897 4.65527e-05 2.23342 9.0523e-06
0.35097 3.65018e-05 2.24373 7.06527e-06
0.35297 3.66879e-05 2.25408 7.06867e-06
0.35497 3.26083e-05 2.26449 6.25377e-06
0.35697 2.70806e-05 2.27494 5.16978e-06
0.35897 2.45109e-05 2.28544 4.65773e-06
0.36097 1.99249e-05 2.29599 3.76887e-06
0.36297 2.05428e-05 2.30659 3.8679e-06
0.36497 1.66005e-05 2.31723 3.11126e-06
0.36697 1.52791e-05 2.32793 2.85044e-06
0.36897 1.41166e-05 2.33868 2.62146e-06
0.37097 1.28147e-05 2.34947 2.36878e-06
0.37297 1.04708e-05 2.36032 1.92662e-06
0.37497 1.01616e-05 2.37121 1.86113e-06
0.37697 9.07823e-06 2.38216 1.65507e-06
0.37897 7.44187e-06 2.39315 1.35051e-06
0.38097 7.51087e-06 2.4042 1.35676e-06
0.38297 5.23239e-06 2.41529 9.40836e-07
0.38497 6.6545e-06 2.42644 1.19105e-06
0.38697 4.26916e-06 2.43764 7.606e-07
0.38897 4.66391e-06 2.44889 8.27113e-07
0.39097 3.291e-06 2.4602 5.80955e-07
0.39297 2.79547e-06 2.47155 4.91213e-07
0.39497 2.53431e-06 2.48296 4.43276e-07
0.39697 2.57191e-06 2.49442 4.47785e-07
0.39897 2.11418e-06 2.50594 3.664e-07
0.40097 1.74808e-06 2.5175 3.01562e-07
0.40297 1.57036e-06 2.52912 2.69658e-07
0.40497 2.06787e-06 2.5408 3.53458e-07
0.40697 1.52476e-06 2.55252 2.59428e-07
0.40897 1.35687e-06 2.56431 2.29801e-07
0.41097 1.39784e-06 2.57614 2.35652e-07
0.41297 8.43715e-07 2.58803 1.41583e-07
0.41497 1.12612e-06 2.59998 1.88104e-07
0.41697 6.82416e-07 2.61198 1.13465e-07
0.41897 5.98642e-07 2.62404 9.9079e-08
0.42097 8.50367e-07 2.63615 1.40094e-07
0.42297 1.96235e-07 2.64832 3.21803e-08
0.42497 6.41223e-07 2.66054 1.0467e-07
0.42697 2.41314e-07 2.67282 3.921e-08
0.42897 3.26212e-07 2.68516 5.27611e-08
0.43097 3.20203e-07 2.69755 5.15512e-08
0.43297 1.03135e-07 2.71 1.6528e-08
0.43497 2.83626e-07 2.72251 4.52439e-08
0.43697 2.83536e-08 2.73508 4.50218e-09
0.43897 1.65946e-07 2.7477 2.6229e-08
0.44097 8.60973e-08 2.76039 1.35458e-08
0.44297 4.68948e-08 2.77313 7.34411e-09
0.44497 8.72925e-08 2.78593 1.36079e-08
0.44697 5.43856e-09 2.79879 8.43914e-10
0.44897 5.31676e-08 2.81171 8.21223e-09
0.45097 2.6452e-08 2.82469 4.06699e-09
0.45297 1.0055e-08 2.83772 1.53885e-09
0.45497 2.32481e-08 2.85082 3.54162e-09
0.45897 1.31181e-08 2.8772 1.9801e-09
0.46097 2.5192e-09 2.89048 3.78509e-10
0.46297 3.78296e-09 2.90382 5.65778e-10
0.46497 3.48728e-09 2.91723 5.1916e-10
0.46897 1.77065e-09 2.94422 2.61185e-10
