#logm PDFlogm m(Ms) PDF
-0.07903 5.82796e-09 0.833624 3.03621e-09
-0.07703 1.48219e-06 0.837471 7.68633e-07
-0.07503 9.40381e-06 0.841337 4.8542e-06
-0.07303 3.9219e-05 0.84522 2.01517e-05
-0.07103 0.000155386 0.849122 7.94743e-05
-0.06903 0.000482857 0.853041 0.000245829
-0.06703 0.000822957 0.856979 0.000417053
-0.06503 0.00176921 0.860934 0.000892469
-0.06303 0.00342438 0.864908 0.00171948
-0.06103 0.00482491 0.8689 0.00241159
-0.05903 0.00764088 0.872911 0.00380152
-0.05703 0.0109679 0.87694 0.00543175
-0.05503 0.0179168 0.880988 0.00883234
-0.05303 0.0167809 0.885054 0.00823435
-0.05103 0.0199259 0.88914 0.00973265
-0.04903 0.0299479 0.893244 0.0145606
-0.04703 0.024612 0.897367 0.0119113
-0.04503 0.0260616 0.901509 0.012555
-0.04303 0.0289994 0.90567 0.013906
-0.04103 0.0297662 0.90985 0.0142081
-0.03903 0.0265908 0.91405 0.0126341
-0.03703 0.0306331 0.918269 0.0144879
-0.03503 0.0289244 0.922508 0.0136169
-0.03303 0.0259033 0.926766 0.0121386
-0.03103 0.0269033 0.931044 0.0125493
-0.02903 0.0281932 0.935341 0.0130906
-0.02703 0.0234441 0.939658 0.0108355
-0.02503 0.0228537 0.943996 0.0105141
-0.02303 0.0261531 0.948353 0.0119767
-0.02103 0.0223894 0.95273 0.010206
-0.01903 0.0222938 0.957128 0.0101157
-0.01703 0.0215773 0.961546 0.00974565
-0.01503 0.0238452 0.965984 0.0107205
-0.01303 0.0182766 0.970443 0.00817918
-0.01103 0.0211961 0.974922 0.00944214
-0.00902998 0.019304 0.979422 0.00855977
-0.00703001 0.0178003 0.983943 0.00785673
-0.00503001 0.017052 0.988485 0.00749187
-0.00303 0.016008 0.993047 0.00700087
-0.00103 0.0165283 0.997631 0.00719521
0.000970006 0.0148187 1.00224 0.00642132
0.00297001 0.0152934 1.00686 0.00659657
0.00497001 0.0130314 1.01151 0.00559507
0.00697002 0.0130282 1.01618 0.00556799
0.00896999 0.012006 1.02087 0.00510756
0.01097 0.0120297 1.02558 0.00509413
0.01297 0.0123502 1.03031 0.00520579
0.01497 0.011624 1.03507 0.00487718
0.01697 0.0112626 1.03985 0.00470385
0.01897 0.0103613 1.04465 0.00430755
0.02097 0.010025 1.04947 0.00414857
0.02297 0.00970795 1.05431 0.00399891
0.02497 0.00882711 1.05918 0.00361937
0.02697 0.00873404 1.06407 0.00356475
0.02897 0.0081322 1.06898 0.00330387
0.03097 0.00780673 1.07392 0.00315706
0.03297 0.00728262 1.07887 0.00293158
0.03497 0.00728547 1.08385 0.00291925
0.03697 0.00713038 1.08885 0.00284398
0.03897 0.00654847 1.09388 0.00259988
0.04097 0.00631479 1.09893 0.00249559
0.04297 0.00616716 1.104 0.00242605
0.04497 0.0056924 1.1091 0.002229
0.04697 0.00563964 1.11422 0.00219819
0.04897 0.00502556 1.11936 0.00194984
0.05097 0.00527309 1.12453 0.00203648
0.05297 0.00461595 1.12972 0.0017745
0.05497 0.00470937 1.13493 0.00180209
0.05697 0.00406714 1.14017 0.00154919
0.05897 0.00418074 1.14543 0.00158514
0.06097 0.00357807 1.15072 0.0013504
0.06297 0.00367639 1.15603 0.00138113
0.06497 0.00322086 1.16137 0.00120444
0.06697 0.00328982 1.16673 0.00122458
0.06897 0.00316818 1.17211 0.00117388
0.07097 0.00290183 1.17752 0.00107025
0.07297 0.00280453 1.18296 0.00102961
0.07497 0.0025437 1.18842 0.000929565
0.07697 0.00258187 1.19391 0.000939181
0.07897 0.00226984 1.19942 0.000821881
0.08097 0.00212715 1.20495 0.000766675
0.08297 0.00195055 1.21051 0.000699795
0.08497 0.00191313 1.2161 0.000683218
0.08697 0.00175169 1.22172 0.000622689
0.08897 0.00165041 1.22735 0.00058399
0.09097 0.00155165 1.23302 0.000546521
0.09297 0.0015044 1.23871 0.000527444
0.09497 0.00135674 1.24443 0.00047349
0.09697 0.00128253 1.25017 0.000445535
0.09897 0.00115877 1.25594 0.000400693
0.10097 0.00113217 1.26174 0.000389697
0.10297 0.00103163 1.26756 0.000353458
0.10497 0.000991326 1.27342 0.000338089
0.10697 0.000886417 1.27929 0.000300921
0.10897 0.00085004 1.2852 0.000287246
0.11097 0.000756072 1.29113 0.000254318
0.11297 0.000748627 1.29709 0.000250657
0.11497 0.000683433 1.30308 0.000227777
0.11697 0.000632957 1.30909 0.000209985
0.11897 0.000591593 1.31513 0.000195361
0.12097 0.000540436 1.3212 0.000177647
0.12297 0.000498392 1.3273 0.000163074
0.12497 0.00046462 1.33343 0.000151326
0.12697 0.000427492 1.33958 0.000138593
0.12897 0.000388812 1.34577 0.000125474
0.13097 0.00036625 1.35198 0.00011765
0.13297 0.000326859 1.35822 0.000104514
0.13497 0.000307856 1.36449 9.79856e-05
0.13697 0.000282303 1.37079 8.94396e-05
0.13897 0.000257889 1.37711 8.13293e-05
0.14097 0.000239052 1.38347 7.50425e-05
0.14297 0.000207582 1.38986 6.4864e-05
0.14497 0.000205946 1.39627 6.40571e-05
0.14697 0.000177096 1.40272 5.48306e-05
0.14897 0.000167226 1.40919 5.15368e-05
0.15097 0.000148925 1.4157 4.56858e-05
0.15297 0.000137454 1.42223 4.19732e-05
0.15497 0.000122145 1.4288 3.71269e-05
0.15697 0.000117533 1.43539 3.55612e-05
0.15897 0.000100895 1.44202 3.03868e-05
0.16097 9.32162e-05 1.44867 2.79451e-05
0.16297 8.61884e-05 1.45536 2.57195e-05
0.16497 7.72382e-05 1.46208 2.29428e-05
0.16697 6.78265e-05 1.46882 2.00546e-05
0.16897 6.40303e-05 1.4756 1.88452e-05
0.17097 5.83084e-05 1.48242 1.70823e-05
0.17297 5.09803e-05 1.48926 1.48668e-05
0.17497 4.65421e-05 1.49613 1.35101e-05
0.17697 4.2983e-05 1.50304 1.24197e-05
0.17897 3.73449e-05 1.50998 1.0741e-05
0.18097 3.4103e-05 1.51695 9.76353e-06
0.18297 3.12278e-05 1.52395 8.89929e-06
0.18497 2.71229e-05 1.53098 7.69396e-06
0.18697 2.47169e-05 1.53805 6.97923e-06
0.18897 2.23265e-05 1.54515 6.27531e-06
0.19097 1.92395e-05 1.55228 5.38281e-06
0.19297 1.75632e-05 1.55944 4.89122e-06
0.19497 1.77677e-05 1.56664 4.92544e-06
0.19697 1.54847e-05 1.57387 4.27285e-06
0.19897 1.2395e-05 1.58114 3.40455e-06
0.20097 1.11048e-05 1.58844 3.03617e-06
0.20297 9.65423e-06 1.59577 2.62743e-06
0.20497 8.28771e-06 1.60313 2.24517e-06
0.20697 7.46565e-06 1.61053 2.01318e-06
0.20897 6.93174e-06 1.61797 1.86062e-06
0.21097 5.9699e-06 1.62544 1.59508e-06
0.21297 5.51038e-06 1.63294 1.46553e-06
0.21497 5.26407e-06 1.64048 1.39359e-06
0.21697 4.38836e-06 1.64805 1.15642e-06
0.21897 4.06833e-06 1.65566 1.06716e-06
0.22097 3.71832e-06 1.6633 9.70871e-07
0.22297 2.94377e-06 1.67098 7.65101e-07
0.22497 2.58041e-06 1.67869 6.67579e-07
0.22697 2.48037e-06 1.68644 6.38751e-07
0.22897 1.63545e-06 1.69422 4.19229e-07
0.23097 1.38247e-06 1.70204 3.52751e-07
0.23297 1.33877e-06 1.7099 3.40032e-07
0.23497 1.03928e-06 1.71779 2.62753e-07
0.23697 8.54307e-07 1.72572 2.14995e-07
0.23897 9.19891e-07 1.73368 2.30436e-07
0.24097 5.57657e-07 1.74169 1.39053e-07
0.24297 6.05478e-07 1.74973 1.50284e-07
0.24497 4.3809e-07 1.7578 1.08238e-07
0.24697 3.71496e-07 1.76592 9.13626e-08
0.24897 3.37898e-07 1.77407 8.27179e-08
0.25097 2.93196e-07 1.78226 7.14452e-08
0.25297 1.95323e-07 1.79048 4.7377e-08
0.25497 2.04168e-07 1.79875 4.9295e-08
0.25697 1.86502e-07 1.80705 4.48226e-08
0.25897 1.62865e-07 1.81539 3.89621e-08
0.26097 1.40629e-07 1.82377 3.3488e-08
0.26297 1.10272e-07 1.83219 2.61383e-08
0.26497 8.81062e-08 1.84064 2.07884e-08
0.26697 7.83711e-08 1.84914 1.84065e-08
0.26897 6.50746e-08 1.85768 1.52134e-08
0.27097 4.15254e-08 1.86625 9.66335e-09
0.27297 3.33453e-08 1.87486 7.72412e-09
0.27497 1.86722e-08 1.88352 4.30535e-09
0.27697 1.49952e-08 1.89221 3.44166e-09
0.27897 1.19579e-08 1.90095 2.73192e-09
0.28097 3.5474e-09 1.90972 8.06723e-10
0.28297 7.15597e-09 1.91854 1.61988e-09
0.28497 2.48196e-09 1.92739 5.59255e-10
0.28697 2.52648e-09 1.93629 5.6667e-10
0.28897 1.79686e-09 1.94523 4.01171e-10
