#logm PDFlogm m(Ms) PDF
-0.06503 4.28801e-08 0.860934 2.16307e-08
-0.06303 3.55748e-07 0.864908 1.78631e-07
-0.06103 2.10455e-06 0.8689 1.0519e-06
-0.05903 2.55705e-05 0.872911 1.2722e-05
-0.05703 0.000113231 0.87694 5.60763e-05
-0.05503 0.000391172 0.880988 0.000192833
-0.05303 0.000604243 0.885054 0.000296501
-0.05103 0.00131459 0.88914 0.000642101
-0.04903 0.00299214 0.893244 0.00145477
-0.04703 0.00418836 0.897367 0.00202702
-0.04503 0.00758295 0.901509 0.00365303
-0.04303 0.00699283 0.90567 0.00335326
-0.04103 0.0139801 0.90985 0.00667307
-0.03903 0.0134557 0.91405 0.00639326
-0.03703 0.0197381 0.918269 0.0093351
-0.03503 0.0212731 0.922508 0.0100149
-0.03303 0.0308155 0.926766 0.0144405
-0.03103 0.032776 0.931044 0.0152887
-0.02903 0.0374632 0.935341 0.0173948
-0.02703 0.0402022 0.939658 0.0185808
-0.02503 0.0443848 0.943996 0.0204197
-0.02303 0.0387432 0.948353 0.0177423
-0.02103 0.0483827 0.95273 0.0220549
-0.01903 0.037516 0.957128 0.0170228
-0.01703 0.0462658 0.961546 0.0208965
-0.01503 0.0452249 0.965984 0.0203325
-0.01303 0.0391073 0.970443 0.0175014
-0.01103 0.0488449 0.974922 0.0217587
-0.00902998 0.0327383 0.979422 0.0145168
-0.00703001 0.0429436 0.983943 0.0189545
-0.00503001 0.0314052 0.988485 0.013798
-0.00303 0.0350752 0.993047 0.0153396
-0.00103 0.0368381 0.997631 0.0160366
0.000970006 0.0246769 1.00224 0.0106931
0.00297001 0.032696 1.00686 0.0141029
0.00497001 0.0206328 1.01151 0.00885877
0.00697002 0.0259768 1.01618 0.011102
0.00896999 0.019332 1.02087 0.00822415
0.01097 0.0181265 1.02558 0.00767589
0.01297 0.0172432 1.03031 0.00726827
0.01497 0.0118459 1.03507 0.0049703
0.01697 0.0129457 1.03985 0.00540679
0.01897 0.00950114 1.04465 0.00394993
0.02097 0.00915603 1.04947 0.00378897
0.02297 0.0072338 1.05431 0.00297976
0.02497 0.0056125 1.05918 0.00230129
0.02697 0.00482501 1.06407 0.0019693
0.02897 0.00409041 1.06898 0.00166181
0.03097 0.00320171 1.07392 0.00129478
0.03297 0.00292642 1.07887 0.00117802
0.03497 0.00211549 1.08385 0.000847666
0.03697 0.00165091 1.08885 0.000658473
0.03897 0.00139325 1.09388 0.000553151
0.04097 0.000938765 1.09893 0.000370998
0.04297 0.000720669 1.104 0.000283498
0.04497 0.000551077 1.1091 0.000215788
0.04697 0.000336559 1.11422 0.000131182
0.04897 0.000279185 1.11936 0.000108319
0.05097 0.000192402 1.12453 7.43062e-05
0.05297 0.000129025 1.12972 4.96009e-05
0.05497 0.000106566 1.13493 4.07786e-05
0.05697 6.49753e-05 1.14017 2.47493e-05
0.05897 3.94653e-05 1.14543 1.49634e-05
0.06097 3.05385e-05 1.15072 1.15255e-05
0.06297 1.60087e-05 1.15603 6.01411e-06
0.06497 1.25276e-05 1.16137 4.6847e-06
0.06697 7.66956e-06 1.16673 2.85486e-06
0.06897 4.04782e-06 1.17211 1.49981e-06
0.07097 2.89096e-06 1.17752 1.06624e-06
0.07297 1.50158e-06 1.18296 5.51268e-07
0.07497 1.04452e-06 1.18842 3.81708e-07
0.07697 5.32068e-07 1.19391 1.93545e-07
0.07897 3.09285e-07 1.19942 1.11989e-07
0.08097 1.82887e-07 1.20495 6.59169e-08
0.08297 9.13659e-08 1.21051 3.27792e-08
0.08497 5.09804e-08 1.2161 1.82061e-08
0.08697 2.88407e-08 1.22172 1.02523e-08
0.08897 1.56703e-08 1.22735 5.54487e-09
0.09097 6.92533e-09 1.23302 2.43924e-09
0.09297 3.79633e-09 1.23871 1.331e-09
0.09497 1.98149e-09 1.24443 6.91524e-10
