#logm PDFlogm m(Ms) PDF
-0.06103 4.49938e-08 0.8689 2.24888e-08
-0.05903 2.1864e-07 0.872911 1.08778e-07
-0.05703 1.35052e-06 0.87694 6.68828e-07
-0.05503 3.52246e-06 0.880988 1.73644e-06
-0.05303 7.56041e-06 0.885054 3.70988e-06
-0.05103 1.77408e-05 0.88914 8.66538e-06
-0.04903 4.50257e-05 0.893244 2.18915e-05
-0.04703 7.34313e-05 0.897367 3.55382e-05
-0.04503 0.000153204 0.901509 7.3805e-05
-0.04303 0.000153536 0.90567 7.36247e-05
-0.04103 0.000358911 0.90985 0.000171317
-0.03903 0.000405271 0.91405 0.000192557
-0.03703 0.000623877 0.918269 0.000295062
-0.03503 0.000912978 0.922508 0.000429808
-0.03303 0.00152562 0.926766 0.000714926
-0.03103 0.00167763 0.931044 0.000782547
-0.02903 0.00216937 0.935341 0.00100727
-0.02703 0.00262035 0.939658 0.00121108
-0.02503 0.00278944 0.943996 0.00128331
-0.02303 0.00299196 0.948353 0.00137015
-0.02103 0.00373582 0.95273 0.00170295
-0.01903 0.00297147 0.957128 0.0013483
-0.01703 0.00421814 0.961546 0.00190518
-0.01503 0.00430292 0.965984 0.00193454
-0.01303 0.0042935 0.970443 0.00192144
-0.01103 0.00533175 0.974922 0.00237511
-0.00902998 0.00439742 0.979422 0.0019499
-0.00703001 0.00578527 0.983943 0.00255351
-0.00503001 0.00476793 0.988485 0.00209481
-0.00303 0.00580801 0.993047 0.00254004
-0.00103 0.00567903 0.997631 0.00247223
0.000970006 0.00568356 1.00224 0.00246283
0.00297001 0.00675206 1.00686 0.0029124
0.00497001 0.00523684 1.01151 0.00224845
0.00697002 0.00680674 1.01618 0.00290906
0.00896999 0.00559173 1.02087 0.00237882
0.01097 0.0065061 1.02558 0.00275509
0.01297 0.00668008 1.03031 0.00281576
0.01497 0.0057404 1.03507 0.00240855
0.01697 0.00693493 1.03985 0.00289639
0.01897 0.00593556 1.04465 0.00246761
0.02097 0.00737581 1.04947 0.00305228
0.02297 0.00736496 1.05431 0.00303378
0.02497 0.00681507 1.05918 0.00279437
0.02697 0.00735214 1.06407 0.00300074
0.02897 0.00717142 1.06898 0.00291353
0.03097 0.00764158 1.07392 0.00309028
0.03297 0.00787657 1.07887 0.00317067
0.03497 0.0074655 1.08385 0.00299139
0.03697 0.00800884 1.08885 0.00319436
0.03897 0.00780574 1.09388 0.00309905
0.04097 0.00798 1.09893 0.00315368
0.04297 0.00894723 1.104 0.00351968
0.04497 0.0075862 1.1091 0.00297056
0.04697 0.00873258 1.11422 0.00340375
0.04897 0.00861102 1.11936 0.00334094
0.05097 0.00904215 1.12453 0.00349209
0.05297 0.00921419 1.12972 0.00354219
0.05497 0.00917652 1.13493 0.0035115
0.05697 0.00962006 1.14017 0.00366431
0.05897 0.0099914 1.14543 0.00378827
0.06097 0.00875082 1.15072 0.00330265
0.06297 0.0105598 1.15603 0.00396707
0.06497 0.00957428 1.16137 0.00358031
0.06697 0.0095062 1.16673 0.00353852
0.06897 0.0106737 1.17211 0.00395486
0.07097 0.0094052 1.17752 0.00346882
0.07297 0.0107132 1.18296 0.00393309
0.07497 0.00983629 1.18842 0.00359456
0.07697 0.0109264 1.19391 0.0039746
0.07897 0.0114376 1.19942 0.00414141
0.08097 0.00983638 1.20495 0.00354527
0.08297 0.0113552 1.21051 0.00407387
0.08497 0.0104241 1.2161 0.00372264
0.08697 0.0104819 1.22172 0.00372609
0.08897 0.0106599 1.22735 0.00377198
0.09097 0.0111582 1.23302 0.00393014
0.09297 0.0113363 1.23871 0.00397452
0.09497 0.0107003 1.24443 0.00373432
0.09697 0.0119652 1.25017 0.00415657
0.09897 0.0103136 1.25594 0.00356634
0.10097 0.0110999 1.26174 0.00382061
0.10297 0.0103491 1.26756 0.00354581
0.10497 0.0111916 1.27342 0.00381685
0.10697 0.0113625 1.27929 0.00385736
0.10897 0.0104663 1.2852 0.00353678
0.11097 0.0108075 1.29113 0.0036353
0.11297 0.0111206 1.29709 0.00372344
0.11497 0.0107171 1.30308 0.00357185
0.11697 0.0111322 1.30909 0.00369313
0.11897 0.0104824 1.31513 0.00346159
0.12097 0.010556 1.3212 0.00346989
0.12297 0.0101901 1.3273 0.00333422
0.12497 0.0106794 1.33343 0.00347826
0.12697 0.00985348 1.33958 0.00319451
0.12897 0.0102658 1.34577 0.0033129
0.13097 0.0102969 1.35198 0.00330767
0.13297 0.00988172 1.35822 0.00315971
0.13497 0.0100316 1.36449 0.00319289
0.13697 0.0100665 1.37079 0.00318928
0.13897 0.0098743 1.37711 0.00311401
0.14097 0.00882694 1.38347 0.00277092
0.14297 0.00949666 1.38986 0.00296746
0.14497 0.00897445 1.39627 0.0027914
0.14697 0.00876964 1.40272 0.00271516
0.14897 0.00869369 1.40919 0.00267928
0.15097 0.00896819 1.4157 0.00275118
0.15297 0.00843212 1.42223 0.00257484
0.15497 0.00898108 1.4288 0.00272987
0.15697 0.00873544 1.43539 0.00264301
0.15897 0.00746132 1.44202 0.00224714
0.16097 0.00772932 1.44867 0.00231716
0.16297 0.00777208 1.45536 0.00231927
0.16497 0.00712688 1.46208 0.00211697
0.16697 0.00716747 1.46882 0.00211924
0.16897 0.0068791 1.4756 0.00202463
0.17097 0.00709767 1.48242 0.00207936
0.17297 0.00674882 1.48926 0.00196808
0.17497 0.00687066 1.49613 0.0019944
0.17697 0.00739591 1.50304 0.00213701
0.17897 0.0057843 1.50998 0.00166366
0.18097 0.00588857 1.51695 0.00168587
0.18297 0.00571331 1.52395 0.00162818
0.18497 0.00528786 1.53098 0.00150001
0.18697 0.00535119 1.53805 0.001511
0.18897 0.00517171 1.54515 0.00145361
0.19097 0.00485284 1.55228 0.00135772
0.19297 0.00486984 1.55944 0.00135622
0.19497 0.00480025 1.56664 0.00133069
0.19697 0.0045119 1.57387 0.00124501
0.19897 0.00431193 1.58114 0.00118437
0.20097 0.00452122 1.58844 0.00123615
0.20297 0.0040681 1.59577 0.00110715
0.20497 0.00384045 1.60313 0.00104039
0.20697 0.00367955 1.61053 0.000992222
0.20897 0.00376716 1.61797 0.00101118
0.21097 0.00324304 1.62544 0.000866495
0.21297 0.00321585 1.63294 0.000855282
0.21497 0.00309317 1.64048 0.000818875
0.21697 0.00308468 1.64805 0.000812875
0.21897 0.00328127 1.65566 0.000860708
0.22097 0.00320921 1.6633 0.00083794
0.22297 0.00304176 1.67098 0.000790568
0.22497 0.00261685 1.67869 0.000677008
0.22697 0.00252679 1.68644 0.000650704
0.22897 0.00219439 1.69422 0.000562508
0.23097 0.00201979 1.70204 0.000515371
0.23297 0.00206682 1.7099 0.000524949
0.23497 0.00176558 1.71779 0.000446377
0.23697 0.00179744 1.72572 0.000452344
0.23897 0.00150592 1.73368 0.00037724
0.24097 0.00164202 1.74169 0.000409442
0.24297 0.00129867 1.74973 0.00032234
0.24497 0.00127032 1.7578 0.000313854
0.24697 0.00124713 1.76592 0.000306709
0.24897 0.00111244 1.77407 0.000272327
0.25097 0.00102065 1.78226 0.000248708
0.25297 0.0010405 1.79048 0.00025238
0.25497 0.000950226 1.79875 0.000229425
0.25697 0.000991954 1.80705 0.0002384
0.25897 0.000918239 1.81539 0.00021967
0.26097 0.000805457 1.82377 0.000191804
0.26297 0.000712248 1.83219 0.000168828
0.26497 0.000692696 1.84064 0.000163439
0.26697 0.000690141 1.84914 0.000162089
0.26897 0.000546947 1.85768 0.000127867
0.27097 0.000509833 1.86625 0.000118643
0.27297 0.0004617 1.87486 0.000106948
0.27497 0.000386973 1.88352 8.92268e-05
0.27697 0.000350849 1.89221 8.05257e-05
0.27897 0.000326859 1.90095 7.46748e-05
0.28097 0.000252998 1.90972 5.75349e-05
0.28297 0.00026229 1.91854 5.93739e-05
0.28497 0.000233748 1.92739 5.26698e-05
0.28697 0.000195393 1.93629 4.38252e-05
0.28897 0.000189995 1.94523 4.24187e-05
0.29097 0.000154966 1.9542 3.4439e-05
0.29297 0.000153741 1.96322 3.40098e-05
0.29497 0.000112356 1.97229 2.47406e-05
0.29697 0.000134037 1.98139 2.93792e-05
0.29897 8.95103e-05 1.99054 1.95293e-05
0.30097 8.52061e-05 1.99972 1.85048e-05
0.30297 8.83432e-05 2.00895 1.9098e-05
0.30497 6.03719e-05 2.01823 1.29912e-05
0.30697 7.22119e-05 2.02754 1.54676e-05
0.30897 4.96778e-05 2.0369 1.0592e-05
0.31097 4.22368e-05 2.0463 8.96407e-06
0.31297 4.12665e-05 2.05575 8.7179e-06
0.31497 4.72248e-05 2.06524 9.9308e-06
0.31697 2.50834e-05 2.07477 5.2505e-06
0.31897 1.27077e-05 2.08435 2.64777e-06
0.32097 1.1086e-07 2.09397 2.29927e-08
0.32297 1.88494e-07 2.10363 3.89146e-08
0.32497 2.35973e-07 2.11334 4.84928e-08
0.32697 3.54335e-07 2.1231 7.24816e-08
0.32897 4.44575e-07 2.1329 9.05231e-08
0.33097 1.1328e-08 2.14274 2.29597e-09
0.33297 8.76023e-08 2.15263 1.76738e-08
0.33497 9.03452e-08 2.16257 1.81434e-08
0.33697 3.30145e-08 2.17255 6.59962e-09
0.33897 3.85834e-08 2.18258 7.67742e-09
0.34097 3.53651e-08 2.19265 7.00469e-09
0.34497 1.00349e-08 2.21294 1.96937e-09
0.34897 3.00717e-09 2.23342 5.84752e-10
