  [ESA-LOGO]   [DAF-LOGO]

                       Hipparcos/Tycho Catalogue Data

                  Hipparcos Catalogue Epoch Photometry Data
                                 HIP 72607

For information on field definitions see Volume 1, Section 2.5

Field       Value                 Field Description

HH1  :    72607             HIP number
HH2  :                      Component flag
HH3  :        1.460         V-I (mag)
HH4  :      123             Total transits, Ntot
HH5  :       99             Accepted transits, Nacc
HH6  :        2.2044        Median magnitude,  Hp (mag)
HH7  :        0.0008        sigma Hp (mag)
HH8  :        2.19           5th percentile (max) (mag)
HH9  :        2.22          95th percentile (min) (mag)
HH10 :                      Variability period, P (day)
HH11 :                      Reference epoch (day)
HH12 : M                    Variability type
HH13 :                      Annex flag (tables)
HH14 :                      Annex flag (light curves)
TRANSITS
HT1       |HT2    |HT3  |HT4
7890.38046| 2.2084|0.007|256
7890.39480| 2.2068|0.007|  0
7890.46934| 2.1957|0.004|  0
7890.48370| 2.2129|0.008|256
7924.58080| 2.2149|0.003|  0
7924.59515| 2.2086|0.007|256
7924.66969| 2.2099|0.006|  0
7924.68401| 2.2125|0.003|256
7977.26509| 2.2044|0.003|  0
7977.27944| 2.1862|0.006|256
7977.44287| 2.2076|0.004|256
7977.45719| 2.2008|0.005|  0
8000.02689| 2.2015|0.004|  1
8000.10147| 2.2138|0.003|256
8000.11579| 2.2079|0.003|  0
8000.19035| 2.2053|0.003|  0
8000.20467| 2.2068|0.002|  0
8031.90771| 2.2070|0.003|  0
8031.92202| 2.2100|0.004|  1
8031.99660| 2.2020|0.002|  1
8032.01091| 2.2026|0.003|  1
8061.85114| 2.2145|0.002|  0
8061.86543| 2.2169|0.002|  0
8061.94001| 2.2134|0.003|  0
8061.95432| 2.2185|0.003|  0
8062.02890| 2.2140|0.002|  0
8090.27681| 2.2061|0.002|256
8090.29115| 2.2069|0.004|  0
8090.36572| 2.2055|0.002|  0
8090.38004| 2.2130|0.002|  0
8090.45460| 2.2060|0.002|  0
8090.46892| 2.2080|0.002|  0
8181.88919| 2.2048|0.003|  0
8181.90350| 2.2077|0.003|256
8212.54201| 2.1935|0.004|  1
8212.55635| 2.1938|0.002|  1
8234.93491| 2.2028|0.002|  0
8234.94925| 2.1991|0.002|256
8235.02380| 2.1983|0.003|  0
8235.03814| 2.2028|0.002|  0
8235.11269| 2.2052|0.003|  0
8268.35127| 2.2095|0.004|  0
8268.42585| 2.2117|0.002|  0
8268.44017| 2.2028|0.003|  0
8268.51474| 2.2078|0.002|  0
8286.82088| 2.2153|0.003|  0
8286.90975| 2.2099|0.002|  0
8286.92410| 2.2112|0.004|  0
8286.99865| 2.2131|0.003|256
8287.01298| 2.2334|0.006|  0
8321.46504| 2.2051|0.002|  0
8321.47935| 2.2035|0.003|  0
8321.55390| 2.2016|0.003|  0
8321.56822| 2.2058|0.003|  0
8341.90294| 2.2077|0.003|  0
8341.91728| 2.2032|0.003|  0
8341.99183| 2.2096|0.002|  0
8342.00616| 2.2071|0.003|256
8374.86207| 2.2034|0.003|  0
8374.87637| 2.1918|0.004|256
8374.95095| 2.2015|0.003|  0
8374.96529| 2.2003|0.004|  0
8401.97679| 2.2014|0.002|  0
8402.05135| 2.2112|0.004|  0
8402.06565| 2.1991|0.003|256
8431.63978| 2.2158|0.005|  0
8431.65408| 2.1989|0.002|256
8431.72865| 2.2440|0.009| 98
8431.74301| 2.1966|0.003|  0
8431.81756| 2.2075|0.002| 10
8465.04872| 2.2061|0.003|  0
8465.06300| 2.2059|0.003|  0
8465.24078| 2.2026|0.008|  2
8492.59597| 2.2378|0.005|  1
8492.61027| 2.1999|0.004|  0
8492.77373| 2.1974|0.002|256
8492.78804| 2.2000|0.003|  0
8524.86475| 2.2085|0.003|  0
8524.93934| 2.2052|0.004|  0
8524.95366| 2.2087|0.002|  0
8554.20447| 2.1971|0.002|  0
8554.21882| 2.1927|0.004|  0
8554.29337| 2.1883|0.002|  0
8554.30768| 2.1907|0.002|  0
8579.35142| 2.2044|0.003|  0
8579.36576| 2.2116|0.003|  0
8579.44028| 2.2067|0.002|  0
8579.45466| 2.2081|0.003|  0
8631.23930| 2.1951|0.003|  0
8631.25362| 2.1945|0.004|  0
8631.32819| 2.1998|0.003|  0
8631.34250| 2.2018|0.002|  0
8665.61696| 2.2084|0.004|  0
8665.63128| 2.2059|0.004|  0
8684.54485| 2.2043|0.003|256
8684.55917| 2.1983|0.002|256
8684.63373| 2.1984|0.003|  0
8684.64805| 2.2025|0.003|  0
8718.56846| 2.2001|0.004|  0
8718.58276| 2.2005|0.003|  0
8742.57379| 2.2140|0.002|  0
8742.64838| 2.2069|0.004|  0
8742.66270| 2.2036|0.004|  0
8742.73726| 2.2037|0.004|  0
8742.75154| 2.2064|0.003|  0
8773.74486| 2.2017|0.003|  0
8773.75919| 2.1960|0.003|  0
8773.83377| 2.1940|0.004|  0
8805.03537| 2.3310|0.040|  2
8805.10993| 2.1971|0.004|  0
8805.12428| 2.1953|0.002|  0
8805.19881| 2.1975|0.002|256
8805.21316| 2.1986|0.004|256
8833.03239| 2.1922|0.003|  0
8833.04674| 2.1964|0.005|256
8833.12129| 2.1971|0.003|  0
8833.13561| 2.2061|0.004|  0
8833.21019| 2.1985|0.002|256
8833.22449| 2.2031|0.005|  0
9017.06909| 2.2009|0.003|  0
9017.08341| 2.2031|0.004|  0
9051.83184| 2.1888|0.005|  0
9051.84619| 2.1939|0.004|  0

  ------------------------------------------------------------------------

                                [ Dynamically generated: Wed Mar 15 10:55:10
   Back to Astrophysics                                GMT+1100 (EST) 2000 ]
                                                         [Script author wil]
                                                    [Mail the administrator]
