#logr PDFlogr r(Rs) PDF
1.508 1.50779e-08 32.2107 2.03294e-10
1.512 3.25454e-08 32.5087 4.34785e-10
1.516 6.93341e-08 32.8095 9.17765e-10
1.52 1.42645e-07 33.1131 1.87085e-09
1.524 2.8905e-07 33.4195 3.75628e-09
1.528 5.7067e-07 33.7287 7.34801e-09
1.532 1.11067e-06 34.0408 1.417e-08
1.536 2.0956e-06 34.3558 2.64906e-08
1.54 3.89185e-06 34.6737 4.87461e-08
1.544 7.06561e-06 34.9945 8.76867e-08
1.548 1.25959e-05 35.3183 1.54886e-07
1.552 2.17932e-05 35.6451 2.65525e-07
1.556 3.70609e-05 35.975 4.47404e-07
1.56 6.19142e-05 36.3078 7.40585e-07
1.564 0.000100365 36.6438 1.1895e-06
1.568 0.000159665 36.9828 1.87496e-06
1.572 0.000246417 37.325 2.86718e-06
1.576 0.000377006 37.6704 4.34643e-06
1.58 0.00056048 38.019 6.40242e-06
1.584 0.000840049 38.3707 9.50799e-06
1.588 0.00121332 38.7258 1.36069e-05
1.592 0.00173683 39.0841 1.92993e-05
1.596 0.00246826 39.4457 2.71754e-05
1.6 0.00340543 39.8107 3.71498e-05
1.604 0.00466839 40.1791 5.04604e-05
1.608 0.00619203 40.5509 6.63159e-05
1.612 0.00815598 40.9261 8.65486e-05
1.616 0.0105207 41.3048 0.000110619
1.62 0.0133623 41.687 0.000139208
1.624 0.0166198 42.0727 0.000171558
1.628 0.0201673 42.462 0.000206268
1.632 0.0238833 42.8549 0.000242035
1.636 0.0279145 43.2514 0.000280294
1.64 0.0318583 43.6516 0.000316962
1.644 0.0356304 44.0555 0.000351241
1.648 0.0394214 44.4632 0.000385049
1.652 0.0427167 44.8746 0.00041341
1.656 0.0461195 45.2898 0.000442251
1.66 0.0487295 45.7088 0.000462995
1.664 0.0508481 46.1318 0.000478696
1.668 0.0520801 46.5586 0.000485798
1.672 0.052394 46.9894 0.000484246
1.676 0.0518341 47.4242 0.000474679
1.68 0.0507417 47.863 0.000460415
1.684 0.0481067 48.3059 0.000432504
1.688 0.0453266 48.7529 0.000403773
1.692 0.041891 49.204 0.000369747
1.696 0.0378025 49.6592 0.000330602
1.7 0.0333602 50.1187 0.000289077
1.704 0.0289306 50.5825 0.000248394
1.708 0.0244483 51.0505 0.000207985
1.712 0.0204273 51.5229 0.000172185
1.716 0.0168103 51.9996 0.000140397
1.72 0.0135987 52.4807 0.000112534
1.724 0.0108875 52.9664 8.92714e-05
1.728 0.00853941 53.4565 6.93765e-05
1.732 0.00659475 53.9511 5.30863e-05
1.736 0.00505868 54.4503 4.03479e-05
1.74 0.00378745 54.9541 2.99317e-05
1.744 0.00279104 55.4626 2.18549e-05
1.748 0.00202725 55.9758 1.57286e-05
1.752 0.00145636 56.4937 1.11958e-05
1.756 0.00101925 57.0164 7.76364e-06
1.76 0.000697992 57.544 5.26786e-06
1.764 0.00047457 58.0765 3.54882e-06
1.768 0.000312681 58.6138 2.31678e-06
1.772 0.000202438 59.1562 1.48619e-06
1.776 0.000129435 59.7035 9.41533e-07
1.78 8.09157e-05 60.256 5.83199e-07
1.784 4.99287e-05 60.8135 3.56561e-07
1.788 3.03277e-05 61.3762 2.14597e-07
1.792 1.81944e-05 61.9441 1.27562e-07
1.796 1.06961e-05 62.5173 7.43036e-08
1.8 6.20757e-06 63.0958 4.27273e-08
1.804 3.56687e-06 63.6796 2.43261e-08
1.808 2.0154e-06 64.2688 1.3619e-08
1.812 1.10315e-06 64.8634 7.38614e-09
1.816 6.07616e-07 65.4637 4.03101e-09
1.82 3.18053e-07 66.0694 2.09066e-09
1.824 1.66452e-07 66.6807 1.08411e-09
1.828 8.6715e-08 67.2977 5.59601e-10
1.832 4.40359e-08 67.9204 2.81573e-10
1.836 2.18868e-08 68.5489 1.38665e-10
1.84 1.06955e-08 69.1831 6.71404e-11
