#logr PDFlogr r(Rs) PDF
1.616 1.66304e-07 41.3048 1.74859e-09
1.62 2.24191e-06 41.687 2.33562e-08
1.624 1.18358e-05 42.0727 1.22175e-07
1.628 4.15143e-05 42.462 4.24602e-07
1.632 0.00010581 42.8549 1.07228e-06
1.636 0.000220601 43.2514 2.21509e-06
1.64 0.000394763 43.6516 3.92754e-06
1.644 0.000657378 44.0555 6.48036e-06
1.648 0.00103585 44.4632 1.01176e-05
1.652 0.00157592 44.8746 1.52517e-05
1.656 0.00229962 45.2898 2.20516e-05
1.66 0.00328607 45.7088 3.12221e-05
1.664 0.00451782 46.1318 4.25317e-05
1.668 0.00612123 46.5586 5.70983e-05
1.672 0.00801115 46.9894 7.40421e-05
1.676 0.0104002 47.4242 9.52414e-05
1.68 0.013268 47.863 0.00012039
1.684 0.0165615 48.3059 0.000148897
1.688 0.0202774 48.7529 0.000180633
1.692 0.0242557 49.204 0.000214091
1.696 0.0282436 49.6592 0.000247004
1.7 0.0324144 50.1187 0.000280881
1.704 0.0367973 50.5825 0.000315937
1.708 0.0407559 51.0505 0.000346717
1.712 0.0444098 51.5229 0.000374337
1.716 0.0476463 51.9996 0.000397936
1.72 0.0501504 52.4807 0.00041501
1.724 0.0518289 52.9664 0.000424968
1.728 0.0529236 53.4565 0.000429965
1.732 0.0527535 53.9511 0.000424654
1.736 0.0515756 54.4503 0.000411366
1.74 0.0499099 54.9541 0.000394431
1.744 0.0474813 55.4626 0.000371797
1.748 0.0444648 55.9758 0.000344986
1.752 0.040957 56.4937 0.000314856
1.756 0.0367978 57.0164 0.000280289
1.76 0.0323947 57.544 0.000244489
1.764 0.0281858 58.0765 0.000210773
1.768 0.0240198 58.6138 0.000177973
1.772 0.0199971 59.1562 0.000146809
1.776 0.01659 59.7035 0.000120678
1.78 0.0133848 60.256 9.64712e-05
1.784 0.0106882 60.8135 7.63291e-05
1.788 0.008439 61.3762 5.97139e-05
1.792 0.00654644 61.9441 4.58975e-05
1.796 0.00497369 62.5173 3.45511e-05
1.8 0.00372533 63.0958 2.56418e-05
1.804 0.00273431 63.6796 1.8648e-05
1.808 0.00196193 64.2688 1.32577e-05
1.812 0.00137942 64.8634 9.23591e-06
1.816 0.000958798 65.4637 6.36079e-06
1.82 0.000650151 66.0694 4.27364e-06
1.824 0.000436226 66.6807 2.84116e-06
1.828 0.000287927 67.2977 1.85809e-06
1.832 0.000186164 67.9204 1.19036e-06
1.836 0.000118964 68.5489 7.53702e-07
1.84 7.44517e-05 69.1831 4.67368e-07
1.844 4.56329e-05 69.8233 2.83833e-07
1.848 2.75069e-05 70.4693 1.69522e-07
1.852 1.63895e-05 71.1214 1.00081e-07
1.856 9.61386e-06 71.7795 5.81677e-08
1.86 5.58125e-06 72.4436 3.34592e-08
1.864 3.16318e-06 73.1139 1.87892e-08
1.868 1.77248e-06 73.7904 1.0432e-08
1.872 9.79318e-07 74.4732 5.71094e-09
1.876 5.26162e-07 75.1623 3.04021e-09
1.88 2.77828e-07 75.8578 1.59059e-09
1.884 1.45227e-07 76.5597 8.23816e-10
1.888 7.45389e-08 77.2681 4.18955e-10
1.892 3.78209e-08 77.983 2.10628e-10
1.896 1.88624e-08 78.7046 1.04083e-10
