#logr PDFlogr r(Rs) PDF
1.596 4.48862e-08 39.4457 4.94193e-10
1.6 4.30779e-07 39.8107 4.69936e-09
1.604 3.49005e-06 40.1791 3.77238e-08
1.608 2.40102e-05 40.5509 2.57147e-07
1.612 0.000138446 40.9261 1.46915e-06
1.616 0.000666863 41.3048 7.01166e-06
1.62 0.00267578 41.687 2.78762e-05
1.624 0.00889946 42.0727 9.18645e-05
1.628 0.0243785 42.462 0.00024934
1.632 0.0550648 42.8549 0.000558031
1.636 0.101594 43.2514 0.00102012
1.64 0.151773 43.6516 0.00151
1.644 0.184239 44.0555 0.00181621
1.648 0.179619 44.4632 0.00175443
1.652 0.139653 44.8746 0.00135156
1.656 0.0863499 45.2898 0.00082803
1.66 0.0423368 45.7088 0.000402256
1.664 0.0162988 46.1318 0.000153441
1.668 0.00489975 46.5586 4.57044e-05
1.672 0.00114471 46.9894 1.05799e-05
1.676 0.000208308 47.4242 1.90761e-06
1.68 2.88669e-05 47.863 2.6193e-07
1.684 3.05645e-06 48.3059 2.7479e-08
1.688 2.4417e-07 48.7529 2.17509e-09
1.692 1.46426e-08 49.204 1.29241e-10
