#logr PDFlogr r(Rs) PDF
1.596 3.30409e-08 39.4457 3.63777e-10
1.6 3.26689e-07 39.8107 3.56384e-09
1.604 2.71975e-06 40.1791 2.93976e-08
1.608 1.91712e-05 40.5509 2.05321e-07
1.612 0.000113648 40.9261 1.206e-06
1.616 0.000559236 41.3048 5.88002e-06
1.62 0.00230313 41.687 2.3994e-05
1.624 0.00785977 42.0727 8.11324e-05
1.628 0.0220493 42.462 0.000225517
1.632 0.0510923 42.8549 0.000517773
1.636 0.0962493 43.2514 0.000966456
1.64 0.14748 43.6516 0.0014673
1.644 0.182522 44.0555 0.00179928
1.648 0.181856 44.4632 0.00177628
1.652 0.144733 44.8746 0.00140072
1.656 0.0917317 45.2898 0.000879637
1.66 0.0460141 45.7088 0.000437195
1.664 0.0182024 46.1318 0.000171362
1.668 0.00559471 46.5586 5.21869e-05
1.672 0.00133259 46.9894 1.23163e-05
1.676 0.000245881 47.4242 2.25169e-06
1.68 3.44054e-05 47.863 3.12184e-07
1.684 3.69856e-06 48.3059 3.3252e-08
1.688 2.9987e-07 48.7529 2.67127e-09
1.692 1.83131e-08 49.204 1.61639e-10
