#logL_Lsun PDF
2.536 3.23758e-07
2.538 6.49491e-07
2.54 1.68663e-06
2.542 4.37137e-06
2.544 8.36961e-06
2.546 1.8883e-05
2.548 3.82557e-05
2.55 7.36126e-05
2.552 0.000119622
2.554 0.000187301
2.556 0.000329234
2.558 0.000413765
2.56 0.000594662
2.562 0.000815463
2.564 0.000973149
2.566 0.00125527
2.568 0.00146494
2.57 0.00171017
2.572 0.00196402
2.574 0.00220328
2.576 0.00246273
2.578 0.00258254
2.58 0.00290769
2.582 0.0029262
2.584 0.00310083
2.586 0.00317274
2.588 0.00349819
2.59 0.00379825
2.592 0.00396462
2.594 0.00394939
2.596 0.0042613
2.598 0.00448728
2.6 0.00481906
2.602 0.00525463
2.604 0.00513881
2.606 0.00527853
2.608 0.00571005
2.61 0.00605872
2.612 0.00646075
2.614 0.00635834
2.616 0.0065579
2.618 0.00674932
2.62 0.00664674
2.622 0.00712376
2.624 0.00760764
2.626 0.00776204
2.628 0.00803657
2.63 0.00855888
2.632 0.00907226
2.634 0.00923484
2.636 0.00902013
2.638 0.00924565
2.64 0.010047
2.642 0.0100894
2.644 0.0104843
2.646 0.0105929
2.648 0.0110562
2.65 0.011341
2.652 0.0113482
2.654 0.0120859
2.656 0.0119325
2.658 0.011834
2.66 0.0121116
2.662 0.0124204
2.664 0.0126451
2.666 0.0124366
2.668 0.0132284
2.67 0.0127265
2.672 0.0135996
2.674 0.013531
2.676 0.013653
2.678 0.0128334
2.68 0.0136339
2.682 0.0135001
2.684 0.0135402
2.686 0.0136049
2.688 0.0135179
2.69 0.0140853
2.692 0.0138073
2.694 0.0137322
2.696 0.0131749
2.698 0.014265
2.7 0.0134292
2.702 0.0128391
2.704 0.0133608
2.706 0.0132581
2.708 0.0125624
2.71 0.0126866
2.712 0.0126435
2.714 0.0126963
2.716 0.0117935
2.718 0.012432
2.72 0.0115742
2.722 0.0114603
2.724 0.011941
2.726 0.0105729
2.728 0.0108941
2.73 0.0110212
2.732 0.0103452
2.734 0.0100161
2.736 0.00949727
2.738 0.0098512
2.74 0.0087069
2.742 0.00903916
2.744 0.00846126
2.746 0.00857235
2.748 0.00800501
2.75 0.00766373
2.752 0.00756939
2.754 0.00724209
2.756 0.00715605
2.758 0.00679945
2.76 0.00653939
2.762 0.00619252
2.764 0.00598693
2.766 0.00579025
2.768 0.00553215
2.77 0.00511145
2.772 0.00513966
2.774 0.00454622
2.776 0.00452098
2.778 0.00434966
2.78 0.00383009
2.782 0.00383262
2.784 0.00357495
2.786 0.00332705
2.788 0.00330824
2.79 0.00298432
2.792 0.0028517
2.794 0.00271853
2.796 0.00248512
2.798 0.00241647
2.8 0.00228823
2.802 0.00210254
2.804 0.00205752
2.806 0.00191375
2.808 0.00168794
2.81 0.00169572
2.812 0.00149722
2.814 0.00138665
2.816 0.00134932
2.818 0.00116246
2.82 0.00116667
2.822 0.00102033
2.824 0.000964942
2.826 0.000887923
2.828 0.000779576
2.83 0.000786329
2.832 0.000708578
2.834 0.000632695
2.836 0.000571142
2.838 0.000549782
2.84 0.000500351
2.842 0.00043241
2.844 0.000395026
2.846 0.000357322
2.848 0.000331294
2.85 0.000292044
2.852 0.000270921
2.854 0.000251596
2.856 0.00021006
2.858 0.000200277
2.86 0.000174639
2.862 0.000151818
2.864 0.000140754
2.866 0.000120056
2.868 0.000116253
2.87 0.000100885
2.872 9.50438e-05
2.874 8.18389e-05
2.876 7.5067e-05
2.878 6.44321e-05
2.88 5.76017e-05
2.882 5.44764e-05
2.884 4.69502e-05
2.886 4.1091e-05
2.888 3.62116e-05
2.89 3.22342e-05
2.892 2.80216e-05
2.894 2.52294e-05
2.896 2.19678e-05
2.898 1.92319e-05
2.9 1.56807e-05
2.902 1.453e-05
2.904 1.14111e-05
2.906 9.91704e-06
2.908 8.37483e-06
2.91 7.32828e-06
2.912 5.86633e-06
2.914 4.61943e-06
2.916 3.52776e-06
2.918 3.31972e-06
2.92 3.03209e-06
2.922 1.95268e-06
2.924 1.30274e-06
2.926 8.71608e-07
2.928 4.92517e-07
2.93 2.98896e-07
2.932 3.85442e-07
2.934 3.56838e-07
2.936 2.80667e-07
2.938 1.19749e-07
2.94 2.4522e-07
2.942 1.99491e-07
2.944 1.15721e-07
2.946 1.14451e-07
2.948 1.16171e-07
