#logL_Lsun PDF
2.47 1.13766e-07
2.472 2.07978e-07
2.474 3.7256e-07
2.476 6.16072e-07
2.478 1.00976e-06
2.48 1.57918e-06
2.482 2.43745e-06
2.484 3.75676e-06
2.486 5.47547e-06
2.488 7.89443e-06
2.49 1.14225e-05
2.492 1.58842e-05
2.494 2.14239e-05
2.496 2.92858e-05
2.498 3.93909e-05
2.5 5.14074e-05
2.502 6.69479e-05
2.504 8.56806e-05
2.506 0.000108307
2.508 0.000135797
2.51 0.00016782
2.512 0.000207657
2.514 0.000248273
2.516 0.000297965
2.518 0.00035409
2.52 0.000418482
2.522 0.000486428
2.524 0.000561439
2.526 0.000642546
2.528 0.000735239
2.53 0.000830727
2.532 0.000938072
2.534 0.00103951
2.536 0.00115899
2.538 0.00126664
2.54 0.00139937
2.542 0.00152114
2.544 0.00164278
2.546 0.00178522
2.548 0.0019174
2.55 0.00205576
2.552 0.00219706
2.554 0.00235332
2.556 0.00249
2.558 0.00264932
2.56 0.0028098
2.562 0.00295974
2.564 0.00312332
2.566 0.00329345
2.568 0.00347464
2.57 0.00365537
2.572 0.00385308
2.574 0.00401693
2.576 0.00423079
2.578 0.00439812
2.58 0.0046314
2.582 0.00481503
2.584 0.00498405
2.586 0.00525812
2.588 0.00545932
2.59 0.00571011
2.592 0.00596613
2.594 0.00613297
2.596 0.00645633
2.598 0.00662994
2.6 0.00696371
2.602 0.00722064
2.604 0.00749585
2.606 0.00770462
2.608 0.00800731
2.61 0.00822658
2.612 0.00854773
2.614 0.00875725
2.616 0.00912268
2.618 0.00938198
2.62 0.00965019
2.622 0.00986866
2.624 0.010115
2.626 0.0103634
2.628 0.0106535
2.63 0.0108364
2.632 0.0111971
2.634 0.0113718
2.636 0.0115839
2.638 0.0117275
2.64 0.01197
2.642 0.0121783
2.644 0.0123473
2.646 0.0125589
2.648 0.0126525
2.65 0.0127614
2.652 0.0131024
2.654 0.0130314
2.656 0.0131269
2.658 0.0133617
2.66 0.0132672
2.662 0.0133304
2.664 0.0134181
2.666 0.0133932
2.668 0.0135868
2.67 0.0135657
2.672 0.013538
2.674 0.0134022
2.676 0.0134666
2.678 0.0132505
2.68 0.0133203
2.682 0.0133072
2.684 0.0132644
2.686 0.0130256
2.688 0.0128556
2.69 0.0126146
2.692 0.0126005
2.694 0.0123433
2.696 0.0122409
2.698 0.011982
2.7 0.0118258
2.702 0.0115974
2.704 0.0113128
2.706 0.0109974
2.708 0.0108689
2.71 0.0105152
2.712 0.0102581
2.714 0.00996171
2.716 0.00972173
2.718 0.00943039
2.72 0.00913497
2.722 0.00887183
2.724 0.00857642
2.726 0.00831513
2.728 0.00799149
2.73 0.00779878
2.732 0.00742367
2.734 0.00725959
2.736 0.00694496
2.738 0.00664771
2.74 0.00644002
2.742 0.00619496
2.744 0.00588324
2.746 0.00565449
2.748 0.00545231
2.75 0.00523159
2.752 0.00491509
2.754 0.00476964
2.756 0.0045251
2.758 0.00427974
2.76 0.0040879
2.762 0.00388986
2.764 0.00363973
2.766 0.00350841
2.768 0.00324666
2.77 0.0030928
2.772 0.00292373
2.774 0.00278076
2.776 0.00257809
2.778 0.00240977
2.78 0.00226355
2.782 0.00214246
2.784 0.00202862
2.786 0.00184735
2.788 0.00172833
2.79 0.00161967
2.792 0.00151714
2.794 0.00138823
2.796 0.00130447
2.798 0.00120951
2.8 0.00110959
2.802 0.00101936
2.804 0.000947618
2.806 0.00086936
2.808 0.000801786
2.81 0.000739189
2.812 0.000675736
2.814 0.000619463
2.816 0.000562136
2.818 0.000530561
2.82 0.000466202
2.822 0.000437391
2.824 0.000398328
2.826 0.00035513
2.828 0.000325286
2.83 0.000295547
2.832 0.000270493
2.834 0.000243114
2.836 0.000219657
2.838 0.000194673
2.84 0.000174837
2.842 0.000158819
2.844 0.000140358
2.846 0.000125179
2.848 0.000111249
2.85 9.7851e-05
2.852 8.65607e-05
2.854 7.60995e-05
2.856 6.77717e-05
2.858 5.82498e-05
2.86 5.03999e-05
2.862 4.42278e-05
2.864 3.84201e-05
2.866 3.21684e-05
2.868 2.81246e-05
2.87 2.38086e-05
2.872 1.95617e-05
2.874 1.71651e-05
2.876 1.4581e-05
2.878 1.22152e-05
2.88 1.0316e-05
2.882 8.43218e-06
2.884 6.8922e-06
2.886 5.87534e-06
2.888 4.89942e-06
2.89 4.12813e-06
2.892 3.34987e-06
2.894 2.78325e-06
2.896 2.33055e-06
2.898 1.97755e-06
2.9 1.6516e-06
2.902 1.39839e-06
2.904 1.17931e-06
2.906 9.9963e-07
2.908 8.43588e-07
2.91 7.18815e-07
2.912 6.16618e-07
2.914 5.30013e-07
2.916 4.50545e-07
2.918 3.8498e-07
2.92 3.36544e-07
2.922 2.78402e-07
2.924 2.39571e-07
2.926 2.05794e-07
2.928 1.77044e-07
2.93 1.51798e-07
2.932 1.29948e-07
2.934 1.09644e-07
