#logL_Lsun PDF
2.486 1.25931e-07
2.488 2.7829e-07
2.49 5.65068e-07
2.492 1.06967e-06
2.494 1.88307e-06
2.496 3.28162e-06
2.498 5.29887e-06
2.5 8.70019e-06
2.502 1.31405e-05
2.504 2.06542e-05
2.506 3.02423e-05
2.508 4.5531e-05
2.51 6.43146e-05
2.512 9.19004e-05
2.514 0.000127778
2.516 0.000173587
2.518 0.000235569
2.52 0.00031657
2.522 0.000419029
2.524 0.00053178
2.526 0.000689546
2.528 0.000848306
2.53 0.00107013
2.532 0.00131878
2.534 0.00159135
2.536 0.0019174
2.538 0.0022342
2.54 0.00266394
2.542 0.00303254
2.544 0.00354896
2.546 0.00393897
2.548 0.00452745
2.55 0.00490226
2.552 0.00550128
2.554 0.00604691
2.556 0.00657555
2.558 0.00711224
2.56 0.00768626
2.562 0.00815273
2.564 0.00861556
2.566 0.0091365
2.568 0.00960652
2.57 0.0099702
2.572 0.010358
2.574 0.010838
2.576 0.0110327
2.578 0.0114915
2.58 0.0118335
2.582 0.0120805
2.584 0.0122568
2.586 0.0126458
2.588 0.0129211
2.59 0.0130194
2.592 0.0133514
2.594 0.0135068
2.596 0.0136369
2.598 0.0136232
2.6 0.0137475
2.602 0.0139968
2.604 0.014012
2.606 0.0142916
2.608 0.0142389
2.61 0.0143554
2.612 0.014394
2.614 0.0145159
2.616 0.0145796
2.618 0.0144636
2.62 0.0145423
2.622 0.0146686
2.624 0.0145119
2.626 0.0144701
2.628 0.0144403
2.63 0.0143791
2.632 0.0144157
2.634 0.0142549
2.636 0.0140301
2.638 0.0140478
2.64 0.0139201
2.642 0.0137071
2.644 0.0137046
2.646 0.0133982
2.648 0.0133771
2.65 0.0131367
2.652 0.0127369
2.654 0.0127449
2.656 0.0124408
2.658 0.0122496
2.66 0.0121008
2.662 0.0117268
2.664 0.0115151
2.666 0.011292
2.668 0.0108704
2.67 0.0106738
2.672 0.010455
2.674 0.0100745
2.676 0.00989501
2.678 0.00960125
2.68 0.00928283
2.682 0.00891674
2.684 0.00871423
2.686 0.00832799
2.688 0.00797941
2.69 0.00777308
2.692 0.00746103
2.694 0.0072034
2.696 0.00694038
2.698 0.00667147
2.7 0.0063511
2.702 0.00607155
2.704 0.00583086
2.706 0.00555775
2.708 0.00527955
2.71 0.00499838
2.712 0.00480816
2.714 0.00454049
2.716 0.00430134
2.718 0.00406282
2.72 0.00388366
2.722 0.00367044
2.724 0.00347394
2.726 0.00326564
2.728 0.00310702
2.73 0.00291045
2.732 0.00272203
2.734 0.00256359
2.736 0.0024033
2.738 0.00225792
2.74 0.00209572
2.742 0.00197899
2.744 0.00183594
2.746 0.00169883
2.748 0.00158552
2.75 0.00148965
2.752 0.00138563
2.754 0.00126478
2.756 0.00119682
2.758 0.00109622
2.76 0.00100848
2.762 0.000939535
2.764 0.000858758
2.766 0.000802175
2.768 0.000735675
2.77 0.000679774
2.772 0.000622327
2.774 0.000566624
2.776 0.000517283
2.778 0.000474631
2.78 0.000434266
2.782 0.000398877
2.784 0.000359126
2.786 0.000327099
2.788 0.000300655
2.79 0.000273524
2.792 0.00024635
2.794 0.000223436
2.796 0.00020216
2.798 0.000183244
2.8 0.000165392
2.802 0.000148018
2.804 0.000133743
2.806 0.000121247
2.808 0.000107659
2.81 9.74432e-05
2.812 8.70043e-05
2.814 7.69795e-05
2.816 6.95878e-05
2.818 6.17574e-05
2.82 5.53311e-05
2.822 4.91805e-05
2.824 4.34196e-05
2.826 3.87786e-05
2.828 3.38783e-05
2.83 2.98641e-05
2.832 2.69085e-05
2.834 2.36067e-05
2.836 2.0796e-05
2.838 1.80918e-05
2.84 1.64177e-05
2.842 1.4028e-05
2.844 1.25864e-05
2.846 1.10042e-05
2.848 9.50052e-06
2.85 8.49237e-06
2.852 7.3514e-06
2.854 6.45325e-06
2.856 5.7553e-06
2.858 4.95867e-06
2.86 4.32843e-06
2.862 3.77055e-06
2.864 3.32093e-06
2.866 2.90072e-06
2.868 2.52753e-06
2.87 2.22191e-06
2.872 1.88349e-06
2.874 1.64723e-06
2.876 1.44878e-06
2.878 1.19534e-06
2.88 1.0257e-06
2.882 8.60253e-07
2.884 7.3172e-07
2.886 6.01437e-07
2.888 5.2922e-07
2.89 3.85515e-07
2.892 3.40513e-07
2.894 2.55208e-07
2.896 2.12846e-07
2.898 1.57791e-07
2.9 1.27931e-07
2.902 1.07163e-07
