#logL_Lsun PDF
2.468 1.62219e-07
2.47 2.77432e-07
2.472 4.64495e-07
2.474 7.61031e-07
2.476 1.18728e-06
2.478 1.87173e-06
2.48 2.72642e-06
2.482 4.12039e-06
2.484 5.94799e-06
2.486 8.48798e-06
2.488 1.18801e-05
2.49 1.62689e-05
2.492 2.24261e-05
2.494 2.95758e-05
2.496 3.8872e-05
2.498 5.15815e-05
2.5 6.51181e-05
2.502 8.26133e-05
2.504 0.000103794
2.506 0.000128211
2.508 0.00015923
2.51 0.000189459
2.512 0.000227824
2.514 0.000269577
2.516 0.00031662
2.518 0.000366518
2.52 0.000424582
2.522 0.000485959
2.524 0.000551009
2.526 0.00061911
2.528 0.000696945
2.53 0.000776593
2.532 0.000859639
2.534 0.000948898
2.536 0.00104108
2.538 0.00113037
2.54 0.00123428
2.542 0.00133109
2.544 0.00142286
2.546 0.00153724
2.548 0.00163976
2.55 0.00174898
2.552 0.0018716
2.554 0.00199529
2.556 0.00209513
2.558 0.00224328
2.56 0.00236582
2.562 0.00251802
2.564 0.00265949
2.566 0.00280546
2.568 0.00296202
2.57 0.00313129
2.572 0.00332189
2.574 0.0034457
2.576 0.00360319
2.578 0.00379523
2.58 0.00397687
2.582 0.00411606
2.584 0.00429825
2.586 0.00449048
2.588 0.00468309
2.59 0.00488455
2.592 0.00512252
2.594 0.00532497
2.596 0.00559412
2.598 0.00577734
2.6 0.0060702
2.602 0.00629879
2.604 0.00651372
2.606 0.00682375
2.608 0.00701539
2.61 0.00729797
2.612 0.0075779
2.614 0.00782053
2.616 0.00813727
2.618 0.00834416
2.62 0.00860185
2.622 0.00889516
2.624 0.00917821
2.626 0.00936693
2.628 0.00969915
2.63 0.00994165
2.632 0.0102099
2.634 0.0104744
2.636 0.0107611
2.638 0.0109642
2.64 0.0111862
2.642 0.0114036
2.644 0.0116865
2.646 0.0118886
2.648 0.011992
2.65 0.012172
2.652 0.0125451
2.654 0.0125259
2.656 0.0126662
2.658 0.0128743
2.66 0.0128953
2.662 0.0129968
2.664 0.0131582
2.666 0.0131474
2.668 0.0133414
2.67 0.0133924
2.672 0.0134144
2.674 0.0134414
2.676 0.0134228
2.678 0.0134062
2.68 0.0133647
2.682 0.0134502
2.684 0.0134298
2.686 0.0133195
2.688 0.0132267
2.69 0.0130177
2.692 0.0130611
2.694 0.0128209
2.696 0.0127805
2.698 0.0125232
2.7 0.0123517
2.702 0.0121789
2.704 0.0119299
2.706 0.0116739
2.708 0.0115638
2.71 0.0111957
2.712 0.0108991
2.714 0.0106764
2.716 0.0104453
2.718 0.0101821
2.72 0.00986757
2.722 0.00963792
2.724 0.00938251
2.726 0.0090888
2.728 0.00884613
2.73 0.00867004
2.732 0.00828537
2.734 0.00813726
2.736 0.00784487
2.738 0.00750441
2.74 0.00731099
2.742 0.00705287
2.744 0.00683802
2.746 0.00659435
2.748 0.00631134
2.75 0.00615454
2.752 0.00577279
2.754 0.00561375
2.756 0.00540322
2.758 0.00508355
2.76 0.00492512
2.762 0.00466146
2.764 0.00438802
2.766 0.00421337
2.768 0.00397789
2.77 0.00376172
2.772 0.00361908
2.774 0.00339215
2.776 0.00318071
2.778 0.00300279
2.78 0.0028023
2.782 0.00267983
2.784 0.00253695
2.786 0.0023248
2.788 0.00219047
2.79 0.00203972
2.792 0.00194223
2.794 0.00178817
2.796 0.00167479
2.798 0.00156161
2.8 0.00144685
2.802 0.00133508
2.804 0.00124783
2.806 0.00114526
2.808 0.00107069
2.81 0.000992765
2.812 0.000908507
2.814 0.00083264
2.816 0.00077695
2.818 0.000713766
2.82 0.000636484
2.822 0.000594317
2.824 0.000539474
2.826 0.000483523
2.828 0.000440973
2.83 0.000400765
2.832 0.000364806
2.834 0.000330571
2.836 0.000294049
2.838 0.000259356
2.84 0.000229575
2.842 0.000208722
2.844 0.000183355
2.846 0.000160002
2.848 0.000141949
2.85 0.00012305
2.852 0.000107907
2.854 9.28822e-05
2.856 8.39237e-05
2.858 7.17431e-05
2.86 6.09296e-05
2.862 5.34263e-05
2.864 4.60438e-05
2.866 3.86755e-05
2.868 3.43173e-05
2.87 2.86518e-05
2.872 2.46797e-05
2.874 2.15755e-05
2.876 1.80488e-05
2.878 1.61257e-05
2.88 1.3729e-05
2.882 1.19655e-05
2.884 9.98336e-06
2.886 8.79327e-06
2.888 7.6046e-06
2.89 6.6111e-06
2.892 5.57823e-06
2.894 4.96007e-06
2.896 4.2436e-06
2.898 3.70217e-06
2.9 3.22319e-06
2.902 2.80804e-06
2.904 2.4214e-06
2.906 2.10554e-06
2.908 1.83842e-06
2.91 1.58925e-06
2.912 1.37281e-06
2.914 1.19146e-06
2.916 1.00846e-06
2.918 8.90523e-07
2.92 7.5633e-07
2.922 6.45516e-07
2.924 5.47587e-07
2.926 4.74432e-07
2.928 3.98652e-07
2.93 3.42552e-07
2.932 2.86116e-07
2.934 2.41667e-07
2.936 2.02617e-07
2.938 1.70969e-07
2.94 1.41958e-07
2.942 1.15646e-07
