#logrho PDF
-5 0.00379956
-4.9975 0.00241894
-4.995 0.00275183
-4.9925 0.00319159
-4.99 0.00372984
-4.9875 0.00416197
-4.985 0.00481411
-4.9825 0.00541602
-4.98 0.00604003
-4.9775 0.00694171
-4.975 0.00771611
-4.9725 0.00837877
-4.97 0.00951343
-4.9675 0.0103149
-4.965 0.01125
-4.9625 0.0125679
-4.96 0.0132849
-4.9575 0.0146416
-4.955 0.0157896
-4.9525 0.016632
-4.95 0.0178164
-4.9475 0.0191785
-4.945 0.0200931
-4.9425 0.0210473
-4.94 0.0223284
-4.9375 0.0233921
-4.935 0.0239636
-4.9325 0.0247333
-4.93 0.0259783
-4.9275 0.0260642
-4.925 0.0267159
-4.9225 0.0272799
-4.92 0.0273892
-4.9175 0.0276584
-4.915 0.0276981
-4.9125 0.027628
-4.91 0.0270177
-4.9075 0.0270977
-4.905 0.0263534
-4.9025 0.0255013
-4.9 0.0256489
-4.8975 0.0242816
-4.895 0.0231215
-4.8925 0.022537
-4.89 0.0217516
-4.8875 0.0200158
-4.885 0.0193019
-4.8825 0.0181053
-4.88 0.0167661
-4.8775 0.0157231
-4.875 0.0148199
-4.8725 0.0132972
-4.87 0.0122733
-4.8675 0.0114445
-4.865 0.0102994
-4.8625 0.00907163
-4.86 0.00840163
-4.8575 0.00753749
-4.855 0.00660506
-4.8525 0.00579016
-4.85 0.00523392
-4.8475 0.00455629
-4.845 0.00393313
-4.8425 0.00345743
-4.84 0.00293307
-4.8375 0.00257174
-4.835 0.00211489
-4.8325 0.00186286
-4.83 0.0015001
-4.8275 0.0013123
-4.825 0.00106993
-4.8225 0.000871543
-4.82 0.000712244
-4.8175 0.000602238
-4.815 0.000474032
-4.8125 0.00038401
-4.81 0.000295681
-4.8075 0.000249125
-4.805 0.000192143
-4.8025 0.000143745
-4.8 0.000112216
-4.7975 8.89794e-05
-4.795 6.74815e-05
-4.7925 4.95345e-05
-4.79 3.56079e-05
-4.7875 2.79077e-05
-4.785 2.10049e-05
-4.7825 1.35392e-05
-4.78 9.81056e-06
-4.7775 6.99376e-06
-4.775 5.29403e-06
-4.7725 3.16667e-06
-4.77 2.04417e-06
-4.7675 1.4068e-06
-4.765 8.63595e-07
-4.7625 4.77391e-07
-4.76 2.70589e-07
-4.7575 1.46682e-07
