#logrho PDF
-5 0.00642933
-4.9975 0.00405608
-4.995 0.00447431
-4.9925 0.00520236
-4.99 0.00588509
-4.9875 0.00661954
-4.985 0.00738421
-4.9825 0.00823082
-4.98 0.00923514
-4.9775 0.0101398
-4.975 0.0111322
-4.9725 0.0121822
-4.97 0.013343
-4.9675 0.0144681
-4.965 0.0153846
-4.9625 0.0168367
-4.96 0.017789
-4.9575 0.0189745
-4.955 0.0201952
-4.9525 0.0209298
-4.95 0.0221081
-4.9475 0.0234452
-4.945 0.0240859
-4.9425 0.0246986
-4.94 0.0259143
-4.9375 0.0264689
-4.935 0.0266586
-4.9325 0.0272995
-4.93 0.0280414
-4.9275 0.0272958
-4.925 0.0279693
-4.9225 0.0279026
-4.92 0.0276609
-4.9175 0.0270141
-4.915 0.0269766
-4.9125 0.0262234
-4.91 0.0253778
-4.9075 0.0248971
-4.905 0.0238705
-4.9025 0.0228071
-4.9 0.0221727
-4.8975 0.0207409
-4.895 0.0197252
-4.8925 0.0185924
-4.89 0.0175229
-4.8875 0.0160967
-4.885 0.0150092
-4.8825 0.0139516
-4.88 0.0125545
-4.8775 0.0118054
-4.875 0.01071
-4.8725 0.00942098
-4.87 0.00863278
-4.8675 0.00788458
-4.865 0.00682653
-4.8625 0.00602632
-4.86 0.0054502
-4.8575 0.00478532
-4.855 0.00406741
-4.8525 0.00354383
-4.85 0.00317524
-4.8475 0.00261515
-4.845 0.00223282
-4.8425 0.00195447
-4.84 0.00163102
-4.8375 0.00134291
-4.835 0.0011259
-4.8325 0.00097541
-4.83 0.000757406
-4.8275 0.000636504
-4.825 0.000516482
-4.8225 0.000420669
-4.82 0.000326527
-4.8175 0.000271288
-4.815 0.000210805
-4.8125 0.000163831
-4.81 0.00012487
-4.8075 0.000101974
-4.805 7.66546e-05
-4.8025 5.54302e-05
-4.8 4.36205e-05
-4.7975 3.2887e-05
-4.795 2.41107e-05
-4.7925 1.727e-05
-4.79 1.21544e-05
-4.7875 9.02199e-06
-4.785 6.54889e-06
-4.7825 4.13652e-06
-4.78 2.7911e-06
-4.7775 1.92636e-06
-4.775 1.3769e-06
-4.7725 7.61359e-07
-4.77 4.55666e-07
-4.7675 2.79685e-07
-4.765 1.40409e-07
