#logTeff PDF
3.574 0.000312866
3.575 0.000933622
3.576 0.00192425
3.577 0.00371185
3.578 0.00678068
3.579 0.0116399
3.58 0.0187612
3.581 0.0284119
3.582 0.0404656
3.583 0.0540815
3.584 0.068264
3.585 0.081247
3.586 0.091349
3.587 0.0966673
3.588 0.0962388
3.589 0.0904439
3.59 0.0800558
3.591 0.066532
3.592 0.0527346
3.593 0.0393794
3.594 0.0277477
3.595 0.0182161
3.596 0.0111349
3.597 0.00635574
3.598 0.00342903
3.599 0.00173894
3.6 0.000832473
3.601 0.000373304
3.602 0.000156455
3.603 5.79018e-05
3.604 1.74473e-05
3.605 3.97459e-06
3.606 6.44723e-07
3.607 6.30986e-08
