#logTeff PDF
3.572 1.20437e-09
3.573 4.28209e-08
3.574 4.65702e-07
3.575 3.3039e-06
3.576 1.6609e-05
3.577 6.57178e-05
3.578 0.00021701
3.579 0.000607491
3.58 0.00147902
3.581 0.00321321
3.582 0.0062862
3.583 0.0112533
3.584 0.0187278
3.585 0.0289116
3.586 0.0418613
3.587 0.0566156
3.588 0.0718436
3.589 0.0854676
3.59 0.0947785
3.591 0.0986937
3.592 0.0980889
3.593 0.090799
3.594 0.079549
3.595 0.0653391
3.596 0.0506212
3.597 0.0367736
3.598 0.0252914
3.599 0.016337
3.6 0.00995361
3.601 0.00576636
3.602 0.00143895
