#logm PDFlogm m(Ms) PDF
-0.04303 2.62567e-06 0.90567 1.25909e-06
-0.04103 1.34613e-05 0.90985 6.42542e-06
-0.03903 2.73556e-05 0.91405 1.29975e-05
-0.03703 6.42538e-05 0.918269 3.03888e-05
-0.03503 0.000268161 0.922508 0.000126244
-0.03303 0.000411555 0.926766 0.00019286
-0.03103 0.00112179 0.931044 0.000523269
-0.02903 0.00165092 0.935341 0.000766548
-0.02703 0.00387101 0.939658 0.00178911
-0.02503 0.00432665 0.943996 0.00199052
-0.02303 0.0080004 0.948353 0.00366375
-0.02103 0.0152882 0.95273 0.006969
-0.01903 0.012285 0.957128 0.0055743
-0.01703 0.0313516 0.961546 0.0141604
-0.01503 0.0334439 0.965984 0.0150359
-0.01303 0.0430148 0.970443 0.0192501
-0.01103 0.0509899 0.974922 0.0227143
-0.00902998 0.0426234 0.979422 0.0189
-0.00703001 0.0569965 0.983943 0.0251572
-0.00503001 0.0451457 0.988485 0.0198349
-0.00303 0.0575546 0.993047 0.0251706
-0.00103 0.0504041 0.997631 0.0219422
0.000970006 0.0518111 1.00224 0.0224511
0.00297001 0.0639252 1.00686 0.0275731
0.00497001 0.0415501 1.01151 0.0178396
0.00697002 0.0556285 1.01618 0.0237745
0.00896999 0.0399114 1.02087 0.016979
0.01097 0.0427242 1.02558 0.0180921
0.01297 0.0397356 1.03031 0.0167492
0.01497 0.0296609 1.03507 0.0124451
0.01697 0.0296121 1.03985 0.0123675
0.01897 0.0273783 1.04465 0.0113821
0.02097 0.0222304 1.04947 0.00919945
0.02297 0.0193431 1.05431 0.00796783
0.02497 0.0160512 1.05918 0.00658147
0.02697 0.0124835 1.06407 0.00509507
0.02897 0.0107049 1.06898 0.00434907
0.03097 0.00842716 1.07392 0.00340797
0.03297 0.00784582 1.07887 0.00315829
0.03497 0.00524151 1.08385 0.00210025
0.03697 0.00430706 1.08885 0.00171789
0.03897 0.00396744 1.09388 0.00157516
0.04097 0.00247387 1.09893 0.000977667
0.04297 0.001867 1.104 0.000734445
0.04497 0.00134356 1.1091 0.000526104
0.04697 0.00081492 1.11422 0.000317636
0.04897 0.000664142 1.11936 0.000257677
0.05097 0.000449564 1.12453 0.000173622
0.05297 0.0003177 1.12972 0.000122133
0.05497 0.000264618 1.13493 0.000101259
0.05697 0.000142154 1.14017 5.4147e-05
0.05897 9.21784e-05 1.14543 3.49497e-05
0.06097 6.95687e-05 1.15072 2.6256e-05
0.06297 3.77987e-05 1.15603 1.42001e-05
0.06497 2.76768e-05 1.16137 1.03497e-05
0.06697 1.65901e-05 1.16673 6.17538e-06
0.06897 8.78251e-06 1.17211 3.25412e-06
0.07097 6.21651e-06 1.17752 2.29277e-06
0.07297 3.3094e-06 1.18296 1.21496e-06
0.07497 2.30443e-06 1.18842 8.42128e-07
0.07697 1.17095e-06 1.19391 4.25944e-07
0.07897 6.36893e-07 1.19942 2.30611e-07
0.08097 3.99532e-07 1.20495 1.44001e-07
0.08297 1.91793e-07 1.21051 6.88092e-08
0.08497 1.01552e-07 1.2161 3.62662e-08
0.08697 6.21902e-08 1.22172 2.21073e-08
0.08897 3.2187e-08 1.22735 1.13892e-08
0.09097 1.41042e-08 1.23302 4.96778e-09
0.09297 7.45286e-09 1.23871 2.61299e-09
0.09497 4.1538e-09 1.24443 1.44964e-09
0.09697 1.71079e-09 1.25017 5.94306e-10
