#logm PDFlogm m(Ms) PDF
-0.04703 1.58133e-09 0.897367 7.6531e-10
-0.04503 1.07217e-08 0.901509 5.16507e-09
-0.04303 2.31023e-08 0.90567 1.10782e-08
-0.04103 8.06051e-08 0.90985 3.84749e-08
-0.03903 2.04295e-07 0.91405 9.70673e-08
-0.03703 3.95733e-07 0.918269 1.87162e-07
-0.03503 2.36827e-06 0.922508 1.11492e-06
-0.03303 6.02568e-06 0.926766 2.82371e-06
-0.03103 1.36844e-05 0.931044 6.38325e-06
-0.02903 2.54138e-05 0.935341 1.18001e-05
-0.02703 5.31483e-05 0.939658 2.45642e-05
-0.02503 5.66377e-05 0.943996 2.60567e-05
-0.02303 0.000112123 0.948353 5.13463e-05
-0.02103 0.000197861 0.95273 9.01932e-05
-0.01903 0.000226818 0.957128 0.000102918
-0.01703 0.00041815 0.961546 0.000188863
-0.01503 0.00053856 0.965984 0.00024213
-0.01303 0.000705995 0.970443 0.000315948
-0.01103 0.000798577 0.974922 0.000355739
-0.00902998 0.00108634 0.979422 0.000481704
-0.00703001 0.00132356 0.983943 0.000584193
-0.00503001 0.00158712 0.988485 0.000697307
-0.00303 0.00206722 0.993047 0.00090407
-0.00103 0.00214127 0.997631 0.00093215
0.000970006 0.00286285 1.00224 0.00124055
0.00297001 0.00316457 1.00686 0.00136499
0.00497001 0.00341104 1.01151 0.00146454
0.00697002 0.00430895 1.01618 0.00184156
0.00896999 0.00435056 1.02087 0.0018508
0.01097 0.00536532 1.02558 0.00227201
0.01297 0.00610591 1.03031 0.00257374
0.01497 0.00631838 1.03507 0.00265106
0.01697 0.00802368 1.03985 0.0033511
0.01897 0.00772192 1.04465 0.00321025
0.02097 0.0102576 1.04947 0.00424481
0.02297 0.0111545 1.05431 0.00459476
0.02497 0.0117465 1.05918 0.00481638
0.02697 0.0130358 1.06407 0.00532049
0.02897 0.0141003 1.06898 0.00572851
0.03097 0.0157284 1.07392 0.00636061
0.03297 0.016944 1.07887 0.00682073
0.03497 0.0183531 1.08385 0.00735398
0.03697 0.0190777 1.08885 0.00760922
0.03897 0.0204368 1.09388 0.00811384
0.04097 0.0215081 1.09893 0.00849995
0.04297 0.0241811 1.104 0.0095124
0.04497 0.0222247 1.1091 0.00870262
0.04697 0.0261059 1.11422 0.0101754
0.04897 0.0256967 1.11936 0.00996994
0.05097 0.0291764 1.12453 0.011268
0.05297 0.0287977 1.12972 0.0110706
0.05497 0.0293592 1.13493 0.0112346
0.05697 0.0307982 1.14017 0.0117311
0.05897 0.0309431 1.14543 0.0117322
0.06097 0.0284131 1.15072 0.0107234
0.06297 0.0325526 1.15603 0.0122293
0.06497 0.0288561 1.16137 0.0107908
0.06697 0.0288 1.16673 0.0107203
0.06897 0.0305258 1.17211 0.0113105
0.07097 0.027012 1.17752 0.00996257
0.07297 0.0288163 1.18296 0.0105792
0.07497 0.0257619 1.18842 0.00941439
0.07697 0.0259016 1.19391 0.00942194
0.07897 0.0265847 1.19942 0.00962601
0.08097 0.022179 1.20495 0.00799386
0.08297 0.0228247 1.21051 0.00818879
0.08497 0.0203215 1.2161 0.0072572
0.08697 0.0183333 1.22172 0.00651712
0.08897 0.0174203 1.22735 0.0061641
0.09097 0.0163056 1.23302 0.00574315
0.09297 0.0151584 1.23871 0.00531457
0.09497 0.0131486 1.24443 0.00458876
0.09697 0.0133216 1.25017 0.00462776
0.09897 0.0100353 1.25594 0.0034701
0.10097 0.00969866 1.26174 0.00333831
0.10297 0.00821742 1.26756 0.00281546
0.10497 0.00721055 1.27342 0.00245914
0.10697 0.00673182 1.27929 0.00228532
0.10897 0.00553019 1.2852 0.00186876
0.11097 0.00476817 1.29113 0.00160386
0.11297 0.00416458 1.29709 0.0013944
0.11497 0.00342449 1.30308 0.00114133
0.11697 0.00302575 1.30909 0.0010038
0.11897 0.002295 1.31513 0.000757873
0.12097 0.00201551 1.3212 0.000662519
0.12297 0.00156908 1.3273 0.000513403
0.12497 0.00137695 1.33343 0.000448469
0.12697 0.00111128 1.33958 0.000360279
0.12897 0.000854506 1.34577 0.000275759
0.13097 0.000719957 1.35198 0.000231271
0.13297 0.000567651 1.35822 0.000181508
0.13497 0.000452084 1.36449 0.000143891
0.13697 0.000349024 1.37079 0.000110578
0.13897 0.000270577 1.37711 8.53307e-05
0.14097 0.000179814 1.38347 5.64464e-05
0.14297 0.000154423 1.38986 4.82531e-05
0.14497 0.000112398 1.39627 3.49602e-05
0.14697 8.55813e-05 1.40272 2.64968e-05
0.14897 6.5667e-05 1.40919 2.02377e-05
0.15097 4.62337e-05 1.4157 1.41832e-05
0.15297 3.25862e-05 1.42223 9.95057e-06
0.15497 2.61936e-05 1.4288 7.96176e-06
0.15697 1.61509e-05 1.43539 4.88664e-06
0.15897 1.09066e-05 1.44202 3.28476e-06
0.16097 8.15284e-06 1.44867 2.44412e-06
0.16297 5.28174e-06 1.45536 1.57613e-06
0.16497 3.5282e-06 1.46208 1.04801e-06
0.16697 2.43376e-06 1.46882 7.19601e-07
0.16897 1.55874e-06 1.4756 4.58762e-07
0.17097 1.11798e-06 1.48242 3.27528e-07
0.17297 6.97832e-07 1.48926 2.035e-07
0.17497 4.71381e-07 1.49613 1.36831e-07
0.17697 2.50051e-07 1.50304 7.22507e-08
0.17897 1.4547e-07 1.50998 4.18396e-08
0.18097 9.30414e-08 1.51695 2.66373e-08
0.18297 5.73239e-08 1.52395 1.63362e-08
0.18497 3.2712e-08 1.53098 9.27943e-09
0.18697 2.08399e-08 1.53805 5.88452e-09
0.18897 1.19413e-08 1.54515 3.35633e-09
0.19097 6.58649e-09 1.55228 1.84276e-09
0.19297 4.19266e-09 1.55944 1.16763e-09
0.19497 2.07279e-09 1.56664 5.74605e-10
0.19697 1.14704e-09 1.57387 3.16513e-10
