#logm PDFlogm m(Ms) PDF
-0.04103 1.23934e-09 0.90985 5.91567e-10
-0.03903 6.63778e-09 0.91405 3.15382e-09
-0.03703 2.17837e-08 0.918269 1.03026e-08
-0.03503 5.86632e-07 0.922508 2.76172e-07
-0.03303 1.79042e-06 0.926766 8.39012e-07
-0.03103 4.85024e-06 0.931044 2.26244e-06
-0.02903 1.19004e-05 0.935341 5.52553e-06
-0.02703 2.9863e-05 0.939658 1.38022e-05
-0.02503 3.53786e-05 0.943996 1.62763e-05
-0.02303 7.45796e-05 0.948353 3.41534e-05
-0.02103 0.000152061 0.95273 6.93158e-05
-0.01903 0.000167918 0.957128 7.61925e-05
-0.01703 0.000281797 0.961546 0.000127277
-0.01503 0.000409854 0.965984 0.000184265
-0.01303 0.00049217 0.970443 0.000220257
-0.01103 0.000606135 0.974922 0.000270013
-0.00902998 0.000859675 0.979422 0.000381196
-0.00703001 0.00102796 0.983943 0.000453723
-0.00503001 0.00142894 0.988485 0.000627811
-0.00303 0.00175955 0.993047 0.000769514
-0.00103 0.00198241 0.997631 0.000862992
0.000970006 0.00246411 1.00224 0.00106776
0.00297001 0.00274426 1.00686 0.0011837
0.00497001 0.00316859 1.01151 0.00136044
0.00697002 0.00389658 1.01618 0.00166532
0.00896999 0.00395161 1.02087 0.00168108
0.01097 0.00499328 1.02558 0.00211447
0.01297 0.00532141 1.03031 0.00224306
0.01497 0.00583755 1.03507 0.00244932
0.01697 0.00743092 1.03985 0.00310353
0.01897 0.00732274 1.04465 0.00304431
0.02097 0.00903055 1.04947 0.00373705
0.02297 0.00941298 1.05431 0.00387741
0.02497 0.0109805 1.05918 0.00450231
0.02697 0.0114672 1.06407 0.00468029
0.02897 0.0126582 1.06898 0.00514264
0.03097 0.0145384 1.07392 0.00587938
0.03297 0.0150855 1.07887 0.00607261
0.03497 0.0175848 1.08385 0.00704615
0.03697 0.0171437 1.08885 0.00683785
0.03897 0.019528 1.09388 0.00775306
0.04097 0.0195085 1.09893 0.0077097
0.04297 0.0217049 1.104 0.00853831
0.04497 0.0220287 1.1091 0.00862586
0.04697 0.0242399 1.11422 0.0094481
0.04897 0.0258618 1.11936 0.010034
0.05097 0.02785 1.12453 0.0107557
0.05297 0.028659 1.12972 0.0110173
0.05497 0.0300766 1.13493 0.0115091
0.05697 0.0296424 1.14017 0.0112909
0.05897 0.0291182 1.14543 0.0110403
0.06097 0.0298377 1.15072 0.0112611
0.06297 0.0312954 1.15603 0.011757
0.06497 0.0294592 1.16137 0.0110163
0.06697 0.0286471 1.16673 0.0106634
0.06897 0.0295523 1.17211 0.0109498
0.07097 0.0294746 1.17752 0.0108708
0.07297 0.0298909 1.18296 0.0109737
0.07497 0.0275124 1.18842 0.0100541
0.07697 0.0255154 1.19391 0.00928145
0.07897 0.0264071 1.19942 0.00956168
0.08097 0.0250633 1.20495 0.00903342
0.08297 0.0243141 1.21051 0.00872315
0.08497 0.0223532 1.2161 0.00798277
0.08697 0.0206262 1.22172 0.00733218
0.08897 0.0185521 1.22735 0.00656459
0.09097 0.0169027 1.23302 0.00595348
0.09297 0.0158462 1.23871 0.00555572
0.09497 0.0151167 1.24443 0.0052756
0.09697 0.0144264 1.25017 0.00501154
0.09897 0.0119681 1.25594 0.00413847
0.10097 0.0113112 1.26174 0.00389334
0.10297 0.00930627 1.26756 0.00318852
0.10497 0.0078159 1.27342 0.00266559
0.10697 0.00725022 1.27929 0.00246131
0.10897 0.00649482 1.2852 0.00219473
0.11097 0.00547249 1.29113 0.00184077
0.11297 0.00477235 1.29709 0.00159789
0.11497 0.00406009 1.30308 0.00135316
0.11697 0.00358007 1.30909 0.0011877
0.11897 0.0027355 1.31513 0.000903341
0.12097 0.00222358 1.3212 0.000730914
0.12297 0.00186513 1.3273 0.000610272
0.12497 0.00162318 1.33343 0.000528666
0.12697 0.00131676 1.33958 0.000426896
0.12897 0.00102684 1.34577 0.000331372
0.13097 0.00086924 1.35198 0.000279225
0.13297 0.000700577 1.35822 0.000224011
0.13497 0.000551933 1.36449 0.000175671
0.13697 0.00044009 1.37079 0.00013943
0.13897 0.000315707 1.37711 9.95631e-05
0.14097 0.000230364 1.38347 7.2315e-05
0.14297 0.000182503 1.38986 5.70275e-05
0.14497 0.000138243 1.39627 4.29988e-05
0.14697 0.000104105 1.40272 3.22319e-05
0.14897 7.84863e-05 1.40919 2.41885e-05
0.15097 5.75512e-05 1.4157 1.7655e-05
0.15297 4.158e-05 1.42223 1.26969e-05
0.15497 3.26953e-05 1.4288 9.93801e-06
0.15697 1.99718e-05 1.43539 6.04272e-06
0.15897 1.34834e-05 1.44202 4.06081e-06
0.16097 9.73609e-06 1.44867 2.91876e-06
0.16297 6.60908e-06 1.45536 1.97222e-06
0.16497 4.41288e-06 1.46208 1.3108e-06
0.16697 3.13871e-06 1.46882 9.28036e-07
0.16897 1.94544e-06 1.4756 5.72575e-07
0.17097 1.38076e-06 1.48242 4.04514e-07
0.17297 8.77418e-07 1.48926 2.55871e-07
0.17497 5.90741e-07 1.49613 1.71479e-07
0.17697 3.06255e-07 1.50304 8.84906e-08
0.17897 1.86831e-07 1.50998 5.37357e-08
0.18097 1.15908e-07 1.51695 3.3184e-08
0.18297 7.2077e-08 1.52395 2.05405e-08
0.18497 4.10509e-08 1.53098 1.16449e-08
0.18697 2.49498e-08 1.53805 7.045e-09
0.18897 1.43886e-08 1.54515 4.0442e-09
0.19097 8.22936e-09 1.55228 2.3024e-09
0.19297 4.79471e-09 1.55944 1.33529e-09
0.19497 2.50063e-09 1.56664 6.93209e-10
0.19697 1.43717e-09 1.57387 3.96574e-10
