#logm logg JPDF
-0.04903 1.155 1.37023e-10 
-0.04703 1.15 3.01937e-10 
-0.04703 1.155 5.11434e-10 
-0.04703 1.16 2.45494e-10 
-0.04703 1.165 1.64069e-10 
-0.04503 1.145 1.30542e-10 
-0.04503 1.15 2.27477e-09 
-0.04503 1.155 2.19905e-09 
-0.04503 1.16 1.24536e-09 
-0.04503 1.165 7.09905e-10 
-0.04503 1.17 2.93101e-10 
-0.04503 1.175 1.51107e-10 
-0.04303 1.145 4.55049e-10 
-0.04303 1.15 4.61535e-09 
-0.04303 1.155 4.4959e-09 
-0.04303 1.16 2.96396e-09 
-0.04303 1.165 1.5667e-09 
-0.04303 1.17 9.4973e-10 
-0.04303 1.175 4.12431e-10 
-0.04303 1.18 1.86846e-10 
-0.04103 1.145 2.65717e-09 
-0.04103 1.15 1.6724e-08 
-0.04103 1.155 1.49099e-08 
-0.04103 1.16 1.05187e-08 
-0.04103 1.165 5.95106e-09 
-0.04103 1.17 3.29012e-09 
-0.04103 1.175 1.60072e-09 
-0.04103 1.18 6.9306e-10 
-0.04103 1.185 2.88136e-10 
-0.03903 1.145 3.28508e-09 
-0.03903 1.15 4.2748e-08 
-0.03903 1.155 3.71096e-08 
-0.03903 1.16 2.24111e-08 
-0.03903 1.165 1.63484e-08 
-0.03903 1.17 7.4757e-09 
-0.03903 1.175 4.26474e-09 
-0.03903 1.18 1.50506e-09 
-0.03903 1.185 7.40044e-10 
-0.03903 1.19 2.35694e-10 
-0.03703 1.145 1.12685e-08 
-0.03703 1.15 6.97524e-08 
-0.03703 1.155 6.46877e-08 
-0.03703 1.16 4.85525e-08 
-0.03703 1.165 2.97497e-08 
-0.03703 1.17 1.87634e-08 
-0.03703 1.175 9.79104e-09 
-0.03703 1.18 5.23162e-09 
-0.03703 1.185 2.01235e-09 
-0.03703 1.19 7.89279e-10 
-0.03703 1.195 2.12269e-10 
-0.03503 1.145 1.28022e-07 
-0.03503 1.15 3.37917e-07 
-0.03503 1.155 2.67508e-07 
-0.03503 1.16 2.25988e-07 
-0.03503 1.165 1.54082e-07 
-0.03503 1.17 9.22326e-08 
-0.03503 1.175 4.84262e-08 
-0.03503 1.18 2.27755e-08 
-0.03503 1.185 9.1795e-09 
-0.03503 1.19 3.25952e-09 
-0.03503 1.195 1.19737e-09 
-0.03503 1.2 3.46681e-10 
-0.03303 1.145 3.80157e-07 
-0.03303 1.15 9.30275e-07 
-0.03303 1.155 7.51735e-07 
-0.03303 1.16 5.81008e-07 
-0.03303 1.165 4.15609e-07 
-0.03303 1.17 1.85079e-07 
-0.03303 1.175 1.05472e-07 
-0.03303 1.18 4.09827e-08 
-0.03303 1.185 1.69317e-08 
-0.03303 1.19 6.51783e-09 
-0.03303 1.195 2.32306e-09 
-0.03303 1.2 5.70213e-10 
-0.03303 1.205 1.62642e-10 
-0.03103 1.145 6.38488e-07 
-0.03103 1.15 1.52708e-06 
-0.03103 1.155 1.4914e-06 
-0.03103 1.16 1.21529e-06 
-0.03103 1.165 8.23275e-07 
-0.03103 1.17 5.86071e-07 
-0.03103 1.175 3.24286e-07 
-0.03103 1.18 1.72954e-07 
-0.03103 1.185 7.09351e-08 
-0.03103 1.19 2.87278e-08 
-0.03103 1.195 9.08374e-09 
-0.03103 1.2 3.09396e-09 
-0.03103 1.205 7.83084e-10 
-0.03103 1.21 1.98189e-10 
-0.02903 1.145 1.53935e-06 
-0.02903 1.15 2.86102e-06 
-0.02903 1.155 2.6289e-06 
-0.02903 1.16 2.13332e-06 
-0.02903 1.165 1.58726e-06 
-0.02903 1.17 1.00602e-06 
-0.02903 1.175 5.70941e-07 
-0.02903 1.18 2.63372e-07 
-0.02903 1.185 1.24888e-07 
-0.02903 1.19 5.17965e-08 
-0.02903 1.195 1.77225e-08 
-0.02903 1.2 5.20894e-09 
-0.02903 1.205 1.43284e-09 
-0.02903 1.21 3.99904e-10 
-0.02703 1.145 2.79242e-06 
-0.02703 1.15 5.26288e-06 
-0.02703 1.155 5.21361e-06 
-0.02703 1.16 4.40053e-06 
-0.02703 1.165 3.13673e-06 
-0.02703 1.17 2.05585e-06 
-0.02703 1.175 1.27323e-06 
-0.02703 1.18 6.25689e-07 
-0.02703 1.185 3.02301e-07 
-0.02703 1.19 1.18457e-07 
-0.02703 1.195 4.20447e-08 
-0.02703 1.2 1.38161e-08 
-0.02703 1.205 3.85064e-09 
-0.02703 1.21 9.78575e-10 
-0.02703 1.215 1.97049e-10 
-0.02503 1.145 3.13484e-06 
-0.02503 1.15 5.70876e-06 
-0.02503 1.155 5.07389e-06 
-0.02503 1.16 4.68643e-06 
-0.02503 1.165 3.62277e-06 
-0.02503 1.17 2.1686e-06 
-0.02503 1.175 1.4502e-06 
-0.02503 1.18 7.4737e-07 
-0.02503 1.185 3.64772e-07 
-0.02503 1.19 1.43094e-07 
-0.02503 1.195 6.12395e-08 
-0.02503 1.2 1.85478e-08 
-0.02503 1.205 5.79833e-09 
-0.02503 1.21 1.40171e-09 
-0.02503 1.215 3.61275e-10 
-0.02303 1.14 3.74707e-08 
-0.02303 1.145 5.18527e-06 
-0.02303 1.15 9.64771e-06 
-0.02303 1.155 9.82347e-06 
-0.02303 1.16 8.67709e-06 
-0.02303 1.165 7.01751e-06 
-0.02303 1.17 5.05141e-06 
-0.02303 1.175 2.96976e-06 
-0.02303 1.18 1.65557e-06 
-0.02303 1.185 8.15969e-07 
-0.02303 1.19 3.54256e-07 
-0.02303 1.195 1.30162e-07 
-0.02303 1.2 4.69268e-08 
-0.02303 1.205 1.39628e-08 
-0.02303 1.21 3.7526e-09 
-0.02303 1.215 9.02062e-10 
-0.02303 1.22 1.83593e-10 
-0.02103 1.14 4.06801e-07 
-0.02103 1.145 9.24459e-06 
-0.02103 1.15 1.53716e-05 
-0.02103 1.155 1.70311e-05 
-0.02103 1.16 1.56863e-05 
-0.02103 1.165 1.20528e-05 
-0.02103 1.17 8.70539e-06 
-0.02103 1.175 5.46243e-06 
-0.02103 1.18 2.97497e-06 
-0.02103 1.185 1.49963e-06 
-0.02103 1.19 6.59731e-07 
-0.02103 1.195 2.57439e-07 
-0.02103 1.2 8.69092e-08 
-0.02103 1.205 2.72851e-08 
-0.02103 1.21 6.66459e-09 
-0.02103 1.215 1.54185e-09 
-0.02103 1.22 3.38066e-10 
-0.01903 1.14 4.83661e-07 
-0.01903 1.145 7.84465e-06 
-0.01903 1.15 1.38047e-05 
-0.01903 1.155 1.66997e-05 
-0.01903 1.16 1.6436e-05 
-0.01903 1.165 1.47069e-05 
-0.01903 1.17 1.07529e-05 
-0.01903 1.175 7.00131e-06 
-0.01903 1.18 3.91275e-06 
-0.01903 1.185 1.92305e-06 
-0.01903 1.19 9.42359e-07 
-0.01903 1.195 3.62948e-07 
-0.01903 1.2 1.3063e-07 
-0.01903 1.205 4.1873e-08 
-0.01903 1.21 1.17796e-08 
-0.01903 1.215 2.89784e-09 
-0.01903 1.22 6.53803e-10 
-0.01903 1.225 1.21257e-10 
-0.01703 1.14 1.36559e-06 
-0.01703 1.145 1.34208e-05 
-0.01703 1.15 2.26642e-05 
-0.01703 1.155 2.71533e-05 
-0.01703 1.16 2.75132e-05 
-0.01703 1.165 2.48732e-05 
-0.01703 1.17 1.87087e-05 
-0.01703 1.175 1.29304e-05 
-0.01703 1.18 8.28732e-06 
-0.01703 1.185 4.23975e-06 
-0.01703 1.19 2.03096e-06 
-0.01703 1.195 8.6402e-07 
-0.01703 1.2 3.14028e-07 
-0.01703 1.205 9.96876e-08 
-0.01703 1.21 2.89509e-08 
-0.01703 1.215 7.51335e-09 
-0.01703 1.22 1.58103e-09 
-0.01703 1.225 3.00724e-10 
-0.01503 1.14 1.59814e-06 
-0.01503 1.145 1.66325e-05 
-0.01503 1.15 2.70947e-05 
-0.01503 1.155 3.16606e-05 
-0.01503 1.16 3.2957e-05 
-0.01503 1.165 3.18434e-05 
-0.01503 1.17 2.62868e-05 
-0.01503 1.175 1.82416e-05 
-0.01503 1.18 1.11061e-05 
-0.01503 1.185 6.21755e-06 
-0.01503 1.19 3.04072e-06 
-0.01503 1.195 1.29792e-06 
-0.01503 1.2 4.61296e-07 
-0.01503 1.205 1.5695e-07 
-0.01503 1.21 4.6162e-08 
-0.01503 1.215 1.22694e-08 
-0.01503 1.22 2.63174e-09 
-0.01503 1.225 5.51356e-10 
-0.01303 1.14 2.07024e-06 
-0.01303 1.145 1.80931e-05 
-0.01303 1.15 3.30363e-05 
-0.01303 1.155 3.93323e-05 
-0.01303 1.16 4.53601e-05 
-0.01303 1.165 4.32488e-05 
-0.01303 1.17 3.58146e-05 
-0.01303 1.175 2.72667e-05 
-0.01303 1.18 1.72313e-05 
-0.01303 1.185 9.61787e-06 
-0.01303 1.19 4.59326e-06 
-0.01303 1.195 1.93278e-06 
-0.01303 1.2 6.90491e-07 
-0.01303 1.205 2.463e-07 
-0.01303 1.21 7.30445e-08 
-0.01303 1.215 1.93382e-08 
-0.01303 1.22 4.40783e-09 
-0.01303 1.225 8.91024e-10 
-0.01303 1.23 1.64262e-10 
-0.01103 1.14 2.62254e-06 
-0.01103 1.145 2.40778e-05 
-0.01103 1.15 4.31536e-05 
-0.01103 1.155 4.98595e-05 
-0.01103 1.16 5.24327e-05 
-0.01103 1.165 4.953e-05 
-0.01103 1.17 4.07651e-05 
-0.01103 1.175 3.08321e-05 
-0.01103 1.18 2.10059e-05 
-0.01103 1.185 1.13591e-05 
-0.01103 1.19 6.10578e-06 
-0.01103 1.195 2.69345e-06 
-0.01103 1.2 1.1464e-06 
-0.01103 1.205 3.82636e-07 
-0.01103 1.21 1.19306e-07 
-0.01103 1.215 3.07754e-08 
-0.01103 1.22 7.8185e-09 
-0.01103 1.225 1.69709e-09 
-0.01103 1.23 2.85451e-10 
-0.00902998 1.14 2.91119e-06 
-0.00902998 1.145 2.50724e-05 
-0.00902998 1.15 4.81496e-05 
-0.00902998 1.155 6.09423e-05 
-0.00902998 1.16 6.66412e-05 
-0.00902998 1.165 7.12327e-05 
-0.00902998 1.17 6.18073e-05 
-0.00902998 1.175 4.88752e-05 
-0.00902998 1.18 3.42765e-05 
-0.00902998 1.185 1.99651e-05 
-0.00902998 1.19 1.0642e-05 
-0.00902998 1.195 4.89547e-06 
-0.00902998 1.2 2.07852e-06 
-0.00902998 1.205 7.0117e-07 
-0.00902998 1.21 2.30023e-07 
-0.00902998 1.215 6.19314e-08 
-0.00902998 1.22 1.54056e-08 
-0.00902998 1.225 3.1149e-09 
-0.00902998 1.23 6.08936e-10 
-0.00703001 1.135 9.51339e-09 
-0.00703001 1.14 3.30933e-06 
-0.00703001 1.145 3.2411e-05 
-0.00703001 1.15 5.94959e-05 
-0.00703001 1.155 8.05292e-05 
-0.00703001 1.16 9.40719e-05 
-0.00703001 1.165 9.15056e-05 
-0.00703001 1.17 7.96401e-05 
-0.00703001 1.175 6.28497e-05 
-0.00703001 1.18 4.27451e-05 
-0.00703001 1.185 2.66915e-05 
-0.00703001 1.19 1.37874e-05 
-0.00703001 1.195 6.87261e-06 
-0.00703001 1.2 2.77555e-06 
-0.00703001 1.205 1.09029e-06 
-0.00703001 1.21 3.21909e-07 
-0.00703001 1.215 9.49173e-08 
-0.00703001 1.22 2.29989e-08 
-0.00703001 1.225 5.23744e-09 
-0.00703001 1.23 9.78663e-10 
-0.00703001 1.235 1.58746e-10 
-0.00503001 1.135 1.67171e-09 
-0.00503001 1.14 4.00956e-06 
-0.00503001 1.145 3.17023e-05 
-0.00503001 1.15 5.85916e-05 
-0.00503001 1.155 7.8955e-05 
-0.00503001 1.16 9.56561e-05 
-0.00503001 1.165 0.00010073 
-0.00503001 1.17 9.52752e-05 
-0.00503001 1.175 7.96431e-05 
-0.00503001 1.18 5.83128e-05 
-0.00503001 1.185 3.76381e-05 
-0.00503001 1.19 2.0015e-05 
-0.00503001 1.195 9.74905e-06 
-0.00503001 1.2 4.10849e-06 
-0.00503001 1.205 1.65839e-06 
-0.00503001 1.21 5.20907e-07 
-0.00503001 1.215 1.53966e-07 
-0.00503001 1.22 3.75283e-08 
-0.00503001 1.225 8.68749e-09 
-0.00503001 1.23 1.66203e-09 
-0.00503001 1.235 2.94798e-10 
-0.00303 1.135 1.51918e-08 
-0.00303 1.14 3.74075e-06 
-0.00303 1.145 4.04505e-05 
-0.00303 1.15 8.40755e-05 
-0.00303 1.155 0.000112644 
-0.00303 1.16 0.000141418 
-0.00303 1.165 0.000144809 
-0.00303 1.17 0.000141247 
-0.00303 1.175 0.000115521 
-0.00303 1.18 8.82534e-05 
-0.00303 1.185 5.44562e-05 
-0.00303 1.19 3.13475e-05 
-0.00303 1.195 1.53417e-05 
-0.00303 1.2 6.67895e-06 
-0.00303 1.205 2.58136e-06 
-0.00303 1.21 9.11435e-07 
-0.00303 1.215 2.70831e-07 
-0.00303 1.22 7.4967e-08 
-0.00303 1.225 1.71407e-08 
-0.00303 1.23 3.28928e-09 
-0.00303 1.235 6.08777e-10 
-0.00103 1.135 3.89643e-09 
-0.00103 1.14 3.85973e-06 
-0.00103 1.145 3.58073e-05 
-0.00103 1.15 6.95935e-05 
-0.00103 1.155 0.000102364 
-0.00103 1.16 0.000125099 
-0.00103 1.165 0.000149567 
-0.00103 1.17 0.000144416 
-0.00103 1.175 0.000122269 
-0.00103 1.18 9.34074e-05 
-0.00103 1.185 5.93547e-05 
-0.00103 1.19 3.42886e-05 
-0.00103 1.195 1.91553e-05 
-0.00103 1.2 8.64642e-06 
-0.00103 1.205 3.43134e-06 
-0.00103 1.21 1.22287e-06 
-0.00103 1.215 3.51777e-07 
-0.00103 1.22 1.0077e-07 
-0.00103 1.225 2.32245e-08 
-0.00103 1.23 4.70209e-09 
-0.00103 1.235 8.1106e-10 
-0.00103 1.24 1.29973e-10 
0.000970006 1.135 1.09904e-08 
0.000970006 1.14 4.37365e-06 
0.000970006 1.145 4.49028e-05 
0.000970006 1.15 9.51516e-05 
0.000970006 1.155 0.00014491 
0.000970006 1.16 0.000177201 
0.000970006 1.165 0.000213015 
0.000970006 1.17 0.000208916 
0.000970006 1.175 0.000190189 
0.000970006 1.18 0.000145198 
0.000970006 1.185 0.000104602 
0.000970006 1.19 5.87585e-05 
0.000970006 1.195 3.0445e-05 
0.000970006 1.2 1.38369e-05 
0.000970006 1.205 5.70822e-06 
0.000970006 1.21 2.0419e-06 
0.000970006 1.215 6.26388e-07 
0.000970006 1.22 1.78449e-07 
0.000970006 1.225 4.20715e-08 
0.000970006 1.23 9.07888e-09 
0.000970006 1.235 1.67758e-09 
0.000970006 1.24 2.67003e-10 
0.00297001 1.135 1.32189e-08 
0.00297001 1.14 5.57826e-06 
0.00297001 1.145 4.94086e-05 
0.00297001 1.15 9.98287e-05 
0.00297001 1.155 0.000156363 
0.00297001 1.16 0.000203563 
0.00297001 1.165 0.000235532 
0.00297001 1.17 0.000231056 
0.00297001 1.175 0.000214345 
0.00297001 1.18 0.000164695 
0.00297001 1.185 0.000118099 
0.00297001 1.19 7.33664e-05 
0.00297001 1.195 3.88548e-05 
0.00297001 1.2 1.77512e-05 
0.00297001 1.205 8.05314e-06 
0.00297001 1.21 2.89164e-06 
0.00297001 1.215 9.24091e-07 
0.00297001 1.22 2.50828e-07 
0.00297001 1.225 6.46314e-08 
0.00297001 1.23 1.33169e-08 
0.00297001 1.235 2.3737e-09 
0.00297001 1.24 4.20895e-10 
0.00497001 1.135 5.7588e-09 
0.00497001 1.14 3.78593e-06 
0.00497001 1.145 3.85479e-05 
0.00497001 1.15 8.73526e-05 
0.00497001 1.155 0.000138517 
0.00497001 1.16 0.0001888 
0.00497001 1.165 0.000224799 
0.00497001 1.17 0.000255572 
0.00497001 1.175 0.000244743 
0.00497001 1.18 0.000200399 
0.00497001 1.185 0.000143651 
0.00497001 1.19 9.58611e-05 
0.00497001 1.195 5.12265e-05 
0.00497001 1.2 2.58812e-05 
0.00497001 1.205 1.12579e-05 
0.00497001 1.21 4.22687e-06 
0.00497001 1.215 1.53542e-06 
0.00497001 1.22 4.35999e-07 
0.00497001 1.225 1.14144e-07 
0.00497001 1.23 2.48113e-08 
0.00497001 1.235 5.08039e-09 
0.00497001 1.24 8.08702e-10 
0.00497001 1.245 1.20327e-10 
0.00697002 1.135 1.23046e-08 
0.00697002 1.14 4.48778e-06 
0.00697002 1.145 4.74005e-05 
0.00697002 1.15 0.000106289 
0.00697002 1.155 0.00016932 
0.00697002 1.16 0.000245281 
0.00697002 1.165 0.000294254 
0.00697002 1.17 0.000329271 
0.00697002 1.175 0.000310068 
0.00697002 1.18 0.000275896 
0.00697002 1.185 0.000206585 
0.00697002 1.19 0.000141227 
0.00697002 1.195 8.05484e-05 
0.00697002 1.2 4.15225e-05 
0.00697002 1.205 1.89047e-05 
0.00697002 1.21 7.42132e-06 
0.00697002 1.215 2.46224e-06 
0.00697002 1.22 7.23019e-07 
0.00697002 1.225 1.9314e-07 
0.00697002 1.23 4.30237e-08 
0.00697002 1.235 8.49816e-09 
0.00697002 1.24 1.41879e-09 
0.00697002 1.245 2.01715e-10 
0.00896999 1.135 2.98523e-09 
0.00896999 1.14 3.88994e-06 
0.00896999 1.145 3.83337e-05 
0.00896999 1.15 9.31164e-05 
0.00896999 1.155 0.000151732 
0.00896999 1.16 0.000230363 
0.00896999 1.165 0.00028334 
0.00896999 1.17 0.000333083 
0.00896999 1.175 0.000321874 
0.00896999 1.18 0.000290364 
0.00896999 1.185 0.000214419 
0.00896999 1.19 0.000153418 
0.00896999 1.195 9.4616e-05 
0.00896999 1.2 5.19939e-05 
0.00896999 1.205 2.21907e-05 
0.00896999 1.21 9.60501e-06 
0.00896999 1.215 3.24854e-06 
0.00896999 1.22 9.86716e-07 
0.00896999 1.225 2.63122e-07 
0.00896999 1.23 5.99655e-08 
0.00896999 1.235 1.23096e-08 
0.00896999 1.24 2.17872e-09 
0.00896999 1.245 3.72427e-10 
0.01097 1.135 1.78288e-08 
0.01097 1.14 4.12709e-06 
0.01097 1.145 4.2464e-05 
0.01097 1.15 0.000101619 
0.01097 1.155 0.000177522 
0.01097 1.16 0.000260675 
0.01097 1.165 0.000360182 
0.01097 1.17 0.000431548 
0.01097 1.175 0.000445126 
0.01097 1.18 0.000394317 
0.01097 1.185 0.000323539 
0.01097 1.19 0.000225867 
0.01097 1.195 0.000140156 
0.01097 1.2 7.67308e-05 
0.01097 1.205 3.58155e-05 
0.01097 1.21 1.5058e-05 
0.01097 1.215 5.69878e-06 
0.01097 1.22 1.92775e-06 
0.01097 1.225 5.10996e-07 
0.01097 1.23 1.27314e-07 
0.01097 1.235 2.57437e-08 
0.01097 1.24 4.91351e-09 
0.01097 1.245 7.55041e-10 
0.01097 1.25 1.0413e-10 
0.01297 1.135 1.49913e-09 
0.01297 1.14 4.39221e-06 
0.01297 1.145 4.37514e-05 
0.01297 1.15 9.87403e-05 
0.01297 1.155 0.000182098 
0.01297 1.16 0.000293463 
0.01297 1.165 0.0004012 
0.01297 1.17 0.000480654 
0.01297 1.175 0.000506611 
0.01297 1.18 0.000446018 
0.01297 1.185 0.000366524 
0.01297 1.19 0.000263475 
0.01297 1.195 0.000162654 
0.01297 1.2 8.57484e-05 
0.01297 1.205 4.31868e-05 
0.01297 1.21 1.75064e-05 
0.01297 1.215 7.04694e-06 
0.01297 1.22 2.27308e-06 
0.01297 1.225 6.9942e-07 
0.01297 1.23 1.73609e-07 
0.01297 1.235 3.72303e-08 
0.01297 1.24 6.67503e-09 
0.01297 1.245 1.0386e-09 
0.01297 1.25 1.49652e-10 
0.01497 1.135 8.46389e-09 
0.01497 1.14 3.61878e-06 
0.01497 1.145 3.58986e-05 
0.01497 1.15 8.81362e-05 
0.01497 1.155 0.000162054 
0.01497 1.16 0.000259757 
0.01497 1.165 0.00037258 
0.01497 1.17 0.000477576 
0.01497 1.175 0.000519088 
0.01497 1.18 0.000506279 
0.01497 1.185 0.000441041 
0.01497 1.19 0.000335494 
0.01497 1.195 0.000226114 
0.01497 1.2 0.000135535 
0.01497 1.205 6.84533e-05 
0.01497 1.21 3.00519e-05 
0.01497 1.215 1.16056e-05 
0.01497 1.22 3.8975e-06 
0.01497 1.225 1.17192e-06 
0.01497 1.23 3.00036e-07 
0.01497 1.235 7.05791e-08 
0.01497 1.24 1.40209e-08 
0.01497 1.245 2.35555e-09 
0.01497 1.25 3.28558e-10 
0.01697 1.135 2.83119e-09 
0.01697 1.14 2.60834e-06 
0.01697 1.145 3.61806e-05 
0.01697 1.15 9.5946e-05 
0.01697 1.155 0.000179053 
0.01697 1.16 0.000319673 
0.01697 1.165 0.000446435 
0.01697 1.17 0.000586543 
0.01697 1.175 0.000675051 
0.01697 1.18 0.000709039 
0.01697 1.185 0.000612061 
0.01697 1.19 0.00047613 
0.01697 1.195 0.000325567 
0.01697 1.2 0.000194952 
0.01697 1.205 0.000100377 
0.01697 1.21 4.5368e-05 
0.01697 1.215 1.65715e-05 
0.01697 1.22 5.7713e-06 
0.01697 1.225 1.70289e-06 
0.01697 1.23 4.26773e-07 
0.01697 1.235 9.95156e-08 
0.01697 1.24 1.94318e-08 
0.01697 1.245 3.19106e-09 
0.01697 1.25 4.66507e-10 
0.01897 1.135 4.55047e-09 
0.01897 1.14 2.61007e-06 
0.01897 1.145 3.14568e-05 
0.01897 1.15 8.51153e-05 
0.01897 1.155 0.000153698 
0.01897 1.16 0.000277723 
0.01897 1.165 0.000417667 
0.01897 1.17 0.000588215 
0.01897 1.175 0.000655119 
0.01897 1.18 0.000682532 
0.01897 1.185 0.000579551 
0.01897 1.19 0.000488765 
0.01897 1.195 0.000316908 
0.01897 1.2 0.00019574 
0.01897 1.205 0.00010558 
0.01897 1.21 5.04328e-05 
0.01897 1.215 2.17759e-05 
0.01897 1.22 7.79678e-06 
0.01897 1.225 2.46702e-06 
0.01897 1.23 6.8173e-07 
0.01897 1.235 1.59213e-07 
0.01897 1.24 3.32599e-08 
0.01897 1.245 5.71203e-09 
0.01897 1.25 8.82034e-10 
0.01897 1.255 1.1686e-10 
0.02097 1.135 6.03774e-09 
0.02097 1.14 2.6912e-06 
0.02097 1.145 3.10445e-05 
0.02097 1.15 8.62065e-05 
0.02097 1.155 0.000178537 
0.02097 1.16 0.000326778 
0.02097 1.165 0.000515684 
0.02097 1.17 0.000698637 
0.02097 1.175 0.000861975 
0.02097 1.18 0.000945349 
0.02097 1.185 0.00090074 
0.02097 1.19 0.000733204 
0.02097 1.195 0.000533754 
0.02097 1.2 0.000345233 
0.02097 1.205 0.000185533 
0.02097 1.21 9.13841e-05 
0.02097 1.215 3.7798e-05 
0.02097 1.22 1.39937e-05 
0.02097 1.225 4.36663e-06 
0.02097 1.23 1.25931e-06 
0.02097 1.235 2.99931e-07 
0.02097 1.24 6.05317e-08 
0.02097 1.245 1.08857e-08 
0.02097 1.25 1.73497e-09 
0.02097 1.255 2.1844e-10 
0.02297 1.135 1.88607e-09 
0.02297 1.14 2.36543e-06 
0.02297 1.145 2.66129e-05 
0.02297 1.15 7.58664e-05 
0.02297 1.155 0.000174147 
0.02297 1.16 0.000315214 
0.02297 1.165 0.00054018 
0.02297 1.17 0.000740344 
0.02297 1.175 0.000949807 
0.02297 1.18 0.00101852 
0.02297 1.185 0.000989185 
0.02297 1.19 0.000800762 
0.02297 1.195 0.000599694 
0.02297 1.2 0.000364997 
0.02297 1.205 0.000212404 
0.02297 1.21 0.000103505 
0.02297 1.215 4.47695e-05 
0.02297 1.22 1.61507e-05 
0.02297 1.225 4.97766e-06 
0.02297 1.23 1.37216e-06 
0.02297 1.235 3.54635e-07 
0.02297 1.24 7.59743e-08 
0.02297 1.245 1.38233e-08 
0.02297 1.25 2.49002e-09 
0.02297 1.255 3.25619e-10 
0.02497 1.135 2.15082e-09 
0.02497 1.14 2.49927e-06 
0.02497 1.145 2.34067e-05 
0.02497 1.15 6.79418e-05 
0.02497 1.155 0.0001483 
0.02497 1.16 0.000288217 
0.02497 1.165 0.000485854 
0.02497 1.17 0.000731955 
0.02497 1.175 0.000943982 
0.02497 1.18 0.00110774 
0.02497 1.185 0.00111898 
0.02497 1.19 0.000973818 
0.02497 1.195 0.000745944 
0.02497 1.2 0.000479738 
0.02497 1.205 0.000292812 
0.02497 1.21 0.000143494 
0.02497 1.215 6.647e-05 
0.02497 1.22 2.59557e-05 
0.02497 1.225 9.00841e-06 
0.02497 1.23 2.49681e-06 
0.02497 1.235 5.97728e-07 
0.02497 1.24 1.38128e-07 
0.02497 1.245 2.51633e-08 
0.02497 1.25 4.31347e-09 
0.02497 1.255 6.27855e-10 
0.02697 1.135 2.52184e-09 
0.02697 1.14 1.53772e-06 
0.02697 1.145 1.78522e-05 
0.02697 1.15 5.55051e-05 
0.02697 1.155 0.000133305 
0.02697 1.16 0.000270662 
0.02697 1.165 0.000479562 
0.02697 1.17 0.000775016 
0.02697 1.175 0.00106302 
0.02697 1.18 0.00124567 
0.02697 1.185 0.00127249 
0.02697 1.19 0.0011553 
0.02697 1.195 0.000903715 
0.02697 1.2 0.000637928 
0.02697 1.205 0.000377387 
0.02697 1.21 0.000192989 
0.02697 1.215 8.73672e-05 
0.02697 1.22 3.68604e-05 
0.02697 1.225 1.16667e-05 
0.02697 1.23 3.64757e-06 
0.02697 1.235 9.53655e-07 
0.02697 1.24 2.24598e-07 
0.02697 1.245 4.30775e-08 
0.02697 1.25 7.12309e-09 
0.02697 1.255 1.05918e-09 
0.02697 1.26 1.18673e-10 
0.02897 1.135 1.42385e-09 
0.02897 1.14 1.34442e-06 
0.02897 1.145 1.82822e-05 
0.02897 1.15 5.21791e-05 
0.02897 1.155 0.000125561 
0.02897 1.16 0.000266762 
0.02897 1.165 0.000501524 
0.02897 1.17 0.000810886 
0.02897 1.175 0.00110616 
0.02897 1.18 0.00127594 
0.02897 1.185 0.00139592 
0.02897 1.19 0.00128017 
0.02897 1.195 0.0010427 
0.02897 1.2 0.00074772 
0.02897 1.205 0.000451549 
0.02897 1.21 0.000237462 
0.02897 1.215 0.000113788 
0.02897 1.22 4.45735e-05 
0.02897 1.225 1.61097e-05 
0.02897 1.23 5.15619e-06 
0.02897 1.235 1.35867e-06 
0.02897 1.24 3.12858e-07 
0.02897 1.245 5.96687e-08 
0.02897 1.25 1.00691e-08 
0.02897 1.255 1.51394e-09 
0.02897 1.26 1.99036e-10 
0.03097 1.135 9.52362e-10 
0.03097 1.14 1.02203e-06 
0.03097 1.145 1.4657e-05 
0.03097 1.15 4.78866e-05 
0.03097 1.155 0.000124492 
0.03097 1.16 0.000253918 
0.03097 1.165 0.000498951 
0.03097 1.17 0.000800902 
0.03097 1.175 0.00118078 
0.03097 1.18 0.00151555 
0.03097 1.185 0.00167624 
0.03097 1.19 0.00153411 
0.03097 1.195 0.00133773 
0.03097 1.2 0.000939638 
0.03097 1.205 0.000633511 
0.03097 1.21 0.000345588 
0.03097 1.215 0.0001682 
0.03097 1.22 6.97015e-05 
0.03097 1.225 2.63353e-05 
0.03097 1.23 7.86868e-06 
0.03097 1.235 2.23275e-06 
0.03097 1.24 5.16918e-07 
0.03097 1.245 1.09475e-07 
0.03097 1.25 2.04049e-08 
0.03097 1.255 3.20068e-09 
0.03097 1.26 4.23367e-10 
0.03297 1.135 2.5418e-10 
0.03297 1.14 1.06972e-06 
0.03297 1.145 1.29521e-05 
0.03297 1.15 4.3342e-05 
0.03297 1.155 0.000103783 
0.03297 1.16 0.000234651 
0.03297 1.165 0.00046356 
0.03297 1.17 0.000790742 
0.03297 1.175 0.00123222 
0.03297 1.18 0.00150418 
0.03297 1.185 0.00175352 
0.03297 1.19 0.0017773 
0.03297 1.195 0.00157148 
0.03297 1.2 0.00119106 
0.03297 1.205 0.000753763 
0.03297 1.21 0.000415183 
0.03297 1.215 0.00020325 
0.03297 1.22 8.86852e-05 
0.03297 1.225 3.36221e-05 
0.03297 1.23 1.13125e-05 
0.03297 1.235 3.11404e-06 
0.03297 1.24 7.34625e-07 
0.03297 1.245 1.50332e-07 
0.03297 1.25 2.89864e-08 
0.03297 1.255 4.6499e-09 
0.03297 1.26 5.82348e-10 
0.03497 1.135 1.62951e-09 
0.03497 1.14 6.48032e-07 
0.03497 1.145 9.75272e-06 
0.03497 1.15 3.3714e-05 
0.03497 1.155 8.98601e-05 
0.03497 1.16 0.000206617 
0.03497 1.165 0.00041547 
0.03497 1.17 0.000754403 
0.03497 1.175 0.00116416 
0.03497 1.18 0.00162665 
0.03497 1.185 0.00192129 
0.03497 1.19 0.00202675 
0.03497 1.195 0.00177907 
0.03497 1.2 0.00135636 
0.03497 1.205 0.000899946 
0.03497 1.21 0.00055878 
0.03497 1.215 0.000299988 
0.03497 1.22 0.000125454 
0.03497 1.225 4.75166e-05 
0.03497 1.23 1.66225e-05 
0.03497 1.235 4.75593e-06 
0.03497 1.24 1.23219e-06 
0.03497 1.245 2.68822e-07 
0.03497 1.25 5.31438e-08 
0.03497 1.255 8.25293e-09 
0.03497 1.26 1.09069e-09 
0.03697 1.135 5.36822e-10 
0.03697 1.14 5.5086e-07 
0.03697 1.145 7.86646e-06 
0.03697 1.15 2.90597e-05 
0.03697 1.155 8.26916e-05 
0.03697 1.16 0.000199445 
0.03697 1.165 0.000391852 
0.03697 1.17 0.000736645 
0.03697 1.175 0.00117005 
0.03697 1.18 0.00168235 
0.03697 1.185 0.00203024 
0.03697 1.19 0.00213325 
0.03697 1.195 0.0019087 
0.03697 1.2 0.00157655 
0.03697 1.205 0.00117738 
0.03697 1.21 0.000694813 
0.03697 1.215 0.000359872 
0.03697 1.22 0.000177164 
0.03697 1.225 7.25834e-05 
0.03697 1.23 2.54378e-05 
0.03697 1.235 7.95119e-06 
0.03697 1.24 2.03953e-06 
0.03697 1.245 4.39419e-07 
0.03697 1.25 8.3591e-08 
0.03697 1.255 1.31451e-08 
0.03697 1.26 1.98648e-09 
0.03697 1.265 1.28467e-10 
0.03897 1.135 1.08863e-09 
0.03897 1.14 4.6193e-07 
0.03897 1.145 7.25845e-06 
0.03897 1.15 2.66996e-05 
0.03897 1.155 7.27111e-05 
0.03897 1.16 0.000185118 
0.03897 1.165 0.00037507 
0.03897 1.17 0.000710202 
0.03897 1.175 0.00114993 
0.03897 1.18 0.00171596 
0.03897 1.185 0.00198529 
0.03897 1.19 0.0023151 
0.03897 1.195 0.00217983 
0.03897 1.2 0.00186072 
0.03897 1.205 0.0012616 
0.03897 1.21 0.000763281 
0.03897 1.215 0.000446502 
0.03897 1.22 0.00019124 
0.03897 1.225 8.55637e-05 
0.03897 1.23 3.01325e-05 
0.03897 1.235 9.03091e-06 
0.03897 1.24 2.53441e-06 
0.03897 1.245 6.19325e-07 
0.03897 1.25 1.14252e-07 
0.03897 1.255 1.91822e-08 
0.03897 1.26 2.71924e-09 
0.03897 1.265 1.78304e-10 
0.04097 1.135 1.30941e-10 
0.04097 1.14 3.48577e-07 
0.04097 1.145 4.79504e-06 
0.04097 1.15 1.83663e-05 
0.04097 1.155 5.21645e-05 
0.04097 1.16 0.000137675 
0.04097 1.165 0.000325022 
0.04097 1.17 0.000641162 
0.04097 1.175 0.00115495 
0.04097 1.18 0.0017372 
0.04097 1.185 0.00218618 
0.04097 1.19 0.00252701 
0.04097 1.195 0.00248319 
0.04097 1.2 0.00208858 
0.04097 1.205 0.00167753 
0.04097 1.21 0.00106065 
0.04097 1.215 0.000604031 
0.04097 1.22 0.000302889 
0.04097 1.225 0.000129444 
0.04097 1.23 5.10828e-05 
0.04097 1.235 1.62793e-05 
0.04097 1.24 4.29886e-06 
0.04097 1.245 9.9692e-07 
0.04097 1.25 2.09949e-07 
0.04097 1.255 3.56535e-08 
0.04097 1.26 5.38107e-09 
0.04097 1.265 3.23463e-10 
0.04297 1.135 4.53249e-10 
0.04297 1.14 2.62082e-07 
0.04297 1.145 4.59023e-06 
0.04297 1.15 1.70902e-05 
0.04297 1.155 5.37953e-05 
0.04297 1.16 0.000142794 
0.04297 1.165 0.000344704 
0.04297 1.17 0.000672544 
0.04297 1.175 0.00119685 
0.04297 1.18 0.00178875 
0.04297 1.185 0.00241614 
0.04297 1.19 0.00289166 
0.04297 1.195 0.00294267 
0.04297 1.2 0.00262198 
0.04297 1.205 0.00192311 
0.04297 1.21 0.00132234 
0.04297 1.215 0.000719539 
0.04297 1.22 0.000358325 
0.04297 1.225 0.000155633 
0.04297 1.23 5.90107e-05 
0.04297 1.235 1.95922e-05 
0.04297 1.24 5.37429e-06 
0.04297 1.245 1.26261e-06 
0.04297 1.25 2.90556e-07 
0.04297 1.255 5.46032e-08 
0.04297 1.26 7.5674e-09 
0.04297 1.265 4.69139e-10 
0.04497 1.14 1.74371e-07 
0.04497 1.145 2.96868e-06 
0.04497 1.15 1.29381e-05 
0.04497 1.155 3.93598e-05 
0.04497 1.16 0.000115451 
0.04497 1.165 0.000261958 
0.04497 1.17 0.000514009 
0.04497 1.175 0.00092783 
0.04497 1.18 0.00155244 
0.04497 1.185 0.00202963 
0.04497 1.19 0.00259811 
0.04497 1.195 0.00275415 
0.04497 1.2 0.00236812 
0.04497 1.205 0.00208225 
0.04497 1.21 0.00142522 
0.04497 1.215 0.000863243 
0.04497 1.22 0.000480557 
0.04497 1.225 0.000223126 
0.04497 1.23 8.99602e-05 
0.04497 1.235 3.00371e-05 
0.04497 1.24 8.61017e-06 
0.04497 1.245 2.10431e-06 
0.04497 1.25 4.31563e-07 
0.04497 1.255 8.73058e-08 
0.04497 1.26 1.33427e-08 
0.04497 1.265 9.34702e-10 
0.04697 1.135 1.52084e-10 
0.04697 1.14 9.30642e-08 
0.04697 1.145 1.91964e-06 
0.04697 1.15 7.93636e-06 
0.04697 1.155 2.99623e-05 
0.04697 1.16 8.8227e-05 
0.04697 1.165 0.0002237 
0.04697 1.17 0.000534454 
0.04697 1.175 0.000991478 
0.04697 1.18 0.00166195 
0.04697 1.185 0.0025127 
0.04697 1.19 0.0030414 
0.04697 1.195 0.00347115 
0.04697 1.2 0.0031459 
0.04697 1.205 0.00256837 
0.04697 1.21 0.00184238 
0.04697 1.215 0.00109635 
0.04697 1.22 0.000613213 
0.04697 1.225 0.000265565 
0.04697 1.23 0.000110308 
0.04697 1.235 3.58592e-05 
0.04697 1.24 9.90865e-06 
0.04697 1.245 2.78602e-06 
0.04697 1.25 6.22251e-07 
0.04697 1.255 1.19402e-07 
0.04697 1.26 1.75059e-08 
0.04697 1.265 1.10899e-09 
0.04897 1.14 1.14317e-07 
0.04897 1.145 1.61559e-06 
0.04897 1.15 7.4514e-06 
0.04897 1.155 2.60823e-05 
0.04897 1.16 7.78886e-05 
0.04897 1.165 0.000215903 
0.04897 1.17 0.000456551 
0.04897 1.175 0.00098795 
0.04897 1.18 0.00162605 
0.04897 1.185 0.00239405 
0.04897 1.19 0.00274723 
0.04897 1.195 0.00335596 
0.04897 1.2 0.00326193 
0.04897 1.205 0.00267423 
0.04897 1.21 0.00205157 
0.04897 1.215 0.00128112 
0.04897 1.22 0.000686411 
0.04897 1.225 0.000337812 
0.04897 1.23 0.000144219 
0.04897 1.235 5.0979e-05 
0.04897 1.24 1.69965e-05 
0.04897 1.245 4.46633e-06 
0.04897 1.25 9.72322e-07 
0.04897 1.255 1.88914e-07 
0.04897 1.26 3.29506e-08 
0.04897 1.265 2.09013e-09 
0.05097 1.14 6.21653e-08 
0.05097 1.145 1.27154e-06 
0.05097 1.15 5.39376e-06 
0.05097 1.155 1.982e-05 
0.05097 1.16 6.00044e-05 
0.05097 1.165 0.000169392 
0.05097 1.17 0.000377491 
0.05097 1.175 0.000809954 
0.05097 1.18 0.00146651 
0.05097 1.185 0.00238487 
0.05097 1.19 0.00326216 
0.05097 1.195 0.0037777 
0.05097 1.2 0.00383392 
0.05097 1.205 0.0033639 
0.05097 1.21 0.00266183 
0.05097 1.215 0.00172741 
0.05097 1.22 0.000961801 
0.05097 1.225 0.000458616 
0.05097 1.23 0.000204647 
0.05097 1.235 7.51382e-05 
0.05097 1.24 2.42002e-05 
0.05097 1.245 6.2213e-06 
0.05097 1.25 1.45143e-06 
0.05097 1.255 2.94675e-07 
0.05097 1.26 4.66172e-08 
0.05097 1.265 3.76259e-09 
0.05297 1.14 4.33021e-08 
0.05297 1.145 8.12587e-07 
0.05297 1.15 4.52879e-06 
0.05297 1.155 1.7683e-05 
0.05297 1.16 5.30607e-05 
0.05297 1.165 0.000147736 
0.05297 1.17 0.000364597 
0.05297 1.175 0.000786817 
0.05297 1.18 0.00146028 
0.05297 1.185 0.00239212 
0.05297 1.19 0.00319412 
0.05297 1.195 0.00372926 
0.05297 1.2 0.00403578 
0.05297 1.205 0.00354871 
0.05297 1.21 0.00278471 
0.05297 1.215 0.00189387 
0.05297 1.22 0.00110792 
0.05297 1.225 0.000543079 
0.05297 1.23 0.000238343 
0.05297 1.235 8.77883e-05 
0.05297 1.24 2.74347e-05 
0.05297 1.245 7.75114e-06 
0.05297 1.25 1.98212e-06 
0.05297 1.255 3.90723e-07 
0.05297 1.26 6.75181e-08 
0.05297 1.265 5.49046e-09 
0.05497 1.14 3.31658e-08 
0.05497 1.145 6.5971e-07 
0.05497 1.15 3.07509e-06 
0.05497 1.155 1.27584e-05 
0.05497 1.16 4.53154e-05 
0.05497 1.165 0.000131841 
0.05497 1.17 0.000315277 
0.05497 1.175 0.000699199 
0.05497 1.18 0.00132642 
0.05497 1.185 0.00213037 
0.05497 1.19 0.00304572 
0.05497 1.195 0.00359465 
0.05497 1.2 0.00401402 
0.05497 1.205 0.00382225 
0.05497 1.21 0.00312553 
0.05497 1.215 0.00210971 
0.05497 1.22 0.00130665 
0.05497 1.225 0.000658922 
0.05497 1.23 0.000313716 
0.05497 1.235 0.000124253 
0.05497 1.24 4.05076e-05 
0.05497 1.245 1.1792e-05 
0.05497 1.25 3.01222e-06 
0.05497 1.255 6.21177e-07 
0.05497 1.26 1.11098e-07 
0.05497 1.265 8.23007e-09 
0.05697 1.14 1.93596e-08 
0.05697 1.145 4.21229e-07 
0.05697 1.15 2.20932e-06 
0.05697 1.155 9.39249e-06 
0.05697 1.16 3.15821e-05 
0.05697 1.165 9.26225e-05 
0.05697 1.17 0.000259887 
0.05697 1.175 0.000592221 
0.05697 1.18 0.00118715 
0.05697 1.185 0.0020568 
0.05697 1.19 0.003097 
0.05697 1.195 0.00389957 
0.05697 1.2 0.00426788 
0.05697 1.205 0.00443021 
0.05697 1.21 0.00355566 
0.05697 1.215 0.00256859 
0.05697 1.22 0.00153493 
0.05697 1.225 0.000831652 
0.05697 1.23 0.000394676 
0.05697 1.235 0.000157153 
0.05697 1.24 5.41973e-05 
0.05697 1.245 1.64504e-05 
0.05697 1.25 4.25356e-06 
0.05697 1.255 8.799e-07 
0.05697 1.26 1.62706e-07 
0.05697 1.265 1.49091e-08 
0.05897 1.14 1.29668e-08 
0.05897 1.145 2.79152e-07 
0.05897 1.15 1.57413e-06 
0.05897 1.155 6.57542e-06 
0.05897 1.16 2.47521e-05 
0.05897 1.165 7.65693e-05 
0.05897 1.17 0.000226064 
0.05897 1.175 0.000537295 
0.05897 1.18 0.0010568 
0.05897 1.185 0.00189736 
0.05897 1.19 0.00286156 
0.05897 1.195 0.00379011 
0.05897 1.2 0.00459401 
0.05897 1.205 0.0045046 
0.05897 1.21 0.00390297 
0.05897 1.215 0.00285778 
0.05897 1.22 0.00188348 
0.05897 1.225 0.00104437 
0.05897 1.23 0.000543879 
0.05897 1.235 0.000212334 
0.05897 1.24 7.4558e-05 
0.05897 1.245 2.03695e-05 
0.05897 1.25 5.21018e-06 
0.05897 1.255 1.12339e-06 
0.05897 1.26 2.09441e-07 
0.05897 1.265 1.49191e-08 
0.06097 1.14 8.47787e-09 
0.06097 1.145 1.92951e-07 
0.06097 1.15 1.03322e-06 
0.06097 1.155 4.64679e-06 
0.06097 1.16 1.73825e-05 
0.06097 1.165 5.75196e-05 
0.06097 1.17 0.000154632 
0.06097 1.175 0.000409861 
0.06097 1.18 0.000852876 
0.06097 1.185 0.00147587 
0.06097 1.19 0.00238483 
0.06097 1.195 0.0033738 
0.06097 1.2 0.0040023 
0.06097 1.205 0.00410688 
0.06097 1.21 0.00387739 
0.06097 1.215 0.0030053 
0.06097 1.22 0.00204573 
0.06097 1.225 0.00111612 
0.06097 1.23 0.00056192 
0.06097 1.235 0.000248243 
0.06097 1.24 9.16158e-05 
0.06097 1.245 3.01367e-05 
0.06097 1.25 8.27519e-06 
0.06097 1.255 1.91139e-06 
0.06097 1.26 3.56416e-07 
0.06097 1.265 3.11691e-08 
0.06297 1.14 4.88221e-09 
0.06297 1.145 1.24622e-07 
0.06297 1.15 7.27806e-07 
0.06297 1.155 3.29276e-06 
0.06297 1.16 1.35635e-05 
0.06297 1.165 4.56157e-05 
0.06297 1.17 0.00013349 
0.06297 1.175 0.000357631 
0.06297 1.18 0.000786733 
0.06297 1.185 0.00154155 
0.06297 1.19 0.00263201 
0.06297 1.195 0.003674 
0.06297 1.2 0.00477583 
0.06297 1.205 0.00503338 
0.06297 1.21 0.00461292 
0.06297 1.215 0.00376158 
0.06297 1.22 0.00256172 
0.06297 1.225 0.00150154 
0.06297 1.23 0.000811789 
0.06297 1.235 0.000360905 
0.06297 1.24 0.000135341 
0.06297 1.245 4.27032e-05 
0.06297 1.25 1.09504e-05 
0.06297 1.255 2.55044e-06 
0.06297 1.26 4.71169e-07 
0.06297 1.265 4.19459e-08 
0.06297 1.27 1.9959e-10 
0.06497 1.14 3.3085e-09 
0.06497 1.145 9.11841e-08 
0.06497 1.15 5.60974e-07 
0.06497 1.155 2.571e-06 
0.06497 1.16 1.04984e-05 
0.06497 1.165 3.87572e-05 
0.06497 1.17 0.000110985 
0.06497 1.175 0.000300709 
0.06497 1.18 0.000686567 
0.06497 1.185 0.0013547 
0.06497 1.19 0.00232623 
0.06497 1.195 0.00325848 
0.06497 1.2 0.00411416 
0.06497 1.205 0.00452326 
0.06497 1.21 0.0042767 
0.06497 1.215 0.00354599 
0.06497 1.22 0.0024815 
0.06497 1.225 0.00151585 
0.06497 1.23 0.00081627 
0.06497 1.235 0.000369874 
0.06497 1.24 0.000139946 
0.06497 1.245 4.89337e-05 
0.06497 1.25 1.40266e-05 
0.06497 1.255 3.5671e-06 
0.06497 1.26 7.42834e-07 
0.06497 1.265 5.8669e-08 
0.06497 1.27 1.78594e-10 
0.06697 1.14 2.42877e-09 
0.06697 1.145 4.93673e-08 
0.06697 1.15 3.15679e-07 
0.06697 1.155 1.52817e-06 
0.06697 1.16 6.1971e-06 
0.06697 1.165 2.34289e-05 
0.06697 1.17 6.90581e-05 
0.06697 1.175 0.000195813 
0.06697 1.18 0.000473824 
0.06697 1.185 0.000940278 
0.06697 1.19 0.0017478 
0.06697 1.195 0.00282751 
0.06697 1.2 0.003942 
0.06697 1.205 0.00462891 
0.06697 1.21 0.00461768 
0.06697 1.215 0.00395906 
0.06697 1.22 0.00301272 
0.06697 1.225 0.00187249 
0.06697 1.23 0.00105369 
0.06697 1.235 0.00050289 
0.06697 1.24 0.000199937 
0.06697 1.245 7.07e-05 
0.06697 1.25 2.06362e-05 
0.06697 1.255 4.876e-06 
0.06697 1.26 9.95794e-07 
0.06697 1.265 8.81444e-08 
0.06697 1.27 6.17396e-10 
0.06897 1.14 1.21072e-09 
0.06897 1.145 3.10586e-08 
0.06897 1.15 2.43018e-07 
0.06897 1.155 1.27893e-06 
0.06897 1.16 5.5622e-06 
0.06897 1.165 2.11595e-05 
0.06897 1.17 7.14149e-05 
0.06897 1.175 0.000197248 
0.06897 1.18 0.000498496 
0.06897 1.185 0.00104302 
0.06897 1.19 0.00194343 
0.06897 1.195 0.00303726 
0.06897 1.2 0.00405877 
0.06897 1.205 0.00498895 
0.06897 1.21 0.00512094 
0.06897 1.215 0.00444249 
0.06897 1.22 0.00333892 
0.06897 1.225 0.00214758 
0.06897 1.23 0.00120789 
0.06897 1.235 0.000555717 
0.06897 1.24 0.000222009 
0.06897 1.245 7.53142e-05 
0.06897 1.25 2.2619e-05 
0.06897 1.255 6.11377e-06 
0.06897 1.26 1.33097e-06 
0.06897 1.265 1.09303e-07 
0.06897 1.27 4.81993e-10 
0.07097 1.14 8.90603e-10 
0.07097 1.145 2.20503e-08 
0.07097 1.15 1.44177e-07 
0.07097 1.155 7.9111e-07 
0.07097 1.16 3.62171e-06 
0.07097 1.165 1.46176e-05 
0.07097 1.17 4.70246e-05 
0.07097 1.175 0.000133709 
0.07097 1.18 0.000332927 
0.07097 1.185 0.000746017 
0.07097 1.19 0.00139583 
0.07097 1.195 0.0023359 
0.07097 1.2 0.00347933 
0.07097 1.205 0.00404685 
0.07097 1.21 0.0044381 
0.07097 1.215 0.0039925 
0.07097 1.22 0.00338661 
0.07097 1.225 0.00225686 
0.07097 1.23 0.00132909 
0.07097 1.235 0.000658796 
0.07097 1.24 0.000306697 
0.07097 1.245 0.000114748 
0.07097 1.25 3.59927e-05 
0.07097 1.255 1.0038e-05 
0.07097 1.26 2.03327e-06 
0.07097 1.265 1.86294e-07 
0.07097 1.27 8.39625e-10 
0.07297 1.14 5.28458e-10 
0.07297 1.145 1.22687e-08 
0.07297 1.15 8.52814e-08 
0.07297 1.155 4.88121e-07 
0.07297 1.16 2.34751e-06 
0.07297 1.165 1.01051e-05 
0.07297 1.17 3.61103e-05 
0.07297 1.175 0.00012186 
0.07297 1.18 0.000322603 
0.07297 1.185 0.000748057 
0.07297 1.19 0.00143813 
0.07297 1.195 0.00246988 
0.07297 1.2 0.00366563 
0.07297 1.205 0.00451285 
0.07297 1.21 0.00495509 
0.07297 1.215 0.00449287 
0.07297 1.22 0.00380599 
0.07297 1.225 0.00264774 
0.07297 1.23 0.00161234 
0.07297 1.235 0.000818649 
0.07297 1.24 0.000351283 
0.07297 1.245 0.000132883 
0.07297 1.25 3.97085e-05 
0.07297 1.255 1.1275e-05 
0.07297 1.26 2.54838e-06 
0.07297 1.265 2.60262e-07 
0.07297 1.27 1.61875e-09 
0.07497 1.14 2.89962e-10 
0.07497 1.145 7.44397e-09 
0.07497 1.15 5.80484e-08 
0.07497 1.155 3.05982e-07 
0.07497 1.16 1.62703e-06 
0.07497 1.165 7.01625e-06 
0.07497 1.17 2.60181e-05 
0.07497 1.175 8.5427e-05 
0.07497 1.18 0.000234769 
0.07497 1.185 0.000564724 
0.07497 1.19 0.00118219 
0.07497 1.195 0.00208971 
0.07497 1.2 0.00314057 
0.07497 1.205 0.00399251 
0.07497 1.21 0.00438583 
0.07497 1.215 0.0043201 
0.07497 1.22 0.00365745 
0.07497 1.225 0.00267367 
0.07497 1.23 0.0015608 
0.07497 1.235 0.000874738 
0.07497 1.24 0.000379963 
0.07497 1.245 0.000152879 
0.07497 1.25 5.20364e-05 
0.07497 1.255 1.47484e-05 
0.07497 1.26 3.43778e-06 
0.07497 1.265 3.28802e-07 
0.07497 1.27 1.57651e-09 
0.07697 1.14 1.76786e-10 
0.07697 1.145 4.58967e-09 
0.07697 1.15 3.43043e-08 
0.07697 1.155 2.12169e-07 
0.07697 1.16 1.06915e-06 
0.07697 1.165 4.91282e-06 
0.07697 1.17 1.90324e-05 
0.07697 1.175 6.32919e-05 
0.07697 1.18 0.000178341 
0.07697 1.185 0.000425455 
0.07697 1.19 0.000945901 
0.07697 1.195 0.00172854 
0.07697 1.2 0.00274098 
0.07697 1.205 0.00389873 
0.07697 1.21 0.00444911 
0.07697 1.215 0.00472249 
0.07697 1.22 0.00401933 
0.07697 1.225 0.00303411 
0.07697 1.23 0.00192485 
0.07697 1.235 0.0010515 
0.07697 1.24 0.000485391 
0.07697 1.245 0.000204188 
0.07697 1.25 6.981e-05 
0.07697 1.255 1.99419e-05 
0.07697 1.26 4.94441e-06 
0.07697 1.265 5.11736e-07 
0.07697 1.27 1.31848e-09 
0.07897 1.145 2.49961e-09 
0.07897 1.15 1.97272e-08 
0.07897 1.155 1.27048e-07 
0.07897 1.16 7.27753e-07 
0.07897 1.165 3.19812e-06 
0.07897 1.17 1.29912e-05 
0.07897 1.175 4.4583e-05 
0.07897 1.18 0.000146691 
0.07897 1.185 0.000348273 
0.07897 1.19 0.000824518 
0.07897 1.195 0.00157078 
0.07897 1.2 0.00255515 
0.07897 1.205 0.00397052 
0.07897 1.21 0.00464544 
0.07897 1.215 0.0049953 
0.07897 1.22 0.00434751 
0.07897 1.225 0.00325147 
0.07897 1.23 0.00231165 
0.07897 1.235 0.00128637 
0.07897 1.24 0.000618333 
0.07897 1.245 0.00024889 
0.07897 1.25 8.35019e-05 
0.07897 1.255 2.31726e-05 
0.07897 1.26 6.19875e-06 
0.07897 1.265 6.13194e-07 
0.07897 1.27 1.74381e-09 
0.08097 1.145 1.39311e-09 
0.08097 1.15 1.22783e-08 
0.08097 1.155 7.65307e-08 
0.08097 1.16 4.17787e-07 
0.08097 1.165 2.08393e-06 
0.08097 1.17 9.12165e-06 
0.08097 1.175 3.26829e-05 
0.08097 1.18 9.79413e-05 
0.08097 1.185 0.000258296 
0.08097 1.19 0.000606619 
0.08097 1.195 0.00114945 
0.08097 1.2 0.00200758 
0.08097 1.205 0.00293533 
0.08097 1.21 0.00380303 
0.08097 1.215 0.0043278 
0.08097 1.22 0.00378827 
0.08097 1.225 0.00298769 
0.08097 1.23 0.00209463 
0.08097 1.235 0.00120086 
0.08097 1.24 0.000622744 
0.08097 1.245 0.000272594 
0.08097 1.25 0.000100459 
0.08097 1.255 3.19408e-05 
0.08097 1.26 7.89085e-06 
0.08097 1.265 7.68846e-07 
0.08097 1.27 3.47892e-09 
0.08297 1.145 8.00665e-10 
0.08297 1.15 6.9025e-09 
0.08297 1.155 4.75419e-08 
0.08297 1.16 2.83549e-07 
0.08297 1.165 1.5104e-06 
0.08297 1.17 6.12715e-06 
0.08297 1.175 2.40902e-05 
0.08297 1.18 8.04923e-05 
0.08297 1.185 0.000219691 
0.08297 1.19 0.000522804 
0.08297 1.195 0.00107208 
0.08297 1.2 0.00188471 
0.08297 1.205 0.00287495 
0.08297 1.21 0.00385535 
0.08297 1.215 0.00411283 
0.08297 1.22 0.00423546 
0.08297 1.225 0.00352501 
0.08297 1.23 0.0024915 
0.08297 1.235 0.00152833 
0.08297 1.24 0.00081622 
0.08297 1.245 0.000342011 
0.08297 1.25 0.000133739 
0.08297 1.255 4.17363e-05 
0.08297 1.26 1.08031e-05 
0.08297 1.265 1.01782e-06 
0.08297 1.27 8.23071e-09 
0.08497 1.145 3.98704e-10 
0.08497 1.15 3.77636e-09 
0.08497 1.155 2.66103e-08 
0.08497 1.16 1.60369e-07 
0.08497 1.165 8.45113e-07 
0.08497 1.17 4.05865e-06 
0.08497 1.175 1.6435e-05 
0.08497 1.18 5.45191e-05 
0.08497 1.185 0.000151196 
0.08497 1.19 0.000397001 
0.08497 1.195 0.000803903 
0.08497 1.2 0.00153599 
0.08497 1.205 0.0024575 
0.08497 1.21 0.00326041 
0.08497 1.215 0.0038023 
0.08497 1.22 0.00387106 
0.08497 1.225 0.00320508 
0.08497 1.23 0.00247102 
0.08497 1.235 0.00156611 
0.08497 1.24 0.00080695 
0.08497 1.245 0.000371717 
0.08497 1.25 0.000137591 
0.08497 1.255 4.41701e-05 
0.08497 1.26 1.31375e-05 
0.08497 1.265 1.39395e-06 
0.08497 1.27 6.16444e-09 
0.08697 1.145 2.38629e-10 
0.08697 1.15 2.27555e-09 
0.08697 1.155 1.61877e-08 
0.08697 1.16 1.10693e-07 
0.08697 1.165 5.82418e-07 
0.08697 1.17 2.75192e-06 
0.08697 1.175 1.10207e-05 
0.08697 1.18 4.15516e-05 
0.08697 1.185 0.000121877 
0.08697 1.19 0.000312074 
0.08697 1.195 0.000661781 
0.08697 1.2 0.00123901 
0.08697 1.205 0.00206021 
0.08697 1.21 0.00288815 
0.08697 1.215 0.00347934 
0.08697 1.22 0.00366558 
0.08697 1.225 0.00321801 
0.08697 1.23 0.00242434 
0.08697 1.235 0.00156951 
0.08697 1.24 0.000883797 
0.08697 1.245 0.000416115 
0.08697 1.25 0.00017695 
0.08697 1.255 5.90344e-05 
0.08697 1.26 1.53526e-05 
0.08697 1.265 1.72089e-06 
0.08697 1.27 5.1562e-09 
0.08897 1.145 1.3305e-10 
0.08897 1.15 1.3478e-09 
0.08897 1.155 9.747e-09 
0.08897 1.16 6.33686e-08 
0.08897 1.165 3.5786e-07 
0.08897 1.17 1.74303e-06 
0.08897 1.175 7.58168e-06 
0.08897 1.18 2.72956e-05 
0.08897 1.185 8.74548e-05 
0.08897 1.19 0.000226811 
0.08897 1.195 0.000530954 
0.08897 1.2 0.00112876 
0.08897 1.205 0.00186068 
0.08897 1.21 0.00271537 
0.08897 1.215 0.00334158 
0.08897 1.22 0.00352579 
0.08897 1.225 0.00324383 
0.08897 1.23 0.00250781 
0.08897 1.235 0.00161074 
0.08897 1.24 0.000927883 
0.08897 1.245 0.000463928 
0.08897 1.25 0.000192247 
0.08897 1.255 6.5569e-05 
0.08897 1.26 1.88361e-05 
0.08897 1.265 1.92641e-06 
0.08897 1.27 8.15409e-09 
0.09097 1.15 6.5934e-10 
0.09097 1.155 5.3291e-09 
0.09097 1.16 3.66365e-08 
0.09097 1.165 2.15509e-07 
0.09097 1.17 1.15782e-06 
0.09097 1.175 5.02813e-06 
0.09097 1.18 1.86535e-05 
0.09097 1.185 6.2386e-05 
0.09097 1.19 0.000176354 
0.09097 1.195 0.000414472 
0.09097 1.2 0.000856863 
0.09097 1.205 0.00145234 
0.09097 1.21 0.00230044 
0.09097 1.215 0.00304031 
0.09097 1.22 0.00338246 
0.09097 1.225 0.0033076 
0.09097 1.23 0.00262928 
0.09097 1.235 0.00188687 
0.09097 1.24 0.00107059 
0.09097 1.245 0.000533182 
0.09097 1.25 0.000213564 
0.09097 1.255 7.99376e-05 
0.09097 1.26 2.52814e-05 
0.09097 1.265 3.09189e-06 
0.09097 1.27 4.40659e-09 
0.09297 1.15 3.34162e-10 
0.09297 1.155 2.98561e-09 
0.09297 1.16 2.28984e-08 
0.09297 1.165 1.44509e-07 
0.09297 1.17 7.90554e-07 
0.09297 1.175 3.64391e-06 
0.09297 1.18 1.44985e-05 
0.09297 1.185 4.84342e-05 
0.09297 1.19 0.00014217 
0.09297 1.195 0.000350343 
0.09297 1.2 0.000734341 
0.09297 1.205 0.00139593 
0.09297 1.21 0.00203853 
0.09297 1.215 0.00283931 
0.09297 1.22 0.00332692 
0.09297 1.225 0.00310786 
0.09297 1.23 0.00253783 
0.09297 1.235 0.00182273 
0.09297 1.24 0.00110778 
0.09297 1.245 0.000600639 
0.09297 1.25 0.000261791 
0.09297 1.255 9.98185e-05 
0.09297 1.26 3.14394e-05 
0.09297 1.265 3.05545e-06 
0.09297 1.27 1.24788e-08 
0.09497 1.15 1.75973e-10 
0.09497 1.155 1.60189e-09 
0.09497 1.16 1.15624e-08 
0.09497 1.165 7.62655e-08 
0.09497 1.17 4.2398e-07 
0.09497 1.175 2.02117e-06 
0.09497 1.18 8.16322e-06 
0.09497 1.185 2.96847e-05 
0.09497 1.19 8.99068e-05 
0.09497 1.195 0.000231586 
0.09497 1.2 0.000489063 
0.09497 1.205 0.000918197 
0.09497 1.21 0.0015969 
0.09497 1.215 0.00226551 
0.09497 1.22 0.0026353 
0.09497 1.225 0.00281145 
0.09497 1.23 0.00250123 
0.09497 1.235 0.00186917 
0.09497 1.24 0.00113365 
0.09497 1.245 0.000631688 
0.09497 1.25 0.000284357 
0.09497 1.255 0.00010868 
0.09497 1.26 3.57015e-05 
0.09497 1.265 4.06374e-06 
0.09497 1.27 2.90889e-08 
0.09697 1.155 8.06128e-10 
0.09697 1.16 7.05856e-09 
0.09697 1.165 4.807e-08 
0.09697 1.17 2.81952e-07 
0.09697 1.175 1.41765e-06 
0.09697 1.18 6.10586e-06 
0.09697 1.185 2.18643e-05 
0.09697 1.19 6.65214e-05 
0.09697 1.195 0.000179851 
0.09697 1.2 0.000458844 
0.09697 1.205 0.000913034 
0.09697 1.21 0.00155387 
0.09697 1.215 0.00229878 
0.09697 1.22 0.00273178 
0.09697 1.225 0.00298969 
0.09697 1.23 0.00262533 
0.09697 1.235 0.00200498 
0.09697 1.24 0.00133423 
0.09697 1.245 0.000704982 
0.09697 1.25 0.000325025 
0.09697 1.255 0.000124706 
0.09697 1.26 4.27711e-05 
0.09697 1.265 4.98435e-06 
0.09697 1.27 1.8643e-08 
0.09897 1.155 4.38356e-10 
0.09897 1.16 3.68345e-09 
0.09897 1.165 2.58984e-08 
0.09897 1.17 1.53901e-07 
0.09897 1.175 8.43221e-07 
0.09897 1.18 3.58556e-06 
0.09897 1.185 1.37075e-05 
0.09897 1.19 4.13152e-05 
0.09897 1.195 0.000120159 
0.09897 1.2 0.000293956 
0.09897 1.205 0.000600249 
0.09897 1.21 0.00106441 
0.09897 1.215 0.00156254 
0.09897 1.22 0.00200648 
0.09897 1.225 0.00216531 
0.09897 1.23 0.00205779 
0.09897 1.235 0.00161416 
0.09897 1.24 0.00108479 
0.09897 1.245 0.000648023 
0.09897 1.25 0.000330093 
0.09897 1.255 0.000139086 
0.09897 1.26 4.7575e-05 
0.09897 1.265 5.9026e-06 
0.09897 1.27 2.77503e-08 
0.10097 1.155 2.03073e-10 
0.10097 1.16 1.7955e-09 
0.10097 1.165 1.29179e-08 
0.10097 1.17 8.39422e-08 
0.10097 1.175 4.53068e-07 
0.10097 1.18 2.06592e-06 
0.10097 1.185 8.87636e-06 
0.10097 1.19 3.18529e-05 
0.10097 1.195 9.16954e-05 
0.10097 1.2 0.000231768 
0.10097 1.205 0.000512597 
0.10097 1.21 0.000909962 
0.10097 1.215 0.00145386 
0.10097 1.22 0.00193576 
0.10097 1.225 0.00216007 
0.10097 1.23 0.00205437 
0.10097 1.235 0.00176156 
0.10097 1.24 0.00120116 
0.10097 1.245 0.000707035 
0.10097 1.25 0.000357003 
0.10097 1.255 0.000155152 
0.10097 1.26 5.20476e-05 
0.10097 1.265 6.23066e-06 
0.10097 1.27 2.19071e-08 
0.10297 1.155 1.23004e-10 
0.10297 1.16 1.07124e-09 
0.10297 1.165 8.39168e-09 
0.10297 1.17 5.68415e-08 
0.10297 1.175 3.32693e-07 
0.10297 1.18 1.55652e-06 
0.10297 1.185 6.71031e-06 
0.10297 1.19 2.3752e-05 
0.10297 1.195 7.02536e-05 
0.10297 1.2 0.000183703 
0.10297 1.205 0.000405582 
0.10297 1.21 0.000769331 
0.10297 1.215 0.00121788 
0.10297 1.22 0.00168759 
0.10297 1.225 0.00191627 
0.10297 1.23 0.00183809 
0.10297 1.235 0.00154578 
0.10297 1.24 0.00110814 
0.10297 1.245 0.000666389 
0.10297 1.25 0.000351854 
0.10297 1.255 0.000152924 
0.10297 1.26 5.67757e-05 
0.10297 1.265 6.8076e-06 
0.10297 1.27 3.50833e-08 
0.10497 1.16 5.89067e-10 
0.10497 1.165 4.79404e-09 
0.10497 1.17 3.31276e-08 
0.10497 1.175 2.05092e-07 
0.10497 1.18 9.28715e-07 
0.10497 1.185 4.12717e-06 
0.10497 1.19 1.44783e-05 
0.10497 1.195 4.35723e-05 
0.10497 1.2 0.000123266 
0.10497 1.205 0.0002663 
0.10497 1.21 0.000529737 
0.10497 1.215 0.000894247 
0.10497 1.22 0.00128564 
0.10497 1.225 0.00161591 
0.10497 1.23 0.00170024 
0.10497 1.235 0.00156059 
0.10497 1.24 0.00115769 
0.10497 1.245 0.000735522 
0.10497 1.25 0.000410253 
0.10497 1.255 0.000186872 
0.10497 1.26 6.87957e-05 
0.10497 1.265 1.03405e-05 
0.10497 1.27 3.97846e-08 
0.10697 1.16 2.84521e-10 
0.10697 1.165 2.20423e-09 
0.10697 1.17 1.66502e-08 
0.10697 1.175 1.00132e-07 
0.10697 1.18 5.89909e-07 
0.10697 1.185 2.60797e-06 
0.10697 1.19 1.05231e-05 
0.10697 1.195 3.55265e-05 
0.10697 1.2 0.000100357 
0.10697 1.205 0.00023712 
0.10697 1.21 0.000489038 
0.10697 1.215 0.000834614 
0.10697 1.22 0.00119024 
0.10697 1.225 0.00151355 
0.10697 1.23 0.00163338 
0.10697 1.235 0.00146503 
0.10697 1.24 0.00113239 
0.10697 1.245 0.000769329 
0.10697 1.25 0.000414623 
0.10697 1.255 0.000194299 
0.10697 1.26 7.46649e-05 
0.10697 1.265 9.88646e-06 
0.10697 1.27 4.61198e-08 
0.10897 1.16 1.54509e-10 
0.10897 1.165 1.36149e-09 
0.10897 1.17 1.04724e-08 
0.10897 1.175 6.68828e-08 
0.10897 1.18 3.63538e-07 
0.10897 1.185 1.62328e-06 
0.10897 1.19 6.69886e-06 
0.10897 1.195 2.23846e-05 
0.10897 1.2 6.69351e-05 
0.10897 1.205 0.000167367 
0.10897 1.21 0.000361715 
0.10897 1.215 0.000629135 
0.10897 1.22 0.000910848 
0.10897 1.225 0.00122571 
0.10897 1.23 0.00133653 
0.10897 1.235 0.00126543 
0.10897 1.24 0.00102897 
0.10897 1.245 0.000674762 
0.10897 1.25 0.000377048 
0.10897 1.255 0.000190562 
0.10897 1.26 7.06601e-05 
0.10897 1.265 9.88692e-06 
0.10897 1.27 6.22692e-08 
0.11097 1.165 6.51565e-10 
0.11097 1.17 5.22891e-09 
0.11097 1.175 3.23176e-08 
0.11097 1.18 1.95203e-07 
0.11097 1.185 9.57989e-07 
0.11097 1.19 4.02964e-06 
0.11097 1.195 1.48874e-05 
0.11097 1.2 4.07344e-05 
0.11097 1.205 0.000115276 
0.11097 1.21 0.00025108 
0.11097 1.215 0.000455623 
0.11097 1.22 0.000791672 
0.11097 1.225 0.00106378 
0.11097 1.23 0.00115661 
0.11097 1.235 0.00113377 
0.11097 1.24 0.000939908 
0.11097 1.245 0.000654984 
0.11097 1.25 0.000409113 
0.11097 1.255 0.000209817 
0.11097 1.26 8.09885e-05 
0.11097 1.265 1.15238e-05 
0.11097 1.27 7.82985e-08 
0.11297 1.165 3.40488e-10 
0.11297 1.17 2.89453e-09 
0.11297 1.175 2.0143e-08 
0.11297 1.18 1.17842e-07 
0.11297 1.185 6.07501e-07 
0.11297 1.19 2.62817e-06 
0.11297 1.195 9.41668e-06 
0.11297 1.2 3.0566e-05 
0.11297 1.205 8.15016e-05 
0.11297 1.21 0.000188556 
0.11297 1.215 0.000366778 
0.11297 1.22 0.000591442 
0.11297 1.225 0.000841448 
0.11297 1.23 0.00104535 
0.11297 1.235 0.00100442 
0.11297 1.24 0.000933595 
0.11297 1.245 0.0006802 
0.11297 1.25 0.000398717 
0.11297 1.255 0.000208343 
0.11297 1.26 8.7391e-05 
0.11297 1.265 1.40014e-05 
0.11297 1.27 8.95333e-08 
0.11497 1.165 1.62903e-10 
0.11497 1.17 1.49604e-09 
0.11497 1.175 1.0134e-08 
0.11497 1.18 6.38398e-08 
0.11497 1.185 3.52686e-07 
0.11497 1.19 1.57227e-06 
0.11497 1.195 6.04034e-06 
0.11497 1.2 1.96444e-05 
0.11497 1.205 5.42053e-05 
0.11497 1.21 0.000133209 
0.11497 1.215 0.00027235 
0.11497 1.22 0.000461793 
0.11497 1.225 0.000685452 
0.11497 1.23 0.000809389 
0.11497 1.235 0.000884757 
0.11497 1.24 0.000772856 
0.11497 1.245 0.00057143 
0.11497 1.25 0.000390518 
0.11497 1.255 0.000219113 
0.11497 1.26 9.25661e-05 
0.11497 1.265 1.38991e-05 
0.11497 1.27 1.019e-07 
0.11697 1.17 6.91227e-10 
0.11697 1.175 5.61396e-09 
0.11697 1.18 3.59001e-08 
0.11697 1.185 2.1545e-07 
0.11697 1.19 9.47649e-07 
0.11697 1.195 3.92289e-06 
0.11697 1.2 1.35812e-05 
0.11697 1.205 3.98878e-05 
0.11697 1.21 0.000102841 
0.11697 1.215 0.00021346 
0.11697 1.22 0.000382231 
0.11697 1.225 0.000560524 
0.11697 1.23 0.000728153 
0.11697 1.235 0.000775598 
0.11697 1.24 0.000730372 
0.11697 1.245 0.000561904 
0.11697 1.25 0.000385754 
0.11697 1.255 0.00020727 
0.11697 1.26 9.64214e-05 
0.11697 1.265 1.59842e-05 
0.11697 1.27 1.2256e-07 
0.11897 1.17 3.67044e-10 
0.11897 1.175 3.01994e-09 
0.11897 1.18 2.00193e-08 
0.11897 1.185 1.12622e-07 
0.11897 1.19 5.22698e-07 
0.11897 1.195 2.18534e-06 
0.11897 1.2 8.32774e-06 
0.11897 1.205 2.4635e-05 
0.11897 1.21 6.05258e-05 
0.11897 1.215 0.000135081 
0.11897 1.22 0.000255762 
0.11897 1.225 0.000388401 
0.11897 1.23 0.000553039 
0.11897 1.235 0.00061826 
0.11897 1.24 0.000587495 
0.11897 1.245 0.000473041 
0.11897 1.25 0.000328243 
0.11897 1.255 0.000186156 
0.11897 1.26 9.15248e-05 
0.11897 1.265 1.50987e-05 
0.11897 1.27 4.72593e-08 
0.12097 1.17 1.67776e-10 
0.12097 1.175 1.4067e-09 
0.12097 1.18 9.87325e-09 
0.12097 1.185 6.02016e-08 
0.12097 1.19 3.52616e-07 
0.12097 1.195 1.51226e-06 
0.12097 1.2 5.61513e-06 
0.12097 1.205 1.74517e-05 
0.12097 1.21 4.86749e-05 
0.12097 1.215 0.000110128 
0.12097 1.22 0.000203784 
0.12097 1.225 0.000350094 
0.12097 1.23 0.000442616 
0.12097 1.235 0.000547352 
0.12097 1.24 0.000533406 
0.12097 1.245 0.00046663 
0.12097 1.25 0.000319814 
0.12097 1.255 0.000194631 
0.12097 1.26 9.43551e-05 
0.12097 1.265 1.49351e-05 
0.12097 1.27 7.23866e-08 
0.12297 1.175 7.71741e-10 
0.12297 1.18 5.86835e-09 
0.12297 1.185 3.60702e-08 
0.12297 1.19 1.95307e-07 
0.12297 1.195 8.85719e-07 
0.12297 1.2 3.46873e-06 
0.12297 1.205 1.13787e-05 
0.12297 1.21 3.03787e-05 
0.12297 1.215 7.05797e-05 
0.12297 1.22 0.00014143 
0.12297 1.225 0.000242463 
0.12297 1.23 0.000332906 
0.12297 1.235 0.000418616 
0.12297 1.24 0.000437266 
0.12297 1.245 0.000381368 
0.12297 1.25 0.000281711 
0.12297 1.255 0.00017498 
0.12297 1.26 8.66815e-05 
0.12297 1.265 1.51848e-05 
0.12297 1.27 8.35618e-08 
0.12497 1.175 3.5834e-10 
0.12497 1.18 2.76573e-09 
0.12497 1.185 1.76144e-08 
0.12497 1.19 1.04804e-07 
0.12497 1.195 4.63799e-07 
0.12497 1.2 1.9602e-06 
0.12497 1.205 6.76161e-06 
0.12497 1.21 2.08642e-05 
0.12497 1.215 5.32056e-05 
0.12497 1.22 0.000107492 
0.12497 1.225 0.000192816 
0.12497 1.23 0.000284731 
0.12497 1.235 0.000376297 
0.12497 1.24 0.000382369 
0.12497 1.245 0.00035589 
0.12497 1.25 0.000275032 
0.12497 1.255 0.000174226 
0.12497 1.26 8.76601e-05 
0.12497 1.265 1.48064e-05 
0.12497 1.27 1.2711e-07 
0.12697 1.175 1.85944e-10 
0.12697 1.18 1.44462e-09 
0.12697 1.185 1.06696e-08 
0.12697 1.19 6.12427e-08 
0.12697 1.195 3.15907e-07 
0.12697 1.2 1.27662e-06 
0.12697 1.205 4.59175e-06 
0.12697 1.21 1.41601e-05 
0.12697 1.215 3.56327e-05 
0.12697 1.22 7.52562e-05 
0.12697 1.225 0.00014433 
0.12697 1.23 0.000220286 
0.12697 1.235 0.000300012 
0.12697 1.24 0.000319241 
0.12697 1.245 0.000316566 
0.12697 1.25 0.000231948 
0.12697 1.255 0.000150457 
0.12697 1.26 8.23496e-05 
0.12697 1.265 1.42386e-05 
0.12697 1.27 1.08863e-07 
0.12897 1.18 7.25654e-10 
0.12897 1.185 5.22039e-09 
0.12897 1.19 3.27522e-08 
0.12897 1.195 1.70763e-07 
0.12897 1.2 7.65592e-07 
0.12897 1.205 2.94635e-06 
0.12897 1.21 8.69348e-06 
0.12897 1.215 2.29607e-05 
0.12897 1.22 5.10212e-05 
0.12897 1.225 9.79934e-05 
0.12897 1.23 0.000156745 
0.12897 1.235 0.000211876 
0.12897 1.24 0.000246297 
0.12897 1.245 0.000242621 
0.12897 1.25 0.000206338 
0.12897 1.255 0.000143051 
0.12897 1.26 7.68745e-05 
0.12897 1.265 1.31629e-05 
0.12897 1.27 5.41447e-08 
0.13097 1.18 3.53609e-10 
0.13097 1.185 2.77817e-09 
0.13097 1.19 1.66731e-08 
0.13097 1.195 8.7816e-08 
0.13097 1.2 4.01546e-07 
0.13097 1.205 1.63161e-06 
0.13097 1.21 5.57371e-06 
0.13097 1.215 1.5956e-05 
0.13097 1.22 3.68672e-05 
0.13097 1.225 7.51099e-05 
0.13097 1.23 0.000119402 
0.13097 1.235 0.000179369 
0.13097 1.24 0.00020458 
0.13097 1.245 0.000215125 
0.13097 1.25 0.000186199 
0.13097 1.255 0.000130077 
0.13097 1.26 7.54185e-05 
0.13097 1.265 1.55005e-05 
0.13097 1.27 1.19695e-07 
0.13297 1.18 1.65883e-10 
0.13297 1.185 1.28504e-09 
0.13297 1.19 9.2188e-09 
0.13297 1.195 5.42868e-08 
0.13297 1.2 2.57861e-07 
0.13297 1.205 1.06209e-06 
0.13297 1.21 3.65643e-06 
0.13297 1.215 1.0713e-05 
0.13297 1.22 2.54917e-05 
0.13297 1.225 5.18774e-05 
0.13297 1.23 9.19721e-05 
0.13297 1.235 0.000128193 
0.13297 1.24 0.000166531 
0.13297 1.245 0.000175288 
0.13297 1.25 0.000155371 
0.13297 1.255 0.000114915 
0.13297 1.26 6.78025e-05 
0.13297 1.265 1.34087e-05 
0.13297 1.27 8.0712e-08 
0.13497 1.185 6.58053e-10 
0.13497 1.19 4.93462e-09 
0.13497 1.195 2.90545e-08 
0.13497 1.2 1.49001e-07 
0.13497 1.205 6.30767e-07 
0.13497 1.21 2.23696e-06 
0.13497 1.215 6.83841e-06 
0.13497 1.22 1.72035e-05 
0.13497 1.225 3.67202e-05 
0.13497 1.23 6.45609e-05 
0.13497 1.235 0.000101853 
0.13497 1.24 0.000131193 
0.13497 1.245 0.000143084 
0.13497 1.25 0.000129587 
0.13497 1.255 0.000103613 
0.13497 1.26 6.42594e-05 
0.13497 1.265 1.2305e-05 
0.13497 1.27 6.85761e-08 
0.13697 1.185 3.21971e-10 
0.13697 1.19 2.27292e-09 
0.13697 1.195 1.49066e-08 
0.13697 1.2 7.7388e-08 
0.13697 1.205 3.43815e-07 
0.13697 1.21 1.30332e-06 
0.13697 1.215 4.08316e-06 
0.13697 1.22 1.11755e-05 
0.13697 1.225 2.4078e-05 
0.13697 1.23 4.71612e-05 
0.13697 1.235 7.21779e-05 
0.13697 1.24 9.96627e-05 
0.13697 1.245 0.000109175 
0.13697 1.25 0.000110541 
0.13697 1.255 8.54921e-05 
0.13697 1.26 5.58545e-05 
0.13697 1.265 1.0626e-05 
0.13697 1.27 1.16953e-07 
0.13897 1.185 1.58554e-10 
0.13897 1.19 1.22467e-09 
0.13897 1.195 8.2407e-09 
0.13897 1.2 4.2057e-08 
0.13897 1.205 1.89825e-07 
0.13897 1.21 7.79534e-07 
0.13897 1.215 2.50848e-06 
0.13897 1.22 7.2316e-06 
0.13897 1.225 1.6533e-05 
0.13897 1.23 3.2209e-05 
0.13897 1.235 5.51167e-05 
0.13897 1.24 7.56573e-05 
0.13897 1.245 8.87252e-05 
0.13897 1.25 8.94056e-05 
0.13897 1.255 7.48944e-05 
0.13897 1.26 4.8572e-05 
0.13897 1.265 9.98937e-06 
0.13897 1.27 8.20011e-08 
0.14097 1.19 5.45544e-10 
0.14097 1.195 3.6271e-09 
0.14097 1.2 2.12703e-08 
0.14097 1.205 1.00423e-07 
0.14097 1.21 4.11168e-07 
0.14097 1.215 1.35594e-06 
0.14097 1.22 4.02318e-06 
0.14097 1.225 9.17219e-06 
0.14097 1.23 1.98507e-05 
0.14097 1.235 3.2576e-05 
0.14097 1.24 4.88598e-05 
0.14097 1.245 6.06425e-05 
0.14097 1.25 5.86401e-05 
0.14097 1.255 5.37994e-05 
0.14097 1.26 3.57514e-05 
0.14097 1.265 7.8156e-06 
0.14097 1.27 8.85159e-08 
0.14297 1.19 2.95144e-10 
0.14297 1.195 2.06544e-09 
0.14297 1.2 1.21902e-08 
0.14297 1.205 6.11185e-08 
0.14297 1.21 2.66559e-07 
0.14297 1.215 9.52438e-07 
0.14297 1.22 2.89968e-06 
0.14297 1.225 7.02736e-06 
0.14297 1.23 1.49851e-05 
0.14297 1.235 2.73992e-05 
0.14297 1.24 4.04885e-05 
0.14297 1.245 5.14141e-05 
0.14297 1.25 5.55973e-05 
0.14297 1.255 4.90407e-05 
0.14297 1.26 3.41259e-05 
0.14297 1.265 7.26311e-06 
0.14297 1.27 2.99293e-08 
0.14497 1.19 1.45851e-10 
0.14497 1.195 1.09719e-09 
0.14497 1.2 6.44578e-09 
0.14497 1.205 3.53277e-08 
0.14497 1.21 1.54936e-07 
0.14497 1.215 5.51412e-07 
0.14497 1.22 1.61441e-06 
0.14497 1.225 4.40619e-06 
0.14497 1.23 9.73288e-06 
0.14497 1.235 1.74844e-05 
0.14497 1.24 2.83876e-05 
0.14497 1.245 3.75548e-05 
0.14497 1.25 4.18222e-05 
0.14497 1.255 3.76073e-05 
0.14497 1.26 2.85377e-05 
0.14497 1.265 6.12999e-06 
0.14497 1.27 5.86018e-08 
0.14697 1.195 4.64249e-10 
0.14697 1.2 2.95935e-09 
0.14697 1.205 1.56551e-08 
0.14697 1.21 7.59886e-08 
0.14697 1.215 3.12744e-07 
0.14697 1.22 1.01888e-06 
0.14697 1.225 2.84518e-06 
0.14697 1.23 6.57554e-06 
0.14697 1.235 1.29939e-05 
0.14697 1.24 2.03095e-05 
0.14697 1.245 2.78698e-05 
0.14697 1.25 3.19832e-05 
0.14697 1.255 3.15432e-05 
0.14697 1.26 2.31863e-05 
0.14697 1.265 5.5581e-06 
0.14697 1.27 6.69753e-08 
0.14897 1.195 2.54516e-10 
0.14897 1.2 1.63704e-09 
0.14897 1.205 9.33382e-09 
0.14897 1.21 4.40104e-08 
0.14897 1.215 1.80288e-07 
0.14897 1.22 6.13252e-07 
0.14897 1.225 1.76638e-06 
0.14897 1.23 4.3805e-06 
0.14897 1.235 8.63468e-06 
0.14897 1.24 1.51031e-05 
0.14897 1.245 2.08579e-05 
0.14897 1.25 2.57622e-05 
0.14897 1.255 2.52239e-05 
0.14897 1.26 2.01329e-05 
0.14897 1.265 4.51351e-06 
0.14897 1.27 2.90111e-08 
0.15097 1.195 1.04772e-10 
0.15097 1.2 7.55544e-10 
0.15097 1.205 4.45932e-09 
0.15097 1.21 2.33834e-08 
0.15097 1.215 1.02294e-07 
0.15097 1.22 3.67536e-07 
0.15097 1.225 1.08345e-06 
0.15097 1.23 2.75954e-06 
0.15097 1.235 5.51266e-06 
0.15097 1.24 9.98875e-06 
0.15097 1.245 1.49396e-05 
0.15097 1.25 1.79257e-05 
0.15097 1.255 1.92065e-05 
0.15097 1.26 1.47346e-05 
0.15097 1.265 3.77517e-06 
0.15097 1.27 3.063e-08 
0.15297 1.2 3.5853e-10 
0.15297 1.205 2.18044e-09 
0.15297 1.21 1.13611e-08 
0.15297 1.215 5.13168e-08 
0.15297 1.22 1.87615e-07 
0.15297 1.225 5.84818e-07 
0.15297 1.23 1.48136e-06 
0.15297 1.235 3.5715e-06 
0.15297 1.24 6.46437e-06 
0.15297 1.245 1.01273e-05 
0.15297 1.25 1.29804e-05 
0.15297 1.255 1.35352e-05 
0.15297 1.26 1.18487e-05 
0.15297 1.265 2.88878e-06 
0.15297 1.27 2.30961e-08 
0.15497 1.2 1.48067e-10 
0.15497 1.205 1.10421e-09 
0.15497 1.21 6.18905e-09 
0.15497 1.215 2.95987e-08 
0.15497 1.22 1.20149e-07 
0.15497 1.225 3.69623e-07 
0.15497 1.23 1.02668e-06 
0.15497 1.235 2.38448e-06 
0.15497 1.24 4.87143e-06 
0.15497 1.245 7.66352e-06 
0.15497 1.25 1.0672e-05 
0.15497 1.255 1.17421e-05 
0.15497 1.26 1.02543e-05 
0.15497 1.265 2.48379e-06 
0.15497 1.27 2.47701e-08 
0.15697 1.205 5.42285e-10 
0.15697 1.21 3.08325e-09 
0.15697 1.215 1.50731e-08 
0.15697 1.22 6.11765e-08 
0.15697 1.225 2.04659e-07 
0.15697 1.23 5.88826e-07 
0.15697 1.235 1.35394e-06 
0.15697 1.24 2.72035e-06 
0.15697 1.245 4.61506e-06 
0.15697 1.25 6.48199e-06 
0.15697 1.255 7.57615e-06 
0.15697 1.26 6.53759e-06 
0.15697 1.265 2.13695e-06 
0.15697 1.27 1.26728e-08 
0.15897 1.205 2.3936e-10 
0.15897 1.21 1.45115e-09 
0.15897 1.215 7.33025e-09 
0.15897 1.22 2.99145e-08 
0.15897 1.225 1.05822e-07 
0.15897 1.23 3.12742e-07 
0.15897 1.235 8.37154e-07 
0.15897 1.24 1.73784e-06 
0.15897 1.245 3.00046e-06 
0.15897 1.25 4.37777e-06 
0.15897 1.255 5.15989e-06 
0.15897 1.26 4.91396e-06 
0.15897 1.265 1.43528e-06 
0.15897 1.27 1.13235e-08 
0.16097 1.205 1.13649e-10 
0.16097 1.21 7.93672e-10 
0.16097 1.215 4.19537e-09 
0.16097 1.22 1.85649e-08 
0.16097 1.225 6.80054e-08 
0.16097 1.23 2.06494e-07 
0.16097 1.235 5.33435e-07 
0.16097 1.24 1.1859e-06 
0.16097 1.245 2.12007e-06 
0.16097 1.25 3.21877e-06 
0.16097 1.255 4.00744e-06 
0.16097 1.26 4.03559e-06 
0.16097 1.265 1.08392e-06 
0.16097 1.27 1.08922e-08 
0.16297 1.21 3.39484e-10 
0.16297 1.215 1.83847e-09 
0.16297 1.22 8.51627e-09 
0.16297 1.225 3.15528e-08 
0.16297 1.23 1.0485e-07 
0.16297 1.235 2.97257e-07 
0.16297 1.24 6.55443e-07 
0.16297 1.245 1.30719e-06 
0.16297 1.25 2.033e-06 
0.16297 1.255 2.71481e-06 
0.16297 1.26 2.6815e-06 
0.16297 1.265 8.55253e-07 
0.16297 1.27 8.54166e-09 
0.16497 1.21 1.59532e-10 
0.16497 1.215 8.89292e-10 
0.16497 1.22 4.30037e-09 
0.16497 1.225 1.80819e-08 
0.16497 1.23 5.8674e-08 
0.16497 1.235 1.70711e-07 
0.16497 1.24 4.00057e-07 
0.16497 1.245 8.14959e-07 
0.16497 1.25 1.33162e-06 
0.16497 1.255 1.84034e-06 
0.16497 1.26 1.91337e-06 
0.16497 1.265 6.14818e-07 
0.16497 1.27 4.06538e-09 
0.16697 1.215 4.52327e-10 
0.16697 1.22 2.22387e-09 
0.16697 1.225 9.50874e-09 
0.16697 1.23 3.398e-08 
0.16697 1.235 1.02294e-07 
0.16697 1.24 2.5675e-07 
0.16697 1.245 5.26211e-07 
0.16697 1.25 9.0552e-07 
0.16697 1.255 1.26861e-06 
0.16697 1.26 1.39026e-06 
0.16697 1.265 4.62666e-07 
0.16697 1.27 5.64549e-09 
0.16897 1.215 2.24332e-10 
0.16897 1.22 1.19472e-09 
0.16897 1.225 5.09358e-09 
0.16897 1.23 1.86395e-08 
0.16897 1.235 5.83141e-08 
0.16897 1.24 1.51748e-07 
0.16897 1.245 3.14019e-07 
0.16897 1.25 5.65122e-07 
0.16897 1.255 8.28555e-07 
0.16897 1.26 9.33616e-07 
0.16897 1.265 3.04187e-07 
0.16897 1.27 4.15852e-09 
0.17097 1.215 1.02711e-10 
0.17097 1.22 5.40061e-10 
0.17097 1.225 2.73849e-09 
0.17097 1.23 1.09894e-08 
0.17097 1.235 3.54276e-08 
0.17097 1.24 9.43242e-08 
0.17097 1.245 2.12482e-07 
0.17097 1.25 3.89697e-07 
0.17097 1.255 6.02573e-07 
0.17097 1.26 7.03932e-07 
0.17097 1.265 2.28187e-07 
0.17097 1.27 4.19065e-09 
0.17297 1.22 2.95279e-10 
0.17297 1.225 1.39132e-09 
0.17297 1.23 5.63817e-09 
0.17297 1.235 1.91251e-08 
0.17297 1.24 5.37265e-08 
0.17297 1.245 1.26753e-07 
0.17297 1.25 2.44034e-07 
0.17297 1.255 3.73957e-07 
0.17297 1.26 4.51491e-07 
0.17297 1.265 1.50048e-07 
0.17297 1.27 1.45597e-09 
0.17497 1.22 1.28183e-10 
0.17497 1.225 6.98754e-10 
0.17497 1.23 2.97999e-09 
0.17497 1.235 1.07082e-08 
0.17497 1.24 3.1304e-08 
0.17497 1.245 7.33546e-08 
0.17497 1.25 1.48571e-07 
0.17497 1.255 2.51947e-07 
0.17497 1.26 3.30042e-07 
0.17497 1.265 1.14007e-07 
0.17497 1.27 1.81079e-09 
0.17697 1.225 2.77234e-10 
0.17697 1.23 1.29439e-09 
0.17697 1.235 4.55841e-09 
0.17697 1.24 1.43477e-08 
0.17697 1.245 3.60498e-08 
0.17697 1.25 7.3893e-08 
0.17697 1.255 1.29165e-07 
0.17697 1.26 1.82323e-07 
0.17697 1.265 6.61824e-08 
0.17697 1.27 9.17064e-10 
0.17897 1.225 1.34767e-10 
0.17897 1.23 5.87338e-10 
0.17897 1.235 2.26527e-09 
0.17897 1.24 7.44664e-09 
0.17897 1.245 1.98822e-08 
0.17897 1.25 4.28275e-08 
0.17897 1.255 7.94311e-08 
0.17897 1.26 1.0403e-07 
0.17897 1.265 3.78536e-08 
0.17897 1.27 7.43675e-10 
0.18097 1.23 3.18856e-10 
0.18097 1.235 1.2454e-09 
0.18097 1.24 4.27666e-09 
0.18097 1.245 1.10887e-08 
0.18097 1.25 2.63306e-08 
0.18097 1.255 4.83785e-08 
0.18097 1.26 7.04519e-08 
0.18097 1.265 2.5903e-08 
0.18097 1.27 3.51878e-10 
0.18297 1.23 1.49256e-10 
0.18297 1.235 6.45367e-10 
0.18297 1.24 2.21507e-09 
0.18297 1.245 6.34182e-09 
0.18297 1.25 1.48082e-08 
0.18297 1.255 2.92282e-08 
0.18297 1.26 4.46925e-08 
0.18297 1.265 1.709e-08 
0.18297 1.27 1.26293e-10 
0.18497 1.235 3.08764e-10 
0.18497 1.24 1.09769e-09 
0.18497 1.245 3.30988e-09 
0.18497 1.25 8.0497e-09 
0.18497 1.255 1.61288e-08 
0.18497 1.26 2.51916e-08 
0.18497 1.265 1.10699e-08 
0.18497 1.27 1.83112e-10 
0.18697 1.235 1.62195e-10 
0.18697 1.24 5.90799e-10 
0.18697 1.245 1.81842e-09 
0.18697 1.25 4.73224e-09 
0.18697 1.255 1.0004e-08 
0.18697 1.26 1.64406e-08 
0.18697 1.265 7.46975e-09 
0.18697 1.27 1.04176e-10 
0.18897 1.24 2.92862e-10 
0.18897 1.245 9.02086e-10 
0.18897 1.25 2.4505e-09 
0.18897 1.255 5.65724e-09 
0.18897 1.26 9.43787e-09 
0.18897 1.265 4.57999e-09 
0.19097 1.24 1.3721e-10 
0.19097 1.245 4.68433e-10 
0.19097 1.25 1.30462e-09 
0.19097 1.255 3.03602e-09 
0.19097 1.26 5.41368e-09 
0.19097 1.265 2.40314e-09 
0.19297 1.245 2.49625e-10 
0.19297 1.25 7.5463e-10 
0.19297 1.255 1.81674e-09 
0.19297 1.26 3.41908e-09 
0.19297 1.265 1.71122e-09 
0.19497 1.245 1.08881e-10 
0.19497 1.25 3.35593e-10 
0.19497 1.255 8.83063e-10 
0.19497 1.26 1.7108e-09 
0.19497 1.265 8.86526e-10 
0.19697 1.25 1.75586e-10 
0.19697 1.255 4.85252e-10 
0.19697 1.26 9.93497e-10 
0.19697 1.265 4.47382e-10 
0.19897 1.255 2.36633e-10 
0.19897 1.26 5.06333e-10 
0.19897 1.265 2.70588e-10 
0.20097 1.255 1.19289e-10 
0.20097 1.26 2.78917e-10 
0.20097 1.265 1.38623e-10 
0.20297 1.26 1.36044e-10 
