#logm logg JPDF
-0.05103 1.15 1.27615e-10 
-0.05103 1.155 2.06232e-10 
-0.04903 1.15 8.81077e-10 
-0.04903 1.155 9.81337e-10 
-0.04903 1.16 5.08529e-10 
-0.04903 1.165 2.12058e-10 
-0.04703 1.15 3.5643e-09 
-0.04703 1.155 2.77089e-09 
-0.04703 1.16 1.61238e-09 
-0.04703 1.165 8.73195e-10 
-0.04703 1.17 4.02763e-10 
-0.04703 1.175 1.72183e-10 
-0.04503 1.15 1.00233e-08 
-0.04503 1.155 7.64637e-09 
-0.04503 1.16 4.3345e-09 
-0.04503 1.165 2.32616e-09 
-0.04503 1.17 1.00624e-09 
-0.04503 1.175 4.70457e-10 
-0.04503 1.18 1.8315e-10 
-0.04303 1.145 1.24739e-09 
-0.04303 1.15 1.87431e-08 
-0.04303 1.155 1.46771e-08 
-0.04303 1.16 9.40173e-09 
-0.04303 1.165 4.61178e-09 
-0.04303 1.17 2.31538e-09 
-0.04303 1.175 9.38113e-10 
-0.04303 1.18 4.03148e-10 
-0.04303 1.185 1.29918e-10 
-0.04103 1.145 1.01554e-08 
-0.04103 1.15 4.63297e-08 
-0.04103 1.155 3.92072e-08 
-0.04103 1.16 2.41595e-08 
-0.04103 1.165 1.48331e-08 
-0.04103 1.17 7.40394e-09 
-0.04103 1.175 3.46308e-09 
-0.04103 1.18 1.43154e-09 
-0.04103 1.185 5.53712e-10 
-0.04103 1.19 1.66537e-10 
-0.03903 1.145 1.20888e-08 
-0.03903 1.15 1.0698e-07 
-0.03903 1.155 8.60952e-08 
-0.03903 1.16 5.53134e-08 
-0.03903 1.165 3.17178e-08 
-0.03903 1.17 1.5163e-08 
-0.03903 1.175 7.3341e-09 
-0.03903 1.18 2.88156e-09 
-0.03903 1.185 1.20352e-09 
-0.03903 1.19 4.10797e-10 
-0.03903 1.195 1.28245e-10 
-0.03703 1.145 3.55001e-08 
-0.03703 1.15 1.78282e-07 
-0.03703 1.155 1.4577e-07 
-0.03703 1.16 1.01253e-07 
-0.03703 1.165 5.86598e-08 
-0.03703 1.17 3.30313e-08 
-0.03703 1.175 1.64884e-08 
-0.03703 1.18 7.8463e-09 
-0.03703 1.185 3.14167e-09 
-0.03703 1.19 9.94134e-10 
-0.03703 1.195 2.80848e-10 
-0.03503 1.145 2.0281e-07 
-0.03503 1.15 5.45773e-07 
-0.03503 1.155 4.48299e-07 
-0.03503 1.16 2.98307e-07 
-0.03503 1.165 2.02916e-07 
-0.03503 1.17 1.14566e-07 
-0.03503 1.175 5.64443e-08 
-0.03503 1.18 2.5399e-08 
-0.03503 1.185 9.93572e-09 
-0.03503 1.19 3.54034e-09 
-0.03503 1.195 1.16089e-09 
-0.03503 1.2 3.25962e-10 
-0.03303 1.145 4.40331e-07 
-0.03303 1.15 1.09379e-06 
-0.03303 1.155 8.93011e-07 
-0.03303 1.16 6.33339e-07 
-0.03303 1.165 3.96598e-07 
-0.03303 1.17 2.08883e-07 
-0.03303 1.175 1.04975e-07 
-0.03303 1.18 4.31581e-08 
-0.03303 1.185 1.79948e-08 
-0.03303 1.19 6.29972e-09 
-0.03303 1.195 1.96154e-09 
-0.03303 1.2 5.24781e-10 
-0.03303 1.205 1.31075e-10 
-0.03103 1.145 9.12456e-07 
-0.03103 1.15 2.00861e-06 
-0.03103 1.155 1.77928e-06 
-0.03103 1.16 1.36759e-06 
-0.03103 1.165 9.06633e-07 
-0.03103 1.17 5.6524e-07 
-0.03103 1.175 2.99947e-07 
-0.03103 1.18 1.47099e-07 
-0.03103 1.185 5.95515e-08 
-0.03103 1.19 2.2562e-08 
-0.03103 1.195 6.98958e-09 
-0.03103 1.2 2.16034e-09 
-0.03103 1.205 5.43167e-10 
-0.03103 1.21 1.29971e-10 
-0.02903 1.145 1.68233e-06 
-0.02903 1.15 3.24316e-06 
-0.02903 1.155 2.74588e-06 
-0.02903 1.16 2.15093e-06 
-0.02903 1.165 1.5252e-06 
-0.02903 1.17 9.31386e-07 
-0.02903 1.175 4.79313e-07 
-0.02903 1.18 2.09559e-07 
-0.02903 1.185 9.08415e-08 
-0.02903 1.19 3.52362e-08 
-0.02903 1.195 1.11645e-08 
-0.02903 1.2 3.40346e-09 
-0.02903 1.205 8.22379e-10 
-0.02903 1.21 2.17559e-10 
-0.02703 1.145 3.17062e-06 
-0.02703 1.15 6.19701e-06 
-0.02703 1.155 5.62978e-06 
-0.02703 1.16 4.50675e-06 
-0.02703 1.165 3.0494e-06 
-0.02703 1.17 1.94272e-06 
-0.02703 1.175 1.11848e-06 
-0.02703 1.18 5.3231e-07 
-0.02703 1.185 2.33094e-07 
-0.02703 1.19 9.05256e-08 
-0.02703 1.195 3.00317e-08 
-0.02703 1.2 9.2974e-09 
-0.02703 1.205 2.55454e-09 
-0.02703 1.21 6.09215e-10 
-0.02703 1.215 1.23221e-10 
-0.02503 1.145 3.84974e-06 
-0.02503 1.15 7.12264e-06 
-0.02503 1.155 6.37374e-06 
-0.02503 1.16 5.23263e-06 
-0.02503 1.165 3.54395e-06 
-0.02503 1.17 2.18557e-06 
-0.02503 1.175 1.30457e-06 
-0.02503 1.18 6.42039e-07 
-0.02503 1.185 3.00886e-07 
-0.02503 1.19 1.15537e-07 
-0.02503 1.195 4.31639e-08 
-0.02503 1.2 1.26465e-08 
-0.02503 1.205 3.55838e-09 
-0.02503 1.21 8.35195e-10 
-0.02503 1.215 1.91494e-10 
-0.02303 1.14 3.79308e-08 
-0.02303 1.145 6.72007e-06 
-0.02303 1.15 1.20459e-05 
-0.02303 1.155 1.14623e-05 
-0.02303 1.16 9.74709e-06 
-0.02303 1.165 7.38423e-06 
-0.02303 1.17 5.01846e-06 
-0.02303 1.175 2.88074e-06 
-0.02303 1.18 1.50821e-06 
-0.02303 1.185 6.83367e-07 
-0.02303 1.19 2.8026e-07 
-0.02303 1.195 1.0336e-07 
-0.02303 1.2 3.29816e-08 
-0.02303 1.205 9.61023e-09 
-0.02303 1.21 2.3777e-09 
-0.02303 1.215 5.39786e-10 
-0.02303 1.22 1.0501e-10 
-0.02103 1.14 6.21661e-07 
-0.02103 1.145 1.33287e-05 
-0.02103 1.15 2.0541e-05 
-0.02103 1.155 2.04763e-05 
-0.02103 1.16 1.7798e-05 
-0.02103 1.165 1.33825e-05 
-0.02103 1.17 8.62919e-06 
-0.02103 1.175 4.78797e-06 
-0.02103 1.18 2.43113e-06 
-0.02103 1.185 1.1664e-06 
-0.02103 1.19 4.97712e-07 
-0.02103 1.195 1.8411e-07 
-0.02103 1.2 5.96978e-08 
-0.02103 1.205 1.66023e-08 
-0.02103 1.21 3.87009e-09 
-0.02103 1.215 8.3517e-10 
-0.02103 1.22 1.75587e-10 
-0.01903 1.14 3.89594e-07 
-0.01903 1.145 9.82682e-06 
-0.01903 1.15 1.73007e-05 
-0.01903 1.155 1.89514e-05 
-0.01903 1.16 1.70192e-05 
-0.01903 1.165 1.44477e-05 
-0.01903 1.17 1.02824e-05 
-0.01903 1.175 6.60431e-06 
-0.01903 1.18 3.80238e-06 
-0.01903 1.185 1.78956e-06 
-0.01903 1.19 7.81348e-07 
-0.01903 1.195 2.87763e-07 
-0.01903 1.2 9.77555e-08 
-0.01903 1.205 3.00449e-08 
-0.01903 1.21 8.3484e-09 
-0.01903 1.215 1.8822e-09 
-0.01903 1.22 3.91709e-10 
-0.01703 1.14 2.00517e-06 
-0.01703 1.145 2.25476e-05 
-0.01703 1.15 3.3879e-05 
-0.01703 1.155 3.75772e-05 
-0.01703 1.16 3.50799e-05 
-0.01703 1.165 2.94291e-05 
-0.01703 1.17 2.10612e-05 
-0.01703 1.175 1.43206e-05 
-0.01703 1.18 7.99577e-06 
-0.01703 1.185 4.05288e-06 
-0.01703 1.19 1.79572e-06 
-0.01703 1.195 7.34115e-07 
-0.01703 1.2 2.57906e-07 
-0.01703 1.205 7.87635e-08 
-0.01703 1.21 2.09316e-08 
-0.01703 1.215 5.13399e-09 
-0.01703 1.22 1.04032e-09 
-0.01703 1.225 1.89593e-10 
-0.01503 1.14 2.75218e-06 
-0.01503 1.145 2.32969e-05 
-0.01503 1.15 3.67244e-05 
-0.01503 1.155 4.06016e-05 
-0.01503 1.16 3.87617e-05 
-0.01503 1.165 3.26594e-05 
-0.01503 1.17 2.47394e-05 
-0.01503 1.175 1.64539e-05 
-0.01503 1.18 9.3562e-06 
-0.01503 1.185 4.91921e-06 
-0.01503 1.19 2.26696e-06 
-0.01503 1.195 9.2327e-07 
-0.01503 1.2 3.12763e-07 
-0.01503 1.205 1.04142e-07 
-0.01503 1.21 2.74594e-08 
-0.01503 1.215 7.08357e-09 
-0.01503 1.22 1.50038e-09 
-0.01503 1.225 2.86955e-10 
-0.01303 1.14 3.45376e-06 
-0.01303 1.145 2.79321e-05 
-0.01303 1.15 4.90661e-05 
-0.01303 1.155 5.45618e-05 
-0.01303 1.16 5.82954e-05 
-0.01303 1.165 5.05696e-05 
-0.01303 1.17 4.13547e-05 
-0.01303 1.175 2.8767e-05 
-0.01303 1.18 1.68081e-05 
-0.01303 1.185 8.99577e-06 
-0.01303 1.19 4.12216e-06 
-0.01303 1.195 1.69645e-06 
-0.01303 1.2 6.06351e-07 
-0.01303 1.205 2.01518e-07 
-0.01303 1.21 5.63623e-08 
-0.01303 1.215 1.4474e-08 
-0.01303 1.22 3.04088e-09 
-0.01303 1.225 5.80198e-10 
-0.01103 1.14 3.65203e-06 
-0.01103 1.145 3.89416e-05 
-0.01103 1.15 6.36631e-05 
-0.01103 1.155 7.13852e-05 
-0.01103 1.16 6.87673e-05 
-0.01103 1.165 5.91056e-05 
-0.01103 1.17 4.59585e-05 
-0.01103 1.175 3.10232e-05 
-0.01103 1.18 2.00254e-05 
-0.01103 1.185 1.07571e-05 
-0.01103 1.19 5.10234e-06 
-0.01103 1.195 2.0574e-06 
-0.01103 1.2 8.21518e-07 
-0.01103 1.205 2.62485e-07 
-0.01103 1.21 7.69781e-08 
-0.01103 1.215 1.89956e-08 
-0.01103 1.22 4.50556e-09 
-0.01103 1.225 9.47457e-10 
-0.01103 1.23 1.52794e-10 
-0.00902998 1.135 9.10923e-09 
-0.00902998 1.14 4.19994e-06 
-0.00902998 1.145 3.43229e-05 
-0.00902998 1.15 6.03544e-05 
-0.00902998 1.155 7.59618e-05 
-0.00902998 1.16 7.86217e-05 
-0.00902998 1.165 7.91374e-05 
-0.00902998 1.17 6.57766e-05 
-0.00902998 1.175 4.96421e-05 
-0.00902998 1.18 3.15954e-05 
-0.00902998 1.185 1.7959e-05 
-0.00902998 1.19 8.88864e-06 
-0.00902998 1.195 4.04438e-06 
-0.00902998 1.2 1.55224e-06 
-0.00902998 1.205 5.30438e-07 
-0.00902998 1.21 1.58149e-07 
-0.00902998 1.215 4.05217e-08 
-0.00902998 1.22 9.65036e-09 
-0.00902998 1.225 1.90254e-09 
-0.00902998 1.23 3.49659e-10 
-0.00703001 1.135 6.12524e-09 
-0.00703001 1.14 4.88199e-06 
-0.00703001 1.145 5.15235e-05 
-0.00703001 1.15 8.90896e-05 
-0.00703001 1.155 0.000113668 
-0.00703001 1.16 0.000120438 
-0.00703001 1.165 0.000115567 
-0.00703001 1.17 9.63981e-05 
-0.00703001 1.175 7.04041e-05 
-0.00703001 1.18 4.63823e-05 
-0.00703001 1.185 2.66256e-05 
-0.00703001 1.19 1.37742e-05 
-0.00703001 1.195 6.28728e-06 
-0.00703001 1.2 2.44933e-06 
-0.00703001 1.205 8.84863e-07 
-0.00703001 1.21 2.55989e-07 
-0.00703001 1.215 6.51708e-08 
-0.00703001 1.22 1.52468e-08 
-0.00703001 1.225 3.22258e-09 
-0.00703001 1.23 5.72127e-10 
-0.00503001 1.135 1.62234e-09 
-0.00503001 1.14 5.9913e-06 
-0.00503001 1.145 4.47228e-05 
-0.00503001 1.15 7.78749e-05 
-0.00503001 1.155 9.9139e-05 
-0.00503001 1.16 0.000111725 
-0.00503001 1.165 0.000110638 
-0.00503001 1.17 9.85376e-05 
-0.00503001 1.175 8.11347e-05 
-0.00503001 1.18 5.3533e-05 
-0.00503001 1.185 3.25163e-05 
-0.00503001 1.19 1.67943e-05 
-0.00503001 1.195 7.49826e-06 
-0.00503001 1.2 3.17873e-06 
-0.00503001 1.205 1.1278e-06 
-0.00503001 1.21 3.5494e-07 
-0.00503001 1.215 1.03878e-07 
-0.00503001 1.22 2.29263e-08 
-0.00503001 1.225 5.00398e-09 
-0.00503001 1.23 9.20422e-10 
-0.00503001 1.235 1.5207e-10 
-0.00303 1.135 1.82348e-08 
-0.00303 1.14 5.07773e-06 
-0.00303 1.145 5.80022e-05 
-0.00303 1.15 0.000117386 
-0.00303 1.155 0.000150077 
-0.00303 1.16 0.000177105 
-0.00303 1.165 0.000180482 
-0.00303 1.17 0.000161751 
-0.00303 1.175 0.000126793 
-0.00303 1.18 9.07979e-05 
-0.00303 1.185 5.38285e-05 
-0.00303 1.19 2.93734e-05 
-0.00303 1.195 1.37187e-05 
-0.00303 1.2 5.56921e-06 
-0.00303 1.205 2.07928e-06 
-0.00303 1.21 6.94106e-07 
-0.00303 1.215 1.93138e-07 
-0.00303 1.22 4.94001e-08 
-0.00303 1.225 1.0748e-08 
-0.00303 1.23 2.0963e-09 
-0.00303 1.235 3.45945e-10 
-0.00103 1.135 3.61652e-09 
-0.00103 1.14 5.60359e-06 
-0.00103 1.145 5.47607e-05 
-0.00103 1.15 9.94191e-05 
-0.00103 1.155 0.00013553 
-0.00103 1.16 0.000162244 
-0.00103 1.165 0.000179262 
-0.00103 1.17 0.000162968 
-0.00103 1.175 0.000131373 
-0.00103 1.18 9.07998e-05 
-0.00103 1.185 5.43394e-05 
-0.00103 1.19 3.21231e-05 
-0.00103 1.195 1.55222e-05 
-0.00103 1.2 6.94756e-06 
-0.00103 1.205 2.57553e-06 
-0.00103 1.21 8.61948e-07 
-0.00103 1.215 2.46792e-07 
-0.00103 1.22 6.47317e-08 
-0.00103 1.225 1.38548e-08 
-0.00103 1.23 2.68927e-09 
-0.00103 1.235 4.05259e-10 
0.000970006 1.135 5.97969e-09 
0.000970006 1.14 6.14838e-06 
0.000970006 1.145 6.20323e-05 
0.000970006 1.15 0.00013225 
0.000970006 1.155 0.000187546 
0.000970006 1.16 0.00022637 
0.000970006 1.165 0.000250651 
0.000970006 1.17 0.000241454 
0.000970006 1.175 0.000204791 
0.000970006 1.18 0.000155678 
0.000970006 1.185 0.000102285 
0.000970006 1.19 5.65907e-05 
0.000970006 1.195 2.74906e-05 
0.000970006 1.2 1.21803e-05 
0.000970006 1.205 4.64584e-06 
0.000970006 1.21 1.55475e-06 
0.000970006 1.215 4.51806e-07 
0.000970006 1.22 1.21249e-07 
0.000970006 1.225 2.72208e-08 
0.000970006 1.23 5.48434e-09 
0.000970006 1.235 1.02499e-09 
0.000970006 1.24 1.55836e-10 
0.00297001 1.135 1.32965e-08 
0.00297001 1.14 8.3544e-06 
0.00297001 1.145 7.9765e-05 
0.00297001 1.15 0.000154624 
0.00297001 1.155 0.000225099 
0.00297001 1.16 0.000279441 
0.00297001 1.165 0.000302648 
0.00297001 1.17 0.000289759 
0.00297001 1.175 0.000252773 
0.00297001 1.18 0.000185845 
0.00297001 1.185 0.000127227 
0.00297001 1.19 7.01729e-05 
0.00297001 1.195 3.45204e-05 
0.00297001 1.2 1.45287e-05 
0.00297001 1.205 6.28532e-06 
0.00297001 1.21 2.14749e-06 
0.00297001 1.215 6.43681e-07 
0.00297001 1.22 1.64256e-07 
0.00297001 1.225 3.84366e-08 
0.00297001 1.23 7.59135e-09 
0.00297001 1.235 1.28929e-09 
0.00297001 1.24 2.19357e-10 
0.00497001 1.135 7.60709e-09 
0.00497001 1.14 4.92371e-06 
0.00497001 1.145 5.71703e-05 
0.00497001 1.15 0.000119221 
0.00497001 1.155 0.000177881 
0.00497001 1.16 0.00023376 
0.00497001 1.165 0.000270383 
0.00497001 1.17 0.000288208 
0.00497001 1.175 0.000260243 
0.00497001 1.18 0.000196375 
0.00497001 1.185 0.000139822 
0.00497001 1.19 8.80841e-05 
0.00497001 1.195 4.69065e-05 
0.00497001 1.2 2.2586e-05 
0.00497001 1.205 9.28358e-06 
0.00497001 1.21 3.36284e-06 
0.00497001 1.215 1.1315e-06 
0.00497001 1.22 3.12487e-07 
0.00497001 1.225 7.6434e-08 
0.00497001 1.23 1.63492e-08 
0.00497001 1.235 2.96769e-09 
0.00497001 1.24 4.68898e-10 
0.00697002 1.135 1.53471e-08 
0.00697002 1.14 6.99776e-06 
0.00697002 1.145 7.76915e-05 
0.00697002 1.15 0.000166343 
0.00697002 1.155 0.000255911 
0.00697002 1.16 0.000343264 
0.00697002 1.165 0.000386015 
0.00697002 1.17 0.000404604 
0.00697002 1.175 0.000360577 
0.00697002 1.18 0.000306159 
0.00697002 1.185 0.00021857 
0.00697002 1.19 0.00013832 
0.00697002 1.195 7.58402e-05 
0.00697002 1.2 3.74665e-05 
0.00697002 1.205 1.56894e-05 
0.00697002 1.21 6.10438e-06 
0.00697002 1.215 1.9477e-06 
0.00697002 1.22 5.50515e-07 
0.00697002 1.225 1.38064e-07 
0.00697002 1.23 2.92111e-08 
0.00697002 1.235 5.03763e-09 
0.00697002 1.24 8.01643e-10 
0.00697002 1.245 1.08468e-10 
0.00896999 1.135 4.49239e-09 
0.00896999 1.14 5.38891e-06 
0.00896999 1.145 6.19593e-05 
0.00896999 1.15 0.000134697 
0.00896999 1.155 0.000214961 
0.00896999 1.16 0.000305532 
0.00896999 1.165 0.000363967 
0.00896999 1.17 0.000380206 
0.00896999 1.175 0.000361085 
0.00896999 1.18 0.00029966 
0.00896999 1.185 0.000215958 
0.00896999 1.19 0.000145022 
0.00896999 1.195 8.45323e-05 
0.00896999 1.2 4.35958e-05 
0.00896999 1.205 1.81934e-05 
0.00896999 1.21 7.25306e-06 
0.00896999 1.215 2.3392e-06 
0.00896999 1.22 6.62071e-07 
0.00896999 1.225 1.66692e-07 
0.00896999 1.23 3.79891e-08 
0.00896999 1.235 7.47656e-09 
0.00896999 1.24 1.32965e-09 
0.00896999 1.245 2.03811e-10 
0.01097 1.135 2.22799e-08 
0.01097 1.14 5.71915e-06 
0.01097 1.145 6.69686e-05 
0.01097 1.15 0.000152863 
0.01097 1.155 0.000254797 
0.01097 1.16 0.000356105 
0.01097 1.165 0.000459564 
0.01097 1.17 0.000527349 
0.01097 1.175 0.000520426 
0.01097 1.18 0.000444176 
0.01097 1.185 0.000339616 
0.01097 1.19 0.000226889 
0.01097 1.195 0.000131374 
0.01097 1.2 6.91247e-05 
0.01097 1.205 3.12264e-05 
0.01097 1.21 1.23557e-05 
0.01097 1.215 4.38135e-06 
0.01097 1.22 1.40867e-06 
0.01097 1.225 3.69599e-07 
0.01097 1.23 8.40906e-08 
0.01097 1.235 1.65392e-08 
0.01097 1.24 2.88799e-09 
0.01097 1.245 4.27169e-10 
0.01297 1.135 2.83697e-09 
0.01297 1.14 6.05456e-06 
0.01297 1.145 7.25988e-05 
0.01297 1.15 0.000164928 
0.01297 1.155 0.000274245 
0.01297 1.16 0.000417322 
0.01297 1.165 0.000553418 
0.01297 1.17 0.000605841 
0.01297 1.175 0.000594212 
0.01297 1.18 0.000510938 
0.01297 1.185 0.000383558 
0.01297 1.19 0.00026088 
0.01297 1.195 0.000154349 
0.01297 1.2 7.87642e-05 
0.01297 1.205 3.50583e-05 
0.01297 1.21 1.45492e-05 
0.01297 1.215 5.56643e-06 
0.01297 1.22 1.6455e-06 
0.01297 1.225 4.72797e-07 
0.01297 1.23 1.13338e-07 
0.01297 1.235 2.3656e-08 
0.01297 1.24 3.941e-09 
0.01297 1.245 5.79523e-10 
0.01497 1.135 1.09191e-08 
0.01497 1.14 5.74162e-06 
0.01497 1.145 5.42784e-05 
0.01497 1.15 0.000128906 
0.01497 1.155 0.000224851 
0.01497 1.16 0.000346858 
0.01497 1.165 0.000471641 
0.01497 1.17 0.000595494 
0.01497 1.175 0.000623002 
0.01497 1.18 0.000557086 
0.01497 1.185 0.00047506 
0.01497 1.19 0.000334815 
0.01497 1.195 0.000216685 
0.01497 1.2 0.000120298 
0.01497 1.205 5.93666e-05 
0.01497 1.21 2.52238e-05 
0.01497 1.215 9.07217e-06 
0.01497 1.22 2.90721e-06 
0.01497 1.225 8.28981e-07 
0.01497 1.23 2.02522e-07 
0.01497 1.235 4.40611e-08 
0.01497 1.24 8.29212e-09 
0.01497 1.245 1.33482e-09 
0.01497 1.25 1.79132e-10 
0.01697 1.135 4.13052e-09 
0.01697 1.14 4.48113e-06 
0.01697 1.145 5.85705e-05 
0.01697 1.15 0.000152217 
0.01697 1.155 0.000273667 
0.01697 1.16 0.000443539 
0.01697 1.165 0.000599671 
0.01697 1.17 0.000746037 
0.01697 1.175 0.000820704 
0.01697 1.18 0.000811789 
0.01697 1.185 0.000666502 
0.01697 1.19 0.000498064 
0.01697 1.195 0.000321362 
0.01697 1.2 0.000181326 
0.01697 1.205 8.75596e-05 
0.01697 1.21 3.76865e-05 
0.01697 1.215 1.30951e-05 
0.01697 1.22 4.23538e-06 
0.01697 1.225 1.17381e-06 
0.01697 1.23 2.89701e-07 
0.01697 1.235 6.2789e-08 
0.01697 1.24 1.15529e-08 
0.01697 1.245 1.81087e-09 
0.01697 1.25 2.48981e-10 
0.01897 1.135 5.36052e-09 
0.01897 1.14 3.76762e-06 
0.01897 1.145 5.18874e-05 
0.01897 1.15 0.000132506 
0.01897 1.155 0.000237509 
0.01897 1.16 0.000389021 
0.01897 1.165 0.000557598 
0.01897 1.17 0.000726845 
0.01897 1.175 0.000790527 
0.01897 1.18 0.000769314 
0.01897 1.185 0.000630428 
0.01897 1.19 0.000488486 
0.01897 1.195 0.000309678 
0.01897 1.2 0.000172032 
0.01897 1.205 8.96886e-05 
0.01897 1.21 4.16244e-05 
0.01897 1.215 1.7201e-05 
0.01897 1.22 5.88545e-06 
0.01897 1.225 1.74461e-06 
0.01897 1.23 4.44343e-07 
0.01897 1.235 1.01427e-07 
0.01897 1.24 1.93755e-08 
0.01897 1.245 3.25431e-09 
0.01897 1.25 4.84199e-10 
0.02097 1.135 7.25798e-09 
0.02097 1.14 4.14405e-06 
0.02097 1.145 5.074e-05 
0.02097 1.15 0.000138434 
0.02097 1.155 0.000281941 
0.02097 1.16 0.000475908 
0.02097 1.165 0.000697933 
0.02097 1.17 0.000937347 
0.02097 1.175 0.00107472 
0.02097 1.18 0.00111474 
0.02097 1.185 0.00100301 
0.02097 1.19 0.000783289 
0.02097 1.195 0.000514091 
0.02097 1.2 0.00032585 
0.02097 1.205 0.000170211 
0.02097 1.21 7.81635e-05 
0.02097 1.215 3.05837e-05 
0.02097 1.22 1.02695e-05 
0.02097 1.225 3.19071e-06 
0.02097 1.23 8.53008e-07 
0.02097 1.235 1.91866e-07 
0.02097 1.24 3.63761e-08 
0.02097 1.245 6.30854e-09 
0.02097 1.25 9.37021e-10 
0.02097 1.255 1.12911e-10 
0.02297 1.135 2.47432e-09 
0.02297 1.14 3.72409e-06 
0.02297 1.145 4.74877e-05 
0.02297 1.15 0.000127748 
0.02297 1.155 0.000283945 
0.02297 1.16 0.000495775 
0.02297 1.165 0.000785104 
0.02297 1.17 0.00104523 
0.02297 1.175 0.00121805 
0.02297 1.18 0.00123732 
0.02297 1.185 0.00115678 
0.02297 1.19 0.000869902 
0.02297 1.195 0.000590823 
0.02297 1.2 0.000363669 
0.02297 1.205 0.000194518 
0.02297 1.21 9.06068e-05 
0.02297 1.215 3.7082e-05 
0.02297 1.22 1.25214e-05 
0.02297 1.225 3.59192e-06 
0.02297 1.23 9.33142e-07 
0.02297 1.235 2.31824e-07 
0.02297 1.24 4.59786e-08 
0.02297 1.245 7.94471e-09 
0.02297 1.25 1.22605e-09 
0.02297 1.255 1.6763e-10 
0.02497 1.135 3.38131e-09 
0.02497 1.14 3.62527e-06 
0.02497 1.145 3.71002e-05 
0.02497 1.15 0.000107849 
0.02497 1.155 0.000221123 
0.02497 1.16 0.000419602 
0.02497 1.165 0.000684791 
0.02497 1.17 0.000955296 
0.02497 1.175 0.00118733 
0.02497 1.18 0.00126376 
0.02497 1.185 0.00122987 
0.02497 1.19 0.00106181 
0.02497 1.195 0.000778988 
0.02497 1.2 0.00046691 
0.02497 1.205 0.000259013 
0.02497 1.21 0.000124417 
0.02497 1.215 5.29368e-05 
0.02497 1.22 2.01396e-05 
0.02497 1.225 6.66166e-06 
0.02497 1.23 1.73925e-06 
0.02497 1.235 4.09262e-07 
0.02497 1.24 8.45625e-08 
0.02497 1.245 1.49898e-08 
0.02497 1.25 2.37916e-09 
0.02497 1.255 3.25751e-10 
0.02697 1.135 1.48037e-09 
0.02697 1.14 1.84215e-06 
0.02697 1.145 3.1025e-05 
0.02697 1.15 9.78323e-05 
0.02697 1.155 0.000218711 
0.02697 1.16 0.000426927 
0.02697 1.165 0.000713463 
0.02697 1.17 0.00111046 
0.02697 1.175 0.00140379 
0.02697 1.18 0.0015957 
0.02697 1.185 0.00154141 
0.02697 1.19 0.00131023 
0.02697 1.195 0.000983361 
0.02697 1.2 0.000637277 
0.02697 1.205 0.000347498 
0.02697 1.21 0.000175099 
0.02697 1.215 7.40899e-05 
0.02697 1.22 2.88811e-05 
0.02697 1.225 8.87359e-06 
0.02697 1.23 2.50357e-06 
0.02697 1.235 6.3644e-07 
0.02697 1.24 1.37635e-07 
0.02697 1.245 2.58036e-08 
0.02697 1.25 3.9264e-09 
0.02697 1.255 5.4521e-10 
0.02897 1.135 1.95531e-09 
0.02897 1.14 2.27645e-06 
0.02897 1.145 2.92555e-05 
0.02897 1.15 8.77013e-05 
0.02897 1.155 0.000211171 
0.02897 1.16 0.0004123 
0.02897 1.165 0.00070547 
0.02897 1.17 0.00111568 
0.02897 1.175 0.00142001 
0.02897 1.18 0.00153828 
0.02897 1.185 0.00160048 
0.02897 1.19 0.00136065 
0.02897 1.195 0.00105755 
0.02897 1.2 0.000726411 
0.02897 1.205 0.00041673 
0.02897 1.21 0.000206273 
0.02897 1.215 9.15014e-05 
0.02897 1.22 3.47862e-05 
0.02897 1.225 1.1704e-05 
0.02897 1.23 3.58826e-06 
0.02897 1.235 9.28384e-07 
0.02897 1.24 1.94663e-07 
0.02897 1.245 3.62902e-08 
0.02897 1.25 5.86579e-09 
0.02897 1.255 8.07738e-10 
0.03097 1.135 1.37927e-09 
0.03097 1.14 1.97408e-06 
0.03097 1.145 2.53402e-05 
0.03097 1.15 8.00881e-05 
0.03097 1.155 0.00019537 
0.03097 1.16 0.000381558 
0.03097 1.165 0.000705942 
0.03097 1.17 0.00108365 
0.03097 1.175 0.00148221 
0.03097 1.18 0.0018631 
0.03097 1.185 0.00192081 
0.03097 1.19 0.00176399 
0.03097 1.195 0.00136693 
0.03097 1.2 0.000962163 
0.03097 1.205 0.00059045 
0.03097 1.21 0.000309788 
0.03097 1.215 0.000139339 
0.03097 1.22 5.54427e-05 
0.03097 1.225 1.94311e-05 
0.03097 1.23 5.55323e-06 
0.03097 1.235 1.44106e-06 
0.03097 1.24 3.27165e-07 
0.03097 1.245 6.7358e-08 
0.03097 1.25 1.19331e-08 
0.03097 1.255 1.74817e-09 
0.03097 1.26 2.25639e-10 
0.03297 1.135 1.77516e-09 
0.03297 1.14 1.70473e-06 
0.03297 1.145 2.391e-05 
0.03297 1.15 7.76471e-05 
0.03297 1.155 0.000185734 
0.03297 1.16 0.000365522 
0.03297 1.165 0.000708661 
0.03297 1.17 0.00114934 
0.03297 1.175 0.00162569 
0.03297 1.18 0.00189845 
0.03297 1.185 0.00206869 
0.03297 1.19 0.00195155 
0.03297 1.195 0.00165894 
0.03297 1.2 0.00115241 
0.03297 1.205 0.000697694 
0.03297 1.21 0.000351919 
0.03297 1.215 0.000164009 
0.03297 1.22 6.83553e-05 
0.03297 1.225 2.4751e-05 
0.03297 1.23 7.70155e-06 
0.03297 1.235 2.09218e-06 
0.03297 1.24 4.62603e-07 
0.03297 1.245 9.29795e-08 
0.03297 1.25 1.66184e-08 
0.03297 1.255 2.50826e-09 
0.03297 1.26 3.09777e-10 
0.03497 1.135 8.31317e-10 
0.03497 1.14 1.00484e-06 
0.03497 1.145 1.69196e-05 
0.03497 1.15 5.81164e-05 
0.03497 1.155 0.000144801 
0.03497 1.16 0.000316258 
0.03497 1.165 0.000604521 
0.03497 1.17 0.00101906 
0.03497 1.175 0.00141185 
0.03497 1.18 0.002004 
0.03497 1.185 0.00223108 
0.03497 1.19 0.00215489 
0.03497 1.195 0.00182974 
0.03497 1.2 0.00129715 
0.03497 1.205 0.00081658 
0.03497 1.21 0.000494573 
0.03497 1.215 0.000246942 
0.03497 1.22 9.52666e-05 
0.03497 1.225 3.4447e-05 
0.03497 1.23 1.13303e-05 
0.03497 1.235 3.02524e-06 
0.03497 1.24 7.60132e-07 
0.03497 1.245 1.59101e-07 
0.03497 1.25 2.92838e-08 
0.03497 1.255 4.35869e-09 
0.03497 1.26 5.64275e-10 
0.03697 1.135 1.01958e-09 
0.03697 1.14 8.57916e-07 
0.03697 1.145 1.43685e-05 
0.03697 1.15 5.16026e-05 
0.03697 1.155 0.000140726 
0.03697 1.16 0.00031863 
0.03697 1.165 0.000587879 
0.03697 1.17 0.00105339 
0.03697 1.175 0.00159152 
0.03697 1.18 0.00214965 
0.03697 1.185 0.00242419 
0.03697 1.19 0.00241418 
0.03697 1.195 0.00208088 
0.03697 1.2 0.0016358 
0.03697 1.205 0.00113557 
0.03697 1.21 0.000629617 
0.03697 1.215 0.000303385 
0.03697 1.22 0.000135545 
0.03697 1.225 5.39616e-05 
0.03697 1.23 1.79333e-05 
0.03697 1.235 5.19036e-06 
0.03697 1.24 1.24501e-06 
0.03697 1.245 2.58637e-07 
0.03697 1.25 4.77698e-08 
0.03697 1.255 7.21566e-09 
0.03697 1.26 1.03134e-09 
0.03897 1.135 1.2681e-09 
0.03897 1.14 7.51341e-07 
0.03897 1.145 1.35564e-05 
0.03897 1.15 4.77857e-05 
0.03897 1.155 0.000127109 
0.03897 1.16 0.000282814 
0.03897 1.165 0.000565538 
0.03897 1.17 0.00101181 
0.03897 1.175 0.00152834 
0.03897 1.18 0.00210998 
0.03897 1.185 0.00234263 
0.03897 1.19 0.00256192 
0.03897 1.195 0.00225648 
0.03897 1.2 0.00180417 
0.03897 1.205 0.00118798 
0.03897 1.21 0.000690926 
0.03897 1.215 0.00036176 
0.03897 1.22 0.000154576 
0.03897 1.225 6.41217e-05 
0.03897 1.23 2.11911e-05 
0.03897 1.235 6.07879e-06 
0.03897 1.24 1.60674e-06 
0.03897 1.245 3.56514e-07 
0.03897 1.25 6.41975e-08 
0.03897 1.255 1.06116e-08 
0.03897 1.26 1.41726e-09 
0.04097 1.135 2.05017e-10 
0.04097 1.14 7.04176e-07 
0.04097 1.145 8.50489e-06 
0.04097 1.15 3.21491e-05 
0.04097 1.155 8.73908e-05 
0.04097 1.16 0.000211094 
0.04097 1.165 0.000474765 
0.04097 1.17 0.000898236 
0.04097 1.175 0.00149197 
0.04097 1.18 0.00219473 
0.04097 1.185 0.00266489 
0.04097 1.19 0.00274687 
0.04097 1.195 0.00261499 
0.04097 1.2 0.00218181 
0.04097 1.205 0.0015518 
0.04097 1.21 0.00095903 
0.04097 1.215 0.00052612 
0.04097 1.22 0.000240117 
0.04097 1.225 9.85554e-05 
0.04097 1.23 3.81586e-05 
0.04097 1.235 1.10879e-05 
0.04097 1.24 2.77357e-06 
0.04097 1.245 6.04115e-07 
0.04097 1.25 1.23739e-07 
0.04097 1.255 1.94306e-08 
0.04097 1.26 2.8477e-09 
0.04097 1.265 1.55254e-10 
0.04297 1.135 5.83661e-10 
0.04297 1.14 4.22926e-07 
0.04297 1.145 8.39581e-06 
0.04297 1.15 3.03627e-05 
0.04297 1.155 9.06543e-05 
0.04297 1.16 0.000228983 
0.04297 1.165 0.000518277 
0.04297 1.17 0.000970653 
0.04297 1.175 0.00161867 
0.04297 1.18 0.00234976 
0.04297 1.185 0.00297485 
0.04297 1.19 0.00335327 
0.04297 1.195 0.00325394 
0.04297 1.2 0.00278511 
0.04297 1.205 0.00188172 
0.04297 1.21 0.0012316 
0.04297 1.215 0.000632465 
0.04297 1.22 0.000286019 
0.04297 1.225 0.000120579 
0.04297 1.23 4.19296e-05 
0.04297 1.235 1.32822e-05 
0.04297 1.24 3.45362e-06 
0.04297 1.245 7.93442e-07 
0.04297 1.25 1.74162e-07 
0.04297 1.255 3.08871e-08 
0.04297 1.26 4.02112e-09 
0.04297 1.265 2.6801e-10 
0.04497 1.135 1.77806e-10 
0.04497 1.14 2.83503e-07 
0.04497 1.145 5.61018e-06 
0.04497 1.15 2.2875e-05 
0.04497 1.155 6.76346e-05 
0.04497 1.16 0.000171529 
0.04497 1.165 0.000371972 
0.04497 1.17 0.000728177 
0.04497 1.175 0.00121601 
0.04497 1.18 0.00192117 
0.04497 1.185 0.00239548 
0.04497 1.19 0.00280151 
0.04497 1.195 0.00281967 
0.04497 1.2 0.0023766 
0.04497 1.205 0.00198494 
0.04497 1.21 0.00130359 
0.04497 1.215 0.000743068 
0.04497 1.22 0.000401585 
0.04497 1.225 0.000174211 
0.04497 1.23 6.41426e-05 
0.04497 1.235 2.16151e-05 
0.04497 1.24 5.77668e-06 
0.04497 1.245 1.33569e-06 
0.04497 1.25 2.57413e-07 
0.04497 1.255 4.964e-08 
0.04497 1.26 7.20194e-09 
0.04497 1.265 4.93096e-10 
0.04697 1.135 2.35823e-10 
0.04697 1.14 2.46907e-07 
0.04697 1.145 3.24392e-06 
0.04697 1.15 1.41729e-05 
0.04697 1.155 4.99268e-05 
0.04697 1.16 0.000145319 
0.04697 1.165 0.000355392 
0.04697 1.17 0.00072249 
0.04697 1.175 0.00130868 
0.04697 1.18 0.00213261 
0.04697 1.185 0.00300078 
0.04697 1.19 0.00354261 
0.04697 1.195 0.00366256 
0.04697 1.2 0.00329293 
0.04697 1.205 0.00243143 
0.04697 1.21 0.00177485 
0.04697 1.215 0.0010176 
0.04697 1.22 0.000491644 
0.04697 1.225 0.000220422 
0.04697 1.23 8.18313e-05 
0.04697 1.235 2.57405e-05 
0.04697 1.24 6.80692e-06 
0.04697 1.245 1.71013e-06 
0.04697 1.25 3.71992e-07 
0.04697 1.255 6.66631e-08 
0.04697 1.26 9.71592e-09 
0.04697 1.265 5.73864e-10 
0.04897 1.14 1.70024e-07 
0.04897 1.145 3.071e-06 
0.04897 1.15 1.37809e-05 
0.04897 1.155 4.53797e-05 
0.04897 1.16 0.000128604 
0.04897 1.165 0.000325755 
0.04897 1.17 0.000667388 
0.04897 1.175 0.00130285 
0.04897 1.18 0.00214811 
0.04897 1.185 0.00289446 
0.04897 1.19 0.00315262 
0.04897 1.195 0.00358174 
0.04897 1.2 0.00330265 
0.04897 1.205 0.00267325 
0.04897 1.21 0.00185008 
0.04897 1.215 0.00109545 
0.04897 1.22 0.000552364 
0.04897 1.225 0.000260786 
0.04897 1.23 0.000103123 
0.04897 1.235 3.5445e-05 
0.04897 1.24 1.11603e-05 
0.04897 1.245 2.79313e-06 
0.04897 1.25 5.72666e-07 
0.04897 1.255 1.07185e-07 
0.04897 1.26 1.72601e-08 
0.04897 1.265 1.1725e-09 
0.05097 1.14 9.74051e-08 
0.05097 1.145 2.31882e-06 
0.05097 1.15 9.46805e-06 
0.05097 1.155 3.33677e-05 
0.05097 1.16 9.55906e-05 
0.05097 1.165 0.000245248 
0.05097 1.17 0.000544348 
0.05097 1.175 0.00103952 
0.05097 1.18 0.00184726 
0.05097 1.185 0.00282983 
0.05097 1.19 0.00380808 
0.05097 1.195 0.00400269 
0.05097 1.2 0.00392122 
0.05097 1.205 0.00333341 
0.05097 1.21 0.00239039 
0.05097 1.215 0.001526 
0.05097 1.22 0.000781353 
0.05097 1.225 0.000374504 
0.05097 1.23 0.000153154 
0.05097 1.235 5.31858e-05 
0.05097 1.24 1.5968e-05 
0.05097 1.245 3.88305e-06 
0.05097 1.25 8.92277e-07 
0.05097 1.255 1.66921e-07 
0.05097 1.26 2.55714e-08 
0.05097 1.265 2.16435e-09 
0.05297 1.14 6.0287e-08 
0.05297 1.145 1.48702e-06 
0.05297 1.15 8.38694e-06 
0.05297 1.155 3.04366e-05 
0.05297 1.16 8.67215e-05 
0.05297 1.165 0.000228381 
0.05297 1.17 0.000517037 
0.05297 1.175 0.00107495 
0.05297 1.18 0.00190813 
0.05297 1.185 0.00280724 
0.05297 1.19 0.0036435 
0.05297 1.195 0.00399284 
0.05297 1.2 0.00411767 
0.05297 1.205 0.00345198 
0.05297 1.21 0.00259837 
0.05297 1.215 0.00166687 
0.05297 1.22 0.000916421 
0.05297 1.225 0.000417093 
0.05297 1.23 0.00017897 
0.05297 1.235 6.06271e-05 
0.05297 1.24 1.88625e-05 
0.05297 1.245 4.69524e-06 
0.05297 1.25 1.07392e-06 
0.05297 1.255 2.21332e-07 
0.05297 1.26 3.60066e-08 
0.05297 1.265 2.77542e-09 
0.05497 1.14 5.28601e-08 
0.05497 1.145 1.28087e-06 
0.05497 1.15 5.93481e-06 
0.05497 1.155 2.19628e-05 
0.05497 1.16 7.48399e-05 
0.05497 1.165 0.000199725 
0.05497 1.17 0.000466868 
0.05497 1.175 0.00098173 
0.05497 1.18 0.00171469 
0.05497 1.185 0.00264508 
0.05497 1.19 0.00353189 
0.05497 1.195 0.00381562 
0.05497 1.2 0.00417822 
0.05497 1.205 0.00371348 
0.05497 1.21 0.00290989 
0.05497 1.215 0.00178224 
0.05497 1.22 0.00106854 
0.05497 1.225 0.000514938 
0.05497 1.23 0.000227312 
0.05497 1.235 8.82164e-05 
0.05497 1.24 2.73441e-05 
0.05497 1.245 7.40601e-06 
0.05497 1.25 1.79138e-06 
0.05497 1.255 3.50429e-07 
0.05497 1.26 6.02049e-08 
0.05497 1.265 4.41552e-09 
0.05697 1.14 3.27582e-08 
0.05697 1.145 7.66854e-07 
0.05697 1.15 4.14219e-06 
0.05697 1.155 1.67298e-05 
0.05697 1.16 5.29281e-05 
0.05697 1.165 0.000141885 
0.05697 1.17 0.000369692 
0.05697 1.175 0.000813417 
0.05697 1.18 0.00153007 
0.05697 1.185 0.00246555 
0.05697 1.19 0.00358983 
0.05697 1.195 0.00429547 
0.05697 1.2 0.00454062 
0.05697 1.205 0.00437401 
0.05697 1.21 0.0033836 
0.05697 1.215 0.00229374 
0.05697 1.22 0.00128821 
0.05697 1.225 0.000667722 
0.05697 1.23 0.000299943 
0.05697 1.235 0.00011985 
0.05697 1.24 3.78456e-05 
0.05697 1.245 1.05821e-05 
0.05697 1.25 2.63498e-06 
0.05697 1.255 5.19779e-07 
0.05697 1.26 9.12642e-08 
0.05697 1.265 8.53803e-09 
0.05897 1.14 2.14189e-08 
0.05897 1.145 5.54825e-07 
0.05897 1.15 2.91094e-06 
0.05897 1.155 1.16642e-05 
0.05897 1.16 4.01965e-05 
0.05897 1.165 0.000121659 
0.05897 1.17 0.000334772 
0.05897 1.175 0.000745932 
0.05897 1.18 0.00141809 
0.05897 1.185 0.00239774 
0.05897 1.19 0.00356375 
0.05897 1.195 0.00427605 
0.05897 1.2 0.00488907 
0.05897 1.205 0.00459062 
0.05897 1.21 0.00376236 
0.05897 1.215 0.00254719 
0.05897 1.22 0.00153849 
0.05897 1.225 0.000850168 
0.05897 1.23 0.00040633 
0.05897 1.235 0.000151577 
0.05897 1.24 4.93949e-05 
0.05897 1.245 1.31348e-05 
0.05897 1.25 3.12579e-06 
0.05897 1.255 6.3868e-07 
0.05897 1.26 1.10371e-07 
0.05897 1.265 9.99503e-09 
0.06097 1.14 1.42494e-08 
0.06097 1.145 3.78726e-07 
0.06097 1.15 1.94503e-06 
0.06097 1.155 8.32581e-06 
0.06097 1.16 2.87968e-05 
0.06097 1.165 8.87408e-05 
0.06097 1.17 0.000238446 
0.06097 1.175 0.000563643 
0.06097 1.18 0.00111332 
0.06097 1.185 0.00186168 
0.06097 1.19 0.00269687 
0.06097 1.195 0.00359358 
0.06097 1.2 0.00403736 
0.06097 1.205 0.00399158 
0.06097 1.21 0.00337773 
0.06097 1.215 0.00271927 
0.06097 1.22 0.00165987 
0.06097 1.225 0.000900889 
0.06097 1.23 0.000414662 
0.06097 1.235 0.000179409 
0.06097 1.24 6.17674e-05 
0.06097 1.245 1.94523e-05 
0.06097 1.25 4.97572e-06 
0.06097 1.255 1.12254e-06 
0.06097 1.26 2.03785e-07 
0.06097 1.265 1.87987e-08 
0.06297 1.14 8.52127e-09 
0.06297 1.145 2.34247e-07 
0.06297 1.15 1.30237e-06 
0.06297 1.155 5.40881e-06 
0.06297 1.16 2.25249e-05 
0.06297 1.165 7.01069e-05 
0.06297 1.17 0.000199608 
0.06297 1.175 0.000492492 
0.06297 1.18 0.000999373 
0.06297 1.185 0.00191866 
0.06297 1.19 0.00305921 
0.06297 1.195 0.00421658 
0.06297 1.2 0.00519039 
0.06297 1.205 0.00518841 
0.06297 1.21 0.00457793 
0.06297 1.215 0.00344538 
0.06297 1.22 0.0022103 
0.06297 1.225 0.0012056 
0.06297 1.23 0.00064858 
0.06297 1.235 0.000268897 
0.06297 1.24 9.51461e-05 
0.06297 1.245 2.88527e-05 
0.06297 1.25 7.04649e-06 
0.06297 1.255 1.48971e-06 
0.06297 1.26 2.51661e-07 
0.06297 1.265 2.33629e-08 
0.06497 1.14 4.51365e-09 
0.06497 1.145 1.79272e-07 
0.06497 1.15 1.07145e-06 
0.06497 1.155 4.60038e-06 
0.06497 1.16 1.78062e-05 
0.06497 1.165 5.99708e-05 
0.06497 1.17 0.000171524 
0.06497 1.175 0.000428369 
0.06497 1.18 0.000925394 
0.06497 1.185 0.00172605 
0.06497 1.19 0.00284201 
0.06497 1.195 0.0036823 
0.06497 1.2 0.00429451 
0.06497 1.205 0.00455677 
0.06497 1.21 0.00415554 
0.06497 1.215 0.00320048 
0.06497 1.22 0.00204899 
0.06497 1.225 0.00121874 
0.06497 1.23 0.000597005 
0.06497 1.235 0.000265755 
0.06497 1.24 9.37987e-05 
0.06497 1.245 3.08583e-05 
0.06497 1.25 8.60782e-06 
0.06497 1.255 1.97524e-06 
0.06497 1.26 4.10192e-07 
0.06497 1.265 3.57082e-08 
0.06697 1.14 4.10146e-09 
0.06697 1.145 1.01029e-07 
0.06697 1.15 5.62034e-07 
0.06697 1.155 2.55149e-06 
0.06697 1.16 1.01506e-05 
0.06697 1.165 3.5788e-05 
0.06697 1.17 0.000100682 
0.06697 1.175 0.000265205 
0.06697 1.18 0.000580126 
0.06697 1.185 0.00116617 
0.06697 1.19 0.00201757 
0.06697 1.195 0.00311781 
0.06697 1.2 0.00417347 
0.06697 1.205 0.00462423 
0.06697 1.21 0.0043522 
0.06697 1.215 0.0036321 
0.06697 1.22 0.00259121 
0.06697 1.225 0.00156962 
0.06697 1.23 0.000808772 
0.06697 1.235 0.000359965 
0.06697 1.24 0.000142247 
0.06697 1.245 4.73723e-05 
0.06697 1.25 1.28099e-05 
0.06697 1.255 2.91288e-06 
0.06697 1.26 5.5932e-07 
0.06697 1.265 4.93415e-08 
0.06697 1.27 1.96011e-10 
0.06897 1.14 1.40415e-09 
0.06897 1.145 6.0142e-08 
0.06897 1.15 4.86147e-07 
0.06897 1.155 2.304e-06 
0.06897 1.16 9.51e-06 
0.06897 1.165 3.45314e-05 
0.06897 1.17 0.000108892 
0.06897 1.175 0.000277709 
0.06897 1.18 0.000678661 
0.06897 1.185 0.00138199 
0.06897 1.19 0.00239248 
0.06897 1.195 0.00332932 
0.06897 1.2 0.00453947 
0.06897 1.205 0.00531846 
0.06897 1.21 0.00473403 
0.06897 1.215 0.00421654 
0.06897 1.22 0.00289108 
0.06897 1.225 0.00182069 
0.06897 1.23 0.00092776 
0.06897 1.235 0.00041295 
0.06897 1.24 0.00014402 
0.06897 1.245 4.74683e-05 
0.06897 1.25 1.41107e-05 
0.06897 1.255 3.38696e-06 
0.06897 1.26 7.4187e-07 
0.06897 1.265 6.73688e-08 
0.06897 1.27 1.8868e-10 
0.07097 1.14 1.3653e-09 
0.07097 1.145 4.36602e-08 
0.07097 1.15 2.70586e-07 
0.07097 1.155 1.3809e-06 
0.07097 1.16 6.19966e-06 
0.07097 1.165 2.36807e-05 
0.07097 1.17 7.29811e-05 
0.07097 1.175 0.000195623 
0.07097 1.18 0.000444508 
0.07097 1.185 0.000925636 
0.07097 1.19 0.0016206 
0.07097 1.195 0.00262919 
0.07097 1.2 0.00365567 
0.07097 1.205 0.00410883 
0.07097 1.21 0.00419105 
0.07097 1.215 0.0036221 
0.07097 1.22 0.00277637 
0.07097 1.225 0.00177979 
0.07097 1.23 0.00100547 
0.07097 1.235 0.000470302 
0.07097 1.24 0.000217552 
0.07097 1.245 7.82687e-05 
0.07097 1.25 2.30888e-05 
0.07097 1.255 5.79659e-06 
0.07097 1.26 1.17268e-06 
0.07097 1.265 1.10597e-07 
0.07097 1.27 2.59175e-10 
0.07297 1.14 8.17083e-10 
0.07297 1.145 2.44302e-08 
0.07297 1.15 1.71733e-07 
0.07297 1.155 8.88465e-07 
0.07297 1.16 4.03189e-06 
0.07297 1.165 1.58286e-05 
0.07297 1.17 5.69198e-05 
0.07297 1.175 0.00017486 
0.07297 1.18 0.000439405 
0.07297 1.185 0.00096826 
0.07297 1.19 0.0017951 
0.07297 1.195 0.00289151 
0.07297 1.2 0.00403409 
0.07297 1.205 0.00453443 
0.07297 1.21 0.00477951 
0.07297 1.215 0.00417991 
0.07297 1.22 0.00331619 
0.07297 1.225 0.00223889 
0.07297 1.23 0.00122065 
0.07297 1.235 0.000605787 
0.07297 1.24 0.000244503 
0.07297 1.245 8.8634e-05 
0.07297 1.25 2.48042e-05 
0.07297 1.255 6.55183e-06 
0.07297 1.26 1.39902e-06 
0.07297 1.265 1.56629e-07 
0.07297 1.27 8.59372e-10 
0.07497 1.14 4.07038e-10 
0.07497 1.145 1.50408e-08 
0.07497 1.15 1.1409e-07 
0.07497 1.155 5.53454e-07 
0.07497 1.16 2.80883e-06 
0.07497 1.165 1.10913e-05 
0.07497 1.17 3.91345e-05 
0.07497 1.175 0.000125079 
0.07497 1.18 0.000315304 
0.07497 1.185 0.000722586 
0.07497 1.19 0.00139669 
0.07497 1.195 0.0024143 
0.07497 1.2 0.00340316 
0.07497 1.205 0.00400054 
0.07497 1.21 0.0042649 
0.07497 1.215 0.00390059 
0.07497 1.22 0.00314099 
0.07497 1.225 0.00212358 
0.07497 1.23 0.00119004 
0.07497 1.235 0.000644347 
0.07497 1.24 0.000262515 
0.07497 1.245 9.82891e-05 
0.07497 1.25 3.27317e-05 
0.07497 1.255 8.72195e-06 
0.07497 1.26 2.01191e-06 
0.07497 1.265 2.0157e-07 
0.07497 1.27 7.94831e-10 
0.07697 1.14 3.34336e-10 
0.07697 1.145 9.06443e-09 
0.07697 1.15 6.36059e-08 
0.07697 1.155 3.71912e-07 
0.07697 1.16 1.85909e-06 
0.07697 1.165 7.99184e-06 
0.07697 1.17 2.89038e-05 
0.07697 1.175 9.17973e-05 
0.07697 1.18 0.00023964 
0.07697 1.185 0.000552243 
0.07697 1.19 0.00121539 
0.07697 1.195 0.00203678 
0.07697 1.2 0.00305742 
0.07697 1.205 0.00412987 
0.07697 1.21 0.00464492 
0.07697 1.215 0.004503 
0.07697 1.22 0.00365834 
0.07697 1.225 0.0026197 
0.07697 1.23 0.00159196 
0.07697 1.235 0.000804974 
0.07697 1.24 0.000353197 
0.07697 1.245 0.000141848 
0.07697 1.25 4.44941e-05 
0.07697 1.255 1.25012e-05 
0.07697 1.26 2.89495e-06 
0.07697 1.265 2.87133e-07 
0.07697 1.27 1.00288e-09 
0.07897 1.14 1.64718e-10 
0.07897 1.145 5.22535e-09 
0.07897 1.15 3.84002e-08 
0.07897 1.155 2.46317e-07 
0.07897 1.16 1.28859e-06 
0.07897 1.165 5.30747e-06 
0.07897 1.17 2.04448e-05 
0.07897 1.175 6.7083e-05 
0.07897 1.18 0.000202635 
0.07897 1.185 0.000474733 
0.07897 1.19 0.00102228 
0.07897 1.195 0.00182902 
0.07897 1.2 0.00289757 
0.07897 1.205 0.00415433 
0.07897 1.21 0.00460811 
0.07897 1.215 0.0046969 
0.07897 1.22 0.00381558 
0.07897 1.225 0.00269158 
0.07897 1.23 0.00182968 
0.07897 1.235 0.000965004 
0.07897 1.24 0.000431924 
0.07897 1.245 0.000164361 
0.07897 1.25 5.24703e-05 
0.07897 1.255 1.49474e-05 
0.07897 1.26 3.47889e-06 
0.07897 1.265 3.66522e-07 
0.07897 1.27 1.17831e-09 
0.08097 1.145 2.80547e-09 
0.08097 1.15 2.34741e-08 
0.08097 1.155 1.37994e-07 
0.08097 1.16 6.99984e-07 
0.08097 1.165 3.33282e-06 
0.08097 1.17 1.36548e-05 
0.08097 1.175 4.70749e-05 
0.08097 1.18 0.000125081 
0.08097 1.185 0.000333175 
0.08097 1.19 0.000725216 
0.08097 1.195 0.00128676 
0.08097 1.2 0.00216728 
0.08097 1.205 0.00300989 
0.08097 1.21 0.0036196 
0.08097 1.215 0.00391439 
0.08097 1.22 0.00334276 
0.08097 1.225 0.00239878 
0.08097 1.23 0.00165055 
0.08097 1.235 0.000873309 
0.08097 1.24 0.000456391 
0.08097 1.245 0.000189364 
0.08097 1.25 6.33628e-05 
0.08097 1.255 1.9344e-05 
0.08097 1.26 4.51496e-06 
0.08097 1.265 4.99111e-07 
0.08097 1.27 1.62291e-09 
0.08297 1.145 1.52269e-09 
0.08297 1.15 1.2639e-08 
0.08297 1.155 9.12281e-08 
0.08297 1.16 5.04172e-07 
0.08297 1.165 2.4059e-06 
0.08297 1.17 9.51305e-06 
0.08297 1.175 3.56197e-05 
0.08297 1.18 0.000111338 
0.08297 1.185 0.000298032 
0.08297 1.19 0.000655525 
0.08297 1.195 0.0012827 
0.08297 1.2 0.00210266 
0.08297 1.205 0.00307168 
0.08297 1.21 0.00376621 
0.08297 1.215 0.00386878 
0.08297 1.22 0.00380003 
0.08297 1.225 0.00307174 
0.08297 1.23 0.00197013 
0.08297 1.235 0.00118311 
0.08297 1.24 0.0005791 
0.08297 1.245 0.000230666 
0.08297 1.25 8.53868e-05 
0.08297 1.255 2.51528e-05 
0.08297 1.26 6.20201e-06 
0.08297 1.265 6.27023e-07 
0.08297 1.27 2.92984e-09 
0.08497 1.145 8.03376e-10 
0.08497 1.15 7.26546e-09 
0.08497 1.155 5.05499e-08 
0.08497 1.16 2.82428e-07 
0.08497 1.165 1.42422e-06 
0.08497 1.17 6.30902e-06 
0.08497 1.175 2.44498e-05 
0.08497 1.18 7.87196e-05 
0.08497 1.185 0.000195803 
0.08497 1.19 0.00045968 
0.08497 1.195 0.000918338 
0.08497 1.2 0.00170047 
0.08497 1.205 0.0025465 
0.08497 1.21 0.00316177 
0.08497 1.215 0.00354682 
0.08497 1.22 0.00339701 
0.08497 1.225 0.00268014 
0.08497 1.23 0.00191437 
0.08497 1.235 0.00115875 
0.08497 1.24 0.000573702 
0.08497 1.245 0.00025136 
0.08497 1.25 8.83821e-05 
0.08497 1.255 2.76286e-05 
0.08497 1.26 7.40619e-06 
0.08497 1.265 8.69992e-07 
0.08497 1.27 3.43857e-09 
0.08697 1.145 4.99099e-10 
0.08697 1.15 4.28396e-09 
0.08697 1.155 3.13765e-08 
0.08697 1.16 1.97351e-07 
0.08697 1.165 9.66932e-07 
0.08697 1.17 4.30246e-06 
0.08697 1.175 1.62435e-05 
0.08697 1.18 5.53498e-05 
0.08697 1.185 0.000162439 
0.08697 1.19 0.000402004 
0.08697 1.195 0.000789173 
0.08697 1.2 0.00142962 
0.08697 1.205 0.00221874 
0.08697 1.21 0.00290348 
0.08697 1.215 0.00340784 
0.08697 1.22 0.00327156 
0.08697 1.225 0.00271401 
0.08697 1.23 0.00192979 
0.08697 1.235 0.00117736 
0.08697 1.24 0.00062572 
0.08697 1.245 0.000279507 
0.08697 1.25 0.000110937 
0.08697 1.255 3.62915e-05 
0.08697 1.26 9.46751e-06 
0.08697 1.265 1.05794e-06 
0.08697 1.27 1.68285e-09 
0.08897 1.145 2.73743e-10 
0.08897 1.15 2.7388e-09 
0.08897 1.155 1.8899e-08 
0.08897 1.16 1.15265e-07 
0.08897 1.165 6.3133e-07 
0.08897 1.17 2.79303e-06 
0.08897 1.175 1.13821e-05 
0.08897 1.18 3.88032e-05 
0.08897 1.185 0.000118044 
0.08897 1.19 0.000290967 
0.08897 1.195 0.000636471 
0.08897 1.2 0.00127334 
0.08897 1.205 0.00199264 
0.08897 1.21 0.00273135 
0.08897 1.215 0.00325905 
0.08897 1.22 0.00306389 
0.08897 1.225 0.0027762 
0.08897 1.23 0.00200812 
0.08897 1.235 0.00124234 
0.08897 1.24 0.000699566 
0.08897 1.245 0.000313092 
0.08897 1.25 0.000122772 
0.08897 1.255 4.04515e-05 
0.08897 1.26 1.12511e-05 
0.08897 1.265 1.19488e-06 
0.08897 1.27 3.5088e-09 
0.09097 1.145 1.27877e-10 
0.09097 1.15 1.30559e-09 
0.09097 1.155 1.00395e-08 
0.09097 1.16 6.45627e-08 
0.09097 1.165 3.56103e-07 
0.09097 1.17 1.81917e-06 
0.09097 1.175 7.96626e-06 
0.09097 1.18 2.64813e-05 
0.09097 1.185 8.44544e-05 
0.09097 1.19 0.000221529 
0.09097 1.195 0.000504743 
0.09097 1.2 0.000950042 
0.09097 1.205 0.00160593 
0.09097 1.21 0.0023371 
0.09097 1.215 0.00289074 
0.09097 1.22 0.00313252 
0.09097 1.225 0.00292824 
0.09097 1.23 0.00219534 
0.09097 1.235 0.00143932 
0.09097 1.24 0.000807354 
0.09097 1.245 0.000373725 
0.09097 1.25 0.000143304 
0.09097 1.255 5.05244e-05 
0.09097 1.26 1.53903e-05 
0.09097 1.265 1.89714e-06 
0.09297 1.15 6.61723e-10 
0.09297 1.155 5.64423e-09 
0.09297 1.16 4.18546e-08 
0.09297 1.165 2.52915e-07 
0.09297 1.17 1.27293e-06 
0.09297 1.175 5.59716e-06 
0.09297 1.18 2.10274e-05 
0.09297 1.185 6.91362e-05 
0.09297 1.19 0.000180512 
0.09297 1.195 0.000431245 
0.09297 1.2 0.000854493 
0.09297 1.205 0.00145335 
0.09297 1.21 0.00218486 
0.09297 1.215 0.00269459 
0.09297 1.22 0.00303399 
0.09297 1.225 0.00272974 
0.09297 1.23 0.00199723 
0.09297 1.235 0.00142798 
0.09297 1.24 0.000831405 
0.09297 1.245 0.000410194 
0.09297 1.25 0.000172281 
0.09297 1.255 6.21455e-05 
0.09297 1.26 1.89873e-05 
0.09297 1.265 2.00401e-06 
0.09297 1.27 5.57771e-09 
0.09497 1.15 3.39576e-10 
0.09497 1.155 2.88521e-09 
0.09497 1.16 2.01649e-08 
0.09497 1.165 1.25846e-07 
0.09497 1.17 6.56898e-07 
0.09497 1.175 3.04971e-06 
0.09497 1.18 1.14145e-05 
0.09497 1.185 3.90633e-05 
0.09497 1.19 0.000112647 
0.09497 1.195 0.000267926 
0.09497 1.2 0.000561261 
0.09497 1.205 0.000965872 
0.09497 1.21 0.0015731 
0.09497 1.215 0.00207938 
0.09497 1.22 0.00235503 
0.09497 1.225 0.00235087 
0.09497 1.23 0.00203661 
0.09497 1.235 0.001429 
0.09497 1.24 0.000819133 
0.09497 1.245 0.000434147 
0.09497 1.25 0.000183877 
0.09497 1.255 6.72608e-05 
0.09497 1.26 2.05816e-05 
0.09497 1.265 2.70828e-06 
0.09497 1.27 1.11841e-08 
0.09697 1.15 1.82211e-10 
0.09697 1.155 1.55135e-09 
0.09697 1.16 1.26532e-08 
0.09697 1.165 8.15082e-08 
0.09697 1.17 4.62527e-07 
0.09697 1.175 2.12065e-06 
0.09697 1.18 8.78609e-06 
0.09697 1.185 2.97026e-05 
0.09697 1.19 8.36624e-05 
0.09697 1.195 0.000223841 
0.09697 1.2 0.000501471 
0.09697 1.205 0.00100207 
0.09697 1.21 0.0016349 
0.09697 1.215 0.00217832 
0.09697 1.22 0.00250443 
0.09697 1.225 0.00259621 
0.09697 1.23 0.00218922 
0.09697 1.235 0.00159281 
0.09697 1.24 0.00098063 
0.09697 1.245 0.000500269 
0.09697 1.25 0.00020966 
0.09697 1.255 7.81295e-05 
0.09697 1.26 2.56658e-05 
0.09697 1.265 3.45352e-06 
0.09697 1.27 4.309e-09 
0.09897 1.155 8.57273e-10 
0.09897 1.16 6.6971e-09 
0.09897 1.165 4.28884e-08 
0.09897 1.17 2.54074e-07 
0.09897 1.175 1.26319e-06 
0.09897 1.18 5.28254e-06 
0.09897 1.185 1.87895e-05 
0.09897 1.19 5.46563e-05 
0.09897 1.195 0.000141867 
0.09897 1.2 0.000328063 
0.09897 1.205 0.000650663 
0.09897 1.21 0.00107672 
0.09897 1.215 0.0015108 
0.09897 1.22 0.0018183 
0.09897 1.225 0.00185878 
0.09897 1.23 0.00165 
0.09897 1.235 0.00124336 
0.09897 1.24 0.000776857 
0.09897 1.245 0.00044776 
0.09897 1.25 0.000218654 
0.09897 1.255 8.76291e-05 
0.09897 1.26 2.90307e-05 
0.09897 1.265 3.86001e-06 
0.09897 1.27 3.86741e-09 
0.10097 1.155 4.06099e-10 
0.10097 1.16 3.31033e-09 
0.10097 1.165 2.24218e-08 
0.10097 1.17 1.35003e-07 
0.10097 1.175 6.81203e-07 
0.10097 1.18 2.97445e-06 
0.10097 1.185 1.23823e-05 
0.10097 1.19 4.21749e-05 
0.10097 1.195 0.00011208 
0.10097 1.2 0.000273171 
0.10097 1.205 0.00055302 
0.10097 1.21 0.00093941 
0.10097 1.215 0.00142753 
0.10097 1.22 0.00176212 
0.10097 1.225 0.00188459 
0.10097 1.23 0.00172655 
0.10097 1.235 0.00136759 
0.10097 1.24 0.000902671 
0.10097 1.245 0.000491708 
0.10097 1.25 0.000243637 
0.10097 1.255 9.79184e-05 
0.10097 1.26 3.23062e-05 
0.10097 1.265 4.38399e-06 
0.10097 1.27 3.8013e-09 
0.10297 1.155 2.46446e-10 
0.10297 1.16 1.96979e-09 
0.10297 1.165 1.45206e-08 
0.10297 1.17 9.55816e-08 
0.10297 1.175 5.24496e-07 
0.10297 1.18 2.28041e-06 
0.10297 1.185 9.36052e-06 
0.10297 1.19 3.05364e-05 
0.10297 1.195 8.83272e-05 
0.10297 1.2 0.000214932 
0.10297 1.205 0.000448075 
0.10297 1.21 0.000797337 
0.10297 1.215 0.00122271 
0.10297 1.22 0.00158542 
0.10297 1.225 0.00169078 
0.10297 1.23 0.00153611 
0.10297 1.235 0.00122813 
0.10297 1.24 0.00079708 
0.10297 1.245 0.000472536 
0.10297 1.25 0.000230466 
0.10297 1.255 9.65059e-05 
0.10297 1.26 3.43252e-05 
0.10297 1.265 4.57181e-06 
0.10297 1.27 1.24828e-08 
0.10497 1.155 1.21295e-10 
0.10497 1.16 1.13047e-09 
0.10497 1.165 7.81746e-09 
0.10497 1.17 5.35384e-08 
0.10497 1.175 3.0653e-07 
0.10497 1.18 1.29034e-06 
0.10497 1.185 5.4807e-06 
0.10497 1.19 1.89397e-05 
0.10497 1.195 5.30111e-05 
0.10497 1.2 0.0001421 
0.10497 1.205 0.000301366 
0.10497 1.21 0.000547282 
0.10497 1.215 0.000892404 
0.10497 1.22 0.00122407 
0.10497 1.225 0.00143787 
0.10497 1.23 0.00141634 
0.10497 1.235 0.00126407 
0.10497 1.24 0.000900246 
0.10497 1.245 0.00053065 
0.10497 1.25 0.000285004 
0.10497 1.255 0.000122157 
0.10497 1.26 4.28065e-05 
0.10497 1.265 6.67802e-06 
0.10497 1.27 1.53259e-08 
0.10697 1.16 5.17321e-10 
0.10697 1.165 3.82238e-09 
0.10697 1.17 2.75376e-08 
0.10697 1.175 1.68864e-07 
0.10697 1.18 8.48345e-07 
0.10697 1.185 3.7471e-06 
0.10697 1.19 1.3181e-05 
0.10697 1.195 4.27364e-05 
0.10697 1.2 0.000116277 
0.10697 1.205 0.000265959 
0.10697 1.21 0.000503262 
0.10697 1.215 0.000832718 
0.10697 1.22 0.00114557 
0.10697 1.225 0.00130854 
0.10697 1.23 0.00137641 
0.10697 1.235 0.00119042 
0.10697 1.24 0.000836454 
0.10697 1.245 0.000551611 
0.10697 1.25 0.000285434 
0.10697 1.255 0.000125306 
0.10697 1.26 4.65533e-05 
0.10697 1.265 6.77288e-06 
0.10697 1.27 1.38696e-08 
0.10897 1.16 2.95761e-10 
0.10897 1.165 2.31677e-09 
0.10897 1.17 1.66438e-08 
0.10897 1.175 1.00309e-07 
0.10897 1.18 5.02712e-07 
0.10897 1.185 2.23441e-06 
0.10897 1.19 8.47825e-06 
0.10897 1.195 2.83087e-05 
0.10897 1.2 7.66365e-05 
0.10897 1.205 0.000183174 
0.10897 1.21 0.000376218 
0.10897 1.215 0.000612684 
0.10897 1.22 0.000848277 
0.10897 1.225 0.0010715 
0.10897 1.23 0.00111209 
0.10897 1.235 0.000997176 
0.10897 1.24 0.000754202 
0.10897 1.245 0.000484695 
0.10897 1.25 0.000248308 
0.10897 1.255 0.000119385 
0.10897 1.26 4.48493e-05 
0.10897 1.265 6.72568e-06 
0.10897 1.27 2.49632e-08 
0.11097 1.16 1.26202e-10 
0.11097 1.165 1.09307e-09 
0.11097 1.17 8.35065e-09 
0.11097 1.175 4.91954e-08 
0.11097 1.18 2.87745e-07 
0.11097 1.185 1.31216e-06 
0.11097 1.19 5.08754e-06 
0.11097 1.195 1.81093e-05 
0.11097 1.2 4.71281e-05 
0.11097 1.205 0.000124695 
0.11097 1.21 0.000264292 
0.11097 1.215 0.000451989 
0.11097 1.22 0.000741838 
0.11097 1.225 0.000944528 
0.11097 1.23 0.00098968 
0.11097 1.235 0.000890841 
0.11097 1.24 0.00072954 
0.11097 1.245 0.000466215 
0.11097 1.25 0.0002837 
0.11097 1.255 0.000136902 
0.11097 1.26 5.04237e-05 
0.11097 1.265 7.86506e-06 
0.11097 1.27 2.90509e-08 
0.11297 1.165 5.92782e-10 
0.11297 1.17 4.49557e-09 
0.11297 1.175 3.12536e-08 
0.11297 1.18 1.69931e-07 
0.11297 1.185 8.32033e-07 
0.11297 1.19 3.48103e-06 
0.11297 1.195 1.16765e-05 
0.11297 1.2 3.68691e-05 
0.11297 1.205 9.01854e-05 
0.11297 1.21 0.000199038 
0.11297 1.215 0.000374396 
0.11297 1.22 0.000576676 
0.11297 1.225 0.000768347 
0.11297 1.23 0.000883719 
0.11297 1.235 0.000830897 
0.11297 1.24 0.000714628 
0.11297 1.245 0.00049201 
0.11297 1.25 0.000269806 
0.11297 1.255 0.000137513 
0.11297 1.26 5.415e-05 
0.11297 1.265 9.32217e-06 
0.11297 1.27 5.30476e-08 
0.11497 1.165 2.74235e-10 
0.11497 1.17 2.40579e-09 
0.11497 1.175 1.65756e-08 
0.11497 1.18 9.58384e-08 
0.11497 1.185 4.81007e-07 
0.11497 1.19 2.03134e-06 
0.11497 1.195 7.81338e-06 
0.11497 1.2 2.28048e-05 
0.11497 1.205 6.15899e-05 
0.11497 1.21 0.000140537 
0.11497 1.215 0.000269314 
0.11497 1.22 0.000439338 
0.11497 1.225 0.000597778 
0.11497 1.23 0.000698717 
0.11497 1.235 0.00069425 
0.11497 1.24 0.00058944 
0.11497 1.245 0.000414363 
0.11497 1.25 0.000265432 
0.11497 1.255 0.000142181 
0.11497 1.26 5.8301e-05 
0.11497 1.265 1.0059e-05 
0.11497 1.27 1.2337e-08 
0.11697 1.165 1.29552e-10 
0.11697 1.17 1.13592e-09 
0.11697 1.175 8.60826e-09 
0.11697 1.18 5.41579e-08 
0.11697 1.185 2.96137e-07 
0.11697 1.19 1.259e-06 
0.11697 1.195 4.92074e-06 
0.11697 1.2 1.63152e-05 
0.11697 1.205 4.48297e-05 
0.11697 1.21 0.000110222 
0.11697 1.215 0.000212384 
0.11697 1.22 0.000362883 
0.11697 1.225 0.000508054 
0.11697 1.23 0.000631344 
0.11697 1.235 0.000634228 
0.11697 1.24 0.000568859 
0.11697 1.245 0.000409438 
0.11697 1.25 0.000270152 
0.11697 1.255 0.000139333 
0.11697 1.26 6.08973e-05 
0.11697 1.265 1.06117e-05 
0.11697 1.27 4.48321e-08 
0.11897 1.17 6.22242e-10 
0.11897 1.175 4.92074e-09 
0.11897 1.18 2.80592e-08 
0.11897 1.185 1.5949e-07 
0.11897 1.19 7.12106e-07 
0.11897 1.195 2.75153e-06 
0.11897 1.2 9.82634e-06 
0.11897 1.205 2.80958e-05 
0.11897 1.21 6.50701e-05 
0.11897 1.215 0.000139018 
0.11897 1.22 0.000244189 
0.11897 1.225 0.000357181 
0.11897 1.23 0.000469802 
0.11897 1.235 0.00050152 
0.11897 1.24 0.000438701 
0.11897 1.245 0.00034225 
0.11897 1.25 0.000229502 
0.11897 1.255 0.000119687 
0.11897 1.26 5.65298e-05 
0.11897 1.265 1.11273e-05 
0.12097 1.17 2.57098e-10 
0.12097 1.175 2.15994e-09 
0.12097 1.18 1.48073e-08 
0.12097 1.185 8.39903e-08 
0.12097 1.19 4.53449e-07 
0.12097 1.195 1.85607e-06 
0.12097 1.2 6.69306e-06 
0.12097 1.205 1.95884e-05 
0.12097 1.21 5.30002e-05 
0.12097 1.215 0.00011137 
0.12097 1.22 0.00019724 
0.12097 1.225 0.000303385 
0.12097 1.23 0.000395201 
0.12097 1.235 0.000446894 
0.12097 1.24 0.000419578 
0.12097 1.245 0.000339766 
0.12097 1.25 0.000224968 
0.12097 1.255 0.000129463 
0.12097 1.26 5.93851e-05 
0.12097 1.265 9.24659e-06 
0.12097 1.27 4.75293e-08 
0.12297 1.17 1.45031e-10 
0.12297 1.175 1.21048e-09 
0.12297 1.18 8.77222e-09 
0.12297 1.185 4.96278e-08 
0.12297 1.19 2.63665e-07 
0.12297 1.195 1.17311e-06 
0.12297 1.2 4.19925e-06 
0.12297 1.205 1.27419e-05 
0.12297 1.21 3.34904e-05 
0.12297 1.215 7.2758e-05 
0.12297 1.22 0.000130618 
0.12297 1.225 0.000221897 
0.12297 1.23 0.000294343 
0.12297 1.235 0.000342852 
0.12297 1.24 0.000333978 
0.12297 1.245 0.000282634 
0.12297 1.25 0.000193652 
0.12297 1.255 0.000115353 
0.12297 1.26 5.49484e-05 
0.12297 1.265 1.08666e-05 
0.12297 1.27 4.79228e-08 
0.12497 1.175 5.65665e-10 
0.12497 1.18 4.12496e-09 
0.12497 1.185 2.43295e-08 
0.12497 1.19 1.39656e-07 
0.12497 1.195 5.8712e-07 
0.12497 1.2 2.39825e-06 
0.12497 1.205 7.73322e-06 
0.12497 1.21 2.2527e-05 
0.12497 1.215 5.60562e-05 
0.12497 1.22 0.000106222 
0.12497 1.225 0.00018005 
0.12497 1.23 0.000248788 
0.12497 1.235 0.000315025 
0.12497 1.24 0.000299292 
0.12497 1.245 0.000270206 
0.12497 1.25 0.000192993 
0.12497 1.255 0.000119199 
0.12497 1.26 5.60854e-05 
0.12497 1.265 1.06524e-05 
0.12497 1.27 5.09338e-08 
0.12697 1.175 2.9826e-10 
0.12697 1.18 2.21468e-09 
0.12697 1.185 1.47189e-08 
0.12697 1.19 8.54106e-08 
0.12697 1.195 3.88962e-07 
0.12697 1.2 1.53048e-06 
0.12697 1.205 5.10362e-06 
0.12697 1.21 1.53626e-05 
0.12697 1.215 3.55643e-05 
0.12697 1.22 7.19679e-05 
0.12697 1.225 0.000131688 
0.12697 1.23 0.000190628 
0.12697 1.235 0.000237804 
0.12697 1.24 0.000244874 
0.12697 1.245 0.000228302 
0.12697 1.25 0.000159545 
0.12697 1.255 9.80928e-05 
0.12697 1.26 5.14893e-05 
0.12697 1.265 1.01204e-05 
0.12697 1.27 3.55907e-08 
0.12897 1.175 1.27637e-10 
0.12897 1.18 1.07296e-09 
0.12897 1.185 7.3635e-09 
0.12897 1.19 4.34378e-08 
0.12897 1.195 2.13308e-07 
0.12897 1.2 9.5092e-07 
0.12897 1.205 3.37843e-06 
0.12897 1.21 9.36487e-06 
0.12897 1.215 2.36798e-05 
0.12897 1.22 4.96186e-05 
0.12897 1.225 9.18091e-05 
0.12897 1.23 0.000136841 
0.12897 1.235 0.000178391 
0.12897 1.24 0.000192505 
0.12897 1.245 0.00018113 
0.12897 1.25 0.000144192 
0.12897 1.255 9.54015e-05 
0.12897 1.26 4.86366e-05 
0.12897 1.265 1.03305e-05 
0.12897 1.27 3.34452e-08 
0.13097 1.18 5.24261e-10 
0.13097 1.185 3.83206e-09 
0.13097 1.19 2.29151e-08 
0.13097 1.195 1.18238e-07 
0.13097 1.2 5.1705e-07 
0.13097 1.205 1.88026e-06 
0.13097 1.21 6.05895e-06 
0.13097 1.215 1.63792e-05 
0.13097 1.22 3.6196e-05 
0.13097 1.225 6.64881e-05 
0.13097 1.23 0.000103439 
0.13097 1.235 0.000142664 
0.13097 1.24 0.00016069 
0.13097 1.245 0.000161118 
0.13097 1.25 0.000128419 
0.13097 1.255 8.58373e-05 
0.13097 1.26 4.8472e-05 
0.13097 1.265 1.10182e-05 
0.13097 1.27 3.22443e-08 
0.13297 1.18 2.39598e-10 
0.13297 1.185 1.85285e-09 
0.13297 1.19 1.26315e-08 
0.13297 1.195 7.07896e-08 
0.13297 1.2 3.15903e-07 
0.13297 1.205 1.21992e-06 
0.13297 1.21 4.04478e-06 
0.13297 1.215 1.05382e-05 
0.13297 1.22 2.57149e-05 
0.13297 1.225 4.7151e-05 
0.13297 1.23 8.15159e-05 
0.13297 1.235 0.000105468 
0.13297 1.24 0.00012813 
0.13297 1.245 0.00012808 
0.13297 1.25 0.000108966 
0.13297 1.255 7.55167e-05 
0.13297 1.26 4.35227e-05 
0.13297 1.265 9.50692e-06 
0.13297 1.27 3.43705e-08 
0.13497 1.18 1.30887e-10 
0.13497 1.185 9.77166e-10 
0.13497 1.19 6.85173e-09 
0.13497 1.195 3.72918e-08 
0.13497 1.2 1.89194e-07 
0.13497 1.205 7.25381e-07 
0.13497 1.21 2.43448e-06 
0.13497 1.215 7.03785e-06 
0.13497 1.22 1.67649e-05 
0.13497 1.225 3.36998e-05 
0.13497 1.23 5.53512e-05 
0.13497 1.235 8.61462e-05 
0.13497 1.24 0.000104867 
0.13497 1.245 0.000105959 
0.13497 1.25 9.20849e-05 
0.13497 1.255 6.79337e-05 
0.13497 1.26 4.12582e-05 
0.13497 1.265 8.42582e-06 
0.13497 1.27 1.20438e-08 
0.13697 1.185 4.55369e-10 
0.13697 1.19 3.13042e-09 
0.13697 1.195 1.92595e-08 
0.13697 1.2 9.88609e-08 
0.13697 1.205 3.93658e-07 
0.13697 1.21 1.46797e-06 
0.13697 1.215 4.15387e-06 
0.13697 1.22 1.10761e-05 
0.13697 1.225 2.20789e-05 
0.13697 1.23 4.08377e-05 
0.13697 1.235 6.09799e-05 
0.13697 1.24 7.71051e-05 
0.13697 1.245 7.93375e-05 
0.13697 1.25 7.59909e-05 
0.13697 1.255 5.69869e-05 
0.13697 1.26 3.5165e-05 
0.13697 1.265 8.0516e-06 
0.13697 1.27 3.43852e-08 
0.13897 1.185 2.32984e-10 
0.13897 1.19 1.60329e-09 
0.13897 1.195 1.03773e-08 
0.13897 1.2 5.20087e-08 
0.13897 1.205 2.23329e-07 
0.13897 1.21 8.46842e-07 
0.13897 1.215 2.71538e-06 
0.13897 1.22 7.166e-06 
0.13897 1.225 1.56805e-05 
0.13897 1.23 2.94044e-05 
0.13897 1.235 4.54729e-05 
0.13897 1.24 6.21719e-05 
0.13897 1.245 6.85002e-05 
0.13897 1.25 6.3712e-05 
0.13897 1.255 5.11887e-05 
0.13897 1.26 3.21176e-05 
0.13897 1.265 7.40471e-06 
0.13897 1.27 5.65959e-08 
0.14097 1.185 1.0019e-10 
0.14097 1.19 7.63475e-10 
0.14097 1.195 4.69903e-09 
0.14097 1.2 2.61541e-08 
0.14097 1.205 1.16403e-07 
0.14097 1.21 4.39356e-07 
0.14097 1.215 1.38578e-06 
0.14097 1.22 3.91216e-06 
0.14097 1.225 8.45782e-06 
0.14097 1.23 1.72579e-05 
0.14097 1.235 2.69202e-05 
0.14097 1.24 3.79916e-05 
0.14097 1.245 4.36395e-05 
0.14097 1.25 4.24313e-05 
0.14097 1.255 3.5816e-05 
0.14097 1.26 2.29488e-05 
0.14097 1.265 6.17194e-06 
0.14097 1.27 5.61732e-08 
0.14297 1.19 4.02117e-10 
0.14297 1.195 2.75864e-09 
0.14297 1.2 1.52229e-08 
0.14297 1.205 7.21755e-08 
0.14297 1.21 3.03865e-07 
0.14297 1.215 1.02381e-06 
0.14297 1.22 2.97345e-06 
0.14297 1.225 6.682e-06 
0.14297 1.23 1.3795e-05 
0.14297 1.235 2.34216e-05 
0.14297 1.24 3.35417e-05 
0.14297 1.245 4.08593e-05 
0.14297 1.25 4.0535e-05 
0.14297 1.255 3.48532e-05 
0.14297 1.26 2.29538e-05 
0.14297 1.265 5.50478e-06 
0.14297 1.27 1.29182e-08 
0.14497 1.19 1.98172e-10 
0.14497 1.195 1.44558e-09 
0.14497 1.2 8.09817e-09 
0.14497 1.205 4.14942e-08 
0.14497 1.21 1.67232e-07 
0.14497 1.215 5.70958e-07 
0.14497 1.22 1.64264e-06 
0.14497 1.225 3.98427e-06 
0.14497 1.23 8.71904e-06 
0.14497 1.235 1.49514e-05 
0.14497 1.24 2.18832e-05 
0.14497 1.245 2.82902e-05 
0.14497 1.25 3.00041e-05 
0.14497 1.255 2.51656e-05 
0.14497 1.26 1.90397e-05 
0.14497 1.265 4.81683e-06 
0.14497 1.27 2.72782e-08 
0.14697 1.195 6.06503e-10 
0.14697 1.2 3.54198e-09 
0.14697 1.205 1.77266e-08 
0.14697 1.21 8.0368e-08 
0.14697 1.215 3.22367e-07 
0.14697 1.22 1.04794e-06 
0.14697 1.225 2.64203e-06 
0.14697 1.23 5.79466e-06 
0.14697 1.235 1.09334e-05 
0.14697 1.24 1.57599e-05 
0.14697 1.245 2.14694e-05 
0.14697 1.25 2.3229e-05 
0.14697 1.255 2.12e-05 
0.14697 1.26 1.54441e-05 
0.14697 1.265 3.8637e-06 
0.14697 1.27 3.07929e-08 
0.14897 1.195 3.51289e-10 
0.14897 1.2 2.0593e-09 
0.14897 1.205 1.09577e-08 
0.14897 1.21 4.7291e-08 
0.14897 1.215 1.8718e-07 
0.14897 1.22 6.03596e-07 
0.14897 1.225 1.6637e-06 
0.14897 1.23 3.81252e-06 
0.14897 1.235 7.33697e-06 
0.14897 1.24 1.20557e-05 
0.14897 1.245 1.61505e-05 
0.14897 1.25 1.80806e-05 
0.14897 1.255 1.73754e-05 
0.14897 1.26 1.35013e-05 
0.14897 1.265 3.54223e-06 
0.14897 1.27 7.92925e-09 
0.15097 1.195 1.29697e-10 
0.15097 1.2 9.15663e-10 
0.15097 1.205 4.97341e-09 
0.15097 1.21 2.65405e-08 
0.15097 1.215 1.10348e-07 
0.15097 1.22 3.6805e-07 
0.15097 1.225 1.06612e-06 
0.15097 1.23 2.41632e-06 
0.15097 1.235 4.78045e-06 
0.15097 1.24 7.80447e-06 
0.15097 1.245 1.12877e-05 
0.15097 1.25 1.33659e-05 
0.15097 1.255 1.27626e-05 
0.15097 1.26 9.99001e-06 
0.15097 1.265 2.85597e-06 
0.15097 1.27 1.77326e-08 
0.15297 1.2 4.62207e-10 
0.15297 1.205 2.51369e-09 
0.15297 1.21 1.28874e-08 
0.15297 1.215 5.40527e-08 
0.15297 1.22 1.85125e-07 
0.15297 1.225 5.44368e-07 
0.15297 1.23 1.31954e-06 
0.15297 1.235 2.98194e-06 
0.15297 1.24 5.14651e-06 
0.15297 1.245 7.43676e-06 
0.15297 1.25 9.01805e-06 
0.15297 1.255 9.2101e-06 
0.15297 1.26 7.84363e-06 
0.15297 1.265 2.23249e-06 
0.15297 1.27 1.18152e-08 
0.15497 1.2 1.8697e-10 
0.15497 1.205 1.2699e-09 
0.15497 1.21 6.74049e-09 
0.15497 1.215 3.13981e-08 
0.15497 1.22 1.1669e-07 
0.15497 1.225 3.54111e-07 
0.15497 1.23 9.36836e-07 
0.15497 1.235 2.07159e-06 
0.15497 1.24 3.89776e-06 
0.15497 1.245 5.82114e-06 
0.15497 1.25 7.49078e-06 
0.15497 1.255 7.94098e-06 
0.15497 1.26 6.981e-06 
0.15497 1.265 1.8708e-06 
0.15497 1.27 2.29325e-08 
0.15697 1.205 6.61684e-10 
0.15697 1.21 3.50518e-09 
0.15697 1.215 1.62353e-08 
0.15697 1.22 6.01838e-08 
0.15697 1.225 1.98868e-07 
0.15697 1.23 5.40648e-07 
0.15697 1.235 1.18273e-06 
0.15697 1.24 2.17814e-06 
0.15697 1.245 3.52612e-06 
0.15697 1.25 4.65825e-06 
0.15697 1.255 5.06528e-06 
0.15697 1.26 4.5165e-06 
0.15697 1.265 1.55804e-06 
0.15697 1.27 6.03992e-09 
0.15897 1.205 2.81872e-10 
0.15897 1.21 1.61735e-09 
0.15897 1.215 7.62163e-09 
0.15897 1.22 2.9099e-08 
0.15897 1.225 9.91637e-08 
0.15897 1.23 2.75205e-07 
0.15897 1.235 7.10014e-07 
0.15897 1.24 1.4309e-06 
0.15897 1.245 2.32224e-06 
0.15897 1.25 3.21951e-06 
0.15897 1.255 3.58899e-06 
0.15897 1.26 3.27762e-06 
0.15897 1.265 1.08677e-06 
0.15897 1.27 5.94461e-09 
0.16097 1.205 1.41513e-10 
0.16097 1.21 8.65292e-10 
0.16097 1.215 4.58032e-09 
0.16097 1.22 1.94389e-08 
0.16097 1.225 6.65619e-08 
0.16097 1.23 1.92298e-07 
0.16097 1.235 4.51857e-07 
0.16097 1.24 9.70094e-07 
0.16097 1.245 1.68977e-06 
0.16097 1.25 2.33747e-06 
0.16097 1.255 2.81393e-06 
0.16097 1.26 2.72505e-06 
0.16097 1.265 8.9545e-07 
0.16097 1.27 4.16774e-09 
0.16297 1.21 3.70481e-10 
0.16297 1.215 1.9747e-09 
0.16297 1.22 8.51916e-09 
0.16297 1.225 3.09426e-08 
0.16297 1.23 9.53505e-08 
0.16297 1.235 2.49909e-07 
0.16297 1.24 5.33647e-07 
0.16297 1.245 9.87523e-07 
0.16297 1.25 1.4977e-06 
0.16297 1.255 1.86237e-06 
0.16297 1.26 1.80049e-06 
0.16297 1.265 6.51597e-07 
0.16297 1.27 5.59715e-09 
0.16497 1.21 1.73646e-10 
0.16497 1.215 9.63349e-10 
0.16497 1.22 4.3716e-09 
0.16497 1.225 1.72082e-08 
0.16497 1.23 5.4391e-08 
0.16497 1.235 1.46543e-07 
0.16497 1.24 3.19326e-07 
0.16497 1.245 6.2328e-07 
0.16497 1.25 9.73611e-07 
0.16497 1.255 1.27004e-06 
0.16497 1.26 1.3018e-06 
0.16497 1.265 4.75992e-07 
0.16497 1.27 1.43346e-09 
0.16697 1.215 4.94222e-10 
0.16697 1.22 2.24148e-09 
0.16697 1.225 9.08774e-09 
0.16697 1.23 3.06913e-08 
0.16697 1.235 8.82841e-08 
0.16697 1.24 2.05919e-07 
0.16697 1.245 4.03549e-07 
0.16697 1.25 6.51462e-07 
0.16697 1.255 8.72074e-07 
0.16697 1.26 9.23362e-07 
0.16697 1.265 3.42101e-07 
0.16697 1.27 4.7616e-09 
0.16897 1.215 2.43864e-10 
0.16897 1.22 1.23954e-09 
0.16897 1.225 4.9555e-09 
0.16897 1.23 1.72161e-08 
0.16897 1.235 5.11132e-08 
0.16897 1.24 1.24471e-07 
0.16897 1.245 2.43675e-07 
0.16897 1.25 4.09123e-07 
0.16897 1.255 5.76249e-07 
0.16897 1.26 6.47214e-07 
0.16897 1.265 2.37739e-07 
0.16897 1.27 2.91155e-09 
0.17097 1.215 1.09068e-10 
0.17097 1.22 5.45154e-10 
0.17097 1.225 2.71429e-09 
0.17097 1.23 1.01422e-08 
0.17097 1.235 3.0346e-08 
0.17097 1.24 7.74546e-08 
0.17097 1.245 1.64334e-07 
0.17097 1.25 2.8869e-07 
0.17097 1.255 4.21204e-07 
0.17097 1.26 4.83084e-07 
0.17097 1.265 1.7851e-07 
0.17097 1.27 2.37382e-09 
0.17297 1.22 3.06841e-10 
0.17297 1.225 1.3371e-09 
0.17297 1.23 5.07461e-09 
0.17297 1.235 1.62682e-08 
0.17297 1.24 4.38143e-08 
0.17297 1.245 9.56736e-08 
0.17297 1.25 1.74259e-07 
0.17297 1.255 2.5608e-07 
0.17297 1.26 3.09011e-07 
0.17297 1.265 1.06232e-07 
0.17297 1.27 6.07537e-10 
0.17497 1.22 1.31164e-10 
0.17497 1.225 7.05161e-10 
0.17497 1.23 2.63321e-09 
0.17497 1.235 9.22983e-09 
0.17497 1.24 2.55881e-08 
0.17497 1.245 5.71314e-08 
0.17497 1.25 1.12729e-07 
0.17497 1.255 1.81144e-07 
0.17497 1.26 2.19799e-07 
0.17497 1.265 8.64779e-08 
0.17497 1.27 1.09684e-09 
0.17697 1.225 2.7292e-10 
0.17697 1.23 1.18718e-09 
0.17697 1.235 3.97112e-09 
0.17697 1.24 1.16625e-08 
0.17697 1.245 2.84459e-08 
0.17697 1.25 5.53302e-08 
0.17697 1.255 9.41903e-08 
0.17697 1.26 1.24455e-07 
0.17697 1.265 5.26151e-08 
0.17697 1.27 5.45308e-10 
0.17897 1.225 1.26639e-10 
0.17897 1.23 5.35836e-10 
0.17897 1.235 1.98114e-09 
0.17897 1.24 5.99393e-09 
0.17897 1.245 1.52573e-08 
0.17897 1.25 3.12982e-08 
0.17897 1.255 5.44713e-08 
0.17897 1.26 7.24592e-08 
0.17897 1.265 3.14016e-08 
0.17897 1.27 3.99975e-10 
0.18097 1.23 2.97258e-10 
0.18097 1.235 1.09566e-09 
0.18097 1.24 3.46481e-09 
0.18097 1.245 9.0325e-09 
0.18097 1.25 1.96195e-08 
0.18097 1.255 3.45355e-08 
0.18097 1.26 4.84093e-08 
0.18097 1.265 2.24837e-08 
0.18097 1.27 1.64204e-10 
0.18297 1.23 1.35583e-10 
0.18297 1.235 5.37958e-10 
0.18297 1.24 1.79089e-09 
0.18297 1.245 4.78439e-09 
0.18297 1.25 1.12772e-08 
0.18297 1.255 2.14004e-08 
0.18297 1.26 3.07073e-08 
0.18297 1.265 1.38605e-08 
0.18497 1.235 2.55855e-10 
0.18497 1.24 8.83561e-10 
0.18497 1.245 2.51472e-09 
0.18497 1.25 6.05517e-09 
0.18497 1.255 1.13933e-08 
0.18497 1.26 1.76669e-08 
0.18497 1.265 8.10327e-09 
0.18697 1.235 1.39699e-10 
0.18697 1.24 4.9444e-10 
0.18697 1.245 1.45879e-09 
0.18697 1.25 3.5367e-09 
0.18697 1.255 7.15561e-09 
0.18697 1.26 1.17598e-08 
0.18697 1.265 5.86285e-09 
0.18897 1.24 2.46346e-10 
0.18897 1.245 7.44828e-10 
0.18897 1.25 1.8167e-09 
0.18897 1.255 4.011e-09 
0.18897 1.26 6.52681e-09 
0.18897 1.265 3.83626e-09 
0.19097 1.24 1.12414e-10 
0.19097 1.245 3.55559e-10 
0.19097 1.25 9.51338e-10 
0.19097 1.255 2.16326e-09 
0.19097 1.26 3.72223e-09 
0.19097 1.265 1.93638e-09 
0.19297 1.245 2.06637e-10 
0.19297 1.25 5.79059e-10 
0.19297 1.255 1.30568e-09 
0.19297 1.26 2.44289e-09 
0.19297 1.265 1.58098e-09 
0.19497 1.25 2.47084e-10 
0.19497 1.255 6.38309e-10 
0.19497 1.26 1.18581e-09 
0.19497 1.265 7.49488e-10 
0.19697 1.25 1.2715e-10 
0.19697 1.255 3.43298e-10 
0.19697 1.26 6.62071e-10 
0.19697 1.265 3.93529e-10 
0.19897 1.255 1.71652e-10 
0.19897 1.26 3.56732e-10 
0.19897 1.265 2.31009e-10 
0.20097 1.26 1.91343e-10 
0.20097 1.265 1.12182e-10 
