#logm logg JPDF
-0.04103 1.15 2.82065e-10 
-0.04103 1.155 4.4046e-10 
-0.04103 1.16 2.22277e-10 
-0.04103 1.165 1.78169e-10 
-0.03903 1.15 1.84035e-09 
-0.03903 1.155 2.00989e-09 
-0.03903 1.16 1.12426e-09 
-0.03903 1.165 9.24301e-10 
-0.03903 1.17 3.76266e-10 
-0.03903 1.175 2.05392e-10 
-0.03703 1.145 1.16026e-09 
-0.03703 1.15 4.90842e-09 
-0.03703 1.155 4.6268e-09 
-0.03703 1.16 3.89222e-09 
-0.03703 1.165 2.0722e-09 
-0.03703 1.17 1.63502e-09 
-0.03703 1.175 8.51406e-10 
-0.03703 1.18 4.71023e-10 
-0.03703 1.185 1.64543e-10 
-0.03503 1.145 3.99064e-08 
-0.03503 1.15 9.42072e-08 
-0.03503 1.155 8.01092e-08 
-0.03503 1.16 4.87153e-08 
-0.03503 1.165 4.36804e-08 
-0.03503 1.17 2.54562e-08 
-0.03503 1.175 1.34538e-08 
-0.03503 1.18 6.13559e-09 
-0.03503 1.185 2.47685e-09 
-0.03503 1.19 7.84316e-10 
-0.03503 1.195 3.39053e-10 
-0.03303 1.145 1.90338e-07 
-0.03303 1.15 2.97002e-07 
-0.03303 1.155 2.41219e-07 
-0.03303 1.16 1.84961e-07 
-0.03303 1.165 1.32528e-07 
-0.03303 1.17 5.63589e-08 
-0.03303 1.175 2.74931e-08 
-0.03303 1.18 1.16458e-08 
-0.03303 1.185 4.87483e-09 
-0.03303 1.19 1.56339e-09 
-0.03303 1.195 6.73217e-10 
-0.03303 1.2 1.82974e-10 
-0.03103 1.145 2.52527e-07 
-0.03103 1.15 6.40283e-07 
-0.03103 1.155 6.17127e-07 
-0.03103 1.16 4.84603e-07 
-0.03103 1.165 3.3644e-07 
-0.03103 1.17 2.1659e-07 
-0.03103 1.175 1.3241e-07 
-0.03103 1.18 6.71116e-08 
-0.03103 1.185 2.97387e-08 
-0.03103 1.19 1.12942e-08 
-0.03103 1.195 3.3887e-09 
-0.03103 1.2 1.19797e-09 
-0.03103 1.205 2.95291e-10 
-0.02903 1.145 9.10628e-07 
-0.02903 1.15 1.52561e-06 
-0.02903 1.155 1.27208e-06 
-0.02903 1.16 1.089e-06 
-0.02903 1.165 7.92493e-07 
-0.02903 1.17 5.33394e-07 
-0.02903 1.175 2.97077e-07 
-0.02903 1.18 1.3533e-07 
-0.02903 1.185 6.4982e-08 
-0.02903 1.19 2.67148e-08 
-0.02903 1.195 9.21572e-09 
-0.02903 1.2 2.79824e-09 
-0.02903 1.205 7.27627e-10 
-0.02903 1.21 2.02304e-10 
-0.02703 1.145 2.00098e-06 
-0.02703 1.15 3.15002e-06 
-0.02703 1.155 3.22228e-06 
-0.02703 1.16 2.66062e-06 
-0.02703 1.165 1.7799e-06 
-0.02703 1.17 1.22709e-06 
-0.02703 1.175 8.03163e-07 
-0.02703 1.18 3.69241e-07 
-0.02703 1.185 1.84614e-07 
-0.02703 1.19 7.16278e-08 
-0.02703 1.195 2.60498e-08 
-0.02703 1.2 6.8466e-09 
-0.02703 1.205 2.2403e-09 
-0.02703 1.21 5.17193e-10 
-0.02703 1.215 1.11233e-10 
-0.02503 1.145 2.40569e-06 
-0.02503 1.15 3.41099e-06 
-0.02503 1.155 3.02197e-06 
-0.02503 1.16 3.11702e-06 
-0.02503 1.165 2.30688e-06 
-0.02503 1.17 1.40345e-06 
-0.02503 1.175 9.4362e-07 
-0.02503 1.18 4.9732e-07 
-0.02503 1.185 2.27719e-07 
-0.02503 1.19 9.95476e-08 
-0.02503 1.195 4.08374e-08 
-0.02503 1.2 1.24075e-08 
-0.02503 1.205 4.25463e-09 
-0.02503 1.21 1.04679e-09 
-0.02503 1.215 2.29212e-10 
-0.02303 1.14 2.24291e-07 
-0.02303 1.145 4.13987e-06 
-0.02303 1.15 6.1728e-06 
-0.02303 1.155 6.42809e-06 
-0.02303 1.16 6.02487e-06 
-0.02303 1.165 4.64417e-06 
-0.02303 1.17 3.37754e-06 
-0.02303 1.175 2.06399e-06 
-0.02303 1.18 1.12855e-06 
-0.02303 1.185 5.58889e-07 
-0.02303 1.19 2.40047e-07 
-0.02303 1.195 9.28442e-08 
-0.02303 1.2 2.99601e-08 
-0.02303 1.205 9.17283e-09 
-0.02303 1.21 2.51459e-09 
-0.02303 1.215 6.06691e-10 
-0.02303 1.22 1.31538e-10 
-0.02103 1.14 6.44616e-07 
-0.02103 1.145 6.9424e-06 
-0.02103 1.15 1.05391e-05 
-0.02103 1.155 1.28081e-05 
-0.02103 1.16 1.10827e-05 
-0.02103 1.165 9.51867e-06 
-0.02103 1.17 6.55602e-06 
-0.02103 1.175 4.31341e-06 
-0.02103 1.18 2.42273e-06 
-0.02103 1.185 1.21709e-06 
-0.02103 1.19 5.52634e-07 
-0.02103 1.195 2.02389e-07 
-0.02103 1.2 7.25333e-08 
-0.02103 1.205 2.26011e-08 
-0.02103 1.21 5.42324e-09 
-0.02103 1.215 1.24737e-09 
-0.02103 1.22 2.70108e-10 
-0.01903 1.14 4.8468e-07 
-0.01903 1.145 6.67337e-06 
-0.01903 1.15 1.00663e-05 
-0.01903 1.155 1.27244e-05 
-0.01903 1.16 1.35663e-05 
-0.01903 1.165 1.13606e-05 
-0.01903 1.17 8.61842e-06 
-0.01903 1.175 5.2963e-06 
-0.01903 1.18 2.9126e-06 
-0.01903 1.185 1.41411e-06 
-0.01903 1.19 7.05247e-07 
-0.01903 1.195 2.66967e-07 
-0.01903 1.2 1.01683e-07 
-0.01903 1.205 3.21358e-08 
-0.01903 1.21 8.95491e-09 
-0.01903 1.215 2.34977e-09 
-0.01903 1.22 4.92314e-10 
-0.01703 1.14 1.34608e-06 
-0.01703 1.145 9.85504e-06 
-0.01703 1.15 1.4052e-05 
-0.01703 1.155 1.78189e-05 
-0.01703 1.16 1.78781e-05 
-0.01703 1.165 1.7175e-05 
-0.01703 1.17 1.25995e-05 
-0.01703 1.175 1.01197e-05 
-0.01703 1.18 5.8843e-06 
-0.01703 1.185 3.16349e-06 
-0.01703 1.19 1.54182e-06 
-0.01703 1.195 6.35908e-07 
-0.01703 1.2 2.24002e-07 
-0.01703 1.205 7.81991e-08 
-0.01703 1.21 2.0942e-08 
-0.01703 1.215 5.17812e-09 
-0.01703 1.22 1.2011e-09 
-0.01703 1.225 2.30309e-10 
-0.01503 1.14 1.63652e-06 
-0.01503 1.145 1.26303e-05 
-0.01503 1.15 1.86395e-05 
-0.01503 1.155 2.24385e-05 
-0.01503 1.16 2.54956e-05 
-0.01503 1.165 2.53155e-05 
-0.01503 1.17 2.2472e-05 
-0.01503 1.175 1.66342e-05 
-0.01503 1.18 9.70685e-06 
-0.01503 1.185 5.64607e-06 
-0.01503 1.19 2.69445e-06 
-0.01503 1.195 1.15117e-06 
-0.01503 1.2 4.36094e-07 
-0.01503 1.205 1.4716e-07 
-0.01503 1.21 3.97714e-08 
-0.01503 1.215 1.08414e-08 
-0.01503 1.22 2.488e-09 
-0.01503 1.225 4.78852e-10 
-0.01303 1.14 2.00268e-06 
-0.01303 1.145 1.36055e-05 
-0.01303 1.15 2.18463e-05 
-0.01303 1.155 2.54753e-05 
-0.01303 1.16 3.15943e-05 
-0.01303 1.165 2.90807e-05 
-0.01303 1.17 2.70887e-05 
-0.01303 1.175 2.101e-05 
-0.01303 1.18 1.31929e-05 
-0.01303 1.185 7.68847e-06 
-0.01303 1.19 3.54556e-06 
-0.01303 1.195 1.52851e-06 
-0.01303 1.2 5.47611e-07 
-0.01303 1.205 2.01122e-07 
-0.01303 1.21 5.44348e-08 
-0.01303 1.215 1.54813e-08 
-0.01303 1.22 3.4371e-09 
-0.01303 1.225 6.63627e-10 
-0.01303 1.23 1.25227e-10 
-0.01103 1.14 2.69393e-06 
-0.01103 1.145 1.7948e-05 
-0.01103 1.15 2.77424e-05 
-0.01103 1.155 3.35826e-05 
-0.01103 1.16 3.54612e-05 
-0.01103 1.165 3.43425e-05 
-0.01103 1.17 3.08175e-05 
-0.01103 1.175 2.50258e-05 
-0.01103 1.18 1.653e-05 
-0.01103 1.185 9.70689e-06 
-0.01103 1.19 4.94958e-06 
-0.01103 1.195 2.36332e-06 
-0.01103 1.2 9.48087e-07 
-0.01103 1.205 3.42472e-07 
-0.01103 1.21 1.04803e-07 
-0.01103 1.215 2.64673e-08 
-0.01103 1.22 6.63982e-09 
-0.01103 1.225 1.44678e-09 
-0.01103 1.23 2.41316e-10 
-0.00902998 1.135 1.88015e-08 
-0.00902998 1.14 3.60473e-06 
-0.00902998 1.145 2.18864e-05 
-0.00902998 1.15 3.76769e-05 
-0.00902998 1.155 4.8839e-05 
-0.00902998 1.16 4.87185e-05 
-0.00902998 1.165 5.36863e-05 
-0.00902998 1.17 4.83939e-05 
-0.00902998 1.175 4.21336e-05 
-0.00902998 1.18 2.83818e-05 
-0.00902998 1.185 1.76695e-05 
-0.00902998 1.19 8.89301e-06 
-0.00902998 1.195 4.37823e-06 
-0.00902998 1.2 1.72461e-06 
-0.00902998 1.205 6.21361e-07 
-0.00902998 1.21 1.92749e-07 
-0.00902998 1.215 5.29404e-08 
-0.00902998 1.22 1.21507e-08 
-0.00902998 1.225 2.58248e-09 
-0.00902998 1.23 4.67359e-10 
-0.00703001 1.135 1.46056e-08 
-0.00703001 1.14 3.58144e-06 
-0.00703001 1.145 2.82236e-05 
-0.00703001 1.15 4.38139e-05 
-0.00703001 1.155 6.08435e-05 
-0.00703001 1.16 6.88231e-05 
-0.00703001 1.165 6.75881e-05 
-0.00703001 1.17 6.03731e-05 
-0.00703001 1.175 4.57193e-05 
-0.00703001 1.18 3.24118e-05 
-0.00703001 1.185 1.94859e-05 
-0.00703001 1.19 1.03287e-05 
-0.00703001 1.195 5.13184e-06 
-0.00703001 1.2 2.07227e-06 
-0.00703001 1.205 7.97304e-07 
-0.00703001 1.21 2.61272e-07 
-0.00703001 1.215 7.22696e-08 
-0.00703001 1.22 1.83388e-08 
-0.00703001 1.225 4.2196e-09 
-0.00703001 1.23 8.10097e-10 
-0.00703001 1.235 1.31766e-10 
-0.00503001 1.135 6.30751e-09 
-0.00503001 1.14 4.50557e-06 
-0.00503001 1.145 3.09757e-05 
-0.00503001 1.15 5.12414e-05 
-0.00503001 1.155 6.69496e-05 
-0.00503001 1.16 8.17553e-05 
-0.00503001 1.165 8.40424e-05 
-0.00503001 1.17 8.27483e-05 
-0.00503001 1.175 7.06336e-05 
-0.00503001 1.18 4.86604e-05 
-0.00503001 1.185 3.23959e-05 
-0.00503001 1.19 1.86257e-05 
-0.00503001 1.195 8.39409e-06 
-0.00503001 1.2 3.82258e-06 
-0.00503001 1.205 1.42879e-06 
-0.00503001 1.21 4.65608e-07 
-0.00503001 1.215 1.41381e-07 
-0.00503001 1.22 3.32079e-08 
-0.00503001 1.225 7.30169e-09 
-0.00503001 1.23 1.44399e-09 
-0.00503001 1.235 2.41062e-10 
-0.00303 1.135 4.10039e-08 
-0.00303 1.14 4.56853e-06 
-0.00303 1.145 4.02166e-05 
-0.00303 1.15 7.21134e-05 
-0.00303 1.155 8.57878e-05 
-0.00303 1.16 0.000114129 
-0.00303 1.165 0.000119748 
-0.00303 1.17 0.000110403 
-0.00303 1.175 9.45597e-05 
-0.00303 1.18 6.93715e-05 
-0.00303 1.185 4.42533e-05 
-0.00303 1.19 2.522e-05 
-0.00303 1.195 1.27286e-05 
-0.00303 1.2 5.51602e-06 
-0.00303 1.205 2.14561e-06 
-0.00303 1.21 7.56899e-07 
-0.00303 1.215 2.14939e-07 
-0.00303 1.22 6.28732e-08 
-0.00303 1.225 1.32886e-08 
-0.00303 1.23 2.81283e-09 
-0.00303 1.235 4.84246e-10 
-0.00103 1.135 1.19924e-08 
-0.00103 1.14 5.8732e-06 
-0.00103 1.145 3.07529e-05 
-0.00103 1.15 5.9172e-05 
-0.00103 1.155 8.62085e-05 
-0.00103 1.16 0.00011246 
-0.00103 1.165 0.00012983 
-0.00103 1.17 0.000122401 
-0.00103 1.175 0.000105763 
-0.00103 1.18 8.28819e-05 
-0.00103 1.185 5.36965e-05 
-0.00103 1.19 3.20932e-05 
-0.00103 1.195 1.66616e-05 
-0.00103 1.2 7.82105e-06 
-0.00103 1.205 3.07361e-06 
-0.00103 1.21 1.05208e-06 
-0.00103 1.215 3.46499e-07 
-0.00103 1.22 8.71013e-08 
-0.00103 1.225 2.15065e-08 
-0.00103 1.23 4.26155e-09 
-0.00103 1.235 7.57909e-10 
-0.00103 1.24 1.14686e-10 
0.000970006 1.135 1.79819e-08 
0.000970006 1.14 7.10547e-06 
0.000970006 1.145 3.95276e-05 
0.000970006 1.15 7.78813e-05 
0.000970006 1.155 0.000120546 
0.000970006 1.16 0.000139453 
0.000970006 1.165 0.00017329 
0.000970006 1.17 0.000175984 
0.000970006 1.175 0.000153969 
0.000970006 1.18 0.00011436 
0.000970006 1.185 7.75502e-05 
0.000970006 1.19 4.81785e-05 
0.000970006 1.195 2.49452e-05 
0.000970006 1.2 1.12938e-05 
0.000970006 1.205 4.68278e-06 
0.000970006 1.21 1.70422e-06 
0.000970006 1.215 5.18613e-07 
0.000970006 1.22 1.45663e-07 
0.000970006 1.225 3.53913e-08 
0.000970006 1.23 7.21932e-09 
0.000970006 1.235 1.325e-09 
0.000970006 1.24 2.17601e-10 
0.00297001 1.135 3.78321e-08 
0.00297001 1.14 6.63803e-06 
0.00297001 1.145 4.37797e-05 
0.00297001 1.15 7.70162e-05 
0.00297001 1.155 0.000120089 
0.00297001 1.16 0.000165191 
0.00297001 1.165 0.000177656 
0.00297001 1.17 0.000187521 
0.00297001 1.175 0.000172367 
0.00297001 1.18 0.000133351 
0.00297001 1.185 9.89094e-05 
0.00297001 1.19 5.95752e-05 
0.00297001 1.195 3.34566e-05 
0.00297001 1.2 1.5976e-05 
0.00297001 1.205 7.18412e-06 
0.00297001 1.21 2.59529e-06 
0.00297001 1.215 8.16286e-07 
0.00297001 1.22 2.30602e-07 
0.00297001 1.225 5.87465e-08 
0.00297001 1.23 1.19493e-08 
0.00297001 1.235 2.0321e-09 
0.00297001 1.24 3.78708e-10 
0.00497001 1.135 1.94219e-08 
0.00497001 1.14 4.94826e-06 
0.00497001 1.145 4.09863e-05 
0.00497001 1.15 7.38775e-05 
0.00497001 1.155 0.000118593 
0.00497001 1.16 0.000166696 
0.00497001 1.165 0.000202375 
0.00497001 1.17 0.000213285 
0.00497001 1.175 0.000228337 
0.00497001 1.18 0.000174289 
0.00497001 1.185 0.000126653 
0.00497001 1.19 8.04595e-05 
0.00497001 1.195 4.3322e-05 
0.00497001 1.2 2.18003e-05 
0.00497001 1.205 8.87417e-06 
0.00497001 1.21 3.5874e-06 
0.00497001 1.215 1.26284e-06 
0.00497001 1.22 3.48901e-07 
0.00497001 1.225 8.72461e-08 
0.00497001 1.23 2.13165e-08 
0.00497001 1.235 3.98592e-09 
0.00497001 1.24 6.48524e-10 
0.00697002 1.135 1.99959e-08 
0.00697002 1.14 6.03743e-06 
0.00697002 1.145 4.16752e-05 
0.00697002 1.15 8.54335e-05 
0.00697002 1.155 0.00014116 
0.00697002 1.16 0.000201051 
0.00697002 1.165 0.000255532 
0.00697002 1.17 0.000269876 
0.00697002 1.175 0.000260237 
0.00697002 1.18 0.00024207 
0.00697002 1.185 0.000175415 
0.00697002 1.19 0.000122341 
0.00697002 1.195 7.12472e-05 
0.00697002 1.2 3.56489e-05 
0.00697002 1.205 1.62399e-05 
0.00697002 1.21 6.33712e-06 
0.00697002 1.215 2.07e-06 
0.00697002 1.22 6.03605e-07 
0.00697002 1.225 1.57761e-07 
0.00697002 1.23 3.62552e-08 
0.00697002 1.235 7.38639e-09 
0.00697002 1.24 1.24423e-09 
0.00697002 1.245 1.916e-10 
0.00896999 1.135 1.57878e-08 
0.00896999 1.14 5.22277e-06 
0.00896999 1.145 3.53454e-05 
0.00896999 1.15 7.59071e-05 
0.00896999 1.155 0.000123891 
0.00896999 1.16 0.000184571 
0.00896999 1.165 0.000243727 
0.00896999 1.17 0.000281752 
0.00896999 1.175 0.000280756 
0.00896999 1.18 0.000243473 
0.00896999 1.185 0.000185272 
0.00896999 1.19 0.000129665 
0.00896999 1.195 8.25649e-05 
0.00896999 1.2 4.32713e-05 
0.00896999 1.205 1.86144e-05 
0.00896999 1.21 8.08038e-06 
0.00896999 1.215 2.71909e-06 
0.00896999 1.22 8.3607e-07 
0.00896999 1.225 2.35072e-07 
0.00896999 1.23 5.37421e-08 
0.00896999 1.235 1.05349e-08 
0.00896999 1.24 1.90544e-09 
0.00896999 1.245 3.14159e-10 
0.01097 1.135 3.47015e-08 
0.01097 1.14 6.08654e-06 
0.01097 1.145 4.00127e-05 
0.01097 1.15 8.40143e-05 
0.01097 1.155 0.000151871 
0.01097 1.16 0.000216321 
0.01097 1.165 0.000306232 
0.01097 1.17 0.00037026 
0.01097 1.175 0.000373048 
0.01097 1.18 0.000341994 
0.01097 1.185 0.000280413 
0.01097 1.19 0.000196842 
0.01097 1.195 0.000116297 
0.01097 1.2 6.44417e-05 
0.01097 1.205 3.19846e-05 
0.01097 1.21 1.29331e-05 
0.01097 1.215 4.6901e-06 
0.01097 1.22 1.52869e-06 
0.01097 1.225 4.15511e-07 
0.01097 1.23 9.9306e-08 
0.01097 1.235 1.96127e-08 
0.01097 1.24 3.71152e-09 
0.01097 1.245 6.03086e-10 
0.01297 1.135 8.35054e-09 
0.01297 1.14 5.20791e-06 
0.01297 1.145 3.9301e-05 
0.01297 1.15 7.81288e-05 
0.01297 1.155 0.000150063 
0.01297 1.16 0.000234929 
0.01297 1.165 0.000325101 
0.01297 1.17 0.000394773 
0.01297 1.175 0.000435369 
0.01297 1.18 0.000380783 
0.01297 1.185 0.000314527 
0.01297 1.19 0.000222949 
0.01297 1.195 0.000141802 
0.01297 1.2 7.83156e-05 
0.01297 1.205 3.62237e-05 
0.01297 1.21 1.58909e-05 
0.01297 1.215 6.35942e-06 
0.01297 1.22 1.99206e-06 
0.01297 1.225 5.98753e-07 
0.01297 1.23 1.51463e-07 
0.01297 1.235 3.40177e-08 
0.01297 1.24 5.48639e-09 
0.01297 1.245 8.91501e-10 
0.01297 1.25 1.32491e-10 
0.01497 1.135 3.26457e-08 
0.01497 1.14 5.22986e-06 
0.01497 1.145 3.51504e-05 
0.01497 1.15 7.91056e-05 
0.01497 1.155 0.000141417 
0.01497 1.16 0.000230684 
0.01497 1.165 0.000322482 
0.01497 1.17 0.000398528 
0.01497 1.175 0.000444277 
0.01497 1.18 0.000436324 
0.01497 1.185 0.000372798 
0.01497 1.19 0.000285864 
0.01497 1.195 0.000191974 
0.01497 1.2 0.000113457 
0.01497 1.205 5.57442e-05 
0.01497 1.21 2.43872e-05 
0.01497 1.215 9.93478e-06 
0.01497 1.22 3.17954e-06 
0.01497 1.225 9.64342e-07 
0.01497 1.23 2.42977e-07 
0.01497 1.235 5.18147e-08 
0.01497 1.24 1.15347e-08 
0.01497 1.245 1.81393e-09 
0.01497 1.25 2.69933e-10 
0.01697 1.135 2.1775e-08 
0.01697 1.14 4.19976e-06 
0.01697 1.145 3.34959e-05 
0.01697 1.15 7.83113e-05 
0.01697 1.155 0.000158461 
0.01697 1.16 0.000276982 
0.01697 1.165 0.00038692 
0.01697 1.17 0.000497216 
0.01697 1.175 0.00059779 
0.01697 1.18 0.000619128 
0.01697 1.185 0.000528165 
0.01697 1.19 0.000409789 
0.01697 1.195 0.000283195 
0.01697 1.2 0.000168012 
0.01697 1.205 8.75944e-05 
0.01697 1.21 3.83383e-05 
0.01697 1.215 1.4792e-05 
0.01697 1.22 5.00268e-06 
0.01697 1.225 1.47878e-06 
0.01697 1.23 4.01704e-07 
0.01697 1.235 8.49068e-08 
0.01697 1.24 1.56826e-08 
0.01697 1.245 2.64277e-09 
0.01697 1.25 3.99348e-10 
0.01897 1.135 1.87598e-08 
0.01897 1.14 3.79636e-06 
0.01897 1.145 2.73285e-05 
0.01897 1.15 6.82069e-05 
0.01897 1.155 0.000127567 
0.01897 1.16 0.000234698 
0.01897 1.165 0.000367192 
0.01897 1.17 0.000508363 
0.01897 1.175 0.000576179 
0.01897 1.18 0.00060241 
0.01897 1.185 0.00051029 
0.01897 1.19 0.000437425 
0.01897 1.195 0.000294564 
0.01897 1.2 0.000173191 
0.01897 1.205 0.000102173 
0.01897 1.21 4.78299e-05 
0.01897 1.215 1.94402e-05 
0.01897 1.22 7.12188e-06 
0.01897 1.225 2.13233e-06 
0.01897 1.23 5.77286e-07 
0.01897 1.235 1.35232e-07 
0.01897 1.24 2.89648e-08 
0.01897 1.245 4.91067e-09 
0.01897 1.25 7.3944e-10 
0.01897 1.255 1.00505e-10 
0.02097 1.135 2.60274e-08 
0.02097 1.14 4.14958e-06 
0.02097 1.145 2.86513e-05 
0.02097 1.15 7.181e-05 
0.02097 1.155 0.00015443 
0.02097 1.16 0.000266819 
0.02097 1.165 0.000416364 
0.02097 1.17 0.000599466 
0.02097 1.175 0.000714469 
0.02097 1.18 0.000776869 
0.02097 1.185 0.000745884 
0.02097 1.19 0.000620606 
0.02097 1.195 0.000442373 
0.02097 1.2 0.000277846 
0.02097 1.205 0.000157444 
0.02097 1.21 7.66094e-05 
0.02097 1.215 3.11865e-05 
0.02097 1.22 1.15505e-05 
0.02097 1.225 3.72379e-06 
0.02097 1.23 1.04781e-06 
0.02097 1.235 2.42973e-07 
0.02097 1.24 4.87315e-08 
0.02097 1.245 8.69496e-09 
0.02097 1.25 1.38813e-09 
0.02097 1.255 1.65285e-10 
0.02297 1.135 1.00229e-08 
0.02297 1.14 2.99855e-06 
0.02297 1.145 2.3019e-05 
0.02297 1.15 5.65187e-05 
0.02297 1.155 0.00013157 
0.02297 1.16 0.000248116 
0.02297 1.165 0.000408691 
0.02297 1.17 0.000559663 
0.02297 1.175 0.000741765 
0.02297 1.18 0.000802311 
0.02297 1.185 0.000807948 
0.02297 1.19 0.000636193 
0.02297 1.195 0.00048108 
0.02297 1.2 0.000303845 
0.02297 1.205 0.000175267 
0.02297 1.21 8.57678e-05 
0.02297 1.215 3.58712e-05 
0.02297 1.22 1.41813e-05 
0.02297 1.225 4.41754e-06 
0.02297 1.23 1.16889e-06 
0.02297 1.235 3.22605e-07 
0.02297 1.24 6.51712e-08 
0.02297 1.245 1.21403e-08 
0.02297 1.25 2.09685e-09 
0.02297 1.255 3.01771e-10 
0.02497 1.135 1.84814e-08 
0.02497 1.14 3.21601e-06 
0.02497 1.145 2.30483e-05 
0.02497 1.15 6.13517e-05 
0.02497 1.155 0.000134744 
0.02497 1.16 0.000254466 
0.02497 1.165 0.000453401 
0.02497 1.17 0.000667855 
0.02497 1.175 0.000831191 
0.02497 1.18 0.00101629 
0.02497 1.185 0.000956859 
0.02497 1.19 0.000831683 
0.02497 1.195 0.000645163 
0.02497 1.2 0.000415355 
0.02497 1.205 0.000239175 
0.02497 1.21 0.000126624 
0.02497 1.215 5.54987e-05 
0.02497 1.22 2.16021e-05 
0.02497 1.225 7.5699e-06 
0.02497 1.23 1.97951e-06 
0.02497 1.235 5.06866e-07 
0.02497 1.24 1.10226e-07 
0.02497 1.245 2.08647e-08 
0.02497 1.25 3.32119e-09 
0.02497 1.255 4.92285e-10 
0.02697 1.135 1.07287e-08 
0.02697 1.14 2.1933e-06 
0.02697 1.145 1.52198e-05 
0.02697 1.15 4.59621e-05 
0.02697 1.155 0.000103507 
0.02697 1.16 0.00021514 
0.02697 1.165 0.000375403 
0.02697 1.17 0.00061224 
0.02697 1.175 0.000814534 
0.02697 1.18 0.000963889 
0.02697 1.185 0.00100974 
0.02697 1.19 0.000907246 
0.02697 1.195 0.000757425 
0.02697 1.2 0.000501444 
0.02697 1.205 0.00031284 
0.02697 1.21 0.000160369 
0.02697 1.215 7.17358e-05 
0.02697 1.22 3.06875e-05 
0.02697 1.225 1.0139e-05 
0.02697 1.23 3.12986e-06 
0.02697 1.235 8.54242e-07 
0.02697 1.24 1.83283e-07 
0.02697 1.245 3.84738e-08 
0.02697 1.25 6.15415e-09 
0.02697 1.255 9.0769e-10 
0.02697 1.26 1.00063e-10 
0.02897 1.135 6.539e-09 
0.02897 1.14 2.10802e-06 
0.02897 1.145 1.68717e-05 
0.02897 1.15 4.66207e-05 
0.02897 1.155 0.000109415 
0.02897 1.16 0.000230309 
0.02897 1.165 0.00041971 
0.02897 1.17 0.000707318 
0.02897 1.175 0.000886577 
0.02897 1.18 0.00108173 
0.02897 1.185 0.00119224 
0.02897 1.19 0.00108665 
0.02897 1.195 0.000901926 
0.02897 1.2 0.000641685 
0.02897 1.205 0.000373586 
0.02897 1.21 0.000204107 
0.02897 1.215 9.71468e-05 
0.02897 1.22 3.73501e-05 
0.02897 1.225 1.37476e-05 
0.02897 1.23 4.51009e-06 
0.02897 1.235 1.13569e-06 
0.02897 1.24 2.66443e-07 
0.02897 1.245 4.97819e-08 
0.02897 1.25 8.79339e-09 
0.02897 1.255 1.2862e-09 
0.02897 1.26 1.49685e-10 
0.03097 1.135 4.1619e-09 
0.03097 1.14 1.6583e-06 
0.03097 1.145 1.30781e-05 
0.03097 1.15 3.94227e-05 
0.03097 1.155 0.000110039 
0.03097 1.16 0.000219253 
0.03097 1.165 0.00042372 
0.03097 1.17 0.000695709 
0.03097 1.175 0.00102278 
0.03097 1.18 0.00133753 
0.03097 1.185 0.00143178 
0.03097 1.19 0.00136993 
0.03097 1.195 0.00112392 
0.03097 1.2 0.00083734 
0.03097 1.205 0.000530696 
0.03097 1.21 0.000316135 
0.03097 1.215 0.000141238 
0.03097 1.22 6.19496e-05 
0.03097 1.225 2.35218e-05 
0.03097 1.23 7.05358e-06 
0.03097 1.235 1.98934e-06 
0.03097 1.24 4.55227e-07 
0.03097 1.245 9.45202e-08 
0.03097 1.25 1.81417e-08 
0.03097 1.255 2.64758e-09 
0.03097 1.26 3.3424e-10 
0.03297 1.135 5.46697e-09 
0.03297 1.14 1.39589e-06 
0.03297 1.145 1.10177e-05 
0.03297 1.15 3.34762e-05 
0.03297 1.155 8.43244e-05 
0.03297 1.16 0.000185856 
0.03297 1.165 0.000368072 
0.03297 1.17 0.000629689 
0.03297 1.175 0.00100444 
0.03297 1.18 0.0012662 
0.03297 1.185 0.00146638 
0.03297 1.19 0.00146954 
0.03297 1.195 0.00132594 
0.03297 1.2 0.0010024 
0.03297 1.205 0.000642224 
0.03297 1.21 0.000369824 
0.03297 1.215 0.0001806 
0.03297 1.22 7.93416e-05 
0.03297 1.225 3.03023e-05 
0.03297 1.23 9.79646e-06 
0.03297 1.235 2.73801e-06 
0.03297 1.24 6.4177e-07 
0.03297 1.245 1.3338e-07 
0.03297 1.25 2.47025e-08 
0.03297 1.255 3.68823e-09 
0.03297 1.26 4.83046e-10 
0.03497 1.135 3.65391e-09 
0.03497 1.14 1.03875e-06 
0.03497 1.145 8.9559e-06 
0.03497 1.15 3.01266e-05 
0.03497 1.155 8.02131e-05 
0.03497 1.16 0.000195938 
0.03497 1.165 0.000381161 
0.03497 1.17 0.000681264 
0.03497 1.175 0.00107159 
0.03497 1.18 0.00144882 
0.03497 1.185 0.00173515 
0.03497 1.19 0.00181023 
0.03497 1.195 0.00159754 
0.03497 1.2 0.00124784 
0.03497 1.205 0.000815789 
0.03497 1.21 0.000522258 
0.03497 1.215 0.00027174 
0.03497 1.22 0.0001173 
0.03497 1.225 4.58779e-05 
0.03497 1.23 1.59225e-05 
0.03497 1.235 4.57651e-06 
0.03497 1.24 1.18739e-06 
0.03497 1.245 2.49736e-07 
0.03497 1.25 4.98093e-08 
0.03497 1.255 7.62749e-09 
0.03497 1.26 1.02513e-09 
0.03697 1.135 3.81762e-09 
0.03697 1.14 8.03162e-07 
0.03697 1.145 6.88994e-06 
0.03697 1.15 2.31013e-05 
0.03697 1.155 6.33448e-05 
0.03697 1.16 0.00015735 
0.03697 1.165 0.000325143 
0.03697 1.17 0.000590227 
0.03697 1.175 0.000978746 
0.03697 1.18 0.00135931 
0.03697 1.185 0.00169005 
0.03697 1.19 0.00177345 
0.03697 1.195 0.00163583 
0.03697 1.2 0.00128859 
0.03697 1.205 0.000967885 
0.03697 1.21 0.000575719 
0.03697 1.215 0.000302817 
0.03697 1.22 0.000150518 
0.03697 1.225 6.33987e-05 
0.03697 1.23 2.26161e-05 
0.03697 1.235 6.76983e-06 
0.03697 1.24 1.73027e-06 
0.03697 1.245 3.49426e-07 
0.03697 1.25 7.30233e-08 
0.03697 1.255 1.06141e-08 
0.03697 1.26 1.60323e-09 
0.03897 1.135 4.4357e-09 
0.03897 1.14 6.95454e-07 
0.03897 1.145 6.48633e-06 
0.03897 1.15 2.26983e-05 
0.03897 1.155 6.14353e-05 
0.03897 1.16 0.000161032 
0.03897 1.165 0.000320105 
0.03897 1.17 0.00062151 
0.03897 1.175 0.00103992 
0.03897 1.18 0.00149709 
0.03897 1.185 0.00185171 
0.03897 1.19 0.00222961 
0.03897 1.195 0.00200499 
0.03897 1.2 0.00176219 
0.03897 1.205 0.00113526 
0.03897 1.21 0.000701167 
0.03897 1.215 0.000403174 
0.03897 1.22 0.000179078 
0.03897 1.225 8.37021e-05 
0.03897 1.23 2.79671e-05 
0.03897 1.235 8.56148e-06 
0.03897 1.24 2.59808e-06 
0.03897 1.245 5.64067e-07 
0.03897 1.25 1.08792e-07 
0.03897 1.255 1.84517e-08 
0.03897 1.26 2.42346e-09 
0.04097 1.135 8.37761e-10 
0.04097 1.14 5.2037e-07 
0.04097 1.145 4.1945e-06 
0.04097 1.15 1.46951e-05 
0.04097 1.155 4.39773e-05 
0.04097 1.16 0.000119367 
0.04097 1.165 0.000266315 
0.04097 1.17 0.000583173 
0.04097 1.175 0.000932709 
0.04097 1.18 0.00143367 
0.04097 1.185 0.00187614 
0.04097 1.19 0.00210383 
0.04097 1.195 0.00203462 
0.04097 1.2 0.00181349 
0.04097 1.205 0.00143227 
0.04097 1.21 0.000935628 
0.04097 1.215 0.000518709 
0.04097 1.22 0.000251331 
0.04097 1.225 0.000110662 
0.04097 1.23 4.20308e-05 
0.04097 1.235 1.36969e-05 
0.04097 1.24 3.55293e-06 
0.04097 1.245 8.12216e-07 
0.04097 1.25 1.84366e-07 
0.04097 1.255 2.87829e-08 
0.04097 1.26 4.55742e-09 
0.04097 1.265 1.30307e-10 
0.04297 1.135 2.00276e-09 
0.04297 1.14 3.34709e-07 
0.04297 1.145 3.95455e-06 
0.04297 1.15 1.4434e-05 
0.04297 1.155 4.56287e-05 
0.04297 1.16 0.00011858 
0.04297 1.165 0.000281799 
0.04297 1.17 0.000543736 
0.04297 1.175 0.00101492 
0.04297 1.18 0.00151213 
0.04297 1.185 0.00208188 
0.04297 1.19 0.00245179 
0.04297 1.195 0.00246687 
0.04297 1.2 0.00216178 
0.04297 1.205 0.00166586 
0.04297 1.21 0.001138 
0.04297 1.215 0.000637537 
0.04297 1.22 0.000313673 
0.04297 1.225 0.000139341 
0.04297 1.23 5.50373e-05 
0.04297 1.235 1.83705e-05 
0.04297 1.24 5.21539e-06 
0.04297 1.245 1.26421e-06 
0.04297 1.25 2.64828e-07 
0.04297 1.255 5.12098e-08 
0.04297 1.26 6.52163e-09 
0.04297 1.265 2.60912e-10 
0.04497 1.135 7.6893e-10 
0.04497 1.14 2.87217e-07 
0.04497 1.145 2.89277e-06 
0.04497 1.15 1.11707e-05 
0.04497 1.155 3.48276e-05 
0.04497 1.16 9.8658e-05 
0.04497 1.165 0.000237851 
0.04497 1.17 0.000464239 
0.04497 1.175 0.00087717 
0.04497 1.18 0.00144349 
0.04497 1.185 0.00194093 
0.04497 1.19 0.00237465 
0.04497 1.195 0.00255959 
0.04497 1.2 0.00235969 
0.04497 1.205 0.00184046 
0.04497 1.21 0.00127259 
0.04497 1.215 0.000827337 
0.04497 1.22 0.000408929 
0.04497 1.225 0.000198273 
0.04497 1.23 7.84083e-05 
0.04497 1.235 2.72695e-05 
0.04497 1.24 7.79999e-06 
0.04497 1.245 1.85528e-06 
0.04497 1.25 3.96204e-07 
0.04497 1.255 7.27973e-08 
0.04497 1.26 1.02244e-08 
0.04497 1.265 4.38453e-10 
0.04697 1.135 6.91292e-10 
0.04697 1.14 1.93471e-07 
0.04697 1.145 1.87608e-06 
0.04697 1.15 7.2525e-06 
0.04697 1.155 2.66325e-05 
0.04697 1.16 7.79615e-05 
0.04697 1.165 0.000212518 
0.04697 1.17 0.000464264 
0.04697 1.175 0.000924556 
0.04697 1.18 0.00152857 
0.04697 1.185 0.00218342 
0.04697 1.19 0.00272044 
0.04697 1.195 0.00293725 
0.04697 1.2 0.00276347 
0.04697 1.205 0.00228335 
0.04697 1.21 0.00166334 
0.04697 1.215 0.000957251 
0.04697 1.22 0.000510397 
0.04697 1.225 0.000231741 
0.04697 1.23 9.1006e-05 
0.04697 1.235 3.21718e-05 
0.04697 1.24 9.41113e-06 
0.04697 1.245 2.35442e-06 
0.04697 1.25 5.67796e-07 
0.04697 1.255 1.038e-07 
0.04697 1.26 1.59936e-08 
0.04697 1.265 6.10619e-10 
0.04897 1.135 4.4274e-10 
0.04897 1.14 1.63086e-07 
0.04897 1.145 1.44059e-06 
0.04897 1.15 6.20988e-06 
0.04897 1.155 2.13161e-05 
0.04897 1.16 6.53626e-05 
0.04897 1.165 0.000188052 
0.04897 1.17 0.000427715 
0.04897 1.175 0.000913707 
0.04897 1.18 0.00146505 
0.04897 1.185 0.00225219 
0.04897 1.19 0.00264955 
0.04897 1.195 0.00316724 
0.04897 1.2 0.00317329 
0.04897 1.205 0.00254171 
0.04897 1.21 0.00196048 
0.04897 1.215 0.00121273 
0.04897 1.22 0.000667638 
0.04897 1.225 0.00033985 
0.04897 1.23 0.000138373 
0.04897 1.235 4.96819e-05 
0.04897 1.24 1.5373e-05 
0.04897 1.245 4.11971e-06 
0.04897 1.25 8.91934e-07 
0.04897 1.255 1.74381e-07 
0.04897 1.26 2.79196e-08 
0.04897 1.265 1.03852e-09 
0.05097 1.135 2.73381e-10 
0.05097 1.14 1.00499e-07 
0.05097 1.145 1.13479e-06 
0.05097 1.15 4.73101e-06 
0.05097 1.155 1.78532e-05 
0.05097 1.16 5.61974e-05 
0.05097 1.165 0.000153645 
0.05097 1.17 0.00037775 
0.05097 1.175 0.000744221 
0.05097 1.18 0.00143489 
0.05097 1.185 0.002186 
0.05097 1.19 0.00306802 
0.05097 1.195 0.00339735 
0.05097 1.2 0.00359436 
0.05097 1.205 0.00300704 
0.05097 1.21 0.00243159 
0.05097 1.215 0.00155471 
0.05097 1.22 0.000860414 
0.05097 1.225 0.000430386 
0.05097 1.23 0.000183236 
0.05097 1.235 6.95073e-05 
0.05097 1.24 2.15038e-05 
0.05097 1.245 5.46947e-06 
0.05097 1.25 1.29774e-06 
0.05097 1.255 2.70704e-07 
0.05097 1.26 4.16368e-08 
0.05097 1.265 2.09071e-09 
0.05297 1.135 1.51178e-10 
0.05297 1.14 6.45198e-08 
0.05297 1.145 8.18528e-07 
0.05297 1.15 3.75265e-06 
0.05297 1.155 1.4741e-05 
0.05297 1.16 4.47724e-05 
0.05297 1.165 0.000135681 
0.05297 1.17 0.00031709 
0.05297 1.175 0.000746546 
0.05297 1.18 0.00131677 
0.05297 1.185 0.00221701 
0.05297 1.19 0.00301226 
0.05297 1.195 0.00363102 
0.05297 1.2 0.00373401 
0.05297 1.205 0.00338581 
0.05297 1.21 0.0025972 
0.05297 1.215 0.00180016 
0.05297 1.22 0.000999516 
0.05297 1.225 0.000532119 
0.05297 1.23 0.000223607 
0.05297 1.235 8.4652e-05 
0.05297 1.24 2.70892e-05 
0.05297 1.245 7.57253e-06 
0.05297 1.25 1.87902e-06 
0.05297 1.255 3.67043e-07 
0.05297 1.26 6.0051e-08 
0.05297 1.265 2.85501e-09 
0.05497 1.14 4.98433e-08 
0.05497 1.145 6.1388e-07 
0.05497 1.15 2.76319e-06 
0.05497 1.155 1.0798e-05 
0.05497 1.16 3.9399e-05 
0.05497 1.165 0.000111367 
0.05497 1.17 0.000279313 
0.05497 1.175 0.000632694 
0.05497 1.18 0.0012329 
0.05497 1.185 0.00198195 
0.05497 1.19 0.00298406 
0.05497 1.195 0.00343671 
0.05497 1.2 0.00394782 
0.05497 1.205 0.00374902 
0.05497 1.21 0.0030845 
0.05497 1.215 0.00215337 
0.05497 1.22 0.00129215 
0.05497 1.225 0.000659189 
0.05497 1.23 0.000309755 
0.05497 1.235 0.000120117 
0.05497 1.24 4.0924e-05 
0.05497 1.245 1.11878e-05 
0.05497 1.25 2.78766e-06 
0.05497 1.255 6.05768e-07 
0.05497 1.26 9.99466e-08 
0.05497 1.265 4.87133e-09 
0.05697 1.14 3.13732e-08 
0.05697 1.145 3.85914e-07 
0.05697 1.15 1.90103e-06 
0.05697 1.155 7.96065e-06 
0.05697 1.16 2.75346e-05 
0.05697 1.165 8.42859e-05 
0.05697 1.17 0.000237756 
0.05697 1.175 0.000535911 
0.05697 1.18 0.00110756 
0.05697 1.185 0.00185199 
0.05697 1.19 0.00298315 
0.05697 1.195 0.00355034 
0.05697 1.2 0.00420101 
0.05697 1.205 0.00411281 
0.05697 1.21 0.00318905 
0.05697 1.215 0.00240746 
0.05697 1.22 0.00136238 
0.05697 1.225 0.000736807 
0.05697 1.23 0.000338296 
0.05697 1.235 0.000142925 
0.05697 1.24 4.55645e-05 
0.05697 1.245 1.37276e-05 
0.05697 1.25 3.71623e-06 
0.05697 1.255 7.34e-07 
0.05697 1.26 1.22044e-07 
0.05697 1.265 7.99897e-09 
0.05897 1.14 1.94559e-08 
0.05897 1.145 2.60327e-07 
0.05897 1.15 1.3609e-06 
0.05897 1.155 5.80088e-06 
0.05897 1.16 2.14871e-05 
0.05897 1.165 6.78436e-05 
0.05897 1.17 0.000193599 
0.05897 1.175 0.000472788 
0.05897 1.18 0.000943446 
0.05897 1.185 0.00171477 
0.05897 1.19 0.00255351 
0.05897 1.195 0.00331801 
0.05897 1.2 0.00395653 
0.05897 1.205 0.00391858 
0.05897 1.21 0.00361461 
0.05897 1.215 0.00264044 
0.05897 1.22 0.00175807 
0.05897 1.225 0.00105695 
0.05897 1.23 0.00049506 
0.05897 1.235 0.000200477 
0.05897 1.24 7.10101e-05 
0.05897 1.245 2.06953e-05 
0.05897 1.25 5.13165e-06 
0.05897 1.255 1.11684e-06 
0.05897 1.26 1.96454e-07 
0.05897 1.265 1.03626e-08 
0.06097 1.14 1.43418e-08 
0.06097 1.145 2.02404e-07 
0.06097 1.15 9.4796e-07 
0.06097 1.155 4.33424e-06 
0.06097 1.16 1.63892e-05 
0.06097 1.165 5.28481e-05 
0.06097 1.17 0.000160423 
0.06097 1.175 0.000390799 
0.06097 1.18 0.000841271 
0.06097 1.185 0.00151846 
0.06097 1.19 0.00246953 
0.06097 1.195 0.00343542 
0.06097 1.2 0.0041736 
0.06097 1.205 0.00428725 
0.06097 1.21 0.00378834 
0.06097 1.215 0.00309566 
0.06097 1.22 0.00198813 
0.06097 1.225 0.00111826 
0.06097 1.23 0.000543172 
0.06097 1.235 0.000234651 
0.06097 1.24 8.44837e-05 
0.06097 1.245 2.78287e-05 
0.06097 1.25 7.79217e-06 
0.06097 1.255 1.81893e-06 
0.06097 1.26 3.01949e-07 
0.06097 1.265 1.53645e-08 
0.06297 1.14 9.27488e-09 
0.06297 1.145 1.29892e-07 
0.06297 1.15 6.49211e-07 
0.06297 1.155 3.16134e-06 
0.06297 1.16 1.18595e-05 
0.06297 1.165 4.40567e-05 
0.06297 1.17 0.000121704 
0.06297 1.175 0.00034389 
0.06297 1.18 0.000737744 
0.06297 1.185 0.0014606 
0.06297 1.19 0.00242483 
0.06297 1.195 0.00343601 
0.06297 1.2 0.00448007 
0.06297 1.205 0.00470836 
0.06297 1.21 0.00433672 
0.06297 1.215 0.00348396 
0.06297 1.22 0.00239198 
0.06297 1.225 0.00138719 
0.06297 1.23 0.000732938 
0.06297 1.235 0.000328251 
0.06297 1.24 0.000121554 
0.06297 1.245 3.97534e-05 
0.06297 1.25 1.02802e-05 
0.06297 1.255 2.44058e-06 
0.06297 1.26 4.27708e-07 
0.06297 1.265 2.18121e-08 
0.06497 1.14 5.48491e-09 
0.06497 1.145 9.10393e-08 
0.06497 1.15 5.00181e-07 
0.06497 1.155 2.41036e-06 
0.06497 1.16 9.65678e-06 
0.06497 1.165 3.51327e-05 
0.06497 1.17 0.000102238 
0.06497 1.175 0.000287538 
0.06497 1.18 0.000686429 
0.06497 1.185 0.00127669 
0.06497 1.19 0.00219503 
0.06497 1.195 0.00316923 
0.06497 1.2 0.00410701 
0.06497 1.205 0.00444004 
0.06497 1.21 0.00425141 
0.06497 1.215 0.00349415 
0.06497 1.22 0.00241087 
0.06497 1.225 0.00157379 
0.06497 1.23 0.000825497 
0.06497 1.235 0.000388781 
0.06497 1.24 0.00014425 
0.06497 1.245 4.8713e-05 
0.06497 1.25 1.45118e-05 
0.06497 1.255 3.55047e-06 
0.06497 1.26 6.84303e-07 
0.06497 1.265 2.66004e-08 
0.06697 1.14 4.14262e-09 
0.06697 1.145 4.93688e-08 
0.06697 1.15 2.96025e-07 
0.06697 1.155 1.53352e-06 
0.06697 1.16 6.31317e-06 
0.06697 1.165 2.26977e-05 
0.06697 1.17 7.16037e-05 
0.06697 1.175 0.000196779 
0.06697 1.18 0.000494513 
0.06697 1.185 0.00101881 
0.06697 1.19 0.00181537 
0.06697 1.195 0.00289691 
0.06697 1.2 0.00376718 
0.06697 1.205 0.00447049 
0.06697 1.21 0.00436057 
0.06697 1.215 0.00390114 
0.06697 1.22 0.00278243 
0.06697 1.225 0.00179397 
0.06697 1.23 0.000962962 
0.06697 1.235 0.000461116 
0.06697 1.24 0.000189176 
0.06697 1.245 6.61819e-05 
0.06697 1.25 1.9061e-05 
0.06697 1.255 4.561e-06 
0.06697 1.26 8.2954e-07 
0.06697 1.265 4.61063e-08 
0.06697 1.27 1.33622e-10 
0.06897 1.14 1.80841e-09 
0.06897 1.145 3.16108e-08 
0.06897 1.15 2.24228e-07 
0.06897 1.155 1.12012e-06 
0.06897 1.16 4.82823e-06 
0.06897 1.165 1.98024e-05 
0.06897 1.17 6.37592e-05 
0.06897 1.175 0.000180974 
0.06897 1.18 0.00045833 
0.06897 1.185 0.00098737 
0.06897 1.19 0.00173743 
0.06897 1.195 0.00274967 
0.06897 1.2 0.00399412 
0.06897 1.205 0.00483777 
0.06897 1.21 0.00468917 
0.06897 1.215 0.00436299 
0.06897 1.22 0.00305386 
0.06897 1.225 0.0020286 
0.06897 1.23 0.00115614 
0.06897 1.235 0.000576872 
0.06897 1.24 0.00021626 
0.06897 1.245 7.86188e-05 
0.06897 1.25 2.36044e-05 
0.06897 1.255 6.40935e-06 
0.06897 1.26 1.34438e-06 
0.06897 1.265 6.22872e-08 
0.07097 1.14 1.36493e-09 
0.07097 1.145 2.23831e-08 
0.07097 1.15 1.3389e-07 
0.07097 1.155 7.61997e-07 
0.07097 1.16 3.5168e-06 
0.07097 1.165 1.44232e-05 
0.07097 1.17 4.80365e-05 
0.07097 1.175 0.000136155 
0.07097 1.18 0.000358835 
0.07097 1.185 0.000770745 
0.07097 1.19 0.00145006 
0.07097 1.195 0.00258607 
0.07097 1.2 0.00367658 
0.07097 1.205 0.00440069 
0.07097 1.21 0.00476679 
0.07097 1.215 0.0042892 
0.07097 1.22 0.00365614 
0.07097 1.225 0.00244298 
0.07097 1.23 0.00142506 
0.07097 1.235 0.000671751 
0.07097 1.24 0.000313739 
0.07097 1.245 0.000114395 
0.07097 1.25 3.50759e-05 
0.07097 1.255 9.62792e-06 
0.07097 1.26 1.76623e-06 
0.07097 1.265 1.21619e-07 
0.07097 1.27 2.12878e-10 
0.07297 1.14 7.81994e-10 
0.07297 1.145 1.23446e-08 
0.07297 1.15 8.40443e-08 
0.07297 1.155 4.84789e-07 
0.07297 1.16 2.29125e-06 
0.07297 1.165 9.75568e-06 
0.07297 1.17 3.49185e-05 
0.07297 1.175 0.000119918 
0.07297 1.18 0.00029747 
0.07297 1.185 0.000738524 
0.07297 1.19 0.0013965 
0.07297 1.195 0.00247686 
0.07297 1.2 0.0036542 
0.07297 1.205 0.00451995 
0.07297 1.21 0.00517764 
0.07297 1.215 0.00463361 
0.07297 1.22 0.00391332 
0.07297 1.225 0.00277475 
0.07297 1.23 0.00165523 
0.07297 1.235 0.000857593 
0.07297 1.24 0.00036264 
0.07297 1.245 0.000137862 
0.07297 1.25 4.03953e-05 
0.07297 1.255 1.21881e-05 
0.07297 1.26 2.47465e-06 
0.07297 1.265 1.57826e-07 
0.07297 1.27 2.57929e-10 
0.07497 1.14 4.70746e-10 
0.07497 1.145 7.8548e-09 
0.07497 1.15 5.70004e-08 
0.07497 1.155 2.91296e-07 
0.07497 1.16 1.57564e-06 
0.07497 1.165 7.24526e-06 
0.07497 1.17 2.64027e-05 
0.07497 1.175 8.86203e-05 
0.07497 1.18 0.000237046 
0.07497 1.185 0.000589855 
0.07497 1.19 0.00118706 
0.07497 1.195 0.00218849 
0.07497 1.2 0.00320935 
0.07497 1.205 0.00420742 
0.07497 1.21 0.00456885 
0.07497 1.215 0.00482566 
0.07497 1.22 0.00380092 
0.07497 1.225 0.00285063 
0.07497 1.23 0.00166195 
0.07497 1.235 0.000948421 
0.07497 1.24 0.000387224 
0.07497 1.245 0.000167165 
0.07497 1.25 5.3272e-05 
0.07497 1.255 1.57218e-05 
0.07497 1.26 3.1966e-06 
0.07497 1.265 1.62851e-07 
0.07497 1.27 6.04975e-10 
0.07697 1.14 2.8286e-10 
0.07697 1.145 4.84844e-09 
0.07697 1.15 3.43069e-08 
0.07697 1.155 2.13815e-07 
0.07697 1.16 1.06573e-06 
0.07697 1.165 4.7733e-06 
0.07697 1.17 1.855e-05 
0.07697 1.175 6.46463e-05 
0.07697 1.18 0.000168703 
0.07697 1.185 0.00042562 
0.07697 1.19 0.000911803 
0.07697 1.195 0.00169388 
0.07697 1.2 0.00254964 
0.07697 1.205 0.00379088 
0.07697 1.21 0.00428613 
0.07697 1.215 0.00444277 
0.07697 1.22 0.00388967 
0.07697 1.225 0.0028966 
0.07697 1.23 0.0018502 
0.07697 1.235 0.00100425 
0.07697 1.24 0.000478939 
0.07697 1.245 0.000194631 
0.07697 1.25 6.63115e-05 
0.07697 1.255 1.84989e-05 
0.07697 1.26 4.47633e-06 
0.07697 1.265 2.46776e-07 
0.07697 1.27 4.25253e-10 
0.07897 1.14 1.51689e-10 
0.07897 1.145 2.30873e-09 
0.07897 1.15 1.75534e-08 
0.07897 1.155 1.1438e-07 
0.07897 1.16 6.79395e-07 
0.07897 1.165 2.98254e-06 
0.07897 1.17 1.23237e-05 
0.07897 1.175 4.20899e-05 
0.07897 1.18 0.000140284 
0.07897 1.185 0.000352368 
0.07897 1.19 0.000810419 
0.07897 1.195 0.00151378 
0.07897 1.2 0.00255842 
0.07897 1.205 0.00390417 
0.07897 1.21 0.00459295 
0.07897 1.215 0.00503967 
0.07897 1.22 0.00421127 
0.07897 1.225 0.00342775 
0.07897 1.23 0.0022621 
0.07897 1.235 0.00127586 
0.07897 1.24 0.00061492 
0.07897 1.245 0.000248462 
0.07897 1.25 8.29183e-05 
0.07897 1.255 2.50401e-05 
0.07897 1.26 5.61295e-06 
0.07897 1.265 3.7669e-07 
0.07897 1.27 5.11543e-10 
0.08097 1.145 1.4696e-09 
0.08097 1.15 1.24477e-08 
0.08097 1.155 8.30444e-08 
0.08097 1.16 4.69337e-07 
0.08097 1.165 2.35544e-06 
0.08097 1.17 1.01148e-05 
0.08097 1.175 3.65114e-05 
0.08097 1.18 0.000109986 
0.08097 1.185 0.000292519 
0.08097 1.19 0.000688701 
0.08097 1.195 0.00131349 
0.08097 1.2 0.00231363 
0.08097 1.205 0.00338281 
0.08097 1.21 0.00433067 
0.08097 1.215 0.00478885 
0.08097 1.22 0.00444591 
0.08097 1.225 0.00335408 
0.08097 1.23 0.00231297 
0.08097 1.235 0.00133649 
0.08097 1.24 0.000645458 
0.08097 1.245 0.000298686 
0.08097 1.25 0.000107254 
0.08097 1.255 3.42513e-05 
0.08097 1.26 7.98329e-06 
0.08097 1.265 3.74081e-07 
0.08097 1.27 5.56563e-10 
0.08297 1.145 9.39826e-10 
0.08297 1.15 7.07664e-09 
0.08297 1.155 4.93579e-08 
0.08297 1.16 3.1491e-07 
0.08297 1.165 1.55156e-06 
0.08297 1.17 7.0571e-06 
0.08297 1.175 2.56588e-05 
0.08297 1.18 8.24351e-05 
0.08297 1.185 0.000235048 
0.08297 1.19 0.000557323 
0.08297 1.195 0.00113048 
0.08297 1.2 0.00205199 
0.08297 1.205 0.00315079 
0.08297 1.21 0.00410962 
0.08297 1.215 0.0045801 
0.08297 1.22 0.00447174 
0.08297 1.225 0.00376341 
0.08297 1.23 0.00257179 
0.08297 1.235 0.00165983 
0.08297 1.24 0.000844152 
0.08297 1.245 0.000366156 
0.08297 1.25 0.000137783 
0.08297 1.255 4.23434e-05 
0.08297 1.26 1.11545e-05 
0.08297 1.265 5.91185e-07 
0.08297 1.27 1.17456e-09 
0.08497 1.145 4.40398e-10 
0.08497 1.15 3.76441e-09 
0.08497 1.155 2.75296e-08 
0.08497 1.16 1.65628e-07 
0.08497 1.165 9.29429e-07 
0.08497 1.17 4.37225e-06 
0.08497 1.175 1.79519e-05 
0.08497 1.18 5.93801e-05 
0.08497 1.185 0.00017415 
0.08497 1.19 0.000442983 
0.08497 1.195 0.000891552 
0.08497 1.2 0.00169389 
0.08497 1.205 0.00269259 
0.08497 1.21 0.00364654 
0.08497 1.215 0.00418563 
0.08497 1.22 0.00428443 
0.08497 1.225 0.00372159 
0.08497 1.23 0.00268916 
0.08497 1.235 0.00170501 
0.08497 1.24 0.000885634 
0.08497 1.245 0.000418901 
0.08497 1.25 0.000144152 
0.08497 1.255 5.2384e-05 
0.08497 1.26 1.23644e-05 
0.08497 1.265 8.23657e-07 
0.08497 1.27 7.42093e-10 
0.08697 1.145 2.72161e-10 
0.08697 1.15 2.40772e-09 
0.08697 1.155 1.72171e-08 
0.08697 1.16 1.11641e-07 
0.08697 1.165 6.23428e-07 
0.08697 1.17 3.06831e-06 
0.08697 1.175 1.20118e-05 
0.08697 1.18 4.36696e-05 
0.08697 1.185 0.000128243 
0.08697 1.19 0.000321873 
0.08697 1.195 0.000751881 
0.08697 1.2 0.00135598 
0.08697 1.205 0.00223437 
0.08697 1.21 0.00314933 
0.08697 1.215 0.0039214 
0.08697 1.22 0.00399919 
0.08697 1.225 0.0036954 
0.08697 1.23 0.00268349 
0.08697 1.235 0.00177705 
0.08697 1.24 0.000982589 
0.08697 1.245 0.000454167 
0.08697 1.25 0.000188901 
0.08697 1.255 6.10954e-05 
0.08697 1.26 1.52039e-05 
0.08697 1.265 9.4052e-07 
0.08697 1.27 5.30896e-10 
0.08897 1.145 1.35666e-10 
0.08897 1.15 1.3567e-09 
0.08897 1.155 1.01354e-08 
0.08897 1.16 6.40042e-08 
0.08897 1.165 3.64435e-07 
0.08897 1.17 1.80852e-06 
0.08897 1.175 7.67821e-06 
0.08897 1.18 2.88058e-05 
0.08897 1.185 9.00599e-05 
0.08897 1.19 0.000233091 
0.08897 1.195 0.000574843 
0.08897 1.2 0.00118342 
0.08897 1.205 0.00198327 
0.08897 1.21 0.00289809 
0.08897 1.215 0.00359808 
0.08897 1.22 0.00387603 
0.08897 1.225 0.00344276 
0.08897 1.23 0.0027013 
0.08897 1.235 0.00175868 
0.08897 1.24 0.00101109 
0.08897 1.245 0.000508835 
0.08897 1.25 0.000202279 
0.08897 1.255 7.39909e-05 
0.08897 1.26 1.9642e-05 
0.08897 1.265 1.14342e-06 
0.08897 1.27 1.41254e-09 
0.09097 1.15 6.46065e-10 
0.09097 1.155 5.49164e-09 
0.09097 1.16 3.66742e-08 
0.09097 1.165 2.36637e-07 
0.09097 1.17 1.24212e-06 
0.09097 1.175 5.31895e-06 
0.09097 1.18 2.02859e-05 
0.09097 1.185 6.5692e-05 
0.09097 1.19 0.000187874 
0.09097 1.195 0.000444059 
0.09097 1.2 0.000879487 
0.09097 1.205 0.0015988 
0.09097 1.21 0.00247259 
0.09097 1.215 0.00323273 
0.09097 1.22 0.00347765 
0.09097 1.225 0.00343833 
0.09097 1.23 0.00273792 
0.09097 1.235 0.00196506 
0.09097 1.24 0.00109813 
0.09097 1.245 0.000536406 
0.09097 1.25 0.000225119 
0.09097 1.255 8.05418e-05 
0.09097 1.26 2.31324e-05 
0.09097 1.265 1.65618e-06 
0.09097 1.27 2.54304e-10 
0.09297 1.15 3.43249e-10 
0.09297 1.155 2.97901e-09 
0.09297 1.16 2.23187e-08 
0.09297 1.165 1.5001e-07 
0.09297 1.17 7.809e-07 
0.09297 1.175 3.74307e-06 
0.09297 1.18 1.43734e-05 
0.09297 1.185 5.01398e-05 
0.09297 1.19 0.000145713 
0.09297 1.195 0.000360921 
0.09297 1.2 0.000768744 
0.09297 1.205 0.00139205 
0.09297 1.21 0.00219782 
0.09297 1.215 0.00295188 
0.09297 1.22 0.00354512 
0.09297 1.225 0.00334796 
0.09297 1.23 0.00268582 
0.09297 1.235 0.00199368 
0.09297 1.24 0.00117911 
0.09297 1.245 0.000649973 
0.09297 1.25 0.000268034 
0.09297 1.255 0.00010795 
0.09297 1.26 3.08591e-05 
0.09297 1.265 1.76672e-06 
0.09297 1.27 1.31337e-09 
0.09497 1.15 1.99709e-10 
0.09497 1.155 1.8005e-09 
0.09497 1.16 1.3403e-08 
0.09497 1.165 9.05925e-08 
0.09497 1.17 4.74052e-07 
0.09497 1.175 2.40746e-06 
0.09497 1.18 9.9472e-06 
0.09497 1.185 3.49625e-05 
0.09497 1.19 0.000109188 
0.09497 1.195 0.000275433 
0.09497 1.2 0.00059061 
0.09497 1.205 0.00109645 
0.09497 1.21 0.00188537 
0.09497 1.215 0.00276914 
0.09497 1.22 0.00312235 
0.09497 1.225 0.00330736 
0.09497 1.23 0.00285353 
0.09497 1.235 0.00217382 
0.09497 1.24 0.00129043 
0.09497 1.245 0.00070543 
0.09497 1.25 0.000326317 
0.09497 1.255 0.000125896 
0.09497 1.26 3.53984e-05 
0.09497 1.265 2.36932e-06 
0.09497 1.27 2.47398e-09 
0.09697 1.155 8.96276e-10 
0.09697 1.16 7.95248e-09 
0.09697 1.165 5.31426e-08 
0.09697 1.17 3.27557e-07 
0.09697 1.175 1.63231e-06 
0.09697 1.18 6.90369e-06 
0.09697 1.185 2.39594e-05 
0.09697 1.19 7.68708e-05 
0.09697 1.195 0.000206211 
0.09697 1.2 0.000500877 
0.09697 1.205 0.00100879 
0.09697 1.21 0.00174173 
0.09697 1.215 0.00255058 
0.09697 1.22 0.00307637 
0.09697 1.225 0.00322981 
0.09697 1.23 0.00290942 
0.09697 1.235 0.00227791 
0.09697 1.24 0.00145321 
0.09697 1.245 0.000768379 
0.09697 1.25 0.000374981 
0.09697 1.255 0.000141701 
0.09697 1.26 4.25884e-05 
0.09697 1.265 3.25075e-06 
0.09697 1.27 3.81959e-09 
0.09897 1.155 4.96494e-10 
0.09897 1.16 4.28941e-09 
0.09897 1.165 3.01962e-08 
0.09897 1.17 1.83002e-07 
0.09897 1.175 9.60109e-07 
0.09897 1.18 4.29521e-06 
0.09897 1.185 1.57701e-05 
0.09897 1.19 5.29153e-05 
0.09897 1.195 0.000145497 
0.09897 1.2 0.000353192 
0.09897 1.205 0.000754856 
0.09897 1.21 0.00128601 
0.09897 1.215 0.0019136 
0.09897 1.22 0.00251216 
0.09897 1.225 0.00268546 
0.09897 1.23 0.00244729 
0.09897 1.235 0.00201459 
0.09897 1.24 0.00134459 
0.09897 1.245 0.000753478 
0.09897 1.25 0.000389056 
0.09897 1.255 0.000151056 
0.09897 1.26 5.05099e-05 
0.09897 1.265 3.70121e-06 
0.09897 1.27 8.15608e-10 
0.10097 1.155 2.32943e-10 
0.10097 1.16 2.03934e-09 
0.10097 1.165 1.53934e-08 
0.10097 1.17 9.81623e-08 
0.10097 1.175 5.13372e-07 
0.10097 1.18 2.43929e-06 
0.10097 1.185 1.0438e-05 
0.10097 1.19 3.62411e-05 
0.10097 1.195 0.00010575 
0.10097 1.2 0.000269395 
0.10097 1.205 0.000588341 
0.10097 1.21 0.00111205 
0.10097 1.215 0.00175806 
0.10097 1.22 0.00226668 
0.10097 1.225 0.00257325 
0.10097 1.23 0.00248859 
0.10097 1.235 0.00208618 
0.10097 1.24 0.00140494 
0.10097 1.245 0.000821537 
0.10097 1.25 0.000425564 
0.10097 1.255 0.000177666 
0.10097 1.26 5.5917e-05 
0.10097 1.265 3.72752e-06 
0.10097 1.27 1.58834e-09 
0.10297 1.155 1.29378e-10 
0.10297 1.16 1.16903e-09 
0.10297 1.165 9.13167e-09 
0.10297 1.17 6.00695e-08 
0.10297 1.175 3.56951e-07 
0.10297 1.18 1.71536e-06 
0.10297 1.185 7.50224e-06 
0.10297 1.19 2.63997e-05 
0.10297 1.195 7.94851e-05 
0.10297 1.2 0.000204896 
0.10297 1.205 0.000459969 
0.10297 1.21 0.000848817 
0.10297 1.215 0.0013794 
0.10297 1.22 0.00190112 
0.10297 1.225 0.00214915 
0.10297 1.23 0.00217135 
0.10297 1.235 0.00178527 
0.10297 1.24 0.00133185 
0.10297 1.245 0.000806417 
0.10297 1.25 0.000419867 
0.10297 1.255 0.000185834 
0.10297 1.26 6.00179e-05 
0.10297 1.265 3.88999e-06 
0.10297 1.27 3.90657e-09 
0.10497 1.16 6.56587e-10 
0.10497 1.165 5.23937e-09 
0.10497 1.17 3.63483e-08 
0.10497 1.175 2.20022e-07 
0.10497 1.18 1.07773e-06 
0.10497 1.185 4.83501e-06 
0.10497 1.19 1.67073e-05 
0.10497 1.195 5.10907e-05 
0.10497 1.2 0.000133164 
0.10497 1.205 0.000307405 
0.10497 1.21 0.000610902 
0.10497 1.215 0.00102925 
0.10497 1.22 0.00143326 
0.10497 1.225 0.00184264 
0.10497 1.23 0.00193772 
0.10497 1.235 0.00170973 
0.10497 1.24 0.00124987 
0.10497 1.245 0.00080183 
0.10497 1.25 0.000435455 
0.10497 1.255 0.000202701 
0.10497 1.26 6.51322e-05 
0.10497 1.265 5.49985e-06 
0.10497 1.27 8.31508e-09 
0.10697 1.16 3.24634e-10 
0.10697 1.165 2.56342e-09 
0.10697 1.17 1.86683e-08 
0.10697 1.175 1.14256e-07 
0.10697 1.18 6.14041e-07 
0.10697 1.185 2.86801e-06 
0.10697 1.19 1.16943e-05 
0.10697 1.195 3.81951e-05 
0.10697 1.2 0.000113563 
0.10697 1.205 0.000265372 
0.10697 1.21 0.000533599 
0.10697 1.215 0.000924443 
0.10697 1.22 0.00137554 
0.10697 1.225 0.00167023 
0.10697 1.23 0.00184878 
0.10697 1.235 0.00167356 
0.10697 1.24 0.00125614 
0.10697 1.245 0.0008492 
0.10697 1.25 0.000462612 
0.10697 1.255 0.000216178 
0.10697 1.26 7.50437e-05 
0.10697 1.265 5.33594e-06 
0.10697 1.27 6.91294e-09 
0.10897 1.16 1.79868e-10 
0.10897 1.165 1.66281e-09 
0.10897 1.17 1.26872e-08 
0.10897 1.175 7.81641e-08 
0.10897 1.18 4.29631e-07 
0.10897 1.185 1.94328e-06 
0.10897 1.19 7.79457e-06 
0.10897 1.195 2.72986e-05 
0.10897 1.2 7.96712e-05 
0.10897 1.205 0.000198933 
0.10897 1.21 0.000432445 
0.10897 1.215 0.000762634 
0.10897 1.22 0.00113586 
0.10897 1.225 0.00152276 
0.10897 1.23 0.00165478 
0.10897 1.235 0.00158834 
0.10897 1.24 0.00124841 
0.10897 1.245 0.000841747 
0.10897 1.25 0.00045788 
0.10897 1.255 0.000230062 
0.10897 1.26 7.86757e-05 
0.10897 1.265 6.81859e-06 
0.10897 1.27 8.28642e-09 
0.11097 1.165 8.20278e-10 
0.11097 1.17 6.31083e-09 
0.11097 1.175 4.1832e-08 
0.11097 1.18 2.43217e-07 
0.11097 1.185 1.17891e-06 
0.11097 1.19 5.03481e-06 
0.11097 1.195 1.84155e-05 
0.11097 1.2 5.34882e-05 
0.11097 1.205 0.00013991 
0.11097 1.21 0.000313886 
0.11097 1.215 0.000569892 
0.11097 1.22 0.000938638 
0.11097 1.225 0.0012835 
0.11097 1.23 0.00138847 
0.11097 1.235 0.00136018 
0.11097 1.24 0.00110032 
0.11097 1.245 0.000799137 
0.11097 1.25 0.000493794 
0.11097 1.255 0.000244767 
0.11097 1.26 8.67022e-05 
0.11097 1.265 6.94573e-06 
0.11097 1.27 2.31762e-08 
0.11297 1.165 4.21537e-10 
0.11297 1.17 3.51974e-09 
0.11297 1.175 2.40456e-08 
0.11297 1.18 1.43955e-07 
0.11297 1.185 7.15886e-07 
0.11297 1.19 3.11374e-06 
0.11297 1.195 1.161e-05 
0.11297 1.2 3.66024e-05 
0.11297 1.205 9.97389e-05 
0.11297 1.21 0.000229538 
0.11297 1.215 0.00043534 
0.11297 1.22 0.000705756 
0.11297 1.225 0.00101564 
0.11297 1.23 0.00123124 
0.11297 1.235 0.00123545 
0.11297 1.24 0.00110805 
0.11297 1.245 0.000820727 
0.11297 1.25 0.000478281 
0.11297 1.255 0.000254764 
0.11297 1.26 9.45464e-05 
0.11297 1.265 7.65568e-06 
0.11297 1.27 1.5119e-08 
0.11497 1.165 1.99617e-10 
0.11497 1.17 1.80088e-09 
0.11497 1.175 1.25187e-08 
0.11497 1.18 8.0906e-08 
0.11497 1.185 4.34811e-07 
0.11497 1.19 2.00001e-06 
0.11497 1.195 7.54631e-06 
0.11497 1.2 2.41817e-05 
0.11497 1.205 6.84639e-05 
0.11497 1.21 0.000165634 
0.11497 1.215 0.000349692 
0.11497 1.22 0.000595635 
0.11497 1.225 0.000846672 
0.11497 1.23 0.00103992 
0.11497 1.235 0.00107682 
0.11497 1.24 0.000973419 
0.11497 1.245 0.000716735 
0.11497 1.25 0.00046875 
0.11497 1.255 0.000263248 
0.11497 1.26 9.97627e-05 
0.11497 1.265 7.95955e-06 
0.11497 1.27 1.16206e-08 
0.11697 1.17 8.19366e-10 
0.11697 1.175 6.53315e-09 
0.11697 1.18 4.37733e-08 
0.11697 1.185 2.48316e-07 
0.11697 1.19 1.15738e-06 
0.11697 1.195 4.64556e-06 
0.11697 1.2 1.65417e-05 
0.11697 1.205 5.00186e-05 
0.11697 1.21 0.000122905 
0.11697 1.215 0.000263547 
0.11697 1.22 0.000458038 
0.11697 1.225 0.000709061 
0.11697 1.23 0.000896349 
0.11697 1.235 0.00097971 
0.11697 1.24 0.000909991 
0.11697 1.245 0.000709399 
0.11697 1.25 0.000454116 
0.11697 1.255 0.00024727 
0.11697 1.26 0.000101795 
0.11697 1.265 8.84769e-06 
0.11697 1.27 5.95617e-09 
0.11897 1.17 4.48993e-10 
0.11897 1.175 3.69244e-09 
0.11897 1.18 2.13333e-08 
0.11897 1.185 1.28406e-07 
0.11897 1.19 6.42194e-07 
0.11897 1.195 2.75444e-06 
0.11897 1.2 9.888e-06 
0.11897 1.205 3.04042e-05 
0.11897 1.21 7.64227e-05 
0.11897 1.215 0.00016578 
0.11897 1.22 0.000321228 
0.11897 1.225 0.000510529 
0.11897 1.23 0.000676426 
0.11897 1.235 0.000791605 
0.11897 1.24 0.00073512 
0.11897 1.245 0.000592595 
0.11897 1.25 0.00041599 
0.11897 1.255 0.000248187 
0.11897 1.26 0.000101972 
0.11897 1.265 8.41932e-06 
0.11897 1.27 6.03303e-09 
0.12097 1.17 2.02973e-10 
0.12097 1.175 1.79794e-09 
0.12097 1.18 1.23016e-08 
0.12097 1.185 7.82889e-08 
0.12097 1.19 4.24134e-07 
0.12097 1.195 1.78962e-06 
0.12097 1.2 6.85562e-06 
0.12097 1.205 2.04527e-05 
0.12097 1.21 5.83737e-05 
0.12097 1.215 0.00012924 
0.12097 1.22 0.000253129 
0.12097 1.225 0.000398467 
0.12097 1.23 0.000554805 
0.12097 1.235 0.00066302 
0.12097 1.24 0.000626495 
0.12097 1.245 0.00054722 
0.12097 1.25 0.00037026 
0.12097 1.255 0.000221758 
0.12097 1.26 9.67836e-05 
0.12097 1.265 8.38478e-06 
0.12097 1.27 7.71977e-09 
0.12297 1.17 1.04315e-10 
0.12297 1.175 9.49822e-10 
0.12297 1.18 6.92064e-09 
0.12297 1.185 4.23259e-08 
0.12297 1.19 2.42353e-07 
0.12297 1.195 1.08744e-06 
0.12297 1.2 4.29113e-06 
0.12297 1.205 1.45829e-05 
0.12297 1.21 3.95251e-05 
0.12297 1.215 8.98337e-05 
0.12297 1.22 0.000181161 
0.12297 1.225 0.000304684 
0.12297 1.23 0.000433942 
0.12297 1.235 0.000536325 
0.12297 1.24 0.000555976 
0.12297 1.245 0.000471351 
0.12297 1.25 0.000359715 
0.12297 1.255 0.000223378 
0.12297 1.26 9.78176e-05 
0.12297 1.265 9.31945e-06 
0.12297 1.27 1.17684e-08 
0.12497 1.175 4.81318e-10 
0.12497 1.18 3.67682e-09 
0.12497 1.185 2.37729e-08 
0.12497 1.19 1.37388e-07 
0.12497 1.195 6.14906e-07 
0.12497 1.2 2.60725e-06 
0.12497 1.205 8.86439e-06 
0.12497 1.21 2.7218e-05 
0.12497 1.215 6.82442e-05 
0.12497 1.22 0.000139426 
0.12497 1.225 0.00024917 
0.12497 1.23 0.000369039 
0.12497 1.235 0.000481688 
0.12497 1.24 0.000499554 
0.12497 1.245 0.00044282 
0.12497 1.25 0.000344577 
0.12497 1.255 0.000216392 
0.12497 1.26 0.00010415 
0.12497 1.265 9.33254e-06 
0.12497 1.27 1.20438e-08 
0.12697 1.175 2.47868e-10 
0.12697 1.18 1.84576e-09 
0.12697 1.185 1.37958e-08 
0.12697 1.19 7.84271e-08 
0.12697 1.195 3.95136e-07 
0.12697 1.2 1.63679e-06 
0.12697 1.205 5.93191e-06 
0.12697 1.21 1.81685e-05 
0.12697 1.215 4.5844e-05 
0.12697 1.22 0.000100363 
0.12697 1.225 0.000183637 
0.12697 1.23 0.000296718 
0.12697 1.235 0.000381465 
0.12697 1.24 0.000420975 
0.12697 1.245 0.000402585 
0.12697 1.25 0.000306637 
0.12697 1.255 0.000188618 
0.12697 1.26 9.60564e-05 
0.12697 1.265 8.41411e-06 
0.12697 1.27 1.77955e-08 
0.12897 1.175 1.04171e-10 
0.12897 1.18 9.71682e-10 
0.12897 1.185 7.16172e-09 
0.12897 1.19 4.33187e-08 
0.12897 1.195 2.25838e-07 
0.12897 1.2 1.01831e-06 
0.12897 1.205 3.80124e-06 
0.12897 1.21 1.13367e-05 
0.12897 1.215 2.97554e-05 
0.12897 1.22 6.90552e-05 
0.12897 1.225 0.000133791 
0.12897 1.23 0.000200301 
0.12897 1.235 0.00029003 
0.12897 1.24 0.000321232 
0.12897 1.245 0.000318481 
0.12897 1.25 0.000266151 
0.12897 1.255 0.000181657 
0.12897 1.26 8.84711e-05 
0.12897 1.265 8.73806e-06 
0.12897 1.27 1.30937e-08 
0.13097 1.18 4.89366e-10 
0.13097 1.185 3.76595e-09 
0.13097 1.19 2.24893e-08 
0.13097 1.195 1.22962e-07 
0.13097 1.2 5.73527e-07 
0.13097 1.205 2.1394e-06 
0.13097 1.21 7.82772e-06 
0.13097 1.215 2.06958e-05 
0.13097 1.22 4.93294e-05 
0.13097 1.225 9.97801e-05 
0.13097 1.23 0.000164287 
0.13097 1.235 0.000236157 
0.13097 1.24 0.000277144 
0.13097 1.245 0.000294059 
0.13097 1.25 0.000242839 
0.13097 1.255 0.000169268 
0.13097 1.26 8.88365e-05 
0.13097 1.265 8.63848e-06 
0.13097 1.27 7.97409e-09 
0.13297 1.18 2.19067e-10 
0.13297 1.185 1.77786e-09 
0.13297 1.19 1.2354e-08 
0.13297 1.195 7.2415e-08 
0.13297 1.2 3.47756e-07 
0.13297 1.205 1.37924e-06 
0.13297 1.21 4.77734e-06 
0.13297 1.215 1.39739e-05 
0.13297 1.22 3.50131e-05 
0.13297 1.225 7.10108e-05 
0.13297 1.23 0.00012488 
0.13297 1.235 0.000181979 
0.13297 1.24 0.00022728 
0.13297 1.245 0.000239132 
0.13297 1.25 0.000209115 
0.13297 1.255 0.000155757 
0.13297 1.26 8.06436e-05 
0.13297 1.265 8.9154e-06 
0.13297 1.27 1.51549e-08 
0.13497 1.18 1.12061e-10 
0.13497 1.185 9.28511e-10 
0.13497 1.19 6.86718e-09 
0.13497 1.195 4.21459e-08 
0.13497 1.2 2.21805e-07 
0.13497 1.205 9.03374e-07 
0.13497 1.21 3.28863e-06 
0.13497 1.215 9.58262e-06 
0.13497 1.22 2.49329e-05 
0.13497 1.225 5.15726e-05 
0.13497 1.23 8.89335e-05 
0.13497 1.235 0.000141781 
0.13497 1.24 0.000181582 
0.13497 1.245 0.000192397 
0.13497 1.25 0.000175235 
0.13497 1.255 0.000136086 
0.13497 1.26 7.47574e-05 
0.13497 1.265 7.91115e-06 
0.13497 1.27 8.825e-09 
0.13697 1.185 3.81833e-10 
0.13697 1.19 2.93433e-09 
0.13697 1.195 1.84644e-08 
0.13697 1.2 1.01591e-07 
0.13697 1.205 4.61461e-07 
0.13697 1.21 1.75889e-06 
0.13697 1.215 5.74174e-06 
0.13697 1.22 1.4849e-05 
0.13697 1.225 3.38234e-05 
0.13697 1.23 6.63029e-05 
0.13697 1.235 0.000107004 
0.13697 1.24 0.00014242 
0.13697 1.245 0.000152204 
0.13697 1.25 0.00015495 
0.13697 1.255 0.000118818 
0.13697 1.26 6.81952e-05 
0.13697 1.265 7.67285e-06 
0.13697 1.27 2.47551e-08 
0.13897 1.185 2.08249e-10 
0.13897 1.19 1.54931e-09 
0.13897 1.195 1.0663e-08 
0.13897 1.2 5.76298e-08 
0.13897 1.205 2.63343e-07 
0.13897 1.21 1.05317e-06 
0.13897 1.215 3.45443e-06 
0.13897 1.22 9.57033e-06 
0.13897 1.225 2.2557e-05 
0.13897 1.23 4.31958e-05 
0.13897 1.235 7.22563e-05 
0.13897 1.24 0.00010225 
0.13897 1.245 0.000117878 
0.13897 1.25 0.000117576 
0.13897 1.255 9.50839e-05 
0.13897 1.26 5.89773e-05 
0.13897 1.265 6.60407e-06 
0.13897 1.27 3.0441e-08 
0.14097 1.19 8.04835e-10 
0.14097 1.195 5.20926e-09 
0.14097 1.2 3.01794e-08 
0.14097 1.205 1.46675e-07 
0.14097 1.21 6.06468e-07 
0.14097 1.215 2.0206e-06 
0.14097 1.22 5.88765e-06 
0.14097 1.225 1.36179e-05 
0.14097 1.23 2.93684e-05 
0.14097 1.235 4.93165e-05 
0.14097 1.24 7.21044e-05 
0.14097 1.245 8.58546e-05 
0.14097 1.25 8.81139e-05 
0.14097 1.255 7.65577e-05 
0.14097 1.26 4.69046e-05 
0.14097 1.265 5.31856e-06 
0.14097 1.27 1.71302e-08 
0.14297 1.19 3.81998e-10 
0.14297 1.195 2.75626e-09 
0.14297 1.2 1.6946e-08 
0.14297 1.205 8.64009e-08 
0.14297 1.21 3.63607e-07 
0.14297 1.215 1.31336e-06 
0.14297 1.22 3.9247e-06 
0.14297 1.225 1.0179e-05 
0.14297 1.23 2.08297e-05 
0.14297 1.235 3.65499e-05 
0.14297 1.24 5.56677e-05 
0.14297 1.245 7.03332e-05 
0.14297 1.25 7.5896e-05 
0.14297 1.255 6.41627e-05 
0.14297 1.26 4.10587e-05 
0.14297 1.265 4.51856e-06 
0.14297 1.27 1.90513e-09 
0.14497 1.19 2.04557e-10 
0.14497 1.195 1.59086e-09 
0.14497 1.2 9.05773e-09 
0.14497 1.205 4.93558e-08 
0.14497 1.21 2.18578e-07 
0.14497 1.215 8.33596e-07 
0.14497 1.22 2.34477e-06 
0.14497 1.225 6.41615e-06 
0.14497 1.23 1.40459e-05 
0.14497 1.235 2.57699e-05 
0.14497 1.24 4.06842e-05 
0.14497 1.245 5.35243e-05 
0.14497 1.25 5.98221e-05 
0.14497 1.255 5.29468e-05 
0.14497 1.26 3.46445e-05 
0.14497 1.265 3.54202e-06 
0.14497 1.27 1.12215e-08 
0.14697 1.195 7.2762e-10 
0.14697 1.2 4.42805e-09 
0.14697 1.205 2.51446e-08 
0.14697 1.21 1.08189e-07 
0.14697 1.215 4.63727e-07 
0.14697 1.22 1.50097e-06 
0.14697 1.225 4.11184e-06 
0.14697 1.23 9.49363e-06 
0.14697 1.235 1.86692e-05 
0.14697 1.24 2.80363e-05 
0.14697 1.245 4.0763e-05 
0.14697 1.25 4.49408e-05 
0.14697 1.255 4.50374e-05 
0.14697 1.26 2.85325e-05 
0.14697 1.265 3.79788e-06 
0.14697 1.27 1.22977e-08 
0.14897 1.195 3.7394e-10 
0.14897 1.2 2.26801e-09 
0.14897 1.205 1.31795e-08 
0.14897 1.21 6.42272e-08 
0.14897 1.215 2.74183e-07 
0.14897 1.22 9.21158e-07 
0.14897 1.225 2.57783e-06 
0.14897 1.23 6.29671e-06 
0.14897 1.235 1.2647e-05 
0.14897 1.24 2.13633e-05 
0.14897 1.245 3.04683e-05 
0.14897 1.25 3.58252e-05 
0.14897 1.255 3.47755e-05 
0.14897 1.26 2.44231e-05 
0.14897 1.265 2.87138e-06 
0.14897 1.27 1.80051e-09 
0.15097 1.195 1.58035e-10 
0.15097 1.2 1.13839e-09 
0.15097 1.205 6.98198e-09 
0.15097 1.21 3.7425e-08 
0.15097 1.215 1.56178e-07 
0.15097 1.22 5.78244e-07 
0.15097 1.225 1.62611e-06 
0.15097 1.23 4.07867e-06 
0.15097 1.235 8.59243e-06 
0.15097 1.24 1.48231e-05 
0.15097 1.245 2.18832e-05 
0.15097 1.25 2.70512e-05 
0.15097 1.255 2.75785e-05 
0.15097 1.26 1.9037e-05 
0.15097 1.265 2.31303e-06 
0.15097 1.27 3.39029e-09 
0.15297 1.2 5.7052e-10 
0.15297 1.205 3.43109e-09 
0.15297 1.21 1.87573e-08 
0.15297 1.215 8.42586e-08 
0.15297 1.22 3.19071e-07 
0.15297 1.225 9.49093e-07 
0.15297 1.23 2.38767e-06 
0.15297 1.235 5.68712e-06 
0.15297 1.24 1.04972e-05 
0.15297 1.245 1.5629e-05 
0.15297 1.25 1.97604e-05 
0.15297 1.255 2.08878e-05 
0.15297 1.26 1.54518e-05 
0.15297 1.265 1.63965e-06 
0.15297 1.27 3.57102e-09 
0.15497 1.2 2.19479e-10 
0.15497 1.205 1.68385e-09 
0.15497 1.21 9.98518e-09 
0.15497 1.215 4.76144e-08 
0.15497 1.22 1.89467e-07 
0.15497 1.225 5.63289e-07 
0.15497 1.23 1.5863e-06 
0.15497 1.235 3.55624e-06 
0.15497 1.24 7.48373e-06 
0.15497 1.245 1.17517e-05 
0.15497 1.25 1.55171e-05 
0.15497 1.255 1.81109e-05 
0.15497 1.26 1.39586e-05 
0.15497 1.265 1.61456e-06 
0.15497 1.27 2.8391e-09 
0.15697 1.2 1.13456e-10 
0.15697 1.205 7.92656e-10 
0.15697 1.21 4.57268e-09 
0.15697 1.215 2.35465e-08 
0.15697 1.22 9.53877e-08 
0.15697 1.225 3.13825e-07 
0.15697 1.23 8.56015e-07 
0.15697 1.235 2.10358e-06 
0.15697 1.24 4.1585e-06 
0.15697 1.245 7.08863e-06 
0.15697 1.25 1.00373e-05 
0.15697 1.255 1.12486e-05 
0.15697 1.26 8.99084e-06 
0.15697 1.265 1.38839e-06 
0.15697 1.27 3.14546e-09 
0.15897 1.205 3.69028e-10 
0.15897 1.21 2.27732e-09 
0.15897 1.215 1.1808e-08 
0.15897 1.22 4.88582e-08 
0.15897 1.225 1.71787e-07 
0.15897 1.23 5.02964e-07 
0.15897 1.235 1.22624e-06 
0.15897 1.24 2.66368e-06 
0.15897 1.245 4.64828e-06 
0.15897 1.25 6.86788e-06 
0.15897 1.255 7.90595e-06 
0.15897 1.26 6.53742e-06 
0.15897 1.265 9.09635e-07 
0.15897 1.27 1.68471e-09 
0.16097 1.205 1.77317e-10 
0.16097 1.21 1.15247e-09 
0.16097 1.215 6.43263e-09 
0.16097 1.22 2.75444e-08 
0.16097 1.225 1.08216e-07 
0.16097 1.23 3.12042e-07 
0.16097 1.235 7.73031e-07 
0.16097 1.24 1.74729e-06 
0.16097 1.245 3.22567e-06 
0.16097 1.25 4.86575e-06 
0.16097 1.255 5.91323e-06 
0.16097 1.26 5.1865e-06 
0.16097 1.265 8.21308e-07 
0.16097 1.27 1.92066e-09 
0.16297 1.21 5.70504e-10 
0.16297 1.215 3.10701e-09 
0.16297 1.22 1.4533e-08 
0.16297 1.225 5.74816e-08 
0.16297 1.23 1.70403e-07 
0.16297 1.235 4.91791e-07 
0.16297 1.24 1.05606e-06 
0.16297 1.245 2.12383e-06 
0.16297 1.25 3.24408e-06 
0.16297 1.255 4.32252e-06 
0.16297 1.26 3.66104e-06 
0.16297 1.265 5.80656e-07 
0.16297 1.27 1.42794e-09 
0.16497 1.21 2.58673e-10 
0.16497 1.215 1.456e-09 
0.16497 1.22 7.09582e-09 
0.16497 1.225 2.90711e-08 
0.16497 1.23 9.63349e-08 
0.16497 1.235 2.79794e-07 
0.16497 1.24 6.47751e-07 
0.16497 1.245 1.34645e-06 
0.16497 1.25 2.16164e-06 
0.16497 1.255 3.01026e-06 
0.16497 1.26 2.59247e-06 
0.16497 1.265 4.02711e-07 
0.16497 1.27 4.65753e-10 
0.16697 1.21 1.29648e-10 
0.16697 1.215 7.96313e-10 
0.16697 1.22 3.782e-09 
0.16697 1.225 1.60945e-08 
0.16697 1.23 5.73406e-08 
0.16697 1.235 1.76941e-07 
0.16697 1.24 4.34817e-07 
0.16697 1.245 8.84847e-07 
0.16697 1.25 1.517e-06 
0.16697 1.255 2.15436e-06 
0.16697 1.26 2.05614e-06 
0.16697 1.265 2.97964e-07 
0.16697 1.27 8.83291e-10 
0.16897 1.215 3.77247e-10 
0.16897 1.22 1.90511e-09 
0.16897 1.225 8.61793e-09 
0.16897 1.23 2.95989e-08 
0.16897 1.235 9.52842e-08 
0.16897 1.24 2.44048e-07 
0.16897 1.245 5.30852e-07 
0.16897 1.25 9.2423e-07 
0.16897 1.255 1.37908e-06 
0.16897 1.26 1.33306e-06 
0.16897 1.265 1.9585e-07 
0.16897 1.27 7.86461e-10 
0.17097 1.215 1.70996e-10 
0.17097 1.22 9.07416e-10 
0.17097 1.225 4.48614e-09 
0.17097 1.23 1.78842e-08 
0.17097 1.235 5.67206e-08 
0.17097 1.24 1.5448e-07 
0.17097 1.245 3.53558e-07 
0.17097 1.25 6.44455e-07 
0.17097 1.255 9.72141e-07 
0.17097 1.26 1.01738e-06 
0.17097 1.265 1.67699e-07 
0.17097 1.27 9.71012e-10 
0.17297 1.22 4.89696e-10 
0.17297 1.225 2.30577e-09 
0.17297 1.23 9.25939e-09 
0.17297 1.235 3.17128e-08 
0.17297 1.24 9.20268e-08 
0.17297 1.245 2.17331e-07 
0.17297 1.25 4.12762e-07 
0.17297 1.255 6.22997e-07 
0.17297 1.26 6.83767e-07 
0.17297 1.265 9.59911e-08 
0.17297 1.27 3.15483e-10 
0.17497 1.22 2.19597e-10 
0.17497 1.225 1.17718e-09 
0.17497 1.23 4.85008e-09 
0.17497 1.235 1.81208e-08 
0.17497 1.24 5.04112e-08 
0.17497 1.245 1.26122e-07 
0.17497 1.25 2.58929e-07 
0.17497 1.255 4.42008e-07 
0.17497 1.26 4.82481e-07 
0.17497 1.265 8.3816e-08 
0.17497 1.27 3.65535e-10 
0.17697 1.225 4.71598e-10 
0.17697 1.23 2.21874e-09 
0.17697 1.235 8.06967e-09 
0.17697 1.24 2.59118e-08 
0.17697 1.245 6.24169e-08 
0.17697 1.25 1.25583e-07 
0.17697 1.255 2.2409e-07 
0.17697 1.26 2.63412e-07 
0.17697 1.265 4.89161e-08 
0.17697 1.27 1.62532e-10 
0.17897 1.225 2.42516e-10 
0.17897 1.23 1.09649e-09 
0.17897 1.235 4.32334e-09 
0.17897 1.24 1.35746e-08 
0.17897 1.245 3.68268e-08 
0.17897 1.25 7.76983e-08 
0.17897 1.255 1.42209e-07 
0.17897 1.26 1.59504e-07 
0.17897 1.265 2.9837e-08 
0.18097 1.225 1.16283e-10 
0.18097 1.23 5.99517e-10 
0.18097 1.235 2.29535e-09 
0.18097 1.24 7.66852e-09 
0.18097 1.245 2.06169e-08 
0.18097 1.25 4.66899e-08 
0.18097 1.255 8.56802e-08 
0.18097 1.26 1.06492e-07 
0.18097 1.265 1.92081e-08 
0.18297 1.23 2.85855e-10 
0.18297 1.235 1.20372e-09 
0.18297 1.24 4.16824e-09 
0.18297 1.245 1.12637e-08 
0.18297 1.25 2.85826e-08 
0.18297 1.255 5.39957e-08 
0.18297 1.26 6.81252e-08 
0.18297 1.265 1.23239e-08 
0.18497 1.23 1.29595e-10 
0.18497 1.235 5.56837e-10 
0.18497 1.24 2.05707e-09 
0.18497 1.245 6.1476e-09 
0.18497 1.25 1.54763e-08 
0.18497 1.255 3.12496e-08 
0.18497 1.26 3.99261e-08 
0.18497 1.265 6.97893e-09 
0.18697 1.235 2.9988e-10 
0.18697 1.24 1.11628e-09 
0.18697 1.245 3.31424e-09 
0.18697 1.25 8.64261e-09 
0.18697 1.255 1.83039e-08 
0.18697 1.26 2.56329e-08 
0.18697 1.265 4.79614e-09 
0.18897 1.235 1.41003e-10 
0.18897 1.24 5.60652e-10 
0.18897 1.245 1.764e-09 
0.18897 1.25 4.79443e-09 
0.18897 1.255 1.03557e-08 
0.18897 1.26 1.46514e-08 
0.18897 1.265 3.49175e-09 
0.19097 1.24 2.76404e-10 
0.19097 1.245 8.84005e-10 
0.19097 1.25 2.60508e-09 
0.19097 1.255 5.92732e-09 
0.19097 1.26 8.50116e-09 
0.19097 1.265 2.10699e-09 
0.19297 1.24 1.32351e-10 
0.19297 1.245 4.59672e-10 
0.19297 1.25 1.37624e-09 
0.19297 1.255 3.31013e-09 
0.19297 1.26 5.20704e-09 
0.19297 1.265 1.28842e-09 
0.19497 1.245 2.24606e-10 
0.19497 1.25 6.74301e-10 
0.19497 1.255 1.68345e-09 
0.19497 1.26 2.75782e-09 
0.19497 1.265 7.33692e-10 
0.19697 1.245 1.02313e-10 
0.19697 1.25 3.50902e-10 
0.19697 1.255 9.69585e-10 
0.19697 1.26 1.67826e-09 
0.19697 1.265 3.77862e-10 
0.19897 1.25 1.61573e-10 
0.19897 1.255 4.42893e-10 
0.19897 1.26 8.07167e-10 
0.19897 1.265 2.16142e-10 
0.20097 1.255 2.38281e-10 
0.20097 1.26 4.43354e-10 
0.20097 1.265 1.19642e-10 
0.20297 1.255 1.18396e-10 
0.20297 1.26 2.15735e-10 
0.20497 1.26 1.15021e-10 
