#logrho PDF
-4.9825 1.51766e-07
-4.98 6.69617e-07
-4.9775 2.99276e-06
-4.975 1.13861e-05
-4.9725 4.20208e-05
-4.97 0.000132768
-4.9675 0.000400477
-4.965 0.00106552
-4.9625 0.00251555
-4.96 0.00578764
-4.9575 0.0105012
-4.955 0.0205797
-4.9525 0.0348229
-4.95 0.0499912
-4.9475 0.0731542
-4.945 0.0929704
-4.9425 0.112339
-4.94 0.125091
-4.9375 0.124257
-4.935 0.104395
-4.9325 0.0877591
-4.93 0.06686
-4.9275 0.043842
-4.925 0.0267691
-4.9225 0.0109271
-4.92 0.0041021
-4.9175 0.00141679
-4.915 0.000231948
-4.9125 2.84794e-05
-4.91 2.69695e-06
