#logrho PDF
-4.97 1.34382e-07
-4.9675 3.76974e-07
-4.965 1.02915e-06
-4.9625 2.37652e-06
-4.96 5.72632e-06
-4.9575 1.18747e-05
-4.955 2.31634e-05
-4.9525 4.24761e-05
-4.95 7.65169e-05
-4.9475 0.000126442
-4.945 0.00020035
-4.9425 0.000309477
-4.94 0.000462164
-4.9375 0.000637041
-4.935 0.000899545
-4.9325 0.00124498
-4.93 0.00164063
-4.9275 0.0021549
-4.925 0.00289794
-4.9225 0.00364825
-4.92 0.00457052
-4.9175 0.0059241
-4.915 0.00745069
-4.9125 0.00902317
-4.91 0.0109084
-4.9075 0.0130879
-4.905 0.0157812
-4.9025 0.0180591
-4.9 0.0215704
-4.8975 0.0245764
-4.895 0.0272648
-4.8925 0.0312979
-4.89 0.0339275
-4.8875 0.037139
-4.885 0.0399775
-4.8825 0.0428386
-4.88 0.0449659
-4.8775 0.0452357
-4.875 0.0469565
-4.8725 0.0472012
-4.87 0.0469739
-4.8675 0.0454857
-4.865 0.0447234
-4.8625 0.0418067
-4.86 0.0385815
-4.8575 0.0368624
-4.855 0.0322633
-4.8525 0.0293082
-4.85 0.0261243
-4.8475 0.02273
-4.845 0.0191231
-4.8425 0.0161214
-4.84 0.0133504
-4.8375 0.0107606
-4.835 0.00880051
-4.8325 0.0068574
-4.83 0.00529584
-4.8275 0.00388631
-4.825 0.00296006
-4.8225 0.0020842
-4.82 0.00138417
-4.8175 0.000965341
-4.815 0.000598433
-4.8125 0.000368663
-4.81 0.000208091
-4.8075 0.000118608
-4.805 6.21263e-05
-4.8025 2.85816e-05
-4.8 1.42273e-05
-4.7975 6.36903e-06
-4.795 2.60316e-06
-4.7925 9.70165e-07
-4.79 3.52187e-07
-4.7875 1.28745e-07
