#logrho PDF
-4.965 1.01393e-07
-4.9625 3.34717e-07
-4.96 1.11504e-06
-4.9575 3.00435e-06
-4.955 8.84943e-06
-4.9525 1.97787e-05
-4.95 4.70213e-05
-4.9475 9.86812e-05
-4.945 0.000180963
-4.9425 0.000351516
-4.94 0.000593813
-4.9375 0.000921528
-4.935 0.00144571
-4.9325 0.00207852
-4.93 0.00285536
-4.9275 0.00391052
-4.925 0.00515314
-4.9225 0.0063487
-4.92 0.0080476
-4.9175 0.00998124
-4.915 0.0117274
-4.9125 0.0140577
-4.91 0.0167538
-4.9075 0.0192231
-4.905 0.0219643
-4.9025 0.025159
-4.9 0.027685
-4.8975 0.0312144
-4.895 0.0343555
-4.8925 0.0363235
-4.89 0.0393879
-4.8875 0.0415919
-4.885 0.0430045
-4.8825 0.0446276
-4.88 0.0453935
-4.8775 0.0455377
-4.875 0.0453467
-4.8725 0.0436629
-4.87 0.0429101
-4.8675 0.0406072
-4.865 0.0379199
-4.8625 0.0359006
-4.86 0.0323615
-4.8575 0.0291885
-4.855 0.0262177
-4.8525 0.0227145
-4.85 0.0196758
-4.8475 0.0167979
-4.845 0.0141299
-4.8425 0.0116189
-4.84 0.00949911
-4.8375 0.00767698
-4.835 0.00599197
-4.8325 0.00466827
-4.83 0.00359336
-4.8275 0.00276385
-4.825 0.00198192
-4.8225 0.00148374
-4.82 0.00106068
-4.8175 0.000737724
-4.815 0.000502423
-4.8125 0.000354566
-4.81 0.00022572
-4.8075 0.000144944
-4.805 9.09146e-05
-4.8025 5.34365e-05
-4.8 3.03876e-05
-4.7975 1.68419e-05
-4.795 8.79738e-06
-4.7925 4.27847e-06
-4.79 2.00958e-06
-4.7875 9.43597e-07
-4.785 3.66887e-07
-4.7825 1.53593e-07
