#logrho PDF
-4.97 1.0056e-07
-4.9675 2.94809e-07
-4.965 8.67932e-07
-4.9625 2.11577e-06
-4.96 5.31545e-06
-4.9575 1.12104e-05
-4.955 2.34473e-05
-4.9525 4.54714e-05
-4.95 8.09139e-05
-4.9475 0.000137033
-4.945 0.000222715
-4.9425 0.000343719
-4.94 0.000528541
-4.9375 0.000738487
-4.935 0.00102606
-4.9325 0.00144163
-4.93 0.00189769
-4.9275 0.00243102
-4.925 0.00325594
-4.9225 0.00420205
-4.92 0.00512984
-4.9175 0.00654274
-4.915 0.00821198
-4.9125 0.0098105
-4.91 0.0117927
-4.9075 0.0143094
-4.905 0.0168542
-4.9025 0.0196062
-4.9 0.0225296
-4.8975 0.0261756
-4.895 0.0284519
-4.8925 0.0318248
-4.89 0.0358194
-4.8875 0.0378312
-4.885 0.0410561
-4.8825 0.04293
-4.88 0.0453055
-4.8775 0.0459975
-4.875 0.046597
-4.8725 0.0467705
-4.87 0.0463621
-4.8675 0.0445525
-4.865 0.0437538
-4.8625 0.0404432
-4.86 0.0375655
-4.8575 0.0347555
-4.855 0.0310991
-4.8525 0.0281649
-4.85 0.0247181
-4.8475 0.0213694
-4.845 0.0179256
-4.8425 0.01513
-4.84 0.0124713
-4.8375 0.0100856
-4.835 0.00814049
-4.8325 0.00643527
-4.83 0.00487135
-4.8275 0.00368361
-4.825 0.0027728
-4.8225 0.00198869
-4.82 0.0013365
-4.8175 0.000954185
-4.815 0.000606469
-4.8125 0.000378412
-4.81 0.000226811
-4.8075 0.000129614
-4.805 7.14919e-05
-4.8025 3.49011e-05
-4.8 1.79829e-05
-4.7975 7.94022e-06
-4.795 3.48372e-06
-4.7925 1.42774e-06
-4.79 5.26195e-07
-4.7875 2.02035e-07
