#logg PDF
1.06 1.28026e-05
1.065 2.94164e-05
1.07 6.48905e-05
1.075 0.00013454
1.08 0.000261212
1.085 0.000482287
1.09 0.000854678
1.095 0.00140869
1.1 0.00220438
1.105 0.00329519
1.11 0.00468906
1.115 0.00636897
1.12 0.00830629
1.125 0.0103994
1.13 0.0126094
1.135 0.0148233
1.14 0.016869
1.145 0.0188094
1.15 0.020388
1.155 0.0219033
1.16 0.0229108
1.165 0.0238187
1.17 0.0247528
1.175 0.0252864
1.18 0.0260922
1.185 0.0265226
1.19 0.0269913
1.195 0.0271682
1.2 0.0278889
1.205 0.0282304
1.21 0.0283876
1.215 0.028674
1.22 0.028427
1.225 0.0285639
1.23 0.028316
1.235 0.0281857
1.24 0.0275562
1.245 0.026975
1.25 0.0261264
1.255 0.0254565
1.26 0.024597
1.265 0.0238379
1.27 0.0228933
1.275 0.0219032
1.28 0.0206049
1.285 0.0195131
1.29 0.0181723
1.295 0.0170688
1.3 0.0158228
1.305 0.0147609
1.31 0.0136839
1.315 0.0126073
1.32 0.0114448
1.325 0.0104444
1.33 0.00934072
1.335 0.0084609
1.34 0.00761754
1.345 0.00681156
1.35 0.00601877
1.355 0.00537375
1.36 0.0047002
1.365 0.00411912
1.37 0.00353961
1.375 0.00300903
1.38 0.00260088
1.385 0.00216739
1.39 0.00180605
1.395 0.00147545
1.4 0.00121762
1.405 0.000985762
1.41 0.000772776
1.415 0.000611912
1.42 0.000477289
1.425 0.000368588
1.43 0.000279772
1.435 0.000208308
1.44 0.000147071
1.445 0.000102903
1.45 7.04999e-05
1.455 4.63283e-05
1.46 3.02201e-05
1.465 1.83775e-05
1.47 1.06288e-05
1.475 5.72445e-06
1.48 3.31108e-06
1.485 1.46923e-06
1.49 6.96832e-07
1.495 2.82699e-07
1.5 1.09059e-07
1.505 3.70804e-08
1.51 1.0296e-08
1.515 3.01527e-09
