#logg PDF
1.025 3.19325e-09
1.03 1.30071e-08
1.035 4.74548e-08
1.04 1.60825e-07
1.045 5.10699e-07
1.05 1.42416e-06
1.055 3.98572e-06
1.06 9.99687e-06
1.065 2.4481e-05
1.07 5.58973e-05
1.075 0.000122974
1.08 0.000242638
1.085 0.000459294
1.09 0.000817905
1.095 0.00135665
1.1 0.00212932
1.105 0.00315719
1.11 0.00448656
1.115 0.00604113
1.12 0.00777561
1.125 0.00968106
1.13 0.0115142
1.135 0.0134141
1.14 0.0152071
1.145 0.0167116
1.15 0.0181646
1.155 0.0192506
1.16 0.0201056
1.165 0.0207432
1.17 0.0213555
1.175 0.022004
1.18 0.0225628
1.185 0.0230109
1.19 0.0236271
1.195 0.0240461
1.2 0.0246318
1.205 0.0252293
1.21 0.025588
1.215 0.025994
1.22 0.0263605
1.225 0.0264202
1.23 0.0267023
1.235 0.0267348
1.24 0.0264945
1.245 0.0262473
1.25 0.0258099
1.255 0.0253161
1.26 0.0248408
1.265 0.024393
1.27 0.0237651
1.275 0.0229966
1.28 0.0220634
1.285 0.0211529
1.29 0.0201205
1.295 0.0192218
1.3 0.0181738
1.305 0.0171385
1.31 0.0161604
1.315 0.0153206
1.32 0.0140929
1.325 0.0130918
1.33 0.0120421
1.335 0.0110538
1.34 0.0101484
1.345 0.00926295
1.35 0.00842601
1.355 0.00767816
1.36 0.00683365
1.365 0.0061693
1.37 0.00544892
1.375 0.00478238
1.38 0.00422192
1.385 0.00365694
1.39 0.00315129
1.395 0.00269495
1.4 0.00231868
1.405 0.001943
1.41 0.00161438
1.415 0.00135064
1.42 0.00112149
1.425 0.000924356
1.43 0.000748591
1.435 0.000596896
1.44 0.000463815
1.445 0.00035066
1.45 0.000265902
1.455 0.000194152
1.46 0.000137467
1.465 9.37653e-05
1.47 6.16873e-05
1.475 3.93672e-05
1.48 2.51849e-05
1.485 1.43353e-05
1.49 8.44433e-06
1.495 4.76003e-06
1.5 2.82453e-06
1.505 1.60119e-06
1.51 9.08897e-07
1.515 5.41515e-07
1.52 3.2403e-07
1.525 1.86848e-07
1.53 1.09131e-07
1.535 5.86609e-08
1.54 3.00926e-08
1.545 1.42412e-08
1.55 5.45774e-09
1.555 1.53072e-09
