#logrho PDF
-5 0.00117605
-4.9975 0.000751146
-4.995 0.000901714
-4.9925 0.00101184
-4.99 0.00117808
-4.9875 0.00139168
-4.985 0.00153242
-4.9825 0.00175318
-4.98 0.00198957
-4.9775 0.00219392
-4.975 0.0024185
-4.9725 0.00272655
-4.97 0.0029511
-4.9675 0.00323066
-4.965 0.0035125
-4.9625 0.00373983
-4.96 0.00404138
-4.9575 0.00435743
-4.955 0.00460252
-4.9525 0.00479595
-4.95 0.00524522
-4.9475 0.0054543
-4.945 0.00560274
-4.9425 0.00582013
-4.94 0.00639082
-4.9375 0.00638775
-4.935 0.00658887
-4.9325 0.00705306
-4.93 0.00723543
-4.9275 0.00721025
-4.925 0.00767963
-4.9225 0.00795827
-4.92 0.00795115
-4.9175 0.00819967
-4.915 0.00850391
-4.9125 0.00860378
-4.91 0.00868966
-4.9075 0.00903078
-4.905 0.00917798
-4.9025 0.00936763
-4.9 0.00949202
-4.8975 0.00978887
-4.895 0.0097635
-4.8925 0.0099941
-4.89 0.0103555
-4.8875 0.0103289
-4.885 0.0106477
-4.8825 0.010717
-4.88 0.0110309
-4.8775 0.0110802
-4.875 0.0112351
-4.8725 0.01142
-4.87 0.011635
-4.8675 0.0116602
-4.865 0.0120432
-4.8625 0.0119371
-4.86 0.0120353
-4.8575 0.0122392
-4.855 0.0121796
-4.8525 0.0124697
-4.85 0.0125289
-4.8475 0.0126369
-4.845 0.0125117
-4.8425 0.0126302
-4.84 0.0126877
-4.8375 0.0126624
-4.835 0.0127737
-4.8325 0.0128005
-4.83 0.0127448
-4.8275 0.0125894
-4.825 0.0127949
-4.8225 0.0128136
-4.82 0.0123058
-4.8175 0.0125985
-4.815 0.0124312
-4.8125 0.0122773
-4.81 0.0122862
-4.8075 0.0119638
-4.805 0.0119587
-4.8025 0.0116974
-4.8 0.0117718
-4.7975 0.0113564
-4.795 0.0114244
-4.7925 0.0109838
-4.79 0.0109021
-4.7875 0.0107916
-4.785 0.0104045
-4.7825 0.0103998
-4.78 0.010064
-4.7775 0.00987651
-4.775 0.00965044
-4.7725 0.00945702
-4.77 0.00911964
-4.7675 0.00900792
-4.765 0.00869356
-4.7625 0.00845179
-4.76 0.00823722
-4.7575 0.00798472
-4.755 0.00771324
-4.7525 0.00745468
-4.75 0.00717823
-4.7475 0.00700418
-4.745 0.00676982
-4.7425 0.00640403
-4.74 0.00627883
-4.7375 0.0060394
-4.735 0.00572997
-4.7325 0.00551023
-4.73 0.00523941
-4.7275 0.00505924
-4.725 0.00483201
-4.7225 0.00465454
-4.72 0.00434217
-4.7175 0.00421696
-4.715 0.00393922
-4.7125 0.0037583
-4.71 0.00356334
-4.7075 0.00336123
-4.705 0.00314824
-4.7025 0.00301926
-4.7 0.00284849
-4.6975 0.00260485
-4.695 0.00254148
-4.6925 0.0022997
-4.69 0.00217448
-4.6875 0.00206971
-4.685 0.00185077
-4.6825 0.00177947
-4.68 0.00161987
-4.6775 0.0015412
-4.675 0.00136395
-4.6725 0.00129954
-4.67 0.00118817
-4.6675 0.00110257
-4.665 0.00101773
-4.6625 0.000905452
-4.66 0.000852024
-4.6575 0.000765904
-4.655 0.000693021
-4.6525 0.000647336
-4.65 0.00057882
-4.6475 0.000524303
-4.645 0.000472992
-4.6425 0.000422672
-4.64 0.00037676
-4.6375 0.000336171
-4.635 0.000297446
-4.6325 0.00026338
-4.63 0.000232082
-4.6275 0.000205594
-4.625 0.000176978
-4.6225 0.000155285
-4.62 0.000133382
-4.6175 0.000113321
-4.615 9.92924e-05
-4.6125 8.44018e-05
-4.61 6.96743e-05
-4.6075 6.14115e-05
-4.605 4.98073e-05
-4.6025 4.19652e-05
-4.6 3.5622e-05
-4.5975 2.9575e-05
-4.595 2.44293e-05
-4.5925 2.06725e-05
-4.59 1.60732e-05
-4.5875 1.30792e-05
-4.585 1.08737e-05
-4.5825 8.52483e-06
-4.58 6.90492e-06
-4.5775 5.28368e-06
-4.575 4.36365e-06
-4.5725 3.32936e-06
-4.57 2.75317e-06
-4.5675 2.09074e-06
-4.565 1.64993e-06
-4.5625 1.35099e-06
-4.56 9.82511e-07
-4.5575 7.73428e-07
-4.555 5.86344e-07
-4.5525 4.75967e-07
-4.55 3.39845e-07
-4.5475 2.63742e-07
-4.545 1.98751e-07
-4.5425 1.49575e-07
-4.54 1.1776e-07
