#logm logg JPDF
-0.06503 1.05 1.14225e-08 
-0.06503 1.095 3.47435e-09 
-0.06303 1.005 1.13099e-10 
-0.06303 1.01 2.30361e-10 
-0.06303 1.015 4.88463e-10 
-0.06303 1.02 1.05263e-09 
-0.06303 1.025 1.54474e-09 
-0.06303 1.045 2.75238e-08 
-0.06303 1.05 3.76327e-08 
-0.06303 1.055 1.02626e-08 
-0.06303 1.09 3.02847e-08 
-0.06303 1.095 2.27865e-08 
-0.06303 1.1 2.85034e-09 
-0.06103 1.005 2.9613e-10 
-0.06103 1.01 8.90993e-10 
-0.06103 1.015 2.34445e-09 
-0.06103 1.02 5.24189e-09 
-0.06103 1.025 1.06805e-08 
-0.06103 1.03 2.25412e-08 
-0.06103 1.035 3.70865e-08 
-0.06103 1.04 1.3225e-07 
-0.06103 1.045 9.70732e-08 
-0.06103 1.05 4.48375e-08 
-0.06103 1.055 2.35703e-08 
-0.06103 1.085 2.9435e-07 
-0.06103 1.09 5.60395e-08 
-0.06103 1.095 4.33929e-08 
-0.06103 1.13 1.32749e-09 
-0.05903 1 1.9063e-10 
-0.05903 1.005 4.49259e-10 
-0.05903 1.01 1.78294e-09 
-0.05903 1.015 5.87445e-09 
-0.05903 1.02 1.6143e-08 
-0.05903 1.025 4.08747e-08 
-0.05903 1.03 9.33819e-08 
-0.05903 1.035 2.26695e-07 
-0.05903 1.04 3.43697e-07 
-0.05903 1.045 5.96113e-07 
-0.05903 1.05 7.77804e-07 
-0.05903 1.055 1.01871e-06 
-0.05903 1.06 8.21892e-07 
-0.05903 1.065 4.49569e-07 
-0.05903 1.07 6.31971e-07 
-0.05903 1.075 5.1323e-07 
-0.05903 1.08 1.70972e-06 
-0.05903 1.085 7.05498e-07 
-0.05903 1.09 6.0498e-07 
-0.05903 1.095 2.54487e-07 
-0.05903 1.1 1.73559e-07 
-0.05903 1.105 9.88952e-08 
-0.05903 1.11 5.74249e-08 
-0.05903 1.115 3.09789e-08 
-0.05903 1.12 1.55526e-08 
-0.05903 1.125 1.695e-08 
-0.05903 1.13 2.10755e-09 
-0.05903 1.135 9.20346e-10 
-0.05703 1 3.19433e-10 
-0.05703 1.005 1.19747e-09 
-0.05703 1.01 4.463e-09 
-0.05703 1.015 1.4392e-08 
-0.05703 1.02 3.63158e-08 
-0.05703 1.025 1.10212e-07 
-0.05703 1.03 3.09981e-07 
-0.05703 1.035 6.01265e-07 
-0.05703 1.04 1.12646e-06 
-0.05703 1.045 1.64745e-06 
-0.05703 1.05 2.24767e-06 
-0.05703 1.055 2.39802e-06 
-0.05703 1.06 3.66107e-06 
-0.05703 1.065 4.12701e-06 
-0.05703 1.07 4.50187e-06 
-0.05703 1.075 7.93491e-06 
-0.05703 1.08 4.37037e-06 
-0.05703 1.085 3.7015e-06 
-0.05703 1.09 1.61556e-06 
-0.05703 1.095 1.23823e-06 
-0.05703 1.1 8.54716e-07 
-0.05703 1.105 4.88554e-07 
-0.05703 1.11 2.92012e-07 
-0.05703 1.115 1.62029e-07 
-0.05703 1.12 2.61943e-07 
-0.05703 1.125 6.25312e-08 
-0.05703 1.13 2.92882e-08 
-0.05703 1.135 4.14708e-09 
-0.05703 1.14 5.57044e-10 
-0.05503 1 2.03072e-10 
-0.05503 1.005 8.68337e-10 
-0.05503 1.01 3.3333e-09 
-0.05503 1.015 1.10346e-08 
-0.05503 1.02 3.26698e-08 
-0.05503 1.025 1.38782e-07 
-0.05503 1.03 2.57836e-07 
-0.05503 1.035 5.91662e-07 
-0.05503 1.04 1.45361e-06 
-0.05503 1.045 2.60147e-06 
-0.05503 1.05 4.39349e-06 
-0.05503 1.055 7.46754e-06 
-0.05503 1.06 1.11736e-05 
-0.05503 1.065 1.38039e-05 
-0.05503 1.07 2.79468e-05 
-0.05503 1.075 1.98216e-05 
-0.05503 1.08 1.99302e-05 
-0.05503 1.085 1.52941e-05 
-0.05503 1.09 1.28653e-05 
-0.05503 1.095 8.82425e-06 
-0.05503 1.1 5.63213e-06 
-0.05503 1.105 3.41632e-06 
-0.05503 1.11 2.10717e-06 
-0.05503 1.115 2.38875e-06 
-0.05503 1.12 9.29642e-07 
-0.05503 1.125 2.06024e-07 
-0.05503 1.13 6.27615e-08 
-0.05503 1.135 2.61749e-08 
-0.05503 1.14 9.56369e-09 
-0.05503 1.145 3.53985e-09 
-0.05303 1 2.28116e-10 
-0.05303 1.005 1.02102e-09 
-0.05303 1.01 3.95125e-09 
-0.05303 1.015 1.48116e-08 
-0.05303 1.02 5.1526e-08 
-0.05303 1.025 1.39437e-07 
-0.05303 1.03 3.42117e-07 
-0.05303 1.035 8.9096e-07 
-0.05303 1.04 1.94329e-06 
-0.05303 1.045 3.73651e-06 
-0.05303 1.05 6.56009e-06 
-0.05303 1.055 1.0398e-05 
-0.05303 1.06 1.46594e-05 
-0.05303 1.065 2.31482e-05 
-0.05303 1.07 2.75378e-05 
-0.05303 1.075 3.50409e-05 
-0.05303 1.08 3.17504e-05 
-0.05303 1.085 2.96663e-05 
-0.05303 1.09 2.42271e-05 
-0.05303 1.095 1.8578e-05 
-0.05303 1.1 1.36239e-05 
-0.05303 1.105 8.56792e-06 
-0.05303 1.11 6.74048e-06 
-0.05303 1.115 3.62322e-06 
-0.05303 1.12 2.20472e-06 
-0.05303 1.125 1.11995e-06 
-0.05303 1.13 4.94529e-07 
-0.05303 1.135 2.09094e-07 
-0.05303 1.14 8.23338e-08 
-0.05303 1.145 3.06746e-08 
-0.05103 1 2.4672e-10 
-0.05103 1.005 1.15987e-09 
-0.05103 1.01 4.98487e-09 
-0.05103 1.015 2.16876e-08 
-0.05103 1.02 7.86833e-08 
-0.05103 1.025 2.3915e-07 
-0.05103 1.03 7.90734e-07 
-0.05103 1.035 1.69997e-06 
-0.05103 1.04 4.04688e-06 
-0.05103 1.045 8.01885e-06 
-0.05103 1.05 1.37785e-05 
-0.05103 1.055 2.36418e-05 
-0.05103 1.06 3.77013e-05 
-0.05103 1.065 6.07488e-05 
-0.05103 1.07 6.12194e-05 
-0.05103 1.075 6.7519e-05 
-0.05103 1.08 6.26799e-05 
-0.05103 1.085 6.25684e-05 
-0.05103 1.09 5.35883e-05 
-0.05103 1.095 4.38469e-05 
-0.05103 1.1 3.43007e-05 
-0.05103 1.105 2.42654e-05 
-0.05103 1.11 2.13359e-05 
-0.05103 1.115 1.05079e-05 
-0.05103 1.12 5.76394e-06 
-0.05103 1.125 2.56574e-06 
-0.05103 1.13 1.18745e-06 
-0.05103 1.135 5.33692e-07 
-0.05103 1.14 2.2524e-07 
-0.05103 1.145 9.19747e-08 
-0.04903 1 1.89401e-10 
-0.04903 1.005 9.6339e-10 
-0.04903 1.01 4.32242e-09 
-0.04903 1.015 1.94463e-08 
-0.04903 1.02 7.84974e-08 
-0.04903 1.025 2.49728e-07 
-0.04903 1.03 7.54874e-07 
-0.04903 1.035 2.09472e-06 
-0.04903 1.04 4.46571e-06 
-0.04903 1.045 9.98199e-06 
-0.04903 1.05 1.97972e-05 
-0.04903 1.055 3.3933e-05 
-0.04903 1.06 5.93824e-05 
-0.04903 1.065 8.81236e-05 
-0.04903 1.07 0.000125241 
-0.04903 1.075 0.000163232 
-0.04903 1.08 0.00018426 
-0.04903 1.085 0.000187227 
-0.04903 1.09 0.000179399 
-0.04903 1.095 0.000153382 
-0.04903 1.1 0.000123601 
-0.04903 1.105 9.78536e-05 
-0.04903 1.11 6.70705e-05 
-0.04903 1.115 3.93037e-05 
-0.04903 1.12 2.24503e-05 
-0.04903 1.125 1.15727e-05 
-0.04903 1.13 6.16053e-06 
-0.04903 1.135 2.52804e-06 
-0.04903 1.14 1.23027e-06 
-0.04903 1.145 5.13469e-07 
-0.04703 1 1.83182e-10 
-0.04703 1.005 1.07355e-09 
-0.04703 1.01 5.0978e-09 
-0.04703 1.015 2.11715e-08 
-0.04703 1.02 8.27717e-08 
-0.04703 1.025 2.76205e-07 
-0.04703 1.03 9.36131e-07 
-0.04703 1.035 2.46991e-06 
-0.04703 1.04 6.17734e-06 
-0.04703 1.045 1.40718e-05 
-0.04703 1.05 3.08095e-05 
-0.04703 1.055 5.85747e-05 
-0.04703 1.06 8.72422e-05 
-0.04703 1.065 0.000117748 
-0.04703 1.07 0.000167802 
-0.04703 1.075 0.000209067 
-0.04703 1.08 0.000252762 
-0.04703 1.085 0.000262212 
-0.04703 1.09 0.000259983 
-0.04703 1.095 0.000239347 
-0.04703 1.1 0.000197486 
-0.04703 1.105 0.000162198 
-0.04703 1.11 0.000115752 
-0.04703 1.115 7.81753e-05 
-0.04703 1.12 4.24587e-05 
-0.04703 1.125 2.64416e-05 
-0.04703 1.13 1.39846e-05 
-0.04703 1.135 7.09192e-06 
-0.04703 1.14 3.15703e-06 
-0.04703 1.145 1.34785e-06 
-0.04503 1 1.20219e-10 
-0.04503 1.005 6.0443e-10 
-0.04503 1.01 3.27806e-09 
-0.04503 1.015 1.48081e-08 
-0.04503 1.02 6.23762e-08 
-0.04503 1.025 2.38787e-07 
-0.04503 1.03 8.38876e-07 
-0.04503 1.035 2.32905e-06 
-0.04503 1.04 6.00383e-06 
-0.04503 1.045 1.39085e-05 
-0.04503 1.05 2.94474e-05 
-0.04503 1.055 5.73435e-05 
-0.04503 1.06 0.000129243 
-0.04503 1.065 0.000201255 
-0.04503 1.07 0.000276742 
-0.04503 1.075 0.000376119 
-0.04503 1.08 0.000450227 
-0.04503 1.085 0.000522974 
-0.04503 1.09 0.000524984 
-0.04503 1.095 0.000514343 
-0.04503 1.1 0.000476872 
-0.04503 1.105 0.000379052 
-0.04503 1.11 0.000277913 
-0.04503 1.115 0.000156824 
-0.04503 1.12 9.35509e-05 
-0.04503 1.125 6.01371e-05 
-0.04503 1.13 3.30314e-05 
-0.04503 1.135 1.6904e-05 
-0.04503 1.14 7.35055e-06 
-0.04503 1.145 3.44331e-06 
-0.04303 1.005 4.25349e-10 
-0.04303 1.01 2.23459e-09 
-0.04303 1.015 9.87085e-09 
-0.04303 1.02 3.81538e-08 
-0.04303 1.025 1.53703e-07 
-0.04303 1.03 5.41898e-07 
-0.04303 1.035 1.59509e-06 
-0.04303 1.04 4.53975e-06 
-0.04303 1.045 1.07403e-05 
-0.04303 1.05 2.45129e-05 
-0.04303 1.055 5.74953e-05 
-0.04303 1.06 9.49384e-05 
-0.04303 1.065 0.000148459 
-0.04303 1.07 0.000215352 
-0.04303 1.075 0.000295555 
-0.04303 1.08 0.000377293 
-0.04303 1.085 0.00045305 
-0.04303 1.09 0.000491669 
-0.04303 1.095 0.000472046 
-0.04303 1.1 0.000476433 
-0.04303 1.105 0.00039957 
-0.04303 1.11 0.000277005 
-0.04303 1.115 0.000225941 
-0.04303 1.12 0.000143544 
-0.04303 1.125 8.87705e-05 
-0.04303 1.13 4.56341e-05 
-0.04303 1.135 2.53132e-05 
-0.04303 1.14 1.30273e-05 
-0.04303 1.145 6.18719e-06 
-0.04103 1.005 3.17005e-10 
-0.04103 1.01 1.65474e-09 
-0.04103 1.015 7.97415e-09 
-0.04103 1.02 3.40051e-08 
-0.04103 1.025 1.35757e-07 
-0.04103 1.03 4.84852e-07 
-0.04103 1.035 1.65402e-06 
-0.04103 1.04 4.50452e-06 
-0.04103 1.045 1.16817e-05 
-0.04103 1.05 2.78058e-05 
-0.04103 1.055 5.95753e-05 
-0.04103 1.06 0.000141608 
-0.04103 1.065 0.000241193 
-0.04103 1.07 0.000419025 
-0.04103 1.075 0.000598575 
-0.04103 1.08 0.00077501 
-0.04103 1.085 0.000929588 
-0.04103 1.09 0.00101732 
-0.04103 1.095 0.0011211 
-0.04103 1.1 0.00112944 
-0.04103 1.105 0.000943396 
-0.04103 1.11 0.000755833 
-0.04103 1.115 0.000577316 
-0.04103 1.12 0.000380524 
-0.04103 1.125 0.000242869 
-0.04103 1.13 0.000154281 
-0.04103 1.135 6.99989e-05 
-0.04103 1.14 2.92988e-05 
-0.04103 1.145 1.44434e-05 
-0.03903 1.005 1.86408e-10 
-0.03903 1.01 1.03725e-09 
-0.03903 1.015 5.31566e-09 
-0.03903 1.02 2.68382e-08 
-0.03903 1.025 1.04493e-07 
-0.03903 1.03 3.7867e-07 
-0.03903 1.035 1.22009e-06 
-0.03903 1.04 3.60887e-06 
-0.03903 1.045 1.08407e-05 
-0.03903 1.05 2.48807e-05 
-0.03903 1.055 5.94644e-05 
-0.03903 1.06 0.000110489 
-0.03903 1.065 0.000197156 
-0.03903 1.07 0.000315105 
-0.03903 1.075 0.000479978 
-0.03903 1.08 0.000653314 
-0.03903 1.085 0.000819585 
-0.03903 1.09 0.000941444 
-0.03903 1.095 0.00118328 
-0.03903 1.1 0.00102911 
-0.03903 1.105 0.00088188 
-0.03903 1.11 0.000772799 
-0.03903 1.115 0.000562779 
-0.03903 1.12 0.000390249 
-0.03903 1.125 0.000243152 
-0.03903 1.13 0.000154664 
-0.03903 1.135 9.15168e-05 
-0.03903 1.14 5.7827e-05 
-0.03903 1.145 2.74747e-05 
-0.03703 1.005 1.16984e-10 
-0.03703 1.01 6.90693e-10 
-0.03703 1.015 3.57398e-09 
-0.03703 1.02 1.64213e-08 
-0.03703 1.025 7.06233e-08 
-0.03703 1.03 2.87922e-07 
-0.03703 1.035 1.0656e-06 
-0.03703 1.04 3.03452e-06 
-0.03703 1.045 8.7542e-06 
-0.03703 1.05 2.38125e-05 
-0.03703 1.055 5.42399e-05 
-0.03703 1.06 0.000114496 
-0.03703 1.065 0.000249873 
-0.03703 1.07 0.000452026 
-0.03703 1.075 0.000700429 
-0.03703 1.08 0.000986068 
-0.03703 1.085 0.0011993 
-0.03703 1.09 0.00145216 
-0.03703 1.095 0.00155953 
-0.03703 1.1 0.00167425 
-0.03703 1.105 0.0015553 
-0.03703 1.11 0.00130631 
-0.03703 1.115 0.00108336 
-0.03703 1.12 0.000771132 
-0.03703 1.125 0.000522038 
-0.03703 1.13 0.00033618 
-0.03703 1.135 0.000192685 
-0.03703 1.14 0.000101897 
-0.03703 1.145 4.18294e-05 
-0.03503 1.01 3.56289e-10 
-0.03503 1.015 1.9333e-09 
-0.03503 1.02 9.66708e-09 
-0.03503 1.025 4.1751e-08 
-0.03503 1.03 1.73959e-07 
-0.03503 1.035 6.39257e-07 
-0.03503 1.04 2.07931e-06 
-0.03503 1.045 6.07585e-06 
-0.03503 1.05 1.6497e-05 
-0.03503 1.055 4.16164e-05 
-0.03503 1.06 8.7497e-05 
-0.03503 1.065 0.000176903 
-0.03503 1.07 0.000322293 
-0.03503 1.075 0.000495236 
-0.03503 1.08 0.000880876 
-0.03503 1.085 0.00123721 
-0.03503 1.09 0.00166378 
-0.03503 1.095 0.00192789 
-0.03503 1.1 0.00194674 
-0.03503 1.105 0.0019424 
-0.03503 1.11 0.00169186 
-0.03503 1.115 0.00147569 
-0.03503 1.12 0.00107017 
-0.03503 1.125 0.000783116 
-0.03503 1.13 0.000496918 
-0.03503 1.135 0.000297773 
-0.03503 1.14 0.000164928 
-0.03503 1.145 9.64473e-05 
-0.03303 1.01 2.09627e-10 
-0.03303 1.015 1.39414e-09 
-0.03303 1.02 7.33389e-09 
-0.03303 1.025 3.5892e-08 
-0.03303 1.03 1.59267e-07 
-0.03303 1.035 6.0742e-07 
-0.03303 1.04 2.00112e-06 
-0.03303 1.045 6.46707e-06 
-0.03303 1.05 1.80873e-05 
-0.03303 1.055 4.24259e-05 
-0.03303 1.06 9.85609e-05 
-0.03303 1.065 0.000211694 
-0.03303 1.07 0.000433627 
-0.03303 1.075 0.00076357 
-0.03303 1.08 0.00116659 
-0.03303 1.085 0.00176234 
-0.03303 1.09 0.00221827 
-0.03303 1.095 0.00272926 
-0.03303 1.1 0.00299427 
-0.03303 1.105 0.00291966 
-0.03303 1.11 0.00255878 
-0.03303 1.115 0.00225494 
-0.03303 1.12 0.0017435 
-0.03303 1.125 0.00133724 
-0.03303 1.13 0.000880543 
-0.03303 1.135 0.000547369 
-0.03303 1.14 0.000319304 
-0.03303 1.145 0.000165322 
-0.03103 1.01 1.17934e-10 
-0.03103 1.015 7.47835e-10 
-0.03103 1.02 4.14557e-09 
-0.03103 1.025 2.05754e-08 
-0.03103 1.03 8.76405e-08 
-0.03103 1.035 3.29576e-07 
-0.03103 1.04 1.14622e-06 
-0.03103 1.045 3.91366e-06 
-0.03103 1.05 1.1375e-05 
-0.03103 1.055 3.09121e-05 
-0.03103 1.06 8.03082e-05 
-0.03103 1.065 0.000171844 
-0.03103 1.07 0.000374458 
-0.03103 1.075 0.000662146 
-0.03103 1.08 0.00107142 
-0.03103 1.085 0.00163267 
-0.03103 1.09 0.00224398 
-0.03103 1.095 0.00274059 
-0.03103 1.1 0.00314812 
-0.03103 1.105 0.00340186 
-0.03103 1.11 0.00362617 
-0.03103 1.115 0.00319285 
-0.03103 1.12 0.00260455 
-0.03103 1.125 0.00190925 
-0.03103 1.13 0.00133693 
-0.03103 1.135 0.000870848 
-0.03103 1.14 0.000521292 
-0.03103 1.145 0.000290655 
-0.02903 1.015 3.84892e-10 
-0.02903 1.02 2.25094e-09 
-0.02903 1.025 1.16216e-08 
-0.02903 1.03 5.77169e-08 
-0.02903 1.035 2.56423e-07 
-0.02903 1.04 9.33552e-07 
-0.02903 1.045 3.21567e-06 
-0.02903 1.05 1.05735e-05 
-0.02903 1.055 2.75234e-05 
-0.02903 1.06 7.19508e-05 
-0.02903 1.065 0.00014237 
-0.02903 1.07 0.00029597 
-0.02903 1.075 0.000592888 
-0.02903 1.08 0.00106598 
-0.02903 1.085 0.00183378 
-0.02903 1.09 0.00247945 
-0.02903 1.095 0.00301414 
-0.02903 1.1 0.00358814 
-0.02903 1.105 0.0039358 
-0.02903 1.11 0.00400574 
-0.02903 1.115 0.00371281 
-0.02903 1.12 0.00311283 
-0.02903 1.125 0.00247356 
-0.02903 1.13 0.00175583 
-0.02903 1.135 0.00111797 
-0.02903 1.14 0.000686515 
-0.02903 1.145 0.000411695 
-0.02703 1.015 1.79815e-10 
-0.02703 1.02 1.15535e-09 
-0.02703 1.025 6.48878e-09 
-0.02703 1.03 3.11663e-08 
-0.02703 1.035 1.31019e-07 
-0.02703 1.04 5.11139e-07 
-0.02703 1.045 1.85195e-06 
-0.02703 1.05 5.60151e-06 
-0.02703 1.055 1.52981e-05 
-0.02703 1.06 4.09758e-05 
-0.02703 1.065 0.000111442 
-0.02703 1.07 0.000239827 
-0.02703 1.075 0.000478649 
-0.02703 1.08 0.000873185 
-0.02703 1.085 0.00145053 
-0.02703 1.09 0.00231332 
-0.02703 1.095 0.0032758 
-0.02703 1.1 0.00397186 
-0.02703 1.105 0.0045453 
-0.02703 1.11 0.00470761 
-0.02703 1.115 0.00464507 
-0.02703 1.12 0.00411294 
-0.02703 1.125 0.00346212 
-0.02703 1.13 0.002696 
-0.02703 1.135 0.0019376 
-0.02703 1.14 0.00121363 
-0.02703 1.145 0.000755301 
-0.02503 1.015 1.13509e-10 
-0.02503 1.02 7.18386e-10 
-0.02503 1.025 3.95996e-09 
-0.02503 1.03 1.98155e-08 
-0.02503 1.035 9.02303e-08 
-0.02503 1.04 3.67309e-07 
-0.02503 1.045 1.31091e-06 
-0.02503 1.05 4.76752e-06 
-0.02503 1.055 1.42584e-05 
-0.02503 1.06 3.81857e-05 
-0.02503 1.065 9.99733e-05 
-0.02503 1.07 0.00022094 
-0.02503 1.075 0.000457693 
-0.02503 1.08 0.000875583 
-0.02503 1.085 0.00149308 
-0.02503 1.09 0.00242342 
-0.02503 1.095 0.00377519 
-0.02503 1.1 0.00466575 
-0.02503 1.105 0.0053231 
-0.02503 1.11 0.00516101 
-0.02503 1.115 0.00486473 
-0.02503 1.12 0.00445887 
-0.02503 1.125 0.0038479 
-0.02503 1.13 0.00284076 
-0.02503 1.135 0.00190947 
-0.02503 1.14 0.00135455 
-0.02503 1.145 0.000834263 
-0.02303 1.02 2.79992e-10 
-0.02303 1.025 1.7256e-09 
-0.02303 1.03 9.69548e-09 
-0.02303 1.035 4.61459e-08 
-0.02303 1.04 1.9591e-07 
-0.02303 1.045 7.35752e-07 
-0.02303 1.05 2.5433e-06 
-0.02303 1.055 7.82027e-06 
-0.02303 1.06 2.28996e-05 
-0.02303 1.065 5.69133e-05 
-0.02303 1.07 0.000130273 
-0.02303 1.075 0.000274733 
-0.02303 1.08 0.000519654 
-0.02303 1.085 0.000919087 
-0.02303 1.09 0.00151331 
-0.02303 1.095 0.00226927 
-0.02303 1.1 0.00308561 
-0.02303 1.105 0.00381495 
-0.02303 1.11 0.00481229 
-0.02303 1.115 0.00521904 
-0.02303 1.12 0.00491622 
-0.02303 1.125 0.00423617 
-0.02303 1.13 0.00369654 
-0.02303 1.135 0.00293586 
-0.02303 1.14 0.00201702 
-0.02303 1.145 0.00130175 
-0.02103 1.02 1.5865e-10 
-0.02103 1.025 9.87095e-10 
-0.02103 1.03 5.63655e-09 
-0.02103 1.035 2.77034e-08 
-0.02103 1.04 1.31619e-07 
-0.02103 1.045 5.29671e-07 
-0.02103 1.05 1.89851e-06 
-0.02103 1.055 6.15737e-06 
-0.02103 1.06 1.92777e-05 
-0.02103 1.065 5.11321e-05 
-0.02103 1.07 0.000119411 
-0.02103 1.075 0.000279077 
-0.02103 1.08 0.000581591 
-0.02103 1.085 0.00106272 
-0.02103 1.09 0.00175019 
-0.02103 1.095 0.00282886 
-0.02103 1.1 0.00395485 
-0.02103 1.105 0.00517341 
-0.02103 1.11 0.00601367 
-0.02103 1.115 0.00677511 
-0.02103 1.12 0.00654776 
-0.02103 1.125 0.00603594 
-0.02103 1.13 0.00511134 
-0.02103 1.135 0.00398406 
-0.02103 1.14 0.00289207 
-0.02103 1.145 0.00198874 
-0.01903 1.025 4.88364e-10 
-0.01903 1.03 2.94983e-09 
-0.01903 1.035 1.52854e-08 
-0.01903 1.04 7.78036e-08 
-0.01903 1.045 3.13535e-07 
-0.01903 1.05 1.21694e-06 
-0.01903 1.055 3.80538e-06 
-0.01903 1.06 1.15932e-05 
-0.01903 1.065 3.28307e-05 
-0.01903 1.07 9.1004e-05 
-0.01903 1.075 0.000189757 
-0.01903 1.08 0.000385012 
-0.01903 1.085 0.000715375 
-0.01903 1.09 0.00129299 
-0.01903 1.095 0.00200444 
-0.01903 1.1 0.00277283 
-0.01903 1.105 0.00369823 
-0.01903 1.11 0.00457018 
-0.01903 1.115 0.00497396 
-0.01903 1.12 0.00509337 
-0.01903 1.125 0.00486608 
-0.01903 1.13 0.00424808 
-0.01903 1.135 0.00327106 
-0.01903 1.14 0.00229192 
-0.01903 1.145 0.00150596 
-0.01703 1.025 1.79581e-10 
-0.01703 1.03 1.07336e-09 
-0.01703 1.035 5.54917e-09 
-0.01703 1.04 3.03665e-08 
-0.01703 1.045 1.42096e-07 
-0.01703 1.05 5.64982e-07 
-0.01703 1.055 2.32223e-06 
-0.01703 1.06 7.46394e-06 
-0.01703 1.065 2.12026e-05 
-0.01703 1.07 5.85594e-05 
-0.01703 1.075 0.000152599 
-0.01703 1.08 0.000345674 
-0.01703 1.085 0.000701526 
-0.01703 1.09 0.00128107 
-0.01703 1.095 0.00210308 
-0.01703 1.1 0.00321878 
-0.01703 1.105 0.00455013 
-0.01703 1.11 0.00578515 
-0.01703 1.115 0.0065895 
-0.01703 1.12 0.00683583 
-0.01703 1.125 0.00664819 
-0.01703 1.13 0.0060691 
-0.01703 1.135 0.00536796 
-0.01703 1.14 0.00429444 
-0.01703 1.145 0.00314858 
-0.01503 1.025 1.06744e-10 
-0.01503 1.03 7.0628e-10 
-0.01503 1.035 4.18598e-09 
-0.01503 1.04 2.21137e-08 
-0.01503 1.045 1.01853e-07 
-0.01503 1.05 4.20785e-07 
-0.01503 1.055 1.60681e-06 
-0.01503 1.06 5.77435e-06 
-0.01503 1.065 1.752e-05 
-0.01503 1.07 4.88373e-05 
-0.01503 1.075 0.000124351 
-0.01503 1.08 0.000285118 
-0.01503 1.085 0.000617078 
-0.01503 1.09 0.0011459 
-0.01503 1.095 0.00194895 
-0.01503 1.1 0.00291325 
-0.01503 1.105 0.00401573 
-0.01503 1.11 0.00517605 
-0.01503 1.115 0.00607059 
-0.01503 1.12 0.00660694 
-0.01503 1.125 0.00655361 
-0.01503 1.13 0.00608391 
-0.01503 1.135 0.00506125 
-0.01503 1.14 0.004051 
-0.01503 1.145 0.0030164 
-0.01303 1.03 2.59283e-10 
-0.01303 1.035 1.54744e-09 
-0.01303 1.04 8.27307e-09 
-0.01303 1.045 4.23773e-08 
-0.01303 1.05 1.72787e-07 
-0.01303 1.055 6.69932e-07 
-0.01303 1.06 2.35981e-06 
-0.01303 1.065 7.51475e-06 
-0.01303 1.07 2.2695e-05 
-0.01303 1.075 5.5296e-05 
-0.01303 1.08 0.000133442 
-0.01303 1.085 0.000299894 
-0.01303 1.09 0.000589276 
-0.01303 1.095 0.00102081 
-0.01303 1.1 0.00189897 
-0.01303 1.105 0.00293392 
-0.01303 1.11 0.00399046 
-0.01303 1.115 0.0054328 
-0.01303 1.12 0.00626345 
-0.01303 1.125 0.00652878 
-0.01303 1.13 0.00643645 
-0.01303 1.135 0.00597541 
-0.01303 1.14 0.00494737 
-0.01303 1.145 0.0038552 
-0.01103 1.03 1.41552e-10 
-0.01103 1.035 9.04923e-10 
-0.01103 1.04 5.26565e-09 
-0.01103 1.045 2.64507e-08 
-0.01103 1.05 1.25628e-07 
-0.01103 1.055 5.21177e-07 
-0.01103 1.06 1.87511e-06 
-0.01103 1.065 6.19939e-06 
-0.01103 1.07 1.96241e-05 
-0.01103 1.075 5.44917e-05 
-0.01103 1.08 0.000136985 
-0.01103 1.085 0.000307605 
-0.01103 1.09 0.000639434 
-0.01103 1.095 0.00121788 
-0.01103 1.1 0.0020991 
-0.01103 1.105 0.0031082 
-0.01103 1.11 0.00445425 
-0.01103 1.115 0.00585789 
-0.01103 1.12 0.00708973 
-0.01103 1.125 0.00769263 
-0.01103 1.13 0.00773837 
-0.01103 1.135 0.0070579 
-0.01103 1.14 0.00605336 
-0.01103 1.145 0.00464069 
-0.00902998 1.035 4.58019e-10 
-0.00902998 1.04 2.62325e-09 
-0.00902998 1.045 1.35887e-08 
-0.00902998 1.05 6.23149e-08 
-0.00902998 1.055 2.5298e-07 
-0.00902998 1.06 9.50389e-07 
-0.00902998 1.065 3.27759e-06 
-0.00902998 1.07 9.81891e-06 
-0.00902998 1.075 2.76543e-05 
-0.00902998 1.08 6.81363e-05 
-0.00902998 1.085 0.000153884 
-0.00902998 1.09 0.000355697 
-0.00902998 1.095 0.000684738 
-0.00902998 1.1 0.00120657 
-0.00902998 1.105 0.00197501 
-0.00902998 1.11 0.00287788 
-0.00902998 1.115 0.00379223 
-0.00902998 1.12 0.0048354 
-0.00902998 1.125 0.00514183 
-0.00902998 1.13 0.00514617 
-0.00902998 1.135 0.00506792 
-0.00902998 1.14 0.00443423 
-0.00902998 1.145 0.00363676 
-0.00703001 1.035 1.3198e-10 
-0.00703001 1.04 8.89409e-10 
-0.00703001 1.045 5.28481e-09 
-0.00703001 1.05 2.93057e-08 
-0.00703001 1.055 1.24281e-07 
-0.00703001 1.06 5.40322e-07 
-0.00703001 1.065 1.94668e-06 
-0.00703001 1.07 6.51585e-06 
-0.00703001 1.075 1.99981e-05 
-0.00703001 1.08 5.87154e-05 
-0.00703001 1.085 0.000145261 
-0.00703001 1.09 0.00032237 
-0.00703001 1.095 0.000674707 
-0.00703001 1.1 0.00123244 
-0.00703001 1.105 0.00204269 
-0.00703001 1.11 0.00312476 
-0.00703001 1.115 0.00429565 
-0.00703001 1.12 0.00545765 
-0.00703001 1.125 0.00656284 
-0.00703001 1.13 0.00713703 
-0.00703001 1.135 0.00721353 
-0.00703001 1.14 0.00627533 
-0.00703001 1.145 0.00522728 
-0.00503001 1.04 5.67584e-10 
-0.00503001 1.045 3.51907e-09 
-0.00503001 1.05 1.80791e-08 
-0.00503001 1.055 8.20369e-08 
-0.00503001 1.06 3.51346e-07 
-0.00503001 1.065 1.28921e-06 
-0.00503001 1.07 4.77936e-06 
-0.00503001 1.075 1.43776e-05 
-0.00503001 1.08 4.01656e-05 
-0.00503001 1.085 0.000100803 
-0.00503001 1.09 0.000205873 
-0.00503001 1.095 0.000430844 
-0.00503001 1.1 0.000806922 
-0.00503001 1.105 0.00137258 
-0.00503001 1.11 0.00195689 
-0.00503001 1.115 0.00280999 
-0.00503001 1.12 0.0036444 
-0.00503001 1.125 0.00410138 
-0.00503001 1.13 0.00463554 
-0.00503001 1.135 0.00473352 
-0.00503001 1.14 0.00464523 
-0.00503001 1.145 0.00394318 
-0.00303 1.04 1.99883e-10 
-0.00303 1.045 1.18084e-09 
-0.00303 1.05 6.31075e-09 
-0.00303 1.055 3.14723e-08 
-0.00303 1.06 1.29511e-07 
-0.00303 1.065 5.20633e-07 
-0.00303 1.07 1.81296e-06 
-0.00303 1.075 5.85324e-06 
-0.00303 1.08 1.68806e-05 
-0.00303 1.085 4.44695e-05 
-0.00303 1.09 0.000122154 
-0.00303 1.095 0.00028938 
-0.00303 1.1 0.000597711 
-0.00303 1.105 0.00106598 
-0.00303 1.11 0.00192175 
-0.00303 1.115 0.00295392 
-0.00303 1.12 0.00381813 
-0.00303 1.125 0.00490418 
-0.00303 1.13 0.00556454 
-0.00303 1.135 0.00579171 
-0.00303 1.14 0.00587743 
-0.00303 1.145 0.00524803 
-0.00103 1.04 1.20201e-10 
-0.00103 1.045 7.59857e-10 
-0.00103 1.05 4.38979e-09 
-0.00103 1.055 2.21174e-08 
-0.00103 1.06 1.02741e-07 
-0.00103 1.065 4.24005e-07 
-0.00103 1.07 1.66187e-06 
-0.00103 1.075 5.61548e-06 
-0.00103 1.08 1.68227e-05 
-0.00103 1.085 4.85243e-05 
-0.00103 1.09 0.000117597 
-0.00103 1.095 0.000259703 
-0.00103 1.1 0.00057779 
-0.00103 1.105 0.00106351 
-0.00103 1.11 0.00174121 
-0.00103 1.115 0.0027288 
-0.00103 1.12 0.00375391 
-0.00103 1.125 0.00483836 
-0.00103 1.13 0.0055282 
-0.00103 1.135 0.00605773 
-0.00103 1.14 0.00549298 
-0.00103 1.145 0.00482944 
0.000970006 1.045 3.36222e-10 
0.000970006 1.05 1.84305e-09 
0.000970006 1.055 9.56175e-09 
0.000970006 1.06 4.2804e-08 
0.000970006 1.065 1.78824e-07 
0.000970006 1.07 7.21917e-07 
0.000970006 1.075 2.36582e-06 
0.000970006 1.08 7.87335e-06 
0.000970006 1.085 2.20971e-05 
0.000970006 1.09 5.76633e-05 
0.000970006 1.095 0.000137314 
0.000970006 1.1 0.000290199 
0.000970006 1.105 0.000578314 
0.000970006 1.11 0.000959378 
0.000970006 1.115 0.00156478 
0.000970006 1.12 0.00221726 
0.000970006 1.125 0.00297503 
0.000970006 1.13 0.00361709 
0.000970006 1.135 0.00403909 
0.000970006 1.14 0.0047715 
0.000970006 1.145 0.00466089 
0.00297001 1.045 1.39759e-10 
0.00297001 1.05 9.69215e-10 
0.00297001 1.055 5.22535e-09 
0.00297001 1.06 2.63632e-08 
0.00297001 1.065 1.16461e-07 
0.00297001 1.07 5.11795e-07 
0.00297001 1.075 1.88429e-06 
0.00297001 1.08 6.2754e-06 
0.00297001 1.085 1.91349e-05 
0.00297001 1.09 5.14293e-05 
0.00297001 1.095 0.000125545 
0.00297001 1.1 0.000285628 
0.00297001 1.105 0.000584784 
0.00297001 1.11 0.00109745 
0.00297001 1.115 0.0018504 
0.00297001 1.12 0.0027243 
0.00297001 1.125 0.003782 
0.00297001 1.13 0.00468629 
0.00297001 1.135 0.00552154 
0.00297001 1.14 0.00582534 
0.00297001 1.145 0.00582442 
0.00497001 1.05 5.12071e-10 
0.00497001 1.055 2.86778e-09 
0.00497001 1.06 1.50977e-08 
0.00497001 1.065 6.74328e-08 
0.00497001 1.07 2.92263e-07 
0.00497001 1.075 1.11333e-06 
0.00497001 1.08 3.60297e-06 
0.00497001 1.085 1.04487e-05 
0.00497001 1.09 2.91849e-05 
0.00497001 1.095 7.05748e-05 
0.00497001 1.1 0.000154419 
0.00497001 1.105 0.000322143 
0.00497001 1.11 0.000605057 
0.00497001 1.115 0.00108347 
0.00497001 1.12 0.00165249 
0.00497001 1.125 0.00235654 
0.00497001 1.13 0.00299347 
0.00497001 1.135 0.00353506 
0.00497001 1.14 0.00376987 
0.00497001 1.145 0.00380822 
0.00697002 1.05 1.68554e-10 
0.00697002 1.055 9.65812e-10 
0.00697002 1.06 5.69783e-09 
0.00697002 1.065 2.63685e-08 
0.00697002 1.07 1.22951e-07 
0.00697002 1.075 4.59881e-07 
0.00697002 1.08 1.78857e-06 
0.00697002 1.085 6.56124e-06 
0.00697002 1.09 1.97517e-05 
0.00697002 1.095 5.62077e-05 
0.00697002 1.1 0.000137698 
0.00697002 1.105 0.000296055 
0.00697002 1.11 0.000593383 
0.00697002 1.115 0.00102143 
0.00697002 1.12 0.00166248 
0.00697002 1.125 0.00242264 
0.00697002 1.13 0.00341582 
0.00697002 1.135 0.00417593 
0.00697002 1.14 0.00494702 
0.00697002 1.145 0.00497268 
0.00896999 1.05 1.23912e-10 
0.00896999 1.055 7.53113e-10 
0.00896999 1.06 4.12972e-09 
0.00896999 1.065 2.04442e-08 
0.00896999 1.07 9.02233e-08 
0.00896999 1.075 3.62669e-07 
0.00896999 1.08 1.45265e-06 
0.00896999 1.085 4.71452e-06 
0.00896999 1.09 1.3533e-05 
0.00896999 1.095 3.69474e-05 
0.00896999 1.1 9.18011e-05 
0.00896999 1.105 0.000216213 
0.00896999 1.11 0.000436174 
0.00896999 1.115 0.000821818 
0.00896999 1.12 0.00133642 
0.00896999 1.125 0.0018947 
0.00896999 1.13 0.00241146 
0.00896999 1.135 0.00306289 
0.00896999 1.14 0.00337669 
0.00896999 1.145 0.00363493 
0.01097 1.055 2.72447e-10 
0.01097 1.06 1.47897e-09 
0.01097 1.065 8.43777e-09 
0.01097 1.07 3.93666e-08 
0.01097 1.075 1.66653e-07 
0.01097 1.08 6.28668e-07 
0.01097 1.085 2.14355e-06 
0.01097 1.09 6.50048e-06 
0.01097 1.095 1.84564e-05 
0.01097 1.1 4.69541e-05 
0.01097 1.105 0.000109118 
0.01097 1.11 0.000225016 
0.01097 1.115 0.000446852 
0.01097 1.12 0.000758897 
0.01097 1.125 0.00140435 
0.01097 1.13 0.00213435 
0.01097 1.135 0.00283184 
0.01097 1.14 0.00367824 
0.01097 1.145 0.0039812 
0.01297 1.055 1.73797e-10 
0.01297 1.06 1.05306e-09 
0.01297 1.065 5.76992e-09 
0.01297 1.07 2.77958e-08 
0.01297 1.075 1.23341e-07 
0.01297 1.08 4.82134e-07 
0.01297 1.085 1.68321e-06 
0.01297 1.09 5.18251e-06 
0.01297 1.095 1.62099e-05 
0.01297 1.1 4.34483e-05 
0.01297 1.105 0.000101037 
0.01297 1.11 0.000215719 
0.01297 1.115 0.00042481 
0.01297 1.12 0.000763984 
0.01297 1.125 0.0012584 
0.01297 1.13 0.00185971 
0.01297 1.135 0.00265956 
0.01297 1.14 0.00328147 
0.01297 1.145 0.00361585 
0.01497 1.06 4.70357e-10 
0.01497 1.065 2.63411e-09 
0.01497 1.07 1.24652e-08 
0.01497 1.075 5.46557e-08 
0.01497 1.08 2.31281e-07 
0.01497 1.085 8.42219e-07 
0.01497 1.09 2.84806e-06 
0.01497 1.095 8.32071e-06 
0.01497 1.1 2.26852e-05 
0.01497 1.105 5.45581e-05 
0.01497 1.11 0.000120578 
0.01497 1.115 0.000248588 
0.01497 1.12 0.000475368 
0.01497 1.125 0.000767999 
0.01497 1.13 0.00119328 
0.01497 1.135 0.00171157 
0.01497 1.14 0.00222475 
0.01497 1.145 0.00269625 
0.01697 1.06 1.59038e-10 
0.01697 1.065 1.00672e-09 
0.01697 1.07 5.93002e-09 
0.01697 1.075 2.92913e-08 
0.01697 1.08 1.40708e-07 
0.01697 1.085 5.2771e-07 
0.01697 1.09 1.95811e-06 
0.01697 1.095 6.10177e-06 
0.01697 1.1 1.74406e-05 
0.01697 1.105 4.41566e-05 
0.01697 1.11 0.000102215 
0.01697 1.115 0.000215992 
0.01697 1.12 0.000401467 
0.01697 1.125 0.00076535 
0.01697 1.13 0.00121725 
0.01697 1.135 0.00172202 
0.01697 1.14 0.00227526 
0.01697 1.145 0.00286651 
0.01897 1.065 5.50979e-10 
0.01897 1.07 3.49935e-09 
0.01897 1.075 1.67215e-08 
0.01897 1.08 7.41807e-08 
0.01897 1.085 2.87047e-07 
0.01897 1.09 1.07036e-06 
0.01897 1.095 3.51298e-06 
0.01897 1.1 1.03438e-05 
0.01897 1.105 2.76572e-05 
0.01897 1.11 6.38403e-05 
0.01897 1.115 0.000143265 
0.01897 1.12 0.000279326 
0.01897 1.125 0.00049701 
0.01897 1.13 0.000810607 
0.01897 1.135 0.00127995 
0.01897 1.14 0.00185091 
0.01897 1.145 0.002463 
0.02097 1.065 2.36143e-10 
0.02097 1.07 1.40297e-09 
0.02097 1.075 7.40346e-09 
0.02097 1.08 3.58526e-08 
0.02097 1.085 1.42774e-07 
0.02097 1.09 5.33807e-07 
0.02097 1.095 1.8074e-06 
0.02097 1.1 5.53123e-06 
0.02097 1.105 1.49284e-05 
0.02097 1.11 4.09414e-05 
0.02097 1.115 0.00010006 
0.02097 1.12 0.000205482 
0.02097 1.125 0.000390271 
0.02097 1.13 0.000706877 
0.02097 1.135 0.00119389 
0.02097 1.14 0.00160226 
0.02097 1.145 0.00215083 
0.02297 1.065 1.26452e-10 
0.02297 1.07 7.06749e-10 
0.02297 1.075 3.87716e-09 
0.02297 1.08 2.01628e-08 
0.02297 1.085 9.24936e-08 
0.02297 1.09 3.63519e-07 
0.02297 1.095 1.28335e-06 
0.02297 1.1 3.90747e-06 
0.02297 1.105 1.08624e-05 
0.02297 1.11 2.83954e-05 
0.02297 1.115 6.67047e-05 
0.02297 1.12 0.000145788 
0.02297 1.125 0.00028253 
0.02297 1.13 0.000508473 
0.02297 1.135 0.000800435 
0.02297 1.14 0.00129865 
0.02297 1.145 0.00181625 
0.02497 1.07 3.38646e-10 
0.02497 1.075 1.84613e-09 
0.02497 1.08 9.23919e-09 
0.02497 1.085 4.21007e-08 
0.02497 1.09 1.64456e-07 
0.02497 1.095 6.60363e-07 
0.02497 1.1 2.31949e-06 
0.02497 1.105 6.73108e-06 
0.02497 1.11 1.68624e-05 
0.02497 1.115 4.40045e-05 
0.02497 1.12 9.71853e-05 
0.02497 1.125 0.000196973 
0.02497 1.13 0.00037451 
0.02497 1.135 0.00065215 
0.02497 1.14 0.00100592 
0.02497 1.145 0.00139581 
0.02697 1.07 1.51994e-10 
0.02697 1.075 9.31088e-10 
0.02697 1.08 4.67649e-09 
0.02697 1.085 2.3724e-08 
0.02697 1.09 1.04291e-07 
0.02697 1.095 4.03009e-07 
0.02697 1.1 1.4474e-06 
0.02697 1.105 4.51268e-06 
0.02697 1.11 1.13864e-05 
0.02697 1.115 3.15864e-05 
0.02697 1.12 7.10524e-05 
0.02697 1.125 0.000156509 
0.02697 1.13 0.00029767 
0.02697 1.135 0.000519302 
0.02697 1.14 0.000790585 
0.02697 1.145 0.00117932 
0.02897 1.075 4.67012e-10 
0.02897 1.08 2.59705e-09 
0.02897 1.085 1.19794e-08 
0.02897 1.09 5.46338e-08 
0.02897 1.095 2.18132e-07 
0.02897 1.1 7.81633e-07 
0.02897 1.105 2.60269e-06 
0.02897 1.11 8.39957e-06 
0.02897 1.115 2.20135e-05 
0.02897 1.12 5.18128e-05 
0.02897 1.125 0.000105762 
0.02897 1.13 0.000220138 
0.02897 1.135 0.000414954 
0.02897 1.14 0.000678835 
0.02897 1.145 0.00101617 
0.03097 1.075 1.868e-10 
0.03097 1.08 1.09043e-09 
0.03097 1.085 5.79838e-09 
0.03097 1.09 2.79863e-08 
0.03097 1.095 1.15963e-07 
0.03097 1.1 3.84546e-07 
0.03097 1.105 1.34176e-06 
0.03097 1.11 4.49725e-06 
0.03097 1.115 1.29788e-05 
0.03097 1.12 3.32322e-05 
0.03097 1.125 7.24351e-05 
0.03097 1.13 0.000142134 
0.03097 1.135 0.000285839 
0.03097 1.14 0.000478129 
0.03097 1.145 0.000817528 
0.03297 1.075 1.00348e-10 
0.03297 1.08 5.3545e-10 
0.03297 1.085 3.09085e-09 
0.03297 1.09 1.55342e-08 
0.03297 1.095 6.69867e-08 
0.03297 1.1 2.65597e-07 
0.03297 1.105 9.3666e-07 
0.03297 1.11 2.94786e-06 
0.03297 1.115 8.81508e-06 
0.03297 1.12 2.36928e-05 
0.03297 1.125 5.82058e-05 
0.03297 1.13 0.000129168 
0.03297 1.135 0.000254438 
0.03297 1.14 0.000440047 
0.03297 1.145 0.000744535 
0.03497 1.08 2.8418e-10 
0.03497 1.085 1.53585e-09 
0.03497 1.09 7.87551e-09 
0.03497 1.095 3.63198e-08 
0.03497 1.1 1.50195e-07 
0.03497 1.105 5.52568e-07 
0.03497 1.11 1.83155e-06 
0.03497 1.115 5.4585e-06 
0.03497 1.12 1.48864e-05 
0.03497 1.125 3.85697e-05 
0.03497 1.13 8.76769e-05 
0.03497 1.135 0.00017694 
0.03497 1.14 0.000304391 
0.03497 1.145 0.000505958 
0.03697 1.08 1.27267e-10 
0.03697 1.085 7.00129e-10 
0.03697 1.09 3.79112e-09 
0.03697 1.095 1.77382e-08 
0.03697 1.1 7.78675e-08 
0.03697 1.105 3.02679e-07 
0.03697 1.11 1.01083e-06 
0.03697 1.115 3.20177e-06 
0.03697 1.12 9.29798e-06 
0.03697 1.125 2.55089e-05 
0.03697 1.13 5.75674e-05 
0.03697 1.135 0.00012228 
0.03697 1.14 0.000242078 
0.03697 1.145 0.000407423 
0.03897 1.085 3.40066e-10 
0.03897 1.09 1.865e-09 
0.03897 1.095 9.39398e-09 
0.03897 1.1 4.26671e-08 
0.03897 1.105 1.79804e-07 
0.03897 1.11 6.40577e-07 
0.03897 1.115 2.01923e-06 
0.03897 1.12 6.4108e-06 
0.03897 1.125 1.75457e-05 
0.03897 1.13 4.01779e-05 
0.03897 1.135 8.81717e-05 
0.03897 1.14 0.00019279 
0.03897 1.145 0.000369155 
0.04097 1.085 1.8436e-10 
0.04097 1.09 9.63794e-10 
0.04097 1.095 5.23042e-09 
0.04097 1.1 2.5576e-08 
0.04097 1.105 9.77151e-08 
0.04097 1.11 4.04115e-07 
0.04097 1.115 1.30679e-06 
0.04097 1.12 3.9321e-06 
0.04097 1.125 1.08445e-05 
0.04097 1.13 2.53432e-05 
0.04097 1.135 5.92286e-05 
0.04097 1.14 0.00012429 
0.04097 1.145 0.000232887 
0.04297 1.09 4.89749e-10 
0.04297 1.095 2.61411e-09 
0.04297 1.1 1.25944e-08 
0.04297 1.105 5.07919e-08 
0.04297 1.11 1.97175e-07 
0.04297 1.115 7.20744e-07 
0.04297 1.12 2.31319e-06 
0.04297 1.125 7.1315e-06 
0.04297 1.13 1.72433e-05 
0.04297 1.135 4.235e-05 
0.04297 1.14 8.97536e-05 
0.04297 1.145 0.000178977 
0.04497 1.09 2.35767e-10 
0.04497 1.095 1.23264e-09 
0.04497 1.1 7.2053e-09 
0.04497 1.105 3.28797e-08 
0.04497 1.11 1.38334e-07 
0.04497 1.115 4.62824e-07 
0.04497 1.12 1.45985e-06 
0.04497 1.125 4.62529e-06 
0.04497 1.13 1.25302e-05 
0.04497 1.135 3.14904e-05 
0.04497 1.14 6.74637e-05 
0.04497 1.145 0.000130246 
0.04697 1.09 1.03973e-10 
0.04697 1.095 6.09533e-10 
0.04697 1.1 3.32922e-09 
0.04697 1.105 1.64073e-08 
0.04697 1.11 7.2933e-08 
0.04697 1.115 2.67741e-07 
0.04697 1.12 8.34153e-07 
0.04697 1.125 2.5111e-06 
0.04697 1.13 6.54834e-06 
0.04697 1.135 1.76073e-05 
0.04697 1.14 3.98881e-05 
0.04697 1.145 7.921e-05 
0.04897 1.095 2.97464e-10 
0.04897 1.1 1.5728e-09 
0.04897 1.105 7.33387e-09 
0.04897 1.11 3.20924e-08 
0.04897 1.115 1.31165e-07 
0.04897 1.12 4.8634e-07 
0.04897 1.125 1.7908e-06 
0.04897 1.13 5.24751e-06 
0.04897 1.135 1.34201e-05 
0.04897 1.14 3.17649e-05 
0.04897 1.145 6.51638e-05 
0.05097 1.095 1.36505e-10 
0.05097 1.1 8.14229e-10 
0.05097 1.105 4.30138e-09 
0.05097 1.11 2.01809e-08 
0.05097 1.115 8.18757e-08 
0.05097 1.12 3.13268e-07 
0.05097 1.125 9.5593e-07 
0.05097 1.13 3.03485e-06 
0.05097 1.135 8.58189e-06 
0.05097 1.14 1.96427e-05 
0.05097 1.145 4.50326e-05 
0.05297 1.1 3.9147e-10 
0.05297 1.105 1.96445e-09 
0.05297 1.11 1.04017e-08 
0.05297 1.115 4.33398e-08 
0.05297 1.12 1.76071e-07 
0.05297 1.125 5.76059e-07 
0.05297 1.13 1.79659e-06 
0.05297 1.135 4.9913e-06 
0.05297 1.14 1.26309e-05 
0.05297 1.145 3.08066e-05 
0.05497 1.1 1.90592e-10 
0.05497 1.105 1.09185e-09 
0.05497 1.11 5.17174e-09 
0.05497 1.115 2.22081e-08 
0.05497 1.12 9.25474e-08 
0.05497 1.125 3.49325e-07 
0.05497 1.13 1.22376e-06 
0.05497 1.135 3.81254e-06 
0.05497 1.14 9.86797e-06 
0.05497 1.145 2.55328e-05 
0.05697 1.105 4.92234e-10 
0.05697 1.11 2.59981e-09 
0.05697 1.115 1.19911e-08 
0.05697 1.12 5.49151e-08 
0.05697 1.125 2.14177e-07 
0.05697 1.13 6.84344e-07 
0.05697 1.135 2.07443e-06 
0.05697 1.14 5.97323e-06 
0.05697 1.145 1.47231e-05 
0.05897 1.105 2.17072e-10 
0.05897 1.11 1.11839e-09 
0.05897 1.115 5.52737e-09 
0.05897 1.12 2.3465e-08 
0.05897 1.125 9.85458e-08 
0.05897 1.13 3.44551e-07 
0.05897 1.135 1.14836e-06 
0.05897 1.14 3.46441e-06 
0.05897 1.145 9.04353e-06 
0.06097 1.105 1.08119e-10 
0.06097 1.11 5.79758e-10 
0.06097 1.115 3.12059e-09 
0.06097 1.12 1.54048e-08 
0.06097 1.125 6.63459e-08 
0.06097 1.13 2.60275e-07 
0.06097 1.135 8.83289e-07 
0.06097 1.14 2.57419e-06 
0.06097 1.145 6.89094e-06 
0.06297 1.11 3.21669e-10 
0.06297 1.115 1.68564e-09 
0.06297 1.12 7.44589e-09 
0.06297 1.125 3.09451e-08 
0.06297 1.13 1.22371e-07 
0.06297 1.135 4.22159e-07 
0.06297 1.14 1.24936e-06 
0.06297 1.145 3.64371e-06 
0.06497 1.11 1.22775e-10 
0.06497 1.115 7.48899e-10 
0.06497 1.12 4.05179e-09 
0.06497 1.125 1.87034e-08 
0.06497 1.13 7.92702e-08 
0.06497 1.135 2.81289e-07 
0.06497 1.14 9.4604e-07 
0.06497 1.145 2.77752e-06 
0.06697 1.115 4.6231e-10 
0.06697 1.12 2.41114e-09 
0.06697 1.125 1.06722e-08 
0.06697 1.13 4.50228e-08 
0.06697 1.135 1.70981e-07 
0.06697 1.14 5.68268e-07 
0.06697 1.145 1.66069e-06 
0.06897 1.115 1.70364e-10 
0.06897 1.12 9.18238e-10 
0.06897 1.125 4.43503e-09 
0.06897 1.13 1.89551e-08 
0.06897 1.135 8.00853e-08 
0.06897 1.14 2.7461e-07 
0.06897 1.145 8.80314e-07 
0.07097 1.12 5.72825e-10 
0.07097 1.125 2.79321e-09 
0.07097 1.13 1.30086e-08 
0.07097 1.135 5.38565e-08 
0.07097 1.14 1.84752e-07 
0.07097 1.145 6.21912e-07 
0.07297 1.12 2.39102e-10 
0.07297 1.125 1.14576e-09 
0.07297 1.13 5.5799e-09 
0.07297 1.135 2.50522e-08 
0.07297 1.14 8.93112e-08 
0.07297 1.145 3.28255e-07 
0.07497 1.12 1.2941e-10 
0.07497 1.125 6.73758e-10 
0.07497 1.13 3.27439e-09 
0.07497 1.135 1.56139e-08 
0.07497 1.14 6.4227e-08 
0.07497 1.145 2.21436e-07 
0.07697 1.125 3.2671e-10 
0.07697 1.13 1.69303e-09 
0.07697 1.135 7.42079e-09 
0.07697 1.14 3.19775e-08 
0.07697 1.145 1.12375e-07 
0.07897 1.125 1.27811e-10 
0.07897 1.13 7.81127e-10 
0.07897 1.135 3.4422e-09 
0.07897 1.14 1.57499e-08 
0.07897 1.145 6.49795e-08 
0.08097 1.13 3.86604e-10 
0.08097 1.135 2.05932e-09 
0.08097 1.14 8.98925e-09 
0.08097 1.145 3.89485e-08 
0.08297 1.13 1.84146e-10 
0.08297 1.135 9.88963e-10 
0.08297 1.14 4.56636e-09 
0.08297 1.145 1.88231e-08 
0.08497 1.135 5.07089e-10 
0.08497 1.14 2.40747e-09 
0.08497 1.145 1.02844e-08 
0.08697 1.135 2.27299e-10 
0.08697 1.14 1.23075e-09 
0.08697 1.145 5.9933e-09 
0.08897 1.135 1.17367e-10 
0.08897 1.14 6.30765e-10 
0.08897 1.145 3.22886e-09 
0.09097 1.14 2.94217e-10 
0.09097 1.145 1.38604e-09 
0.09297 1.14 1.47622e-10 
0.09297 1.145 7.618e-10 
0.09497 1.145 4.01272e-10 
0.09697 1.145 1.71173e-10 
