#fil mag PDF
0 -2.020000 0.000007
0 -2.000000 0.000040
0 -1.980000 0.000198
0 -1.960000 0.000810
0 -1.940001 0.002706
0 -1.920000 0.007494
0 -1.900001 0.017544
0 -1.880000 0.035450
0 -1.860001 0.063038
0 -1.840000 0.099339
0 -1.820001 0.131406
0 -1.800000 0.154216
0 -1.780001 0.154686
0 -1.760000 0.137285
0 -1.740000 0.095265
0 -1.720000 0.056716
0 -1.700000 0.027580
0 -1.680000 0.011211
0 -1.660000 0.003777
0 -1.640000 0.001035
0 -1.620000 0.000182
0 -1.600000 0.000012
1 -1.560000 0.000001
1 -1.540000 0.000006
1 -1.520000 0.000028
1 -1.500000 0.000108
1 -1.480000 0.000355
1 -1.460000 0.001008
1 -1.440001 0.002410
1 -1.420000 0.004962
1 -1.400001 0.008630
1 -1.380000 0.013412
1 -1.360001 0.020601
1 -1.340000 0.030847
1 -1.320001 0.043378
1 -1.300000 0.056858
1 -1.280001 0.069923
1 -1.260000 0.080099
1 -1.240000 0.088886
1 -1.220000 0.094414
1 -1.200000 0.096470
1 -1.180000 0.092976
1 -1.160000 0.082015
1 -1.140000 0.065938
1 -1.120000 0.049474
1 -1.100000 0.034594
1 -1.080000 0.022774
1 -1.060000 0.014532
1 -1.040000 0.009195
1 -1.020000 0.006232
1 -1.000000 0.004321
1 -0.980000 0.002749
1 -0.960000 0.001442
1 -0.940001 0.000738
1 -0.920000 0.000348
1 -0.900001 0.000164
1 -0.880000 0.000068
1 -0.860001 0.000028
1 -0.840000 0.000010
1 -0.820001 0.000004
2 -0.300000 0.000004
2 -0.280001 0.000015
2 -0.260000 0.000052
2 -0.240001 0.000148
2 -0.220000 0.000379
2 -0.200000 0.000827
2 -0.180000 0.001618
2 -0.160000 0.002874
2 -0.140000 0.004479
2 -0.120000 0.006301
2 -0.100000 0.008525
2 -0.080000 0.011293
2 -0.060000 0.015012
2 -0.040000 0.019524
2 -0.020000 0.025166
2 0.000000 0.031550
2 0.020000 0.037546
2 0.040000 0.043904
2 0.059999 0.049578
2 0.080000 0.054332
2 0.099999 0.058633
2 0.120000 0.061587
2 0.139999 0.063493
2 0.160000 0.062926
2 0.179999 0.063625
2 0.200000 0.062308
2 0.219999 0.059602
2 0.240000 0.053250
2 0.259999 0.044671
2 0.280000 0.036624
2 0.300000 0.029476
2 0.320000 0.023195
2 0.340000 0.017526
2 0.360000 0.012879
2 0.380000 0.009516
2 0.400000 0.006967
2 0.420000 0.005225
2 0.440000 0.004267
2 0.460000 0.003781
2 0.480000 0.002602
2 0.500000 0.001689
2 0.520000 0.001144
2 0.540000 0.000734
2 0.559999 0.000456
2 0.580000 0.000292
2 0.599999 0.000177
2 0.620000 0.000101
2 0.639999 0.000060
2 0.660000 0.000033
2 0.679999 0.000018
2 0.700000 0.000009
2 0.719999 0.000005
2 0.740000 0.000002
3 -1.580000 0.000002
3 -1.560000 0.000009
3 -1.540000 0.000039
3 -1.520000 0.000137
3 -1.500000 0.000420
3 -1.480000 0.001099
3 -1.460000 0.002477
3 -1.440001 0.004788
3 -1.420000 0.007817
3 -1.400001 0.011484
3 -1.380000 0.016896
3 -1.360001 0.024177
3 -1.340000 0.033381
3 -1.320001 0.043722
3 -1.300000 0.054207
3 -1.280001 0.063093
3 -1.260000 0.071181
3 -1.240000 0.077470
3 -1.220000 0.081107
3 -1.200000 0.082802
3 -1.180000 0.081629
3 -1.160000 0.077259
3 -1.140000 0.067089
3 -1.120000 0.054216
3 -1.100000 0.041637
3 -1.080000 0.030686
3 -1.060000 0.021874
3 -1.040000 0.014723
3 -1.020000 0.010080
3 -1.000000 0.007025
3 -0.980000 0.005179
3 -0.960000 0.004281
3 -0.940001 0.003092
3 -0.920000 0.001920
3 -0.900001 0.001237
3 -0.880000 0.000741
3 -0.860001 0.000445
3 -0.840000 0.000263
3 -0.820001 0.000147
3 -0.800000 0.000081
3 -0.780001 0.000044
3 -0.760000 0.000023
3 -0.740001 0.000011
3 -0.720000 0.000006
3 -0.700000 0.000002
4 -2.040000 0.000002
4 -2.020000 0.000011
4 -2.000000 0.000051
4 -1.980000 0.000202
4 -1.960000 0.000680
4 -1.940001 0.001929
4 -1.920000 0.004598
4 -1.900001 0.009088
4 -1.880000 0.015731
4 -1.860001 0.026369
4 -1.840000 0.041576
4 -1.820001 0.059894
4 -1.800000 0.078990
4 -1.780001 0.094998
4 -1.760000 0.108009
4 -1.740000 0.115843
4 -1.720000 0.115771
4 -1.700000 0.102438
4 -1.680000 0.081415
4 -1.660000 0.057554
4 -1.640000 0.036617
4 -1.620000 0.021539
4 -1.600000 0.012355
4 -1.580000 0.007040
4 -1.560000 0.003979
4 -1.540000 0.002060
4 -1.520000 0.000838
4 -1.500000 0.000295
4 -1.480000 0.000096
4 -1.460000 0.000026
4 -1.440001 0.000006
4 -1.420000 0.000001
5 -2.340000 0.000002
5 -2.320001 0.000011
5 -2.300000 0.000061
5 -2.280001 0.000273
5 -2.260000 0.001018
5 -2.240000 0.003146
5 -2.220000 0.007998
5 -2.200000 0.017143
5 -2.180000 0.033228
5 -2.160000 0.057107
5 -2.140000 0.087801
5 -2.120000 0.117918
5 -2.100000 0.141084
5 -2.080000 0.149982
5 -2.060000 0.139253
5 -2.040000 0.108250
5 -2.020000 0.069319
5 -2.000000 0.037740
5 -1.980000 0.017757
5 -1.960000 0.007321
5 -1.940001 0.002614
5 -1.920000 0.000826
5 -1.900001 0.000136
5 -1.880000 0.000012
6 -0.620000 0.000002
6 -0.600000 0.000010
6 -0.580000 0.000035
6 -0.560000 0.000099
6 -0.540000 0.000258
6 -0.520000 0.000562
6 -0.500000 0.001129
6 -0.480000 0.002024
6 -0.460000 0.003314
6 -0.440001 0.004731
6 -0.420000 0.006438
6 -0.400001 0.008535
6 -0.380000 0.011117
6 -0.360001 0.014524
6 -0.340000 0.018767
6 -0.320001 0.023718
6 -0.300000 0.029661
6 -0.280001 0.034995
6 -0.260000 0.040750
6 -0.240001 0.046240
6 -0.220000 0.050542
6 -0.200000 0.054933
6 -0.180000 0.057707
6 -0.160000 0.060612
6 -0.140000 0.061136
6 -0.120000 0.061201
6 -0.100000 0.061576
6 -0.080000 0.060150
6 -0.060000 0.055599
6 -0.040000 0.048065
6 -0.020000 0.040227
6 0.000000 0.033275
6 0.020000 0.026905
6 0.040000 0.021370
6 0.059999 0.016039
6 0.080000 0.011795
6 0.099999 0.008818
6 0.120000 0.006408
6 0.139999 0.004991
6 0.160000 0.004181
6 0.179999 0.002962
6 0.200000 0.001864
6 0.219999 0.001174
6 0.240000 0.000687
6 0.259999 0.000398
6 0.280000 0.000230
6 0.300000 0.000123
6 0.320000 0.000063
6 0.340000 0.000033
6 0.360000 0.000015
6 0.380000 0.000007
6 0.400000 0.000003
6 0.420000 0.000001
7 -3.660000 0.000002
7 -3.640000 0.000019
7 -3.620000 0.000118
7 -3.600000 0.000589
7 -3.580000 0.002346
7 -3.560000 0.007570
7 -3.540000 0.019961
7 -3.520000 0.044209
7 -3.500000 0.082572
7 -3.480000 0.129391
7 -3.460000 0.167984
7 -3.440001 0.180050
7 -3.420000 0.160114
7 -3.400001 0.110456
7 -3.380000 0.060123
7 -3.360001 0.025443
7 -3.340000 0.007705
7 -3.320001 0.001240
7 -3.300000 0.000107
8 -4.480000 0.000001
8 -4.460000 0.000013
8 -4.440000 0.000101
8 -4.420000 0.000591
8 -4.400000 0.002711
8 -4.380000 0.009803
8 -4.360000 0.028245
8 -4.340000 0.064783
8 -4.320000 0.117423
8 -4.300000 0.170235
8 -4.280000 0.196829
8 -4.260000 0.178722
8 -4.240000 0.126008
8 -4.220000 0.068596
8 -4.200000 0.027505
8 -4.180000 0.007579
8 -4.160000 0.000850
8 -4.140000 0.000003
9 -4.640000 0.000001
9 -4.620000 0.000011
9 -4.600000 0.000096
9 -4.580000 0.000607
9 -4.560000 0.002968
9 -4.540000 0.011178
9 -4.520000 0.033002
9 -4.500000 0.075643
9 -4.480000 0.134593
9 -4.460000 0.187699
9 -4.440000 0.202610
9 -4.420000 0.170041
9 -4.400000 0.108310
9 -4.380000 0.051806
9 -4.360000 0.017699
9 -4.340000 0.003564
9 -4.320000 0.000169
9 -4.300000 0.000001
10 -4.680000 0.000007
10 -4.660000 0.000060
10 -4.640000 0.000398
10 -4.620000 0.002056
10 -4.600000 0.008184
10 -4.580000 0.025509
10 -4.560000 0.062327
10 -4.540000 0.118043
10 -4.520000 0.175822
10 -4.500000 0.202625
10 -4.480000 0.182841
10 -4.460000 0.125740
10 -4.440000 0.065061
10 -4.420000 0.024779
10 -4.400000 0.006043
10 -4.380000 0.000498
10 -4.360000 0.000008
11 -4.560000 0.000002
11 -4.540000 0.000020
11 -4.520000 0.000145
11 -4.500000 0.000837
11 -4.480000 0.003759
11 -4.460000 0.013199
11 -4.440000 0.036514
11 -4.420000 0.080079
11 -4.400000 0.136756
11 -4.380000 0.185620
11 -4.360000 0.198729
11 -4.340000 0.165489
11 -4.320000 0.106254
11 -4.300000 0.050800
11 -4.280000 0.017939
11 -4.260000 0.003702
11 -4.240000 0.000155
12 -4.700000 0.000003
12 -4.680000 0.000032
12 -4.660000 0.000225
12 -4.640000 0.001225
12 -4.620000 0.005194
12 -4.600000 0.017283
12 -4.580000 0.045366
12 -4.560000 0.093487
12 -4.540000 0.151424
12 -4.520000 0.194301
12 -4.500000 0.195004
12 -4.480000 0.151552
12 -4.460000 0.089680
12 -4.440000 0.040093
12 -4.420000 0.012936
12 -4.400000 0.002124
12 -4.380000 0.000071
13 -4.760000 0.000001
13 -4.740000 0.000013
13 -4.720000 0.000108
13 -4.700000 0.000674
13 -4.680000 0.003213
13 -4.660000 0.011920
13 -4.640000 0.034426
13 -4.620000 0.077852
13 -4.600000 0.135972
13 -4.580000 0.187705
13 -4.560000 0.200355
13 -4.540000 0.167228
13 -4.520000 0.106181
13 -4.500000 0.051066
13 -4.480000 0.018527
13 -4.460000 0.004235
13 -4.440000 0.000487
13 -4.420000 0.000035
13 -4.400000 0.000001
0 -1.980000 0.000004
0 -1.960000 0.000022
0 -1.940001 0.000110
0 -1.920000 0.000522
0 -1.900001 0.001798
0 -1.880000 0.005692
0 -1.860001 0.014587
0 -1.840000 0.030446
0 -1.820001 0.056147
0 -1.800000 0.085735
0 -1.780001 0.119688
0 -1.760000 0.152082
0 -1.740000 0.156268
0 -1.720000 0.140685
0 -1.700000 0.105089
0 -1.680000 0.074002
0 -1.660000 0.037714
0 -1.640000 0.014501
0 -1.620000 0.004486
0 -1.600000 0.000410
0 -1.580000 0.000011
1 -1.460000 0.000002
1 -1.440001 0.000012
1 -1.420000 0.000039
1 -1.400001 0.000158
1 -1.380000 0.000563
1 -1.360001 0.001545
1 -1.340000 0.003761
1 -1.320001 0.007601
1 -1.300000 0.012926
1 -1.280001 0.022822
1 -1.260000 0.032166
1 -1.240000 0.052785
1 -1.220000 0.057873
1 -1.200000 0.077226
1 -1.180000 0.088232
1 -1.160000 0.095892
1 -1.140000 0.099850
1 -1.120000 0.095802
1 -1.100000 0.090585
1 -1.080000 0.072270
1 -1.060000 0.056691
1 -1.040000 0.042062
1 -1.020000 0.029877
1 -1.000000 0.020381
1 -0.980000 0.015764
1 -0.960000 0.010060
1 -0.940001 0.006256
1 -0.920000 0.003370
1 -0.900001 0.001834
1 -0.880000 0.000888
1 -0.860001 0.000430
1 -0.840000 0.000178
1 -0.820001 0.000071
1 -0.800000 0.000023
1 -0.780001 0.000004
2 -0.160000 0.000003
2 -0.140000 0.000012
2 -0.120000 0.000015
2 -0.100000 0.000081
2 -0.080000 0.000285
2 -0.060000 0.000847
2 -0.040000 0.001674
2 -0.020000 0.003194
2 0.000000 0.004519
2 0.020000 0.007735
2 0.040000 0.012600
2 0.059999 0.018525
2 0.080000 0.022413
2 0.099999 0.030294
2 0.120000 0.036696
2 0.139999 0.046238
2 0.160000 0.049414
2 0.179999 0.056611
2 0.200000 0.063988
2 0.219999 0.066320
2 0.240000 0.070083
2 0.259999 0.069306
2 0.280000 0.068441
2 0.300000 0.062990
2 0.320000 0.056086
2 0.340000 0.052452
2 0.360000 0.041587
2 0.380000 0.034857
2 0.400000 0.027943
2 0.420000 0.021187
2 0.440000 0.017600
2 0.460000 0.015165
2 0.480000 0.011920
2 0.500000 0.008902
2 0.520000 0.006356
2 0.540000 0.004765
2 0.559999 0.003037
2 0.580000 0.002090
2 0.599999 0.001470
2 0.620000 0.000852
2 0.639999 0.000622
2 0.660000 0.000368
2 0.679999 0.000216
2 0.700000 0.000117
2 0.719999 0.000069
2 0.740000 0.000034
2 0.759999 0.000017
2 0.780000 0.000004
3 -1.480000 0.000001
3 -1.460000 0.000005
3 -1.440001 0.000024
3 -1.420000 0.000099
3 -1.400001 0.000289
3 -1.380000 0.000901
3 -1.360001 0.002361
3 -1.340000 0.004627
3 -1.320001 0.007622
3 -1.300000 0.014730
3 -1.280001 0.021544
3 -1.260000 0.028520
3 -1.240000 0.042778
3 -1.220000 0.051542
3 -1.200000 0.064103
3 -1.180000 0.070295
3 -1.160000 0.082247
3 -1.140000 0.086408
3 -1.120000 0.085988
3 -1.100000 0.083851
3 -1.080000 0.074059
3 -1.060000 0.066913
3 -1.040000 0.053201
3 -1.020000 0.040399
3 -1.000000 0.030853
3 -0.980000 0.022782
3 -0.960000 0.017480
3 -0.940001 0.014355
3 -0.920000 0.010407
3 -0.900001 0.007696
3 -0.880000 0.005055
3 -0.860001 0.003451
3 -0.840000 0.002113
3 -0.820001 0.001375
3 -0.800000 0.000830
3 -0.780001 0.000518
3 -0.760000 0.000269
3 -0.740001 0.000168
3 -0.720000 0.000085
3 -0.700000 0.000039
3 -0.680000 0.000018
3 -0.660000 0.000005
4 -1.960000 0.000003
4 -1.940001 0.000022
4 -1.920000 0.000072
4 -1.900001 0.000293
4 -1.880000 0.001004
4 -1.860001 0.003032
4 -1.840000 0.006172
4 -1.820001 0.014640
4 -1.800000 0.024470
4 -1.780001 0.038345
4 -1.760000 0.058946
4 -1.740000 0.077280
4 -1.720000 0.098163
4 -1.700000 0.112246
4 -1.680000 0.116802
4 -1.660000 0.116808
4 -1.640000 0.100963
4 -1.620000 0.080251
4 -1.600000 0.058261
4 -1.580000 0.039093
4 -1.560000 0.022935
4 -1.540000 0.015356
4 -1.520000 0.008770
4 -1.500000 0.003829
4 -1.480000 0.001536
4 -1.460000 0.000515
4 -1.440001 0.000155
4 -1.420000 0.000035
4 -1.400001 0.000004
5 -2.280001 0.000004
5 -2.260000 0.000022
5 -2.240000 0.000127
5 -2.220000 0.000483
5 -2.200000 0.001760
5 -2.180000 0.005554
5 -2.160000 0.012986
5 -2.140000 0.027945
5 -2.120000 0.047113
5 -2.100000 0.077981
5 -2.080000 0.107148
5 -2.060000 0.135302
5 -2.040000 0.147467
5 -2.020000 0.142680
5 -2.000000 0.115800
5 -1.980000 0.084703
5 -1.960000 0.053825
5 -1.940001 0.023370
5 -1.920000 0.012208
5 -1.900001 0.003106
5 -1.880000 0.000391
5 -1.860001 0.000024
6 -0.460000 0.000003
6 -0.440001 0.000011
6 -0.420000 0.000008
6 -0.400001 0.000069
6 -0.380000 0.000265
6 -0.360001 0.000578
6 -0.340000 0.001519
6 -0.320001 0.002579
6 -0.300000 0.004004
6 -0.280001 0.006603
6 -0.260000 0.011638
6 -0.240001 0.014671
6 -0.220000 0.020395
6 -0.200000 0.025576
6 -0.180000 0.032432
6 -0.160000 0.041112
6 -0.140000 0.046104
6 -0.120000 0.052578
6 -0.100000 0.060130
6 -0.080000 0.061178
6 -0.060000 0.068027
6 -0.040000 0.068724
6 -0.020000 0.068114
6 0.000000 0.064160
6 0.020000 0.059301
6 0.040000 0.054805
6 0.059999 0.049332
6 0.080000 0.042426
6 0.099999 0.034088
6 0.120000 0.026634
6 0.139999 0.021932
6 0.160000 0.017382
6 0.179999 0.013606
6 0.200000 0.010113
6 0.219999 0.007311
6 0.240000 0.004918
6 0.259999 0.002988
6 0.280000 0.002058
6 0.300000 0.001159
6 0.320000 0.000690
6 0.340000 0.000389
6 0.360000 0.000211
6 0.380000 0.000100
6 0.400000 0.000050
6 0.420000 0.000021
6 0.440000 0.000006
7 -3.620000 0.000006
7 -3.600000 0.000039
7 -3.580000 0.000222
7 -3.560000 0.000930
7 -3.540000 0.003606
7 -3.520000 0.010616
7 -3.500000 0.026909
7 -3.480000 0.050985
7 -3.460000 0.090580
7 -3.440001 0.127169
7 -3.420000 0.170464
7 -3.400001 0.175833
7 -3.380000 0.145220
7 -3.360001 0.105656
7 -3.340000 0.067022
7 -3.320001 0.021533
7 -3.300000 0.003209
8 -4.440000 0.000007
8 -4.420000 0.000061
8 -4.400000 0.000338
8 -4.380000 0.001508
8 -4.360000 0.005837
8 -4.340000 0.018337
8 -4.320000 0.042118
8 -4.300000 0.081344
8 -4.280000 0.132103
8 -4.260000 0.166858
8 -4.240000 0.195640
8 -4.220000 0.161406
8 -4.200000 0.111954
8 -4.180000 0.066280
8 -4.160000 0.016144
8 -4.140000 0.000064
9 -4.620000 0.000001
9 -4.600000 0.000012
9 -4.580000 0.000095
9 -4.560000 0.000536
9 -4.540000 0.002568
9 -4.520000 0.008912
9 -4.500000 0.026159
9 -4.480000 0.058045
9 -4.460000 0.106950
9 -4.440000 0.155082
9 -4.420000 0.193318
9 -4.400000 0.186553
9 -4.380000 0.139049
9 -4.360000 0.085537
9 -4.340000 0.035384
9 -4.320000 0.001794
9 -4.300000 0.000005
10 -4.660000 0.000008
10 -4.640000 0.000066
10 -4.620000 0.000362
10 -4.600000 0.001918
10 -4.580000 0.006634
10 -4.560000 0.020733
10 -4.540000 0.050845
10 -4.520000 0.090656
10 -4.500000 0.144832
10 -4.480000 0.184229
10 -4.460000 0.194310
10 -4.440000 0.153440
10 -4.420000 0.096793
10 -4.400000 0.049516
10 -4.380000 0.005611
10 -4.360000 0.000047
11 -4.540000 0.000001
11 -4.520000 0.000013
11 -4.500000 0.000095
11 -4.480000 0.000555
11 -4.460000 0.002550
11 -4.440000 0.008377
11 -4.420000 0.024958
11 -4.400000 0.055946
11 -4.380000 0.100006
11 -4.360000 0.149083
11 -4.340000 0.188138
11 -4.320000 0.192658
11 -4.300000 0.139769
11 -4.280000 0.090926
11 -4.260000 0.043826
11 -4.240000 0.003093
11 -4.220000 0.000003
12 -4.680000 0.000003
12 -4.660000 0.000024
12 -4.640000 0.000160
12 -4.620000 0.000853
12 -4.600000 0.003537
12 -4.580000 0.011387
12 -4.560000 0.033220
12 -4.540000 0.065463
12 -4.520000 0.117423
12 -4.500000 0.160849
12 -4.480000 0.194781
12 -4.460000 0.175769
12 -4.440000 0.126674
12 -4.420000 0.079707
12 -4.400000 0.028359
12 -4.380000 0.001791
12 -4.360000 0.000001
13 -4.740000 0.000001
13 -4.720000 0.000014
13 -4.700000 0.000101
13 -4.680000 0.000570
13 -4.660000 0.002755
13 -4.640000 0.009046
13 -4.620000 0.026985
13 -4.600000 0.059177
13 -4.580000 0.104592
13 -4.560000 0.150824
13 -4.540000 0.189875
13 -4.520000 0.185201
13 -4.500000 0.131780
13 -4.480000 0.089346
13 -4.460000 0.039839
13 -4.440000 0.008781
13 -4.420000 0.001059
13 -4.400000 0.000054
0 -1.960000 0.000003
0 -1.940001 0.000017
0 -1.920000 0.000088
0 -1.900001 0.000340
0 -1.880000 0.001221
0 -1.860001 0.003626
0 -1.840000 0.008866
0 -1.820001 0.019677
0 -1.800000 0.036427
0 -1.780001 0.062940
0 -1.760000 0.100836
0 -1.740000 0.132685
0 -1.720000 0.155122
0 -1.700000 0.153167
0 -1.680000 0.145095
0 -1.660000 0.099602
0 -1.640000 0.054333
0 -1.620000 0.022915
0 -1.600000 0.002930
0 -1.580000 0.000112
1 -1.440001 0.000002
1 -1.420000 0.000006
1 -1.400001 0.000026
1 -1.380000 0.000102
1 -1.360001 0.000304
1 -1.340000 0.000831
1 -1.320001 0.001884
1 -1.300000 0.003535
1 -1.280001 0.007113
1 -1.260000 0.011529
1 -1.240000 0.021210
1 -1.220000 0.027090
1 -1.200000 0.041342
1 -1.180000 0.054319
1 -1.160000 0.067980
1 -1.140000 0.083054
1 -1.120000 0.091592
1 -1.100000 0.102597
1 -1.080000 0.094416
1 -1.060000 0.086693
1 -1.040000 0.073293
1 -1.020000 0.059281
1 -1.000000 0.045174
1 -0.980000 0.042717
1 -0.960000 0.031575
1 -0.940001 0.022200
1 -0.920000 0.013247
1 -0.900001 0.008248
1 -0.880000 0.004367
1 -0.860001 0.002409
1 -0.840000 0.001115
1 -0.820001 0.000508
1 -0.800000 0.000199
1 -0.780001 0.000041
2 -0.140000 0.000002
2 -0.120000 0.000002
2 -0.100000 0.000013
2 -0.080000 0.000051
2 -0.060000 0.000173
2 -0.040000 0.000370
2 -0.020000 0.000767
2 0.000000 0.001162
2 0.020000 0.002242
2 0.040000 0.003977
2 0.059999 0.006481
2 0.080000 0.008510
2 0.099999 0.012527
2 0.120000 0.016686
2 0.139999 0.023193
2 0.160000 0.027231
2 0.179999 0.033740
2 0.200000 0.042275
2 0.219999 0.048650
2 0.240000 0.056095
2 0.259999 0.061264
2 0.280000 0.066079
2 0.300000 0.066541
2 0.320000 0.064438
2 0.340000 0.068208
2 0.360000 0.058216
2 0.380000 0.054487
2 0.400000 0.046901
2 0.420000 0.037609
2 0.440000 0.034352
2 0.460000 0.034518
2 0.480000 0.030419
2 0.500000 0.023858
2 0.520000 0.018564
2 0.540000 0.015446
2 0.559999 0.010449
2 0.580000 0.007665
2 0.599999 0.005879
2 0.620000 0.003572
2 0.639999 0.002836
2 0.660000 0.001862
2 0.679999 0.001165
2 0.700000 0.000664
2 0.719999 0.000441
2 0.740000 0.000238
2 0.759999 0.000141
2 0.780000 0.000042
3 -1.440001 0.000004
3 -1.420000 0.000016
3 -1.400001 0.000049
3 -1.380000 0.000174
3 -1.360001 0.000510
3 -1.340000 0.001091
3 -1.320001 0.001979
3 -1.300000 0.004342
3 -1.280001 0.007024
3 -1.260000 0.010579
3 -1.240000 0.017634
3 -1.220000 0.023638
3 -1.200000 0.033767
3 -1.180000 0.041731
3 -1.160000 0.054885
3 -1.140000 0.065176
3 -1.120000 0.074461
3 -1.100000 0.082726
3 -1.080000 0.081517
3 -1.060000 0.084303
3 -1.040000 0.076464
3 -1.020000 0.064679
3 -1.000000 0.054196
3 -0.980000 0.043619
3 -0.960000 0.036736
3 -0.940001 0.035628
3 -0.920000 0.028082
3 -0.900001 0.022834
3 -0.880000 0.016607
3 -0.860001 0.012117
3 -0.840000 0.008116
3 -0.820001 0.005664
3 -0.800000 0.003709
3 -0.780001 0.002571
3 -0.760000 0.001401
3 -0.740001 0.000968
3 -0.720000 0.000533
3 -0.700000 0.000278
3 -0.680000 0.000141
3 -0.660000 0.000048
3 -0.640000 0.000003
4 -1.940001 0.000003
4 -1.920000 0.000011
4 -1.900001 0.000049
4 -1.880000 0.000184
4 -1.860001 0.000625
4 -1.840000 0.001427
4 -1.820001 0.003821
4 -1.800000 0.007326
4 -1.780001 0.013331
4 -1.760000 0.023660
4 -1.740000 0.036462
4 -1.720000 0.055076
4 -1.700000 0.074374
4 -1.680000 0.093218
4 -1.660000 0.112929
4 -1.640000 0.117674
4 -1.620000 0.114110
4 -1.600000 0.100861
4 -1.580000 0.080650
4 -1.560000 0.055667
4 -1.540000 0.046807
4 -1.520000 0.032635
4 -1.500000 0.016724
4 -1.480000 0.007859
4 -1.460000 0.003088
4 -1.440001 0.001094
4 -1.420000 0.000296
4 -1.400001 0.000037
5 -2.260000 0.000003
5 -2.240000 0.000020
5 -2.220000 0.000082
5 -2.200000 0.000332
5 -2.180000 0.001190
5 -2.160000 0.003203
5 -2.140000 0.008011
5 -2.120000 0.016055
5 -2.100000 0.031865
5 -2.080000 0.053546
5 -2.060000 0.083903
5 -2.040000 0.114716
5 -2.020000 0.141318
5 -2.000000 0.148119
5 -1.980000 0.142510
5 -1.960000 0.119337
5 -1.940001 0.067785
5 -1.920000 0.048535
5 -1.900001 0.016480
5 -1.880000 0.002761
5 -1.860001 0.000224
5 -1.840000 0.000003
6 -0.440001 0.000002
6 -0.420000 0.000001
6 -0.400001 0.000011
6 -0.380000 0.000048
6 -0.360001 0.000113
6 -0.340000 0.000332
6 -0.320001 0.000615
6 -0.300000 0.001011
6 -0.280001 0.001899
6 -0.260000 0.003618
6 -0.240001 0.004996
6 -0.220000 0.007549
6 -0.200000 0.010344
6 -0.180000 0.014126
6 -0.160000 0.019507
6 -0.140000 0.024232
6 -0.120000 0.030197
6 -0.100000 0.038030
6 -0.080000 0.042360
6 -0.060000 0.051053
6 -0.040000 0.057201
6 -0.020000 0.061868
6 0.000000 0.064220
6 0.020000 0.064679
6 0.040000 0.064790
6 0.059999 0.064383
6 0.080000 0.060981
6 0.099999 0.053881
6 0.120000 0.045974
6 0.139999 0.041914
6 0.160000 0.036803
6 0.179999 0.034526
6 0.200000 0.027906
6 0.219999 0.022513
6 0.240000 0.016482
6 0.259999 0.010850
6 0.280000 0.008251
6 0.300000 0.005066
6 0.320000 0.003241
6 0.340000 0.002022
6 0.360000 0.001211
6 0.380000 0.000615
6 0.400000 0.000352
6 0.420000 0.000167
6 0.440000 0.000054
6 0.460000 0.000006
7 -3.600000 0.000006
7 -3.580000 0.000036
7 -3.560000 0.000166
7 -3.540000 0.000736
7 -3.520000 0.002511
7 -3.500000 0.007536
7 -3.480000 0.017328
7 -3.460000 0.037912
7 -3.440001 0.067082
7 -3.420000 0.115989
7 -3.400001 0.156540
7 -3.380000 0.174122
7 -3.360001 0.174334
7 -3.340000 0.154054
7 -3.320001 0.074921
7 -3.300000 0.016726
8 -4.440000 0.000001
8 -4.420000 0.000009
8 -4.400000 0.000057
8 -4.380000 0.000290
8 -4.360000 0.001297
8 -4.340000 0.004848
8 -4.320000 0.013601
8 -4.300000 0.032678
8 -4.280000 0.067143
8 -4.260000 0.112010
8 -4.240000 0.170624
8 -4.220000 0.192566
8 -4.200000 0.189325
8 -4.180000 0.157889
8 -4.160000 0.057426
8 -4.140000 0.000235
9 -4.600000 0.000002
9 -4.580000 0.000015
9 -4.560000 0.000098
9 -4.540000 0.000541
9 -4.520000 0.002210
9 -4.500000 0.007843
9 -4.480000 0.021456
9 -4.460000 0.049807
9 -4.440000 0.093135
9 -4.420000 0.151354
9 -4.400000 0.195795
9 -4.380000 0.202286
9 -4.360000 0.175288
9 -4.340000 0.095777
9 -4.320000 0.004377
9 -4.300000 0.000014
10 -4.660000 0.000001
10 -4.640000 0.000011
10 -4.620000 0.000065
10 -4.600000 0.000393
10 -4.580000 0.001594
10 -4.560000 0.005953
10 -4.540000 0.018037
10 -4.520000 0.040252
10 -4.500000 0.081730
10 -4.480000 0.135875
10 -4.460000 0.189150
10 -4.440000 0.204791
10 -4.420000 0.181828
10 -4.400000 0.125466
10 -4.380000 0.014765
10 -4.360000 0.000089
11 -4.520000 0.000002
11 -4.500000 0.000015
11 -4.480000 0.000099
11 -4.460000 0.000521
11 -4.440000 0.002007
11 -4.420000 0.007174
11 -4.400000 0.019710
11 -4.380000 0.044543
11 -4.360000 0.085104
11 -4.340000 0.141022
11 -4.320000 0.193142
11 -4.300000 0.195743
11 -4.280000 0.178660
11 -4.260000 0.120127
11 -4.240000 0.012123
11 -4.220000 0.000007
12 -4.660000 0.000004
12 -4.640000 0.000026
12 -4.620000 0.000158
12 -4.600000 0.000762
12 -4.580000 0.002873
12 -4.560000 0.010133
12 -4.540000 0.024815
12 -4.520000 0.055945
12 -4.500000 0.099243
12 -4.480000 0.157588
12 -4.460000 0.190019
12 -4.440000 0.190943
12 -4.420000 0.171246
12 -4.400000 0.086881
12 -4.380000 0.009362
12 -4.360000 0.000003
13 -4.720000 0.000002
13 -4.700000 0.000016
13 -4.680000 0.000104
13 -4.660000 0.000579
13 -4.640000 0.002225
13 -4.620000 0.007989
13 -4.600000 0.021467
13 -4.580000 0.047526
13 -4.560000 0.087678
13 -4.540000 0.144230
13 -4.520000 0.185730
13 -4.500000 0.181001
13 -4.480000 0.171836
13 -4.460000 0.105160
13 -4.440000 0.037303
13 -4.420000 0.006673
13 -4.400000 0.000476
13 -4.380000 0.000003
