#logTeff PDF
3.571 3.8024e-08
3.572 2.91149e-07
3.573 1.5765e-06
3.574 6.75634e-06
3.575 2.37041e-05
3.576 7.04093e-05
3.577 0.000188404
3.578 0.000450751
3.579 0.0010152
3.58 0.00209588
3.581 0.00405804
3.582 0.00741416
3.583 0.0127666
3.584 0.0203944
3.585 0.0306407
3.586 0.043714
3.587 0.0583222
3.588 0.0724231
3.589 0.0838893
3.59 0.093037
3.591 0.0964718
3.592 0.0950564
3.593 0.0879395
3.594 0.0769365
3.595 0.0633149
3.596 0.0492741
3.597 0.0363275
3.598 0.0253824
3.599 0.0165421
3.6 0.0103397
3.601 0.00611182
3.602 0.00341598
3.603 0.00180166
3.604 0.000573139
