#logTeff PDF
3.574 1.5364e-05
3.575 5.60561e-05
3.576 0.000144719
3.577 0.000349648
3.578 0.000784174
3.579 0.00165679
3.58 0.00325725
3.581 0.00598175
3.582 0.0103603
3.583 0.0169576
3.584 0.0260272
3.585 0.0373279
3.586 0.0506722
3.587 0.064989
3.588 0.0776727
3.589 0.0873161
3.59 0.0939107
3.591 0.0952479
3.592 0.0914404
3.593 0.0825131
3.594 0.0708861
3.595 0.057068
3.596 0.0428538
3.597 0.0308436
3.598 0.021065
3.599 0.0132265
3.6 0.00802031
3.601 0.00461846
3.602 0.00249908
3.603 0.00125328
3.604 0.000587039
3.605 0.000258295
3.606 0.000105157
3.607 3.45703e-05
