#logTeff PDF
3.572 1.56157e-09
3.573 1.02069e-07
3.574 9.69852e-07
3.575 5.76693e-06
3.576 2.47337e-05
3.577 8.48935e-05
3.578 0.000249371
3.579 0.000627884
3.58 0.00140823
3.581 0.00287265
3.582 0.00544146
3.583 0.00972637
3.584 0.0160907
3.585 0.0254103
3.586 0.037437
3.587 0.0517681
3.588 0.0663432
3.589 0.0797211
3.59 0.0901141
3.591 0.096828
3.592 0.098197
3.593 0.0926261
3.594 0.0834791
3.595 0.0702174
3.596 0.0559782
3.597 0.0425312
3.598 0.0301879
3.599 0.0200793
3.6 0.0128241
3.601 0.00772806
3.602 0.00199677
