#fil mag PDF
0 -2.100000 0.000003
0 -2.080000 0.000018
0 -2.060000 0.000088
0 -2.040000 0.000365
0 -2.020000 0.001270
0 -2.000000 0.003770
0 -1.980000 0.009503
0 -1.960000 0.020970
0 -1.940001 0.040683
0 -1.920000 0.070166
0 -1.900001 0.103647
0 -1.880000 0.133002
0 -1.860001 0.149715
0 -1.840000 0.147892
0 -1.820001 0.123650
0 -1.800000 0.089044
0 -1.780001 0.055521
0 -1.760000 0.029894
0 -1.740000 0.013360
0 -1.720000 0.005151
0 -1.700000 0.001691
0 -1.680000 0.000466
0 -1.660000 0.000110
0 -1.640000 0.000021
0 -1.620000 0.000003
1 -1.680000 0.000005
1 -1.660000 0.000022
1 -1.640000 0.000088
1 -1.620000 0.000284
1 -1.600000 0.000785
1 -1.580000 0.001874
1 -1.560000 0.003943
1 -1.540000 0.007516
1 -1.520000 0.013195
1 -1.500000 0.021506
1 -1.480000 0.033048
1 -1.460000 0.047660
1 -1.440001 0.064514
1 -1.420000 0.081087
1 -1.400001 0.094827
1 -1.380000 0.103449
1 -1.360001 0.105494
1 -1.340000 0.099349
1 -1.320001 0.088175
1 -1.300000 0.072334
1 -1.280001 0.055697
1 -1.260000 0.039939
1 -1.240000 0.027316
1 -1.220000 0.017107
1 -1.200000 0.010118
1 -1.180000 0.005555
1 -1.160000 0.002810
1 -1.140000 0.001345
1 -1.120000 0.000595
1 -1.100000 0.000242
1 -1.080000 0.000087
1 -1.060000 0.000026
1 -1.040000 0.000006
2 -0.540000 0.000001
2 -0.520000 0.000007
2 -0.500000 0.000028
2 -0.480000 0.000089
2 -0.460000 0.000240
2 -0.440001 0.000557
2 -0.420000 0.001122
2 -0.400001 0.002021
2 -0.380000 0.003345
2 -0.360001 0.005209
2 -0.340000 0.007780
2 -0.320001 0.011165
2 -0.300000 0.015462
2 -0.280001 0.020946
2 -0.260000 0.027371
2 -0.240001 0.034529
2 -0.220000 0.042473
2 -0.200000 0.050439
2 -0.180000 0.058362
2 -0.160000 0.065092
2 -0.140000 0.069872
2 -0.120000 0.072094
2 -0.100000 0.072333
2 -0.080000 0.069067
2 -0.060000 0.064981
2 -0.040000 0.058767
2 -0.020000 0.051436
2 0.000000 0.044766
2 0.020000 0.037184
2 0.040000 0.029974
2 0.059999 0.023733
2 0.080000 0.018157
2 0.099999 0.013451
2 0.120000 0.009589
2 0.139999 0.006654
2 0.160000 0.004457
2 0.179999 0.002909
2 0.200000 0.001814
2 0.219999 0.001113
2 0.240000 0.000657
2 0.259999 0.000375
2 0.280000 0.000199
2 0.300000 0.000103
2 0.320000 0.000048
2 0.340000 0.000019
2 0.360000 0.000006
3 -1.720000 0.000004
3 -1.700000 0.000017
3 -1.680000 0.000069
3 -1.660000 0.000224
3 -1.640000 0.000623
3 -1.620000 0.001476
3 -1.600000 0.003092
3 -1.580000 0.005848
3 -1.560000 0.010203
3 -1.540000 0.016610
3 -1.520000 0.025506
3 -1.500000 0.037073
3 -1.480000 0.051013
3 -1.460000 0.065963
3 -1.440001 0.079998
3 -1.420000 0.091556
3 -1.400001 0.097078
3 -1.380000 0.096787
3 -1.360001 0.091761
3 -1.340000 0.080768
3 -1.320001 0.068027
3 -1.300000 0.054193
3 -1.280001 0.040676
3 -1.260000 0.029521
3 -1.240000 0.020408
3 -1.220000 0.013228
3 -1.200000 0.008171
3 -1.180000 0.004772
3 -1.160000 0.002659
3 -1.140000 0.001404
3 -1.120000 0.000708
3 -1.100000 0.000336
3 -1.080000 0.000147
3 -1.060000 0.000057
3 -1.040000 0.000019
3 -1.020000 0.000004
4 -2.140000 0.000005
4 -2.120000 0.000023
4 -2.100000 0.000098
4 -2.080000 0.000338
4 -2.060000 0.000994
4 -2.040000 0.002515
4 -2.020000 0.005614
4 -2.000000 0.011199
4 -1.980000 0.020407
4 -1.960000 0.033971
4 -1.940001 0.052718
4 -1.920000 0.074292
4 -1.900001 0.095851
4 -1.880000 0.112666
4 -1.860001 0.120637
4 -1.840000 0.119284
4 -1.820001 0.106184
4 -1.800000 0.085454
4 -1.780001 0.062962
4 -1.760000 0.042283
4 -1.740000 0.025837
4 -1.720000 0.014363
4 -1.700000 0.007126
4 -1.680000 0.003193
4 -1.660000 0.001302
4 -1.640000 0.000478
4 -1.620000 0.000153
4 -1.600000 0.000042
4 -1.580000 0.000009
4 -1.560000 0.000001
5 -2.420000 0.000002
5 -2.400001 0.000012
5 -2.380000 0.000058
5 -2.360001 0.000238
5 -2.340000 0.000820
5 -2.320001 0.002415
5 -2.300000 0.006135
5 -2.280001 0.013586
5 -2.260000 0.026948
5 -2.240000 0.047823
5 -2.220000 0.076062
5 -2.200000 0.105880
5 -2.180000 0.130687
5 -2.160000 0.143485
5 -2.140000 0.139624
5 -2.120000 0.116538
5 -2.100000 0.084969
5 -2.080000 0.053652
5 -2.060000 0.029379
5 -2.040000 0.013718
5 -2.020000 0.005428
5 -2.000000 0.001841
5 -1.980000 0.000536
5 -1.960000 0.000131
5 -1.940001 0.000026
5 -1.920000 0.000004
6 -0.860001 0.000003
6 -0.840000 0.000013
6 -0.820001 0.000042
6 -0.800000 0.000122
6 -0.780001 0.000295
6 -0.760000 0.000630
6 -0.740001 0.001188
6 -0.720000 0.002048
6 -0.700000 0.003286
6 -0.680000 0.004952
6 -0.660000 0.007242
6 -0.640000 0.010211
6 -0.620000 0.013904
6 -0.600000 0.018525
6 -0.580000 0.024035
6 -0.560000 0.030246
6 -0.540000 0.037119
6 -0.520000 0.044282
6 -0.500000 0.051116
6 -0.480000 0.058202
6 -0.460000 0.063216
6 -0.440001 0.066539
6 -0.420000 0.068356
6 -0.400001 0.067844
6 -0.380000 0.064473
6 -0.360001 0.060655
6 -0.340000 0.055677
6 -0.320001 0.048680
6 -0.300000 0.042883
6 -0.280001 0.036195
6 -0.260000 0.029521
6 -0.240001 0.023795
6 -0.220000 0.018684
6 -0.200000 0.014039
6 -0.180000 0.010397
6 -0.160000 0.007407
6 -0.140000 0.005126
6 -0.120000 0.003434
6 -0.100000 0.002249
6 -0.080000 0.001401
6 -0.060000 0.000869
6 -0.040000 0.000519
6 -0.020000 0.000290
6 0.000000 0.000156
6 0.020000 0.000081
6 0.040000 0.000036
6 0.059999 0.000014
6 0.080000 0.000004
7 -3.700000 0.000005
7 -3.680000 0.000033
7 -3.660000 0.000170
7 -3.640000 0.000725
7 -3.620000 0.002580
7 -3.600000 0.007699
7 -3.580000 0.019354
7 -3.560000 0.041603
7 -3.540000 0.076771
7 -3.520000 0.118161
7 -3.500000 0.153671
7 -3.480000 0.168646
7 -3.460000 0.156034
7 -3.440001 0.117806
7 -3.420000 0.073721
7 -3.400001 0.038677
7 -3.380000 0.016479
7 -3.360001 0.005737
7 -3.340000 0.001645
7 -3.320001 0.000394
7 -3.300000 0.000075
7 -3.280000 0.000012
7 -3.260000 0.000002
8 -4.500000 0.000002
8 -4.480000 0.000018
8 -4.460000 0.000122
8 -4.440000 0.000669
8 -4.420000 0.002885
8 -4.400000 0.009939
8 -4.380000 0.027441
8 -4.360000 0.061518
8 -4.340000 0.109667
8 -4.320000 0.156104
8 -4.300000 0.182335
8 -4.280000 0.171719
8 -4.260000 0.130964
8 -4.240000 0.081096
8 -4.220000 0.040740
8 -4.200000 0.017060
8 -4.180000 0.005659
8 -4.160000 0.001617
8 -4.140000 0.000362
8 -4.120000 0.000070
8 -4.100000 0.000011
8 -4.080000 0.000001
9 -4.640000 0.000003
9 -4.620000 0.000025
9 -4.600000 0.000180
9 -4.580000 0.000994
9 -4.560000 0.004293
9 -4.540000 0.014456
9 -4.520000 0.038518
9 -4.500000 0.081226
9 -4.480000 0.135262
9 -4.460000 0.177644
9 -4.440000 0.186527
9 -4.420000 0.158392
9 -4.400000 0.106629
9 -4.380000 0.057883
9 -4.360000 0.025444
9 -4.340000 0.009098
9 -4.320000 0.002652
9 -4.300000 0.000628
9 -4.280000 0.000123
9 -4.260000 0.000020
9 -4.240000 0.000003
10 -4.700000 0.000001
10 -4.680000 0.000014
10 -4.660000 0.000104
10 -4.640000 0.000617
10 -4.620000 0.002847
10 -4.600000 0.010278
10 -4.580000 0.029403
10 -4.560000 0.066407
10 -4.540000 0.118425
10 -4.520000 0.167550
10 -4.500000 0.188783
10 -4.480000 0.170453
10 -4.460000 0.122890
10 -4.440000 0.071177
10 -4.420000 0.033309
10 -4.400000 0.012643
10 -4.380000 0.003888
10 -4.360000 0.000971
10 -4.340000 0.000200
10 -4.320000 0.000034
10 -4.300000 0.000005
11 -4.580000 0.000002
11 -4.560000 0.000015
11 -4.540000 0.000106
11 -4.520000 0.000609
11 -4.500000 0.002747
11 -4.480000 0.009733
11 -4.460000 0.027532
11 -4.440000 0.062338
11 -4.420000 0.111976
11 -4.400000 0.160012
11 -4.380000 0.184979
11 -4.360000 0.171615
11 -4.340000 0.129374
11 -4.320000 0.078162
11 -4.300000 0.038512
11 -4.280000 0.015476
11 -4.260000 0.005071
11 -4.240000 0.001372
11 -4.220000 0.000304
11 -4.200000 0.000056
11 -4.180000 0.000008
11 -4.160000 0.000001
12 -4.720000 0.000002
12 -4.700000 0.000017
12 -4.680000 0.000125
12 -4.660000 0.000708
12 -4.640000 0.003147
12 -4.620000 0.010965
12 -4.600000 0.030495
12 -4.580000 0.067467
12 -4.560000 0.118333
12 -4.540000 0.165486
12 -4.520000 0.185819
12 -4.500000 0.168444
12 -4.480000 0.122927
12 -4.460000 0.072299
12 -4.440000 0.034566
12 -4.420000 0.013474
12 -4.400000 0.004312
12 -4.380000 0.001123
12 -4.360000 0.000240
12 -4.340000 0.000043
12 -4.320000 0.000006
13 -4.760000 0.000003
13 -4.740000 0.000027
13 -4.720000 0.000195
13 -4.700000 0.001081
13 -4.680000 0.004635
13 -4.660000 0.015546
13 -4.640000 0.041042
13 -4.620000 0.085104
13 -4.600000 0.139209
13 -4.580000 0.180162
13 -4.560000 0.186798
13 -4.540000 0.154361
13 -4.520000 0.102372
13 -4.500000 0.054577
13 -4.480000 0.023542
13 -4.460000 0.008285
13 -4.440000 0.002375
13 -4.420000 0.000558
13 -4.400000 0.000107
13 -4.380000 0.000017
13 -4.360000 0.000002
0 -2.100000 0.000007
0 -2.080000 0.000040
0 -2.060000 0.000195
0 -2.040000 0.000763
0 -2.020000 0.002494
0 -2.000000 0.006815
0 -1.980000 0.015785
0 -1.960000 0.031579
0 -1.940001 0.055017
0 -1.920000 0.083646
0 -1.900001 0.111599
0 -1.880000 0.132006
0 -1.860001 0.138354
0 -1.840000 0.129250
0 -1.820001 0.106120
0 -1.800000 0.077905
0 -1.780001 0.051043
0 -1.760000 0.029832
0 -1.740000 0.015619
0 -1.720000 0.007316
0 -1.700000 0.003022
0 -1.680000 0.001126
0 -1.660000 0.000350
0 -1.640000 0.000092
0 -1.620000 0.000020
0 -1.600000 0.000003
1 -1.700000 0.000002
1 -1.680000 0.000012
1 -1.660000 0.000058
1 -1.640000 0.000224
1 -1.620000 0.000708
1 -1.600000 0.001912
1 -1.580000 0.004348
1 -1.560000 0.008623
1 -1.540000 0.015414
1 -1.520000 0.025150
1 -1.500000 0.037519
1 -1.480000 0.052270
1 -1.460000 0.067140
1 -1.440001 0.081306
1 -1.420000 0.092151
1 -1.400001 0.098178
1 -1.380000 0.098616
1 -1.360001 0.092640
1 -1.340000 0.081292
1 -1.320001 0.068235
1 -1.300000 0.053869
1 -1.280001 0.040474
1 -1.260000 0.029207
1 -1.240000 0.019841
1 -1.220000 0.012904
1 -1.200000 0.008106
1 -1.180000 0.004721
1 -1.160000 0.002600
1 -1.140000 0.001352
1 -1.120000 0.000656
1 -1.100000 0.000291
1 -1.080000 0.000119
1 -1.060000 0.000043
1 -1.040000 0.000013
1 -1.020000 0.000003
2 -0.540000 0.000003
2 -0.520000 0.000015
2 -0.500000 0.000061
2 -0.480000 0.000209
2 -0.460000 0.000571
2 -0.440001 0.001331
2 -0.420000 0.002695
2 -0.400001 0.004677
2 -0.380000 0.007427
2 -0.360001 0.011089
2 -0.340000 0.015632
2 -0.320001 0.021158
2 -0.300000 0.027404
2 -0.280001 0.034103
2 -0.260000 0.041729
2 -0.240001 0.049010
2 -0.220000 0.055607
2 -0.200000 0.061174
2 -0.180000 0.065716
2 -0.160000 0.068248
2 -0.140000 0.068062
2 -0.120000 0.067352
2 -0.100000 0.064001
2 -0.080000 0.058614
2 -0.060000 0.052833
2 -0.040000 0.046037
2 -0.020000 0.038845
2 0.000000 0.032020
2 0.020000 0.026201
2 0.040000 0.020661
2 0.059999 0.016239
2 0.080000 0.012367
2 0.099999 0.009226
2 0.120000 0.006653
2 0.139999 0.004694
2 0.160000 0.003197
2 0.179999 0.002084
2 0.200000 0.001313
2 0.219999 0.000791
2 0.240000 0.000460
2 0.259999 0.000251
2 0.280000 0.000131
2 0.300000 0.000063
2 0.320000 0.000029
2 0.340000 0.000012
2 0.360000 0.000004
2 0.380000 0.000001
3 -1.740000 0.000002
3 -1.720000 0.000010
3 -1.700000 0.000046
3 -1.680000 0.000179
3 -1.660000 0.000574
3 -1.640000 0.001556
3 -1.620000 0.003546
3 -1.600000 0.007034
3 -1.580000 0.012543
3 -1.560000 0.020444
3 -1.540000 0.030588
3 -1.520000 0.042983
3 -1.500000 0.056221
3 -1.480000 0.069532
3 -1.460000 0.080675
3 -1.440001 0.088566
3 -1.420000 0.092618
3 -1.400001 0.091488
3 -1.380000 0.084845
3 -1.360001 0.075102
3 -1.340000 0.063153
3 -1.320001 0.050350
3 -1.300000 0.038960
3 -1.280001 0.028962
3 -1.260000 0.020791
3 -1.240000 0.014513
3 -1.220000 0.009781
3 -1.200000 0.006305
3 -1.180000 0.003875
3 -1.160000 0.002274
3 -1.140000 0.001258
3 -1.120000 0.000658
3 -1.100000 0.000324
3 -1.080000 0.000148
3 -1.060000 0.000062
3 -1.040000 0.000023
3 -1.020000 0.000007
3 -1.000000 0.000002
4 -2.160000 0.000002
4 -2.140000 0.000012
4 -2.120000 0.000061
4 -2.100000 0.000247
4 -2.080000 0.000836
4 -2.060000 0.002345
4 -2.040000 0.005611
4 -2.020000 0.011633
4 -2.000000 0.021423
4 -1.980000 0.035765
4 -1.960000 0.053713
4 -1.940001 0.073345
4 -1.920000 0.091870
4 -1.900001 0.106012
4 -1.880000 0.112941
4 -1.860001 0.111050
4 -1.840000 0.099930
4 -1.820001 0.083955
4 -1.800000 0.065379
4 -1.780001 0.046907
4 -1.760000 0.032115
4 -1.740000 0.020211
4 -1.720000 0.011958
4 -1.700000 0.006618
4 -1.680000 0.003372
4 -1.660000 0.001599
4 -1.640000 0.000691
4 -1.620000 0.000270
4 -1.600000 0.000093
4 -1.580000 0.000027
4 -1.560000 0.000007
4 -1.540000 0.000001
5 -2.420000 0.000005
5 -2.400001 0.000031
5 -2.380000 0.000146
5 -2.360001 0.000578
5 -2.340000 0.001891
5 -2.320001 0.005174
5 -2.300000 0.012014
5 -2.280001 0.024488
5 -2.260000 0.043642
5 -2.240000 0.069172
5 -2.220000 0.094318
5 -2.200000 0.118313
5 -2.180000 0.130241
5 -2.160000 0.131041
5 -2.140000 0.115943
5 -2.120000 0.092900
5 -2.100000 0.067175
5 -2.080000 0.043246
5 -2.060000 0.025457
5 -2.040000 0.013516
5 -2.020000 0.006424
5 -2.000000 0.002746
5 -1.980000 0.001063
5 -1.960000 0.000348
5 -1.940001 0.000098
5 -1.920000 0.000023
5 -1.900001 0.000004
6 -0.860001 0.000003
6 -0.840000 0.000014
6 -0.820001 0.000058
6 -0.800000 0.000193
6 -0.780001 0.000526
6 -0.760000 0.001193
6 -0.740001 0.002389
6 -0.720000 0.004082
6 -0.700000 0.006458
6 -0.680000 0.009519
6 -0.660000 0.013226
6 -0.640000 0.017890
6 -0.620000 0.023083
6 -0.600000 0.028978
6 -0.580000 0.035029
6 -0.560000 0.042457
6 -0.540000 0.048288
6 -0.520000 0.054548
6 -0.500000 0.058263
6 -0.480000 0.062503
6 -0.460000 0.064609
6 -0.440001 0.064468
6 -0.420000 0.063665
6 -0.400001 0.060940
6 -0.380000 0.056162
6 -0.360001 0.050855
6 -0.340000 0.045284
6 -0.320001 0.038932
6 -0.300000 0.032588
6 -0.280001 0.026918
6 -0.260000 0.021732
6 -0.240001 0.017419
6 -0.220000 0.013558
6 -0.200000 0.010280
6 -0.180000 0.007686
6 -0.160000 0.005527
6 -0.140000 0.003902
6 -0.120000 0.002612
6 -0.100000 0.001697
6 -0.080000 0.001072
6 -0.060000 0.000636
6 -0.040000 0.000368
6 -0.020000 0.000201
6 0.000000 0.000102
6 0.020000 0.000050
6 0.040000 0.000023
6 0.059999 0.000009
6 0.080000 0.000003
7 -3.720000 0.000002
7 -3.700000 0.000013
7 -3.680000 0.000077
7 -3.660000 0.000372
7 -3.640000 0.001468
7 -3.620000 0.004743
7 -3.600000 0.012818
7 -3.580000 0.028956
7 -3.560000 0.055346
7 -3.540000 0.090633
7 -3.520000 0.125371
7 -3.500000 0.149391
7 -3.480000 0.152987
7 -3.460000 0.134961
7 -3.440001 0.103444
7 -3.420000 0.067973
7 -3.400001 0.038954
7 -3.380000 0.019353
7 -3.360001 0.008492
7 -3.340000 0.003222
7 -3.320001 0.001061
7 -3.300000 0.000287
7 -3.280000 0.000063
7 -3.260000 0.000011
7 -3.240000 0.000001
8 -4.500000 0.000002
8 -4.480000 0.000018
8 -4.460000 0.000119
8 -4.440000 0.000624
8 -4.420000 0.002598
8 -4.400000 0.008714
8 -4.380000 0.023567
8 -4.360000 0.051851
8 -4.340000 0.093507
8 -4.320000 0.136966
8 -4.300000 0.166958
8 -4.280000 0.168744
8 -4.260000 0.142024
8 -4.240000 0.099242
8 -4.220000 0.058157
8 -4.200000 0.028840
8 -4.180000 0.011985
8 -4.160000 0.004403
8 -4.140000 0.001280
8 -4.120000 0.000326
8 -4.100000 0.000064
8 -4.080000 0.000010
8 -4.060000 0.000001
9 -4.640000 0.000003
9 -4.620000 0.000023
9 -4.600000 0.000160
9 -4.580000 0.000838
9 -4.560000 0.003551
9 -4.540000 0.011758
9 -4.520000 0.031050
9 -4.500000 0.066321
9 -4.480000 0.113465
9 -4.460000 0.157220
9 -4.440000 0.177968
9 -4.420000 0.164880
9 -4.400000 0.125868
9 -4.380000 0.078766
9 -4.360000 0.040996
9 -4.340000 0.017883
9 -4.320000 0.006596
9 -4.300000 0.002021
9 -4.280000 0.000509
9 -4.260000 0.000105
9 -4.240000 0.000017
9 -4.220000 0.000002
10 -4.700000 0.000002
10 -4.680000 0.000014
10 -4.660000 0.000101
10 -4.640000 0.000572
10 -4.620000 0.002532
10 -4.600000 0.008930
10 -4.580000 0.024984
10 -4.560000 0.055962
10 -4.540000 0.101014
10 -4.520000 0.148216
10 -4.500000 0.175474
10 -4.480000 0.171039
10 -4.460000 0.136959
10 -4.440000 0.090201
10 -4.420000 0.049059
10 -4.400000 0.022515
10 -4.380000 0.008679
10 -4.360000 0.002801
10 -4.340000 0.000750
10 -4.320000 0.000163
10 -4.300000 0.000029
10 -4.280000 0.000004
11 -4.580000 0.000001
11 -4.560000 0.000013
11 -4.540000 0.000092
11 -4.520000 0.000505
11 -4.500000 0.002241
11 -4.480000 0.007827
11 -4.460000 0.022158
11 -4.440000 0.050105
11 -4.420000 0.091849
11 -4.400000 0.138292
11 -4.380000 0.169991
11 -4.360000 0.171226
11 -4.340000 0.144015
11 -4.320000 0.099723
11 -4.300000 0.057319
11 -4.280000 0.027855
11 -4.260000 0.011352
11 -4.240000 0.003975
11 -4.220000 0.001133
11 -4.200000 0.000269
11 -4.180000 0.000051
11 -4.160000 0.000008
12 -4.720000 0.000002
12 -4.700000 0.000014
12 -4.680000 0.000098
12 -4.660000 0.000544
12 -4.640000 0.002418
12 -4.620000 0.008397
12 -4.600000 0.023599
12 -4.580000 0.053083
12 -4.560000 0.096688
12 -4.540000 0.142894
12 -4.520000 0.172590
12 -4.500000 0.171060
12 -4.480000 0.140889
12 -4.460000 0.094723
12 -4.440000 0.053310
12 -4.420000 0.025098
12 -4.400000 0.010044
12 -4.380000 0.003363
12 -4.360000 0.000927
12 -4.340000 0.000214
12 -4.320000 0.000039
12 -4.300000 0.000006
13 -4.760000 0.000002
13 -4.740000 0.000020
13 -4.720000 0.000138
13 -4.700000 0.000766
13 -4.680000 0.003298
13 -4.660000 0.011415
13 -4.640000 0.030343
13 -4.620000 0.065786
13 -4.600000 0.114296
13 -4.580000 0.158274
13 -4.560000 0.180381
13 -4.540000 0.165842
13 -4.520000 0.125480
13 -4.500000 0.078134
13 -4.480000 0.039915
13 -4.460000 0.017192
13 -4.440000 0.006271
13 -4.420000 0.001872
13 -4.400000 0.000463
13 -4.380000 0.000093
13 -4.360000 0.000015
13 -4.340000 0.000002
