#fil mag PDF
0 -2.060000 0.000001
0 -2.040000 0.000008
0 -2.020000 0.000047
0 -2.000000 0.000224
0 -1.980000 0.000857
0 -1.960000 0.002709
0 -1.940001 0.007114
0 -1.920000 0.015906
0 -1.900001 0.030707
0 -1.880000 0.051769
0 -1.860001 0.077129
0 -1.840000 0.102974
0 -1.820001 0.122880
0 -1.800000 0.132024
0 -1.780001 0.127530
0 -1.760000 0.110847
0 -1.740000 0.085844
0 -1.720000 0.059462
0 -1.700000 0.036357
0 -1.680000 0.019808
0 -1.660000 0.009527
0 -1.640000 0.004060
0 -1.620000 0.001528
0 -1.600000 0.000501
0 -1.580000 0.000142
0 -1.560000 0.000035
0 -1.540000 0.000007
0 -1.520000 0.000001
1 -1.580000 0.000003
1 -1.560000 0.000020
1 -1.540000 0.000088
1 -1.520000 0.000322
1 -1.500000 0.000971
1 -1.480000 0.002421
1 -1.460000 0.005148
1 -1.440001 0.009543
1 -1.420000 0.015816
1 -1.400001 0.023688
1 -1.380000 0.032890
1 -1.360001 0.042596
1 -1.340000 0.052116
1 -1.320001 0.061314
1 -1.300000 0.069131
1 -1.280001 0.075063
1 -1.260000 0.078533
1 -1.240000 0.079215
1 -1.220000 0.077233
1 -1.200000 0.073019
1 -1.180000 0.066443
1 -1.160000 0.058005
1 -1.140000 0.048212
1 -1.120000 0.038108
1 -1.100000 0.028954
1 -1.080000 0.020934
1 -1.060000 0.014521
1 -1.040000 0.009659
1 -1.020000 0.006286
1 -1.000000 0.004027
1 -0.980000 0.002477
1 -0.960000 0.001467
1 -0.940001 0.000839
1 -0.920000 0.000463
1 -0.900001 0.000244
1 -0.880000 0.000123
1 -0.860001 0.000060
1 -0.840000 0.000028
1 -0.820001 0.000012
1 -0.800000 0.000005
1 -0.780001 0.000002
2 -0.340000 0.000002
2 -0.320001 0.000010
2 -0.300000 0.000043
2 -0.280001 0.000147
2 -0.260000 0.000429
2 -0.240001 0.001026
2 -0.220000 0.002143
2 -0.200000 0.003854
2 -0.180000 0.006298
2 -0.160000 0.009303
2 -0.140000 0.012893
2 -0.120000 0.016897
2 -0.100000 0.021263
2 -0.080000 0.026029
2 -0.060000 0.030707
2 -0.040000 0.035355
2 -0.020000 0.039827
2 0.000000 0.043760
2 0.020000 0.047318
2 0.040000 0.050611
2 0.059999 0.053139
2 0.080000 0.054777
2 0.099999 0.055075
2 0.120000 0.055183
2 0.139999 0.053693
2 0.160000 0.051317
2 0.179999 0.048868
2 0.200000 0.045684
2 0.219999 0.041448
2 0.240000 0.036694
2 0.259999 0.031821
2 0.280000 0.026880
2 0.300000 0.022384
2 0.320000 0.018189
2 0.340000 0.014389
2 0.360000 0.011142
2 0.380000 0.008482
2 0.400000 0.006363
2 0.420000 0.004655
2 0.440000 0.003559
2 0.460000 0.002594
2 0.480000 0.001838
2 0.500000 0.001288
2 0.520000 0.000898
2 0.540000 0.000615
2 0.559999 0.000410
2 0.580000 0.000266
2 0.599999 0.000174
2 0.620000 0.000107
2 0.639999 0.000065
2 0.660000 0.000039
2 0.679999 0.000023
2 0.700000 0.000013
2 0.719999 0.000007
2 0.740000 0.000004
2 0.759999 0.000002
2 0.780000 0.000001
3 -1.600000 0.000006
3 -1.580000 0.000029
3 -1.560000 0.000123
3 -1.540000 0.000411
3 -1.520000 0.001144
3 -1.500000 0.002659
3 -1.480000 0.005302
3 -1.460000 0.009408
3 -1.440001 0.014870
3 -1.420000 0.021486
3 -1.400001 0.028955
3 -1.380000 0.036619
3 -1.360001 0.044188
3 -1.340000 0.050769
3 -1.320001 0.056968
3 -1.300000 0.062102
3 -1.280001 0.065951
3 -1.260000 0.067881
3 -1.240000 0.068423
3 -1.220000 0.067326
3 -1.200000 0.064423
3 -1.180000 0.060128
3 -1.160000 0.054702
3 -1.140000 0.047890
3 -1.120000 0.040297
3 -1.100000 0.032946
3 -1.080000 0.026141
3 -1.060000 0.019953
3 -1.040000 0.014780
3 -1.020000 0.010613
3 -1.000000 0.007451
3 -0.980000 0.005190
3 -0.960000 0.003682
3 -0.940001 0.002494
3 -0.920000 0.001674
3 -0.900001 0.001106
3 -0.880000 0.000728
3 -0.860001 0.000466
3 -0.840000 0.000293
3 -0.820001 0.000179
3 -0.800000 0.000106
3 -0.780001 0.000062
3 -0.760000 0.000035
3 -0.740001 0.000019
3 -0.720000 0.000010
3 -0.700000 0.000005
3 -0.680000 0.000003
3 -0.660000 0.000001
4 -2.060000 0.000006
4 -2.040000 0.000036
4 -2.020000 0.000158
4 -2.000000 0.000565
4 -1.980000 0.001660
4 -1.960000 0.004077
4 -1.940001 0.008560
4 -1.920000 0.015646
4 -1.900001 0.025547
4 -1.880000 0.037849
4 -1.860001 0.051236
4 -1.840000 0.065042
4 -1.820001 0.077745
4 -1.800000 0.087498
4 -1.780001 0.093800
4 -1.760000 0.094588
4 -1.740000 0.091293
4 -1.720000 0.084080
4 -1.700000 0.072630
4 -1.680000 0.059109
4 -1.660000 0.045010
4 -1.640000 0.032039
4 -1.620000 0.021371
4 -1.600000 0.013349
4 -1.580000 0.007954
4 -1.560000 0.004518
4 -1.540000 0.002431
4 -1.520000 0.001219
4 -1.500000 0.000571
4 -1.480000 0.000250
4 -1.460000 0.000102
4 -1.440001 0.000038
4 -1.420000 0.000014
4 -1.400001 0.000004
4 -1.380000 0.000001
5 -2.360001 0.000006
5 -2.340000 0.000038
5 -2.320001 0.000177
5 -2.300000 0.000680
5 -2.280001 0.002128
5 -2.260000 0.005556
5 -2.240000 0.012401
5 -2.220000 0.023851
5 -2.200000 0.040434
5 -2.180000 0.061113
5 -2.160000 0.083311
5 -2.140000 0.103667
5 -2.120000 0.117425
5 -2.100000 0.121645
5 -2.080000 0.115414
5 -2.060000 0.100772
5 -2.040000 0.079317
5 -2.020000 0.056372
5 -2.000000 0.036076
5 -1.980000 0.020791
5 -1.960000 0.010694
5 -1.940001 0.004971
5 -1.920000 0.002068
5 -1.900001 0.000760
5 -1.880000 0.000243
5 -1.860001 0.000068
5 -1.840000 0.000016
5 -1.820001 0.000003
6 -0.640000 0.000002
6 -0.620000 0.000009
6 -0.600000 0.000037
6 -0.580000 0.000123
6 -0.560000 0.000343
6 -0.540000 0.000826
6 -0.520000 0.001710
6 -0.500000 0.003149
6 -0.480000 0.005200
6 -0.460000 0.007840
6 -0.440001 0.010996
6 -0.420000 0.014614
6 -0.400001 0.018609
6 -0.380000 0.022971
6 -0.360001 0.027736
6 -0.340000 0.032209
6 -0.320001 0.036799
6 -0.300000 0.041132
6 -0.280001 0.044975
6 -0.260000 0.048462
6 -0.240001 0.051560
6 -0.220000 0.053877
6 -0.200000 0.054853
6 -0.180000 0.055084
6 -0.160000 0.054655
6 -0.140000 0.052777
6 -0.120000 0.050552
6 -0.100000 0.047801
6 -0.080000 0.044100
6 -0.060000 0.039585
6 -0.040000 0.034748
6 -0.020000 0.029920
6 0.000000 0.025040
6 0.020000 0.020794
6 0.040000 0.016699
6 0.059999 0.013170
6 0.080000 0.010138
6 0.099999 0.007708
6 0.120000 0.005715
6 0.139999 0.004229
6 0.160000 0.003110
6 0.179999 0.002161
6 0.200000 0.001462
6 0.219999 0.000965
6 0.240000 0.000621
6 0.259999 0.000389
6 0.280000 0.000236
6 0.300000 0.000139
6 0.320000 0.000079
6 0.340000 0.000044
6 0.360000 0.000024
6 0.380000 0.000012
6 0.400000 0.000006
6 0.420000 0.000003
6 0.440000 0.000001
7 -3.680000 0.000005
7 -3.660000 0.000031
7 -3.640000 0.000166
7 -3.620000 0.000722
7 -3.600000 0.002532
7 -3.580000 0.007355
7 -3.560000 0.017841
7 -3.540000 0.036654
7 -3.520000 0.064494
7 -3.500000 0.098043
7 -3.480000 0.128915
7 -3.460000 0.147403
7 -3.440001 0.147288
7 -3.420000 0.128339
7 -3.400001 0.096363
7 -3.380000 0.062510
7 -3.360001 0.034860
7 -3.340000 0.016606
7 -3.320001 0.006712
7 -3.300000 0.002300
7 -3.280000 0.000663
7 -3.260000 0.000159
7 -3.240000 0.000032
7 -3.220000 0.000005
8 -4.480000 0.000001
8 -4.460000 0.000010
8 -4.440000 0.000075
8 -4.420000 0.000416
8 -4.400000 0.001840
8 -4.380000 0.006548
8 -4.360000 0.018676
8 -4.340000 0.043385
8 -4.320000 0.082144
8 -4.300000 0.127689
8 -4.280000 0.163974
8 -4.260000 0.173633
8 -4.240000 0.151654
8 -4.220000 0.109951
8 -4.200000 0.066244
8 -4.180000 0.033241
8 -4.160000 0.013860
8 -4.140000 0.004820
8 -4.120000 0.001409
8 -4.100000 0.000345
8 -4.080000 0.000071
8 -4.060000 0.000012
8 -4.040000 0.000002
9 -4.620000 0.000008
9 -4.600000 0.000062
9 -4.580000 0.000380
9 -4.560000 0.001807
9 -4.540000 0.006791
9 -4.520000 0.020211
9 -4.500000 0.048036
9 -4.480000 0.091845
9 -4.460000 0.141258
9 -4.440000 0.176255
9 -4.420000 0.178095
9 -4.400000 0.146252
9 -4.380000 0.098064
9 -4.360000 0.053896
9 -4.340000 0.024347
9 -4.320000 0.009030
9 -4.300000 0.002774
9 -4.280000 0.000708
9 -4.260000 0.000149
9 -4.240000 0.000026
9 -4.220000 0.000004
10 -4.680000 0.000007
10 -4.660000 0.000053
10 -4.640000 0.000329
10 -4.620000 0.001587
10 -4.600000 0.006059
10 -4.580000 0.018333
10 -4.560000 0.044221
10 -4.540000 0.086189
10 -4.520000 0.135041
10 -4.500000 0.172755
10 -4.480000 0.178791
10 -4.460000 0.150999
10 -4.440000 0.104385
10 -4.420000 0.058916
10 -4.400000 0.027430
10 -4.380000 0.010486
10 -4.360000 0.003319
10 -4.340000 0.000869
10 -4.320000 0.000188
10 -4.300000 0.000034
10 -4.280000 0.000005
11 -4.560000 0.000001
11 -4.540000 0.000012
11 -4.520000 0.000087
11 -4.500000 0.000495
11 -4.480000 0.002203
11 -4.460000 0.007832
11 -4.440000 0.022230
11 -4.420000 0.050686
11 -4.400000 0.093794
11 -4.380000 0.141171
11 -4.360000 0.173744
11 -4.340000 0.174487
11 -4.320000 0.143728
11 -4.300000 0.097075
11 -4.280000 0.054071
11 -4.260000 0.024869
11 -4.240000 0.009500
11 -4.220000 0.003013
11 -4.200000 0.000791
11 -4.180000 0.000173
11 -4.160000 0.000032
11 -4.140000 0.000005
12 -4.700000 0.000002
12 -4.680000 0.000019
12 -4.660000 0.000131
12 -4.640000 0.000714
12 -4.620000 0.003071
12 -4.600000 0.010398
12 -4.580000 0.028215
12 -4.560000 0.061268
12 -4.540000 0.107940
12 -4.520000 0.154055
12 -4.500000 0.178920
12 -4.480000 0.169271
12 -4.460000 0.131070
12 -4.440000 0.083180
12 -4.420000 0.043648
12 -4.400000 0.018746
12 -4.380000 0.006737
12 -4.360000 0.001999
12 -4.340000 0.000493
12 -4.320000 0.000102
12 -4.300000 0.000017
12 -4.280000 0.000002
13 -4.740000 0.000008
13 -4.720000 0.000064
13 -4.700000 0.000394
13 -4.680000 0.001890
13 -4.660000 0.007115
13 -4.640000 0.021113
13 -4.620000 0.049928
13 -4.600000 0.094531
13 -4.580000 0.144244
13 -4.560000 0.177582
13 -4.540000 0.177071
13 -4.520000 0.143855
13 -4.500000 0.094980
13 -4.480000 0.051783
13 -4.460000 0.023218
13 -4.440000 0.008654
13 -4.420000 0.002684
13 -4.400000 0.000699
13 -4.380000 0.000153
13 -4.360000 0.000029
13 -4.340000 0.000005
0 -2.040000 0.000003
0 -2.020000 0.000018
0 -2.000000 0.000089
0 -1.980000 0.000359
0 -1.960000 0.001212
0 -1.940001 0.003447
0 -1.920000 0.008532
0 -1.900001 0.018384
0 -1.880000 0.034805
0 -1.860001 0.058151
0 -1.840000 0.086291
0 -1.820001 0.113754
0 -1.800000 0.133019
0 -1.780001 0.137574
0 -1.760000 0.125388
0 -1.740000 0.102487
0 -1.720000 0.074987
0 -1.700000 0.048541
0 -1.680000 0.028107
0 -1.660000 0.014320
0 -1.640000 0.006536
0 -1.620000 0.002643
0 -1.600000 0.000951
0 -1.580000 0.000299
0 -1.560000 0.000081
0 -1.540000 0.000019
0 -1.520000 0.000004
1 -1.580000 0.000002
1 -1.560000 0.000008
1 -1.540000 0.000035
1 -1.520000 0.000125
1 -1.500000 0.000368
1 -1.480000 0.000920
1 -1.460000 0.002027
1 -1.440001 0.003976
1 -1.420000 0.007176
1 -1.400001 0.012029
1 -1.380000 0.018620
1 -1.360001 0.026851
1 -1.340000 0.036396
1 -1.320001 0.046995
1 -1.300000 0.058367
1 -1.280001 0.069041
1 -1.260000 0.078460
1 -1.240000 0.084512
1 -1.220000 0.086146
1 -1.200000 0.084296
1 -1.180000 0.078672
1 -1.160000 0.070552
1 -1.140000 0.060153
1 -1.120000 0.049121
1 -1.100000 0.038553
1 -1.080000 0.028736
1 -1.060000 0.020488
1 -1.040000 0.013888
1 -1.020000 0.009172
1 -1.000000 0.005812
1 -0.980000 0.003558
1 -0.960000 0.002157
1 -0.940001 0.001266
1 -0.920000 0.000720
1 -0.900001 0.000395
1 -0.880000 0.000209
1 -0.860001 0.000105
1 -0.840000 0.000050
1 -0.820001 0.000023
1 -0.800000 0.000010
1 -0.780001 0.000004
1 -0.760000 0.000002
2 -0.340000 0.000002
2 -0.320001 0.000009
2 -0.300000 0.000032
2 -0.280001 0.000095
2 -0.260000 0.000246
2 -0.240001 0.000524
2 -0.220000 0.001008
2 -0.200000 0.001704
2 -0.180000 0.002789
2 -0.160000 0.004228
2 -0.140000 0.006205
2 -0.120000 0.008767
2 -0.100000 0.011929
2 -0.080000 0.015660
2 -0.060000 0.019925
2 -0.040000 0.024585
2 -0.020000 0.029563
2 0.000000 0.034392
2 0.020000 0.039902
2 0.040000 0.044890
2 0.059999 0.050400
2 0.080000 0.054808
2 0.099999 0.057406
2 0.120000 0.060172
2 0.139999 0.060362
2 0.160000 0.058874
2 0.179999 0.057305
2 0.200000 0.053736
2 0.219999 0.049850
2 0.240000 0.044952
2 0.259999 0.039698
2 0.280000 0.034271
2 0.300000 0.028903
2 0.320000 0.024053
2 0.340000 0.019268
2 0.360000 0.015350
2 0.380000 0.011808
2 0.400000 0.008985
2 0.420000 0.006606
2 0.440000 0.004961
2 0.460000 0.003527
2 0.480000 0.002574
2 0.500000 0.001816
2 0.520000 0.001278
2 0.540000 0.000902
2 0.559999 0.000593
2 0.580000 0.000403
2 0.599999 0.000263
2 0.620000 0.000170
2 0.639999 0.000103
2 0.660000 0.000063
2 0.679999 0.000038
2 0.700000 0.000022
2 0.719999 0.000012
2 0.740000 0.000006
2 0.759999 0.000003
2 0.780000 0.000002
3 -1.600000 0.000003
3 -1.580000 0.000013
3 -1.560000 0.000052
3 -1.540000 0.000168
3 -1.520000 0.000453
3 -1.500000 0.001050
3 -1.480000 0.002152
3 -1.460000 0.003991
3 -1.440001 0.006849
3 -1.420000 0.010894
3 -1.400001 0.016239
3 -1.380000 0.022644
3 -1.360001 0.030008
3 -1.340000 0.037778
3 -1.320001 0.045688
3 -1.300000 0.054322
3 -1.280001 0.062200
3 -1.260000 0.068924
3 -1.240000 0.073174
3 -1.220000 0.074905
3 -1.200000 0.073674
3 -1.180000 0.070417
3 -1.160000 0.064896
3 -1.140000 0.058153
3 -1.120000 0.050050
3 -1.100000 0.041854
3 -1.080000 0.034069
3 -1.060000 0.026748
3 -1.040000 0.020268
3 -1.020000 0.014837
3 -1.000000 0.010579
3 -0.980000 0.007378
3 -0.960000 0.005147
3 -0.940001 0.003497
3 -0.920000 0.002381
3 -0.900001 0.001603
3 -0.880000 0.001087
3 -0.860001 0.000701
3 -0.840000 0.000456
3 -0.820001 0.000286
3 -0.800000 0.000177
3 -0.780001 0.000104
3 -0.760000 0.000061
3 -0.740001 0.000034
3 -0.720000 0.000019
3 -0.700000 0.000010
3 -0.680000 0.000005
3 -0.660000 0.000002
3 -0.640000 0.000001
4 -2.060000 0.000002
4 -2.040000 0.000011
4 -2.020000 0.000051
4 -2.000000 0.000187
4 -1.980000 0.000570
4 -1.960000 0.001483
4 -1.940001 0.003389
4 -1.920000 0.006835
4 -1.900001 0.012657
4 -1.880000 0.021395
4 -1.860001 0.032747
4 -1.840000 0.046693
4 -1.820001 0.062516
4 -1.800000 0.078261
4 -1.780001 0.092195
4 -1.760000 0.100791
4 -1.740000 0.102834
4 -1.720000 0.098558
4 -1.700000 0.087745
4 -1.680000 0.073905
4 -1.660000 0.058693
4 -1.640000 0.043349
4 -1.620000 0.030099
4 -1.600000 0.019322
4 -1.580000 0.011743
4 -1.560000 0.006760
4 -1.540000 0.003655
4 -1.520000 0.001887
4 -1.500000 0.000929
4 -1.480000 0.000430
4 -1.460000 0.000188
4 -1.440001 0.000076
4 -1.420000 0.000029
4 -1.400001 0.000010
4 -1.380000 0.000003
5 -2.360001 0.000001
5 -2.340000 0.000009
5 -2.320001 0.000047
5 -2.300000 0.000194
5 -2.280001 0.000684
5 -2.260000 0.002001
5 -2.240000 0.005085
5 -2.220000 0.011383
5 -2.200000 0.022344
5 -2.180000 0.039345
5 -2.160000 0.061874
5 -2.140000 0.087733
5 -2.120000 0.111669
5 -2.100000 0.127738
5 -2.080000 0.130042
5 -2.060000 0.119321
5 -2.040000 0.098422
5 -2.020000 0.073477
5 -2.000000 0.049544
5 -1.980000 0.029852
5 -1.960000 0.016014
5 -1.940001 0.007792
5 -1.920000 0.003405
5 -1.900001 0.001346
5 -1.880000 0.000476
5 -1.860001 0.000150
5 -1.840000 0.000041
5 -1.820001 0.000009
5 -1.800000 0.000002
6 -0.640000 0.000003
6 -0.620000 0.000011
6 -0.600000 0.000037
6 -0.580000 0.000107
6 -0.560000 0.000260
6 -0.540000 0.000538
6 -0.520000 0.000993
6 -0.500000 0.001643
6 -0.480000 0.002589
6 -0.460000 0.003885
6 -0.440001 0.005582
6 -0.420000 0.007852
6 -0.400001 0.010523
6 -0.380000 0.013899
6 -0.360001 0.017676
6 -0.340000 0.022008
6 -0.320001 0.026573
6 -0.300000 0.031212
6 -0.280001 0.036026
6 -0.260000 0.041366
6 -0.240001 0.046194
6 -0.220000 0.051681
6 -0.200000 0.054858
6 -0.180000 0.057640
6 -0.160000 0.059448
6 -0.140000 0.059141
6 -0.120000 0.057351
6 -0.100000 0.055668
6 -0.080000 0.051945
6 -0.060000 0.048147
6 -0.040000 0.043211
6 -0.020000 0.038011
6 0.000000 0.032618
6 0.020000 0.027788
6 0.040000 0.022586
6 0.059999 0.018191
6 0.080000 0.014286
6 0.099999 0.011015
6 0.120000 0.008211
6 0.139999 0.006055
6 0.160000 0.004326
6 0.179999 0.003039
6 0.200000 0.002076
6 0.219999 0.001385
6 0.240000 0.000909
6 0.259999 0.000582
6 0.280000 0.000358
6 0.300000 0.000220
6 0.320000 0.000127
6 0.340000 0.000072
6 0.360000 0.000039
6 0.380000 0.000021
6 0.400000 0.000011
6 0.420000 0.000005
6 0.440000 0.000002
7 -3.680000 0.000001
7 -3.660000 0.000008
7 -3.640000 0.000048
7 -3.620000 0.000240
7 -3.600000 0.000970
7 -3.580000 0.003265
7 -3.560000 0.009113
7 -3.540000 0.021762
7 -3.520000 0.044166
7 -3.500000 0.076684
7 -3.480000 0.113726
7 -3.460000 0.143704
7 -3.440001 0.156526
7 -3.420000 0.145333
7 -3.400001 0.116028
7 -3.380000 0.080012
7 -3.360001 0.047622
7 -3.340000 0.024365
7 -3.320001 0.010649
7 -3.300000 0.004027
7 -3.280000 0.001301
7 -3.260000 0.000355
7 -3.240000 0.000078
7 -3.220000 0.000014
7 -3.200000 0.000002
8 -4.460000 0.000008
8 -4.440000 0.000056
8 -4.420000 0.000321
8 -4.400000 0.001459
8 -4.380000 0.005327
8 -4.360000 0.015564
8 -4.340000 0.037276
8 -4.320000 0.073285
8 -4.300000 0.118022
8 -4.280000 0.157524
8 -4.260000 0.172673
8 -4.240000 0.157011
8 -4.220000 0.119081
8 -4.200000 0.075186
8 -4.180000 0.040084
8 -4.160000 0.017730
8 -4.140000 0.006615
8 -4.120000 0.002089
8 -4.100000 0.000548
8 -4.080000 0.000117
8 -4.060000 0.000020
8 -4.040000 0.000003
9 -4.620000 0.000006
9 -4.600000 0.000048
9 -4.580000 0.000304
9 -4.560000 0.001482
9 -4.540000 0.005730
9 -4.520000 0.017582
9 -4.500000 0.042499
9 -4.480000 0.084190
9 -4.460000 0.133088
9 -4.440000 0.171130
9 -4.420000 0.179097
9 -4.400000 0.151710
9 -4.380000 0.106138
9 -4.360000 0.061211
9 -4.340000 0.029189
9 -4.320000 0.011503
9 -4.300000 0.003785
9 -4.280000 0.001033
9 -4.260000 0.000228
9 -4.240000 0.000040
9 -4.220000 0.000006
10 -4.680000 0.000005
10 -4.660000 0.000037
10 -4.640000 0.000239
10 -4.620000 0.001212
10 -4.600000 0.004772
10 -4.580000 0.015090
10 -4.560000 0.037772
10 -4.540000 0.076619
10 -4.520000 0.124939
10 -4.500000 0.166274
10 -4.480000 0.179226
10 -4.460000 0.157314
10 -4.440000 0.114489
10 -4.420000 0.068166
10 -4.400000 0.033659
10 -4.380000 0.013743
10 -4.360000 0.004725
10 -4.340000 0.001340
10 -4.320000 0.000311
10 -4.300000 0.000058
10 -4.280000 0.000008
11 -4.560000 0.000001
11 -4.540000 0.000009
11 -4.520000 0.000069
11 -4.500000 0.000398
11 -4.480000 0.001812
11 -4.460000 0.006562
11 -4.440000 0.019060
11 -4.420000 0.044390
11 -4.400000 0.085139
11 -4.380000 0.132118
11 -4.360000 0.168429
11 -4.340000 0.175378
11 -4.320000 0.150240
11 -4.300000 0.105754
11 -4.280000 0.062191
11 -4.260000 0.030274
11 -4.240000 0.012408
11 -4.220000 0.004235
11 -4.200000 0.001197
11 -4.180000 0.000278
11 -4.160000 0.000051
11 -4.140000 0.000007
12 -4.700000 0.000002
12 -4.680000 0.000015
12 -4.660000 0.000105
12 -4.640000 0.000582
12 -4.620000 0.002546
12 -4.600000 0.008799
12 -4.580000 0.024471
12 -4.560000 0.054325
12 -4.540000 0.098901
12 -4.520000 0.146089
12 -4.500000 0.174569
12 -4.480000 0.171980
12 -4.460000 0.138274
12 -4.440000 0.092132
12 -4.420000 0.051080
12 -4.400000 0.023229
12 -4.380000 0.009015
12 -4.360000 0.002907
12 -4.340000 0.000775
12 -4.320000 0.000171
12 -4.300000 0.000030
12 -4.280000 0.000004
13 -4.740000 0.000006
13 -4.720000 0.000052
13 -4.700000 0.000324
13 -4.680000 0.001586
13 -4.660000 0.006058
13 -4.640000 0.018475
13 -4.620000 0.044383
13 -4.600000 0.086506
13 -4.580000 0.135889
13 -4.560000 0.172346
13 -4.540000 0.177966
13 -4.520000 0.149503
13 -4.500000 0.103085
13 -4.480000 0.059354
13 -4.460000 0.028073
13 -4.440000 0.011203
13 -4.420000 0.003784
13 -4.400000 0.001082
13 -4.380000 0.000261
13 -4.360000 0.000053
13 -4.340000 0.000009
13 -4.320000 0.000001
