#[M/H] PDF
-0.640000 0.000008
-0.630000 0.000014
-0.620000 0.000062
-0.600000 0.000158
-0.580000 0.000378
-0.560000 0.000844
-0.540000 0.001767
-0.520000 0.003453
-0.500000 0.006340
-0.480000 0.010787
-0.460000 0.017241
-0.440000 0.025985
-0.420000 0.037015
-0.400000 0.049838
-0.380000 0.063109
-0.360000 0.075801
-0.340000 0.085887
-0.320000 0.092425
-0.300000 0.093896
-0.280000 0.090351
-0.270000 0.042640
-0.260000 0.040024
-0.250000 0.036204
-0.240000 0.033195
-0.230000 0.030064
-0.220000 0.026824
-0.210000 0.023584
-0.200000 0.020547
-0.190000 0.017598
-0.180000 0.014874
-0.170000 0.012447
-0.160000 0.010284
-0.150000 0.008362
-0.140000 0.006770
-0.130000 0.005386
-0.120000 0.004235
-0.110000 0.003307
-0.100000 0.002530
-0.090000 0.001916
-0.080000 0.001442
-0.070000 0.001065
-0.050000 0.000777
-0.040000 0.000564
