#logm logr JPDF
-0.05103 1.612 1.42076e-10 
-0.04903 1.608 1.61789e-10 
-0.04903 1.612 5.69362e-10 
-0.04903 1.616 7.04296e-10 
-0.04703 1.604 1.61929e-10 
-0.04703 1.608 5.90824e-10 
-0.04703 1.612 1.52977e-09 
-0.04703 1.616 2.79174e-09 
-0.04703 1.62 1.73001e-10 
-0.04503 1.604 3.1071e-10 
-0.04503 1.608 1.14198e-09 
-0.04503 1.612 3.15311e-09 
-0.04503 1.616 7.19858e-09 
-0.04503 1.62 2.5758e-09 
-0.04303 1.6 1.04128e-10 
-0.04303 1.604 4.83651e-10 
-0.04303 1.608 1.90259e-09 
-0.04303 1.612 5.41164e-09 
-0.04303 1.616 1.17349e-08 
-0.04303 1.62 9.49305e-09 
-0.04103 1.6 2.29211e-10 
-0.04103 1.604 1.20104e-09 
-0.04103 1.608 4.22214e-09 
-0.04103 1.612 1.28017e-08 
-0.04103 1.616 2.75535e-08 
-0.04103 1.62 3.53084e-08 
-0.04103 1.624 9.10843e-10 
-0.03903 1.6 3.73541e-10 
-0.03903 1.604 1.96077e-09 
-0.03903 1.608 6.65816e-09 
-0.03903 1.612 2.30264e-08 
-0.03903 1.616 4.80013e-08 
-0.03903 1.62 8.56838e-08 
-0.03903 1.624 1.21723e-08 
-0.03703 1.6 5.5843e-10 
-0.03703 1.604 3.07419e-09 
-0.03703 1.608 1.21045e-08 
-0.03703 1.612 3.34347e-08 
-0.03703 1.616 7.80488e-08 
-0.03703 1.62 1.34936e-07 
-0.03703 1.624 6.32735e-08 
-0.03503 1.596 1.50823e-10 
-0.03503 1.6 1.33746e-09 
-0.03503 1.604 6.77494e-09 
-0.03503 1.608 3.15744e-08 
-0.03503 1.612 9.32119e-08 
-0.03503 1.616 2.19747e-07 
-0.03503 1.62 3.66421e-07 
-0.03503 1.624 3.49688e-07 
-0.03303 1.596 1.90876e-10 
-0.03303 1.6 1.45793e-09 
-0.03303 1.604 9.20164e-09 
-0.03303 1.608 3.80199e-08 
-0.03303 1.612 1.31835e-07 
-0.03303 1.616 3.44123e-07 
-0.03303 1.62 6.50539e-07 
-0.03303 1.624 8.55808e-07 
-0.03303 1.628 1.06129e-07 
-0.03103 1.596 4.16564e-10 
-0.03103 1.6 3.11355e-09 
-0.03103 1.604 2.1053e-08 
-0.03103 1.608 8.81058e-08 
-0.03103 1.612 3.0639e-07 
-0.03103 1.616 6.94298e-07 
-0.03103 1.62 1.28133e-06 
-0.03103 1.624 1.5875e-06 
-0.03103 1.628 5.78343e-07 
-0.02903 1.596 3.80739e-10 
-0.02903 1.6 3.48657e-09 
-0.02903 1.604 2.1123e-08 
-0.02903 1.608 1.052e-07 
-0.02903 1.612 3.6564e-07 
-0.02903 1.616 9.64298e-07 
-0.02903 1.62 1.81955e-06 
-0.02903 1.624 2.5411e-06 
-0.02903 1.628 1.56793e-06 
-0.02703 1.596 6.45574e-10 
-0.02703 1.6 5.22187e-09 
-0.02703 1.604 3.65287e-08 
-0.02703 1.608 1.71563e-07 
-0.02703 1.612 6.2636e-07 
-0.02703 1.616 1.65858e-06 
-0.02703 1.62 3.17509e-06 
-0.02703 1.624 4.8715e-06 
-0.02703 1.628 4.26738e-06 
-0.02703 1.632 1.95975e-07 
-0.02503 1.596 4.90924e-10 
-0.02503 1.6 4.71937e-09 
-0.02503 1.604 3.30723e-08 
-0.02503 1.608 1.69525e-07 
-0.02503 1.612 6.2072e-07 
-0.02503 1.616 1.62322e-06 
-0.02503 1.62 3.34722e-06 
-0.02503 1.624 5.04468e-06 
-0.02503 1.628 5.62685e-06 
-0.02503 1.632 9.76693e-07 
-0.02303 1.596 8.21023e-10 
-0.02303 1.6 7.63814e-09 
-0.02303 1.604 5.17254e-08 
-0.02303 1.608 2.78417e-07 
-0.02303 1.612 1.0294e-06 
-0.02303 1.616 2.94514e-06 
-0.02303 1.62 6.08376e-06 
-0.02303 1.624 9.01006e-06 
-0.02303 1.628 1.00494e-05 
-0.02303 1.632 3.7714e-06 
-0.02103 1.596 6.75637e-10 
-0.02103 1.6 6.73323e-09 
-0.02103 1.604 5.96134e-08 
-0.02103 1.608 3.11519e-07 
-0.02103 1.612 1.29908e-06 
-0.02103 1.616 3.76822e-06 
-0.02103 1.62 9.20275e-06 
-0.02103 1.624 1.49938e-05 
-0.02103 1.628 1.78124e-05 
-0.02103 1.632 1.17801e-05 
-0.02103 1.636 2.72967e-07 
-0.01903 1.596 8.55141e-10 
-0.01903 1.6 9.42904e-09 
-0.01903 1.604 6.75711e-08 
-0.01903 1.608 3.77565e-07 
-0.01903 1.612 1.52959e-06 
-0.01903 1.616 4.44119e-06 
-0.01903 1.62 9.17573e-06 
-0.01903 1.624 1.42863e-05 
-0.01903 1.628 1.65562e-05 
-0.01903 1.632 1.18436e-05 
-0.01903 1.636 1.24187e-06 
-0.01703 1.596 1.13262e-09 
-0.01703 1.6 1.23954e-08 
-0.01703 1.604 1.03888e-07 
-0.01703 1.608 5.90411e-07 
-0.01703 1.612 2.46004e-06 
-0.01703 1.616 7.76935e-06 
-0.01703 1.62 1.67339e-05 
-0.01703 1.624 2.81018e-05 
-0.01703 1.628 3.22267e-05 
-0.01703 1.632 2.86794e-05 
-0.01703 1.636 6.99942e-06 
-0.01503 1.596 8.56755e-10 
-0.01503 1.6 9.84473e-09 
-0.01503 1.604 8.34005e-08 
-0.01503 1.608 5.1624e-07 
-0.01503 1.612 2.2648e-06 
-0.01503 1.616 7.21599e-06 
-0.01503 1.62 1.71504e-05 
-0.01503 1.624 2.83098e-05 
-0.01503 1.628 3.63565e-05 
-0.01503 1.632 3.15464e-05 
-0.01503 1.636 1.44467e-05 
-0.01503 1.64 9.18968e-08 
-0.01303 1.596 9.38651e-10 
-0.01303 1.6 1.22721e-08 
-0.01303 1.604 9.93704e-08 
-0.01303 1.608 6.40748e-07 
-0.01303 1.612 2.85658e-06 
-0.01303 1.616 1.00592e-05 
-0.01303 1.62 2.43171e-05 
-0.01303 1.624 4.27019e-05 
-0.01303 1.628 5.39476e-05 
-0.01303 1.632 4.62483e-05 
-0.01303 1.636 2.5527e-05 
-0.01303 1.64 1.17395e-06 
-0.01103 1.596 7.5322e-10 
-0.01103 1.6 9.49786e-09 
-0.01103 1.604 8.87478e-08 
-0.01103 1.608 5.67579e-07 
-0.01103 1.612 2.70362e-06 
-0.01103 1.616 9.30361e-06 
-0.01103 1.62 2.39445e-05 
-0.01103 1.624 4.2577e-05 
-0.01103 1.628 6.02364e-05 
-0.01103 1.632 6.2085e-05 
-0.01103 1.636 4.41041e-05 
-0.01103 1.64 5.54496e-06 
-0.00902998 1.596 8.518e-10 
-0.00902998 1.6 1.15929e-08 
-0.00902998 1.604 1.1067e-07 
-0.00902998 1.608 7.32502e-07 
-0.00902998 1.612 3.67053e-06 
-0.00902998 1.616 1.21204e-05 
-0.00902998 1.62 3.14459e-05 
-0.00902998 1.624 5.89282e-05 
-0.00902998 1.628 7.48674e-05 
-0.00902998 1.632 7.0236e-05 
-0.00902998 1.636 5.02101e-05 
-0.00902998 1.64 1.16016e-05 
-0.00902998 1.644 1.46744e-08 
-0.00703001 1.596 6.70276e-10 
-0.00703001 1.6 1.00929e-08 
-0.00703001 1.604 9.37716e-08 
-0.00703001 1.608 7.03574e-07 
-0.00703001 1.612 3.72387e-06 
-0.00703001 1.616 1.43175e-05 
-0.00703001 1.62 3.71881e-05 
-0.00703001 1.624 7.48499e-05 
-0.00703001 1.628 0.00010782 
-0.00703001 1.632 0.000112784 
-0.00703001 1.636 8.17825e-05 
-0.00703001 1.64 3.16759e-05 
-0.00703001 1.644 2.38456e-07 
-0.00503001 1.596 6.10848e-10 
-0.00503001 1.6 8.30772e-09 
-0.00503001 1.604 9.12416e-08 
-0.00503001 1.608 6.11601e-07 
-0.00503001 1.612 3.50165e-06 
-0.00503001 1.616 1.28628e-05 
-0.00503001 1.62 3.71109e-05 
-0.00503001 1.624 7.24463e-05 
-0.00503001 1.628 0.000105227 
-0.00503001 1.632 0.000105537 
-0.00503001 1.636 8.52793e-05 
-0.00503001 1.64 3.89455e-05 
-0.00503001 1.644 1.97615e-06 
-0.00303 1.596 5.93256e-10 
-0.00303 1.6 9.27148e-09 
-0.00303 1.604 1.0297e-07 
-0.00303 1.608 7.66684e-07 
-0.00303 1.612 4.15837e-06 
-0.00303 1.616 1.66279e-05 
-0.00303 1.62 4.87808e-05 
-0.00303 1.624 0.000107315 
-0.00303 1.628 0.000159555 
-0.00303 1.632 0.000180189 
-0.00303 1.636 0.000136573 
-0.00303 1.64 7.56754e-05 
-0.00303 1.644 6.82121e-06 
-0.00303 1.648 2.41447e-10 
-0.00103 1.596 3.76139e-10 
-0.00103 1.6 6.31346e-09 
-0.00103 1.604 7.69945e-08 
-0.00103 1.608 5.98096e-07 
-0.00103 1.612 3.43576e-06 
-0.00103 1.616 1.50417e-05 
-0.00103 1.62 4.28411e-05 
-0.00103 1.624 9.16571e-05 
-0.00103 1.628 0.000156415 
-0.00103 1.632 0.000168224 
-0.00103 1.636 0.000139625 
-0.00103 1.64 8.16208e-05 
-0.00103 1.644 1.94015e-05 
-0.00103 1.648 1.88707e-08 
0.000970006 1.596 4.37868e-10 
0.000970006 1.6 6.96215e-09 
0.000970006 1.604 8.13906e-08 
0.000970006 1.608 6.9442e-07 
0.000970006 1.612 4.32477e-06 
0.000970006 1.616 1.84122e-05 
0.000970006 1.62 6.00637e-05 
0.000970006 1.624 0.000138261 
0.000970006 1.628 0.000220859 
0.000970006 1.632 0.000247208 
0.000970006 1.636 0.000219902 
0.000970006 1.64 0.000126839 
0.000970006 1.644 3.91226e-05 
0.000970006 1.648 1.7821e-07 
0.00297001 1.596 2.7693e-10 
0.00297001 1.6 4.92324e-09 
0.00297001 1.604 6.32527e-08 
0.00297001 1.608 5.89569e-07 
0.00297001 1.612 3.71486e-06 
0.00297001 1.616 1.70395e-05 
0.00297001 1.62 5.72467e-05 
0.00297001 1.624 0.000144561 
0.00297001 1.628 0.000238218 
0.00297001 1.632 0.000317766 
0.00297001 1.636 0.000268544 
0.00297001 1.64 0.000188005 
0.00297001 1.644 7.43721e-05 
0.00297001 1.648 2.78387e-06 
0.00497001 1.596 2.89416e-10 
0.00497001 1.6 5.4269e-09 
0.00497001 1.604 7.17279e-08 
0.00497001 1.608 6.62945e-07 
0.00497001 1.612 4.0867e-06 
0.00497001 1.616 1.94431e-05 
0.00497001 1.62 6.04404e-05 
0.00497001 1.624 0.000136436 
0.00497001 1.628 0.000235096 
0.00497001 1.632 0.00028935 
0.00497001 1.636 0.000268551 
0.00497001 1.64 0.000168238 
0.00497001 1.644 7.7712e-05 
0.00497001 1.648 7.53446e-06 
0.00497001 1.652 5.1947e-10 
0.00697002 1.596 2.05537e-10 
0.00697002 1.6 4.4153e-09 
0.00697002 1.604 6.61888e-08 
0.00697002 1.608 6.56231e-07 
0.00697002 1.612 4.55693e-06 
0.00697002 1.616 2.12102e-05 
0.00697002 1.62 7.47583e-05 
0.00697002 1.624 0.000179925 
0.00697002 1.628 0.000326997 
0.00697002 1.632 0.000426263 
0.00697002 1.636 0.00038789 
0.00697002 1.64 0.000282985 
0.00697002 1.644 0.000134836 
0.00697002 1.648 2.37729e-05 
0.00697002 1.652 2.03419e-08 
0.00896999 1.596 1.87851e-10 
0.00896999 1.6 3.69835e-09 
0.00896999 1.604 4.68935e-08 
0.00896999 1.608 4.7964e-07 
0.00896999 1.612 3.47689e-06 
0.00896999 1.616 1.85068e-05 
0.00896999 1.62 6.4634e-05 
0.00896999 1.624 0.000163095 
0.00896999 1.628 0.000295437 
0.00896999 1.632 0.000394893 
0.00896999 1.636 0.000381639 
0.00896999 1.64 0.00027908 
0.00896999 1.644 0.000142654 
0.00896999 1.648 3.82647e-05 
0.00896999 1.652 2.39152e-07 
0.01097 1.596 1.78502e-10 
0.01097 1.6 3.78637e-09 
0.01097 1.604 5.60858e-08 
0.01097 1.608 6.17042e-07 
0.01097 1.612 4.43868e-06 
0.01097 1.616 2.14582e-05 
0.01097 1.62 8.04663e-05 
0.01097 1.624 0.00021259 
0.01097 1.628 0.000399557 
0.01097 1.632 0.000542939 
0.01097 1.636 0.000564317 
0.01097 1.64 0.000372638 
0.01097 1.644 0.000204976 
0.01097 1.648 6.42029e-05 
0.01097 1.652 1.51932e-06 
0.01297 1.596 1.09093e-10 
0.01297 1.6 2.44802e-09 
0.01297 1.604 4.28159e-08 
0.01297 1.608 4.35057e-07 
0.01297 1.612 3.29264e-06 
0.01297 1.616 1.75547e-05 
0.01297 1.62 6.99973e-05 
0.01297 1.624 0.000192343 
0.01297 1.628 0.000409057 
0.01297 1.632 0.000610524 
0.01297 1.636 0.000639559 
0.01297 1.64 0.000522072 
0.01297 1.644 0.000266851 
0.01297 1.648 0.000102314 
0.01297 1.652 7.84441e-06 
0.01297 1.656 1.44793e-10 
0.01497 1.596 1.14152e-10 
0.01497 1.6 2.66576e-09 
0.01497 1.604 4.18469e-08 
0.01497 1.608 4.88809e-07 
0.01497 1.612 3.79971e-06 
0.01497 1.616 2.18402e-05 
0.01497 1.62 8.4001e-05 
0.01497 1.624 0.000233314 
0.01497 1.628 0.000441662 
0.01497 1.632 0.000632973 
0.01497 1.636 0.000676459 
0.01497 1.64 0.000502682 
0.01497 1.644 0.000282525 
0.01497 1.648 0.000106162 
0.01497 1.652 1.88742e-05 
0.01497 1.656 5.59666e-09 
0.01697 1.6 1.64621e-09 
0.01697 1.604 3.088e-08 
0.01697 1.608 3.91307e-07 
0.01697 1.612 3.26121e-06 
0.01697 1.616 2.00738e-05 
0.01697 1.62 8.70754e-05 
0.01697 1.624 0.000263531 
0.01697 1.628 0.00058545 
0.01697 1.632 0.000855032 
0.01697 1.636 0.000953339 
0.01697 1.64 0.000707063 
0.01697 1.644 0.000413597 
0.01697 1.648 0.000168892 
0.01697 1.652 3.49393e-05 
0.01697 1.656 2.20592e-07 
0.01897 1.6 1.53862e-09 
0.01897 1.604 2.8413e-08 
0.01897 1.608 3.30754e-07 
0.01897 1.612 3.01177e-06 
0.01897 1.616 1.73892e-05 
0.01897 1.62 7.06658e-05 
0.01897 1.624 0.000214266 
0.01897 1.628 0.000481234 
0.01897 1.632 0.000787458 
0.01897 1.636 0.000883503 
0.01897 1.64 0.000770593 
0.01897 1.644 0.000430136 
0.01897 1.648 0.000185191 
0.01897 1.652 5.52892e-05 
0.01897 1.656 7.47113e-07 
0.02097 1.6 1.31567e-09 
0.02097 1.604 2.46632e-08 
0.02097 1.608 3.53862e-07 
0.02097 1.612 3.18747e-06 
0.02097 1.616 2.1126e-05 
0.02097 1.62 9.47671e-05 
0.02097 1.624 0.000313086 
0.02097 1.628 0.000686154 
0.02097 1.632 0.00115865 
0.02097 1.636 0.00127718 
0.02097 1.64 0.00108247 
0.02097 1.644 0.000656922 
0.02097 1.648 0.000277478 
0.02097 1.652 8.14938e-05 
0.02097 1.656 5.08115e-06 
0.02097 1.66 1.0837e-10 
0.02297 1.6 8.37106e-10 
0.02297 1.604 1.61217e-08 
0.02297 1.608 2.34737e-07 
0.02297 1.612 2.203e-06 
0.02297 1.616 1.58781e-05 
0.02297 1.62 8.12362e-05 
0.02297 1.624 0.000265006 
0.02297 1.628 0.000676103 
0.02297 1.632 0.00115157 
0.02297 1.636 0.0015136 
0.02297 1.64 0.00130466 
0.02297 1.644 0.000815627 
0.02297 1.648 0.000381406 
0.02297 1.652 0.000109655 
0.02297 1.656 1.54092e-05 
0.02297 1.66 2.59561e-09 
0.02497 1.6 7.17299e-10 
0.02497 1.604 1.61226e-08 
0.02497 1.608 2.2702e-07 
0.02497 1.612 2.32379e-06 
0.02497 1.616 1.68334e-05 
0.02497 1.62 8.0269e-05 
0.02497 1.624 0.000289749 
0.02497 1.628 0.00070841 
0.02497 1.632 0.00130234 
0.02497 1.636 0.00150362 
0.02497 1.64 0.00140589 
0.02497 1.644 0.000845101 
0.02497 1.648 0.000408391 
0.02497 1.652 0.000129375 
0.02497 1.656 2.42997e-05 
0.02497 1.66 1.12715e-07 
0.02697 1.6 5.63353e-10 
0.02697 1.604 1.23439e-08 
0.02697 1.608 1.84297e-07 
0.02697 1.612 2.0786e-06 
0.02697 1.616 1.47422e-05 
0.02697 1.62 8.2404e-05 
0.02697 1.624 0.000293751 
0.02697 1.628 0.000780976 
0.02697 1.632 0.00144921 
0.02697 1.636 0.00191948 
0.02697 1.64 0.00174017 
0.02697 1.644 0.00120593 
0.02697 1.648 0.000501052 
0.02697 1.652 0.000171585 
0.02697 1.656 3.40177e-05 
0.02697 1.66 4.46083e-07 
0.02897 1.6 3.74883e-10 
0.02897 1.604 9.0067e-09 
0.02897 1.608 1.39694e-07 
0.02897 1.612 1.69398e-06 
0.02897 1.616 1.33524e-05 
0.02897 1.62 6.90522e-05 
0.02897 1.624 0.000264413 
0.02897 1.628 0.0007296 
0.02897 1.632 0.0014005 
0.02897 1.636 0.00196759 
0.02897 1.64 0.00184837 
0.02897 1.644 0.0013083 
0.02897 1.648 0.000654709 
0.02897 1.652 0.000211575 
0.02897 1.656 5.29093e-05 
0.02897 1.66 2.88353e-06 
0.03097 1.6 3.25237e-10 
0.03097 1.604 8.06153e-09 
0.03097 1.608 1.37468e-07 
0.03097 1.612 1.49026e-06 
0.03097 1.616 1.28534e-05 
0.03097 1.62 7.2903e-05 
0.03097 1.624 0.000309042 
0.03097 1.628 0.000839376 
0.03097 1.632 0.00169316 
0.03097 1.636 0.00224722 
0.03097 1.64 0.00229983 
0.03097 1.644 0.00156623 
0.03097 1.648 0.000803331 
0.03097 1.652 0.000284419 
0.03097 1.656 6.94457e-05 
0.03097 1.66 7.02215e-06 
0.03097 1.664 4.61581e-09 
0.03297 1.6 1.66672e-10 
0.03297 1.604 5.52572e-09 
0.03297 1.608 9.96249e-08 
0.03297 1.612 1.24184e-06 
0.03297 1.616 1.03607e-05 
0.03297 1.62 6.07184e-05 
0.03297 1.624 0.000258633 
0.03297 1.628 0.000776488 
0.03297 1.632 0.00173289 
0.03297 1.636 0.00248746 
0.03297 1.64 0.00256242 
0.03297 1.644 0.001903 
0.03297 1.648 0.00101426 
0.03297 1.652 0.000359992 
0.03297 1.656 9.44242e-05 
0.03297 1.66 1.44787e-05 
0.03297 1.664 2.79865e-08 
0.03497 1.604 4.48564e-09 
0.03497 1.608 8.49546e-08 
0.03497 1.612 1.08548e-06 
0.03497 1.616 9.90885e-06 
0.03497 1.62 6.10425e-05 
0.03497 1.624 0.000271483 
0.03497 1.628 0.000836576 
0.03497 1.632 0.0016552 
0.03497 1.636 0.00262879 
0.03497 1.64 0.00289937 
0.03497 1.644 0.00199981 
0.03497 1.648 0.00109089 
0.03497 1.652 0.000400267 
0.03497 1.656 0.00011164 
0.03497 1.66 2.03473e-05 
0.03497 1.664 3.29122e-07 
0.03697 1.604 3.47247e-09 
0.03697 1.608 7.10521e-08 
0.03697 1.612 9.52471e-07 
0.03697 1.616 9.05413e-06 
0.03697 1.62 6.3313e-05 
0.03697 1.624 0.000269431 
0.03697 1.628 0.00082505 
0.03697 1.632 0.00189569 
0.03697 1.636 0.00283283 
0.03697 1.64 0.00324559 
0.03697 1.644 0.00247654 
0.03697 1.648 0.001387 
0.03697 1.652 0.000550356 
0.03697 1.656 0.000150814 
0.03697 1.66 2.81645e-05 
0.03697 1.664 1.0714e-06 
0.03897 1.604 2.26761e-09 
0.03897 1.608 5.05091e-08 
0.03897 1.612 7.09747e-07 
0.03897 1.616 7.29442e-06 
0.03897 1.62 4.70394e-05 
0.03897 1.624 0.000225687 
0.03897 1.628 0.000720392 
0.03897 1.632 0.00175061 
0.03897 1.636 0.00287473 
0.03897 1.64 0.00345954 
0.03897 1.644 0.00261821 
0.03897 1.648 0.00159056 
0.03897 1.652 0.000648427 
0.03897 1.656 0.000202749 
0.03897 1.66 4.03227e-05 
0.03897 1.664 3.88435e-06 
0.03897 1.668 6.10019e-10 
0.04097 1.604 1.53758e-09 
0.04097 1.608 4.31235e-08 
0.04097 1.612 7.16851e-07 
0.04097 1.616 7.43814e-06 
0.04097 1.62 5.28745e-05 
0.04097 1.624 0.000254138 
0.04097 1.628 0.000808311 
0.04097 1.632 0.00202149 
0.04097 1.636 0.00323932 
0.04097 1.64 0.00370888 
0.04097 1.644 0.00316516 
0.04097 1.648 0.0018589 
0.04097 1.652 0.000730024 
0.04097 1.656 0.000203351 
0.04097 1.66 4.40859e-05 
0.04097 1.664 5.24984e-06 
0.04097 1.668 1.7403e-08 
0.04297 1.604 7.20228e-10 
0.04297 1.608 3.11943e-08 
0.04297 1.612 4.7849e-07 
0.04297 1.616 5.17982e-06 
0.04297 1.62 3.81107e-05 
0.04297 1.624 0.000209635 
0.04297 1.628 0.00075607 
0.04297 1.632 0.00200253 
0.04297 1.636 0.0036335 
0.04297 1.64 0.00452193 
0.04297 1.644 0.00398134 
0.04297 1.648 0.00250671 
0.04297 1.652 0.00103131 
0.04297 1.656 0.000317341 
0.04297 1.66 6.76078e-05 
0.04297 1.664 9.4101e-06 
0.04297 1.668 1.03779e-07 
0.04497 1.604 2.90635e-10 
0.04497 1.608 2.51197e-08 
0.04497 1.612 4.27343e-07 
0.04497 1.616 4.93902e-06 
0.04497 1.62 3.87712e-05 
0.04497 1.624 0.000209847 
0.04497 1.628 0.000766688 
0.04497 1.632 0.00186252 
0.04497 1.636 0.0031434 
0.04497 1.64 0.00396341 
0.04497 1.644 0.00342201 
0.04497 1.648 0.00223504 
0.04497 1.652 0.00098358 
0.04497 1.656 0.000335233 
0.04497 1.66 7.71706e-05 
0.04497 1.664 1.30921e-05 
0.04497 1.668 4.58746e-07 
0.04697 1.608 1.486e-08 
0.04697 1.612 3.00382e-07 
0.04697 1.616 3.53683e-06 
0.04697 1.62 2.97772e-05 
0.04697 1.624 0.000179969 
0.04697 1.628 0.000739235 
0.04697 1.632 0.0019708 
0.04697 1.636 0.00381558 
0.04697 1.64 0.00505776 
0.04697 1.644 0.00472762 
0.04697 1.648 0.00299725 
0.04697 1.652 0.00132804 
0.04697 1.656 0.00041546 
0.04697 1.66 8.88533e-05 
0.04697 1.664 1.42655e-05 
0.04697 1.668 8.97519e-07 
0.04697 1.672 2.99972e-10 
0.04897 1.608 1.06534e-08 
0.04897 1.612 2.51936e-07 
0.04897 1.616 3.23542e-06 
0.04897 1.62 2.66241e-05 
0.04897 1.624 0.000160042 
0.04897 1.628 0.000624248 
0.04897 1.632 0.00172351 
0.04897 1.636 0.00346055 
0.04897 1.64 0.00496071 
0.04897 1.644 0.00476908 
0.04897 1.648 0.00329246 
0.04897 1.652 0.00165838 
0.04897 1.656 0.000567924 
0.04897 1.66 0.000131962 
0.04897 1.664 1.97983e-05 
0.04897 1.668 1.8778e-06 
0.04897 1.672 3.12159e-09 
0.05097 1.608 5.53997e-09 
0.05097 1.612 1.8725e-07 
0.05097 1.616 2.51682e-06 
0.05097 1.62 2.34258e-05 
0.05097 1.624 0.00015279 
0.05097 1.628 0.000645915 
0.05097 1.632 0.00194684 
0.05097 1.636 0.00400065 
0.05097 1.64 0.00572334 
0.05097 1.644 0.00562472 
0.05097 1.648 0.00383935 
0.05097 1.652 0.00176162 
0.05097 1.656 0.000601442 
0.05097 1.66 0.000147224 
0.05097 1.664 2.32263e-05 
0.05097 1.668 2.63278e-06 
0.05097 1.672 3.0428e-08 
0.05297 1.608 1.81819e-09 
0.05297 1.612 1.26158e-07 
0.05297 1.616 1.81651e-06 
0.05297 1.62 1.68246e-05 
0.05297 1.624 0.000116218 
0.05297 1.628 0.000530726 
0.05297 1.632 0.00173229 
0.05297 1.636 0.00374086 
0.05297 1.64 0.0055771 
0.05297 1.644 0.00603002 
0.05297 1.648 0.00430841 
0.05297 1.652 0.00219802 
0.05297 1.656 0.000825056 
0.05297 1.66 0.00019227 
0.05297 1.664 3.35759e-05 
0.05297 1.668 4.3513e-06 
0.05297 1.672 1.33699e-07 
0.05497 1.608 3.48302e-10 
0.05497 1.612 9.67143e-08 
0.05497 1.616 1.48365e-06 
0.05497 1.62 1.60798e-05 
0.05497 1.624 0.000106418 
0.05497 1.628 0.00049054 
0.05497 1.632 0.00162538 
0.05497 1.636 0.00359641 
0.05497 1.64 0.00581264 
0.05497 1.644 0.0058045 
0.05497 1.648 0.00455474 
0.05497 1.652 0.00256406 
0.05497 1.656 0.000967285 
0.05497 1.66 0.000258512 
0.05497 1.664 4.44637e-05 
0.05497 1.668 5.26776e-06 
0.05497 1.672 3.31389e-07 
0.05497 1.676 1.16791e-10 
0.05697 1.612 6.03389e-08 
0.05697 1.616 1.12606e-06 
0.05697 1.62 1.2771e-05 
0.05697 1.624 9.37912e-05 
0.05697 1.628 0.000473903 
0.05697 1.632 0.00153618 
0.05697 1.636 0.0038039 
0.05697 1.64 0.00612392 
0.05697 1.644 0.00674852 
0.05697 1.648 0.00533078 
0.05697 1.652 0.00291456 
0.05697 1.656 0.00108846 
0.05697 1.66 0.000270565 
0.05697 1.664 5.30553e-05 
0.05697 1.668 7.14874e-06 
0.05697 1.672 5.37069e-07 
0.05697 1.676 3.92693e-10 
0.05897 1.612 2.34048e-08 
0.05897 1.616 7.96348e-07 
0.05897 1.62 9.37043e-06 
0.05897 1.624 7.38839e-05 
0.05897 1.628 0.000406068 
0.05897 1.632 0.00151186 
0.05897 1.636 0.00362565 
0.05897 1.64 0.00613784 
0.05897 1.644 0.00725673 
0.05897 1.648 0.00599856 
0.05897 1.652 0.00335778 
0.05897 1.656 0.00133523 
0.05897 1.66 0.000361287 
0.05897 1.664 6.64007e-05 
0.05897 1.668 8.81491e-06 
0.05897 1.672 7.78566e-07 
0.05897 1.676 6.2102e-09 
0.06097 1.612 9.38831e-09 
0.06097 1.616 7.05088e-07 
0.06097 1.62 8.43837e-06 
0.06097 1.624 6.8623e-05 
0.06097 1.628 0.000334456 
0.06097 1.632 0.00120909 
0.06097 1.636 0.00305243 
0.06097 1.64 0.005484 
0.06097 1.644 0.0063658 
0.06097 1.648 0.00521656 
0.06097 1.652 0.00303955 
0.06097 1.656 0.00136792 
0.06097 1.66 0.000392155 
0.06097 1.664 7.54691e-05 
0.06097 1.668 1.05782e-05 
0.06097 1.672 1.08374e-06 
0.06097 1.676 2.86651e-08 
0.06297 1.612 1.32337e-09 
0.06297 1.616 4.55538e-07 
0.06297 1.62 6.42081e-06 
0.06297 1.624 5.92828e-05 
0.06297 1.628 0.000336527 
0.06297 1.632 0.00130629 
0.06297 1.636 0.00363549 
0.06297 1.64 0.00636604 
0.06297 1.644 0.00805151 
0.06297 1.648 0.00697032 
0.06297 1.652 0.00425967 
0.06297 1.656 0.00164923 
0.06297 1.66 0.000459399 
0.06297 1.664 8.98088e-05 
0.06297 1.668 1.29472e-05 
0.06297 1.672 1.23694e-06 
0.06297 1.676 5.67579e-08 
0.06497 1.616 2.73992e-07 
0.06497 1.62 4.73701e-06 
0.06497 1.624 3.84106e-05 
0.06497 1.628 0.000229587 
0.06497 1.632 0.000964773 
0.06497 1.636 0.00275627 
0.06497 1.64 0.00519379 
0.06497 1.644 0.00710577 
0.06497 1.648 0.00649217 
0.06497 1.652 0.00430528 
0.06497 1.656 0.00203103 
0.06497 1.66 0.000583981 
0.06497 1.664 0.000122266 
0.06497 1.668 1.83593e-05 
0.06497 1.672 1.92164e-06 
0.06497 1.676 1.08316e-07 
0.06497 1.68 1.07444e-10 
0.06697 1.616 1.44099e-07 
0.06697 1.62 3.62475e-06 
0.06697 1.624 3.52926e-05 
0.06697 1.628 0.000229741 
0.06697 1.632 0.000975553 
0.06697 1.636 0.00286312 
0.06697 1.64 0.00541447 
0.06697 1.644 0.00738285 
0.06697 1.648 0.00662419 
0.06697 1.652 0.00406357 
0.06697 1.656 0.00173582 
0.06697 1.66 0.000533518 
0.06697 1.664 0.000116996 
0.06697 1.668 1.66718e-05 
0.06697 1.672 1.83943e-06 
0.06697 1.676 1.40947e-07 
0.06697 1.68 1.40585e-09 
0.06897 1.616 3.52772e-08 
0.06897 1.62 2.3117e-06 
0.06897 1.624 2.32357e-05 
0.06897 1.628 0.00016796 
0.06897 1.632 0.000772503 
0.06897 1.636 0.00250879 
0.06897 1.64 0.0054017 
0.06897 1.644 0.00819836 
0.06897 1.648 0.00774147 
0.06897 1.652 0.00536573 
0.06897 1.656 0.00251712 
0.06897 1.66 0.000810716 
0.06897 1.664 0.000187115 
0.06897 1.668 2.85418e-05 
0.06897 1.672 3.07752e-06 
0.06897 1.676 2.07333e-07 
0.06897 1.68 3.96501e-09 
0.07097 1.616 9.38349e-09 
0.07097 1.62 1.8679e-06 
0.07097 1.624 2.34586e-05 
0.07097 1.628 0.000164678 
0.07097 1.632 0.000684556 
0.07097 1.636 0.00215139 
0.07097 1.64 0.00445319 
0.07097 1.644 0.00657533 
0.07097 1.648 0.00672593 
0.07097 1.652 0.00472886 
0.07097 1.656 0.0022469 
0.07097 1.66 0.000775881 
0.07097 1.664 0.000192179 
0.07097 1.668 3.14894e-05 
0.07097 1.672 3.62178e-06 
0.07097 1.676 2.82554e-07 
0.07097 1.68 1.00627e-08 
0.07297 1.616 5.63529e-10 
0.07297 1.62 1.05447e-06 
0.07297 1.624 1.43672e-05 
0.07297 1.628 0.000116223 
0.07297 1.632 0.000609953 
0.07297 1.636 0.00201483 
0.07297 1.64 0.00455593 
0.07297 1.644 0.00730673 
0.07297 1.648 0.00814265 
0.07297 1.652 0.00583272 
0.07297 1.656 0.00289158 
0.07297 1.66 0.0011004 
0.07297 1.664 0.000251153 
0.07297 1.668 3.9911e-05 
0.07297 1.672 4.41765e-06 
0.07297 1.676 3.27983e-07 
0.07297 1.68 1.58641e-08 
0.07497 1.62 5.38815e-07 
0.07497 1.624 1.14306e-05 
0.07497 1.628 8.59566e-05 
0.07497 1.632 0.00044875 
0.07497 1.636 0.00163584 
0.07497 1.64 0.00394973 
0.07497 1.644 0.00626964 
0.07497 1.648 0.00709087 
0.07497 1.652 0.00558726 
0.07497 1.656 0.00306909 
0.07497 1.66 0.00105918 
0.07497 1.664 0.000277734 
0.07497 1.668 4.74267e-05 
0.07497 1.672 5.32451e-06 
0.07497 1.676 4.38883e-07 
0.07497 1.68 2.11152e-08 
0.07697 1.62 1.95561e-07 
0.07697 1.624 9.14629e-06 
0.07697 1.628 7.74439e-05 
0.07697 1.632 0.000434513 
0.07697 1.636 0.00166549 
0.07697 1.64 0.00401574 
0.07697 1.644 0.00685699 
0.07697 1.648 0.00796547 
0.07697 1.652 0.00595838 
0.07697 1.656 0.00333399 
0.07697 1.66 0.00120489 
0.07697 1.664 0.000309882 
0.07697 1.668 5.38955e-05 
0.07697 1.672 6.1384e-06 
0.07697 1.676 5.40929e-07 
0.07697 1.68 3.01259e-08 
0.07697 1.684 4.82359e-10 
0.07897 1.62 2.24615e-08 
0.07897 1.624 6.01288e-06 
0.07897 1.628 6.0286e-05 
0.07897 1.632 0.000341788 
0.07897 1.636 0.00138242 
0.07897 1.64 0.00367966 
0.07897 1.644 0.0066355 
0.07897 1.648 0.00803904 
0.07897 1.652 0.00692198 
0.07897 1.656 0.00355502 
0.07897 1.66 0.0013963 
0.07897 1.664 0.000369474 
0.07897 1.668 6.44272e-05 
0.07897 1.672 8.26535e-06 
0.07897 1.676 7.51568e-07 
0.07897 1.68 4.09205e-08 
0.07897 1.684 1.04343e-09 
0.08097 1.62 8.44883e-10 
0.08097 1.624 3.50029e-06 
0.08097 1.628 4.32207e-05 
0.08097 1.632 0.000264045 
0.08097 1.636 0.00108248 
0.08097 1.64 0.00272945 
0.08097 1.644 0.00520579 
0.08097 1.648 0.00674838 
0.08097 1.652 0.00558957 
0.08097 1.656 0.00322245 
0.08097 1.66 0.00130564 
0.08097 1.664 0.000374698 
0.08097 1.668 6.75072e-05 
0.08097 1.672 9.19115e-06 
0.08097 1.676 8.04085e-07 
0.08097 1.68 4.78109e-08 
0.08097 1.684 1.85715e-09 
0.08297 1.624 1.78401e-06 
0.08297 1.628 3.6651e-05 
0.08297 1.632 0.000226011 
0.08297 1.636 0.0010096 
0.08297 1.64 0.0029044 
0.08297 1.644 0.00560472 
0.08297 1.648 0.00709048 
0.08297 1.652 0.00630873 
0.08297 1.656 0.00377016 
0.08297 1.66 0.00161876 
0.08297 1.664 0.000470253 
0.08297 1.668 8.90041e-05 
0.08297 1.672 1.11675e-05 
0.08297 1.676 1.02311e-06 
0.08297 1.68 6.51221e-08 
0.08297 1.684 2.58122e-09 
0.08497 1.624 5.71181e-07 
0.08497 1.628 2.38718e-05 
0.08497 1.632 0.000165799 
0.08497 1.636 0.000716133 
0.08497 1.64 0.00226764 
0.08497 1.644 0.00463011 
0.08497 1.648 0.00614556 
0.08497 1.652 0.00584551 
0.08497 1.656 0.00368178 
0.08497 1.66 0.00156959 
0.08497 1.664 0.000462994 
0.08497 1.668 9.8273e-05 
0.08497 1.672 1.36571e-05 
0.08497 1.676 1.23103e-06 
0.08497 1.68 7.18272e-08 
0.08497 1.684 3.45103e-09 
0.08697 1.624 8.53918e-08 
0.08697 1.628 1.52172e-05 
0.08697 1.632 0.000131013 
0.08697 1.636 0.000618494 
0.08697 1.64 0.00187518 
0.08697 1.644 0.00401329 
0.08697 1.648 0.00584864 
0.08697 1.652 0.00580148 
0.08697 1.656 0.00378424 
0.08697 1.66 0.00173172 
0.08697 1.664 0.000555968 
0.08697 1.668 0.000117312 
0.08697 1.672 1.53848e-05 
0.08697 1.676 1.50638e-06 
0.08697 1.68 1.03306e-07 
0.08697 1.684 4.24671e-09 
0.08897 1.624 5.80159e-09 
0.08897 1.628 9.29934e-06 
0.08897 1.632 9.17651e-05 
0.08897 1.636 0.000499277 
0.08897 1.64 0.00159079 
0.08897 1.644 0.00361651 
0.08897 1.648 0.00554329 
0.08897 1.652 0.0057093 
0.08897 1.656 0.00403782 
0.08897 1.66 0.00193084 
0.08897 1.664 0.0005568 
0.08897 1.668 0.000124364 
0.08897 1.672 1.78658e-05 
0.08897 1.676 1.847e-06 
0.08897 1.68 1.37576e-07 
0.08897 1.684 6.06043e-09 
0.08897 1.688 1.60443e-10 
0.09097 1.628 4.17358e-06 
0.09097 1.632 7.50653e-05 
0.09097 1.636 0.000406451 
0.09097 1.64 0.00144827 
0.09097 1.644 0.00357125 
0.09097 1.648 0.00541882 
0.09097 1.652 0.00562861 
0.09097 1.656 0.00389252 
0.09097 1.66 0.00186339 
0.09097 1.664 0.000623852 
0.09097 1.668 0.000142621 
0.09097 1.672 2.0562e-05 
0.09097 1.676 2.13516e-06 
0.09097 1.68 1.32479e-07 
0.09097 1.684 7.42641e-09 
0.09097 1.688 2.25117e-10 
0.09297 1.628 1.70581e-06 
0.09297 1.632 5.6436e-05 
0.09297 1.636 0.000326524 
0.09297 1.64 0.00119826 
0.09297 1.644 0.00278632 
0.09297 1.648 0.00480342 
0.09297 1.652 0.0055372 
0.09297 1.656 0.00406839 
0.09297 1.66 0.00216493 
0.09297 1.664 0.000738635 
0.09297 1.668 0.000176971 
0.09297 1.672 2.82463e-05 
0.09297 1.676 2.77749e-06 
0.09297 1.68 2.04575e-07 
0.09297 1.684 9.48222e-09 
0.09297 1.688 3.06596e-10 
0.09497 1.628 2.45562e-07 
0.09497 1.632 3.69809e-05 
0.09497 1.636 0.00024117 
0.09497 1.64 0.000940412 
0.09497 1.644 0.00241817 
0.09497 1.648 0.00409026 
0.09497 1.652 0.00460269 
0.09497 1.656 0.00347964 
0.09497 1.66 0.00176731 
0.09497 1.664 0.000646049 
0.09497 1.668 0.000154088 
0.09497 1.672 2.58308e-05 
0.09497 1.676 2.74277e-06 
0.09497 1.68 2.08031e-07 
0.09497 1.684 1.10419e-08 
0.09497 1.688 3.57535e-10 
0.09697 1.628 8.28841e-09 
0.09697 1.632 2.16213e-05 
0.09697 1.636 0.000187042 
0.09697 1.64 0.000773125 
0.09697 1.644 0.00230419 
0.09697 1.648 0.00414316 
0.09697 1.652 0.00497347 
0.09697 1.656 0.00413584 
0.09697 1.66 0.00226798 
0.09697 1.664 0.00076979 
0.09697 1.668 0.000187934 
0.09697 1.672 3.23088e-05 
0.09697 1.676 3.63172e-06 
0.09697 1.68 2.82453e-07 
0.09697 1.684 1.45132e-08 
0.09697 1.688 4.7403e-10 
0.09897 1.632 9.80846e-06 
0.09897 1.636 0.000135524 
0.09897 1.64 0.000600861 
0.09897 1.644 0.00152008 
0.09897 1.648 0.00285008 
0.09897 1.652 0.00367685 
0.09897 1.656 0.00309878 
0.09897 1.66 0.00181645 
0.09897 1.664 0.000700773 
0.09897 1.668 0.00018245 
0.09897 1.672 2.97501e-05 
0.09897 1.676 4.05459e-06 
0.09897 1.68 3.33618e-07 
0.09897 1.684 1.75034e-08 
0.09897 1.688 6.53014e-10 
0.10097 1.632 2.94246e-06 
0.10097 1.636 9.97426e-05 
0.10097 1.64 0.000464149 
0.10097 1.644 0.00142398 
0.10097 1.648 0.00274792 
0.10097 1.652 0.00374154 
0.10097 1.656 0.00331398 
0.10097 1.66 0.00193588 
0.10097 1.664 0.000768036 
0.10097 1.668 0.000202665 
0.10097 1.672 3.61691e-05 
0.10097 1.676 3.94269e-06 
0.10097 1.68 3.30298e-07 
0.10097 1.684 2.01321e-08 
0.10097 1.688 6.63747e-10 
0.10297 1.632 5.11415e-07 
0.10297 1.636 5.9807e-05 
0.10297 1.64 0.000330784 
0.10297 1.644 0.00105573 
0.10297 1.648 0.00215726 
0.10297 1.652 0.00319975 
0.10297 1.656 0.00311936 
0.10297 1.66 0.00204226 
0.10297 1.664 0.000828281 
0.10297 1.668 0.000238759 
0.10297 1.672 4.38541e-05 
0.10297 1.676 5.54695e-06 
0.10297 1.68 4.72543e-07 
0.10297 1.684 2.5932e-08 
0.10297 1.688 9.91413e-10 
0.10497 1.636 3.85998e-05 
0.10497 1.64 0.000289751 
0.10497 1.644 0.000945026 
0.10497 1.648 0.00210574 
0.10497 1.652 0.00290526 
0.10497 1.656 0.00270871 
0.10497 1.66 0.00171189 
0.10497 1.664 0.00075883 
0.10497 1.668 0.000220851 
0.10497 1.672 4.36651e-05 
0.10497 1.676 5.68997e-06 
0.10497 1.68 5.18639e-07 
0.10497 1.684 3.25225e-08 
0.10497 1.688 1.30175e-09 
0.10697 1.636 1.87229e-05 
0.10697 1.64 0.000210527 
0.10697 1.644 0.000737827 
0.10697 1.648 0.00172791 
0.10697 1.652 0.00267171 
0.10697 1.656 0.00269765 
0.10697 1.66 0.00189035 
0.10697 1.664 0.00083927 
0.10697 1.668 0.000254428 
0.10697 1.672 4.97653e-05 
0.10697 1.676 6.75883e-06 
0.10697 1.68 5.99784e-07 
0.10697 1.684 3.70915e-08 
0.10697 1.688 1.46619e-09 
0.10897 1.636 3.65414e-06 
0.10897 1.64 0.000128751 
0.10897 1.644 0.000509646 
0.10897 1.648 0.00129259 
0.10897 1.652 0.00208723 
0.10897 1.656 0.00225262 
0.10897 1.66 0.0016233 
0.10897 1.664 0.000813506 
0.10897 1.668 0.000261603 
0.10897 1.672 5.31025e-05 
0.10897 1.676 7.43035e-06 
0.10897 1.68 7.01148e-07 
0.10897 1.684 4.379e-08 
0.10897 1.688 1.98169e-09 
0.11097 1.636 1.01247e-06 
0.11097 1.64 9.14705e-05 
0.11097 1.644 0.000444095 
0.11097 1.648 0.0010797 
0.11097 1.652 0.00178175 
0.11097 1.656 0.00210839 
0.11097 1.66 0.00153479 
0.11097 1.664 0.000744081 
0.11097 1.668 0.000245543 
0.11097 1.672 5.2231e-05 
0.11097 1.676 7.67745e-06 
0.11097 1.68 7.46688e-07 
0.11097 1.684 4.69244e-08 
0.11097 1.688 2.03566e-09 
0.11297 1.636 2.51052e-08 
0.11297 1.64 5.40073e-05 
0.11297 1.644 0.000325498 
0.11297 1.648 0.00088008 
0.11297 1.652 0.00163753 
0.11297 1.656 0.00185737 
0.11297 1.66 0.00142445 
0.11297 1.664 0.000744556 
0.11297 1.668 0.000261154 
0.11297 1.672 5.97385e-05 
0.11297 1.676 8.52518e-06 
0.11297 1.68 9.02002e-07 
0.11297 1.684 5.73913e-08 
0.11297 1.688 2.7516e-09 
0.11497 1.64 2.36615e-05 
0.11497 1.644 0.000249203 
0.11497 1.648 0.000686206 
0.11497 1.652 0.00122068 
0.11497 1.656 0.0015348 
0.11497 1.66 0.00124245 
0.11497 1.664 0.000677462 
0.11497 1.668 0.000238804 
0.11497 1.672 5.78508e-05 
0.11497 1.676 9.01517e-06 
0.11497 1.68 9.09687e-07 
0.11497 1.684 6.7273e-08 
0.11497 1.688 3.17472e-09 
0.11697 1.64 7.21647e-06 
0.11697 1.644 0.000176401 
0.11697 1.648 0.000558039 
0.11697 1.652 0.00107215 
0.11697 1.656 0.00139853 
0.11697 1.66 0.00120519 
0.11697 1.664 0.000668965 
0.11697 1.668 0.000258405 
0.11697 1.672 6.28155e-05 
0.11697 1.676 1.0152e-05 
0.11697 1.68 1.1074e-06 
0.11697 1.684 7.77175e-08 
0.11697 1.688 3.52898e-09 
0.11697 1.692 1.07597e-10 
0.11897 1.64 1.62539e-06 
0.11897 1.644 9.89955e-05 
0.11897 1.648 0.0003818 
0.11897 1.652 0.000783706 
0.11897 1.656 0.00107449 
0.11897 1.66 0.000951113 
0.11897 1.664 0.000570327 
0.11897 1.668 0.000218746 
0.11897 1.672 5.57831e-05 
0.11897 1.676 9.66243e-06 
0.11897 1.68 1.11037e-06 
0.11897 1.684 9.06597e-08 
0.11897 1.688 4.23486e-09 
0.11897 1.692 1.43183e-10 
0.12097 1.64 3.63366e-08 
0.12097 1.644 5.97833e-05 
0.12097 1.648 0.000315196 
0.12097 1.652 0.000673809 
0.12097 1.656 0.000975889 
0.12097 1.66 0.000884683 
0.12097 1.664 0.000563112 
0.12097 1.668 0.00023303 
0.12097 1.672 5.92063e-05 
0.12097 1.676 1.06007e-05 
0.12097 1.68 1.3003e-06 
0.12097 1.684 8.63623e-08 
0.12097 1.688 4.38569e-09 
0.12097 1.692 1.57799e-10 
0.12297 1.644 2.46365e-05 
0.12297 1.648 0.000213574 
0.12297 1.652 0.000504798 
0.12297 1.656 0.000736514 
0.12297 1.66 0.000742038 
0.12297 1.664 0.000469962 
0.12297 1.668 0.000198232 
0.12297 1.672 5.74524e-05 
0.12297 1.676 1.09414e-05 
0.12297 1.68 1.29639e-06 
0.12297 1.684 1.1084e-07 
0.12297 1.688 5.63028e-09 
0.12297 1.692 1.97525e-10 
0.12497 1.644 7.34021e-06 
0.12497 1.648 0.000164582 
0.12497 1.652 0.00043381 
0.12497 1.656 0.000665799 
0.12497 1.66 0.000674348 
0.12497 1.664 0.000459452 
0.12497 1.668 0.000205181 
0.12497 1.672 5.83569e-05 
0.12497 1.676 1.06339e-05 
0.12497 1.68 1.36488e-06 
0.12497 1.684 1.11998e-07 
0.12497 1.688 6.0044e-09 
0.12497 1.692 2.18122e-10 
0.12697 1.644 1.23964e-06 
0.12697 1.648 9.58984e-05 
0.12697 1.652 0.000296087 
0.12697 1.656 0.00051803 
0.12697 1.66 0.000556078 
0.12697 1.664 0.000400326 
0.12697 1.668 0.000186718 
0.12697 1.672 5.66476e-05 
0.12697 1.676 1.12657e-05 
0.12697 1.68 1.4537e-06 
0.12697 1.684 1.28883e-07 
0.12697 1.688 7.17405e-09 
0.12697 1.692 2.65338e-10 
0.12897 1.648 5.64101e-05 
0.12897 1.652 0.000242944 
0.12897 1.656 0.000398173 
0.12897 1.66 0.00044015 
0.12897 1.664 0.000334002 
0.12897 1.668 0.00015675 
0.12897 1.672 5.17802e-05 
0.12897 1.676 1.11138e-05 
0.12897 1.68 1.54236e-06 
0.12897 1.684 1.36161e-07 
0.12897 1.688 8.00479e-09 
0.12897 1.692 2.96074e-10 
0.13097 1.648 2.49781e-05 
0.13097 1.652 0.000179036 
0.13097 1.656 0.000328183 
0.13097 1.66 0.000385697 
0.13097 1.664 0.000290412 
0.13097 1.668 0.000151208 
0.13097 1.672 4.99579e-05 
0.13097 1.676 1.09337e-05 
0.13097 1.68 1.44686e-06 
0.13097 1.684 1.30408e-07 
0.13097 1.688 8.57561e-09 
0.13097 1.692 3.26696e-10 
0.13297 1.648 6.56793e-06 
0.13297 1.652 0.000121404 
0.13297 1.656 0.000250442 
0.13297 1.66 0.00031604 
0.13297 1.664 0.000249748 
0.13297 1.668 0.000134429 
0.13297 1.672 4.69178e-05 
0.13297 1.676 1.05307e-05 
0.13297 1.68 1.57641e-06 
0.13297 1.684 1.50999e-07 
0.13297 1.688 9.48627e-09 
0.13297 1.692 3.72717e-10 
0.13497 1.648 1.03021e-06 
0.13497 1.652 7.9808e-05 
0.13497 1.656 0.00019333 
0.13497 1.66 0.000259258 
0.13497 1.664 0.000219243 
0.13497 1.668 0.00012257 
0.13497 1.672 4.2809e-05 
0.13497 1.676 1.04732e-05 
0.13497 1.68 1.66789e-06 
0.13497 1.684 1.60625e-07 
0.13497 1.688 1.03436e-08 
0.13497 1.692 4.16684e-10 
0.13697 1.648 6.6189e-08 
0.13697 1.652 3.93183e-05 
0.13697 1.656 0.000145712 
0.13697 1.66 0.000198366 
0.13697 1.664 0.000179251 
0.13697 1.668 0.000101509 
0.13697 1.672 3.80053e-05 
0.13697 1.676 9.78629e-06 
0.13697 1.68 1.54722e-06 
0.13697 1.684 1.64202e-07 
0.13697 1.688 1.0726e-08 
0.13697 1.692 5.01055e-10 
0.13897 1.652 1.93524e-05 
0.13897 1.656 0.000109839 
0.13897 1.66 0.000160873 
0.13897 1.664 0.00015463 
0.13897 1.668 9.46129e-05 
0.13897 1.672 3.74404e-05 
0.13897 1.676 9.49073e-06 
0.13897 1.68 1.62128e-06 
0.13897 1.684 1.74478e-07 
0.13897 1.688 1.21236e-08 
0.13897 1.692 5.58224e-10 
0.14097 1.652 5.26406e-06 
0.14097 1.656 6.37193e-05 
0.14097 1.66 0.000102674 
0.14097 1.664 0.000105583 
0.14097 1.668 6.65207e-05 
0.14097 1.672 2.70512e-05 
0.14097 1.676 7.49441e-06 
0.14097 1.68 1.34945e-06 
0.14097 1.684 1.50475e-07 
0.14097 1.688 1.135e-08 
0.14097 1.692 5.19073e-10 
0.14297 1.652 7.15071e-07 
0.14297 1.656 4.61551e-05 
0.14297 1.66 9.80428e-05 
0.14297 1.664 9.90238e-05 
0.14297 1.668 6.7453e-05 
0.14297 1.672 2.87212e-05 
0.14297 1.676 8.30627e-06 
0.14297 1.68 1.4914e-06 
0.14297 1.684 1.77752e-07 
0.14297 1.688 1.27756e-08 
0.14297 1.692 6.31922e-10 
0.14497 1.652 3.95004e-08 
0.14497 1.656 2.36856e-05 
0.14497 1.66 6.79935e-05 
0.14497 1.664 7.26706e-05 
0.14497 1.668 5.22542e-05 
0.14497 1.672 2.35756e-05 
0.14497 1.676 6.77809e-06 
0.14497 1.68 1.34899e-06 
0.14497 1.684 1.70999e-07 
0.14497 1.688 1.43754e-08 
0.14497 1.692 7.62241e-10 
0.14697 1.656 1.00555e-05 
0.14697 1.66 4.88531e-05 
0.14697 1.664 6.08155e-05 
0.14697 1.668 4.28374e-05 
0.14697 1.672 2.09179e-05 
0.14697 1.676 6.35625e-06 
0.14697 1.68 1.20636e-06 
0.14697 1.684 1.54455e-07 
0.14697 1.688 1.20008e-08 
0.14697 1.692 6.62189e-10 
0.14897 1.656 3.25634e-06 
0.14897 1.66 3.72331e-05 
0.14897 1.664 4.58154e-05 
0.14897 1.668 3.76383e-05 
0.14897 1.672 1.82893e-05 
0.14897 1.676 5.95252e-06 
0.14897 1.68 1.20454e-06 
0.14897 1.684 1.55409e-07 
0.14897 1.688 1.45375e-08 
0.14897 1.692 8.25548e-10 
0.15097 1.656 2.71124e-07 
0.15097 1.66 2.07628e-05 
0.15097 1.664 3.44942e-05 
0.15097 1.668 2.92688e-05 
0.15097 1.672 1.5077e-05 
0.15097 1.676 5.21458e-06 
0.15097 1.68 1.17189e-06 
0.15097 1.684 1.66695e-07 
0.15097 1.688 1.42377e-08 
0.15097 1.692 8.14255e-10 
0.15297 1.656 2.27132e-08 
0.15297 1.66 1.0859e-05 
0.15297 1.664 2.47113e-05 
0.15297 1.668 2.10447e-05 
0.15297 1.672 1.19351e-05 
0.15297 1.676 4.24251e-06 
0.15297 1.68 8.87473e-07 
0.15297 1.684 1.3511e-07 
0.15297 1.688 1.36359e-08 
0.15297 1.692 8.06583e-10 
0.15497 1.66 4.32236e-06 
0.15497 1.664 2.08048e-05 
0.15497 1.668 1.95797e-05 
0.15497 1.672 1.08927e-05 
0.15497 1.676 4.00412e-06 
0.15497 1.68 9.35938e-07 
0.15497 1.684 1.35921e-07 
0.15497 1.688 1.34914e-08 
0.15497 1.692 7.80326e-10 
0.15697 1.66 1.27924e-06 
0.15697 1.664 1.22427e-05 
0.15697 1.668 1.28767e-05 
0.15697 1.672 7.89235e-06 
0.15697 1.676 3.02521e-06 
0.15697 1.68 7.96085e-07 
0.15697 1.684 1.31718e-07 
0.15697 1.688 1.25061e-08 
0.15697 1.692 8.93616e-10 
0.15897 1.66 1.53551e-07 
0.15897 1.664 7.15453e-06 
0.15897 1.668 9.43792e-06 
0.15897 1.672 6.19893e-06 
0.15897 1.676 2.6137e-06 
0.15897 1.68 5.99841e-07 
0.15897 1.684 1.00394e-07 
0.15897 1.688 1.15095e-08 
0.15897 1.692 7.04171e-10 
0.16097 1.66 8.02941e-09 
0.16097 1.664 3.94915e-06 
0.16097 1.668 7.72562e-06 
0.16097 1.672 5.38541e-06 
0.16097 1.676 2.21002e-06 
0.16097 1.68 6.28732e-07 
0.16097 1.684 1.05318e-07 
0.16097 1.688 1.17008e-08 
0.16097 1.692 8.3537e-10 
0.16297 1.664 1.4436e-06 
0.16297 1.668 5.22543e-06 
0.16297 1.672 3.74417e-06 
0.16297 1.676 1.79461e-06 
0.16297 1.68 4.72658e-07 
0.16297 1.684 9.31255e-08 
0.16297 1.688 1.04327e-08 
0.16297 1.692 7.81113e-10 
0.16497 1.664 3.47764e-07 
0.16497 1.668 3.55369e-06 
0.16497 1.672 2.83195e-06 
0.16497 1.676 1.38628e-06 
0.16497 1.68 4.21584e-07 
0.16497 1.684 7.82283e-08 
0.16497 1.688 9.83317e-09 
0.16497 1.692 7.21744e-10 
0.16697 1.664 5.56025e-08 
0.16697 1.668 2.02814e-06 
0.16697 1.672 2.25905e-06 
0.16697 1.676 1.12962e-06 
0.16697 1.68 3.46818e-07 
0.16697 1.684 7.16977e-08 
0.16697 1.688 8.56281e-09 
0.16697 1.692 7.24863e-10 
0.16897 1.664 3.19177e-09 
0.16897 1.668 1.04637e-06 
0.16897 1.672 1.59477e-06 
0.16897 1.676 8.76627e-07 
0.16897 1.68 2.97482e-07 
0.16897 1.684 5.98994e-08 
0.16897 1.688 7.7073e-09 
0.16897 1.692 7.0414e-10 
0.17097 1.668 4.2146e-07 
0.17097 1.672 1.31829e-06 
0.17097 1.676 7.37814e-07 
0.17097 1.68 2.54479e-07 
0.17097 1.684 5.64226e-08 
0.17097 1.688 7.42278e-09 
0.17097 1.692 6.23587e-10 
0.17297 1.668 1.12308e-07 
0.17297 1.672 7.96768e-07 
0.17297 1.676 5.40786e-07 
0.17297 1.68 2.03456e-07 
0.17297 1.684 4.58887e-08 
0.17297 1.688 6.6235e-09 
0.17297 1.692 6.18592e-10 
0.17497 1.668 1.22666e-08 
0.17497 1.672 5.01421e-07 
0.17497 1.676 4.53174e-07 
0.17497 1.68 1.69668e-07 
0.17497 1.684 4.0919e-08 
0.17497 1.688 6.48274e-09 
0.17497 1.692 6.16169e-10 
0.17697 1.668 6.73937e-10 
0.17697 1.672 2.09201e-07 
0.17697 1.676 2.76767e-07 
0.17697 1.68 1.16372e-07 
0.17697 1.684 2.90991e-08 
0.17697 1.688 4.6399e-09 
0.17697 1.692 5.02487e-10 
0.17897 1.672 6.89447e-08 
0.17897 1.676 1.88269e-07 
0.17897 1.68 8.26601e-08 
0.17897 1.684 2.28365e-08 
0.17897 1.688 3.79944e-09 
0.17897 1.692 3.99364e-10 
0.18097 1.672 1.80915e-08 
0.18097 1.676 1.31356e-07 
0.18097 1.68 6.66798e-08 
0.18097 1.684 1.93252e-08 
0.18097 1.688 3.43749e-09 
0.18097 1.692 3.7939e-10 
0.18297 1.672 3.23715e-09 
0.18297 1.676 7.32671e-08 
0.18297 1.68 5.11591e-08 
0.18297 1.684 1.51227e-08 
0.18297 1.688 2.84511e-09 
0.18297 1.692 3.29618e-10 
0.18497 1.676 3.23489e-08 
0.18497 1.68 3.51423e-08 
0.18497 1.684 1.12647e-08 
0.18497 1.688 2.12423e-09 
0.18497 1.692 2.66373e-10 
0.18697 1.676 1.42723e-08 
0.18697 1.68 2.7176e-08 
0.18697 1.684 9.45273e-09 
0.18697 1.688 1.88794e-09 
0.18697 1.692 2.44105e-10 
0.18897 1.676 3.40885e-09 
0.18897 1.68 1.81114e-08 
0.18897 1.684 6.94515e-09 
0.18897 1.688 1.49617e-09 
0.18897 1.692 1.98273e-10 
0.19097 1.676 5.55084e-10 
0.19097 1.68 9.49489e-09 
0.19097 1.684 4.93161e-09 
0.19097 1.688 1.12635e-09 
0.19097 1.692 1.61293e-10 
0.19297 1.68 5.50082e-09 
0.19297 1.684 4.14845e-09 
0.19297 1.688 1.03877e-09 
0.19297 1.692 1.512e-10 
0.19497 1.68 1.70161e-09 
0.19497 1.684 2.66205e-09 
0.19497 1.688 6.97918e-10 
0.19497 1.692 1.03136e-10 
0.19697 1.68 3.37081e-10 
0.19697 1.684 1.80829e-09 
0.19697 1.688 5.45547e-10 
0.19897 1.684 9.79234e-10 
0.19897 1.688 3.98403e-10 
0.20097 1.684 4.23892e-10 
0.20097 1.688 2.87157e-10 
0.20297 1.684 1.40415e-10 
0.20297 1.688 2.11603e-10 
0.20497 1.688 1.34e-10 
