#logm logr JPDF
-0.06703 1.604 1.77766e-10 
-0.06503 1.6 1.63502e-10 
-0.06503 1.604 5.50357e-10 
-0.06503 1.608 1.51759e-10 
-0.06303 1.596 1.08639e-10 
-0.06303 1.6 4.80888e-10 
-0.06303 1.604 1.75483e-09 
-0.06303 1.608 1.62838e-09 
-0.06103 1.596 2.52873e-10 
-0.06103 1.6 1.43142e-09 
-0.06103 1.604 5.35822e-09 
-0.06103 1.608 1.09515e-08 
-0.05903 1.596 6.39891e-10 
-0.05903 1.6 2.48651e-09 
-0.05903 1.604 9.58628e-09 
-0.05903 1.608 2.35427e-08 
-0.05903 1.612 6.09915e-09 
-0.05703 1.592 1.42389e-10 
-0.05703 1.596 9.54565e-10 
-0.05703 1.6 4.56338e-09 
-0.05703 1.604 1.86232e-08 
-0.05703 1.608 5.10956e-08 
-0.05703 1.612 2.81799e-08 
-0.05503 1.592 2.10425e-10 
-0.05503 1.596 1.49329e-09 
-0.05503 1.6 7.51761e-09 
-0.05503 1.604 3.16993e-08 
-0.05503 1.608 8.95781e-08 
-0.05503 1.612 1.12291e-07 
-0.05303 1.592 4.70956e-10 
-0.05303 1.596 3.57357e-09 
-0.05303 1.6 1.77832e-08 
-0.05303 1.604 7.3641e-08 
-0.05303 1.608 2.262e-07 
-0.05303 1.612 4.4773e-07 
-0.05303 1.616 6.55877e-08 
-0.05103 1.592 5.28294e-10 
-0.05103 1.596 3.73115e-09 
-0.05103 1.6 2.06311e-08 
-0.05103 1.604 9.16114e-08 
-0.05103 1.608 2.74858e-07 
-0.05103 1.612 6.70499e-07 
-0.05103 1.616 2.65582e-07 
-0.04903 1.592 6.67792e-10 
-0.04903 1.596 5.2744e-09 
-0.04903 1.6 2.95689e-08 
-0.04903 1.604 1.33056e-07 
-0.04903 1.608 4.6317e-07 
-0.04903 1.612 1.21127e-06 
-0.04903 1.616 1.17924e-06 
-0.04703 1.592 1.01984e-09 
-0.04703 1.596 9.26976e-09 
-0.04703 1.6 5.6326e-08 
-0.04703 1.604 2.63926e-07 
-0.04703 1.608 8.8117e-07 
-0.04703 1.612 2.08816e-06 
-0.04703 1.616 3.12702e-06 
-0.04703 1.62 1.33749e-07 
-0.04503 1.588 1.10146e-10 
-0.04503 1.592 1.22583e-09 
-0.04503 1.596 9.50115e-09 
-0.04503 1.6 5.95731e-08 
-0.04503 1.604 2.43035e-07 
-0.04503 1.608 8.48803e-07 
-0.04503 1.612 2.18933e-06 
-0.04503 1.616 3.90686e-06 
-0.04503 1.62 9.71881e-07 
-0.04303 1.592 1.16258e-09 
-0.04303 1.596 9.22748e-09 
-0.04303 1.6 6.19149e-08 
-0.04303 1.604 2.73245e-07 
-0.04303 1.608 9.78224e-07 
-0.04303 1.612 2.69394e-06 
-0.04303 1.616 5.63418e-06 
-0.04303 1.62 2.71968e-06 
-0.04103 1.588 1.13359e-10 
-0.04103 1.592 1.35276e-09 
-0.04103 1.596 1.23926e-08 
-0.04103 1.6 8.24823e-08 
-0.04103 1.604 4.28518e-07 
-0.04103 1.608 1.50612e-06 
-0.04103 1.612 4.16798e-06 
-0.04103 1.616 8.63006e-06 
-0.04103 1.62 8.73974e-06 
-0.04103 1.624 4.26776e-09 
-0.03903 1.588 1.28992e-10 
-0.03903 1.592 1.51606e-09 
-0.03903 1.596 1.34862e-08 
-0.03903 1.6 9.32592e-08 
-0.03903 1.604 4.1978e-07 
-0.03903 1.608 1.59714e-06 
-0.03903 1.612 4.43126e-06 
-0.03903 1.616 8.37997e-06 
-0.03903 1.62 1.16375e-05 
-0.03903 1.624 7.20696e-07 
-0.03703 1.592 1.24226e-09 
-0.03703 1.596 1.22572e-08 
-0.03703 1.6 8.76626e-08 
-0.03703 1.604 4.49526e-07 
-0.03703 1.608 1.77654e-06 
-0.03703 1.612 4.72504e-06 
-0.03703 1.616 1.14579e-05 
-0.03703 1.62 1.81509e-05 
-0.03703 1.624 4.83291e-06 
-0.03503 1.592 1.36662e-09 
-0.03503 1.596 1.30884e-08 
-0.03503 1.6 9.88002e-08 
-0.03503 1.604 5.18151e-07 
-0.03503 1.608 2.05981e-06 
-0.03503 1.612 6.34767e-06 
-0.03503 1.616 1.39995e-05 
-0.03503 1.62 2.27226e-05 
-0.03503 1.624 1.30137e-05 
-0.03303 1.588 1.04238e-10 
-0.03303 1.592 1.51603e-09 
-0.03303 1.596 1.57591e-08 
-0.03303 1.6 1.24336e-07 
-0.03303 1.604 7.24983e-07 
-0.03303 1.608 2.85773e-06 
-0.03303 1.612 8.67869e-06 
-0.03303 1.616 1.96935e-05 
-0.03303 1.62 3.42392e-05 
-0.03303 1.624 2.96106e-05 
-0.03303 1.628 3.06112e-07 
-0.03103 1.592 1.29036e-09 
-0.03103 1.596 1.29217e-08 
-0.03103 1.6 1.00547e-07 
-0.03103 1.604 5.9728e-07 
-0.03103 1.608 2.49319e-06 
-0.03103 1.612 7.91478e-06 
-0.03103 1.616 1.85753e-05 
-0.03103 1.62 3.5515e-05 
-0.03103 1.624 3.83319e-05 
-0.03103 1.628 4.32274e-06 
-0.02903 1.592 1.15619e-09 
-0.02903 1.596 1.38253e-08 
-0.02903 1.6 1.13635e-07 
-0.02903 1.604 7.16327e-07 
-0.02903 1.608 3.27613e-06 
-0.02903 1.612 1.05103e-05 
-0.02903 1.616 2.71591e-05 
-0.02903 1.62 4.85247e-05 
-0.02903 1.624 6.32537e-05 
-0.02903 1.628 1.64595e-05 
-0.02703 1.592 1.14631e-09 
-0.02703 1.596 1.42096e-08 
-0.02703 1.6 1.14355e-07 
-0.02703 1.604 7.05799e-07 
-0.02703 1.608 3.4932e-06 
-0.02703 1.612 1.19109e-05 
-0.02703 1.616 2.98028e-05 
-0.02703 1.62 5.47775e-05 
-0.02703 1.624 7.6985e-05 
-0.02703 1.628 3.62918e-05 
-0.02703 1.632 1.33308e-07 
-0.02503 1.592 1.36074e-09 
-0.02503 1.596 1.5541e-08 
-0.02503 1.6 1.35748e-07 
-0.02503 1.604 8.65743e-07 
-0.02503 1.608 4.01582e-06 
-0.02503 1.612 1.35839e-05 
-0.02503 1.616 3.37677e-05 
-0.02503 1.62 6.04464e-05 
-0.02503 1.624 8.5974e-05 
-0.02503 1.628 6.7572e-05 
-0.02503 1.632 1.66588e-06 
-0.02303 1.592 8.56425e-10 
-0.02303 1.596 1.16008e-08 
-0.02303 1.6 1.01395e-07 
-0.02303 1.604 7.10598e-07 
-0.02303 1.608 3.52244e-06 
-0.02303 1.612 1.28368e-05 
-0.02303 1.616 3.43755e-05 
-0.02303 1.62 6.9274e-05 
-0.02303 1.624 0.000109551 
-0.02303 1.628 0.000103365 
-0.02303 1.632 1.08513e-05 
-0.02103 1.592 9.64297e-10 
-0.02103 1.596 1.35493e-08 
-0.02103 1.6 1.20752e-07 
-0.02103 1.604 8.94824e-07 
-0.02103 1.608 4.41103e-06 
-0.02103 1.612 1.68611e-05 
-0.02103 1.616 4.73744e-05 
-0.02103 1.62 9.20042e-05 
-0.02103 1.624 0.000140004 
-0.02103 1.628 0.000153659 
-0.02103 1.632 3.72291e-05 
-0.02103 1.636 1.00137e-08 
-0.01903 1.592 7.36012e-10 
-0.01903 1.596 1.05982e-08 
-0.01903 1.6 1.14842e-07 
-0.01903 1.604 8.16484e-07 
-0.01903 1.608 4.20904e-06 
-0.01903 1.612 1.71773e-05 
-0.01903 1.616 4.68959e-05 
-0.01903 1.62 9.59291e-05 
-0.01903 1.624 0.0001369 
-0.01903 1.628 0.000165272 
-0.01903 1.632 7.19542e-05 
-0.01903 1.636 1.78257e-07 
-0.01703 1.592 8.4718e-10 
-0.01703 1.596 1.15442e-08 
-0.01703 1.6 1.14231e-07 
-0.01703 1.604 8.34817e-07 
-0.01703 1.608 4.33003e-06 
-0.01703 1.612 1.74182e-05 
-0.01703 1.616 4.86337e-05 
-0.01703 1.62 0.000107423 
-0.01703 1.624 0.000163168 
-0.01703 1.628 0.000200486 
-0.01703 1.632 0.000131801 
-0.01703 1.636 2.76335e-06 
-0.01503 1.592 4.90035e-10 
-0.01503 1.596 8.37499e-09 
-0.01503 1.6 8.90008e-08 
-0.01503 1.604 7.52329e-07 
-0.01503 1.608 4.60412e-06 
-0.01503 1.612 1.96195e-05 
-0.01503 1.616 6.41349e-05 
-0.01503 1.62 0.000142639 
-0.01503 1.624 0.000250408 
-0.01503 1.628 0.000300658 
-0.01503 1.632 0.000246641 
-0.01503 1.636 1.96068e-05 
-0.01303 1.592 6.10535e-10 
-0.01303 1.596 8.9907e-09 
-0.01303 1.6 1.03617e-07 
-0.01303 1.604 8.07177e-07 
-0.01303 1.608 5.09218e-06 
-0.01303 1.612 2.03368e-05 
-0.01303 1.616 6.63365e-05 
-0.01303 1.62 0.000149153 
-0.01303 1.624 0.000236194 
-0.01303 1.628 0.000291407 
-0.01303 1.632 0.000249145 
-0.01303 1.636 4.72517e-05 
-0.01103 1.592 5.13749e-10 
-0.01103 1.596 7.84284e-09 
-0.01103 1.6 9.55565e-08 
-0.01103 1.604 8.42154e-07 
-0.01103 1.608 4.82224e-06 
-0.01103 1.612 2.22264e-05 
-0.01103 1.616 7.05359e-05 
-0.01103 1.62 0.000169562 
-0.01103 1.624 0.000303028 
-0.01103 1.628 0.000387853 
-0.01103 1.632 0.000380096 
-0.01103 1.636 0.000147039 
-0.01103 1.64 5.01798e-07 
-0.00902998 1.592 3.44875e-10 
-0.00902998 1.596 6.20703e-09 
-0.00902998 1.6 7.1594e-08 
-0.00902998 1.604 6.73614e-07 
-0.00902998 1.608 4.10776e-06 
-0.00902998 1.612 1.84151e-05 
-0.00902998 1.616 6.69498e-05 
-0.00902998 1.62 0.000164075 
-0.00902998 1.624 0.000294552 
-0.00902998 1.628 0.000389647 
-0.00902998 1.632 0.00037861 
-0.00902998 1.636 0.000193008 
-0.00902998 1.64 2.7173e-06 
-0.00703001 1.592 3.3261e-10 
-0.00703001 1.596 6.25722e-09 
-0.00703001 1.6 8.6106e-08 
-0.00703001 1.604 7.87026e-07 
-0.00703001 1.608 5.55558e-06 
-0.00703001 1.612 2.64361e-05 
-0.00703001 1.616 9.2768e-05 
-0.00703001 1.62 0.000238515 
-0.00703001 1.624 0.000448617 
-0.00703001 1.628 0.00060148 
-0.00703001 1.632 0.000578565 
-0.00703001 1.636 0.00038435 
-0.00703001 1.64 2.70277e-05 
-0.00503001 1.592 2.52973e-10 
-0.00503001 1.596 4.61913e-09 
-0.00503001 1.6 5.315e-08 
-0.00503001 1.604 5.5877e-07 
-0.00503001 1.608 3.76447e-06 
-0.00503001 1.612 1.98015e-05 
-0.00503001 1.616 6.89999e-05 
-0.00503001 1.62 0.000181461 
-0.00503001 1.624 0.000333358 
-0.00503001 1.628 0.000453357 
-0.00503001 1.632 0.000494062 
-0.00503001 1.636 0.000383537 
-0.00503001 1.64 6.67559e-05 
-0.00303 1.592 2.18907e-10 
-0.00303 1.596 4.49931e-09 
-0.00303 1.6 6.17721e-08 
-0.00303 1.604 6.22134e-07 
-0.00303 1.608 4.41661e-06 
-0.00303 1.612 2.4216e-05 
-0.00303 1.616 8.88953e-05 
-0.00303 1.62 0.000238822 
-0.00303 1.624 0.000494446 
-0.00303 1.628 0.000701364 
-0.00303 1.632 0.000716043 
-0.00303 1.636 0.00055866 
-0.00303 1.64 0.000160579 
-0.00303 1.644 2.73399e-07 
-0.00103 1.592 1.29444e-10 
-0.00103 1.596 2.99185e-09 
-0.00103 1.6 4.2518e-08 
-0.00103 1.604 4.18474e-07 
-0.00103 1.608 3.18501e-06 
-0.00103 1.612 1.78975e-05 
-0.00103 1.616 7.01172e-05 
-0.00103 1.62 0.000195057 
-0.00103 1.624 0.000416984 
-0.00103 1.628 0.000647006 
-0.00103 1.632 0.000758801 
-0.00103 1.636 0.000671593 
-0.00103 1.64 0.000303228 
-0.00103 1.644 4.95789e-06 
0.000970006 1.592 1.39723e-10 
0.000970006 1.596 2.84403e-09 
0.000970006 1.6 4.77397e-08 
0.000970006 1.604 5.34065e-07 
0.000970006 1.608 4.03361e-06 
0.000970006 1.612 2.57158e-05 
0.000970006 1.616 0.000102045 
0.000970006 1.62 0.000302153 
0.000970006 1.624 0.000638912 
0.000970006 1.628 0.000894279 
0.000970006 1.632 0.00100165 
0.000970006 1.636 0.00077816 
0.000970006 1.64 0.000409507 
0.000970006 1.644 1.75384e-05 
0.00297001 1.596 2.08971e-09 
0.00297001 1.6 3.26223e-08 
0.00297001 1.604 3.95772e-07 
0.00297001 1.608 3.45176e-06 
0.00297001 1.612 1.87844e-05 
0.00297001 1.616 8.12793e-05 
0.00297001 1.62 0.000257067 
0.00297001 1.624 0.00060298 
0.00297001 1.628 0.000996062 
0.00297001 1.632 0.00113296 
0.00297001 1.636 0.000951188 
0.00297001 1.64 0.000583997 
0.00297001 1.644 9.66063e-05 
0.00297001 1.648 1.9745e-08 
0.00497001 1.596 2.14023e-09 
0.00497001 1.6 3.93021e-08 
0.00497001 1.604 4.49565e-07 
0.00497001 1.608 3.77256e-06 
0.00497001 1.612 2.32949e-05 
0.00497001 1.616 0.000101529 
0.00497001 1.62 0.000320046 
0.00497001 1.624 0.000640948 
0.00497001 1.628 0.000957584 
0.00497001 1.632 0.00116271 
0.00497001 1.636 0.00104575 
0.00497001 1.64 0.000630392 
0.00497001 1.644 0.000158485 
0.00497001 1.648 2.08579e-07 
0.00697002 1.596 1.62479e-09 
0.00697002 1.6 2.70237e-08 
0.00697002 1.604 3.60754e-07 
0.00697002 1.608 3.23432e-06 
0.00697002 1.612 2.10452e-05 
0.00697002 1.616 9.47127e-05 
0.00697002 1.62 0.000291435 
0.00697002 1.624 0.000700056 
0.00697002 1.628 0.00117645 
0.00697002 1.632 0.00142662 
0.00697002 1.636 0.00129232 
0.00697002 1.64 0.00083377 
0.00697002 1.644 0.000299522 
0.00697002 1.648 6.27999e-06 
0.00896999 1.596 1.28512e-09 
0.00896999 1.6 2.42864e-08 
0.00896999 1.604 3.05226e-07 
0.00896999 1.608 2.73157e-06 
0.00896999 1.612 1.71742e-05 
0.00896999 1.616 8.8911e-05 
0.00896999 1.62 0.000298834 
0.00896999 1.624 0.000692591 
0.00896999 1.628 0.00115902 
0.00896999 1.632 0.0014536 
0.00896999 1.636 0.00133328 
0.00896999 1.64 0.00086923 
0.00896999 1.644 0.000431458 
0.00896999 1.648 1.52172e-05 
0.01097 1.596 9.56137e-10 
0.01097 1.6 1.92592e-08 
0.01097 1.604 2.7041e-07 
0.01097 1.608 2.517e-06 
0.01097 1.612 1.76804e-05 
0.01097 1.616 8.36291e-05 
0.01097 1.62 0.000296715 
0.01097 1.624 0.000730508 
0.01097 1.628 0.00131075 
0.01097 1.632 0.00169489 
0.01097 1.636 0.00166063 
0.01097 1.64 0.0012345 
0.01097 1.644 0.000558277 
0.01097 1.648 7.5154e-05 
0.01297 1.596 6.64634e-10 
0.01297 1.6 1.49949e-08 
0.01297 1.604 1.97142e-07 
0.01297 1.608 2.01736e-06 
0.01297 1.612 1.54415e-05 
0.01297 1.616 7.68556e-05 
0.01297 1.62 0.000280739 
0.01297 1.624 0.000728409 
0.01297 1.628 0.00137017 
0.01297 1.632 0.00186912 
0.01297 1.636 0.00196679 
0.01297 1.64 0.00140408 
0.01297 1.644 0.000771801 
0.01297 1.648 0.00016833 
0.01297 1.652 3.67567e-07 
0.01497 1.596 5.61549e-10 
0.01497 1.6 1.23728e-08 
0.01497 1.604 1.90324e-07 
0.01497 1.608 2.06799e-06 
0.01497 1.612 1.48551e-05 
0.01497 1.616 7.85722e-05 
0.01497 1.62 0.0003208 
0.01497 1.624 0.000836896 
0.01497 1.628 0.00169246 
0.01497 1.632 0.00252468 
0.01497 1.636 0.00238574 
0.01497 1.64 0.00167833 
0.01497 1.644 0.000865074 
0.01497 1.648 0.000256483 
0.01497 1.652 2.51534e-06 
0.01697 1.596 3.99121e-10 
0.01697 1.6 9.098e-09 
0.01697 1.604 1.31226e-07 
0.01697 1.608 1.51208e-06 
0.01697 1.612 1.32006e-05 
0.01697 1.616 7.17704e-05 
0.01697 1.62 0.000269934 
0.01697 1.624 0.000857117 
0.01697 1.628 0.00171989 
0.01697 1.632 0.00238622 
0.01697 1.636 0.00267421 
0.01697 1.64 0.00191407 
0.01697 1.644 0.00112354 
0.01697 1.648 0.000413944 
0.01697 1.652 1.81257e-05 
0.01897 1.596 3.15235e-10 
0.01897 1.6 7.09775e-09 
0.01897 1.604 1.25806e-07 
0.01897 1.608 1.52896e-06 
0.01897 1.612 1.14075e-05 
0.01897 1.616 7.05547e-05 
0.01897 1.62 0.000296557 
0.01897 1.624 0.000859656 
0.01897 1.628 0.00178323 
0.01897 1.632 0.00263524 
0.01897 1.636 0.00299826 
0.01897 1.64 0.00233688 
0.01897 1.644 0.00119791 
0.01897 1.648 0.000463449 
0.01897 1.652 5.3438e-05 
0.02097 1.596 2.17117e-10 
0.02097 1.6 5.34818e-09 
0.02097 1.604 8.83198e-08 
0.02097 1.608 1.17527e-06 
0.02097 1.612 1.02571e-05 
0.02097 1.616 6.39143e-05 
0.02097 1.62 0.000271176 
0.02097 1.624 0.000787888 
0.02097 1.628 0.00176908 
0.02097 1.632 0.0030244 
0.02097 1.636 0.00314826 
0.02097 1.64 0.00247692 
0.02097 1.644 0.00155373 
0.02097 1.648 0.000603172 
0.02097 1.652 0.000117676 
0.02097 1.656 9.98585e-08 
0.02297 1.596 1.47741e-10 
0.02297 1.6 4.23232e-09 
0.02297 1.604 8.05655e-08 
0.02297 1.608 1.0319e-06 
0.02297 1.612 9.77858e-06 
0.02297 1.616 5.81006e-05 
0.02297 1.62 0.000254476 
0.02297 1.624 0.000882005 
0.02297 1.628 0.00193207 
0.02297 1.632 0.00306717 
0.02297 1.636 0.00359322 
0.02297 1.64 0.00303535 
0.02297 1.644 0.00183053 
0.02297 1.648 0.000743178 
0.02297 1.652 0.000177911 
0.02297 1.656 2.6519e-06 
0.02497 1.596 1.10355e-10 
0.02497 1.6 3.08775e-09 
0.02497 1.604 6.27779e-08 
0.02497 1.608 7.71733e-07 
0.02497 1.612 8.37373e-06 
0.02497 1.616 5.24918e-05 
0.02497 1.62 0.000245709 
0.02497 1.624 0.000804419 
0.02497 1.628 0.00187908 
0.02497 1.632 0.00316056 
0.02497 1.636 0.00396624 
0.02497 1.64 0.00309666 
0.02497 1.644 0.00197349 
0.02497 1.648 0.000868571 
0.02497 1.652 0.000251304 
0.02497 1.656 7.22023e-06 
0.02697 1.6 2.3641e-09 
0.02697 1.604 4.76838e-08 
0.02697 1.608 6.99669e-07 
0.02697 1.612 6.56139e-06 
0.02697 1.616 4.79081e-05 
0.02697 1.62 0.000235694 
0.02697 1.624 0.000770614 
0.02697 1.628 0.00196528 
0.02697 1.632 0.00353189 
0.02697 1.636 0.00419933 
0.02697 1.64 0.00382189 
0.02697 1.644 0.00227372 
0.02697 1.648 0.00103588 
0.02697 1.652 0.000324035 
0.02697 1.656 2.84475e-05 
0.02897 1.6 1.89622e-09 
0.02897 1.604 3.66277e-08 
0.02897 1.608 6.04086e-07 
0.02897 1.612 5.95315e-06 
0.02897 1.616 4.16633e-05 
0.02897 1.62 0.000224647 
0.02897 1.624 0.000758887 
0.02897 1.628 0.00215045 
0.02897 1.632 0.00349105 
0.02897 1.636 0.00436119 
0.02897 1.64 0.00397502 
0.02897 1.644 0.00254633 
0.02897 1.648 0.00116508 
0.02897 1.652 0.000414113 
0.02897 1.656 6.05828e-05 
0.02897 1.66 1.39507e-08 
0.03097 1.6 1.20343e-09 
0.03097 1.604 2.85468e-08 
0.03097 1.608 4.19187e-07 
0.03097 1.612 4.96598e-06 
0.03097 1.616 3.56595e-05 
0.03097 1.62 0.000187167 
0.03097 1.624 0.000751181 
0.03097 1.628 0.00178174 
0.03097 1.632 0.00340554 
0.03097 1.636 0.00470208 
0.03097 1.64 0.00430709 
0.03097 1.644 0.00291861 
0.03097 1.648 0.00147993 
0.03097 1.652 0.000486155 
0.03097 1.656 0.000101929 
0.03097 1.66 9.07892e-07 
0.03297 1.6 8.54104e-10 
0.03297 1.604 2.09773e-08 
0.03297 1.608 3.48843e-07 
0.03297 1.612 4.13016e-06 
0.03297 1.616 3.30335e-05 
0.03297 1.62 0.000172518 
0.03297 1.624 0.000643846 
0.03297 1.628 0.00185017 
0.03297 1.632 0.00365063 
0.03297 1.636 0.00487473 
0.03297 1.64 0.00466943 
0.03297 1.644 0.00319641 
0.03297 1.648 0.00160874 
0.03297 1.652 0.000559177 
0.03297 1.656 0.000131229 
0.03297 1.66 4.57248e-06 
0.03497 1.6 5.67816e-10 
0.03497 1.604 1.46398e-08 
0.03497 1.608 2.70803e-07 
0.03497 1.612 3.1327e-06 
0.03497 1.616 2.61608e-05 
0.03497 1.62 0.000144324 
0.03497 1.624 0.000579399 
0.03497 1.628 0.00170133 
0.03497 1.632 0.00368692 
0.03497 1.636 0.00518328 
0.03497 1.64 0.00523112 
0.03497 1.644 0.00371633 
0.03497 1.648 0.00187349 
0.03497 1.652 0.00072504 
0.03497 1.656 0.000184035 
0.03497 1.66 1.35806e-05 
0.03697 1.6 3.35864e-10 
0.03697 1.604 1.1468e-08 
0.03697 1.608 2.11616e-07 
0.03697 1.612 2.54229e-06 
0.03697 1.616 2.21678e-05 
0.03697 1.62 0.000133628 
0.03697 1.624 0.000589253 
0.03697 1.628 0.00167991 
0.03697 1.632 0.00344645 
0.03697 1.636 0.00518823 
0.03697 1.64 0.00576691 
0.03697 1.644 0.00427686 
0.03697 1.648 0.00231706 
0.03697 1.652 0.000887054 
0.03697 1.656 0.000230195 
0.03697 1.66 2.94381e-05 
0.03697 1.664 1.01518e-08 
0.03897 1.6 1.86157e-10 
0.03897 1.604 7.12112e-09 
0.03897 1.608 1.66189e-07 
0.03897 1.612 2.00897e-06 
0.03897 1.616 1.80354e-05 
0.03897 1.62 0.000117055 
0.03897 1.624 0.000506268 
0.03897 1.628 0.00169868 
0.03897 1.632 0.00361251 
0.03897 1.636 0.00556389 
0.03897 1.64 0.00577639 
0.03897 1.644 0.00437574 
0.03897 1.648 0.00254741 
0.03897 1.652 0.00100447 
0.03897 1.656 0.000249456 
0.03897 1.66 4.19455e-05 
0.03897 1.664 2.77584e-07 
0.04097 1.604 5.89106e-09 
0.04097 1.608 1.28222e-07 
0.04097 1.612 1.74077e-06 
0.04097 1.616 1.56242e-05 
0.04097 1.62 0.000109474 
0.04097 1.624 0.000511639 
0.04097 1.628 0.00153704 
0.04097 1.632 0.0035311 
0.04097 1.636 0.00549294 
0.04097 1.64 0.00612738 
0.04097 1.644 0.00492957 
0.04097 1.648 0.00291737 
0.04097 1.652 0.00112776 
0.04097 1.656 0.000315267 
0.04097 1.66 6.21715e-05 
0.04097 1.664 1.62172e-06 
0.04297 1.604 3.67471e-09 
0.04297 1.608 8.34232e-08 
0.04297 1.612 1.31159e-06 
0.04297 1.616 1.30347e-05 
0.04297 1.62 9.17076e-05 
0.04297 1.624 0.000468996 
0.04297 1.628 0.00158308 
0.04297 1.632 0.00366488 
0.04297 1.636 0.00611403 
0.04297 1.64 0.00721778 
0.04297 1.644 0.00587801 
0.04297 1.648 0.00317463 
0.04297 1.652 0.00119945 
0.04297 1.656 0.000336786 
0.04297 1.66 7.53086e-05 
0.04297 1.664 4.92378e-06 
0.04497 1.604 2.59372e-09 
0.04497 1.608 6.3742e-08 
0.04497 1.612 1.02084e-06 
0.04497 1.616 1.01034e-05 
0.04497 1.62 6.899e-05 
0.04497 1.624 0.000359639 
0.04497 1.628 0.00127984 
0.04497 1.632 0.00321419 
0.04497 1.636 0.00529907 
0.04497 1.64 0.00661588 
0.04497 1.644 0.00555389 
0.04497 1.648 0.0034 
0.04497 1.652 0.001531 
0.04497 1.656 0.000450906 
0.04497 1.66 9.3924e-05 
0.04497 1.664 9.94319e-06 
0.04497 1.668 7.49559e-09 
0.04697 1.604 1.33505e-09 
0.04697 1.608 4.50077e-08 
0.04697 1.612 7.08783e-07 
0.04697 1.616 8.27842e-06 
0.04697 1.62 6.30487e-05 
0.04697 1.624 0.000333054 
0.04697 1.628 0.00123065 
0.04697 1.632 0.00322022 
0.04697 1.636 0.00582806 
0.04697 1.64 0.00754167 
0.04697 1.644 0.0064406 
0.04697 1.648 0.00396423 
0.04697 1.652 0.00164265 
0.04697 1.656 0.000520545 
0.04697 1.66 0.000112056 
0.04697 1.664 1.35787e-05 
0.04697 1.668 5.04046e-08 
0.04897 1.604 5.80943e-10 
0.04897 1.608 3.42312e-08 
0.04897 1.612 6.19391e-07 
0.04897 1.616 6.80704e-06 
0.04897 1.62 4.86118e-05 
0.04897 1.624 0.000267493 
0.04897 1.628 0.000980813 
0.04897 1.632 0.00248789 
0.04897 1.636 0.00505545 
0.04897 1.64 0.00689882 
0.04897 1.644 0.00610467 
0.04897 1.648 0.00389233 
0.04897 1.652 0.00185838 
0.04897 1.656 0.000649515 
0.04897 1.66 0.000137282 
0.04897 1.664 2.22323e-05 
0.04897 1.668 5.28997e-07 
0.05097 1.604 1.20695e-10 
0.05097 1.608 1.90219e-08 
0.05097 1.612 3.71759e-07 
0.05097 1.616 4.93903e-06 
0.05097 1.62 4.12582e-05 
0.05097 1.624 0.000254191 
0.05097 1.628 0.00105 
0.05097 1.632 0.00291682 
0.05097 1.636 0.00565433 
0.05097 1.64 0.00728004 
0.05097 1.644 0.0074739 
0.05097 1.648 0.00499472 
0.05097 1.652 0.00230016 
0.05097 1.656 0.000667527 
0.05097 1.66 0.000156772 
0.05097 1.664 2.56796e-05 
0.05097 1.668 1.1702e-06 
0.05297 1.608 1.37476e-08 
0.05297 1.612 2.98759e-07 
0.05297 1.616 4.00788e-06 
0.05297 1.62 3.47059e-05 
0.05297 1.624 0.000199977 
0.05297 1.628 0.000797423 
0.05297 1.632 0.00237167 
0.05297 1.636 0.00515686 
0.05297 1.64 0.00702853 
0.05297 1.644 0.00623345 
0.05297 1.648 0.0044459 
0.05297 1.652 0.00238676 
0.05297 1.656 0.000835992 
0.05297 1.66 0.000202694 
0.05297 1.664 3.40329e-05 
0.05297 1.668 2.831e-06 
0.05297 1.672 3.12334e-09 
0.05497 1.608 6.34604e-09 
0.05497 1.612 1.8622e-07 
0.05497 1.616 2.90831e-06 
0.05497 1.62 2.57683e-05 
0.05497 1.624 0.000164485 
0.05497 1.628 0.000743451 
0.05497 1.632 0.00249313 
0.05497 1.636 0.00523624 
0.05497 1.64 0.00750737 
0.05497 1.644 0.00767893 
0.05497 1.648 0.00560774 
0.05497 1.652 0.00252011 
0.05497 1.656 0.000881719 
0.05497 1.66 0.000221881 
0.05497 1.664 3.63227e-05 
0.05497 1.668 3.63606e-06 
0.05497 1.672 1.98226e-08 
0.05697 1.608 2.99056e-09 
0.05697 1.612 1.57622e-07 
0.05697 1.616 2.10729e-06 
0.05697 1.62 2.22874e-05 
0.05697 1.624 0.000139059 
0.05697 1.628 0.000632279 
0.05697 1.632 0.00197518 
0.05697 1.636 0.00424241 
0.05697 1.64 0.00637317 
0.05697 1.644 0.00671435 
0.05697 1.648 0.00504632 
0.05697 1.652 0.00268129 
0.05697 1.656 0.000962384 
0.05697 1.66 0.000264998 
0.05697 1.664 4.45886e-05 
0.05697 1.668 5.90583e-06 
0.05697 1.672 9.78525e-08 
0.05897 1.608 5.98236e-10 
0.05897 1.612 9.83415e-08 
0.05897 1.616 1.58601e-06 
0.05897 1.62 1.52741e-05 
0.05897 1.624 0.000107372 
0.05897 1.628 0.000568121 
0.05897 1.632 0.00194884 
0.05897 1.636 0.00458726 
0.05897 1.64 0.00687573 
0.05897 1.644 0.00758088 
0.05897 1.648 0.00583584 
0.05897 1.652 0.00306758 
0.05897 1.656 0.00112006 
0.05897 1.66 0.000258746 
0.05897 1.664 4.93836e-05 
0.05897 1.668 6.83776e-06 
0.05897 1.672 2.22133e-07 
0.06097 1.612 6.44804e-08 
0.06097 1.616 1.16163e-06 
0.06097 1.62 1.2645e-05 
0.06097 1.624 9.34591e-05 
0.06097 1.628 0.000409403 
0.06097 1.632 0.00151161 
0.06097 1.636 0.00348973 
0.06097 1.64 0.00569995 
0.06097 1.644 0.00663842 
0.06097 1.648 0.00526677 
0.06097 1.652 0.00298332 
0.06097 1.656 0.00118552 
0.06097 1.66 0.000339165 
0.06097 1.664 6.34048e-05 
0.06097 1.668 8.34341e-06 
0.06097 1.672 5.65955e-07 
0.06097 1.676 1.63602e-10 
0.06297 1.612 3.09452e-08 
0.06297 1.616 8.10437e-07 
0.06297 1.62 9.1538e-06 
0.06297 1.624 7.43221e-05 
0.06297 1.628 0.000398222 
0.06297 1.632 0.00150315 
0.06297 1.636 0.00347811 
0.06297 1.64 0.00619344 
0.06297 1.644 0.00720953 
0.06297 1.648 0.00583988 
0.06297 1.652 0.00330843 
0.06297 1.656 0.0013181 
0.06297 1.66 0.0003834 
0.06297 1.664 6.96579e-05 
0.06297 1.668 1.01882e-05 
0.06297 1.672 8.53709e-07 
0.06297 1.676 3.39681e-09 
0.06497 1.612 1.22373e-08 
0.06497 1.616 5.52991e-07 
0.06497 1.62 7.07462e-06 
0.06497 1.624 5.29441e-05 
0.06497 1.628 0.000283036 
0.06497 1.632 0.0011453 
0.06497 1.636 0.00284066 
0.06497 1.64 0.0049641 
0.06497 1.644 0.0064515 
0.06497 1.648 0.00566447 
0.06497 1.652 0.00328628 
0.06497 1.656 0.00143415 
0.06497 1.66 0.000389379 
0.06497 1.664 8.27338e-05 
0.06497 1.668 1.24582e-05 
0.06497 1.672 1.08895e-06 
0.06497 1.676 1.88364e-08 
0.06697 1.612 2.02106e-09 
0.06697 1.616 3.66265e-07 
0.06697 1.62 4.74602e-06 
0.06697 1.624 4.42192e-05 
0.06697 1.628 0.000258726 
0.06697 1.632 0.00109569 
0.06697 1.636 0.00291004 
0.06697 1.64 0.0053549 
0.06697 1.644 0.00654523 
0.06697 1.648 0.00578205 
0.06697 1.652 0.00366402 
0.06697 1.656 0.0015259 
0.06697 1.66 0.000469653 
0.06697 1.664 9.89972e-05 
0.06697 1.668 1.30931e-05 
0.06697 1.672 1.39727e-06 
0.06697 1.676 4.29229e-08 
0.06897 1.616 2.36744e-07 
0.06897 1.62 3.70919e-06 
0.06897 1.624 2.96513e-05 
0.06897 1.628 0.000189877 
0.06897 1.632 0.000861639 
0.06897 1.636 0.00240207 
0.06897 1.64 0.0048409 
0.06897 1.644 0.00651737 
0.06897 1.648 0.00606376 
0.06897 1.652 0.00393086 
0.06897 1.656 0.00180337 
0.06897 1.66 0.000534853 
0.06897 1.664 0.00011339 
0.06897 1.668 1.71893e-05 
0.06897 1.672 1.72442e-06 
0.06897 1.676 8.66119e-08 
0.07097 1.616 1.26136e-07 
0.07097 1.62 2.54925e-06 
0.07097 1.624 2.62055e-05 
0.07097 1.628 0.000166092 
0.07097 1.632 0.000712507 
0.07097 1.636 0.00202684 
0.07097 1.64 0.00401442 
0.07097 1.644 0.00601606 
0.07097 1.648 0.00595983 
0.07097 1.652 0.00381768 
0.07097 1.656 0.0017106 
0.07097 1.66 0.000575598 
0.07097 1.664 0.000128569 
0.07097 1.668 2.00107e-05 
0.07097 1.672 2.11029e-06 
0.07097 1.676 1.4041e-07 
0.07097 1.68 4.10357e-10 
0.07297 1.616 5.84215e-08 
0.07297 1.62 1.76836e-06 
0.07297 1.624 1.7023e-05 
0.07297 1.628 0.000126013 
0.07297 1.632 0.000605684 
0.07297 1.636 0.00190355 
0.07297 1.64 0.00380183 
0.07297 1.644 0.00554192 
0.07297 1.648 0.00563671 
0.07297 1.652 0.00422191 
0.07297 1.656 0.00191714 
0.07297 1.66 0.000595526 
0.07297 1.664 0.000143014 
0.07297 1.668 2.1352e-05 
0.07297 1.672 2.39808e-06 
0.07297 1.676 1.75549e-07 
0.07297 1.68 1.51825e-09 
0.07497 1.616 1.0706e-08 
0.07497 1.62 1.34729e-06 
0.07497 1.624 1.4629e-05 
0.07497 1.628 9.48796e-05 
0.07497 1.632 0.000466727 
0.07497 1.636 0.00154319 
0.07497 1.64 0.00345184 
0.07497 1.644 0.00527348 
0.07497 1.648 0.0051564 
0.07497 1.652 0.00350227 
0.07497 1.656 0.00181557 
0.07497 1.66 0.000631421 
0.07497 1.664 0.000156527 
0.07497 1.668 2.58734e-05 
0.07497 1.672 2.8778e-06 
0.07497 1.676 2.26292e-07 
0.07497 1.68 6.02141e-09 
0.07697 1.616 1.29533e-09 
0.07697 1.62 6.97884e-07 
0.07697 1.624 9.70226e-06 
0.07697 1.628 7.5977e-05 
0.07697 1.632 0.00038461 
0.07697 1.636 0.00133994 
0.07697 1.64 0.00308256 
0.07697 1.644 0.00520433 
0.07697 1.648 0.00563789 
0.07697 1.652 0.00405252 
0.07697 1.656 0.00196258 
0.07697 1.66 0.000679477 
0.07697 1.664 0.00015785 
0.07697 1.668 2.74133e-05 
0.07697 1.672 2.95746e-06 
0.07697 1.676 2.57972e-07 
0.07697 1.68 1.14529e-08 
0.07897 1.62 3.59838e-07 
0.07897 1.624 6.11452e-06 
0.07897 1.628 4.86493e-05 
0.07897 1.632 0.000276423 
0.07897 1.636 0.00103066 
0.07897 1.64 0.00254007 
0.07897 1.644 0.00402867 
0.07897 1.648 0.00481488 
0.07897 1.652 0.00381077 
0.07897 1.656 0.00198062 
0.07897 1.66 0.000737489 
0.07897 1.664 0.000186548 
0.07897 1.668 3.25877e-05 
0.07897 1.672 4.12816e-06 
0.07897 1.676 3.26728e-07 
0.07897 1.68 1.42328e-08 
0.08097 1.62 1.4674e-07 
0.08097 1.624 4.56326e-06 
0.08097 1.628 3.92974e-05 
0.08097 1.632 0.000233636 
0.08097 1.636 0.00088984 
0.08097 1.64 0.00218958 
0.08097 1.644 0.00377373 
0.08097 1.648 0.00428541 
0.08097 1.652 0.00343103 
0.08097 1.656 0.00190434 
0.08097 1.66 0.00073144 
0.08097 1.664 0.000186378 
0.08097 1.668 3.46359e-05 
0.08097 1.672 4.30436e-06 
0.08097 1.676 3.47697e-07 
0.08097 1.68 2.26142e-08 
0.08097 1.684 1.72243e-10 
0.08297 1.62 2.69595e-08 
0.08297 1.624 3.11103e-06 
0.08297 1.628 2.93838e-05 
0.08297 1.632 0.000166034 
0.08297 1.636 0.00066042 
0.08297 1.64 0.00170567 
0.08297 1.644 0.00316775 
0.08297 1.648 0.0040499 
0.08297 1.652 0.00340337 
0.08297 1.656 0.0019165 
0.08297 1.66 0.000751974 
0.08297 1.664 0.000212962 
0.08297 1.668 4.11576e-05 
0.08297 1.672 5.09528e-06 
0.08297 1.676 4.26158e-07 
0.08297 1.68 2.50945e-08 
0.08297 1.684 5.09017e-10 
0.08497 1.624 1.75964e-06 
0.08497 1.628 2.03873e-05 
0.08497 1.632 0.000131501 
0.08497 1.636 0.000564396 
0.08497 1.64 0.00158904 
0.08497 1.644 0.00301099 
0.08497 1.648 0.00370668 
0.08497 1.652 0.00315717 
0.08497 1.656 0.00189334 
0.08497 1.66 0.000757017 
0.08497 1.664 0.000215234 
0.08497 1.668 3.75663e-05 
0.08497 1.672 5.49519e-06 
0.08497 1.676 5.14578e-07 
0.08497 1.68 3.13574e-08 
0.08497 1.684 1.0792e-09 
0.08697 1.624 1.00545e-06 
0.08697 1.628 1.34954e-05 
0.08697 1.632 8.81572e-05 
0.08697 1.636 0.000401032 
0.08697 1.64 0.00120694 
0.08697 1.644 0.00235043 
0.08697 1.648 0.00320877 
0.08697 1.652 0.00321518 
0.08697 1.656 0.00205551 
0.08697 1.66 0.000858666 
0.08697 1.664 0.000248268 
0.08697 1.668 4.88636e-05 
0.08697 1.672 6.30907e-06 
0.08697 1.676 5.83151e-07 
0.08697 1.68 3.55689e-08 
0.08697 1.684 1.40033e-09 
0.08897 1.624 3.31656e-07 
0.08897 1.628 1.02564e-05 
0.08897 1.632 7.52717e-05 
0.08897 1.636 0.000329946 
0.08897 1.64 0.00102991 
0.08897 1.644 0.00212006 
0.08897 1.648 0.00299518 
0.08897 1.652 0.00261715 
0.08897 1.656 0.00177395 
0.08897 1.66 0.000760001 
0.08897 1.664 0.000234922 
0.08897 1.668 4.96184e-05 
0.08897 1.672 6.70329e-06 
0.08897 1.676 6.99072e-07 
0.08897 1.68 4.74509e-08 
0.08897 1.684 2.1594e-09 
0.09097 1.624 6.72518e-08 
0.09097 1.628 6.95736e-06 
0.09097 1.632 5.12108e-05 
0.09097 1.636 0.00024707 
0.09097 1.64 0.000813316 
0.09097 1.644 0.0017484 
0.09097 1.648 0.00252494 
0.09097 1.652 0.00263084 
0.09097 1.656 0.001786 
0.09097 1.66 0.000823228 
0.09097 1.664 0.000253321 
0.09097 1.668 5.49799e-05 
0.09097 1.672 8.09358e-06 
0.09097 1.676 7.71323e-07 
0.09097 1.68 4.81257e-08 
0.09097 1.684 2.23946e-09 
0.09297 1.628 4.07453e-06 
0.09297 1.632 3.96792e-05 
0.09297 1.636 0.000200877 
0.09297 1.64 0.000698045 
0.09297 1.644 0.00157285 
0.09297 1.648 0.00238083 
0.09297 1.652 0.00234415 
0.09297 1.656 0.00162388 
0.09297 1.66 0.000764825 
0.09297 1.664 0.000253396 
0.09297 1.668 5.62199e-05 
0.09297 1.672 8.17757e-06 
0.09297 1.676 8.60646e-07 
0.09297 1.68 6.22986e-08 
0.09297 1.684 2.93385e-09 
0.09497 1.628 1.89715e-06 
0.09497 1.632 2.57919e-05 
0.09497 1.636 0.000135605 
0.09497 1.64 0.00049778 
0.09497 1.644 0.00119326 
0.09497 1.648 0.00191876 
0.09497 1.652 0.00206321 
0.09497 1.656 0.00156715 
0.09497 1.66 0.000829108 
0.09497 1.664 0.000276366 
0.09497 1.668 6.18346e-05 
0.09497 1.672 9.11616e-06 
0.09497 1.676 9.29033e-07 
0.09497 1.68 6.54255e-08 
0.09497 1.684 3.15245e-09 
0.09697 1.628 7.28376e-07 
0.09697 1.632 1.75645e-05 
0.09697 1.636 0.000104246 
0.09697 1.64 0.000388569 
0.09697 1.644 0.00099916 
0.09697 1.648 0.00164705 
0.09697 1.652 0.0019253 
0.09697 1.656 0.00140668 
0.09697 1.66 0.000726047 
0.09697 1.664 0.000246133 
0.09697 1.668 5.98701e-05 
0.09697 1.672 9.53756e-06 
0.09697 1.676 1.02455e-06 
0.09697 1.68 7.43828e-08 
0.09697 1.684 3.91996e-09 
0.09697 1.688 1.38998e-10 
0.09897 1.628 1.2638e-07 
0.09897 1.632 1.2591e-05 
0.09897 1.636 7.57418e-05 
0.09897 1.64 0.000294643 
0.09897 1.644 0.000753657 
0.09897 1.648 0.00136202 
0.09897 1.652 0.00157838 
0.09897 1.656 0.0012237 
0.09897 1.66 0.000704745 
0.09897 1.664 0.000259731 
0.09897 1.668 6.42283e-05 
0.09897 1.672 1.0986e-05 
0.09897 1.676 1.19942e-06 
0.09897 1.68 9.29002e-08 
0.09897 1.684 4.24584e-09 
0.09897 1.688 1.55315e-10 
0.10097 1.632 6.77064e-06 
0.10097 1.636 5.25683e-05 
0.10097 1.64 0.000229981 
0.10097 1.644 0.000649928 
0.10097 1.648 0.00118289 
0.10097 1.652 0.00145235 
0.10097 1.656 0.00120109 
0.10097 1.66 0.000639291 
0.10097 1.664 0.00023796 
0.10097 1.668 5.88612e-05 
0.10097 1.672 1.02496e-05 
0.10097 1.676 1.20012e-06 
0.10097 1.68 9.13487e-08 
0.10097 1.684 5.17434e-09 
0.10097 1.688 2.01844e-10 
0.10297 1.632 3.80591e-06 
0.10297 1.636 3.77428e-05 
0.10297 1.64 0.00016296 
0.10297 1.644 0.000495232 
0.10297 1.648 0.000921996 
0.10297 1.652 0.00120866 
0.10297 1.656 0.00105544 
0.10297 1.66 0.000619865 
0.10297 1.664 0.000260539 
0.10297 1.668 7.05492e-05 
0.10297 1.672 1.20687e-05 
0.10297 1.676 1.51621e-06 
0.10297 1.68 1.16767e-07 
0.10297 1.684 6.13425e-09 
0.10297 1.688 1.90385e-10 
0.10497 1.632 1.14102e-06 
0.10497 1.636 2.60789e-05 
0.10497 1.64 0.000123368 
0.10497 1.644 0.000393401 
0.10497 1.648 0.000797289 
0.10497 1.652 0.00103565 
0.10497 1.656 0.000945843 
0.10497 1.66 0.00060007 
0.10497 1.664 0.000228597 
0.10497 1.668 6.20785e-05 
0.10497 1.672 1.14511e-05 
0.10497 1.676 1.43753e-06 
0.10497 1.68 1.21682e-07 
0.10497 1.684 6.77056e-09 
0.10497 1.688 2.72122e-10 
0.10697 1.632 2.56249e-07 
0.10697 1.636 1.80024e-05 
0.10697 1.64 8.77814e-05 
0.10697 1.644 0.000276549 
0.10697 1.648 0.000599381 
0.10697 1.652 0.000851611 
0.10697 1.656 0.000807599 
0.10697 1.66 0.000484851 
0.10697 1.664 0.000212239 
0.10697 1.668 6.5652e-05 
0.10697 1.672 1.28406e-05 
0.10697 1.676 1.57511e-06 
0.10697 1.68 1.41341e-07 
0.10697 1.684 8.17422e-09 
0.10697 1.688 3.19514e-10 
0.10897 1.636 9.7849e-06 
0.10897 1.64 6.23673e-05 
0.10897 1.644 0.000214259 
0.10897 1.648 0.000495018 
0.10897 1.652 0.00074648 
0.10897 1.656 0.000741631 
0.10897 1.66 0.000485903 
0.10897 1.664 0.000213267 
0.10897 1.668 6.21807e-05 
0.10897 1.672 1.15035e-05 
0.10897 1.676 1.4961e-06 
0.10897 1.68 1.35643e-07 
0.10897 1.684 7.63499e-09 
0.10897 1.688 3.09007e-10 
0.11097 1.636 4.7148e-06 
0.11097 1.64 4.4465e-05 
0.11097 1.644 0.000150698 
0.11097 1.648 0.000362096 
0.11097 1.652 0.000568217 
0.11097 1.656 0.000578812 
0.11097 1.66 0.0004048 
0.11097 1.664 0.000182113 
0.11097 1.668 5.84178e-05 
0.11097 1.672 1.29347e-05 
0.11097 1.676 1.75737e-06 
0.11097 1.68 1.6994e-07 
0.11097 1.684 1.12062e-08 
0.11097 1.688 4.49201e-10 
0.11297 1.636 1.71873e-06 
0.11297 1.64 3.15238e-05 
0.11297 1.644 0.000122043 
0.11297 1.648 0.000309993 
0.11297 1.652 0.000494849 
0.11297 1.656 0.000525899 
0.11297 1.66 0.000370025 
0.11297 1.664 0.000183538 
0.11297 1.668 5.77923e-05 
0.11297 1.672 1.33459e-05 
0.11297 1.676 1.78244e-06 
0.11297 1.68 1.65476e-07 
0.11297 1.684 1.05392e-08 
0.11297 1.688 4.20239e-10 
0.11497 1.636 3.53908e-07 
0.11497 1.64 2.01445e-05 
0.11497 1.644 8.75828e-05 
0.11497 1.648 0.000221138 
0.11497 1.652 0.000384122 
0.11497 1.656 0.000432847 
0.11497 1.66 0.000322064 
0.11497 1.664 0.0001626 
0.11497 1.668 5.47397e-05 
0.11497 1.672 1.18497e-05 
0.11497 1.676 1.78301e-06 
0.11497 1.68 1.85047e-07 
0.11497 1.684 1.22714e-08 
0.11497 1.688 4.99358e-10 
0.11697 1.64 1.11773e-05 
0.11697 1.644 6.24996e-05 
0.11697 1.648 0.000172904 
0.11697 1.652 0.000303378 
0.11697 1.656 0.000368429 
0.11697 1.66 0.000282612 
0.11697 1.664 0.000145874 
0.11697 1.668 5.34964e-05 
0.11697 1.672 1.20463e-05 
0.11697 1.676 1.77223e-06 
0.11697 1.68 1.82678e-07 
0.11697 1.684 1.30073e-08 
0.11697 1.688 5.94784e-10 
0.11897 1.64 5.47707e-06 
0.11897 1.644 4.42091e-05 
0.11897 1.648 0.000126031 
0.11897 1.652 0.000234805 
0.11897 1.656 0.000293308 
0.11897 1.66 0.000237295 
0.11897 1.664 0.000133827 
0.11897 1.668 4.52247e-05 
0.11897 1.672 1.1038e-05 
0.11897 1.676 1.90834e-06 
0.11897 1.68 2.01207e-07 
0.11897 1.684 1.49517e-08 
0.11897 1.688 6.68477e-10 
0.12097 1.64 1.92519e-06 
0.12097 1.644 2.83901e-05 
0.12097 1.648 9.32682e-05 
0.12097 1.652 0.000183818 
0.12097 1.656 0.000236351 
0.12097 1.66 0.000206852 
0.12097 1.664 0.000116744 
0.12097 1.668 4.65035e-05 
0.12097 1.672 1.17234e-05 
0.12097 1.676 1.8778e-06 
0.12097 1.68 2.10259e-07 
0.12097 1.684 1.43286e-08 
0.12097 1.688 7.399e-10 
0.12297 1.64 4.42364e-07 
0.12297 1.644 1.78509e-05 
0.12297 1.648 6.16638e-05 
0.12297 1.652 0.00013779 
0.12297 1.656 0.000182327 
0.12297 1.66 0.000166734 
0.12297 1.664 9.61422e-05 
0.12297 1.668 3.67452e-05 
0.12297 1.672 9.86558e-06 
0.12297 1.676 1.72084e-06 
0.12297 1.68 2.04985e-07 
0.12297 1.684 1.53405e-08 
0.12297 1.688 7.99989e-10 
0.12497 1.644 1.03844e-05 
0.12497 1.648 4.73623e-05 
0.12497 1.652 0.000101915 
0.12497 1.656 0.000156476 
0.12497 1.66 0.000145505 
0.12497 1.664 8.65201e-05 
0.12497 1.668 3.66331e-05 
0.12497 1.672 1.0072e-05 
0.12497 1.676 1.74027e-06 
0.12497 1.68 2.19129e-07 
0.12497 1.684 1.72492e-08 
0.12497 1.688 8.90589e-10 
0.12697 1.644 4.89086e-06 
0.12697 1.648 3.01544e-05 
0.12697 1.652 7.59632e-05 
0.12697 1.656 0.000111644 
0.12697 1.66 0.000107656 
0.12697 1.664 7.55166e-05 
0.12697 1.668 2.92568e-05 
0.12697 1.672 8.38519e-06 
0.12697 1.676 1.66441e-06 
0.12697 1.68 1.96957e-07 
0.12697 1.684 1.77268e-08 
0.12697 1.688 9.58944e-10 
0.12897 1.644 1.6906e-06 
0.12897 1.648 2.16497e-05 
0.12897 1.652 5.32828e-05 
0.12897 1.656 9.01536e-05 
0.12897 1.66 9.47917e-05 
0.12897 1.664 6.26091e-05 
0.12897 1.668 2.84607e-05 
0.12897 1.672 8.46484e-06 
0.12897 1.676 1.59567e-06 
0.12897 1.68 2.2066e-07 
0.12897 1.684 1.73416e-08 
0.12897 1.688 9.95365e-10 
0.13097 1.644 2.16349e-07 
0.13097 1.648 1.32931e-05 
0.13097 1.652 3.98372e-05 
0.13097 1.656 6.59233e-05 
0.13097 1.66 7.14207e-05 
0.13097 1.664 5.12973e-05 
0.13097 1.668 2.38901e-05 
0.13097 1.672 7.40317e-06 
0.13097 1.676 1.50017e-06 
0.13097 1.68 2.035e-07 
0.13097 1.684 1.80858e-08 
0.13097 1.688 1.11003e-09 
0.13297 1.644 3.4663e-08 
0.13297 1.648 7.40589e-06 
0.13297 1.652 2.70133e-05 
0.13297 1.656 4.85947e-05 
0.13297 1.66 5.79639e-05 
0.13297 1.664 3.90655e-05 
0.13297 1.668 2.02414e-05 
0.13297 1.672 6.68382e-06 
0.13297 1.676 1.40139e-06 
0.13297 1.68 1.95513e-07 
0.13297 1.684 1.88403e-08 
0.13297 1.688 1.08004e-09 
0.13497 1.648 3.42128e-06 
0.13497 1.652 2.01377e-05 
0.13497 1.656 3.81902e-05 
0.13497 1.66 4.42312e-05 
0.13497 1.664 3.62791e-05 
0.13497 1.668 1.83066e-05 
0.13497 1.672 5.63571e-06 
0.13497 1.676 1.27861e-06 
0.13497 1.68 1.82639e-07 
0.13497 1.684 1.7517e-08 
0.13497 1.688 1.08056e-09 
0.13697 1.648 1.20632e-06 
0.13697 1.652 1.26559e-05 
0.13697 1.656 2.47155e-05 
0.13697 1.66 3.36337e-05 
0.13697 1.664 2.71716e-05 
0.13697 1.668 1.41154e-05 
0.13697 1.672 5.08084e-06 
0.13697 1.676 1.16068e-06 
0.13697 1.68 1.80023e-07 
0.13697 1.684 1.74791e-08 
0.13697 1.688 1.19955e-09 
0.13897 1.648 2.45059e-07 
0.13897 1.652 7.71991e-06 
0.13897 1.656 1.95348e-05 
0.13897 1.66 2.60584e-05 
0.13897 1.664 2.2345e-05 
0.13897 1.668 1.29739e-05 
0.13897 1.672 4.48513e-06 
0.13897 1.676 1.10301e-06 
0.13897 1.68 1.7454e-07 
0.13897 1.684 1.78314e-08 
0.13897 1.688 1.15094e-09 
0.14097 1.652 4.54876e-06 
0.14097 1.656 1.2601e-05 
0.14097 1.66 1.78532e-05 
0.14097 1.664 1.74625e-05 
0.14097 1.668 9.85105e-06 
0.14097 1.672 3.79307e-06 
0.14097 1.676 9.24447e-07 
0.14097 1.68 1.56494e-07 
0.14097 1.684 1.65505e-08 
0.14097 1.688 1.21993e-09 
0.14297 1.652 1.80175e-06 
0.14297 1.656 8.46162e-06 
0.14297 1.66 1.378e-05 
0.14297 1.664 1.25334e-05 
0.14297 1.668 8.06707e-06 
0.14297 1.672 3.23053e-06 
0.14297 1.676 8.31071e-07 
0.14297 1.68 1.36768e-07 
0.14297 1.684 1.56476e-08 
0.14297 1.688 1.06547e-09 
0.14497 1.652 5.86226e-07 
0.14497 1.656 6.51728e-06 
0.14497 1.66 9.67335e-06 
0.14497 1.664 1.03989e-05 
0.14497 1.668 6.56545e-06 
0.14497 1.672 2.72129e-06 
0.14497 1.676 7.50728e-07 
0.14497 1.68 1.24413e-07 
0.14497 1.684 1.47317e-08 
0.14497 1.688 1.13301e-09 
0.14697 1.652 9.57572e-08 
0.14697 1.656 3.51754e-06 
0.14697 1.66 7.28412e-06 
0.14697 1.664 7.40153e-06 
0.14697 1.668 5.16766e-06 
0.14697 1.672 2.29547e-06 
0.14697 1.676 6.62416e-07 
0.14697 1.68 1.16732e-07 
0.14697 1.684 1.4915e-08 
0.14697 1.688 1.10453e-09 
0.14897 1.656 1.90011e-06 
0.14897 1.66 4.79392e-06 
0.14897 1.664 5.27036e-06 
0.14897 1.668 3.97264e-06 
0.14897 1.672 1.74215e-06 
0.14897 1.676 5.57567e-07 
0.14897 1.68 1.00072e-07 
0.14897 1.684 1.27058e-08 
0.14897 1.688 1.04153e-09 
0.15097 1.656 9.2726e-07 
0.15097 1.66 3.34682e-06 
0.15097 1.664 4.04858e-06 
0.15097 1.668 3.07357e-06 
0.15097 1.672 1.54392e-06 
0.15097 1.676 4.64666e-07 
0.15097 1.68 9.05327e-08 
0.15097 1.684 1.2289e-08 
0.15097 1.688 1.02159e-09 
0.15297 1.656 2.81342e-07 
0.15297 1.66 2.20554e-06 
0.15297 1.664 2.90548e-06 
0.15297 1.668 2.20674e-06 
0.15297 1.672 1.20088e-06 
0.15297 1.676 3.62821e-07 
0.15297 1.68 8.26879e-08 
0.15297 1.684 1.0496e-08 
0.15297 1.688 9.63136e-10 
0.15497 1.656 5.2617e-08 
0.15497 1.66 1.3277e-06 
0.15497 1.664 1.99988e-06 
0.15497 1.668 1.76586e-06 
0.15497 1.672 9.27654e-07 
0.15497 1.676 3.11377e-07 
0.15497 1.68 6.71586e-08 
0.15497 1.684 9.9629e-09 
0.15497 1.688 8.49454e-10 
0.15697 1.66 7.57273e-07 
0.15697 1.664 1.46839e-06 
0.15697 1.668 1.28803e-06 
0.15697 1.672 7.3519e-07 
0.15697 1.676 2.58442e-07 
0.15697 1.68 5.97905e-08 
0.15697 1.684 8.5133e-09 
0.15697 1.688 8.19121e-10 
0.15897 1.66 3.24369e-07 
0.15897 1.664 9.71246e-07 
0.15897 1.668 9.33932e-07 
0.15897 1.672 5.59502e-07 
0.15897 1.676 2.11615e-07 
0.15897 1.68 4.99671e-08 
0.15897 1.684 7.73289e-09 
0.15897 1.688 7.82884e-10 
0.16097 1.66 1.00245e-07 
0.16097 1.664 6.38785e-07 
0.16097 1.668 6.70701e-07 
0.16097 1.672 4.2597e-07 
0.16097 1.676 1.70208e-07 
0.16097 1.68 4.26584e-08 
0.16097 1.684 6.7925e-09 
0.16097 1.688 6.95423e-10 
0.16297 1.66 2.70185e-08 
0.16297 1.664 3.88822e-07 
0.16297 1.668 4.7863e-07 
0.16297 1.672 3.10481e-07 
0.16297 1.676 1.31303e-07 
0.16297 1.68 3.43607e-08 
0.16297 1.684 5.63626e-09 
0.16297 1.688 6.14894e-10 
0.16497 1.66 1.76262e-09 
0.16497 1.664 2.00976e-07 
0.16497 1.668 3.32435e-07 
0.16497 1.672 2.31347e-07 
0.16497 1.676 1.02917e-07 
0.16497 1.68 2.79664e-08 
0.16497 1.684 4.9264e-09 
0.16497 1.688 5.47759e-10 
0.16697 1.664 9.00638e-08 
0.16697 1.668 2.23053e-07 
0.16697 1.672 1.68435e-07 
0.16697 1.676 7.5854e-08 
0.16697 1.68 2.31208e-08 
0.16697 1.684 4.36338e-09 
0.16697 1.688 4.93716e-10 
0.16897 1.664 2.97303e-08 
0.16897 1.668 1.57845e-07 
0.16897 1.672 1.19836e-07 
0.16897 1.676 5.85353e-08 
0.16897 1.68 1.79906e-08 
0.16897 1.684 3.2649e-09 
0.16897 1.688 4.17578e-10 
0.17097 1.664 5.09943e-09 
0.17097 1.668 9.07123e-08 
0.17097 1.672 8.83375e-08 
0.17097 1.676 4.62783e-08 
0.17097 1.68 1.52167e-08 
0.17097 1.684 2.94826e-09 
0.17097 1.688 3.89863e-10 
0.17297 1.668 4.9274e-08 
0.17297 1.672 5.83918e-08 
0.17297 1.676 3.05486e-08 
0.17297 1.68 1.08465e-08 
0.17297 1.684 2.23008e-09 
0.17297 1.688 3.03886e-10 
0.17497 1.668 1.87242e-08 
0.17497 1.672 3.85634e-08 
0.17497 1.676 2.28373e-08 
0.17497 1.68 7.93592e-09 
0.17497 1.684 1.85376e-09 
0.17497 1.688 2.68512e-10 
0.17697 1.668 6.53469e-09 
0.17697 1.672 2.77781e-08 
0.17697 1.676 1.74335e-08 
0.17697 1.68 6.61559e-09 
0.17697 1.684 1.44912e-09 
0.17697 1.688 2.18562e-10 
0.17897 1.668 1.46918e-09 
0.17897 1.672 1.60914e-08 
0.17897 1.676 1.16726e-08 
0.17897 1.68 4.59099e-09 
0.17897 1.684 1.11926e-09 
0.17897 1.688 1.72296e-10 
0.18097 1.672 9.00123e-09 
0.18097 1.676 8.43896e-09 
0.18097 1.68 3.31189e-09 
0.18097 1.684 8.57176e-10 
0.18097 1.688 1.38656e-10 
0.18297 1.672 3.56621e-09 
0.18297 1.676 5.72226e-09 
0.18297 1.68 2.58644e-09 
0.18297 1.684 6.82699e-10 
0.18297 1.688 1.10109e-10 
0.18497 1.672 9.45298e-10 
0.18497 1.676 3.86472e-09 
0.18497 1.68 1.76702e-09 
0.18497 1.684 4.97463e-10 
0.18697 1.672 1.51317e-10 
0.18697 1.676 2.20077e-09 
0.18697 1.68 1.28133e-09 
0.18697 1.684 3.8088e-10 
0.18897 1.676 1.13003e-09 
0.18897 1.68 8.75068e-10 
0.18897 1.684 2.8047e-10 
0.19097 1.676 4.69994e-10 
0.19097 1.68 5.97664e-10 
0.19097 1.684 1.98237e-10 
0.19297 1.676 1.43331e-10 
0.19297 1.68 4.06604e-10 
0.19297 1.684 1.46834e-10 
0.19497 1.68 2.42717e-10 
0.19497 1.684 1.12368e-10 
0.19697 1.68 1.0482e-10 
