#logage logg JPDF
9.05 1.395 1.0116e-10 
9.05 1.4 1.23496e-10 
9.06 1.385 1.08246e-10 
9.06 1.39 1.77267e-10 
9.06 1.395 2.63512e-10 
9.06 1.4 2.46065e-10 
9.06 1.405 2.31936e-10 
9.06 1.41 1.01384e-10 
9.07 1.38 1.43625e-10 
9.07 1.385 2.56442e-10 
9.07 1.39 3.659e-10 
9.07 1.395 4.45722e-10 
9.07 1.4 4.60864e-10 
9.07 1.405 3.75316e-10 
9.07 1.41 3.06257e-10 
9.08 1.37 1.00397e-10 
9.08 1.375 1.96487e-10 
9.08 1.38 3.22485e-10 
9.08 1.385 4.96999e-10 
9.08 1.39 7.20897e-10 
9.08 1.395 8.79324e-10 
9.08 1.4 9.25636e-10 
9.08 1.405 8.69502e-10 
9.08 1.41 5.67005e-10 
9.09 1.365 1.33048e-10 
9.09 1.37 2.70653e-10 
9.09 1.375 4.35974e-10 
9.09 1.38 7.01867e-10 
9.09 1.385 1.15615e-09 
9.09 1.39 1.44452e-09 
9.09 1.395 1.52975e-09 
9.09 1.4 1.76832e-09 
9.09 1.405 1.62815e-09 
9.09 1.41 1.07753e-09 
9.09 1.415 4.95176e-10 
9.1 1.36 1.74587e-10 
9.1 1.365 3.44262e-10 
9.1 1.37 6.55946e-10 
9.1 1.375 1.0442e-09 
9.1 1.38 1.7881e-09 
9.1 1.385 2.32085e-09 
9.1 1.39 2.88349e-09 
9.1 1.395 2.94692e-09 
9.1 1.4 3.10223e-09 
9.1 1.405 2.83174e-09 
9.1 1.41 1.63389e-09 
9.1 1.415 1.13393e-09 
9.1 1.42 1.52568e-10 
9.11 1.355 2.07008e-10 
9.11 1.36 4.24118e-10 
9.11 1.365 8.60359e-10 
9.11 1.37 1.59984e-09 
9.11 1.375 2.49944e-09 
9.11 1.38 3.60685e-09 
9.11 1.385 4.59158e-09 
9.11 1.39 5.57911e-09 
9.11 1.395 6.18458e-09 
9.11 1.4 6.56994e-09 
9.11 1.405 5.15727e-09 
9.11 1.41 3.87983e-09 
9.11 1.415 2.39131e-09 
9.11 1.42 5.82762e-10 
9.11 1.425 3.51458e-10 
9.11 1.43 1.80434e-10 
9.12 1.35 2.08176e-10 
9.12 1.355 4.74163e-10 
9.12 1.36 9.73048e-10 
9.12 1.365 1.70383e-09 
9.12 1.37 3.02858e-09 
9.12 1.375 4.86519e-09 
9.12 1.38 6.65443e-09 
9.12 1.385 8.52104e-09 
9.12 1.39 9.90199e-09 
9.12 1.395 1.11237e-08 
9.12 1.4 9.90671e-09 
9.12 1.405 9.04845e-09 
9.12 1.41 6.62749e-09 
9.12 1.415 4.15924e-09 
9.12 1.42 2.60303e-09 
9.12 1.425 9.43365e-10 
9.12 1.43 5.99772e-10 
9.12 1.435 3.0532e-10 
9.12 1.44 1.45945e-10 
9.13 1.345 2.10029e-10 
9.13 1.35 4.91835e-10 
9.13 1.355 1.09328e-09 
9.13 1.36 1.80605e-09 
9.13 1.365 3.81741e-09 
9.13 1.37 5.94663e-09 
9.13 1.375 8.20065e-09 
9.13 1.38 1.07509e-08 
9.13 1.385 1.40547e-08 
9.13 1.39 1.54676e-08 
9.13 1.395 1.64318e-08 
9.13 1.4 1.29963e-08 
9.13 1.405 1.38831e-08 
9.13 1.41 9.08193e-09 
9.13 1.415 5.5389e-09 
9.13 1.42 3.88307e-09 
9.13 1.425 1.28567e-09 
9.13 1.43 7.77603e-10 
9.13 1.435 4.47151e-10 
9.13 1.44 1.92321e-10 
9.14 1.34 1.70338e-10 
9.14 1.345 4.76803e-10 
9.14 1.35 9.66006e-10 
9.14 1.355 2.06632e-09 
9.14 1.36 3.7013e-09 
9.14 1.365 6.25638e-09 
9.14 1.37 9.163e-09 
9.14 1.375 1.45075e-08 
9.14 1.38 1.7163e-08 
9.14 1.385 2.00459e-08 
9.14 1.39 2.32355e-08 
9.14 1.395 2.11473e-08 
9.14 1.4 1.80526e-08 
9.14 1.405 1.61646e-08 
9.14 1.41 1.07266e-08 
9.14 1.415 6.44164e-09 
9.14 1.42 4.2812e-09 
9.14 1.425 1.7219e-09 
9.14 1.43 5.53332e-10 
9.14 1.435 5.39953e-10 
9.14 1.44 1.25809e-10 
9.15 1.335 1.69305e-10 
9.15 1.34 4.02367e-10 
9.15 1.345 9.91937e-10 
9.15 1.35 2.05758e-09 
9.15 1.355 3.91521e-09 
9.15 1.36 6.25281e-09 
9.15 1.365 1.11459e-08 
9.15 1.37 1.56408e-08 
9.15 1.375 2.22682e-08 
9.15 1.38 2.40205e-08 
9.15 1.385 2.87917e-08 
9.15 1.39 3.22863e-08 
9.15 1.395 2.50675e-08 
9.15 1.4 2.19216e-08 
9.15 1.405 1.76063e-08 
9.15 1.41 1.19513e-08 
9.15 1.415 6.57022e-09 
9.15 1.42 3.14142e-09 
9.15 1.425 2.2084e-09 
9.15 1.43 5.68216e-10 
9.15 1.435 2.15914e-10 
9.15 1.44 1.26738e-10 
9.16 1.33 1.69607e-10 
9.16 1.335 4.38697e-10 
9.16 1.34 9.95031e-10 
9.16 1.345 2.06843e-09 
9.16 1.35 4.09308e-09 
9.16 1.355 7.42842e-09 
9.16 1.36 1.19795e-08 
9.16 1.365 1.75092e-08 
9.16 1.37 2.46999e-08 
9.16 1.375 3.0624e-08 
9.16 1.38 3.43432e-08 
9.16 1.385 3.59729e-08 
9.16 1.39 3.75175e-08 
9.16 1.395 3.07941e-08 
9.16 1.4 2.62145e-08 
9.16 1.405 1.80529e-08 
9.16 1.41 1.44017e-08 
9.16 1.415 7.77034e-09 
9.16 1.42 4.10174e-09 
9.16 1.425 1.80781e-09 
9.16 1.43 4.45876e-10 
9.16 1.435 2.47788e-10 
9.16 1.44 1.08337e-10 
9.17 1.325 1.58792e-10 
9.17 1.33 4.50693e-10 
9.17 1.335 1.04195e-09 
9.17 1.34 2.25973e-09 
9.17 1.345 4.31373e-09 
9.17 1.35 7.90827e-09 
9.17 1.355 1.40248e-08 
9.17 1.36 1.96465e-08 
9.17 1.365 2.87931e-08 
9.17 1.37 3.9393e-08 
9.17 1.375 4.03801e-08 
9.17 1.38 4.78478e-08 
9.17 1.385 4.30821e-08 
9.17 1.39 4.25803e-08 
9.17 1.395 3.48577e-08 
9.17 1.4 2.74213e-08 
9.17 1.405 2.00338e-08 
9.17 1.41 1.05975e-08 
9.17 1.415 7.24888e-09 
9.17 1.42 3.56834e-09 
9.17 1.425 1.0746e-09 
9.17 1.43 4.69881e-10 
9.18 1.32 1.60681e-10 
9.18 1.325 4.18135e-10 
9.18 1.33 1.09035e-09 
9.18 1.335 2.28763e-09 
9.18 1.34 4.60152e-09 
9.18 1.345 8.43607e-09 
9.18 1.35 1.60645e-08 
9.18 1.355 2.34942e-08 
9.18 1.36 3.40495e-08 
9.18 1.365 4.83301e-08 
9.18 1.37 5.24481e-08 
9.18 1.375 6.20872e-08 
9.18 1.38 6.37591e-08 
9.18 1.385 5.70406e-08 
9.18 1.39 5.46023e-08 
9.18 1.395 3.82013e-08 
9.18 1.4 3.01237e-08 
9.18 1.405 1.80631e-08 
9.18 1.41 1.05309e-08 
9.18 1.415 5.76464e-09 
9.18 1.42 2.55838e-09 
9.18 1.425 1.16323e-09 
9.18 1.43 3.237e-10 
9.19 1.315 1.64786e-10 
9.19 1.32 3.96112e-10 
9.19 1.325 1.21353e-09 
9.19 1.33 2.39522e-09 
9.19 1.335 5.11457e-09 
9.19 1.34 9.60963e-09 
9.19 1.345 1.73704e-08 
9.19 1.35 2.94354e-08 
9.19 1.355 4.03775e-08 
9.19 1.36 5.7393e-08 
9.19 1.365 6.83342e-08 
9.19 1.37 8.01682e-08 
9.19 1.375 8.71688e-08 
9.19 1.38 8.19182e-08 
9.19 1.385 6.97064e-08 
9.19 1.39 6.38051e-08 
9.19 1.395 4.43529e-08 
9.19 1.4 3.24819e-08 
9.19 1.405 2.00591e-08 
9.19 1.41 1.16478e-08 
9.19 1.415 5.22697e-09 
9.19 1.42 2.35572e-09 
9.19 1.425 1.12048e-09 
9.19 1.43 3.32793e-10 
9.2 1.31 1.72646e-10 
9.2 1.315 4.14793e-10 
9.2 1.32 1.17607e-09 
9.2 1.325 2.54034e-09 
9.2 1.33 5.56214e-09 
9.2 1.335 1.11409e-08 
9.2 1.34 1.78102e-08 
9.2 1.345 3.08844e-08 
9.2 1.35 5.45914e-08 
9.2 1.355 6.33671e-08 
9.2 1.36 8.52011e-08 
9.2 1.365 1.11106e-07 
9.2 1.37 1.14865e-07 
9.2 1.375 1.10178e-07 
9.2 1.38 1.07155e-07 
9.2 1.385 8.60165e-08 
9.2 1.39 6.48122e-08 
9.2 1.395 4.93038e-08 
9.2 1.4 3.27755e-08 
9.2 1.405 1.85423e-08 
9.2 1.41 1.09739e-08 
9.2 1.415 4.70829e-09 
9.2 1.42 2.20223e-09 
9.2 1.425 9.5358e-10 
9.2 1.43 2.45878e-10 
9.21 1.305 1.61677e-10 
9.21 1.31 4.09067e-10 
9.21 1.315 1.14032e-09 
9.21 1.32 2.63654e-09 
9.21 1.325 5.45902e-09 
9.21 1.33 1.20957e-08 
9.21 1.335 2.03991e-08 
9.21 1.34 3.38572e-08 
9.21 1.345 5.75873e-08 
9.21 1.35 8.06981e-08 
9.21 1.355 1.07768e-07 
9.21 1.36 1.32723e-07 
9.21 1.365 1.38567e-07 
9.21 1.37 1.57264e-07 
9.21 1.375 1.42864e-07 
9.21 1.38 1.2067e-07 
9.21 1.385 1.02172e-07 
9.21 1.39 7.19783e-08 
9.21 1.395 5.54493e-08 
9.21 1.4 2.97432e-08 
9.21 1.405 1.68326e-08 
9.21 1.41 9.61657e-09 
9.21 1.415 4.72048e-09 
9.21 1.42 1.88117e-09 
9.21 1.425 6.08359e-10 
9.21 1.43 2.23257e-10 
9.22 1.3 1.59288e-10 
9.22 1.305 4.37471e-10 
9.22 1.31 1.18655e-09 
9.22 1.315 2.88295e-09 
9.22 1.32 6.22164e-09 
9.22 1.325 1.33721e-08 
9.22 1.33 2.42851e-08 
9.22 1.335 4.10817e-08 
9.22 1.34 6.3862e-08 
9.22 1.345 9.43382e-08 
9.22 1.35 1.35746e-07 
9.22 1.355 1.60859e-07 
9.22 1.36 1.74986e-07 
9.22 1.365 1.95105e-07 
9.22 1.37 1.98905e-07 
9.22 1.375 1.82936e-07 
9.22 1.38 1.44559e-07 
9.22 1.385 1.08483e-07 
9.22 1.39 8.08123e-08 
9.22 1.395 4.92749e-08 
9.22 1.4 3.05664e-08 
9.22 1.405 1.69968e-08 
9.22 1.41 8.3836e-09 
9.22 1.415 4.14106e-09 
9.22 1.42 1.49125e-09 
9.22 1.425 5.99865e-10 
9.22 1.43 1.72509e-10 
9.23 1.295 1.50762e-10 
9.23 1.3 4.49568e-10 
9.23 1.305 1.0611e-09 
9.23 1.31 2.94763e-09 
9.23 1.315 6.62411e-09 
9.23 1.32 1.42985e-08 
9.23 1.325 2.55312e-08 
9.23 1.33 4.89022e-08 
9.23 1.335 7.58602e-08 
9.23 1.34 1.19068e-07 
9.23 1.345 1.62558e-07 
9.23 1.35 2.07667e-07 
9.23 1.355 2.4206e-07 
9.23 1.36 2.6267e-07 
9.23 1.365 2.54689e-07 
9.23 1.37 2.40368e-07 
9.23 1.375 2.15838e-07 
9.23 1.38 1.65141e-07 
9.23 1.385 1.22418e-07 
9.23 1.39 7.98866e-08 
9.23 1.395 4.6856e-08 
9.23 1.4 2.84094e-08 
9.23 1.405 1.44825e-08 
9.23 1.41 6.68159e-09 
9.23 1.415 3.49291e-09 
9.23 1.42 1.17626e-09 
9.23 1.425 4.76728e-10 
9.23 1.43 1.38705e-10 
9.24 1.29 1.05913e-10 
9.24 1.295 3.6509e-10 
9.24 1.3 1.09295e-09 
9.24 1.305 2.75193e-09 
9.24 1.31 6.5225e-09 
9.24 1.315 1.50927e-08 
9.24 1.32 2.99278e-08 
9.24 1.325 4.84497e-08 
9.24 1.33 8.64744e-08 
9.24 1.335 1.46036e-07 
9.24 1.34 2.00035e-07 
9.24 1.345 2.66178e-07 
9.24 1.35 3.1856e-07 
9.24 1.355 3.5336e-07 
9.24 1.36 3.67859e-07 
9.24 1.365 3.54322e-07 
9.24 1.37 3.24327e-07 
9.24 1.375 2.35509e-07 
9.24 1.38 2.07343e-07 
9.24 1.385 1.331e-07 
9.24 1.39 7.71444e-08 
9.24 1.395 4.9301e-08 
9.24 1.4 2.62157e-08 
9.24 1.405 1.28661e-08 
9.24 1.41 6.10047e-09 
9.24 1.415 2.39057e-09 
9.24 1.42 9.62199e-10 
9.24 1.425 3.52092e-10 
9.24 1.43 1.07595e-10 
9.25 1.29 2.90141e-10 
9.25 1.295 9.20499e-10 
9.25 1.3 2.16641e-09 
9.25 1.305 6.28126e-09 
9.25 1.31 1.29966e-08 
9.25 1.315 2.79785e-08 
9.25 1.32 5.52532e-08 
9.25 1.325 8.70686e-08 
9.25 1.33 1.49914e-07 
9.25 1.335 2.30424e-07 
9.25 1.34 3.10128e-07 
9.25 1.345 3.86225e-07 
9.25 1.35 4.45818e-07 
9.25 1.355 5.11544e-07 
9.25 1.36 4.86892e-07 
9.25 1.365 4.33533e-07 
9.25 1.37 3.73244e-07 
9.25 1.375 2.96557e-07 
9.25 1.38 2.00836e-07 
9.25 1.385 1.39878e-07 
9.25 1.39 8.17248e-08 
9.25 1.395 5.04915e-08 
9.25 1.4 2.44523e-08 
9.25 1.405 1.13182e-08 
9.25 1.41 5.045e-09 
9.25 1.415 2.09261e-09 
9.25 1.42 8.89211e-10 
9.25 1.425 2.69335e-10 
9.26 1.285 2.47659e-10 
9.26 1.29 7.44805e-10 
9.26 1.295 2.08556e-09 
9.26 1.3 5.36914e-09 
9.26 1.305 1.25331e-08 
9.26 1.31 2.59e-08 
9.26 1.315 5.2668e-08 
9.26 1.32 9.47146e-08 
9.26 1.325 1.5206e-07 
9.26 1.33 2.41511e-07 
9.26 1.335 3.52598e-07 
9.26 1.34 4.5102e-07 
9.26 1.345 5.38411e-07 
9.26 1.35 6.15304e-07 
9.26 1.355 6.06298e-07 
9.26 1.36 5.81232e-07 
9.26 1.365 5.13955e-07 
9.26 1.37 4.02589e-07 
9.26 1.375 3.19508e-07 
9.26 1.38 2.08876e-07 
9.26 1.385 1.30288e-07 
9.26 1.39 7.83712e-08 
9.26 1.395 4.50264e-08 
9.26 1.4 2.10108e-08 
9.26 1.405 9.38853e-09 
9.26 1.41 4.3956e-09 
9.26 1.415 1.7303e-09 
9.26 1.42 5.39449e-10 
9.26 1.425 2.2352e-10 
9.27 1.28 1.93107e-10 
9.27 1.285 5.51296e-10 
9.27 1.29 1.79206e-09 
9.27 1.295 4.29753e-09 
9.27 1.3 1.12413e-08 
9.27 1.305 2.5053e-08 
9.27 1.31 4.83623e-08 
9.27 1.315 9.32225e-08 
9.27 1.32 1.52869e-07 
9.27 1.325 2.48042e-07 
9.27 1.33 3.71231e-07 
9.27 1.335 4.89644e-07 
9.27 1.34 6.42863e-07 
9.27 1.345 6.87527e-07 
9.27 1.35 7.61325e-07 
9.27 1.355 7.30176e-07 
9.27 1.36 6.47736e-07 
9.27 1.365 5.72095e-07 
9.27 1.37 4.13345e-07 
9.27 1.375 3.16156e-07 
9.27 1.38 1.9367e-07 
9.27 1.385 1.28914e-07 
9.27 1.39 6.70435e-08 
9.27 1.395 3.71323e-08 
9.27 1.4 1.66257e-08 
9.27 1.405 8.38205e-09 
9.27 1.41 2.91253e-09 
9.27 1.415 1.18565e-09 
9.27 1.42 4.62411e-10 
9.27 1.425 1.23739e-10 
9.28 1.275 1.58006e-10 
9.28 1.28 4.91582e-10 
9.28 1.285 1.41324e-09 
9.28 1.29 3.79633e-09 
9.28 1.295 1.00069e-08 
9.28 1.3 2.20935e-08 
9.28 1.305 4.57448e-08 
9.28 1.31 8.93165e-08 
9.28 1.315 1.57033e-07 
9.28 1.32 2.54926e-07 
9.28 1.325 3.87432e-07 
9.28 1.33 5.20803e-07 
9.28 1.335 6.84201e-07 
9.28 1.34 7.98924e-07 
9.28 1.345 8.70639e-07 
9.28 1.35 8.94714e-07 
9.28 1.355 8.20884e-07 
9.28 1.36 7.12585e-07 
9.28 1.365 5.85765e-07 
9.28 1.37 4.2529e-07 
9.28 1.375 2.87091e-07 
9.28 1.38 1.74367e-07 
9.28 1.385 1.05135e-07 
9.28 1.39 5.42834e-08 
9.28 1.395 2.8514e-08 
9.28 1.4 1.273e-08 
9.28 1.405 5.59775e-09 
9.28 1.41 2.43938e-09 
9.28 1.415 8.09723e-10 
9.28 1.42 2.62903e-10 
9.29 1.27 1.24229e-10 
9.29 1.275 4.02207e-10 
9.29 1.28 1.12847e-09 
9.29 1.285 3.32609e-09 
9.29 1.29 8.55178e-09 
9.29 1.295 1.89901e-08 
9.29 1.3 4.22204e-08 
9.29 1.305 8.19273e-08 
9.29 1.31 1.59185e-07 
9.29 1.315 2.48926e-07 
9.29 1.32 3.84274e-07 
9.29 1.325 5.63659e-07 
9.29 1.33 7.26586e-07 
9.29 1.335 9.10246e-07 
9.29 1.34 9.83888e-07 
9.29 1.345 1.04014e-06 
9.29 1.35 1.03256e-06 
9.29 1.355 8.73118e-07 
9.29 1.36 7.70076e-07 
9.29 1.365 5.58e-07 
9.29 1.37 3.86504e-07 
9.29 1.375 2.65336e-07 
9.29 1.38 1.53894e-07 
9.29 1.385 8.7968e-08 
9.29 1.39 4.36441e-08 
9.29 1.395 2.19134e-08 
9.29 1.4 9.48732e-09 
9.29 1.405 4.10088e-09 
9.29 1.41 1.4856e-09 
9.29 1.415 5.27843e-10 
9.29 1.42 1.58777e-10 
9.3 1.27 3.21144e-10 
9.3 1.275 9.81407e-10 
9.3 1.28 2.67037e-09 
9.3 1.285 7.16797e-09 
9.3 1.29 1.70797e-08 
9.3 1.295 3.88266e-08 
9.3 1.3 7.78241e-08 
9.3 1.305 1.42838e-07 
9.3 1.31 2.55935e-07 
9.3 1.315 4.01344e-07 
9.3 1.32 5.86253e-07 
9.3 1.325 7.99001e-07 
9.3 1.33 1.00124e-06 
9.3 1.335 1.13525e-06 
9.3 1.34 1.21593e-06 
9.3 1.345 1.2275e-06 
9.3 1.35 1.13003e-06 
9.3 1.355 9.16327e-07 
9.3 1.36 7.86122e-07 
9.3 1.365 5.51796e-07 
9.3 1.37 3.71156e-07 
9.3 1.375 2.26445e-07 
9.3 1.38 1.27762e-07 
9.3 1.385 6.90274e-08 
9.3 1.39 3.4252e-08 
9.3 1.395 1.59871e-08 
9.3 1.4 6.81692e-09 
9.3 1.405 2.68796e-09 
9.3 1.41 9.70445e-10 
9.3 1.415 3.17878e-10 
9.31 1.265 2.67286e-10 
9.31 1.27 8.21752e-10 
9.31 1.275 2.36251e-09 
9.31 1.28 6.2282e-09 
9.31 1.285 1.51884e-08 
9.31 1.29 3.48429e-08 
9.31 1.295 7.56139e-08 
9.31 1.3 1.4413e-07 
9.31 1.305 2.50212e-07 
9.31 1.31 4.10021e-07 
9.31 1.315 6.26044e-07 
9.31 1.32 8.60765e-07 
9.31 1.325 1.09017e-06 
9.31 1.33 1.30055e-06 
9.31 1.335 1.43173e-06 
9.31 1.34 1.37685e-06 
9.31 1.345 1.37756e-06 
9.31 1.35 1.16279e-06 
9.31 1.355 9.16875e-07 
9.31 1.36 6.92036e-07 
9.31 1.365 4.94024e-07 
9.31 1.37 3.15896e-07 
9.31 1.375 1.81718e-07 
9.31 1.38 1.02943e-07 
9.31 1.385 5.08255e-08 
9.31 1.39 2.31631e-08 
9.31 1.395 1.10852e-08 
9.31 1.4 4.51664e-09 
9.31 1.405 1.73619e-09 
9.31 1.41 5.74824e-10 
9.31 1.415 1.97586e-10 
9.32 1.26 2.09124e-10 
9.32 1.265 6.66621e-10 
9.32 1.27 1.9965e-09 
9.32 1.275 5.50762e-09 
9.32 1.28 1.41556e-08 
9.32 1.285 3.16069e-08 
9.32 1.29 6.57175e-08 
9.32 1.295 1.31958e-07 
9.32 1.3 2.52368e-07 
9.32 1.305 4.31231e-07 
9.32 1.31 6.61775e-07 
9.32 1.315 9.51888e-07 
9.32 1.32 1.18592e-06 
9.32 1.325 1.5506e-06 
9.32 1.33 1.67328e-06 
9.32 1.335 1.74994e-06 
9.32 1.34 1.67266e-06 
9.32 1.345 1.51408e-06 
9.32 1.35 1.21652e-06 
9.32 1.355 9.61854e-07 
9.32 1.36 6.47894e-07 
9.32 1.365 4.3764e-07 
9.32 1.37 2.8049e-07 
9.32 1.375 1.65543e-07 
9.32 1.38 8.32881e-08 
9.32 1.385 4.08683e-08 
9.32 1.39 1.76257e-08 
9.32 1.395 7.87175e-09 
9.32 1.4 2.87696e-09 
9.32 1.405 1.08135e-09 
9.32 1.41 3.35521e-10 
9.32 1.415 1.11364e-10 
9.33 1.255 1.78914e-10 
9.33 1.26 5.71827e-10 
9.33 1.265 1.75088e-09 
9.33 1.27 4.73168e-09 
9.33 1.275 1.22296e-08 
9.33 1.28 2.9159e-08 
9.33 1.285 6.0604e-08 
9.33 1.29 1.3025e-07 
9.33 1.295 2.42447e-07 
9.33 1.3 3.9965e-07 
9.33 1.305 6.69552e-07 
9.33 1.31 1.01361e-06 
9.33 1.315 1.40999e-06 
9.33 1.32 1.65823e-06 
9.33 1.325 1.92537e-06 
9.33 1.33 2.18415e-06 
9.33 1.335 2.18731e-06 
9.33 1.34 1.95797e-06 
9.33 1.345 1.58897e-06 
9.33 1.35 1.28634e-06 
9.33 1.355 9.5794e-07 
9.33 1.36 6.26673e-07 
9.33 1.365 4.09994e-07 
9.33 1.37 2.41829e-07 
9.33 1.375 1.26228e-07 
9.33 1.38 6.90057e-08 
9.33 1.385 3.20741e-08 
9.33 1.39 1.28017e-08 
9.33 1.395 5.58981e-09 
9.33 1.4 2.08791e-09 
9.33 1.405 7.07635e-10 
9.33 1.41 2.34683e-10 
9.34 1.25 1.27461e-10 
9.34 1.255 4.58503e-10 
9.34 1.26 1.4362e-09 
9.34 1.265 4.15917e-09 
9.34 1.27 1.11595e-08 
9.34 1.275 2.75201e-08 
9.34 1.28 6.08213e-08 
9.34 1.285 1.16119e-07 
9.34 1.29 2.21764e-07 
9.34 1.295 3.9543e-07 
9.34 1.3 6.7677e-07 
9.34 1.305 1.06078e-06 
9.34 1.31 1.48763e-06 
9.34 1.315 1.93539e-06 
9.34 1.32 2.27863e-06 
9.34 1.325 2.60287e-06 
9.34 1.33 2.54403e-06 
9.34 1.335 2.44665e-06 
9.34 1.34 2.1775e-06 
9.34 1.345 1.76191e-06 
9.34 1.35 1.32377e-06 
9.34 1.355 9.20412e-07 
9.34 1.36 5.80287e-07 
9.34 1.365 3.44507e-07 
9.34 1.37 2.01174e-07 
9.34 1.375 1.06174e-07 
9.34 1.38 5.2533e-08 
9.34 1.385 2.43373e-08 
9.34 1.39 9.32326e-09 
9.34 1.395 3.99384e-09 
9.34 1.4 1.34334e-09 
9.34 1.405 4.58793e-10 
9.34 1.41 1.49259e-10 
9.35 1.245 1.0305e-10 
9.35 1.25 3.53001e-10 
9.35 1.255 1.18827e-09 
9.35 1.26 3.49254e-09 
9.35 1.265 9.81084e-09 
9.35 1.27 2.5128e-08 
9.35 1.275 5.62197e-08 
9.35 1.28 1.19095e-07 
9.35 1.285 2.34701e-07 
9.35 1.29 4.02576e-07 
9.35 1.295 6.88693e-07 
9.35 1.3 9.97808e-07 
9.35 1.305 1.57604e-06 
9.35 1.31 2.06866e-06 
9.35 1.315 2.67253e-06 
9.35 1.32 3.01331e-06 
9.35 1.325 3.19423e-06 
9.35 1.33 3.16423e-06 
9.35 1.335 2.80107e-06 
9.35 1.34 2.27981e-06 
9.35 1.345 1.82376e-06 
9.35 1.35 1.31319e-06 
9.35 1.355 8.53904e-07 
9.35 1.36 5.3546e-07 
9.35 1.365 3.04074e-07 
9.35 1.37 1.7325e-07 
9.35 1.375 8.39913e-08 
9.35 1.38 3.86133e-08 
9.35 1.385 1.69484e-08 
9.35 1.39 6.62231e-09 
9.35 1.395 2.72603e-09 
9.35 1.4 8.8432e-10 
9.35 1.405 2.90034e-10 
9.36 1.245 3.00238e-10 
9.36 1.25 9.52978e-10 
9.36 1.255 2.66636e-09 
9.36 1.26 7.88793e-09 
9.36 1.265 2.03724e-08 
9.36 1.27 5.00737e-08 
9.36 1.275 1.09152e-07 
9.36 1.28 2.17607e-07 
9.36 1.285 4.14592e-07 
9.36 1.29 7.21237e-07 
9.36 1.295 1.11131e-06 
9.36 1.3 1.53049e-06 
9.36 1.305 2.21787e-06 
9.36 1.31 2.74241e-06 
9.36 1.315 3.46239e-06 
9.36 1.32 3.83316e-06 
9.36 1.325 3.9125e-06 
9.36 1.33 3.47081e-06 
9.36 1.335 3.02544e-06 
9.36 1.34 2.36494e-06 
9.36 1.345 1.75755e-06 
9.36 1.35 1.26226e-06 
9.36 1.355 8.0254e-07 
9.36 1.36 4.9278e-07 
9.36 1.365 2.49566e-07 
9.36 1.37 1.31004e-07 
9.36 1.375 6.41205e-08 
9.36 1.38 2.86306e-08 
9.36 1.385 1.19483e-08 
9.36 1.39 4.9681e-09 
9.36 1.395 1.66846e-09 
9.36 1.4 5.3461e-10 
9.36 1.405 1.77055e-10 
9.37 1.24 2.04171e-10 
9.37 1.245 7.1128e-10 
9.37 1.25 2.41063e-09 
9.37 1.255 7.00843e-09 
9.37 1.26 1.93112e-08 
9.37 1.265 4.60613e-08 
9.37 1.27 9.05911e-08 
9.37 1.275 1.98521e-07 
9.37 1.28 3.87157e-07 
9.37 1.285 6.96365e-07 
9.37 1.29 1.17899e-06 
9.37 1.295 1.78057e-06 
9.37 1.3 2.32943e-06 
9.37 1.305 2.88793e-06 
9.37 1.31 3.77879e-06 
9.37 1.315 4.43591e-06 
9.37 1.32 4.60566e-06 
9.37 1.325 4.63155e-06 
9.37 1.33 3.81945e-06 
9.37 1.335 3.12854e-06 
9.37 1.34 2.44158e-06 
9.37 1.345 1.84143e-06 
9.37 1.35 1.18974e-06 
9.37 1.355 7.0892e-07 
9.37 1.36 3.65872e-07 
9.37 1.365 2.22721e-07 
9.37 1.37 1.10602e-07 
9.37 1.375 4.9138e-08 
9.37 1.38 2.0664e-08 
9.37 1.385 7.15741e-09 
9.37 1.39 3.25263e-09 
9.37 1.395 1.15408e-09 
9.37 1.4 3.72792e-10 
9.37 1.405 1.00967e-10 
9.38 1.235 1.62223e-10 
9.38 1.24 5.51844e-10 
9.38 1.245 1.78545e-09 
9.38 1.25 5.54635e-09 
9.38 1.255 1.46749e-08 
9.38 1.26 3.82102e-08 
9.38 1.265 8.90449e-08 
9.38 1.27 1.79913e-07 
9.38 1.275 3.94443e-07 
9.38 1.28 6.86592e-07 
9.38 1.285 1.13676e-06 
9.38 1.29 1.82101e-06 
9.38 1.295 2.50104e-06 
9.38 1.3 3.21341e-06 
9.38 1.305 4.28786e-06 
9.38 1.31 4.85747e-06 
9.38 1.315 5.49128e-06 
9.38 1.32 5.24172e-06 
9.38 1.325 4.51844e-06 
9.38 1.33 4.17529e-06 
9.38 1.335 3.4201e-06 
9.38 1.34 2.58151e-06 
9.38 1.345 1.64728e-06 
9.38 1.35 9.72598e-07 
9.38 1.355 5.9962e-07 
9.38 1.36 3.58588e-07 
9.38 1.365 1.74686e-07 
9.38 1.37 6.99175e-08 
9.38 1.375 3.51168e-08 
9.38 1.38 1.52929e-08 
9.38 1.385 5.52308e-09 
9.38 1.39 1.79978e-09 
9.38 1.395 6.77025e-10 
9.38 1.4 2.38627e-10 
9.39 1.23 1.15116e-10 
9.39 1.235 4.28247e-10 
9.39 1.24 1.41469e-09 
9.39 1.245 4.64333e-09 
9.39 1.25 1.20335e-08 
9.39 1.255 3.21534e-08 
9.39 1.26 7.90882e-08 
9.39 1.265 1.63629e-07 
9.39 1.27 3.39885e-07 
9.39 1.275 6.73782e-07 
9.39 1.28 1.11913e-06 
9.39 1.285 1.85114e-06 
9.39 1.29 2.64475e-06 
9.39 1.295 3.81067e-06 
9.39 1.3 4.6978e-06 
9.39 1.305 5.64744e-06 
9.39 1.31 6.28026e-06 
9.39 1.315 6.50275e-06 
9.39 1.32 5.65056e-06 
9.39 1.325 5.06679e-06 
9.39 1.33 4.31631e-06 
9.39 1.335 3.3126e-06 
9.39 1.34 2.10494e-06 
9.39 1.345 1.57638e-06 
9.39 1.35 9.65853e-07 
9.39 1.355 5.33176e-07 
9.39 1.36 2.40953e-07 
9.39 1.365 1.44108e-07 
9.39 1.37 6.34022e-08 
9.39 1.375 2.45431e-08 
9.39 1.38 8.99048e-09 
9.39 1.385 4.01787e-09 
9.39 1.39 1.29024e-09 
9.39 1.395 3.43485e-10 
9.39 1.4 1.34883e-10 
9.4 1.23 3.11528e-10 
9.4 1.235 1.03963e-09 
9.4 1.24 3.75326e-09 
9.4 1.245 1.03229e-08 
9.4 1.25 2.77513e-08 
9.4 1.255 6.9652e-08 
9.4 1.26 1.53645e-07 
9.4 1.265 3.22786e-07 
9.4 1.27 6.24703e-07 
9.4 1.275 1.11315e-06 
9.4 1.28 1.84364e-06 
9.4 1.285 2.78267e-06 
9.4 1.29 4.09505e-06 
9.4 1.295 5.22753e-06 
9.4 1.3 6.35219e-06 
9.4 1.305 7.12903e-06 
9.4 1.31 7.71456e-06 
9.4 1.315 7.32463e-06 
9.4 1.32 6.51856e-06 
9.4 1.325 5.54616e-06 
9.4 1.33 4.21024e-06 
9.4 1.335 3.12899e-06 
9.4 1.34 2.07186e-06 
9.4 1.345 1.32302e-06 
9.4 1.35 7.76543e-07 
9.4 1.355 4.33573e-07 
9.4 1.36 2.11046e-07 
9.4 1.365 9.94533e-08 
9.4 1.37 4.53584e-08 
9.4 1.375 1.80241e-08 
9.4 1.38 6.60301e-09 
9.4 1.385 2.47911e-09 
9.4 1.39 7.63707e-10 
9.4 1.395 2.31718e-10 
9.41 1.225 2.16014e-10 
9.41 1.23 7.76571e-10 
9.41 1.235 2.73486e-09 
9.41 1.24 8.89192e-09 
9.41 1.245 2.25459e-08 
9.41 1.25 5.86969e-08 
9.41 1.255 1.39235e-07 
9.41 1.26 2.9802e-07 
9.41 1.265 5.78791e-07 
9.41 1.27 1.04703e-06 
9.41 1.275 1.82044e-06 
9.41 1.28 2.83389e-06 
9.41 1.285 4.25246e-06 
9.41 1.29 5.72281e-06 
9.41 1.295 7.00338e-06 
9.41 1.3 8.21624e-06 
9.41 1.305 9.1271e-06 
9.41 1.31 8.9226e-06 
9.41 1.315 8.23512e-06 
9.41 1.32 7.10706e-06 
9.41 1.325 5.61075e-06 
9.41 1.33 4.17577e-06 
9.41 1.335 2.97326e-06 
9.41 1.34 1.86916e-06 
9.41 1.345 1.13827e-06 
9.41 1.35 6.31338e-07 
9.41 1.355 3.32257e-07 
9.41 1.36 1.65934e-07 
9.41 1.365 7.70579e-08 
9.41 1.37 3.19831e-08 
9.41 1.375 1.24106e-08 
9.41 1.38 4.54415e-09 
9.41 1.385 1.52789e-09 
9.41 1.39 4.74247e-10 
9.41 1.395 1.39398e-10 
9.42 1.22 1.62212e-10 
9.42 1.225 5.82061e-10 
9.42 1.23 2.07055e-09 
9.42 1.235 7.05595e-09 
9.42 1.24 1.83584e-08 
9.42 1.245 4.92315e-08 
9.42 1.25 1.22474e-07 
9.42 1.255 2.70154e-07 
9.42 1.26 5.35941e-07 
9.42 1.265 1.06072e-06 
9.42 1.27 1.73787e-06 
9.42 1.275 2.80554e-06 
9.42 1.28 4.22531e-06 
9.42 1.285 6.011e-06 
9.42 1.29 7.77968e-06 
9.42 1.295 9.46204e-06 
9.42 1.3 1.01536e-05 
9.42 1.305 1.04602e-05 
9.42 1.31 1.01723e-05 
9.42 1.315 8.7899e-06 
9.42 1.32 7.37188e-06 
9.42 1.325 5.71959e-06 
9.42 1.33 4.15082e-06 
9.42 1.335 2.61608e-06 
9.42 1.34 1.65069e-06 
9.42 1.345 9.58549e-07 
9.42 1.35 5.05089e-07 
9.42 1.355 2.55841e-07 
9.42 1.36 1.18585e-07 
9.42 1.365 5.14638e-08 
9.42 1.37 2.11582e-08 
9.42 1.375 7.82765e-09 
9.42 1.38 2.76218e-09 
9.42 1.385 9.28389e-10 
9.42 1.39 2.81788e-10 
9.43 1.215 1.16491e-10 
9.43 1.22 4.6357e-10 
9.43 1.225 1.56988e-09 
9.43 1.23 4.96289e-09 
9.43 1.235 1.52099e-08 
9.43 1.24 4.20824e-08 
9.43 1.245 1.08155e-07 
9.43 1.25 2.37855e-07 
9.43 1.255 5.00358e-07 
9.43 1.26 9.92544e-07 
9.43 1.265 1.72018e-06 
9.43 1.27 2.81752e-06 
9.43 1.275 4.35705e-06 
9.43 1.28 6.40813e-06 
9.43 1.285 8.39394e-06 
9.43 1.29 1.0172e-05 
9.43 1.295 1.16887e-05 
9.43 1.3 1.25154e-05 
9.43 1.305 1.22001e-05 
9.43 1.31 1.11723e-05 
9.43 1.315 9.48101e-06 
9.43 1.32 7.58417e-06 
9.43 1.325 5.57482e-06 
9.43 1.33 3.70714e-06 
9.43 1.335 2.38574e-06 
9.43 1.34 1.41491e-06 
9.43 1.345 7.76225e-07 
9.43 1.35 3.99859e-07 
9.43 1.355 1.92394e-07 
9.43 1.36 8.61497e-08 
9.43 1.365 3.64764e-08 
9.43 1.37 1.3729e-08 
9.43 1.375 5.16905e-09 
9.43 1.38 1.68794e-09 
9.43 1.385 5.56094e-10 
9.43 1.39 1.57339e-10 
9.44 1.215 3.04341e-10 
9.44 1.22 1.12465e-09 
9.44 1.225 3.80332e-09 
9.44 1.23 1.26638e-08 
9.44 1.235 3.23756e-08 
9.44 1.24 8.46053e-08 
9.44 1.245 2.16238e-07 
9.44 1.25 4.5544e-07 
9.44 1.255 8.64859e-07 
9.44 1.26 1.65632e-06 
9.44 1.265 2.82905e-06 
9.44 1.27 4.29311e-06 
9.44 1.275 6.47033e-06 
9.44 1.28 8.84499e-06 
9.44 1.285 1.1257e-05 
9.44 1.29 1.28386e-05 
9.44 1.295 1.40974e-05 
9.44 1.3 1.4427e-05 
9.44 1.305 1.35654e-05 
9.44 1.31 1.21303e-05 
9.44 1.315 9.80733e-06 
9.44 1.32 7.23781e-06 
9.44 1.325 5.14747e-06 
9.44 1.33 3.30897e-06 
9.44 1.335 2.00037e-06 
9.44 1.34 1.15189e-06 
9.44 1.345 6.161e-07 
9.44 1.35 2.99789e-07 
9.44 1.355 1.4188e-07 
9.44 1.36 6.12921e-08 
9.44 1.365 2.41602e-08 
9.44 1.37 9.3648e-09 
9.44 1.375 3.33588e-09 
9.44 1.38 1.06131e-09 
9.44 1.385 3.16939e-10 
9.45 1.21 2.34956e-10 
9.45 1.215 8.62954e-10 
9.45 1.22 2.84579e-09 
9.45 1.225 9.17873e-09 
9.45 1.23 2.7003e-08 
9.45 1.235 7.44322e-08 
9.45 1.24 1.76482e-07 
9.45 1.245 3.99452e-07 
9.45 1.25 8.46786e-07 
9.45 1.255 1.56057e-06 
9.45 1.26 2.85253e-06 
9.45 1.265 4.17243e-06 
9.45 1.27 6.88562e-06 
9.45 1.275 9.04854e-06 
9.45 1.28 1.17075e-05 
9.45 1.285 1.45731e-05 
9.45 1.29 1.60584e-05 
9.45 1.295 1.66164e-05 
9.45 1.3 1.63631e-05 
9.45 1.305 1.46754e-05 
9.45 1.31 1.24953e-05 
9.45 1.315 9.68191e-06 
9.45 1.32 6.98344e-06 
9.45 1.325 4.66952e-06 
9.45 1.33 2.94875e-06 
9.45 1.335 1.70067e-06 
9.45 1.34 8.96412e-07 
9.45 1.345 4.57544e-07 
9.45 1.35 2.19647e-07 
9.45 1.355 9.24331e-08 
9.45 1.36 4.05479e-08 
9.45 1.365 1.60269e-08 
9.45 1.37 5.76997e-09 
9.45 1.375 1.95413e-09 
9.45 1.38 6.01047e-10 
9.45 1.385 1.78592e-10 
9.46 1.205 1.62656e-10 
9.46 1.21 6.16968e-10 
9.46 1.215 2.29118e-09 
9.46 1.22 7.04884e-09 
9.46 1.225 2.05466e-08 
9.46 1.23 6.04902e-08 
9.46 1.235 1.5049e-07 
9.46 1.24 3.57044e-07 
9.46 1.245 7.12788e-07 
9.46 1.25 1.47808e-06 
9.46 1.255 2.67511e-06 
9.46 1.26 4.38254e-06 
9.46 1.265 6.75059e-06 
9.46 1.27 9.22858e-06 
9.46 1.275 1.25178e-05 
9.46 1.28 1.55041e-05 
9.46 1.285 1.85578e-05 
9.46 1.29 1.94512e-05 
9.46 1.295 1.88387e-05 
9.46 1.3 1.77949e-05 
9.46 1.305 1.5506e-05 
9.46 1.31 1.25073e-05 
9.46 1.315 9.26302e-06 
9.46 1.32 6.36078e-06 
9.46 1.325 4.14996e-06 
9.46 1.33 2.4853e-06 
9.46 1.335 1.34952e-06 
9.46 1.34 7.15411e-07 
9.46 1.345 3.46998e-07 
9.46 1.35 1.54195e-07 
9.46 1.355 6.08149e-08 
9.46 1.36 2.72142e-08 
9.46 1.365 9.80197e-09 
9.46 1.37 3.52038e-09 
9.46 1.375 1.14217e-09 
9.46 1.38 3.389e-10 
9.46 1.385 1.00265e-10 
9.47 1.2 1.16449e-10 
9.47 1.205 4.35715e-10 
9.47 1.21 1.72121e-09 
9.47 1.215 5.71386e-09 
9.47 1.22 1.71874e-08 
9.47 1.225 4.81058e-08 
9.47 1.23 1.23027e-07 
9.47 1.235 2.99394e-07 
9.47 1.24 6.83435e-07 
9.47 1.245 1.39819e-06 
9.47 1.25 2.50853e-06 
9.47 1.255 4.23344e-06 
9.47 1.26 6.77128e-06 
9.47 1.265 1.00495e-05 
9.47 1.27 1.33984e-05 
9.47 1.275 1.68409e-05 
9.47 1.28 2.03102e-05 
9.47 1.285 2.20572e-05 
9.47 1.29 2.25169e-05 
9.47 1.295 2.1523e-05 
9.47 1.3 1.90758e-05 
9.47 1.305 1.59019e-05 
9.47 1.31 1.20064e-05 
9.47 1.315 8.73756e-06 
9.47 1.32 5.81825e-06 
9.47 1.325 3.60887e-06 
9.47 1.33 2.07911e-06 
9.47 1.335 1.07061e-06 
9.47 1.34 5.49643e-07 
9.47 1.345 2.58098e-07 
9.47 1.35 1.14145e-07 
9.47 1.355 4.61096e-08 
9.47 1.36 1.72116e-08 
9.47 1.365 5.99859e-09 
9.47 1.37 1.96623e-09 
9.47 1.375 6.15224e-10 
9.47 1.38 1.96072e-10 
9.48 1.2 3.32524e-10 
9.48 1.205 1.20514e-09 
9.48 1.21 4.47564e-09 
9.48 1.215 1.38396e-08 
9.48 1.22 4.00591e-08 
9.48 1.225 1.06528e-07 
9.48 1.23 2.51825e-07 
9.48 1.235 6.02167e-07 
9.48 1.24 1.24076e-06 
9.48 1.245 2.412e-06 
9.48 1.25 4.30877e-06 
9.48 1.255 6.93297e-06 
9.48 1.26 1.03278e-05 
9.48 1.265 1.426e-05 
9.48 1.27 1.8441e-05 
9.48 1.275 2.26626e-05 
9.48 1.28 2.51213e-05 
9.48 1.285 2.64265e-05 
9.48 1.29 2.58591e-05 
9.48 1.295 2.34825e-05 
9.48 1.3 2.00046e-05 
9.48 1.305 1.60904e-05 
9.48 1.31 1.13373e-05 
9.48 1.315 8.05551e-06 
9.48 1.32 5.02309e-06 
9.48 1.325 2.99169e-06 
9.48 1.33 1.63656e-06 
9.48 1.335 8.53805e-07 
9.48 1.34 3.95665e-07 
9.48 1.345 1.7975e-07 
9.48 1.35 7.40512e-08 
9.48 1.355 2.95786e-08 
9.48 1.36 1.04609e-08 
9.48 1.365 3.40713e-09 
9.48 1.37 1.20212e-09 
9.48 1.375 3.44327e-10 
9.48 1.38 1.04737e-10 
9.49 1.195 2.38045e-10 
9.49 1.2 9.31023e-10 
9.49 1.205 3.29234e-09 
9.49 1.21 1.05612e-08 
9.49 1.215 3.35497e-08 
9.49 1.22 8.49187e-08 
9.49 1.225 2.2086e-07 
9.49 1.23 5.18984e-07 
9.49 1.235 1.12931e-06 
9.49 1.24 2.12087e-06 
9.49 1.245 4.134e-06 
9.49 1.25 6.79793e-06 
9.49 1.255 1.0658e-05 
9.49 1.26 1.51335e-05 
9.49 1.265 1.98342e-05 
9.49 1.27 2.47054e-05 
9.49 1.275 2.91272e-05 
9.49 1.28 2.99381e-05 
9.49 1.285 3.01031e-05 
9.49 1.29 2.81681e-05 
9.49 1.295 2.4853e-05 
9.49 1.3 1.99277e-05 
9.49 1.305 1.54346e-05 
9.49 1.31 1.07233e-05 
9.49 1.315 7.14563e-06 
9.49 1.32 4.28133e-06 
9.49 1.325 2.41387e-06 
9.49 1.33 1.29511e-06 
9.49 1.335 6.34371e-07 
9.49 1.34 2.92651e-07 
9.49 1.345 1.28306e-07 
9.49 1.35 4.96637e-08 
9.49 1.355 1.89272e-08 
9.49 1.36 6.63586e-09 
9.49 1.365 2.23921e-09 
9.49 1.37 6.73765e-10 
9.49 1.375 1.83635e-10 
9.5 1.19 1.68565e-10 
9.5 1.195 6.92982e-10 
9.5 1.2 2.59649e-09 
9.5 1.205 8.67684e-09 
9.5 1.21 2.70167e-08 
9.5 1.215 7.11894e-08 
9.5 1.22 1.91621e-07 
9.5 1.225 4.29429e-07 
9.5 1.23 1.01497e-06 
9.5 1.235 2.02294e-06 
9.5 1.24 3.81943e-06 
9.5 1.245 6.59292e-06 
9.5 1.25 1.05567e-05 
9.5 1.255 1.55991e-05 
9.5 1.26 2.17139e-05 
9.5 1.265 2.67165e-05 
9.5 1.27 3.19607e-05 
9.5 1.275 3.44814e-05 
9.5 1.28 3.59057e-05 
9.5 1.285 3.37121e-05 
9.5 1.29 3.01268e-05 
9.5 1.295 2.47675e-05 
9.5 1.3 1.99678e-05 
9.5 1.305 1.43798e-05 
9.5 1.31 9.78076e-06 
9.5 1.315 5.99369e-06 
9.5 1.32 3.53244e-06 
9.5 1.325 1.93778e-06 
9.5 1.33 9.59304e-07 
9.5 1.335 4.71962e-07 
9.5 1.34 2.00499e-07 
9.5 1.345 8.59395e-08 
9.5 1.35 3.21409e-08 
9.5 1.355 1.11661e-08 
9.5 1.36 3.84598e-09 
9.5 1.365 1.30665e-09 
9.5 1.37 3.74694e-10 
9.5 1.375 1.02027e-10 
9.51 1.185 1.31413e-10 
9.51 1.19 5.00477e-10 
9.51 1.195 1.85953e-09 
9.51 1.2 6.76987e-09 
9.51 1.205 2.02743e-08 
9.51 1.21 5.77107e-08 
9.51 1.215 1.56309e-07 
9.51 1.22 3.83835e-07 
9.51 1.225 8.65691e-07 
9.51 1.23 1.79753e-06 
9.51 1.235 3.55838e-06 
9.51 1.24 6.38414e-06 
9.51 1.245 1.00346e-05 
9.51 1.25 1.57179e-05 
9.51 1.255 2.29355e-05 
9.51 1.26 2.86205e-05 
9.51 1.265 3.50162e-05 
9.51 1.27 3.98368e-05 
9.51 1.275 4.19854e-05 
9.51 1.28 3.92015e-05 
9.51 1.285 3.68379e-05 
9.51 1.29 3.12069e-05 
9.51 1.295 2.52216e-05 
9.51 1.3 1.84694e-05 
9.51 1.305 1.26865e-05 
9.51 1.31 8.23716e-06 
9.51 1.315 5.1455e-06 
9.51 1.32 2.8427e-06 
9.51 1.325 1.47204e-06 
9.51 1.33 7.37756e-07 
9.51 1.335 3.23382e-07 
9.51 1.34 1.37767e-07 
9.51 1.345 5.41848e-08 
9.51 1.35 2.08397e-08 
9.51 1.355 6.94358e-09 
9.51 1.36 2.24286e-09 
9.51 1.365 6.76778e-10 
9.51 1.37 2.02774e-10 
9.52 1.185 3.63295e-10 
9.52 1.19 1.38697e-09 
9.52 1.195 4.95298e-09 
9.52 1.2 1.64277e-08 
9.52 1.205 4.60174e-08 
9.52 1.21 1.28953e-07 
9.52 1.215 3.40161e-07 
9.52 1.22 7.79408e-07 
9.52 1.225 1.65332e-06 
9.52 1.23 3.07583e-06 
9.52 1.235 6.00338e-06 
9.52 1.24 1.00719e-05 
9.52 1.245 1.58931e-05 
9.52 1.25 2.25658e-05 
9.52 1.255 3.09263e-05 
9.52 1.26 3.78403e-05 
9.52 1.265 4.46769e-05 
9.52 1.27 4.61954e-05 
9.52 1.275 4.73967e-05 
9.52 1.28 4.36931e-05 
9.52 1.285 3.85252e-05 
9.52 1.29 3.20678e-05 
9.52 1.295 2.43129e-05 
9.52 1.3 1.65285e-05 
9.52 1.305 1.14734e-05 
9.52 1.31 7.0029e-06 
9.52 1.315 4.00758e-06 
9.52 1.32 2.19995e-06 
9.52 1.325 1.11608e-06 
9.52 1.33 5.10271e-07 
9.52 1.335 2.29123e-07 
9.52 1.34 9.28751e-08 
9.52 1.345 3.33337e-08 
9.52 1.35 1.2437e-08 
9.52 1.355 4.13483e-09 
9.52 1.36 1.30564e-09 
9.52 1.365 3.80283e-10 
9.52 1.37 1.07196e-10 
9.53 1.18 2.66655e-10 
9.53 1.185 1.05686e-09 
9.53 1.19 3.59289e-09 
9.53 1.195 1.29124e-08 
9.53 1.2 3.83769e-08 
9.53 1.205 1.09474e-07 
9.53 1.21 2.64663e-07 
9.53 1.215 6.56247e-07 
9.53 1.22 1.48569e-06 
9.53 1.225 2.99973e-06 
9.53 1.23 5.37083e-06 
9.53 1.235 9.70875e-06 
9.53 1.24 1.56641e-05 
9.53 1.245 2.27602e-05 
9.53 1.25 3.2336e-05 
9.53 1.255 4.13057e-05 
9.53 1.26 4.85339e-05 
9.53 1.265 5.29111e-05 
9.53 1.27 5.52246e-05 
9.53 1.275 5.18446e-05 
9.53 1.28 4.66903e-05 
9.53 1.285 3.83981e-05 
9.53 1.29 3.0038e-05 
9.53 1.295 2.27531e-05 
9.53 1.3 1.50904e-05 
9.53 1.305 9.74876e-06 
9.53 1.31 5.60388e-06 
9.53 1.315 3.27813e-06 
9.53 1.32 1.62759e-06 
9.53 1.325 8.21971e-07 
9.53 1.33 3.58507e-07 
9.53 1.335 1.44874e-07 
9.53 1.34 6.04023e-08 
9.53 1.345 2.12481e-08 
9.53 1.35 7.18682e-09 
9.53 1.355 2.39455e-09 
9.53 1.36 7.20843e-10 
9.53 1.365 2.00815e-10 
9.54 1.175 1.88207e-10 
9.54 1.18 7.46115e-10 
9.54 1.185 2.80575e-09 
9.54 1.19 9.62325e-09 
9.54 1.195 3.11991e-08 
9.54 1.2 8.86753e-08 
9.54 1.205 2.30793e-07 
9.54 1.21 5.39953e-07 
9.54 1.215 1.26419e-06 
9.54 1.22 2.62925e-06 
9.54 1.225 5.12285e-06 
9.54 1.23 9.15665e-06 
9.54 1.235 1.53171e-05 
9.54 1.24 2.28359e-05 
9.54 1.245 3.31026e-05 
9.54 1.25 4.39977e-05 
9.54 1.255 5.26762e-05 
9.54 1.26 5.98846e-05 
9.54 1.265 6.29944e-05 
9.54 1.27 6.05753e-05 
9.54 1.275 5.61951e-05 
9.54 1.28 4.82347e-05 
9.54 1.285 3.80688e-05 
9.54 1.29 2.8096e-05 
9.54 1.295 1.99435e-05 
9.54 1.3 1.33212e-05 
9.54 1.305 7.92556e-06 
9.54 1.31 4.53883e-06 
9.54 1.315 2.44588e-06 
9.54 1.32 1.19156e-06 
9.54 1.325 5.54198e-07 
9.54 1.33 2.42773e-07 
9.54 1.335 9.93936e-08 
9.54 1.34 3.63572e-08 
9.54 1.345 1.3338e-08 
9.54 1.35 4.14787e-09 
9.54 1.355 1.28435e-09 
9.54 1.36 3.865e-10 
9.54 1.365 1.05651e-10 
9.55 1.17 1.18313e-10 
9.55 1.175 5.17966e-10 
9.55 1.18 2.03573e-09 
9.55 1.185 6.88866e-09 
9.55 1.19 2.35683e-08 
9.55 1.195 6.85531e-08 
9.55 1.2 1.94006e-07 
9.55 1.205 4.58933e-07 
9.55 1.21 1.12729e-06 
9.55 1.215 2.301e-06 
9.55 1.22 4.78781e-06 
9.55 1.225 8.21442e-06 
9.55 1.23 1.4431e-05 
9.55 1.235 2.23249e-05 
9.55 1.24 3.26647e-05 
9.55 1.245 4.61174e-05 
9.55 1.25 5.68555e-05 
9.55 1.255 6.59116e-05 
9.55 1.26 7.29919e-05 
9.55 1.265 6.93661e-05 
9.55 1.27 6.89353e-05 
9.55 1.275 5.81883e-05 
9.55 1.28 4.84838e-05 
9.55 1.285 3.69186e-05 
9.55 1.29 2.59793e-05 
9.55 1.295 1.77926e-05 
9.55 1.3 1.09637e-05 
9.55 1.305 6.26967e-06 
9.55 1.31 3.39763e-06 
9.55 1.315 1.86216e-06 
9.55 1.32 8.63478e-07 
9.55 1.325 3.77529e-07 
9.55 1.33 1.56972e-07 
9.55 1.335 6.2631e-08 
9.55 1.34 2.2554e-08 
9.55 1.345 7.0924e-09 
9.55 1.35 2.58844e-09 
9.55 1.355 7.27797e-10 
9.55 1.36 1.99744e-10 
9.56 1.17 3.42337e-10 
9.56 1.175 1.4123e-09 
9.56 1.18 5.35333e-09 
9.56 1.185 1.72048e-08 
9.56 1.19 5.47873e-08 
9.56 1.195 1.51113e-07 
9.56 1.2 3.97074e-07 
9.56 1.205 9.35585e-07 
9.56 1.21 2.10683e-06 
9.56 1.215 4.33472e-06 
9.56 1.22 7.76911e-06 
9.56 1.225 1.39363e-05 
9.56 1.23 2.24757e-05 
9.56 1.235 3.32542e-05 
9.56 1.24 4.63741e-05 
9.56 1.245 5.96855e-05 
9.56 1.25 7.37987e-05 
9.56 1.255 7.98419e-05 
9.56 1.26 8.32844e-05 
9.56 1.265 8.10051e-05 
9.56 1.27 7.09596e-05 
9.56 1.275 6.00285e-05 
9.56 1.28 4.66109e-05 
9.56 1.285 3.40616e-05 
9.56 1.29 2.35361e-05 
9.56 1.295 1.5193e-05 
9.56 1.3 9.07856e-06 
9.56 1.305 4.95787e-06 
9.56 1.31 2.68391e-06 
9.56 1.315 1.2766e-06 
9.56 1.32 6.00012e-07 
9.56 1.325 2.49866e-07 
9.56 1.33 1.07477e-07 
9.56 1.335 3.98405e-08 
9.56 1.34 1.36693e-08 
9.56 1.345 4.34069e-09 
9.56 1.35 1.32654e-09 
9.56 1.355 3.69645e-10 
9.56 1.36 1.05054e-10 
9.57 1.165 2.32221e-10 
9.57 1.17 9.38435e-10 
9.57 1.175 3.54875e-09 
9.57 1.18 1.26141e-08 
9.57 1.185 4.14071e-08 
9.57 1.19 1.22265e-07 
9.57 1.195 3.19846e-07 
9.57 1.2 8.05061e-07 
9.57 1.205 1.76695e-06 
9.57 1.21 3.76348e-06 
9.57 1.215 7.09619e-06 
9.57 1.22 1.30925e-05 
9.57 1.225 2.1949e-05 
9.57 1.23 3.22782e-05 
9.57 1.235 4.75773e-05 
9.57 1.24 6.23025e-05 
9.57 1.245 7.71007e-05 
9.57 1.25 8.84847e-05 
9.57 1.255 9.31561e-05 
9.57 1.26 9.09258e-05 
9.57 1.265 8.69033e-05 
9.57 1.27 7.43511e-05 
9.57 1.275 5.82572e-05 
9.57 1.28 4.4035e-05 
9.57 1.285 3.02759e-05 
9.57 1.29 2.08928e-05 
9.57 1.295 1.22215e-05 
9.57 1.3 7.20906e-06 
9.57 1.305 3.71333e-06 
9.57 1.31 1.95561e-06 
9.57 1.315 9.07497e-07 
9.57 1.32 4.091e-07 
9.57 1.325 1.67851e-07 
9.57 1.33 6.62326e-08 
9.57 1.335 2.3418e-08 
9.57 1.34 7.51528e-09 
9.57 1.345 2.50603e-09 
9.57 1.35 7.17396e-10 
9.57 1.355 1.95058e-10 
9.58 1.16 1.49005e-10 
9.58 1.165 6.63449e-10 
9.58 1.17 2.48793e-09 
9.58 1.175 9.121e-09 
9.58 1.18 3.02413e-08 
9.58 1.185 9.02832e-08 
9.58 1.19 2.511e-07 
9.58 1.195 6.44483e-07 
9.58 1.2 1.53212e-06 
9.58 1.205 3.28038e-06 
9.58 1.21 6.70378e-06 
9.58 1.215 1.19289e-05 
9.58 1.22 1.98834e-05 
9.58 1.225 3.15754e-05 
9.58 1.23 4.77834e-05 
9.58 1.235 6.45874e-05 
9.58 1.24 7.94271e-05 
9.58 1.245 9.45134e-05 
9.58 1.25 0.000104162 
9.58 1.255 0.000108047 
9.58 1.26 9.81666e-05 
9.58 1.265 8.84876e-05 
9.58 1.27 7.35236e-05 
9.58 1.275 5.60671e-05 
9.58 1.28 3.98446e-05 
9.58 1.285 2.74255e-05 
9.58 1.29 1.66444e-05 
9.58 1.295 1.0136e-05 
9.58 1.3 5.40135e-06 
9.58 1.305 2.82073e-06 
9.58 1.31 1.40143e-06 
9.58 1.315 5.89543e-07 
9.58 1.32 2.64687e-07 
9.58 1.325 1.06794e-07 
9.58 1.33 3.92447e-08 
9.58 1.335 1.29923e-08 
9.58 1.34 4.49102e-09 
9.58 1.345 1.2822e-09 
9.58 1.35 3.86839e-10 
9.59 1.16 4.26432e-10 
9.59 1.165 1.73646e-09 
9.59 1.17 6.5303e-09 
9.59 1.175 2.23815e-08 
9.59 1.18 6.58394e-08 
9.59 1.185 1.99893e-07 
9.59 1.19 4.9965e-07 
9.59 1.195 1.2552e-06 
9.59 1.2 2.74145e-06 
9.59 1.205 5.65004e-06 
9.59 1.21 1.08302e-05 
9.59 1.215 1.86769e-05 
9.59 1.22 3.13596e-05 
9.59 1.225 4.43281e-05 
9.59 1.23 6.40839e-05 
9.59 1.235 8.17563e-05 
9.59 1.24 9.84794e-05 
9.59 1.245 0.000112399 
9.59 1.25 0.000115773 
9.59 1.255 0.000114217 
9.59 1.26 0.000106075 
9.59 1.265 8.83762e-05 
9.59 1.27 7.13139e-05 
9.59 1.275 5.09411e-05 
9.59 1.28 3.5815e-05 
9.59 1.285 2.23344e-05 
9.59 1.29 1.39733e-05 
9.59 1.295 7.93466e-06 
9.59 1.3 4.1258e-06 
9.59 1.305 1.92866e-06 
9.59 1.31 9.88144e-07 
9.59 1.315 4.2356e-07 
9.59 1.32 1.66121e-07 
9.59 1.325 6.48465e-08 
9.59 1.33 2.2649e-08 
9.59 1.335 8.03604e-09 
9.59 1.34 2.40658e-09 
9.59 1.345 6.9449e-10 
9.59 1.35 1.93352e-10 
9.6 1.155 2.88419e-10 
9.6 1.16 1.17289e-09 
9.6 1.165 4.48484e-09 
9.6 1.17 1.57378e-08 
9.6 1.175 5.15127e-08 
9.6 1.18 1.51963e-07 
9.6 1.185 4.01171e-07 
9.6 1.19 1.04965e-06 
9.6 1.195 2.36199e-06 
9.6 1.2 4.99407e-06 
9.6 1.205 9.87791e-06 
9.6 1.21 1.77276e-05 
9.6 1.215 2.90766e-05 
9.6 1.22 4.45693e-05 
9.6 1.225 6.1322e-05 
9.6 1.23 8.76774e-05 
9.6 1.235 0.000105425 
9.6 1.24 0.000124707 
9.6 1.245 0.00012899 
9.6 1.25 0.000131192 
9.6 1.255 0.000122209 
9.6 1.26 0.000106898 
9.6 1.265 8.64564e-05 
9.6 1.27 6.67998e-05 
9.6 1.275 4.71641e-05 
9.6 1.28 3.1468e-05 
9.6 1.285 1.91299e-05 
9.6 1.29 1.08689e-05 
9.6 1.295 5.96931e-06 
9.6 1.3 3.00848e-06 
9.6 1.305 1.48493e-06 
9.6 1.31 6.32674e-07 
9.6 1.315 2.74685e-07 
9.6 1.32 1.07521e-07 
9.6 1.325 3.88934e-08 
9.6 1.33 1.38884e-08 
9.6 1.335 4.26474e-09 
9.6 1.34 1.31572e-09 
9.6 1.345 3.86581e-10 
9.61 1.15 1.88823e-10 
9.61 1.155 8.35752e-10 
9.61 1.16 3.07468e-09 
9.61 1.165 1.15932e-08 
9.61 1.17 3.66484e-08 
9.61 1.175 1.12226e-07 
9.61 1.18 3.23944e-07 
9.61 1.185 8.18504e-07 
9.61 1.19 1.96739e-06 
9.61 1.195 4.23546e-06 
9.61 1.2 8.6292e-06 
9.61 1.205 1.62725e-05 
9.61 1.21 2.82467e-05 
9.61 1.215 4.26523e-05 
9.61 1.22 6.26375e-05 
9.61 1.225 8.95311e-05 
9.61 1.23 0.000107394 
9.61 1.235 0.000131944 
9.61 1.24 0.000145617 
9.61 1.245 0.000147826 
9.61 1.25 0.000142265 
9.61 1.255 0.000126524 
9.61 1.26 0.000103661 
9.61 1.265 8.55458e-05 
9.61 1.27 6.02165e-05 
9.61 1.275 4.16934e-05 
9.61 1.28 2.63757e-05 
9.61 1.285 1.52881e-05 
9.61 1.29 8.43965e-06 
9.61 1.295 4.52883e-06 
9.61 1.3 2.18503e-06 
9.61 1.305 9.77597e-07 
9.61 1.31 4.31958e-07 
9.61 1.315 1.73006e-07 
9.61 1.32 6.35917e-08 
9.61 1.325 2.32904e-08 
9.61 1.33 7.71998e-09 
9.61 1.335 2.39055e-09 
9.61 1.34 6.72239e-10 
9.61 1.345 1.9698e-10 
9.62 1.145 1.26493e-10 
9.62 1.15 5.36241e-10 
9.62 1.155 2.17197e-09 
9.62 1.16 7.93365e-09 
9.62 1.165 2.66983e-08 
9.62 1.17 8.79847e-08 
9.62 1.175 2.41218e-07 
9.62 1.18 6.65987e-07 
9.62 1.185 1.56675e-06 
9.62 1.19 3.58902e-06 
9.62 1.195 7.70138e-06 
9.62 1.2 1.43041e-05 
9.62 1.205 2.51116e-05 
9.62 1.21 4.15716e-05 
9.62 1.215 6.38547e-05 
9.62 1.22 8.835e-05 
9.62 1.225 0.000112806 
9.62 1.23 0.000135508 
9.62 1.235 0.000158771 
9.62 1.24 0.000167855 
9.62 1.245 0.000165597 
9.62 1.25 0.000151405 
9.62 1.255 0.000126049 
9.62 1.26 0.000102859 
9.62 1.265 7.92086e-05 
9.62 1.27 5.40782e-05 
9.62 1.275 3.43605e-05 
9.62 1.28 2.17087e-05 
9.62 1.285 1.20428e-05 
9.62 1.29 6.60958e-06 
9.62 1.295 3.35239e-06 
9.62 1.3 1.48339e-06 
9.62 1.305 6.62798e-07 
9.62 1.31 2.76905e-07 
9.62 1.315 1.06775e-07 
9.62 1.32 3.86047e-08 
9.62 1.325 1.32213e-08 
9.62 1.33 4.2734e-09 
9.62 1.335 1.26554e-09 
9.62 1.34 3.53373e-10 
9.63 1.145 3.54235e-10 
9.63 1.15 1.50172e-09 
9.63 1.155 5.57035e-09 
9.63 1.16 2.01556e-08 
9.63 1.165 6.44398e-08 
9.63 1.17 1.88571e-07 
9.63 1.175 4.98952e-07 
9.63 1.18 1.29376e-06 
9.63 1.185 3.00155e-06 
9.63 1.19 6.4536e-06 
9.63 1.195 1.25986e-05 
9.63 1.2 2.32371e-05 
9.63 1.205 3.88064e-05 
9.63 1.21 6.10082e-05 
9.63 1.215 8.83128e-05 
9.63 1.22 0.000113532 
9.63 1.225 0.000142831 
9.63 1.23 0.00016956 
9.63 1.235 0.00017987 
9.63 1.24 0.000186934 
9.63 1.245 0.000170112 
9.63 1.25 0.000155834 
9.63 1.255 0.000125524 
9.63 1.26 9.52846e-05 
9.63 1.265 6.88741e-05 
9.63 1.27 4.80223e-05 
9.63 1.275 2.82551e-05 
9.63 1.28 1.73502e-05 
9.63 1.285 9.515e-06 
9.63 1.29 4.83711e-06 
9.63 1.295 2.20707e-06 
9.63 1.3 1.0681e-06 
9.63 1.305 4.38124e-07 
9.63 1.31 1.71793e-07 
9.63 1.315 6.45032e-08 
9.63 1.32 2.25183e-08 
9.63 1.325 7.522e-09 
9.63 1.33 2.20841e-09 
9.63 1.335 6.58733e-10 
9.63 1.34 1.79156e-10 
9.64 1.14 2.33126e-10 
9.64 1.145 1.02912e-09 
9.64 1.15 3.90645e-09 
9.64 1.155 1.46081e-08 
9.64 1.16 4.64626e-08 
9.64 1.165 1.45062e-07 
9.64 1.17 4.09664e-07 
9.64 1.175 1.02534e-06 
9.64 1.18 2.45262e-06 
9.64 1.185 5.43396e-06 
9.64 1.19 1.12552e-05 
9.64 1.195 2.10278e-05 
9.64 1.2 3.63247e-05 
9.64 1.205 5.82445e-05 
9.64 1.21 8.91553e-05 
9.64 1.215 0.000116129 
9.64 1.22 0.000152202 
9.64 1.225 0.000179651 
9.64 1.23 0.000196247 
9.64 1.235 0.000204696 
9.64 1.24 0.000203962 
9.64 1.245 0.000176976 
9.64 1.25 0.000156247 
9.64 1.255 0.000115764 
9.64 1.26 9.09526e-05 
9.64 1.265 6.08639e-05 
9.64 1.27 3.85973e-05 
9.64 1.275 2.46868e-05 
9.64 1.28 1.31228e-05 
9.64 1.285 6.83397e-06 
9.64 1.29 3.52907e-06 
9.64 1.295 1.59989e-06 
9.64 1.3 6.96703e-07 
9.64 1.305 2.68488e-07 
9.64 1.31 1.04756e-07 
9.64 1.315 3.94109e-08 
9.64 1.32 1.32137e-08 
9.64 1.325 3.93119e-09 
9.64 1.33 1.19231e-09 
9.64 1.335 3.56019e-10 
9.65 1.135 1.51376e-10 
9.65 1.14 6.7882e-10 
9.65 1.145 2.91005e-09 
9.65 1.15 1.0264e-08 
9.65 1.155 3.59786e-08 
9.65 1.16 1.09064e-07 
9.65 1.165 3.15487e-07 
9.65 1.17 8.36706e-07 
9.65 1.175 1.99879e-06 
9.65 1.18 4.72494e-06 
9.65 1.185 9.3253e-06 
9.65 1.19 1.85723e-05 
9.65 1.195 3.34191e-05 
9.65 1.2 5.66971e-05 
9.65 1.205 8.26053e-05 
9.65 1.21 0.000122637 
9.65 1.215 0.000159296 
9.65 1.22 0.000181696 
9.65 1.225 0.000218136 
9.65 1.23 0.000234265 
9.65 1.235 0.000226136 
9.65 1.24 0.000211375 
9.65 1.245 0.000185899 
9.65 1.25 0.000145816 
9.65 1.255 0.000110042 
9.65 1.26 8.18174e-05 
9.65 1.265 5.30665e-05 
9.65 1.27 3.17922e-05 
9.65 1.275 1.86864e-05 
9.65 1.28 1.05156e-05 
9.65 1.285 5.02845e-06 
9.65 1.29 2.39654e-06 
9.65 1.295 1.0489e-06 
9.65 1.3 4.65714e-07 
9.65 1.305 1.67875e-07 
9.65 1.31 6.43525e-08 
9.65 1.315 2.2286e-08 
9.65 1.32 7.40677e-09 
9.65 1.325 2.15717e-09 
9.65 1.33 6.36115e-10 
9.65 1.335 1.62136e-10 
9.66 1.135 4.683e-10 
9.66 1.14 2.15679e-09 
9.66 1.145 7.18135e-09 
9.66 1.15 2.49184e-08 
9.66 1.155 8.1674e-08 
9.66 1.16 2.37663e-07 
9.66 1.165 6.41599e-07 
9.66 1.17 1.67097e-06 
9.66 1.175 3.70034e-06 
9.66 1.18 8.17207e-06 
9.66 1.185 1.6345e-05 
9.66 1.19 2.9781e-05 
9.66 1.195 4.9657e-05 
9.66 1.2 7.98727e-05 
9.66 1.205 0.000116438 
9.66 1.21 0.000162617 
9.66 1.215 0.000200742 
9.66 1.22 0.000227055 
9.66 1.225 0.000253006 
9.66 1.23 0.000257678 
9.66 1.235 0.00023499 
9.66 1.24 0.000210499 
9.66 1.245 0.000183458 
9.66 1.25 0.000139653 
9.66 1.255 0.000101327 
9.66 1.26 6.74846e-05 
9.66 1.265 4.35355e-05 
9.66 1.27 2.57835e-05 
9.66 1.275 1.45237e-05 
9.66 1.28 7.58759e-06 
9.66 1.285 3.53515e-06 
9.66 1.29 1.65674e-06 
9.66 1.295 7.0547e-07 
9.66 1.3 2.78256e-07 
9.66 1.305 1.06953e-07 
9.66 1.31 3.51196e-08 
9.66 1.315 1.2716e-08 
9.66 1.32 3.92335e-09 
9.66 1.325 1.17595e-09 
9.66 1.33 3.06565e-10 
9.67 1.13 3.17162e-10 
9.67 1.135 1.42569e-09 
9.67 1.14 5.15202e-09 
9.67 1.145 1.79517e-08 
9.67 1.15 5.7661e-08 
9.67 1.155 1.77681e-07 
9.67 1.16 5.04641e-07 
9.67 1.165 1.29927e-06 
9.67 1.17 3.13425e-06 
9.67 1.175 6.89688e-06 
9.67 1.18 1.45985e-05 
9.67 1.185 2.58927e-05 
9.67 1.19 4.68586e-05 
9.67 1.195 7.51012e-05 
9.67 1.2 0.000115377 
9.67 1.205 0.000155154 
9.67 1.21 0.000206194 
9.67 1.215 0.000246331 
9.67 1.22 0.00027237 
9.67 1.225 0.000290575 
9.67 1.23 0.000265241 
9.67 1.235 0.00025831 
9.67 1.24 0.000206923 
9.67 1.245 0.00016927 
9.67 1.25 0.000127906 
9.67 1.255 8.9735e-05 
9.67 1.26 5.69689e-05 
9.67 1.265 3.5197e-05 
9.67 1.27 2.03764e-05 
9.67 1.275 1.05229e-05 
9.67 1.28 5.27557e-06 
9.67 1.285 2.54625e-06 
9.67 1.29 1.06989e-06 
9.67 1.295 4.61613e-07 
9.67 1.3 1.69774e-07 
9.67 1.305 6.30299e-08 
9.67 1.31 2.18169e-08 
9.67 1.315 6.66912e-09 
9.67 1.32 2.09195e-09 
9.67 1.325 5.81469e-10 
9.67 1.33 1.57609e-10 
9.68 1.125 2.03095e-10 
9.68 1.13 9.64016e-10 
9.68 1.135 3.39339e-09 
9.68 1.14 1.28705e-08 
9.68 1.145 4.1348e-08 
9.68 1.15 1.25181e-07 
9.68 1.155 3.7321e-07 
9.68 1.16 1.08357e-06 
9.68 1.165 2.64412e-06 
9.68 1.17 5.86058e-06 
9.68 1.175 1.23613e-05 
9.68 1.18 2.38175e-05 
9.68 1.185 4.21758e-05 
9.68 1.19 6.94665e-05 
9.68 1.195 0.000107719 
9.68 1.2 0.000155623 
9.68 1.205 0.000209901 
9.68 1.21 0.0002646 
9.68 1.215 0.000292745 
9.68 1.22 0.000305131 
9.68 1.225 0.000310455 
9.68 1.23 0.000290043 
9.68 1.235 0.000254498 
9.68 1.24 0.000201447 
9.68 1.245 0.000155126 
9.68 1.25 0.000114027 
9.68 1.255 7.52615e-05 
9.68 1.26 4.76367e-05 
9.68 1.265 2.69275e-05 
9.68 1.27 1.52204e-05 
9.68 1.275 7.48772e-06 
9.68 1.28 3.76542e-06 
9.68 1.285 1.63762e-06 
9.68 1.29 7.0247e-07 
9.68 1.295 2.75848e-07 
9.68 1.3 1.03904e-07 
9.68 1.305 3.54592e-08 
9.68 1.31 1.1525e-08 
9.68 1.315 3.36595e-09 
9.68 1.32 1.06435e-09 
9.68 1.325 2.85619e-10 
9.69 1.12 1.36781e-10 
9.69 1.125 6.07251e-10 
9.69 1.13 2.51473e-09 
9.69 1.135 8.61863e-09 
9.69 1.14 2.87405e-08 
9.69 1.145 9.24051e-08 
9.69 1.15 2.79324e-07 
9.69 1.155 8.50655e-07 
9.69 1.16 2.11427e-06 
9.69 1.165 5.07092e-06 
9.69 1.17 1.03721e-05 
9.69 1.175 2.11245e-05 
9.69 1.18 3.87961e-05 
9.69 1.185 6.58551e-05 
9.69 1.19 0.000104168 
9.69 1.195 0.0001534 
9.69 1.2 0.000208532 
9.69 1.205 0.00025878 
9.69 1.21 0.000310848 
9.69 1.215 0.000340335 
9.69 1.22 0.000358021 
9.69 1.225 0.000325175 
9.69 1.23 0.000294826 
9.69 1.235 0.000247134 
9.69 1.24 0.000192117 
9.69 1.245 0.00014359 
9.69 1.25 9.87017e-05 
9.69 1.255 6.11937e-05 
9.69 1.26 3.66283e-05 
9.69 1.265 2.02557e-05 
9.69 1.27 1.03635e-05 
9.69 1.275 5.45197e-06 
9.69 1.28 2.4752e-06 
9.69 1.285 1.04652e-06 
9.69 1.29 4.45764e-07 
9.69 1.295 1.64901e-07 
9.69 1.3 6.11736e-08 
9.69 1.305 2.04804e-08 
9.69 1.31 6.14235e-09 
9.69 1.315 1.94785e-09 
9.69 1.32 5.30942e-10 
9.69 1.325 1.31171e-10 
9.7 1.12 3.86606e-10 
9.7 1.125 1.71445e-09 
9.7 1.13 5.99512e-09 
9.7 1.135 2.03157e-08 
9.7 1.14 6.65483e-08 
9.7 1.145 2.15059e-07 
9.7 1.15 6.42259e-07 
9.7 1.155 1.68996e-06 
9.7 1.16 4.12053e-06 
9.7 1.165 8.52229e-06 
9.7 1.17 1.73857e-05 
9.7 1.175 3.35768e-05 
9.7 1.18 5.90815e-05 
9.7 1.185 9.72956e-05 
9.7 1.19 0.000147373 
9.7 1.195 0.000206643 
9.7 1.2 0.000271459 
9.7 1.205 0.000318053 
9.7 1.21 0.000358472 
9.7 1.215 0.000376921 
9.7 1.22 0.000362798 
9.7 1.225 0.000340698 
9.7 1.23 0.000286174 
9.7 1.235 0.00023436 
9.7 1.24 0.000170214 
9.7 1.245 0.000118197 
9.7 1.25 8.00957e-05 
9.7 1.255 4.73645e-05 
9.7 1.26 2.81706e-05 
9.7 1.265 1.49867e-05 
9.7 1.27 7.73921e-06 
9.7 1.275 3.61989e-06 
9.7 1.28 1.62398e-06 
9.7 1.285 7.02603e-07 
9.7 1.29 2.76228e-07 
9.7 1.295 1.01341e-07 
9.7 1.3 3.59946e-08 
9.7 1.305 1.17389e-08 
9.7 1.31 3.43019e-09 
9.7 1.315 1.02881e-09 
9.7 1.32 2.65841e-10 
9.71 1.115 2.68634e-10 
9.71 1.12 1.08229e-09 
9.71 1.125 4.07068e-09 
9.71 1.13 1.47212e-08 
9.71 1.135 4.72651e-08 
9.71 1.14 1.60824e-07 
9.71 1.145 4.78023e-07 
9.71 1.15 1.34991e-06 
9.71 1.155 3.17223e-06 
9.71 1.16 7.28833e-06 
9.71 1.165 1.45617e-05 
9.71 1.17 2.93742e-05 
9.71 1.175 5.22245e-05 
9.71 1.18 8.84907e-05 
9.71 1.185 0.000140677 
9.71 1.19 0.000202019 
9.71 1.195 0.000262622 
9.71 1.2 0.000336517 
9.71 1.205 0.000377079 
9.71 1.21 0.000404854 
9.71 1.215 0.000420008 
9.71 1.22 0.000393185 
9.71 1.225 0.000342371 
9.71 1.23 0.000279207 
9.71 1.235 0.000215629 
9.71 1.24 0.000153651 
9.71 1.245 0.000105502 
9.71 1.25 6.40673e-05 
9.71 1.255 3.77067e-05 
9.71 1.26 2.14204e-05 
9.71 1.265 1.11546e-05 
9.71 1.27 5.35385e-06 
9.71 1.275 2.58384e-06 
9.71 1.28 1.10546e-06 
9.71 1.285 4.47863e-07 
9.71 1.29 1.6797e-07 
9.71 1.295 6.17556e-08 
9.71 1.3 2.03218e-08 
9.71 1.305 5.99009e-09 
9.71 1.31 1.85658e-09 
9.71 1.315 5.35197e-10 
9.71 1.32 1.33173e-10 
9.72 1.11 1.62268e-10 
9.72 1.115 6.84628e-10 
9.72 1.12 2.94703e-09 
9.72 1.125 9.97477e-09 
9.72 1.13 3.29742e-08 
9.72 1.135 1.10241e-07 
9.72 1.14 3.61206e-07 
9.72 1.145 9.97701e-07 
9.72 1.15 2.48032e-06 
9.72 1.155 5.85748e-06 
9.72 1.16 1.25664e-05 
9.72 1.165 2.50328e-05 
9.72 1.17 4.52262e-05 
9.72 1.175 8.10994e-05 
9.72 1.18 0.000130577 
9.72 1.185 0.000194225 
9.72 1.19 0.000266442 
9.72 1.195 0.000331091 
9.72 1.2 0.00039414 
9.72 1.205 0.000443614 
9.72 1.21 0.000465111 
9.72 1.215 0.00044519 
9.72 1.22 0.000407545 
9.72 1.225 0.000341213 
9.72 1.23 0.000271011 
9.72 1.235 0.000194711 
9.72 1.24 0.000136064 
9.72 1.245 8.95198e-05 
9.72 1.25 5.31464e-05 
9.72 1.255 3.00497e-05 
9.72 1.26 1.60506e-05 
9.72 1.265 7.93907e-06 
9.72 1.27 3.81134e-06 
9.72 1.275 1.64874e-06 
9.72 1.28 7.0211e-07 
9.72 1.285 2.83058e-07 
9.72 1.29 1.00968e-07 
9.72 1.295 3.47066e-08 
9.72 1.3 1.10377e-08 
9.72 1.305 3.53843e-09 
9.72 1.31 9.3976e-10 
9.72 1.315 2.72833e-10 
9.73 1.11 4.95255e-10 
9.73 1.115 1.93365e-09 
9.73 1.12 6.76231e-09 
9.73 1.125 2.28642e-08 
9.73 1.13 7.70688e-08 
9.73 1.135 2.60543e-07 
9.73 1.14 7.29437e-07 
9.73 1.145 1.99612e-06 
9.73 1.15 4.63254e-06 
9.73 1.155 1.04754e-05 
9.73 1.16 2.0904e-05 
9.73 1.165 4.02119e-05 
9.73 1.17 7.13949e-05 
9.73 1.175 0.000124658 
9.73 1.18 0.000185626 
9.73 1.185 0.000259183 
9.73 1.19 0.000334921 
9.73 1.195 0.000412086 
9.73 1.2 0.000462253 
9.73 1.205 0.000492599 
9.73 1.21 0.000498269 
9.73 1.215 0.000463948 
9.73 1.22 0.000398589 
9.73 1.225 0.000330608 
9.73 1.23 0.000247938 
9.73 1.235 0.000173659 
9.73 1.24 0.000116934 
9.73 1.245 7.1392e-05 
9.73 1.25 4.22219e-05 
9.73 1.255 2.21038e-05 
9.73 1.26 1.14343e-05 
9.73 1.265 5.79635e-06 
9.73 1.27 2.55692e-06 
9.73 1.275 1.07807e-06 
9.73 1.28 4.26518e-07 
9.73 1.285 1.63137e-07 
9.73 1.29 5.85669e-08 
9.73 1.295 1.94492e-08 
9.73 1.3 6.12641e-09 
9.73 1.305 1.88678e-09 
9.73 1.31 4.94964e-10 
9.73 1.315 1.23655e-10 
9.74 1.105 3.09893e-10 
9.74 1.11 1.24667e-09 
9.74 1.115 4.84349e-09 
9.74 1.12 1.5329e-08 
9.74 1.125 5.56254e-08 
9.74 1.13 1.85349e-07 
9.74 1.135 5.9057e-07 
9.74 1.14 1.54495e-06 
9.74 1.145 3.68031e-06 
9.74 1.15 8.32443e-06 
9.74 1.155 1.73084e-05 
9.74 1.16 3.43235e-05 
9.74 1.165 6.24994e-05 
9.74 1.17 0.000111056 
9.74 1.175 0.000176954 
9.74 1.18 0.000257466 
9.74 1.185 0.000331916 
9.74 1.19 0.00042177 
9.74 1.195 0.000489427 
9.74 1.2 0.000529271 
9.74 1.205 0.000530891 
9.74 1.21 0.000512804 
9.74 1.215 0.000459127 
9.74 1.22 0.000377854 
9.74 1.225 0.000295248 
9.74 1.23 0.000214631 
9.74 1.235 0.000147607 
9.74 1.24 9.32183e-05 
9.74 1.245 5.62086e-05 
9.74 1.25 3.2472e-05 
9.74 1.255 1.71298e-05 
9.74 1.26 8.45226e-06 
9.74 1.265 3.94492e-06 
9.74 1.27 1.71608e-06 
9.74 1.275 6.85472e-07 
9.74 1.28 2.70273e-07 
9.74 1.285 1.00536e-07 
9.74 1.29 3.31243e-08 
9.74 1.295 1.10249e-08 
9.74 1.3 3.32775e-09 
9.74 1.305 9.1813e-10 
9.74 1.31 2.51124e-10 
9.75 1.1 1.84257e-10 
9.75 1.105 8.00568e-10 
9.75 1.11 3.37925e-09 
9.75 1.115 1.09526e-08 
9.75 1.12 3.9227e-08 
9.75 1.125 1.39435e-07 
9.75 1.13 4.43044e-07 
9.75 1.135 1.21804e-06 
9.75 1.14 3.12234e-06 
9.75 1.145 6.62095e-06 
9.75 1.15 1.45751e-05 
9.75 1.155 2.90629e-05 
9.75 1.16 5.36839e-05 
9.75 1.165 9.70474e-05 
9.75 1.17 0.000163294 
9.75 1.175 0.000236447 
9.75 1.18 0.000317752 
9.75 1.185 0.000428453 
9.75 1.19 0.000499485 
9.75 1.195 0.000568957 
9.75 1.2 0.000593781 
9.75 1.205 0.000577684 
9.75 1.21 0.000522151 
9.75 1.215 0.000454691 
9.75 1.22 0.000357349 
9.75 1.225 0.000263496 
9.75 1.23 0.000190187 
9.75 1.235 0.000123678 
9.75 1.24 7.53652e-05 
9.75 1.245 4.3634e-05 
9.75 1.25 2.44772e-05 
9.75 1.255 1.20989e-05 
9.75 1.26 5.69274e-06 
9.75 1.265 2.64994e-06 
9.75 1.27 1.11282e-06 
9.75 1.275 4.34045e-07 
9.75 1.28 1.64092e-07 
9.75 1.285 5.54155e-08 
9.75 1.29 1.921e-08 
9.75 1.295 5.98949e-09 
9.75 1.3 1.72127e-09 
9.75 1.305 4.85512e-10 
9.75 1.31 1.30348e-10 
9.76 1.095 1.28332e-10 
9.76 1.1 5.81174e-10 
9.76 1.105 2.21247e-09 
9.76 1.11 8.23585e-09 
9.76 1.115 2.75022e-08 
9.76 1.12 1.01579e-07 
9.76 1.125 3.15233e-07 
9.76 1.13 9.17763e-07 
9.76 1.135 2.43141e-06 
9.76 1.14 5.60939e-06 
9.76 1.145 1.22655e-05 
9.76 1.15 2.5204e-05 
9.76 1.155 4.85266e-05 
9.76 1.16 8.52683e-05 
9.76 1.165 0.000148717 
9.76 1.17 0.000222885 
9.76 1.175 0.000308566 
9.76 1.18 0.000426227 
9.76 1.185 0.000528368 
9.76 1.19 0.000580301 
9.76 1.195 0.000643936 
9.76 1.2 0.000637106 
9.76 1.205 0.000589013 
9.76 1.21 0.000532117 
9.76 1.215 0.000437433 
9.76 1.22 0.000324119 
9.76 1.225 0.000239259 
9.76 1.23 0.000159121 
9.76 1.235 0.000101059 
9.76 1.24 5.93129e-05 
9.76 1.245 3.29488e-05 
9.76 1.25 1.68662e-05 
9.76 1.255 8.46054e-06 
9.76 1.26 3.8575e-06 
9.76 1.265 1.64507e-06 
9.76 1.27 7.05148e-07 
9.76 1.275 2.68568e-07 
9.76 1.28 9.48894e-08 
9.76 1.285 3.34325e-08 
9.76 1.29 9.97737e-09 
9.76 1.295 3.11981e-09 
9.76 1.3 9.23325e-10 
9.76 1.305 2.3344e-10 
9.77 1.095 3.59198e-10 
9.77 1.1 1.46513e-09 
9.77 1.105 5.09726e-09 
9.77 1.11 2.10273e-08 
9.77 1.115 7.18719e-08 
9.77 1.12 2.31905e-07 
9.77 1.125 7.15516e-07 
9.77 1.13 1.92471e-06 
9.77 1.135 4.54728e-06 
9.77 1.14 9.9158e-06 
9.77 1.145 2.12723e-05 
9.77 1.15 4.23736e-05 
9.77 1.155 7.77326e-05 
9.77 1.16 0.000135111 
9.77 1.165 0.000207563 
9.77 1.17 0.000305361 
9.77 1.175 0.0004133 
9.77 1.18 0.000533793 
9.77 1.185 0.000625485 
9.77 1.19 0.000691978 
9.77 1.195 0.000677316 
9.77 1.2 0.000668521 
9.77 1.205 0.00061142 
9.77 1.21 0.000521208 
9.77 1.215 0.000397833 
9.77 1.22 0.000304751 
9.77 1.225 0.000209993 
9.77 1.23 0.000132442 
9.77 1.235 8.10413e-05 
9.77 1.24 4.6948e-05 
9.77 1.245 2.41648e-05 
9.77 1.25 1.25744e-05 
9.77 1.255 5.61985e-06 
9.77 1.26 2.62899e-06 
9.77 1.265 1.07604e-06 
9.77 1.27 4.22933e-07 
9.77 1.275 1.58994e-07 
9.77 1.28 5.4627e-08 
9.77 1.285 1.74946e-08 
9.77 1.29 5.34073e-09 
9.77 1.295 1.6531e-09 
9.77 1.3 4.45136e-10 
9.77 1.305 1.15278e-10 
9.78 1.09 2.19663e-10 
9.78 1.095 8.68305e-10 
9.78 1.1 4.13517e-09 
9.78 1.105 1.41834e-08 
9.78 1.11 4.91236e-08 
9.78 1.115 1.73933e-07 
9.78 1.12 5.36669e-07 
9.78 1.125 1.47074e-06 
9.78 1.13 3.51231e-06 
9.78 1.135 8.07781e-06 
9.78 1.14 1.76272e-05 
9.78 1.145 3.56538e-05 
9.78 1.15 6.63644e-05 
9.78 1.155 0.000122453 
9.78 1.16 0.0002015 
9.78 1.165 0.000302101 
9.78 1.17 0.000403476 
9.78 1.175 0.000534865 
9.78 1.18 0.000635218 
9.78 1.185 0.000735185 
9.78 1.19 0.000766662 
9.78 1.195 0.000751239 
9.78 1.2 0.000679213 
9.78 1.205 0.000608584 
9.78 1.21 0.000483121 
9.78 1.215 0.000362597 
9.78 1.22 0.000268289 
9.78 1.225 0.000174466 
9.78 1.23 0.000106061 
9.78 1.235 6.47004e-05 
9.78 1.24 3.53216e-05 
9.78 1.245 1.82392e-05 
9.78 1.25 8.88078e-06 
9.78 1.255 3.92194e-06 
9.78 1.26 1.68314e-06 
9.78 1.265 6.79496e-07 
9.78 1.27 2.58293e-07 
9.78 1.275 9.36659e-08 
9.78 1.28 3.04273e-08 
9.78 1.285 9.55153e-09 
9.78 1.29 2.91006e-09 
9.78 1.295 8.10245e-10 
9.78 1.3 2.26124e-10 
9.79 1.085 1.23874e-10 
9.79 1.09 7.13461e-10 
9.79 1.095 2.81435e-09 
9.79 1.1 9.99538e-09 
9.79 1.105 3.28649e-08 
9.79 1.11 1.16233e-07 
9.79 1.115 3.94476e-07 
9.79 1.12 1.06331e-06 
9.79 1.125 2.80582e-06 
9.79 1.13 6.46286e-06 
9.79 1.135 1.4232e-05 
9.79 1.14 2.9234e-05 
9.79 1.145 5.75521e-05 
9.79 1.15 0.000105494 
9.79 1.155 0.000183024 
9.79 1.16 0.000274248 
9.79 1.165 0.000391143 
9.79 1.17 0.000534056 
9.79 1.175 0.000648818 
9.79 1.18 0.000757429 
9.79 1.185 0.000827379 
9.79 1.19 0.000829962 
9.79 1.195 0.000784763 
9.79 1.2 0.000697087 
9.79 1.205 0.000574229 
9.79 1.21 0.000419611 
9.79 1.215 0.000318421 
9.79 1.22 0.000218347 
9.79 1.225 0.000135553 
9.79 1.23 8.6105e-05 
9.79 1.235 4.79914e-05 
9.79 1.24 2.60159e-05 
9.79 1.245 1.26585e-05 
9.79 1.25 6.09038e-06 
9.79 1.255 2.60108e-06 
9.79 1.26 1.08061e-06 
9.79 1.265 4.24313e-07 
9.79 1.27 1.54994e-07 
9.79 1.275 5.36287e-08 
9.79 1.28 1.69738e-08 
9.79 1.285 5.11135e-09 
9.79 1.29 1.51589e-09 
9.79 1.295 4.13951e-10 
9.79 1.3 1.08609e-10 
9.8 1.085 4.50661e-10 
9.8 1.09 1.85741e-09 
9.8 1.095 6.78086e-09 
9.8 1.1 2.3766e-08 
9.8 1.105 8.01123e-08 
9.8 1.11 2.66625e-07 
9.8 1.115 7.70339e-07 
9.8 1.12 1.87021e-06 
9.8 1.125 5.04033e-06 
9.8 1.13 1.13988e-05 
9.8 1.135 2.3738e-05 
9.8 1.14 4.76451e-05 
9.8 1.145 8.79802e-05 
9.8 1.15 0.000155037 
9.8 1.155 0.000255727 
9.8 1.16 0.000367308 
9.8 1.165 0.000516225 
9.8 1.17 0.000655691 
9.8 1.175 0.000776419 
9.8 1.18 0.000892291 
9.8 1.185 0.000920141 
9.8 1.19 0.000890749 
9.8 1.195 0.000805498 
9.8 1.2 0.000673781 
9.8 1.205 0.000531586 
9.8 1.21 0.000394387 
9.8 1.215 0.000273187 
9.8 1.22 0.000177437 
9.8 1.225 0.000110005 
9.8 1.23 6.32238e-05 
9.8 1.235 3.58194e-05 
9.8 1.24 1.7631e-05 
9.8 1.245 8.68218e-06 
9.8 1.25 3.93925e-06 
9.8 1.255 1.6814e-06 
9.8 1.26 6.37002e-07 
9.8 1.265 2.57203e-07 
9.8 1.27 9.09639e-08 
9.8 1.275 2.99768e-08 
9.8 1.28 9.36109e-09 
9.8 1.285 2.8984e-09 
9.8 1.29 7.64779e-10 
9.8 1.295 2.05089e-10 
9.81 1.08 2.77397e-10 
9.81 1.085 1.45314e-09 
9.81 1.09 5.07997e-09 
9.81 1.095 1.66632e-08 
9.81 1.1 5.72612e-08 
9.81 1.105 1.81185e-07 
9.81 1.11 5.27559e-07 
9.81 1.115 1.49309e-06 
9.81 1.12 4.07935e-06 
9.81 1.125 9.00441e-06 
9.81 1.13 1.91481e-05 
9.81 1.135 3.90449e-05 
9.81 1.14 7.43467e-05 
9.81 1.145 0.000135069 
9.81 1.15 0.000226024 
9.81 1.155 0.000336762 
9.81 1.16 0.000478177 
9.81 1.165 0.000633004 
9.81 1.17 0.000753995 
9.81 1.175 0.000909577 
9.81 1.18 0.000929246 
9.81 1.185 0.000952665 
9.81 1.19 0.000910545 
9.81 1.195 0.000762909 
9.81 1.2 0.000629797 
9.81 1.205 0.000476033 
9.81 1.21 0.000348655 
9.81 1.215 0.000234421 
9.81 1.22 0.00014249 
9.81 1.225 8.64801e-05 
9.81 1.23 4.86056e-05 
9.81 1.235 2.54559e-05 
9.81 1.24 1.25628e-05 
9.81 1.245 5.68631e-06 
9.81 1.25 2.53348e-06 
9.81 1.255 1.01075e-06 
9.81 1.26 4.15666e-07 
9.81 1.265 1.45904e-07 
9.81 1.27 4.96184e-08 
9.81 1.275 1.54798e-08 
9.81 1.28 4.84251e-09 
9.81 1.285 1.40659e-09 
9.81 1.29 3.74869e-10 
9.82 1.075 1.91939e-10 
9.82 1.08 8.65943e-10 
9.82 1.085 3.50357e-09 
9.82 1.09 1.25086e-08 
9.82 1.095 4.06081e-08 
9.82 1.1 1.27225e-07 
9.82 1.105 4.01624e-07 
9.82 1.11 1.19111e-06 
9.82 1.115 3.00834e-06 
9.82 1.12 7.19712e-06 
9.82 1.125 1.59937e-05 
9.82 1.13 3.18732e-05 
9.82 1.135 6.37797e-05 
9.82 1.14 0.000121516 
9.82 1.145 0.000186939 
9.82 1.15 0.000312453 
9.82 1.155 0.000455245 
9.82 1.16 0.000602589 
9.82 1.165 0.000727111 
9.82 1.17 0.000913816 
9.82 1.175 0.000992321 
9.82 1.18 0.00103707 
9.82 1.185 0.000972734 
9.82 1.19 0.000846816 
9.82 1.195 0.00073057 
9.82 1.2 0.0005651 
9.82 1.205 0.000412812 
9.82 1.21 0.000283248 
9.82 1.215 0.000183345 
9.82 1.22 0.000115791 
9.82 1.225 6.5412e-05 
9.82 1.23 3.47485e-05 
9.82 1.235 1.7544e-05 
9.82 1.24 8.52773e-06 
9.82 1.245 3.87549e-06 
9.82 1.25 1.62435e-06 
9.82 1.255 6.59745e-07 
9.82 1.26 2.46443e-07 
9.82 1.265 8.57537e-08 
9.82 1.27 2.90184e-08 
9.82 1.275 9.09965e-09 
9.82 1.28 2.61576e-09 
9.82 1.285 7.11536e-10 
9.82 1.29 1.76248e-10 
9.83 1.07 1.16941e-10 
9.83 1.075 5.62102e-10 
9.83 1.08 2.40957e-09 
9.83 1.085 8.3745e-09 
9.83 1.09 2.71427e-08 
9.83 1.095 8.97056e-08 
9.83 1.1 2.95271e-07 
9.83 1.105 8.88891e-07 
9.83 1.11 2.30934e-06 
9.83 1.115 5.91128e-06 
9.83 1.12 1.28669e-05 
9.83 1.125 2.69511e-05 
9.83 1.13 5.37106e-05 
9.83 1.135 0.000100283 
9.83 1.14 0.00017685 
9.83 1.145 0.000285445 
9.83 1.15 0.000432339 
9.83 1.155 0.000548033 
9.83 1.16 0.000723624 
9.83 1.165 0.000904682 
9.83 1.17 0.00103217 
9.83 1.175 0.00109975 
9.83 1.18 0.00108793 
9.83 1.185 0.000995427 
9.83 1.19 0.000855447 
9.83 1.195 0.000675537 
9.83 1.2 0.000514352 
9.83 1.205 0.000362863 
9.83 1.21 0.00023762 
9.83 1.215 0.000147716 
9.83 1.22 8.52992e-05 
9.83 1.225 4.62224e-05 
9.83 1.23 2.42406e-05 
9.83 1.235 1.22932e-05 
9.83 1.24 5.74024e-06 
9.83 1.245 2.47673e-06 
9.83 1.25 1.03216e-06 
9.83 1.255 3.86888e-07 
9.83 1.26 1.43951e-07 
9.83 1.265 4.7754e-08 
9.83 1.27 1.59617e-08 
9.83 1.275 4.8281e-09 
9.83 1.28 1.31784e-09 
9.83 1.285 3.46927e-10 
9.84 1.07 4.21721e-10 
9.84 1.075 1.68812e-09 
9.84 1.08 6.16047e-09 
9.84 1.085 1.83713e-08 
9.84 1.09 6.49726e-08 
9.84 1.095 2.1655e-07 
9.84 1.1 6.79599e-07 
9.84 1.105 1.84425e-06 
9.84 1.11 4.65446e-06 
9.84 1.115 1.06351e-05 
9.84 1.12 2.2379e-05 
9.84 1.125 4.50623e-05 
9.84 1.13 8.50222e-05 
9.84 1.135 0.000154777 
9.84 1.14 0.000262996 
9.84 1.145 0.000391742 
9.84 1.15 0.0005451 
9.84 1.155 0.000710404 
9.84 1.16 0.000860916 
9.84 1.165 0.00103132 
9.84 1.17 0.0011396 
9.84 1.175 0.00116525 
9.84 1.18 0.00110846 
9.84 1.185 0.00099341 
9.84 1.19 0.000813144 
9.84 1.195 0.000636216 
9.84 1.2 0.000461054 
9.84 1.205 0.000309758 
9.84 1.21 0.000193109 
9.84 1.215 0.000118386 
9.84 1.22 6.60289e-05 
9.84 1.225 3.61087e-05 
9.84 1.23 1.77284e-05 
9.84 1.235 8.27788e-06 
9.84 1.24 3.68434e-06 
9.84 1.245 1.56153e-06 
9.84 1.25 6.28192e-07 
9.84 1.255 2.2865e-07 
9.84 1.26 8.02792e-08 
9.84 1.265 2.75409e-08 
9.84 1.27 8.92359e-09 
9.84 1.275 2.61439e-09 
9.84 1.28 7.01505e-10 
9.84 1.285 1.81138e-10 
9.85 1.065 2.44198e-10 
9.85 1.07 1.08328e-09 
9.85 1.075 4.31843e-09 
9.85 1.08 1.41738e-08 
9.85 1.085 4.62276e-08 
9.85 1.09 1.5393e-07 
9.85 1.095 4.88517e-07 
9.85 1.1 1.4179e-06 
9.85 1.105 3.71852e-06 
9.85 1.11 8.91983e-06 
9.85 1.115 1.84254e-05 
9.85 1.12 3.84767e-05 
9.85 1.125 7.43822e-05 
9.85 1.13 0.000140226 
9.85 1.135 0.000233217 
9.85 1.14 0.000359921 
9.85 1.145 0.000525632 
9.85 1.15 0.000690982 
9.85 1.155 0.000873812 
9.85 1.16 0.00103673 
9.85 1.165 0.00112033 
9.85 1.17 0.00123103 
9.85 1.175 0.00116502 
9.85 1.18 0.00109453 
9.85 1.185 0.000916425 
9.85 1.19 0.000739627 
9.85 1.195 0.00055099 
9.85 1.2 0.00038547 
9.85 1.205 0.000258113 
9.85 1.21 0.000156489 
9.85 1.215 9.04766e-05 
9.85 1.22 4.97377e-05 
9.85 1.225 2.59289e-05 
9.85 1.23 1.27928e-05 
9.85 1.235 5.77317e-06 
9.85 1.24 2.38643e-06 
9.85 1.245 9.79423e-07 
9.85 1.25 3.78178e-07 
9.85 1.255 1.34071e-07 
9.85 1.26 4.69612e-08 
9.85 1.265 1.48242e-08 
9.85 1.27 4.91838e-09 
9.85 1.275 1.3483e-09 
9.85 1.28 3.53659e-10 
9.86 1.06 1.4384e-10 
9.86 1.065 6.91802e-10 
9.86 1.07 2.9357e-09 
9.86 1.075 1.05284e-08 
9.86 1.08 3.46716e-08 
9.86 1.085 1.1009e-07 
9.86 1.09 3.73871e-07 
9.86 1.095 1.07204e-06 
9.86 1.1 2.85833e-06 
9.86 1.105 6.9454e-06 
9.86 1.11 1.54492e-05 
9.86 1.115 3.12919e-05 
9.86 1.12 6.29294e-05 
9.86 1.125 0.000118953 
9.86 1.13 0.000211735 
9.86 1.135 0.000340482 
9.86 1.14 0.000496857 
9.86 1.145 0.000691956 
9.86 1.15 0.000901264 
9.86 1.155 0.00108244 
9.86 1.16 0.00119947 
9.86 1.165 0.00127067 
9.86 1.17 0.0013111 
9.86 1.175 0.00116867 
9.86 1.18 0.00105659 
9.86 1.185 0.000862844 
9.86 1.19 0.000661705 
9.86 1.195 0.000477921 
9.86 1.2 0.000321886 
9.86 1.205 0.000203665 
9.86 1.21 0.000119431 
9.86 1.215 6.81557e-05 
9.86 1.22 3.53001e-05 
9.86 1.225 1.84484e-05 
9.86 1.23 8.41731e-06 
9.86 1.235 3.82158e-06 
9.86 1.24 1.60759e-06 
9.86 1.245 6.28154e-07 
9.86 1.25 2.23396e-07 
9.86 1.255 7.84077e-08 
9.86 1.26 2.4724e-08 
9.86 1.265 7.73942e-09 
9.86 1.27 2.3845e-09 
9.86 1.275 6.89059e-10 
9.86 1.28 1.78925e-10 
9.87 1.06 4.18812e-10 
9.87 1.065 1.81367e-09 
9.87 1.07 7.22723e-09 
9.87 1.075 2.30947e-08 
9.87 1.08 7.95014e-08 
9.87 1.085 2.63509e-07 
9.87 1.09 7.79327e-07 
9.87 1.095 2.1896e-06 
9.87 1.1 5.25722e-06 
9.87 1.105 1.19936e-05 
9.87 1.11 2.48309e-05 
9.87 1.115 5.1538e-05 
9.87 1.12 9.97263e-05 
9.87 1.125 0.000187514 
9.87 1.13 0.000310046 
9.87 1.135 0.000469595 
9.87 1.14 0.000662902 
9.87 1.145 0.000875521 
9.87 1.15 0.00111083 
9.87 1.155 0.00128879 
9.87 1.16 0.00137792 
9.87 1.165 0.00141869 
9.87 1.17 0.00136456 
9.87 1.175 0.00119919 
9.87 1.18 0.00100554 
9.87 1.185 0.000785955 
9.87 1.19 0.000584983 
9.87 1.195 0.000401917 
9.87 1.2 0.000262347 
9.87 1.205 0.000160904 
9.87 1.21 9.19624e-05 
9.87 1.215 4.9977e-05 
9.87 1.22 2.58271e-05 
9.87 1.225 1.25956e-05 
9.87 1.23 5.5355e-06 
9.87 1.235 2.42637e-06 
9.87 1.24 1.00505e-06 
9.87 1.245 3.88545e-07 
9.87 1.25 1.38224e-07 
9.87 1.255 4.55435e-08 
9.87 1.26 1.41013e-08 
9.87 1.265 4.17443e-09 
9.87 1.27 1.12622e-09 
9.87 1.275 3.21968e-10 
9.88 1.055 2.38039e-10 
9.88 1.06 1.18071e-09 
9.88 1.065 4.72716e-09 
9.88 1.07 1.55103e-08 
9.88 1.075 5.51835e-08 
9.88 1.08 1.77772e-07 
9.88 1.085 5.60402e-07 
9.88 1.09 1.61328e-06 
9.88 1.095 4.06534e-06 
9.88 1.1 9.43347e-06 
9.88 1.105 2.03716e-05 
9.88 1.11 4.12489e-05 
9.88 1.115 8.25648e-05 
9.88 1.12 0.000158079 
9.88 1.125 0.000268025 
9.88 1.13 0.000438197 
9.88 1.135 0.000628459 
9.88 1.14 0.000862781 
9.88 1.145 0.00111541 
9.88 1.15 0.00134231 
9.88 1.155 0.00147313 
9.88 1.16 0.00152213 
9.88 1.165 0.0014856 
9.88 1.17 0.00137772 
9.88 1.175 0.00120005 
9.88 1.18 0.000958803 
9.88 1.185 0.000722242 
9.88 1.19 0.000502666 
9.88 1.195 0.000336679 
9.88 1.2 0.000204405 
9.88 1.205 0.000120901 
9.88 1.21 6.90837e-05 
9.88 1.215 3.5982e-05 
9.88 1.22 1.82802e-05 
9.88 1.225 8.36467e-06 
9.88 1.23 3.70167e-06 
9.88 1.235 1.51283e-06 
9.88 1.24 5.86017e-07 
9.88 1.245 2.08892e-07 
9.88 1.25 7.82126e-08 
9.88 1.255 2.67188e-08 
9.88 1.26 8.01486e-09 
9.88 1.265 2.30014e-09 
9.88 1.27 6.00961e-10 
9.88 1.275 1.51008e-10 
9.89 1.05 1.40008e-10 
9.89 1.055 6.21868e-10 
9.89 1.06 2.67708e-09 
9.89 1.065 1.01456e-08 
9.89 1.07 3.69827e-08 
9.89 1.075 1.26805e-07 
9.89 1.08 3.89595e-07 
9.89 1.085 1.17925e-06 
9.89 1.09 3.13451e-06 
9.89 1.095 7.48943e-06 
9.89 1.1 1.58595e-05 
9.89 1.105 3.33441e-05 
9.89 1.11 6.72499e-05 
9.89 1.115 0.000129714 
9.89 1.12 0.000235245 
9.89 1.125 0.000373938 
9.89 1.13 0.000553881 
9.89 1.135 0.000802425 
9.89 1.14 0.00107111 
9.89 1.145 0.0013 
9.89 1.15 0.00153133 
9.89 1.155 0.00166014 
9.89 1.16 0.00166315 
9.89 1.165 0.00150984 
9.89 1.17 0.00132351 
9.89 1.175 0.00116815 
9.89 1.18 0.000898246 
9.89 1.185 0.000636552 
9.89 1.19 0.000432139 
9.89 1.195 0.000278639 
9.89 1.2 0.000162708 
9.89 1.205 9.56203e-05 
9.89 1.21 5.12222e-05 
9.89 1.215 2.52447e-05 
9.89 1.22 1.11906e-05 
9.89 1.225 5.49724e-06 
9.89 1.23 2.37481e-06 
9.89 1.235 9.34126e-07 
9.89 1.24 3.60465e-07 
9.89 1.245 1.2498e-07 
9.89 1.25 4.10844e-08 
9.89 1.255 1.31222e-08 
9.89 1.26 4.1324e-09 
9.89 1.265 1.1106e-09 
9.89 1.27 3.2706e-10 
9.9 1.05 3.14306e-10 
9.9 1.055 1.45706e-09 
9.9 1.06 6.10527e-09 
9.9 1.065 2.22901e-08 
9.9 1.07 7.83383e-08 
9.9 1.075 2.58772e-07 
9.9 1.08 8.31122e-07 
9.9 1.085 2.32877e-06 
9.9 1.09 5.93818e-06 
9.9 1.095 1.31262e-05 
9.9 1.1 2.70843e-05 
9.9 1.105 5.55664e-05 
9.9 1.11 0.000108075 
9.9 1.115 0.0001993 
9.9 1.12 0.00033563 
9.9 1.125 0.000503422 
9.9 1.13 0.000738341 
9.9 1.135 0.000992584 
9.9 1.14 0.00127677 
9.9 1.145 0.00152134 
9.9 1.15 0.00171147 
9.9 1.155 0.00174669 
9.9 1.16 0.00167124 
9.9 1.165 0.0015475 
9.9 1.17 0.0012756 
9.9 1.175 0.00107882 
9.9 1.18 0.000807263 
9.9 1.185 0.000555757 
9.9 1.19 0.000355657 
9.9 1.195 0.000223672 
9.9 1.2 0.000127248 
9.9 1.205 7.23882e-05 
9.9 1.21 3.76493e-05 
9.9 1.215 1.81666e-05 
9.9 1.22 8.10568e-06 
9.9 1.225 3.51186e-06 
9.9 1.23 1.40229e-06 
9.9 1.235 5.33809e-07 
9.9 1.24 1.95809e-07 
9.9 1.245 7.36998e-08 
9.9 1.25 2.36401e-08 
9.9 1.255 7.31578e-09 
9.9 1.26 2.09256e-09 
9.9 1.265 5.55889e-10 
9.9 1.27 1.44107e-10 
9.91 1.045 1.45112e-10 
9.91 1.05 6.95702e-10 
9.91 1.055 3.38115e-09 
9.91 1.06 1.31533e-08 
9.91 1.065 4.83486e-08 
9.91 1.07 1.76984e-07 
9.91 1.075 5.55526e-07 
9.91 1.08 1.68219e-06 
9.91 1.085 4.16763e-06 
9.91 1.09 9.9056e-06 
9.91 1.095 2.24178e-05 
9.91 1.1 4.65051e-05 
9.91 1.105 9.06037e-05 
9.91 1.11 0.000173795 
9.91 1.115 0.000290816 
9.91 1.12 0.000441818 
9.91 1.125 0.000681728 
9.91 1.13 0.000953798 
9.91 1.135 0.00120883 
9.91 1.14 0.00150098 
9.91 1.145 0.00171193 
9.91 1.15 0.00185317 
9.91 1.155 0.00181336 
9.91 1.16 0.00166444 
9.91 1.165 0.0014568 
9.91 1.17 0.00119635 
9.91 1.175 0.000969343 
9.91 1.18 0.000696627 
9.91 1.185 0.000482874 
9.91 1.19 0.000299436 
9.91 1.195 0.000177012 
9.91 1.2 9.87133e-05 
9.91 1.205 5.01174e-05 
9.91 1.21 2.65639e-05 
9.91 1.215 1.23992e-05 
9.91 1.22 5.64412e-06 
9.91 1.225 2.36176e-06 
9.91 1.23 9.2022e-07 
9.91 1.235 3.34156e-07 
9.91 1.24 1.13829e-07 
9.91 1.245 3.74653e-08 
9.91 1.25 1.12273e-08 
9.91 1.255 3.75789e-09 
9.91 1.26 1.04656e-09 
9.91 1.265 2.69096e-10 
9.92 1.045 2.98679e-10 
9.92 1.05 1.49579e-09 
9.92 1.055 6.50069e-09 
9.92 1.06 2.7256e-08 
9.92 1.065 1.00741e-07 
9.92 1.07 3.20324e-07 
9.92 1.075 1.01619e-06 
9.92 1.08 2.79926e-06 
9.92 1.085 7.10216e-06 
9.92 1.09 1.65989e-05 
9.92 1.095 3.56375e-05 
9.92 1.1 7.50379e-05 
9.92 1.105 0.00014332 
9.92 1.11 0.000254813 
9.92 1.115 0.000410752 
9.92 1.12 0.000631154 
9.92 1.125 0.000848502 
9.92 1.13 0.00117731 
9.92 1.135 0.00143473 
9.92 1.14 0.00166957 
9.92 1.145 0.00191068 
9.92 1.15 0.00194196 
9.92 1.155 0.00182477 
9.92 1.16 0.0016412 
9.92 1.165 0.00128299 
9.92 1.17 0.00110564 
9.92 1.175 0.000848987 
9.92 1.18 0.000595589 
9.92 1.185 0.00038258 
9.92 1.19 0.00023318 
9.92 1.195 0.000131525 
9.92 1.2 7.54644e-05 
9.92 1.205 3.96271e-05 
9.92 1.21 1.90055e-05 
9.92 1.215 8.42805e-06 
9.92 1.22 3.54199e-06 
9.92 1.225 1.3944e-06 
9.92 1.23 5.3204e-07 
9.92 1.235 2.08798e-07 
9.92 1.24 6.70948e-08 
9.92 1.245 2.10368e-08 
9.92 1.25 6.54551e-09 
9.92 1.255 1.85621e-09 
9.92 1.26 4.88346e-10 
9.92 1.265 1.30101e-10 
9.93 1.04 1.61065e-10 
9.93 1.045 6.05682e-10 
9.93 1.05 3.03698e-09 
9.93 1.055 1.39252e-08 
9.93 1.06 5.45774e-08 
9.93 1.065 1.8749e-07 
9.93 1.07 6.14025e-07 
9.93 1.075 1.85493e-06 
9.93 1.08 4.96295e-06 
9.93 1.085 1.17597e-05 
9.93 1.09 2.54642e-05 
9.93 1.095 5.64379e-05 
9.93 1.1 0.000118242 
9.93 1.105 0.00021733 
9.93 1.11 0.000365914 
9.93 1.115 0.000571426 
9.93 1.12 0.000839508 
9.93 1.125 0.00111225 
9.93 1.13 0.00142768 
9.93 1.135 0.00168491 
9.93 1.14 0.00194621 
9.93 1.145 0.00205152 
9.93 1.15 0.00202157 
9.93 1.155 0.0018322 
9.93 1.16 0.00152774 
9.93 1.165 0.00114567 
9.93 1.17 0.000957929 
9.93 1.175 0.000677735 
9.93 1.18 0.00046507 
9.93 1.185 0.000301906 
9.93 1.19 0.000180053 
9.93 1.195 0.000100495 
9.93 1.2 5.31055e-05 
9.93 1.205 2.6409e-05 
9.93 1.21 1.20062e-05 
9.93 1.215 5.15802e-06 
9.93 1.22 2.16189e-06 
9.93 1.225 9.18252e-07 
9.93 1.23 3.33801e-07 
9.93 1.235 1.17498e-07 
9.93 1.24 3.71522e-08 
9.93 1.245 1.15141e-08 
9.93 1.25 3.26853e-09 
9.93 1.255 9.09364e-10 
9.93 1.26 2.24995e-10 
9.94 1.04 2.85074e-10 
9.94 1.045 1.33454e-09 
9.94 1.05 6.40217e-09 
9.94 1.055 2.78742e-08 
9.94 1.06 1.0211e-07 
9.94 1.065 3.54834e-07 
9.94 1.07 1.14423e-06 
9.94 1.075 3.24677e-06 
9.94 1.08 7.34023e-06 
9.94 1.085 1.73376e-05 
9.94 1.09 3.9373e-05 
9.94 1.095 8.64622e-05 
9.94 1.1 0.000169197 
9.94 1.105 0.000295595 
9.94 1.11 0.000518835 
9.94 1.115 0.000778979 
9.94 1.12 0.00110691 
9.94 1.125 0.00144918 
9.94 1.13 0.00167023 
9.94 1.135 0.0019534 
9.94 1.14 0.00219499 
9.94 1.145 0.00220449 
9.94 1.15 0.00207419 
9.94 1.155 0.00183677 
9.94 1.16 0.00143946 
9.94 1.165 0.00110169 
9.94 1.17 0.000845207 
9.94 1.175 0.000575665 
9.94 1.18 0.000371846 
9.94 1.185 0.000228063 
9.94 1.19 0.000122495 
9.94 1.195 7.01635e-05 
9.94 1.2 3.59525e-05 
9.94 1.205 1.66877e-05 
9.94 1.21 8.11554e-06 
9.94 1.215 3.39202e-06 
9.94 1.22 1.36734e-06 
9.94 1.225 5.09199e-07 
9.94 1.23 1.81562e-07 
9.94 1.235 6.06361e-08 
9.94 1.24 1.87235e-08 
9.94 1.245 6.06405e-09 
9.94 1.25 1.73491e-09 
9.94 1.255 4.55885e-10 
9.94 1.26 1.12541e-10 
9.95 1.035 1.47778e-10 
9.95 1.04 7.16369e-10 
9.95 1.045 3.29182e-09 
9.95 1.05 1.41915e-08 
9.95 1.055 5.88118e-08 
9.95 1.06 2.14106e-07 
9.95 1.065 6.79492e-07 
9.95 1.07 1.91358e-06 
9.95 1.075 5.13281e-06 
9.95 1.08 1.24532e-05 
9.95 1.085 2.88737e-05 
9.95 1.09 6.19936e-05 
9.95 1.095 0.00012508 
9.95 1.1 0.000238138 
9.95 1.105 0.000416019 
9.95 1.11 0.000668515 
9.95 1.115 0.000985784 
9.95 1.12 0.00140097 
9.95 1.125 0.00174341 
9.95 1.13 0.00201038 
9.95 1.135 0.00228263 
9.95 1.14 0.00233089 
9.95 1.145 0.0023015 
9.95 1.15 0.00209694 
9.95 1.155 0.00178847 
9.95 1.16 0.00139187 
9.95 1.165 0.00100017 
9.95 1.17 0.000727494 
9.95 1.175 0.000479659 
9.95 1.18 0.000296749 
9.95 1.185 0.000170316 
9.95 1.19 9.2614e-05 
9.95 1.195 5.02188e-05 
9.95 1.2 2.604e-05 
9.95 1.205 1.19685e-05 
9.95 1.21 5.18869e-06 
9.95 1.215 2.1635e-06 
9.95 1.22 7.94694e-07 
9.95 1.225 2.83503e-07 
9.95 1.23 1.03588e-07 
9.95 1.235 3.41514e-08 
9.95 1.24 1.05538e-08 
9.95 1.245 3.30097e-09 
9.95 1.25 8.94464e-10 
9.95 1.255 2.24499e-10 
9.96 1.035 3.41052e-10 
9.96 1.04 1.69552e-09 
9.96 1.045 8.02886e-09 
9.96 1.05 3.33179e-08 
9.96 1.055 1.26151e-07 
9.96 1.06 4.01609e-07 
9.96 1.065 1.20641e-06 
9.96 1.07 3.21666e-06 
9.96 1.075 8.3871e-06 
9.96 1.08 2.08347e-05 
9.96 1.085 4.50864e-05 
9.96 1.09 9.67763e-05 
9.96 1.095 0.00018658 
9.96 1.1 0.000324177 
9.96 1.105 0.000535331 
9.96 1.11 0.000822232 
9.96 1.115 0.00122654 
9.96 1.12 0.00166811 
9.96 1.125 0.00209737 
9.96 1.13 0.00238846 
9.96 1.135 0.00236876 
9.96 1.14 0.00248828 
9.96 1.145 0.00235555 
9.96 1.15 0.0021015 
9.96 1.155 0.00167348 
9.96 1.16 0.00124365 
9.96 1.165 0.000839354 
9.96 1.17 0.000617449 
9.96 1.175 0.000377957 
9.96 1.18 0.000225872 
9.96 1.185 0.000124312 
9.96 1.19 7.27103e-05 
9.96 1.195 3.77216e-05 
9.96 1.2 1.77322e-05 
9.96 1.205 8.07738e-06 
9.96 1.21 3.342e-06 
9.96 1.215 1.3401e-06 
9.96 1.22 4.82185e-07 
9.96 1.225 1.7574e-07 
9.96 1.23 6.05925e-08 
9.96 1.235 2.00261e-08 
9.96 1.24 6.13991e-09 
9.96 1.245 1.79867e-09 
9.96 1.25 4.70547e-10 
9.96 1.255 1.13507e-10 
9.97 1.03 1.57476e-10 
9.97 1.035 8.87458e-10 
9.97 1.04 4.06441e-09 
9.97 1.045 1.81584e-08 
9.97 1.05 6.94523e-08 
9.97 1.055 2.47359e-07 
9.97 1.06 7.7394e-07 
9.97 1.065 2.16177e-06 
9.97 1.07 5.91914e-06 
9.97 1.075 1.4514e-05 
9.97 1.08 3.43718e-05 
9.97 1.085 7.83657e-05 
9.97 1.09 0.000148379 
9.97 1.095 0.000263062 
9.97 1.1 0.000450876 
9.97 1.105 0.000717787 
9.97 1.11 0.00104598 
9.97 1.115 0.00151684 
9.97 1.12 0.0018803 
9.97 1.125 0.00235482 
9.97 1.13 0.002622 
9.97 1.135 0.00261341 
9.97 1.14 0.00250448 
9.97 1.145 0.00224546 
9.97 1.15 0.00193949 
9.97 1.155 0.00150005 
9.97 1.16 0.00106864 
9.97 1.165 0.000712457 
9.97 1.17 0.000511285 
9.97 1.175 0.000302621 
9.97 1.18 0.000176151 
9.97 1.185 9.81693e-05 
9.97 1.19 5.10159e-05 
9.97 1.195 2.52841e-05 
9.97 1.2 1.18421e-05 
9.97 1.205 5.29304e-06 
9.97 1.21 2.15106e-06 
9.97 1.215 8.6414e-07 
9.97 1.22 3.1404e-07 
9.97 1.225 1.11548e-07 
9.97 1.23 3.57413e-08 
9.97 1.235 1.11766e-08 
9.97 1.24 3.23425e-09 
9.97 1.245 8.82571e-10 
9.97 1.25 2.33513e-10 
9.98 1.03 3.95353e-10 
9.98 1.035 2.04678e-09 
9.98 1.04 9.02205e-09 
9.98 1.045 3.6711e-08 
9.98 1.05 1.40802e-07 
9.98 1.055 4.79778e-07 
9.98 1.06 1.50819e-06 
9.98 1.065 4.02787e-06 
9.98 1.07 1.04452e-05 
9.98 1.075 2.50147e-05 
9.98 1.08 5.71365e-05 
9.98 1.085 0.000116699 
9.98 1.09 0.000228217 
9.98 1.095 0.000387423 
9.98 1.1 0.000616633 
9.98 1.105 0.000958871 
9.98 1.11 0.0013354 
9.98 1.115 0.00177835 
9.98 1.12 0.00218494 
9.98 1.125 0.00252186 
9.98 1.13 0.00264061 
9.98 1.135 0.00278151 
9.98 1.14 0.00251542 
9.98 1.145 0.00206302 
9.98 1.15 0.00176983 
9.98 1.155 0.00130028 
9.98 1.16 0.000933862 
9.98 1.165 0.000595582 
9.98 1.17 0.000394488 
9.98 1.175 0.000238663 
9.98 1.18 0.000135692 
9.98 1.185 7.25697e-05 
9.98 1.19 3.67315e-05 
9.98 1.195 1.75484e-05 
9.98 1.2 8.12493e-06 
9.98 1.205 3.45451e-06 
9.98 1.21 1.36263e-06 
9.98 1.215 5.24195e-07 
9.98 1.22 1.94479e-07 
9.98 1.225 6.4692e-08 
9.98 1.23 2.00543e-08 
9.98 1.235 6.12301e-09 
9.98 1.24 1.77253e-09 
9.98 1.245 4.87053e-10 
9.98 1.25 1.23002e-10 
9.99 1.025 1.88041e-10 
9.99 1.03 9.73705e-10 
9.99 1.035 4.63299e-09 
9.99 1.04 2.02283e-08 
9.99 1.045 7.89216e-08 
9.99 1.05 2.80687e-07 
9.99 1.055 9.14955e-07 
9.99 1.06 2.89579e-06 
9.99 1.065 7.39389e-06 
9.99 1.07 1.80042e-05 
9.99 1.075 4.23269e-05 
9.99 1.08 8.89086e-05 
9.99 1.085 0.00017941 
9.99 1.09 0.000321696 
9.99 1.095 0.0005598 
9.99 1.1 0.000880983 
9.99 1.105 0.00127991 
9.99 1.11 0.00170663 
9.99 1.115 0.00216264 
9.99 1.12 0.00251198 
9.99 1.125 0.00276703 
9.99 1.13 0.00280553 
9.99 1.135 0.00269538 
9.99 1.14 0.00242462 
9.99 1.145 0.0020367 
9.99 1.15 0.00162141 
9.99 1.155 0.00117697 
9.99 1.16 0.00080113 
9.99 1.165 0.000519767 
9.99 1.17 0.000309427 
9.99 1.175 0.000183122 
9.99 1.18 9.94677e-05 
9.99 1.185 5.27808e-05 
9.99 1.19 2.61993e-05 
9.99 1.195 1.20683e-05 
9.99 1.2 5.34753e-06 
9.99 1.205 2.16658e-06 
9.99 1.21 8.54805e-07 
9.99 1.215 3.20295e-07 
9.99 1.22 1.15391e-07 
9.99 1.225 3.85744e-08 
9.99 1.23 1.15218e-08 
9.99 1.235 3.43189e-09 
9.99 1.24 9.34378e-10 
9.99 1.245 2.49467e-10 
10 1.025 4.61773e-10 
10 1.03 2.20587e-09 
10 1.035 1.03823e-08 
10 1.04 4.47167e-08 
10 1.045 1.59673e-07 
10 1.05 5.46123e-07 
10 1.055 1.69679e-06 
10 1.06 5.02495e-06 
10 1.065 1.28454e-05 
10 1.07 3.05387e-05 
10 1.075 6.74166e-05 
10 1.08 0.000137196 
10 1.085 0.000258362 
10 1.09 0.000457939 
10 1.095 0.000744002 
10 1.1 0.00115222 
10 1.105 0.00161693 
10 1.11 0.00213453 
10 1.115 0.00254197 
10 1.12 0.00286062 
10 1.125 0.00294024 
10 1.13 0.00289485 
10 1.135 0.00270107 
10 1.14 0.00233487 
10 1.145 0.00188183 
10 1.15 0.00144325 
10 1.155 0.00100775 
10 1.16 0.000668134 
10 1.165 0.000428045 
10 1.17 0.000247452 
10 1.175 0.000142842 
10 1.18 7.15777e-05 
10 1.185 3.51462e-05 
10 1.19 1.69236e-05 
10 1.195 7.56734e-06 
10 1.2 3.28486e-06 
10 1.205 1.30579e-06 
10 1.21 5.067e-07 
10 1.215 1.84574e-07 
10 1.22 6.39801e-08 
10 1.225 2.06724e-08 
10 1.23 6.25692e-09 
10 1.235 1.81012e-09 
10 1.24 4.80426e-10 
10 1.245 1.22822e-10 
10.01 1.02 2.26355e-10 
10.01 1.025 1.10814e-09 
10.01 1.03 5.32125e-09 
10.01 1.035 2.24859e-08 
10.01 1.04 9.07973e-08 
10.01 1.045 3.22374e-07 
10.01 1.05 1.05867e-06 
10.01 1.055 3.00628e-06 
10.01 1.06 8.14604e-06 
10.01 1.065 2.17621e-05 
10.01 1.07 4.95996e-05 
10.01 1.075 0.000107207 
10.01 1.08 0.000203268 
10.01 1.085 0.000366641 
10.01 1.09 0.000621839 
10.01 1.095 0.000974132 
10.01 1.1 0.00139598 
10.01 1.105 0.00192568 
10.01 1.11 0.00245029 
10.01 1.115 0.00286401 
10.01 1.12 0.00311977 
10.01 1.125 0.00316316 
10.01 1.13 0.00294633 
10.01 1.135 0.00267134 
10.01 1.14 0.00219806 
10.01 1.145 0.00169817 
10.01 1.15 0.00122724 
10.01 1.155 0.000864024 
10.01 1.16 0.000538094 
10.01 1.165 0.000332705 
10.01 1.17 0.000191289 
10.01 1.175 0.000103243 
10.01 1.18 5.48195e-05 
10.01 1.185 2.52593e-05 
10.01 1.19 1.16146e-05 
10.01 1.195 5.06642e-06 
10.01 1.2 2.04718e-06 
10.01 1.205 7.94052e-07 
10.01 1.21 2.99997e-07 
10.01 1.215 1.07248e-07 
10.01 1.22 3.51861e-08 
10.01 1.225 1.1051e-08 
10.01 1.23 3.2377e-09 
10.01 1.235 8.9834e-10 
10.01 1.24 2.41553e-10 
10.02 1.015 1.10011e-10 
10.02 1.02 5.6151e-10 
10.02 1.025 2.51155e-09 
10.02 1.03 1.12247e-08 
10.02 1.035 4.78361e-08 
10.02 1.04 1.84084e-07 
10.02 1.045 6.31136e-07 
10.02 1.05 1.98091e-06 
10.02 1.055 5.55031e-06 
10.02 1.06 1.45279e-05 
10.02 1.065 3.46663e-05 
10.02 1.07 7.56725e-05 
10.02 1.075 0.000157511 
10.02 1.08 0.000299278 
10.02 1.085 0.000516578 
10.02 1.09 0.000855103 
10.02 1.095 0.0012521 
10.02 1.1 0.00173693 
10.02 1.105 0.00230901 
10.02 1.11 0.00271881 
10.02 1.115 0.00313688 
10.02 1.12 0.00329902 
10.02 1.125 0.00326806 
10.02 1.13 0.0030002 
10.02 1.135 0.00255789 
10.02 1.14 0.00208952 
10.02 1.145 0.00153236 
10.02 1.15 0.00110754 
10.02 1.155 0.00072338 
10.02 1.16 0.000460263 
10.02 1.165 0.000261878 
10.02 1.17 0.000145383 
10.02 1.175 7.62934e-05 
10.02 1.18 3.85066e-05 
10.02 1.185 1.8083e-05 
10.02 1.19 7.96687e-06 
10.02 1.195 3.45128e-06 
10.02 1.2 1.31007e-06 
10.02 1.205 4.9531e-07 
10.02 1.21 1.7637e-07 
10.02 1.215 5.92364e-08 
10.02 1.22 1.84245e-08 
10.02 1.225 5.73231e-09 
10.02 1.23 1.67411e-09 
10.02 1.235 4.44553e-10 
10.02 1.24 1.14274e-10 
10.03 1.015 2.65269e-10 
10.03 1.02 1.37077e-09 
10.03 1.025 5.98173e-09 
10.03 1.03 2.55307e-08 
10.03 1.035 9.96722e-08 
10.03 1.04 3.71752e-07 
10.03 1.045 1.18881e-06 
10.03 1.05 3.56226e-06 
10.03 1.055 9.54368e-06 
10.03 1.06 2.44469e-05 
10.03 1.065 5.43001e-05 
10.03 1.07 0.000114509 
10.03 1.075 0.000224837 
10.03 1.08 0.000413239 
10.03 1.085 0.000705032 
10.03 1.09 0.0011146 
10.03 1.095 0.00159949 
10.03 1.1 0.00213954 
10.03 1.105 0.00265014 
10.03 1.11 0.00309595 
10.03 1.115 0.00338344 
10.03 1.12 0.00344226 
10.03 1.125 0.00329926 
10.03 1.13 0.00289545 
10.03 1.135 0.00239634 
10.03 1.14 0.00187624 
10.03 1.145 0.00135891 
10.03 1.15 0.000931374 
10.03 1.155 0.000594355 
10.03 1.16 0.000353406 
10.03 1.165 0.00020327 
10.03 1.17 0.000108794 
10.03 1.175 5.57008e-05 
10.03 1.18 2.60843e-05 
10.03 1.185 1.20887e-05 
10.03 1.19 5.28431e-06 
10.03 1.195 2.05063e-06 
10.03 1.2 8.09642e-07 
10.03 1.205 2.90644e-07 
10.03 1.21 9.9202e-08 
10.03 1.215 3.27591e-08 
10.03 1.22 1.01682e-08 
10.03 1.225 2.92606e-09 
10.03 1.23 8.09555e-10 
10.03 1.235 2.06556e-10 
10.04 1.01 1.23923e-10 
10.04 1.015 6.51017e-10 
10.04 1.02 3.13692e-09 
10.04 1.025 1.35532e-08 
10.04 1.03 5.58777e-08 
10.04 1.035 2.07716e-07 
10.04 1.04 7.23351e-07 
10.04 1.045 2.13613e-06 
10.04 1.05 6.3001e-06 
10.04 1.055 1.61996e-05 
10.04 1.06 3.97197e-05 
10.04 1.065 8.42274e-05 
10.04 1.07 0.000180162 
10.04 1.075 0.000327888 
10.04 1.08 0.000562671 
10.04 1.085 0.000905379 
10.04 1.09 0.00144688 
10.04 1.095 0.00197155 
10.04 1.1 0.00251903 
10.04 1.105 0.00313589 
10.04 1.11 0.0033649 
10.04 1.115 0.00353835 
10.04 1.12 0.0034364 
10.04 1.125 0.00320876 
10.04 1.13 0.00270783 
10.04 1.135 0.00222545 
10.04 1.14 0.0016355 
10.04 1.145 0.00114596 
10.04 1.15 0.000751625 
10.04 1.155 0.00047296 
10.04 1.16 0.000273718 
10.04 1.165 0.000150767 
10.04 1.17 8.10222e-05 
10.04 1.175 3.90192e-05 
10.04 1.18 1.79129e-05 
10.04 1.185 8.22304e-06 
10.04 1.19 3.38707e-06 
10.04 1.195 1.3292e-06 
10.04 1.2 5.05117e-07 
10.04 1.205 1.74255e-07 
10.04 1.21 5.85589e-08 
10.04 1.215 1.87609e-08 
10.04 1.22 5.69309e-09 
10.04 1.225 1.60585e-09 
10.04 1.23 4.33201e-10 
10.04 1.235 1.0806e-10 
10.05 1.01 3.25693e-10 
10.05 1.015 1.62735e-09 
10.05 1.02 7.28275e-09 
10.05 1.025 3.0064e-08 
10.05 1.03 1.18096e-07 
10.05 1.035 4.15146e-07 
10.05 1.04 1.32605e-06 
10.05 1.045 3.85907e-06 
10.05 1.05 1.06942e-05 
10.05 1.055 2.68293e-05 
10.05 1.06 6.21318e-05 
10.05 1.065 0.000130912 
10.05 1.07 0.000262994 
10.05 1.075 0.000479881 
10.05 1.08 0.00078488 
10.05 1.085 0.00120336 
10.05 1.09 0.00174632 
10.05 1.095 0.0023239 
10.05 1.1 0.00289729 
10.05 1.105 0.00345539 
10.05 1.11 0.00373993 
10.05 1.115 0.00365488 
10.05 1.12 0.00336843 
10.05 1.125 0.00294191 
10.05 1.13 0.00246093 
10.05 1.135 0.0019236 
10.05 1.14 0.0013514 
10.05 1.145 0.000946166 
10.05 1.15 0.000589287 
10.05 1.155 0.000358753 
10.05 1.16 0.000202986 
10.05 1.165 0.000109093 
10.05 1.17 5.65628e-05 
10.05 1.175 2.61879e-05 
10.05 1.18 1.21281e-05 
10.05 1.185 5.42302e-06 
10.05 1.19 2.13876e-06 
10.05 1.195 8.2659e-07 
10.05 1.2 2.99374e-07 
10.05 1.205 1.05393e-07 
10.05 1.21 3.40807e-08 
10.05 1.215 1.05881e-08 
10.05 1.22 3.1177e-09 
10.05 1.225 8.61162e-10 
10.05 1.23 2.25934e-10 
10.06 1.005 1.53364e-10 
10.06 1.01 8.34281e-10 
10.06 1.015 3.81409e-09 
10.06 1.02 1.67049e-08 
10.06 1.025 6.59916e-08 
10.06 1.03 2.44168e-07 
10.06 1.035 8.15296e-07 
10.06 1.04 2.343e-06 
10.06 1.045 6.82477e-06 
10.06 1.05 1.83389e-05 
10.06 1.055 4.4809e-05 
10.06 1.06 9.90066e-05 
10.06 1.065 0.000205554 
10.06 1.07 0.000377242 
10.06 1.075 0.000660016 
10.06 1.08 0.00106969 
10.06 1.085 0.00158991 
10.06 1.09 0.00219975 
10.06 1.095 0.0028313 
10.06 1.1 0.00336791 
10.06 1.105 0.00372228 
10.06 1.11 0.00387797 
10.06 1.115 0.00381294 
10.06 1.12 0.00334931 
10.06 1.125 0.00279851 
10.06 1.13 0.00220627 
10.06 1.135 0.00164027 
10.06 1.14 0.00115572 
10.06 1.145 0.000750476 
10.06 1.15 0.000485612 
10.06 1.155 0.000273239 
10.06 1.16 0.00014705 
10.06 1.165 7.79838e-05 
10.06 1.17 3.68891e-05 
10.06 1.175 1.73847e-05 
10.06 1.18 7.93191e-06 
10.06 1.185 3.2322e-06 
10.06 1.19 1.31666e-06 
10.06 1.195 4.92777e-07 
10.06 1.2 1.75572e-07 
10.06 1.205 6.09168e-08 
10.06 1.21 1.89841e-08 
10.06 1.215 5.7585e-09 
10.06 1.22 1.60408e-09 
10.06 1.225 4.2937e-10 
10.06 1.23 1.11425e-10 
10.07 1.005 3.79483e-10 
10.07 1.01 1.97379e-09 
10.07 1.015 9.01623e-09 
10.07 1.02 3.74045e-08 
10.07 1.025 1.36003e-07 
10.07 1.03 4.96803e-07 
10.07 1.035 1.53751e-06 
10.07 1.04 4.57963e-06 
10.07 1.045 1.21708e-05 
10.07 1.05 2.93469e-05 
10.07 1.055 7.23906e-05 
10.07 1.06 0.000147243 
10.07 1.065 0.000298547 
10.07 1.07 0.000522694 
10.07 1.075 0.000906836 
10.07 1.08 0.00141773 
10.07 1.085 0.00198011 
10.07 1.09 0.00266668 
10.07 1.095 0.00326421 
10.07 1.1 0.00375083 
10.07 1.105 0.00401516 
10.07 1.11 0.00398784 
10.07 1.115 0.00368383 
10.07 1.12 0.00324869 
10.07 1.125 0.00263504 
10.07 1.13 0.00202532 
10.07 1.135 0.0014052 
10.07 1.14 0.000954587 
10.07 1.145 0.000599402 
10.07 1.15 0.000366936 
10.07 1.155 0.000204708 
10.07 1.16 0.000110429 
10.07 1.165 5.63995e-05 
10.07 1.17 2.67485e-05 
10.07 1.175 1.17927e-05 
10.07 1.18 5.19948e-06 
10.07 1.185 2.07215e-06 
10.07 1.19 8.02309e-07 
10.07 1.195 2.93341e-07 
10.07 1.2 1.00045e-07 
10.07 1.205 3.32126e-08 
10.07 1.21 1.04015e-08 
10.07 1.215 3.06884e-09 
10.07 1.22 8.47971e-10 
10.07 1.225 2.20554e-10 
10.08 1 1.72674e-10 
10.08 1.005 9.42338e-10 
10.08 1.01 4.50062e-09 
10.08 1.015 1.99768e-08 
10.08 1.02 8.02977e-08 
10.08 1.025 2.96887e-07 
10.08 1.03 9.83569e-07 
10.08 1.035 2.98122e-06 
10.08 1.04 8.09353e-06 
10.08 1.045 2.05729e-05 
10.08 1.05 4.83078e-05 
10.08 1.055 0.000108194 
10.08 1.06 0.000219955 
10.08 1.065 0.000418481 
10.08 1.07 0.000720072 
10.08 1.075 0.00116748 
10.08 1.08 0.00171876 
10.08 1.085 0.00239386 
10.08 1.09 0.00310063 
10.08 1.095 0.00365319 
10.08 1.1 0.00398846 
10.08 1.105 0.00418159 
10.08 1.11 0.00402865 
10.08 1.115 0.00363442 
10.08 1.12 0.00307069 
10.08 1.125 0.00241747 
10.08 1.13 0.00179926 
10.08 1.135 0.00123055 
10.08 1.14 0.000813361 
10.08 1.145 0.000492321 
10.08 1.15 0.000279423 
10.08 1.155 0.000158328 
10.08 1.16 7.85027e-05 
10.08 1.165 3.8495e-05 
10.08 1.17 1.79751e-05 
10.08 1.175 7.78847e-06 
10.08 1.18 3.30372e-06 
10.08 1.185 1.29179e-06 
10.08 1.19 4.96413e-07 
10.08 1.195 1.70465e-07 
10.08 1.2 5.74033e-08 
10.08 1.205 1.84919e-08 
10.08 1.21 5.59429e-09 
10.08 1.215 1.61743e-09 
10.08 1.22 4.28506e-10 
10.08 1.225 1.0914e-10 
10.09 1 4.30782e-10 
10.09 1.005 2.29877e-09 
10.09 1.01 1.02602e-08 
10.09 1.015 4.35073e-08 
10.09 1.02 1.68365e-07 
10.09 1.025 5.74587e-07 
10.09 1.03 1.84575e-06 
10.09 1.035 5.24533e-06 
10.09 1.04 1.44288e-05 
10.09 1.045 3.57409e-05 
10.09 1.05 8.23268e-05 
10.09 1.055 0.000163218 
10.09 1.06 0.000328639 
10.09 1.065 0.000577574 
10.09 1.07 0.000944975 
10.09 1.075 0.00145865 
10.09 1.08 0.00216276 
10.09 1.085 0.00280679 
10.09 1.09 0.0034623 
10.09 1.095 0.0040382 
10.09 1.1 0.0042716 
10.09 1.105 0.00427139 
10.09 1.11 0.00399295 
10.09 1.115 0.00343206 
10.09 1.12 0.002833 
10.09 1.125 0.00214191 
10.09 1.13 0.00151986 
10.09 1.135 0.0010167 
10.09 1.14 0.000638124 
10.09 1.145 0.000375604 
10.09 1.15 0.000212433 
10.09 1.155 0.000111987 
10.09 1.16 5.59972e-05 
10.09 1.165 2.69532e-05 
10.09 1.17 1.17785e-05 
10.09 1.175 5.07072e-06 
10.09 1.18 2.00494e-06 
10.09 1.185 7.75211e-07 
10.09 1.19 2.84194e-07 
10.09 1.195 9.85152e-08 
10.09 1.2 3.22207e-08 
10.09 1.205 1.00875e-08 
10.09 1.21 2.97389e-09 
10.09 1.215 8.28902e-10 
10.09 1.22 2.25097e-10 
10.1 0.995 1.99239e-10 
10.1 1 1.06666e-09 
10.1 1.005 4.9843e-09 
10.1 1.01 2.22692e-08 
10.1 1.015 8.94067e-08 
10.1 1.02 3.30318e-07 
10.1 1.025 1.09768e-06 
10.1 1.03 3.34931e-06 
10.1 1.035 9.52798e-06 
10.1 1.04 2.41368e-05 
10.1 1.045 5.88774e-05 
10.1 1.05 0.000127949 
10.1 1.055 0.000259133 
10.1 1.06 0.000460629 
10.1 1.065 0.000808618 
10.1 1.07 0.00128685 
10.1 1.075 0.00186587 
10.1 1.08 0.00257461 
10.1 1.085 0.00333239 
10.1 1.09 0.00396377 
10.1 1.095 0.00442518 
10.1 1.1 0.00451487 
10.1 1.105 0.00425876 
10.1 1.11 0.00374962 
10.1 1.115 0.00319783 
10.1 1.12 0.00246846 
10.1 1.125 0.00185376 
10.1 1.13 0.00128635 
10.1 1.135 0.000839763 
10.1 1.14 0.000507189 
10.1 1.145 0.000290241 
10.1 1.15 0.000160449 
10.1 1.155 8.0564e-05 
10.1 1.16 4.00789e-05 
10.1 1.165 1.81834e-05 
10.1 1.17 8.00393e-06 
10.1 1.175 3.28679e-06 
10.1 1.18 1.27491e-06 
10.1 1.185 4.75097e-07 
10.1 1.19 1.65214e-07 
10.1 1.195 5.38873e-08 
10.1 1.2 1.67922e-08 
10.1 1.205 5.09409e-09 
10.1 1.21 1.45302e-09 
10.1 1.215 4.03164e-10 
10.1 1.22 1.02674e-10 
10.11 0.995 4.96811e-10 
10.11 1 2.44002e-09 
10.11 1.005 1.13263e-08 
10.11 1.01 4.9101e-08 
10.11 1.015 1.85589e-07 
10.11 1.02 6.54188e-07 
10.11 1.025 2.14455e-06 
10.11 1.03 5.88694e-06 
10.11 1.035 1.59981e-05 
10.11 1.04 3.96162e-05 
10.11 1.045 9.25058e-05 
10.11 1.05 0.000201696 
10.11 1.055 0.0003751 
10.11 1.06 0.000688473 
10.11 1.065 0.00109356 
10.11 1.07 0.00171506 
10.11 1.075 0.00236105 
10.11 1.08 0.00311343 
10.11 1.085 0.00377797 
10.11 1.09 0.00428903 
10.11 1.095 0.00457347 
10.11 1.1 0.00447544 
10.11 1.105 0.00412074 
10.11 1.11 0.00353345 
10.11 1.115 0.00275411 
10.11 1.12 0.0021436 
10.11 1.125 0.00155126 
10.11 1.13 0.00105051 
10.11 1.135 0.000665878 
10.11 1.14 0.000396953 
10.11 1.145 0.000223281 
10.11 1.15 0.000117294 
10.11 1.155 5.78547e-05 
10.11 1.16 2.66851e-05 
10.11 1.165 1.19932e-05 
10.11 1.17 5.17134e-06 
10.11 1.175 2.06919e-06 
10.11 1.18 7.70877e-07 
10.11 1.185 2.78476e-07 
10.11 1.19 9.4934e-08 
10.11 1.195 3.07741e-08 
10.11 1.2 9.37604e-09 
10.11 1.205 2.77201e-09 
10.11 1.21 7.62686e-10 
10.11 1.215 1.98033e-10 
10.12 0.99 2.19028e-10 
10.12 0.995 1.20462e-09 
10.12 1 5.73421e-09 
10.12 1.005 2.48271e-08 
10.12 1.01 9.78724e-08 
10.12 1.015 3.75028e-07 
10.12 1.02 1.26193e-06 
10.12 1.025 3.81661e-06 
10.12 1.03 1.05779e-05 
10.12 1.035 2.65159e-05 
10.12 1.04 6.47678e-05 
10.12 1.045 0.000142668 
10.12 1.05 0.000289231 
10.12 1.055 0.000549486 
10.12 1.06 0.000957825 
10.12 1.065 0.00148173 
10.12 1.07 0.00211588 
10.12 1.075 0.00290784 
10.12 1.08 0.00364031 
10.12 1.085 0.0042152 
10.12 1.09 0.00465487 
10.12 1.095 0.00470998 
10.12 1.1 0.00444096 
10.12 1.105 0.00393155 
10.12 1.11 0.0033304 
10.12 1.115 0.00252285 
10.12 1.12 0.00183923 
10.12 1.125 0.00124434 
10.12 1.13 0.000809379 
10.12 1.135 0.000488328 
10.12 1.14 0.000277335 
10.12 1.145 0.000149643 
10.12 1.15 7.73876e-05 
10.12 1.155 3.8028e-05 
10.12 1.16 1.70256e-05 
10.12 1.165 7.53697e-06 
10.12 1.17 3.11118e-06 
10.12 1.175 1.22441e-06 
10.12 1.18 4.56282e-07 
10.12 1.185 1.63777e-07 
10.12 1.19 5.36741e-08 
10.12 1.195 1.71074e-08 
10.12 1.2 5.18619e-09 
10.12 1.205 1.45627e-09 
10.12 1.21 3.85866e-10 
10.13 0.99 5.22544e-10 
10.13 0.995 2.71727e-09 
10.13 1 1.29756e-08 
10.13 1.005 5.33258e-08 
10.13 1.01 2.0115e-07 
10.13 1.015 7.03138e-07 
10.13 1.02 2.26791e-06 
10.13 1.025 6.53968e-06 
10.13 1.03 1.76949e-05 
10.13 1.035 4.3356e-05 
10.13 1.04 9.97756e-05 
10.13 1.045 0.000212008 
10.13 1.05 0.00042025 
10.13 1.055 0.000732588 
10.13 1.06 0.00122884 
10.13 1.065 0.00185781 
10.13 1.07 0.00265537 
10.13 1.075 0.00347366 
10.13 1.08 0.00415971 
10.13 1.085 0.00472269 
10.13 1.09 0.00499242 
10.13 1.095 0.00482109 
10.13 1.1 0.00437415 
10.13 1.105 0.00374287 
10.13 1.11 0.00298369 
10.13 1.115 0.00222297 
10.13 1.12 0.00155099 
10.13 1.125 0.0010152 
10.13 1.13 0.000636024 
10.13 1.135 0.000362312 
10.13 1.14 0.000206979 
10.13 1.145 0.000109563 
10.13 1.15 5.33605e-05 
10.13 1.155 2.5302e-05 
10.13 1.16 1.09957e-05 
10.13 1.165 4.66039e-06 
10.13 1.17 1.86026e-06 
10.13 1.175 7.07718e-07 
10.13 1.18 2.56754e-07 
10.13 1.185 8.78109e-08 
10.13 1.19 2.89844e-08 
10.13 1.195 8.63548e-09 
10.13 1.2 2.54179e-09 
10.13 1.205 6.95913e-10 
10.13 1.21 1.88116e-10 
10.14 0.985 2.52728e-10 
10.14 0.99 1.30217e-09 
10.14 0.995 6.42168e-09 
10.14 1 2.74815e-08 
10.14 1.005 1.10536e-07 
10.14 1.01 4.02042e-07 
10.14 1.015 1.32504e-06 
10.14 1.02 4.07199e-06 
10.14 1.025 1.15246e-05 
10.14 1.03 2.97739e-05 
10.14 1.035 7.09709e-05 
10.14 1.04 0.000152409 
10.14 1.045 0.000302142 
10.14 1.05 0.000581075 
10.14 1.055 0.000961832 
10.14 1.06 0.00157526 
10.14 1.065 0.00229703 
10.14 1.07 0.00316458 
10.14 1.075 0.00406898 
10.14 1.08 0.00480304 
10.14 1.085 0.00508578 
10.14 1.09 0.00511171 
10.14 1.095 0.00484556 
10.14 1.1 0.00428189 
10.14 1.105 0.00347623 
10.14 1.11 0.00266717 
10.14 1.115 0.00193333 
10.14 1.12 0.00128562 
10.14 1.125 0.000824747 
10.14 1.13 0.000494869 
10.14 1.135 0.000279258 
10.14 1.14 0.00014832 
10.14 1.145 7.68514e-05 
10.14 1.15 3.7299e-05 
10.14 1.155 1.68194e-05 
10.14 1.16 7.34927e-06 
10.14 1.165 2.97754e-06 
10.14 1.17 1.12986e-06 
10.14 1.175 4.22548e-07 
10.14 1.18 1.49648e-07 
10.14 1.185 4.98017e-08 
10.14 1.19 1.54923e-08 
10.14 1.195 4.6399e-09 
10.14 1.2 1.30477e-09 
10.14 1.205 3.55838e-10 
