#logg PDF
0.995 1.7931e-09
1 8.85655e-09
1.005 3.90749e-08
1.01 1.65686e-07
1.015 6.53473e-07
1.02 2.34635e-06
1.025 7.83405e-06
1.03 2.43153e-05
1.035 6.56776e-05
1.04 0.000164357
1.045 0.000385526
1.05 0.000839523
1.055 0.00171936
1.06 0.00332792
1.065 0.00584792
1.07 0.00986003
1.075 0.0153574
1.08 0.0228021
1.085 0.0321768
1.09 0.0428829
1.095 0.0547398
1.1 0.065572
1.105 0.0751062
1.11 0.0829278
1.115 0.0891075
1.12 0.0906357
1.125 0.0900446
1.13 0.0869589
1.135 0.0826282
1.14 0.0767112
1.145 0.0701031
