#logg PDF
1.02 1.50183e-09
1.025 6.39345e-09
1.03 2.61451e-08
1.035 9.5286e-08
1.04 3.20956e-07
1.045 1.00502e-06
1.05 2.74744e-06
1.055 7.49732e-06
1.06 1.82157e-05
1.065 4.28136e-05
1.07 9.36281e-05
1.075 0.000195491
1.08 0.000366752
1.085 0.000657271
1.09 0.00110774
1.095 0.00173775
1.1 0.00258524
1.105 0.00362341
1.11 0.00487627
1.115 0.00623316
1.12 0.00764249
1.125 0.00905428
1.13 0.0103234
1.135 0.0115695
1.14 0.0127151
1.145 0.0136102
1.15 0.0145763
1.155 0.0152452
1.16 0.0158741
1.165 0.0164336
1.17 0.0170612
1.175 0.0178176
1.18 0.0185302
1.185 0.0192044
1.19 0.0199835
1.195 0.0206848
1.2 0.0215225
1.205 0.0223175
1.21 0.0230103
1.215 0.0236677
1.22 0.0243286
1.225 0.0247242
1.23 0.0252061
1.235 0.0255467
1.24 0.0256481
1.245 0.0257767
1.25 0.0257838
1.255 0.0256725
1.26 0.0255925
1.265 0.0254655
1.27 0.0251092
1.275 0.0245973
1.28 0.0238323
1.285 0.02314
1.29 0.022327
1.295 0.0216863
1.3 0.0208044
1.305 0.0198961
1.31 0.0190213
1.315 0.0181786
1.32 0.0169166
1.325 0.0159201
1.33 0.0148365
1.335 0.0138302
1.34 0.012861
1.345 0.0118587
1.35 0.0109045
1.355 0.0100692
1.36 0.00904173
1.365 0.00823414
1.37 0.00732519
1.375 0.00648973
1.38 0.0057812
1.385 0.00505557
1.39 0.00440093
1.395 0.00380557
1.4 0.00329793
1.405 0.00279434
1.41 0.00233527
1.415 0.00197643
1.42 0.00165294
1.425 0.00137296
1.43 0.00111923
1.435 0.000896661
1.44 0.000699642
1.445 0.000529843
1.45 0.000401724
1.455 0.000291519
1.46 0.000204595
1.465 0.000137258
1.47 8.90505e-05
1.475 5.58108e-05
1.48 3.5298e-05
1.485 1.98353e-05
1.49 1.16633e-05
1.495 6.65433e-06
1.5 4.03357e-06
1.505 2.3668e-06
1.51 1.40597e-06
1.515 8.66158e-07
1.52 5.34262e-07
1.525 3.14991e-07
1.53 1.87047e-07
1.535 1.00688e-07
1.54 5.13687e-08
1.545 2.38918e-08
1.55 8.80013e-09
1.555 2.28342e-09
