#logg PDF
1.06 2.88779e-05
1.065 6.23062e-05
1.07 0.000128654
1.075 0.000247884
1.08 0.000446875
1.085 0.000765157
1.09 0.0012521
1.095 0.00191137
1.1 0.00277151
1.105 0.00384513
1.11 0.0050866
1.115 0.00645791
1.12 0.00790935
1.125 0.00931316
1.13 0.0107054
1.135 0.0120223
1.14 0.0132026
1.145 0.0143339
1.15 0.015306
1.155 0.0163277
1.16 0.0170839
1.165 0.0179192
1.17 0.0188594
1.175 0.0196178
1.18 0.0206452
1.185 0.0214035
1.19 0.0222566
1.195 0.0228162
1.2 0.0239509
1.205 0.0247146
1.21 0.0253221
1.215 0.0260437
1.22 0.0264041
1.225 0.026887
1.23 0.027113
1.235 0.027421
1.24 0.0273372
1.245 0.0272661
1.25 0.0270448
1.255 0.0268365
1.26 0.0264535
1.265 0.0261503
1.27 0.0254827
1.275 0.0247902
1.28 0.0236569
1.285 0.0228378
1.29 0.0216527
1.295 0.0207725
1.3 0.0196329
1.305 0.0186491
1.31 0.0175974
1.315 0.0164148
1.32 0.0151221
1.325 0.0140565
1.33 0.0128195
1.335 0.0118377
1.34 0.0108525
1.345 0.00985016
1.35 0.00884624
1.355 0.00802535
1.36 0.00711001
1.365 0.0062947
1.37 0.0054528
1.375 0.0047026
1.38 0.00409959
1.385 0.00345628
1.39 0.00290979
1.395 0.00241284
1.4 0.0020043
1.405 0.0016406
1.41 0.00129158
1.415 0.0010319
1.42 0.000810901
1.425 0.00063053
1.43 0.000481094
1.435 0.000358676
1.44 0.000253468
1.445 0.000177323
1.45 0.000120849
1.455 7.87986e-05
1.46 5.05385e-05
1.465 2.9815e-05
1.47 1.65907e-05
1.475 8.52551e-06
1.48 4.79218e-06
1.485 1.98092e-06
1.49 8.7816e-07
1.495 3.28169e-07
1.5 1.16942e-07
1.505 3.64569e-08
1.51 9.30073e-09
1.515 2.51255e-09
