#logr PDFlogr r(Rs) PDF
1.596 1.11964e-08 39.4457 1.23272e-10
1.6 1.51229e-07 39.8107 1.64976e-09
1.604 1.60987e-06 40.1791 1.74011e-08
1.608 1.33082e-05 40.5509 1.42529e-07
1.612 8.79195e-05 40.9261 9.32973e-07
1.616 0.000465444 41.3048 4.89386e-06
1.62 0.0019937 41.687 2.07703e-05
1.624 0.00700098 42.0727 7.22675e-05
1.628 0.0200542 42.462 0.000205111
1.632 0.0475564 42.8549 0.00048194
1.636 0.0916096 43.2514 0.000919867
1.64 0.14358 43.6516 0.0014285
1.644 0.181029 44.0555 0.00178457
1.648 0.184105 44.4632 0.00179825
1.652 0.149505 44.8746 0.0014469
1.656 0.0962159 45.2898 0.000922637
1.66 0.0491647 45.7088 0.00046713
1.664 0.0196624 46.1318 0.000185106
1.668 0.00616125 46.5586 5.74716e-05
1.672 0.00147469 46.9894 1.36297e-05
1.676 0.000274642 47.4242 2.51507e-06
1.68 3.91721e-05 47.863 3.55436e-07
1.684 4.22201e-06 48.3059 3.7958e-08
1.688 3.42388e-07 48.7529 3.05002e-09
1.692 2.08532e-08 49.204 1.84059e-10
