#logr PDFlogr r(Rs) PDF
1.6 1.1916e-07 39.8107 1.29992e-09
1.604 1.31048e-06 40.1791 1.4165e-08
1.608 1.11517e-05 40.5509 1.19433e-07
1.612 7.61663e-05 40.9261 8.08252e-07
1.616 0.000416587 41.3048 4.38015e-06
1.62 0.00181883 41.687 1.89486e-05
1.624 0.00649207 42.0727 6.70143e-05
1.628 0.0189903 42.462 0.00019423
1.632 0.0456816 42.8549 0.000462941
1.636 0.0887975 43.2514 0.00089163
1.64 0.141664 43.6516 0.00140943
1.644 0.179909 44.0555 0.00177353
1.648 0.184967 44.4632 0.00180667
1.652 0.151608 44.8746 0.00146726
1.656 0.0991385 45.2898 0.000950662
1.66 0.0512234 45.7088 0.00048669
1.664 0.0207054 46.1318 0.000194925
1.668 0.00655352 46.5586 6.11306e-05
1.672 0.00159957 46.9894 1.47838e-05
1.676 0.000298081 47.4242 2.72972e-06
1.68 4.29438e-05 47.863 3.89659e-07
1.684 4.70123e-06 48.3059 4.22664e-08
1.688 3.8455e-07 48.7529 3.4256e-09
1.692 2.3549e-08 49.204 2.07853e-10
