#logr PDFlogr r(Rs) PDF
1.596 1.89652e-08 39.4457 2.08805e-10
1.6 2.41075e-07 39.8107 2.62988e-09
1.604 2.38566e-06 40.1791 2.57865e-08
1.608 1.84948e-05 40.5509 1.98077e-07
1.612 0.000116194 40.9261 1.23301e-06
1.616 0.00058449 41.3048 6.14556e-06
1.62 0.00238388 41.687 2.48352e-05
1.624 0.00807193 42.0727 8.33224e-05
1.628 0.0221786 42.462 0.00022684
1.632 0.0512676 42.8549 0.00051955
1.636 0.09636 43.2514 0.000967567
1.64 0.148098 43.6516 0.00147345
1.644 0.182827 44.0555 0.00180229
1.648 0.181825 44.4632 0.00177597
1.652 0.144456 44.8746 0.00139804
1.656 0.0913258 45.2898 0.000875745
1.66 0.0456001 45.7088 0.000433261
1.664 0.01783 46.1318 0.000167856
1.668 0.00547597 46.5586 5.10794e-05
1.672 0.0013021 46.9894 1.20345e-05
1.676 0.000238395 47.4242 2.18314e-06
1.68 3.34576e-05 47.863 3.03584e-07
1.684 3.54715e-06 48.3059 3.18907e-08
1.688 2.85448e-07 48.7529 2.5428e-09
1.692 1.70723e-08 49.204 1.50688e-10
