#logm PDFlogm m(Ms) PDF
-0.06103 1.7076e-08 0.8689 8.53494e-09
-0.05903 9.21434e-08 0.872911 4.58436e-08
-0.05703 5.92996e-07 0.87694 2.93675e-07
-0.05503 1.63826e-06 0.880988 8.07604e-07
-0.05303 4.00183e-06 0.885054 1.96369e-06
-0.05103 9.89695e-06 0.88914 4.8341e-06
-0.04903 2.86764e-05 0.893244 1.39424e-05
-0.04703 4.95489e-05 0.897367 2.398e-05
-0.04503 0.000109333 0.901509 5.26705e-05
-0.04303 0.000114136 0.90567 5.47312e-05
-0.04103 0.000287099 0.90985 0.000137039
-0.03903 0.000317268 0.91405 0.000150744
-0.03703 0.000528116 0.918269 0.000249772
-0.03503 0.000870594 0.922508 0.000409855
-0.03303 0.00151701 0.926766 0.000710892
-0.03103 0.00182257 0.931044 0.000850154
-0.02903 0.00241254 0.935341 0.00112018
-0.02703 0.00321385 0.939658 0.00148539
-0.02503 0.00334103 0.943996 0.00153708
-0.02303 0.00396821 0.948353 0.00181722
-0.02103 0.00531715 0.95273 0.00242378
-0.01903 0.00426771 0.957128 0.00193646
-0.01703 0.00674051 0.961546 0.00304444
-0.01503 0.00677106 0.965984 0.00304418
-0.01303 0.00725529 0.970443 0.0032469
-0.01103 0.00817834 0.974922 0.00364317
-0.00902998 0.00715873 0.979422 0.00317432
-0.00703001 0.00903915 0.983943 0.00398972
-0.00503001 0.007538 0.988485 0.00331185
-0.00303 0.00900272 0.993047 0.0039372
-0.00103 0.00847921 0.997631 0.00369122
0.000970006 0.00887484 1.00224 0.00384569
0.00297001 0.0101054 1.00686 0.00435883
0.00497001 0.00807512 1.01151 0.00346707
0.00697002 0.00997703 1.01618 0.00426398
0.00896999 0.00842685 1.02087 0.00358492
0.01097 0.00919498 1.02558 0.00389372
0.01297 0.00979761 1.03031 0.00412985
0.01497 0.00836405 1.03507 0.00350938
0.01697 0.00964801 1.03985 0.00402951
0.01897 0.00857067 1.04465 0.00356311
0.02097 0.010206 1.04947 0.00422349
0.02297 0.0106023 1.05431 0.0043673
0.02497 0.00957719 1.05918 0.00392692
0.02697 0.0101877 1.06407 0.00415807
0.02897 0.0100128 1.06898 0.00406791
0.03097 0.0102241 1.07392 0.00413465
0.03297 0.0104635 1.07887 0.00421201
0.03497 0.0100392 1.08385 0.00402267
0.03697 0.0103961 1.08885 0.00414652
0.03897 0.0102814 1.09388 0.00408196
0.04097 0.0101712 1.09893 0.00401963
0.04297 0.0113542 1.104 0.00446655
0.04497 0.00948234 1.1091 0.00371304
0.04697 0.0109295 1.11422 0.00426007
0.04897 0.0104718 1.11936 0.00406291
0.05097 0.0113144 1.12453 0.00436966
0.05297 0.010944 1.12972 0.00420717
0.05497 0.0110612 1.13493 0.0042327
0.05697 0.0115493 1.14017 0.00439915
0.05897 0.011664 1.14543 0.00442243
0.06097 0.0103024 1.15072 0.00388825
0.06297 0.0122193 1.15603 0.00459049
0.06497 0.0107987 1.16137 0.00403819
0.06697 0.0109385 1.16673 0.00407165
0.06897 0.0117431 1.17211 0.00435108
0.07097 0.010726 1.17752 0.00395598
0.07297 0.0116067 1.18296 0.00426112
0.07497 0.010657 1.18842 0.00389446
0.07697 0.0117219 1.19391 0.00426394
0.07897 0.0122286 1.19942 0.00442783
0.08097 0.0104593 1.20495 0.00376978
0.08297 0.0120322 1.21051 0.00431678
0.08497 0.0109804 1.2161 0.00392132
0.08697 0.0107926 1.22172 0.00383654
0.08897 0.0109042 1.22735 0.00385842
0.09097 0.0109899 1.23302 0.00387087
0.09297 0.011203 1.23871 0.00392778
0.09497 0.0107241 1.24443 0.00374261
0.09697 0.0115726 1.25017 0.00402018
0.09897 0.010279 1.25594 0.00355438
0.10097 0.0107565 1.26174 0.00370241
0.10297 0.00982861 1.26756 0.00336749
0.10497 0.0104429 1.27342 0.00356153
0.10697 0.010403 1.27929 0.0035316
0.10897 0.00969093 1.2852 0.00327476
0.11097 0.00991558 1.29113 0.00333528
0.11297 0.010064 1.29709 0.00336964
0.11497 0.00965842 1.30308 0.00321899
0.11697 0.00992207 1.30909 0.00329167
0.11897 0.00951893 1.31513 0.00314342
0.12097 0.00909868 1.3212 0.00299084
0.12297 0.00879947 1.3273 0.00287919
0.12497 0.0090727 1.33343 0.00295496
0.12697 0.00830282 1.33958 0.00269178
0.12897 0.00864756 1.34577 0.00279067
0.13097 0.00852175 1.35198 0.00273743
0.13297 0.00809054 1.35822 0.00258697
0.13497 0.00818654 1.36449 0.00260564
0.13697 0.00827074 1.37079 0.00262035
0.13897 0.00802016 1.37711 0.00252928
0.14097 0.00708137 1.38347 0.00222296
0.14297 0.00734389 1.38986 0.00229478
0.14497 0.00691907 1.39627 0.0021521
0.14697 0.0067752 1.40272 0.00209767
0.14897 0.006578 1.40919 0.00202726
0.15097 0.00674635 1.4157 0.00206958
0.15297 0.00639904 1.42223 0.00195402
0.15497 0.00675301 1.4288 0.00205264
0.15697 0.00655101 1.43539 0.00198209
0.15897 0.00547859 1.44202 0.00165
0.16097 0.00555216 1.44867 0.00166447
0.16297 0.00550316 1.45536 0.0016422
0.16497 0.00506999 1.46208 0.00150599
0.16697 0.00511425 1.46882 0.00151215
0.16897 0.00483848 1.4756 0.00142404
0.17097 0.00485928 1.48242 0.00142359
0.17297 0.00472042 1.48926 0.00137656
0.17497 0.00464684 1.49613 0.00134887
0.17697 0.004964 1.50304 0.00143432
0.17897 0.00390443 1.50998 0.00112298
0.18097 0.00389103 1.51695 0.00111398
0.18297 0.00374826 1.52395 0.00106818
0.18497 0.00348432 1.53098 0.000988398
0.18697 0.00345736 1.53805 0.000976244
0.18897 0.00332587 1.54515 0.000934803
0.19097 0.00313127 1.55228 0.000876062
0.19297 0.00305874 1.55944 0.000851838
0.19497 0.00298506 1.56664 0.000827499
0.19697 0.00282169 1.57387 0.000778618
0.19897 0.00266398 1.58114 0.000731721
0.20097 0.00276661 1.58844 0.000756419
0.20297 0.00247401 1.59577 0.000673312
0.20497 0.00231043 1.60313 0.000625903
0.20697 0.00219776 1.61053 0.000592644
0.20897 0.00215501 1.61797 0.000578448
0.21097 0.00192134 1.62544 0.000513355
0.21297 0.0018735 1.63294 0.000498275
0.21497 0.00178803 1.64048 0.000473357
0.21697 0.00179541 1.64805 0.000473126
0.21897 0.0018868 1.65566 0.000494927
0.22097 0.00182713 1.6633 0.000477073
0.22297 0.0017501 1.67098 0.000454859
0.22497 0.00146017 1.67869 0.000377762
0.22697 0.00140746 1.68644 0.000362453
0.22897 0.00119619 1.69422 0.000306631
0.23097 0.00109547 1.70204 0.000279522
0.23297 0.00113387 1.7099 0.00028799
0.23497 0.00094752 1.71779 0.000239554
0.23697 0.000974882 1.72572 0.000245339
0.23897 0.000798347 1.73368 0.000199989
0.24097 0.000864814 1.74169 0.000215644
0.24297 0.000673899 1.74973 0.000167266
0.24497 0.000654134 1.7578 0.000161615
0.24697 0.000635364 1.76592 0.000156256
0.24897 0.00055995 1.77407 0.000137077
0.25097 0.000520587 1.78226 0.000126855
0.25297 0.00051566 1.79048 0.000125077
0.25497 0.000470553 1.79875 0.000113612
0.25697 0.000501671 1.80705 0.000120568
0.25897 0.000452025 1.81539 0.000108138
0.26097 0.000401715 1.82377 9.56604e-05
0.26297 0.000346689 1.83219 8.21779e-05
0.26497 0.000336417 1.84064 7.93766e-05
0.26697 0.000331587 1.84914 7.78774e-05
0.26897 0.000261891 1.85768 6.12259e-05
0.27097 0.000244253 1.86625 5.68401e-05
0.27297 0.000218424 1.87486 5.05957e-05
0.27497 0.000180066 1.88352 4.1519e-05
0.27697 0.000157759 1.89221 3.62082e-05
0.27897 0.00014974 1.90095 3.421e-05
0.28097 0.000113831 1.90972 2.58865e-05
0.28297 0.000117849 1.91854 2.66771e-05
0.28497 0.000102758 1.92739 2.31541e-05
0.28697 8.63511e-05 1.93629 1.93679e-05
0.28897 8.38293e-05 1.94523 1.87159e-05
0.29097 6.51019e-05 1.9542 1.4468e-05
0.29297 6.74461e-05 1.96322 1.49201e-05
0.29497 4.71593e-05 1.97229 1.03844e-05
0.29697 5.71436e-05 1.98139 1.25251e-05
0.29897 3.78595e-05 1.99054 8.26018e-06
0.30097 3.4568e-05 1.99972 7.50738e-06
0.30297 3.72263e-05 2.00895 8.04756e-06
0.30497 2.46182e-05 2.01823 5.29749e-06
0.30697 2.9576e-05 2.02754 6.3351e-06
0.30897 2.02118e-05 2.0369 4.30942e-06
0.31097 1.66845e-05 2.0463 3.54102e-06
0.31297 1.66606e-05 2.05575 3.5197e-06
0.31497 1.89866e-05 2.06524 3.99264e-06
0.31697 1.00536e-05 2.07477 2.10445e-06
0.31897 5.81965e-06 2.08435 1.21258e-06
0.32097 3.52117e-08 2.09397 7.30301e-09
0.32297 6.03767e-08 2.10363 1.24648e-08
0.32497 7.63329e-08 2.11334 1.56865e-08
0.32697 1.16975e-07 2.1231 2.3928e-08
0.32897 1.49992e-07 2.1329 3.0541e-08
0.33097 3.62525e-09 2.14274 7.34772e-10
0.33297 2.79793e-08 2.15263 5.64484e-09
0.33497 2.95062e-08 2.16257 5.92554e-09
0.33697 1.04809e-08 2.17255 2.09513e-09
0.33897 1.2388e-08 2.18258 2.46499e-09
0.34097 1.12493e-08 2.19265 2.22813e-09
0.34497 3.19385e-09 2.21294 6.268e-10
