#logL_Lsun PDF
2.478 1.19309e-07
2.48 1.97481e-07
2.482 3.30901e-07
2.484 5.27705e-07
2.486 8.25713e-07
2.488 1.29209e-06
2.49 1.88127e-06
2.492 2.82548e-06
2.494 3.97615e-06
2.496 5.82315e-06
2.498 8.21508e-06
2.5 1.13153e-05
2.502 1.53774e-05
2.504 2.05951e-05
2.506 2.749e-05
2.508 3.64047e-05
2.51 4.59586e-05
2.512 6.00511e-05
2.514 7.479e-05
2.516 9.35051e-05
2.518 0.000114488
2.52 0.000140708
2.522 0.000169883
2.524 0.000204579
2.526 0.000238392
2.528 0.000283377
2.53 0.000329129
2.532 0.000377058
2.534 0.000435952
2.536 0.000497999
2.538 0.000553528
2.54 0.000628676
2.542 0.000701659
2.544 0.000771756
2.546 0.000858855
2.548 0.000936743
2.55 0.00102666
2.552 0.00112419
2.554 0.00121215
2.556 0.00130882
2.558 0.00142534
2.56 0.00153323
2.562 0.00163197
2.564 0.00175391
2.566 0.00188232
2.568 0.00200413
2.57 0.00214089
2.572 0.00230343
2.574 0.00240912
2.576 0.00257013
2.578 0.00273602
2.58 0.00289945
2.582 0.0030736
2.584 0.00323731
2.586 0.00343726
2.588 0.00360282
2.59 0.00380136
2.592 0.00403826
2.594 0.00422815
2.596 0.00444935
2.598 0.00464449
2.6 0.00492746
2.602 0.00515812
2.604 0.0054166
2.606 0.00563598
2.608 0.00587517
2.61 0.00613239
2.612 0.00638103
2.614 0.00663521
2.616 0.00701995
2.618 0.00717904
2.62 0.00755124
2.622 0.00772519
2.624 0.00809631
2.626 0.00827381
2.628 0.00860007
2.63 0.00886835
2.632 0.0092482
2.634 0.00948976
2.636 0.00974363
2.638 0.00995921
2.64 0.0102343
2.642 0.010487
2.644 0.0108474
2.646 0.0110045
2.648 0.0113069
2.65 0.0114739
2.652 0.0118251
2.654 0.012032
2.656 0.0121456
2.658 0.0124904
2.66 0.0124884
2.662 0.0126333
2.664 0.0128012
2.666 0.0129031
2.668 0.0132248
2.67 0.0133817
2.672 0.0135466
2.674 0.0133852
2.676 0.0135601
2.678 0.0134837
2.68 0.0135988
2.682 0.0137663
2.684 0.0137387
2.686 0.0137102
2.688 0.0136313
2.69 0.01357
2.692 0.0134905
2.694 0.013432
2.696 0.0134653
2.698 0.0131486
2.7 0.0131644
2.702 0.0131815
2.704 0.0128788
2.706 0.0127476
2.708 0.0126634
2.71 0.0123408
2.712 0.012125
2.714 0.0119334
2.716 0.0117649
2.718 0.0115603
2.72 0.0113735
2.722 0.0110749
2.724 0.0107296
2.726 0.0105485
2.728 0.010274
2.73 0.0100908
2.732 0.00969664
2.734 0.00951205
2.736 0.00917902
2.738 0.00895911
2.74 0.00864851
2.742 0.008352
2.744 0.00805175
2.746 0.00782893
2.748 0.00752665
2.75 0.00732761
2.752 0.00696438
2.754 0.00667414
2.756 0.00648621
2.758 0.00616304
2.76 0.00588919
2.762 0.00571724
2.764 0.00539666
2.766 0.00514705
2.768 0.00492724
2.77 0.0046798
2.772 0.00445507
2.774 0.00427703
2.776 0.00399351
2.778 0.00377561
2.78 0.00357157
2.782 0.00344179
2.784 0.00321747
2.786 0.00299679
2.788 0.00284668
2.79 0.00268247
2.792 0.00250844
2.794 0.00234918
2.796 0.00218935
2.798 0.00204883
2.8 0.00191531
2.802 0.00178035
2.804 0.00164913
2.806 0.00152145
2.808 0.00142951
2.81 0.00130915
2.812 0.00121685
2.814 0.00111774
2.816 0.00102346
2.818 0.00097069
2.82 0.000861919
2.822 0.000807024
2.824 0.000746624
2.826 0.000667114
2.828 0.000615541
2.83 0.00056672
2.832 0.000522102
2.834 0.000466837
2.836 0.000433312
2.838 0.000389177
2.84 0.0003545
2.842 0.000319825
2.844 0.00028656
2.846 0.000264588
2.848 0.000235343
2.85 0.000212385
2.852 0.000190973
2.854 0.000170404
2.856 0.000153453
2.858 0.000135745
2.86 0.000120053
2.862 0.000106728
2.864 9.48712e-05
2.866 8.14606e-05
2.868 7.29253e-05
2.87 6.2928e-05
2.872 5.29087e-05
2.874 4.7036e-05
2.876 4.06373e-05
2.878 3.5291e-05
2.88 2.88883e-05
2.882 2.41839e-05
2.884 2.00706e-05
2.886 1.71115e-05
2.888 1.40605e-05
2.89 1.18065e-05
2.892 9.42685e-06
2.894 7.62742e-06
2.896 6.16689e-06
2.898 5.14963e-06
2.9 4.04717e-06
2.902 3.22796e-06
2.904 2.65285e-06
2.906 2.08078e-06
2.908 1.64834e-06
2.91 1.35678e-06
2.912 1.11303e-06
2.914 9.1807e-07
2.916 7.3938e-07
2.918 6.27598e-07
2.92 5.34359e-07
2.922 4.35728e-07
2.924 3.71589e-07
2.926 3.14201e-07
2.928 2.72204e-07
2.93 2.3552e-07
2.932 2.00525e-07
2.934 1.72671e-07
2.936 1.46879e-07
2.938 1.277e-07
2.94 1.06793e-07
