#logrho PDF
-5 0.000102456
-4.9975 7.38506e-05
-4.995 9.44848e-05
-4.9925 0.000119789
-4.99 0.000151734
-4.9875 0.000190232
-4.985 0.000238832
-4.9825 0.000289826
-4.98 0.000359307
-4.9775 0.000453929
-4.975 0.000538497
-4.9725 0.000656515
-4.97 0.000807108
-4.9675 0.000948491
-4.965 0.00114132
-4.9625 0.00136051
-4.96 0.00162447
-4.9575 0.00188017
-4.955 0.00223865
-4.9525 0.00259958
-4.95 0.0029989
-4.9475 0.00349513
-4.945 0.00400712
-4.9425 0.00450769
-4.94 0.00517057
-4.9375 0.00588665
-4.935 0.00658688
-4.9325 0.00733499
-4.93 0.00838294
-4.9275 0.00908637
-4.925 0.0100697
-4.9225 0.0113823
-4.92 0.0121382
-4.9175 0.0134546
-4.915 0.0144604
-4.9125 0.0155693
-4.91 0.0169618
-4.9075 0.0179787
-4.905 0.0190206
-4.9025 0.0206078
-4.9 0.021388
-4.8975 0.0225474
-4.895 0.0235592
-4.8925 0.0246588
-4.89 0.0256346
-4.8875 0.0261747
-4.885 0.0267724
-4.8825 0.0281267
-4.88 0.027375
-4.8775 0.0284016
-4.875 0.0282919
-4.8725 0.0283731
-4.87 0.0282985
-4.8675 0.0284589
-4.865 0.0274911
-4.8625 0.0272354
-4.86 0.0266017
-4.8575 0.0256122
-4.855 0.0248483
-4.8525 0.0238653
-4.85 0.0226523
-4.8475 0.0218315
-4.845 0.020577
-4.8425 0.0189064
-4.84 0.018299
-4.8375 0.0168636
-4.835 0.0150361
-4.8325 0.0143604
-4.83 0.012805
-4.8275 0.011924
-4.825 0.0105556
-4.8225 0.00924597
-4.82 0.00867111
-4.8175 0.00745894
-4.815 0.00644878
-4.8125 0.00583378
-4.81 0.00491423
-4.8075 0.00424435
-4.805 0.00366154
-4.8025 0.00305279
-4.8 0.00267876
-4.7975 0.00216005
-4.795 0.00178054
-4.7925 0.0015312
-4.79 0.00124139
-4.7875 0.000983592
-4.785 0.000798762
-4.7825 0.000650264
-4.78 0.000508705
-4.7775 0.000404897
-4.775 0.000297686
-4.7725 0.000242799
-4.77 0.0001902
-4.7675 0.000138083
-4.765 0.000107772
-4.7625 7.67564e-05
-4.76 5.49657e-05
-4.7575 4.22004e-05
-4.755 2.81992e-05
-4.7525 2.03923e-05
-4.75 1.3843e-05
-4.7475 8.34834e-06
-4.745 6.12261e-06
-4.7425 3.38764e-06
-4.74 1.97568e-06
-4.7375 1.09026e-06
-4.735 3.88498e-07
-4.7325 2.11696e-07
