#logrho PDF
-5 0.0068985
-4.9975 0.00426125
-4.995 0.00476758
-4.9925 0.00546404
-4.99 0.00617159
-4.9875 0.00690093
-4.985 0.00771624
-4.9825 0.00851796
-4.98 0.00953044
-4.9775 0.0104467
-4.975 0.0114064
-4.9725 0.0124578
-4.97 0.0136938
-4.9675 0.0144392
-4.965 0.0156622
-4.9625 0.0170724
-4.96 0.0176974
-4.9575 0.0191828
-4.955 0.0203569
-4.9525 0.0210436
-4.95 0.0222447
-4.9475 0.023535
-4.945 0.0240504
-4.9425 0.0249839
-4.94 0.0256901
-4.9375 0.0265855
-4.935 0.0267818
-4.9325 0.0273182
-4.93 0.0276863
-4.9275 0.0277289
-4.925 0.0275689
-4.9225 0.0279421
-4.92 0.027234
-4.9175 0.026889
-4.915 0.0267208
-4.9125 0.0260027
-4.91 0.0252695
-4.9075 0.0245809
-4.905 0.0235019
-4.9025 0.0226587
-4.9 0.0215121
-4.8975 0.0207283
-4.895 0.0192334
-4.8925 0.0181603
-4.89 0.0173935
-4.8875 0.0157437
-4.885 0.0148025
-4.8825 0.0137966
-4.88 0.0124426
-4.8775 0.0114718
-4.875 0.0105789
-4.8725 0.0093999
-4.87 0.00849461
-4.8675 0.00765053
-4.865 0.00689412
-4.8625 0.00599651
-4.86 0.00535995
-4.8575 0.00474442
-4.855 0.00412654
-4.8525 0.00359087
-4.85 0.00309229
-4.8475 0.00266148
-4.845 0.00230521
-4.8425 0.00196394
-4.84 0.00162641
-4.8375 0.0013961
-4.835 0.00116521
-4.8325 0.000971788
-4.83 0.000780203
-4.8275 0.000667963
-4.825 0.000539993
-4.8225 0.000430525
-4.82 0.00034732
-4.8175 0.000289542
-4.815 0.000221948
-4.8125 0.000176922
-4.81 0.00013778
-4.8075 0.000108764
-4.805 8.5118e-05
-4.8025 6.38376e-05
-4.8 4.80898e-05
-4.7975 3.74472e-05
-4.795 2.81964e-05
-4.7925 2.02123e-05
-4.79 1.47843e-05
-4.7875 1.11254e-05
-4.785 8.15502e-06
-4.7825 5.42665e-06
-4.78 3.90842e-06
-4.7775 2.73885e-06
-4.775 1.9589e-06
-4.7725 1.26335e-06
-4.77 8.23753e-07
-4.7675 5.43269e-07
-4.765 3.47761e-07
-4.7625 2.05751e-07
-4.76 1.23593e-07
