#logage PDFlogage age(Gyr) PDF
9.03 1.13452e-08 1.07152 4.59829e-09
9.04 2.43226e-07 1.09648 9.63372e-08
9.05 9.03317e-07 1.12202 3.49642e-07
9.06 1.88466e-06 1.14815 7.12881e-07
9.07 2.26752e-06 1.1749 8.38179e-07
9.08 2.69481e-06 1.20226 9.73448e-07
9.09 3.21499e-06 1.23027 1.13492e-06
9.1 3.90565e-06 1.25893 1.34734e-06
9.11 4.94986e-06 1.28825 1.6687e-06
9.12 6.51272e-06 1.31826 2.14559e-06
9.13 8.43774e-06 1.34896 2.7165e-06
9.14 1.09262e-05 1.38038 3.43758e-06
9.15 1.41373e-05 1.41254 4.34662e-06
9.16 1.82617e-05 1.44544 5.48687e-06
9.17 2.32575e-05 1.47911 6.82885e-06
9.18 2.90581e-05 1.51356 8.33781e-06
9.19 3.63301e-05 1.54882 1.01871e-05
9.2 4.49645e-05 1.58489 1.23212e-05
9.21 5.55225e-05 1.62181 1.4868e-05
9.22 6.69488e-05 1.65959 1.75197e-05
9.23 8.13318e-05 1.69824 2.07991e-05
9.24 9.80409e-05 1.7378 2.45015e-05
9.25 0.000118672 1.77828 2.89824e-05
9.26 0.000143728 1.8197 3.43025e-05
9.27 0.000171963 1.86209 4.01068e-05
9.28 0.000201111 1.90546 4.58374e-05
9.29 0.000237065 1.94984 5.28022e-05
9.3 0.000277226 1.99526 6.03419e-05
9.31 0.000325806 2.04174 6.93017e-05
9.32 0.000381413 2.08929 7.92831e-05
9.33 0.000444768 2.13796 9.03479e-05
9.34 0.00051737 2.18776 0.000102704
9.35 0.000597632 2.23872 0.000115936
9.36 0.000690858 2.29087 0.00013097
9.37 0.000752833 2.34423 0.000139471
9.38 0.000859664 2.39883 0.000155637
9.39 0.000978873 2.45471 0.000173185
9.4 0.00110836 2.51188 0.000191632
9.41 0.00126493 2.57039 0.000213724
9.42 0.00147581 2.63027 0.000243677
9.43 0.00166506 2.69154 0.000268667
9.44 0.00187971 2.75423 0.000296398
9.45 0.00210512 2.81838 0.000324386
9.46 0.00237163 2.88403 0.000357134
9.47 0.00266671 2.95121 0.000392428
9.48 0.00297411 3.01995 0.000427703
9.49 0.00330173 3.09029 0.000464008
9.5 0.00366315 3.16228 0.000503082
9.51 0.00407068 3.23594 0.000546325
9.52 0.00451895 3.31131 0.000592682
9.53 0.00495255 3.38844 0.000634765
9.54 0.00542961 3.46737 0.000680069
9.55 0.00594368 3.54814 0.000727511
9.56 0.00647036 3.63078 0.000773951
9.57 0.00698334 3.71535 0.000816296
9.58 0.00755064 3.80189 0.000862518
9.59 0.00818969 3.89045 0.000914222
9.6 0.00878922 3.98108 0.000958814
9.61 0.00941326 4.0738 0.00100352
9.62 0.0101339 4.16869 0.00105575
9.63 0.0106239 4.2658 0.00108161
9.64 0.0113314 4.36515 0.00112737
9.65 0.0120947 4.46683 0.00117593
9.66 0.0129254 4.57088 0.00122808
9.67 0.0135287 4.67735 0.00125615
9.68 0.0140678 4.7863 0.00127647
9.69 0.014862 4.89778 0.00131784
9.7 0.0156465 5.01187 0.00135581
9.71 0.0161938 5.12861 0.0013713
9.72 0.0166802 5.24808 0.00138034
9.73 0.0172252 5.37031 0.00139299
9.74 0.0178236 5.49541 0.00140857
9.75 0.0182649 5.62341 0.00141059
9.76 0.0187562 5.7544 0.00141556
9.77 0.0192892 5.88844 0.00142265
9.78 0.0197353 6.02559 0.00142242
9.79 0.0202366 6.16595 0.00142535
9.8 0.0207595 6.30958 0.00142889
9.81 0.020856 6.45653 0.00140286
9.82 0.0209408 6.60693 0.0013765
9.83 0.0209317 6.76083 0.00134459
9.84 0.0210252 6.91831 0.00131985
9.85 0.0210909 7.07946 0.00129384
9.86 0.0208801 7.24435 0.00125175
9.87 0.0207206 7.4131 0.00121391
9.88 0.0208186 7.58578 0.00119189
9.89 0.020886 7.76246 0.00116853
9.9 0.0209045 7.94328 0.00114294
9.91 0.0209 8.1283 0.00111669
9.92 0.0209382 8.31764 0.00109326
9.93 0.0205006 8.51139 0.00104604
9.94 0.0198701 8.70963 0.000990799
9.95 0.0194527 8.91251 0.000947905
9.96 0.0190747 9.12011 0.000908326
9.97 0.0186028 9.33255 0.000865691
9.98 0.0181814 9.54992 0.000826822
9.99 0.0179454 9.77237 0.000797515
10 0.0176005 10 0.000764382
10.01 0.0172038 10.2329 0.000730144
10.02 0.0167776 10.4713 0.000695845
10.03 0.016122 10.7152 0.000653435
10.04 0.0156973 10.9648 0.000621739
10.05 0.0151467 11.2202 0.000586279
10.06 0.0146139 11.4815 0.000552779
10.07 0.0141799 11.749 0.000524152
10.08 0.0136999 12.0226 0.000494884
10.09 0.013142 12.3027 0.000463922
10.1 0.0125739 12.5893 0.000433766
10.11 0.0119537 12.8825 0.000402984
10.12 0.0113818 13.1826 0.000374968
10.13 0.0108635 13.4896 0.000349748
10.14 0.0103432 13.8038 0.000325418
