#logage PDFlogage age(Gyr) PDF
9.02 4.02464e-08 1.04713 1.66921e-08
9.03 3.99097e-06 1.07152 1.61757e-06
9.04 2.019e-05 1.09648 7.99688e-06
9.05 4.82775e-05 1.12202 1.86866e-05
9.06 8.96818e-05 1.14815 3.39226e-05
9.07 0.000141802 1.1749 5.24165e-05
9.08 0.000197359 1.20226 7.12921e-05
9.09 0.000252664 1.23027 8.91925e-05
9.1 0.000313698 1.25893 0.000108217
9.11 0.000379196 1.28825 0.000127834
9.12 0.000452787 1.31826 0.000149169
9.13 0.000544509 1.34896 0.000175303
9.14 0.000648978 1.38038 0.000204181
9.15 0.000772207 1.41254 0.000237421
9.16 0.000916254 1.44544 0.000275296
9.17 0.00107912 1.47911 0.000316852
9.18 0.0012797 1.51356 0.000367192
9.19 0.00149825 1.54882 0.000420117
9.2 0.00172801 1.58489 0.000473513
9.21 0.00197961 1.62181 0.000530107
9.22 0.00223846 1.65959 0.000585778
9.23 0.00252099 1.69824 0.000644698
9.24 0.00282309 1.7378 0.000705521
9.25 0.00317613 1.77828 0.000775679
9.26 0.00356056 1.8197 0.000849771
9.27 0.00393148 1.86209 0.000916938
9.28 0.00427783 1.90546 0.000975008
9.29 0.00465338 1.94984 0.00103646
9.3 0.00503997 1.99526 0.00109701
9.31 0.00548486 2.04174 0.00116668
9.32 0.00593535 2.08929 0.00123376
9.33 0.00642733 2.13796 0.00130561
9.34 0.00695306 2.18776 0.00138026
9.35 0.00751102 2.23872 0.00145708
9.36 0.00811379 2.29087 0.00153819
9.37 0.00863344 2.34423 0.00159944
9.38 0.00930005 2.39883 0.00168372
9.39 0.00991125 2.45471 0.00175353
9.4 0.0105761 2.51188 0.00182857
9.41 0.0111854 2.57039 0.00188989
9.42 0.0116667 2.63027 0.00192633
9.43 0.0121683 2.69154 0.00196342
9.44 0.0126658 2.75423 0.00199718
9.45 0.0133106 2.81838 0.00205107
9.46 0.0140533 2.88403 0.00211623
9.47 0.014774 2.95121 0.00217412
9.48 0.0154464 3.01995 0.00222132
9.49 0.0161799 3.09029 0.00227384
9.5 0.016648 3.16228 0.00228637
9.51 0.0171803 3.23594 0.00230576
9.52 0.0178704 3.31131 0.00234378
9.53 0.0182263 3.38844 0.00233605
9.54 0.0186393 3.46737 0.0023346
9.55 0.019308 3.54814 0.00236331
9.56 0.0193843 3.63078 0.00231865
9.57 0.0195282 3.71535 0.00228269
9.58 0.0199206 3.80189 0.00227555
9.59 0.0203502 3.89045 0.00227171
9.6 0.02049 3.98108 0.00223525
9.61 0.0204418 4.0738 0.00217923
9.62 0.0205208 4.16869 0.00213786
9.63 0.0207859 4.2658 0.00211619
9.64 0.0205701 4.36515 0.00204655
9.65 0.0202358 4.46683 0.00196746
9.66 0.0201356 4.57088 0.00191315
9.67 0.0200858 4.67735 0.00186498
9.68 0.0197634 4.7863 0.00179327
9.69 0.0194322 4.89778 0.00172308
9.7 0.0191422 5.01187 0.00165873
9.71 0.0184001 5.12861 0.00155813
9.72 0.0179504 5.24808 0.00148545
9.73 0.0175706 5.37031 0.00142093
9.74 0.0172444 5.49541 0.0013628
9.75 0.0167916 5.62341 0.00129681
9.76 0.0161679 5.7544 0.00122022
9.77 0.0155113 5.88844 0.00114402
9.78 0.0149237 6.02559 0.00107563
9.79 0.0143938 6.16595 0.00101382
9.8 0.0139183 6.30958 0.000958011
9.81 0.0133025 6.45653 0.000894783
9.82 0.012858 6.60693 0.000845199
9.83 0.0119812 6.76083 0.000769637
9.84 0.0113012 6.91831 0.000709429
9.85 0.0107639 7.07946 0.000660319
9.86 0.0102247 7.24435 0.000612965
9.87 0.00970449 7.4131 0.000568535
9.88 0.00917315 7.58578 0.000525174
9.89 0.00865048 7.76246 0.000483978
9.9 0.00777497 7.94328 0.000425093
9.91 0.00719727 8.1283 0.000384549
9.92 0.00676655 8.31764 0.000353306
9.93 0.00638208 8.51139 0.000325646
9.94 0.00595858 8.70963 0.000297117
9.95 0.00532474 8.91251 0.000259468
9.96 0.00475796 9.12011 0.000226571
9.97 0.00442036 9.33255 0.000205704
9.98 0.00411075 9.54992 0.000186941
9.99 0.00384577 9.77237 0.00017091
10 0.00355793 10 0.000154519
10.01 0.00326422 10.2329 0.000138536
10.02 0.00297324 10.4713 0.000123314
10.03 0.00270421 10.7152 0.000109604
10.04 0.00237428 10.9648 9.4041e-05
10.05 0.0020785 11.2202 8.04517e-05
10.06 0.00191051 11.4815 7.22661e-05
10.07 0.00176173 11.749 6.51213e-05
10.08 0.0016264 12.0226 5.87504e-05
10.09 0.00147694 12.3027 5.21373e-05
10.1 0.00132916 12.5893 4.58524e-05
10.11 0.00118682 12.8825 4.00098e-05
10.12 0.0010558 13.1826 3.47828e-05
10.13 0.000952637 13.4896 3.06699e-05
10.14 0.000852877 13.8038 2.68331e-05
