#logage PDFlogage age(Gyr) PDF
9.02 1.90734e-08 1.04713 7.91063e-09
9.03 1.85857e-06 1.07152 7.53293e-07
9.04 1.10882e-05 1.09648 4.39184e-06
9.05 3.69384e-05 1.12202 1.42976e-05
9.06 9.65366e-05 1.14815 3.65155e-05
9.07 0.000204452 1.1749 7.55746e-05
9.08 0.000356339 1.20226 0.000128721
9.09 0.000526605 1.23027 0.000185896
9.1 0.00070505 1.25893 0.000243223
9.11 0.000868238 1.28825 0.000292701
9.12 0.00103048 1.31826 0.000339488
9.13 0.00121196 1.34896 0.000390186
9.14 0.0014093 1.38038 0.000443391
9.15 0.00163905 1.41254 0.000503938
9.16 0.00189476 1.44544 0.000569295
9.17 0.00218213 1.47911 0.000640716
9.18 0.00252585 1.51356 0.000724754
9.19 0.00289169 1.54882 0.000810842
9.2 0.00330814 1.58489 0.000906501
9.21 0.00373473 1.62181 0.0010001
9.22 0.0041661 1.65959 0.00109022
9.23 0.00463818 1.69824 0.00118613
9.24 0.00507444 1.7378 0.00126815
9.25 0.00556462 1.77828 0.001359
9.26 0.00608982 1.8197 0.00145341
9.27 0.00667163 1.86209 0.00155602
9.28 0.00722288 1.90546 0.00164625
9.29 0.00776049 1.94984 0.00172852
9.3 0.00827216 1.99526 0.00180054
9.31 0.00881274 2.04174 0.00187454
9.32 0.0093218 2.08929 0.00193769
9.33 0.00989143 2.13796 0.00200929
9.34 0.0105004 2.18776 0.00208444
9.35 0.0111514 2.23872 0.00216329
9.36 0.0118194 2.29087 0.00224068
9.37 0.0123786 2.34423 0.00229327
9.38 0.013063 2.39883 0.00236498
9.39 0.0137323 2.45471 0.00242957
9.4 0.0144306 2.51188 0.00249499
9.41 0.0151512 2.57039 0.00255995
9.42 0.0156298 2.63027 0.0025807
9.43 0.0159693 2.69154 0.00257674
9.44 0.0163967 2.75423 0.00258547
9.45 0.0168902 2.81838 0.00260268
9.46 0.0173544 2.88403 0.00261333
9.47 0.0178401 2.95121 0.00262531
9.48 0.0183557 3.01995 0.00263971
9.49 0.0188444 3.09029 0.0026483
9.5 0.0191488 3.16228 0.00262982
9.51 0.019463 3.23594 0.00261212
9.52 0.0198796 3.31131 0.00260731
9.53 0.0200715 3.38844 0.00257256
9.54 0.0200427 3.46737 0.00251039
9.55 0.0204594 3.54814 0.00250424
9.56 0.0205108 3.63078 0.0024534
9.57 0.0202072 3.71535 0.00236206
9.58 0.0203131 3.80189 0.00232039
9.59 0.0204729 3.89045 0.00228541
9.6 0.0202985 3.98108 0.00221436
9.61 0.0199744 4.0738 0.0021294
9.62 0.0197197 4.16869 0.0020544
9.63 0.019579 4.2658 0.00199331
9.64 0.0192289 4.36515 0.00191311
9.65 0.0188593 4.46683 0.00183362
9.66 0.0184072 4.57088 0.00174893
9.67 0.0180035 4.67735 0.00167164
9.68 0.017493 4.7863 0.00158726
9.69 0.0170019 4.89778 0.00150759
9.7 0.0164589 5.01187 0.00142622
9.71 0.0156672 5.12861 0.00132671
9.72 0.0149776 5.24808 0.00123944
9.73 0.0143034 5.37031 0.00115671
9.74 0.0137631 5.49541 0.00108768
9.75 0.0132767 5.62341 0.00102536
9.76 0.0127029 5.7544 0.000958708
9.77 0.0120574 5.88844 0.000889278
9.78 0.0113432 6.02559 0.000817562
9.79 0.0107168 6.16595 0.000754828
9.8 0.0102067 6.30958 0.000702535
9.81 0.00967037 6.45653 0.000650471
9.82 0.00924422 6.60693 0.000607652
9.83 0.00862399 6.76083 0.000553978
9.84 0.00795926 6.91831 0.00049964
9.85 0.00738461 7.07946 0.000453014
9.86 0.00690833 7.24435 0.00041415
9.87 0.00648109 7.4131 0.000379693
9.88 0.00607565 7.58578 0.000347838
9.89 0.00567085 7.76246 0.000317273
9.9 0.00511289 7.94328 0.000279545
9.91 0.00462498 8.1283 0.000247112
9.92 0.00426145 8.31764 0.000222506
9.93 0.00395335 8.51139 0.00020172
9.94 0.00365186 8.70963 0.000182095
9.95 0.00326089 8.91251 0.000158899
9.96 0.00284466 9.12011 0.000135461
9.97 0.00258144 9.33255 0.000120129
9.98 0.00235465 9.54992 0.000107081
9.99 0.00217416 9.77237 9.66219e-05
10 0.00198046 10 8.60102e-05
10.01 0.00179198 10.2329 7.60531e-05
10.02 0.00161254 10.4713 6.68796e-05
10.03 0.00142092 10.7152 5.7591e-05
10.04 0.00124479 10.9648 4.93039e-05
10.05 0.00107378 11.2202 4.15625e-05
10.06 0.00095988 11.4815 3.6308e-05
10.07 0.000865553 11.749 3.19947e-05
10.08 0.000785604 12.0226 2.83784e-05
10.09 0.000709455 12.3027 2.50443e-05
10.1 0.000631669 12.5893 2.17908e-05
10.11 0.000556203 12.8825 1.87507e-05
10.12 0.000485497 13.1826 1.59945e-05
10.13 0.000429552 13.4896 1.38293e-05
10.14 0.000376027 13.8038 1.18305e-05
