#logr PDFlogr r(Rs) PDF
1.592 1.39301e-08 39.0841 1.54789e-10
1.596 1.33715e-07 39.4457 1.47219e-09
1.6 1.1005e-06 39.8107 1.20053e-08
1.604 7.77176e-06 40.1791 8.40047e-08
1.608 4.67286e-05 40.5509 5.00457e-07
1.612 0.000240053 40.9261 2.54736e-06
1.616 0.00103926 41.3048 1.09272e-05
1.62 0.00378219 41.687 3.94028e-05
1.624 0.0114953 42.0727 0.00011866
1.628 0.0292002 42.462 0.000298656
1.632 0.061754 42.8549 0.00062582
1.636 0.108054 43.2514 0.00108499
1.64 0.154446 43.6516 0.0015366
1.644 0.179999 44.0555 0.00177442
1.648 0.171995 44.4632 0.00167996
1.652 0.13255 44.8746 0.00128282
1.656 0.0821743 45.2898 0.000787989
1.66 0.0406795 45.7088 0.00038651
1.664 0.0160514 46.1318 0.000151111
1.668 0.00499065 46.5586 4.65523e-05
1.672 0.00122007 46.9894 1.12763e-05
1.676 0.000234125 47.4242 2.14404e-06
1.68 3.4641e-05 47.863 3.14322e-07
1.684 3.96706e-06 48.3059 3.56659e-08
1.688 3.46531e-07 48.7529 3.08692e-09
1.692 2.29012e-08 49.204 2.02136e-10
