#logr PDFlogr r(Rs) PDF
1.616 1.72123e-07 41.3048 1.80977e-09
1.62 1.58694e-05 41.687 1.65328e-07
1.624 0.000294714 42.0727 3.04218e-06
1.628 0.00300824 42.462 3.07678e-05
1.632 0.0160604 42.8549 0.000162757
1.636 0.0515728 43.2514 0.000517851
1.64 0.111771 43.6516 0.00111203
1.644 0.171164 44.0555 0.00168732
1.648 0.20458 44.4632 0.00199823
1.652 0.185553 44.8746 0.00179578
1.656 0.133562 45.2898 0.00128075
1.66 0.074574 45.7088 0.000708552
1.664 0.0329614 46.1318 0.000310306
1.668 0.0111276 46.5586 0.000103797
1.672 0.00301106 46.9894 2.78294e-05
1.676 0.000628336 47.4242 5.75409e-06
1.68 0.000101611 47.863 9.21988e-07
1.684 1.26103e-05 48.3059 1.13373e-07
1.688 1.19907e-06 48.7529 1.06814e-08
1.692 8.69082e-08 49.204 7.67088e-10
