#logr PDFlogr r(Rs) PDF
1.592 6.5705e-08 39.0841 7.30101e-10
1.596 5.49072e-07 39.4457 6.04524e-09
1.6 3.97044e-06 39.8107 4.33134e-08
1.604 2.4664e-05 40.1791 2.66593e-07
1.608 0.000130853 40.5509 1.40141e-06
1.612 0.000592622 40.9261 6.28871e-06
1.616 0.002265 41.3048 2.38151e-05
1.62 0.00729867 41.687 7.60376e-05
1.624 0.0197889 42.0727 0.000204271
1.628 0.0445682 42.462 0.000455836
1.632 0.0842164 42.8549 0.000853455
1.636 0.13156 43.2514 0.00132102
1.64 0.169374 43.6516 0.00168512
1.644 0.178628 44.0555 0.00176089
1.648 0.153775 44.4632 0.001502
1.652 0.10706 44.8746 0.00103612
1.656 0.0603016 45.2898 0.000578247
1.66 0.0271705 45.7088 0.000258156
1.664 0.00973381 46.1318 9.16362e-05
1.668 0.00276137 46.5586 2.57578e-05
1.672 0.000620705 46.9894 5.73679e-06
1.676 0.000109111 47.4242 9.99203e-07
1.68 1.49229e-05 47.863 1.35406e-07
1.684 1.57802e-06 48.3059 1.41872e-08
1.688 1.28045e-07 48.7529 1.14064e-09
