#logr PDFlogr r(Rs) PDF
1.592 7.94406e-08 39.0841 8.82727e-10
1.596 6.51055e-07 39.4457 7.16806e-09
1.6 4.63012e-06 39.8107 5.05099e-08
1.604 2.81341e-05 40.1791 3.041e-07
1.608 0.000146843 40.5509 1.57267e-06
1.612 0.000651548 40.9261 6.91402e-06
1.616 0.00245674 41.3048 2.58311e-05
1.62 0.00780919 41.687 8.13562e-05
1.624 0.0208475 42.0727 0.000215199
1.628 0.046431 42.462 0.00047489
1.632 0.0866105 42.8549 0.000877718
1.636 0.13389 43.2514 0.00134441
1.64 0.170067 43.6516 0.00169201
1.644 0.177979 44.0555 0.00175449
1.648 0.15169 44.4632 0.00148163
1.652 0.104664 44.8746 0.00101293
1.656 0.0581893 45.2898 0.000557991
1.66 0.0259915 45.7088 0.000246954
1.664 0.00924238 46.1318 8.70098e-05
1.668 0.00260545 46.5586 2.43034e-05
1.672 0.000579167 46.9894 5.35288e-06
1.676 0.000101652 47.4242 9.30895e-07
1.68 1.37864e-05 47.863 1.25093e-07
1.684 1.44879e-06 48.3059 1.30253e-08
1.688 1.16514e-07 48.7529 1.03792e-09
