#logr PDFlogr r(Rs) PDF
1.596 1.47265e-08 39.4457 1.62138e-10
1.6 1.92125e-07 39.8107 2.09588e-09
1.604 1.94721e-06 40.1791 2.10473e-08
1.608 1.53294e-05 40.5509 1.64176e-07
1.612 9.67128e-05 40.9261 1.02629e-06
1.616 0.000495865 41.3048 5.21372e-06
1.62 0.00205097 41.687 2.1367e-05
1.624 0.00698132 42.0727 7.20646e-05
1.628 0.0194871 42.462 0.000199312
1.632 0.0461875 42.8549 0.000468067
1.636 0.088968 43.2514 0.000893343
1.64 0.140389 43.6516 0.00139675
1.644 0.179731 44.0555 0.00177177
1.648 0.184832 44.4632 0.00180535
1.652 0.151615 44.8746 0.00146733
1.656 0.0988248 45.2898 0.000947654
1.66 0.0510758 45.7088 0.000485288
1.664 0.0206908 46.1318 0.000194788
1.668 0.00657831 46.5586 6.13619e-05
1.672 0.00161788 46.9894 1.4953e-05
1.676 0.000309383 47.4242 2.83323e-06
1.68 4.53074e-05 47.863 4.11105e-07
1.684 5.0353e-06 48.3059 4.52699e-08
1.688 4.20339e-07 48.7529 3.74441e-09
1.692 2.61687e-08 49.204 2.30975e-10
