#logr PDFlogr r(Rs) PDF
1.596 1.96637e-08 39.4457 2.16495e-10
1.6 2.47838e-07 39.8107 2.70366e-09
1.604 2.43384e-06 40.1791 2.63073e-08
1.608 1.87453e-05 40.5509 2.0076e-07
1.612 0.000117115 40.9261 1.24279e-06
1.616 0.000586909 41.3048 6.17099e-06
1.62 0.0023882 41.687 2.48803e-05
1.624 0.00807885 42.0727 8.33938e-05
1.628 0.0221924 42.462 0.000226981
1.632 0.0512997 42.8549 0.000519875
1.636 0.0964473 43.2514 0.000968443
1.64 0.148199 43.6516 0.00147445
1.644 0.182912 44.0555 0.00180313
1.648 0.181801 44.4632 0.00177574
1.652 0.144388 44.8746 0.00139738
1.656 0.0912174 45.2898 0.000874706
1.66 0.0455254 45.7088 0.000432551
1.664 0.0177913 46.1318 0.000167491
1.668 0.00546155 46.5586 5.09448e-05
1.672 0.00129778 46.9894 1.19946e-05
1.676 0.000237502 47.4242 2.17496e-06
1.68 3.33055e-05 47.863 3.02204e-07
1.684 3.52844e-06 48.3059 3.17225e-08
1.688 2.83765e-07 48.7529 2.5278e-09
1.692 1.69632e-08 49.204 1.49724e-10
