#logr PDFlogr r(Rs) PDF
1.596 1.36265e-08 39.4457 1.50026e-10
1.6 1.7605e-07 39.8107 1.92053e-09
1.604 1.79912e-06 40.1791 1.94466e-08
1.608 1.43875e-05 40.5509 1.54088e-07
1.612 9.24678e-05 40.9261 9.81239e-07
1.616 0.00048018 41.3048 5.0488e-06
1.62 0.00203082 41.687 2.11571e-05
1.624 0.00709104 42.0727 7.31972e-05
1.628 0.0202349 42.462 0.000206959
1.632 0.0478915 42.8549 0.000485336
1.636 0.0922528 43.2514 0.000926326
1.64 0.144047 43.6516 0.00143314
1.644 0.181499 44.0555 0.0017892
1.648 0.183917 44.4632 0.00179641
1.652 0.149027 44.8746 0.00144228
1.656 0.0955228 45.2898 0.000915991
1.66 0.0486775 45.7088 0.000462501
1.664 0.0194024 46.1318 0.000182658
1.668 0.00606057 46.5586 5.65324e-05
1.672 0.00144554 46.9894 1.33603e-05
1.676 0.000268653 47.4242 2.46023e-06
1.68 3.81276e-05 47.863 3.45958e-07
1.684 4.09382e-06 48.3059 3.68056e-08
1.688 3.30897e-07 48.7529 2.94765e-09
1.692 2.01039e-08 49.204 1.77446e-10
