#logm PDFlogm m(Ms) PDF
-0.06503 4.10751e-09 0.860934 2.07202e-09
-0.06303 3.1508e-07 0.864908 1.5821e-07
-0.06103 2.17699e-06 0.8689 1.0881e-06
-0.05903 6.92659e-06 0.872911 3.44615e-06
-0.05703 1.9478e-05 0.87694 9.64625e-06
-0.05503 3.60736e-05 0.880988 1.77829e-05
-0.05303 5.96104e-05 0.885054 2.92507e-05
-0.05103 9.08968e-05 0.88914 4.43979e-05
-0.04903 0.000163148 0.893244 7.93224e-05
-0.04703 0.000232246 0.897367 0.000112399
-0.04503 0.000260832 0.901509 0.000125654
-0.04303 0.000340705 0.90567 0.000163378
-0.04103 0.000487766 0.90985 0.000232823
-0.03903 0.000586504 0.91405 0.000278667
-0.03703 0.000728331 0.918269 0.000344464
-0.03503 0.000851679 0.922508 0.00040095
-0.03303 0.00104774 0.926766 0.000490983
-0.03103 0.00128938 0.931044 0.000601446
-0.02903 0.00144124 0.935341 0.000669194
-0.02703 0.00156016 0.939658 0.000721079
-0.02503 0.00173753 0.943996 0.000799366
-0.02303 0.00189328 0.948353 0.000867018
-0.02103 0.00200697 0.95273 0.000914862
-0.01903 0.00219683 0.957128 0.000996805
-0.01703 0.00219785 0.961546 0.000992686
-0.01503 0.00239804 0.965984 0.00107813
-0.01303 0.002471 0.970443 0.00110583
-0.01103 0.00260918 0.974922 0.0011623
-0.00902998 0.00268137 0.979422 0.00118897
-0.00703001 0.00255433 0.983943 0.00112744
-0.00503001 0.00276788 0.988485 0.00121608
-0.00303 0.00277291 0.993047 0.00121269
-0.00103 0.00286092 0.997631 0.00124543
0.000970006 0.00310936 1.00224 0.00134736
0.00297001 0.003062 1.00686 0.00132075
0.00497001 0.00320061 1.01151 0.00137419
0.00697002 0.00333778 1.01618 0.0014265
0.00896999 0.00337334 1.02087 0.00143508
0.01097 0.00358802 1.02558 0.00151939
0.01297 0.00370167 1.03031 0.00156031
0.01497 0.00387058 1.03507 0.00162401
0.01697 0.00388617 1.03985 0.00162306
0.01897 0.00402136 1.04465 0.00167181
0.02097 0.00420927 1.04947 0.00174189
0.02297 0.00421776 1.05431 0.00173739
0.02497 0.00458787 1.05918 0.00188116
0.02697 0.00463273 1.06407 0.00189082
0.02897 0.00475826 1.06898 0.00193313
0.03097 0.00490782 1.07392 0.00198473
0.03297 0.00491467 1.07887 0.00197837
0.03497 0.00518844 1.08385 0.00207898
0.03697 0.00534573 1.08885 0.00213217
0.03897 0.00546786 1.09388 0.00217086
0.04097 0.00573583 1.09893 0.00226678
0.04297 0.00595411 1.104 0.00234224
0.04497 0.00607471 1.1091 0.0023787
0.04697 0.00617079 1.11422 0.00240522
0.04897 0.00633078 1.11936 0.00245624
0.05097 0.00656549 1.12453 0.0025356
0.05297 0.00672057 1.12972 0.00258357
0.05497 0.00691351 1.13493 0.00264553
0.05697 0.00704208 1.14017 0.00268235
0.05897 0.00716953 1.14543 0.00271835
0.06097 0.00744268 1.15072 0.00280895
0.06297 0.00763883 1.15603 0.00286973
0.06497 0.00772098 1.16137 0.00288727
0.06697 0.00786471 1.16673 0.0029275
0.06897 0.00804872 1.17211 0.00298223
0.07097 0.00812381 1.17752 0.00299622
0.07297 0.0082704 1.18296 0.00303627
0.07497 0.00847352 1.18842 0.00309655
0.07697 0.00863241 1.19391 0.00314012
0.07897 0.00888515 1.19942 0.00321721
0.08097 0.00898674 1.20495 0.00323904
0.08297 0.00905156 1.21051 0.00324742
0.08497 0.00930704 1.2161 0.00332373
0.08697 0.0093531 1.22172 0.00332483
0.08897 0.0095333 1.22735 0.00337332
0.09097 0.00959033 1.23302 0.00337791
0.09297 0.00961191 1.23871 0.00336995
0.09497 0.00980077 1.24443 0.00342038
0.09697 0.00990188 1.25017 0.00343979
0.09897 0.00996223 1.25594 0.00344485
0.10097 0.00998117 1.26174 0.00343554
0.10297 0.0102387 1.26756 0.003508
0.10497 0.0103507 1.27342 0.00353007
0.10697 0.0102487 1.27929 0.00347923
0.10897 0.0102696 1.2852 0.00347032
0.11097 0.0103515 1.29113 0.0034819
0.11297 0.010568 1.29709 0.00353839
0.11497 0.0106122 1.30308 0.00353687
0.11697 0.0105279 1.30909 0.00349266
0.11897 0.0104532 1.31513 0.00345193
0.12097 0.0104711 1.3212 0.00344197
0.12297 0.0106905 1.3273 0.00349793
0.12497 0.0108717 1.33343 0.00354089
0.12697 0.010794 1.33958 0.00349942
0.12897 0.0106922 1.34577 0.00345051
0.13097 0.0106531 1.35198 0.00342207
0.13297 0.0105349 1.35822 0.00336858
0.13497 0.0106318 1.36449 0.00338392
0.13697 0.0105739 1.37079 0.00335003
0.13897 0.0104344 1.37711 0.00329065
0.14097 0.0103928 1.38347 0.00326246
0.14297 0.0103875 1.38986 0.00324581
0.14497 0.0102911 1.39627 0.00320092
0.14697 0.0103351 1.40272 0.00319983
0.14897 0.0103515 1.40919 0.0031902
0.15097 0.0103128 1.4157 0.00316366
0.15297 0.0100714 1.42223 0.00307543
0.15497 0.00989747 1.4288 0.00300842
0.15697 0.00992277 1.43539 0.00300225
0.15897 0.00974414 1.44202 0.00293466
0.16097 0.00958077 1.44867 0.0028722
0.16297 0.00954417 1.45536 0.00284808
0.16497 0.00941114 1.46208 0.00279548
0.16697 0.00929154 1.46882 0.00274727
0.16897 0.00925745 1.4756 0.00272462
0.17097 0.00923725 1.48242 0.00270618
0.17297 0.0091054 1.48926 0.0026553
0.17497 0.00883239 1.49613 0.00256385
0.17697 0.00853891 1.50304 0.00246727
0.17897 0.00825838 1.50998 0.00237525
0.18097 0.00807385 1.51695 0.00231151
0.18297 0.0080605 1.52395 0.00229708
0.18497 0.00799643 1.53098 0.00226835
0.18697 0.00785734 1.53805 0.00221865
0.18897 0.00772391 1.54515 0.00217096
0.19097 0.00755386 1.55228 0.00211341
0.19297 0.00745452 1.55944 0.00207603
0.19497 0.00723439 1.56664 0.00200547
0.19697 0.00702931 1.57387 0.00193967
0.19897 0.00692367 1.58114 0.00190174
0.20097 0.00675668 1.58844 0.00184734
0.20297 0.00659632 1.59577 0.00179521
0.20497 0.00636476 1.60313 0.00172423
0.20697 0.00619533 1.61053 0.00167062
0.20897 0.00600635 1.61797 0.00161222
0.21097 0.00582244 1.62544 0.00155568
0.21297 0.0056501 1.63294 0.00150269
0.21497 0.00545659 1.64048 0.00144456
0.21697 0.00532545 1.64805 0.00140337
0.21897 0.00512771 1.65566 0.00134505
0.22097 0.00496961 1.6633 0.00129759
0.22297 0.00480129 1.67098 0.00124788
0.22497 0.0046458 1.67869 0.00120192
0.22697 0.00455168 1.68644 0.00117216
0.22897 0.00455323 1.69422 0.00116717
0.23097 0.00447002 1.70204 0.00114057
0.23297 0.0042295 1.7099 0.00107424
0.23497 0.00402449 1.71779 0.00101748
0.23697 0.00369996 1.72572 0.000931132
0.23897 0.00344291 1.73368 0.000862462
0.24097 0.00331582 1.74169 0.000826808
0.24297 0.00321244 1.74973 0.00079735
0.24497 0.00310376 1.7578 0.000766836
0.24697 0.00292527 1.76592 0.000719416
0.24897 0.00286398 1.77407 0.000701108
0.25097 0.00259487 1.78226 0.000632309
0.25297 0.00243139 1.79048 0.000589752
0.25497 0.00233884 1.79875 0.000564695
0.25697 0.00215888 1.80705 0.000518851
0.25897 0.00207765 1.81539 0.000497036
0.26097 0.00191891 1.82377 0.000456951
0.26297 0.00183763 1.83219 0.000435585
0.26497 0.00172774 1.84064 0.000407655
0.26697 0.00163138 1.84914 0.000383151
0.26897 0.00151175 1.85768 0.000353423
0.27097 0.00144079 1.86625 0.000335286
0.27297 0.00138016 1.87486 0.0003197
0.27497 0.00124435 1.88352 0.000286918
0.27697 0.00118826 1.89221 0.000272726
0.27897 0.00119177 1.90095 0.000272274
0.28097 0.00101998 1.90972 0.000231957
0.28297 0.000969289 1.91854 0.000219416
0.28497 0.000972496 1.92739 0.00021913
0.28697 0.000854206 1.93629 0.000191592
0.28897 0.000813796 1.94523 0.00018169
0.29097 0.000804522 1.9542 0.000178794
0.29297 0.000702087 1.96322 0.000155312
0.29497 0.000659243 1.97229 0.000145164
0.29697 0.000663796 1.98139 0.000145495
0.29897 0.000592414 1.99054 0.000129253
0.30097 0.000587023 1.99972 0.000127488
0.30297 0.00061252 2.00895 0.000132414
0.30497 0.000515644 2.01823 0.000110959
0.30697 0.000624297 2.02754 0.000133723
0.30897 0.000461806 2.0369 9.84631e-05
0.31097 0.000395373 2.0463 8.39114e-05
0.31297 0.000305992 2.05575 6.46434e-05
0.31497 0.000111909 2.06524 2.35331e-05
0.31697 4.53455e-05 2.07477 9.4918e-06
0.31897 2.76218e-05 2.08435 5.75528e-06
0.32097 2.28391e-05 2.09397 4.73688e-06
0.32297 2.54669e-05 2.10363 5.25763e-06
0.32497 2.43318e-05 2.11334 5.00021e-06
0.32697 1.80654e-05 2.1231 3.69541e-06
0.32897 1.63812e-05 2.1329 3.3355e-06
0.33097 1.50303e-05 2.14274 3.04637e-06
0.33297 1.16724e-05 2.15263 2.3549e-06
0.33497 1.37144e-05 2.16257 2.75418e-06
0.33697 9.44126e-06 2.17255 1.88731e-06
0.33897 1.12651e-05 2.18258 2.24156e-06
0.34097 1.01946e-05 2.19265 2.01922e-06
0.34297 7.72205e-06 2.20277 1.52246e-06
0.34497 5.84389e-06 2.21294 1.14688e-06
0.34697 6.42742e-06 2.22316 1.2556e-06
0.34897 5.19288e-06 2.23342 1.00977e-06
0.35097 5.18285e-06 2.24373 1.00319e-06
0.35297 3.98533e-06 2.25408 7.67854e-07
0.35497 3.92174e-06 2.26449 7.5213e-07
0.35697 3.713e-06 2.27494 7.08826e-07
0.35897 2.49521e-06 2.28544 4.74157e-07
0.36097 2.76779e-06 2.29599 5.23537e-07
0.36297 2.2846e-06 2.30659 4.30154e-07
0.36497 2.37694e-06 2.31723 4.45485e-07
0.36697 1.92316e-06 2.32793 3.58781e-07
0.36897 1.55934e-06 2.33868 2.89572e-07
0.37097 1.09142e-06 2.34947 2.01747e-07
0.37297 1.24623e-06 2.36032 2.29305e-07
0.37497 1.20201e-06 2.37121 2.20153e-07
0.37697 5.6804e-07 2.38216 1.0356e-07
0.37897 8.49676e-07 2.39315 1.54194e-07
0.38097 5.60972e-07 2.4042 1.01334e-07
0.38297 5.57943e-07 2.41529 1.00324e-07
0.38497 4.79903e-07 2.42644 8.5895e-08
0.38697 3.81064e-07 2.43764 6.78911e-08
0.38897 4.06127e-07 2.44889 7.20239e-08
0.39097 2.16983e-07 2.4602 3.83037e-08
0.39297 2.9144e-07 2.47155 5.12109e-08
0.39497 1.90475e-07 2.48296 3.33159e-08
0.39697 7.97984e-08 2.49442 1.38934e-08
