#logm PDFlogm m(Ms) PDF
-0.07103 1.79856e-06 0.849122 9.19898e-07
-0.06903 8.87725e-06 0.853041 4.51952e-06
-0.06703 3.0627e-05 0.856979 1.55209e-05
-0.06503 9.40397e-05 0.860934 4.74379e-05
-0.06303 0.000577424 0.864908 0.000289941
-0.06103 0.00144367 0.8689 0.000721575
-0.05903 0.00262106 0.872911 0.00130404
-0.05703 0.003762 0.87694 0.00186309
-0.05503 0.00477098 0.880988 0.00235192
-0.05303 0.0059756 0.885054 0.00293221
-0.05103 0.00739546 0.88914 0.00361226
-0.04903 0.00867578 0.893244 0.00421816
-0.04703 0.0098958 0.897367 0.00478923
-0.04503 0.011784 0.901509 0.00567686
-0.04303 0.0140245 0.90567 0.00672514
-0.04103 0.0156867 0.90985 0.00748768
-0.03903 0.0170821 0.91405 0.00811625
-0.03703 0.0185609 0.918269 0.00877837
-0.03503 0.0195987 0.922508 0.00922661
-0.03303 0.0203029 0.926766 0.00951422
-0.03103 0.0216645 0.931044 0.0101056
-0.02903 0.0226925 0.935341 0.0105365
-0.02703 0.0224368 0.939658 0.0103699
-0.02503 0.0223158 0.943996 0.0102666
-0.02303 0.0220971 0.948353 0.0101193
-0.02103 0.0211301 0.95273 0.00963199
-0.01903 0.0207287 0.957128 0.00940558
-0.01703 0.0203691 0.961546 0.00919999
-0.01503 0.0205963 0.965984 0.00925984
-0.01303 0.0199177 0.970443 0.0089136
-0.01103 0.0191968 0.974922 0.00855151
-0.00902998 0.0180253 0.979422 0.00799275
-0.00703001 0.0171034 0.983943 0.00754912
-0.00503001 0.017063 0.988485 0.0074967
-0.00303 0.0172491 0.993047 0.00754362
-0.00103 0.0165593 0.997631 0.00720868
0.000970006 0.0162463 1.00224 0.00703994
0.00297001 0.015905 1.00686 0.00686037
0.00497001 0.0154013 1.01151 0.00661259
0.00697002 0.0151375 1.01618 0.00646946
0.00896999 0.0145258 1.02087 0.00617953
0.01097 0.014352 1.02558 0.00607751
0.01297 0.0135573 1.03031 0.00571462
0.01497 0.0133031 1.03507 0.00558169
0.01697 0.0128775 1.03985 0.00537833
0.01897 0.0128829 1.04465 0.00535583
0.02097 0.0126486 1.04947 0.00523428
0.02297 0.0123228 1.05431 0.00507603
0.02497 0.0118873 1.05918 0.00487414
0.02697 0.011653 1.06407 0.0047561
0.02897 0.0115822 1.06898 0.00470548
0.03097 0.0113151 1.07392 0.00457587
0.03297 0.0109483 1.07887 0.00440719
0.03497 0.0104766 1.08385 0.00419791
0.03697 0.0102038 1.08885 0.00406984
0.03897 0.0102158 1.09388 0.00405591
0.04097 0.0100658 1.09893 0.00397799
0.04297 0.0097057 1.104 0.00381805
0.04497 0.00940853 1.1091 0.00368414
0.04697 0.0090944 1.11422 0.00354477
0.04897 0.00905981 1.11936 0.00351507
0.05097 0.00894368 1.12453 0.00345407
0.05297 0.00851622 1.12972 0.00327387
0.05497 0.00830429 1.13493 0.00317773
0.05697 0.00804399 1.14017 0.00306398
0.05897 0.00775121 1.14543 0.00293889
0.06097 0.00750026 1.15072 0.00283068
0.06297 0.00728679 1.15603 0.00273748
0.06497 0.00710011 1.16137 0.00265509
0.06697 0.00687536 1.16673 0.00255923
0.06897 0.0065501 1.17211 0.00242696
0.07097 0.00635426 1.17752 0.00234358
0.07297 0.00613633 1.18296 0.0022528
0.07497 0.00591043 1.18842 0.0021599
0.07697 0.00571748 1.19391 0.00207979
0.07897 0.00553946 1.19942 0.00200577
0.08097 0.00538019 1.20495 0.00193915
0.08297 0.00514382 1.21051 0.00184544
0.08497 0.00487834 1.2161 0.00174215
0.08697 0.00472606 1.22172 0.00168002
0.08897 0.00455132 1.22735 0.00161047
0.09097 0.00435934 1.23302 0.00153545
0.09297 0.0041555 1.23871 0.00145692
0.09497 0.0039294 1.24443 0.00137132
0.09697 0.00381269 1.25017 0.00132448
0.09897 0.00364512 1.25594 0.00126045
0.10097 0.00351466 1.26174 0.00120976
0.10297 0.00332904 1.26756 0.0011406
0.10497 0.00316145 1.27342 0.0010782
0.10697 0.00303144 1.27929 0.00102911
0.10897 0.00287243 1.2852 0.000970651
0.11097 0.00276385 1.29113 0.000929669
0.11297 0.00267165 1.29709 0.000894526
0.11497 0.00247803 1.30308 0.000825889
0.11697 0.00235079 1.30909 0.000779881
0.11897 0.00223621 1.31513 0.000738461
0.12097 0.00211948 1.3212 0.000696695
0.12297 0.00202845 1.3273 0.00066371
0.12497 0.00192964 1.33343 0.000628478
0.12697 0.00181585 1.33958 0.0005887
0.12897 0.00171317 1.34577 0.000552858
0.13097 0.00161857 1.35198 0.00051993
0.13297 0.00152979 1.35822 0.000489153
0.13497 0.0014568 1.36449 0.000463674
0.13697 0.00137147 1.37079 0.000434512
0.13897 0.00129237 1.37711 0.000407568
0.14097 0.00119957 1.38347 0.000376564
0.14297 0.00114658 1.38986 0.000358276
0.14497 0.00107509 1.39627 0.000334395
0.14697 0.00099491 1.40272 0.000308034
0.14897 0.000939224 1.40919 0.000289457
0.15097 0.00087517 1.4157 0.000268477
0.15297 0.000826747 1.42223 0.000252457
0.15497 0.000775384 1.4288 0.000235685
0.15697 0.000710412 1.43539 0.000214944
0.15897 0.000677781 1.44202 0.000204129
0.16097 0.000626963 1.44867 0.000187956
0.16297 0.000588663 1.45536 0.000175663
0.16497 0.00054007 1.46208 0.000160422
0.16697 0.000503935 1.46882 0.000149001
0.16897 0.00046886 1.4756 0.000137993
0.17097 0.000438958 1.48242 0.000128599
0.17297 0.00040983 1.48926 0.000119514
0.17497 0.000387406 1.49613 0.000112456
0.17697 0.000357254 1.50304 0.000103227
0.17897 0.000329299 1.50998 9.4712e-05
0.18097 0.000299152 1.51695 8.56459e-05
0.18297 0.000269369 1.52395 7.67648e-05
0.18497 0.000252869 1.53098 7.17314e-05
0.18697 0.000231495 1.53805 6.53666e-05
0.18897 0.000215506 1.54515 6.05722e-05
0.19097 0.000201404 1.55228 5.63486e-05
0.19297 0.000184543 1.55944 5.13938e-05
0.19497 0.000168671 1.56664 4.67579e-05
0.19697 0.000153948 1.57387 4.24803e-05
0.19897 0.000142792 1.58114 3.92211e-05
0.20097 0.00013094 1.58844 3.58003e-05
0.20297 0.000120669 1.59577 3.28404e-05
0.20497 0.000110348 1.60313 2.98935e-05
0.20697 0.000100541 1.61053 2.71117e-05
0.20897 9.20705e-05 1.61797 2.47135e-05
0.21097 8.30829e-05 1.62544 2.21986e-05
0.21297 7.61424e-05 1.63294 2.02507e-05
0.21497 6.90377e-05 1.64048 1.82768e-05
0.21697 6.26834e-05 1.64805 1.65183e-05
0.21897 5.76107e-05 1.65566 1.51118e-05
0.22097 5.15802e-05 1.6633 1.34678e-05
0.22297 4.69098e-05 1.67098 1.21921e-05
0.22497 4.3047e-05 1.67869 1.11367e-05
0.22697 3.93442e-05 1.68644 1.0132e-05
0.22897 3.47494e-05 1.69422 8.90761e-06
0.23097 3.196e-05 1.70204 8.15494e-06
0.23297 2.82573e-05 1.7099 7.17702e-06
0.23497 2.51879e-05 1.71779 6.36804e-06
0.23697 2.24387e-05 1.72572 5.64692e-06
0.23897 1.97353e-05 1.73368 4.94377e-06
0.24097 1.77199e-05 1.74169 4.4185e-06
0.24297 1.61874e-05 1.74973 4.01784e-06
0.24497 1.39607e-05 1.7578 3.44923e-06
0.24697 1.22341e-05 1.76592 3.00874e-06
0.24897 1.11119e-05 1.77407 2.72021e-06
0.25097 9.77755e-06 1.78226 2.38256e-06
0.25297 8.98297e-06 1.79048 2.17889e-06
0.25497 7.29421e-06 1.79875 1.76113e-06
0.25697 6.42229e-06 1.80705 1.54349e-06
0.25897 6.15704e-06 1.81539 1.47294e-06
0.26097 5.39831e-06 1.82377 1.2855e-06
0.26297 4.37454e-06 1.83219 1.03692e-06
0.26497 3.97249e-06 1.84064 9.37297e-07
0.26697 3.77586e-06 1.84914 8.8681e-07
0.26897 3.09413e-06 1.85768 7.23358e-07
0.27097 2.6597e-06 1.86625 6.18939e-07
0.27297 2.38622e-06 1.87486 5.52745e-07
0.27497 2.16871e-06 1.88352 5.00053e-07
0.27697 1.88047e-06 1.89221 4.31599e-07
0.27897 1.62557e-06 1.90095 3.71381e-07
0.28097 1.41784e-06 1.90972 3.22434e-07
0.28297 1.18185e-06 1.91854 2.67533e-07
0.28497 1.09905e-06 1.92739 2.47646e-07
0.28697 9.64323e-07 1.93629 2.1629e-07
0.28897 8.41501e-07 1.94523 1.87875e-07
0.29097 7.3392e-07 1.9542 1.63103e-07
0.29297 6.03436e-07 1.96322 1.33489e-07
0.29497 5.25904e-07 1.97229 1.15803e-07
0.29697 3.87037e-07 1.98139 8.48333e-08
0.29897 3.99791e-07 1.99054 8.72262e-08
0.30097 3.26273e-07 1.99972 7.0859e-08
0.30297 2.24102e-07 2.00895 4.84461e-08
0.30497 7.61291e-08 2.01823 1.63819e-08
0.30697 3.71311e-08 2.02754 7.9534e-09
0.30897 3.72792e-08 2.0369 7.94842e-09
0.31097 2.12753e-08 2.0463 4.51534e-09
0.31297 2.21797e-08 2.05575 4.68564e-09
0.31497 1.67769e-08 2.06524 3.52799e-09
0.31697 1.73977e-08 2.07477 3.64171e-09
0.31897 1.44486e-08 2.08435 3.01051e-09
0.32097 1.28235e-08 2.09397 2.65963e-09
0.32297 9.98647e-09 2.10363 2.0617e-09
0.32497 8.82007e-09 2.11334 1.81253e-09
0.32697 8.3839e-09 2.1231 1.71499e-09
0.32897 6.32686e-09 2.1329 1.28826e-09
0.33097 4.6567e-09 2.14274 9.43828e-10
0.33297 5.18893e-09 2.15263 1.04687e-09
0.33497 3.62881e-09 2.16257 7.28749e-10
0.33697 3.23295e-09 2.17255 6.4627e-10
0.33897 2.52165e-09 2.18258 5.01763e-10
0.34097 2.10498e-09 2.19265 4.16928e-10
0.34297 1.85011e-09 2.20277 3.64765e-10
0.34497 1.42436e-09 2.21294 2.79533e-10
0.34697 1.23186e-09 2.22316 2.40644e-10
0.34897 1.2139e-09 2.23342 2.36045e-10
