#logm PDFlogm m(Ms) PDF
-0.05703 1.36718e-08 0.87694 6.77082e-09
-0.05503 4.29821e-06 0.880988 2.11886e-06
-0.05303 1.20088e-05 0.885054 5.8927e-06
-0.05103 2.09938e-05 0.88914 1.02543e-05
-0.04903 4.13521e-05 0.893244 2.01054e-05
-0.04703 7.15775e-05 0.897367 3.4641e-05
-0.04503 8.90623e-05 0.901509 4.2905e-05
-0.04303 0.00012669 0.90567 6.07516e-05
-0.04103 0.000177605 0.90985 8.47755e-05
-0.03903 0.000235439 0.91405 0.000111865
-0.03703 0.000304749 0.918269 0.000144131
-0.03503 0.00038981 0.922508 0.000183513
-0.03303 0.000501443 0.926766 0.000234983
-0.03103 0.000672535 0.931044 0.000313711
-0.02903 0.000749683 0.935341 0.00034809
-0.02703 0.000721084 0.939658 0.000333273
-0.02503 0.00074004 0.943996 0.000340463
-0.02303 0.000839892 0.948353 0.000384625
-0.02103 0.000908592 0.95273 0.000414174
-0.01903 0.00100454 0.957128 0.000455806
-0.01703 0.000974319 0.961546 0.000440064
-0.01503 0.0011411 0.965984 0.000513026
-0.01303 0.00118051 0.970443 0.000528303
-0.01103 0.00120682 0.974922 0.000537595
-0.00902998 0.00123632 0.979422 0.000548206
-0.00703001 0.00127328 0.983943 0.000562002
-0.00503001 0.0013593 0.988485 0.000597215
-0.00303 0.00130076 0.993047 0.000568868
-0.00103 0.00138802 0.997631 0.00060424
0.000970006 0.00146221 1.00224 0.000633615
0.00297001 0.00139672 1.00686 0.000602454
0.00497001 0.00144886 1.01151 0.000622073
0.00697002 0.0015609 1.01618 0.000667096
0.00896999 0.00140721 1.02087 0.000598649
0.01097 0.00154367 1.02558 0.000653685
0.01297 0.00150771 1.03031 0.000635526
0.01497 0.00160134 1.03507 0.000671889
0.01697 0.00157325 1.03985 0.00065707
0.01897 0.00160338 1.04465 0.00066658
0.02097 0.00175165 1.04947 0.000724871
0.02297 0.00164964 1.05431 0.000679523
0.02497 0.00189209 1.05918 0.000775812
0.02697 0.00180485 1.06407 0.000736641
0.02897 0.00208964 1.06898 0.000848958
0.03097 0.00195768 1.07392 0.00079169
0.03297 0.00212944 1.07887 0.000857197
0.03497 0.00211073 1.08385 0.000845759
0.03697 0.00221815 1.08885 0.000884718
0.03897 0.00231319 1.09388 0.000918387
0.04097 0.00235614 1.09893 0.000931143
0.04297 0.00259872 1.104 0.00102229
0.04497 0.0025002 1.1091 0.000979013
0.04697 0.00269923 1.11422 0.00105209
0.04897 0.00272949 1.11936 0.001059
0.05097 0.00283186 1.12453 0.00109367
0.05297 0.00294781 1.12972 0.00113322
0.05497 0.00292387 1.13493 0.00111885
0.05697 0.0031147 1.14017 0.0011864
0.05897 0.00320617 1.14543 0.00121563
0.06097 0.00332929 1.15072 0.00125651
0.06297 0.0035149 1.15603 0.00132047
0.06497 0.0035045 1.16137 0.00131051
0.06697 0.00362932 1.16673 0.00135095
0.06897 0.0037912 1.17211 0.00140472
0.07097 0.00387435 1.17752 0.00142894
0.07297 0.00410041 1.18296 0.00150536
0.07497 0.00415126 1.18842 0.00151703
0.07697 0.00423805 1.19391 0.00154163
0.07897 0.00446221 1.19942 0.00161571
0.08097 0.0046236 1.20495 0.00166646
0.08297 0.00467271 1.21051 0.00167642
0.08497 0.00474967 1.2161 0.0016962
0.08697 0.00485501 1.22172 0.00172586
0.08897 0.00508459 1.22735 0.00179916
0.09097 0.00529421 1.23302 0.00186473
0.09297 0.00540473 1.23871 0.00189491
0.09497 0.00558503 1.24443 0.00194913
0.09697 0.00550805 1.25017 0.00191343
0.09897 0.00564917 1.25594 0.00195343
0.10097 0.00594011 1.26174 0.0020446
0.10297 0.0062567 1.26756 0.00214368
0.10497 0.00641143 1.27342 0.0021866
0.10697 0.00636764 1.27929 0.00216169
0.10897 0.00643089 1.2852 0.00217313
0.11097 0.00659255 1.29113 0.00221752
0.11297 0.00692164 1.29709 0.00231752
0.11497 0.00717227 1.30308 0.0023904
0.11697 0.00712325 1.30909 0.00236316
0.11897 0.00717105 1.31513 0.00236808
0.12097 0.00719501 1.3212 0.00236508
0.12297 0.00734487 1.3273 0.00240325
0.12497 0.00788129 1.33343 0.00256692
0.12697 0.00801836 1.33958 0.00259956
0.12897 0.00811425 1.34577 0.00261856
0.13097 0.0083439 1.35198 0.0026803
0.13297 0.00824844 1.35822 0.00263746
0.13497 0.00840901 1.36449 0.00267645
0.13697 0.00852671 1.37079 0.00270144
0.13897 0.00843891 1.37711 0.00266134
0.14097 0.00870632 1.38347 0.00273306
0.14297 0.00880982 1.38986 0.00275284
0.14497 0.0088737 1.39627 0.00276006
0.14697 0.00928416 1.40272 0.00287446
0.14897 0.00940994 1.40919 0.00290002
0.15097 0.00960693 1.4157 0.00294713
0.15297 0.00964402 1.42223 0.00294491
0.15497 0.00950968 1.4288 0.00289055
0.15697 0.00970232 1.43539 0.00293555
0.15897 0.00965657 1.44202 0.00290829
0.16097 0.00945616 1.44867 0.00283484
0.16297 0.00984321 1.45536 0.00293732
0.16497 0.0100096 1.46208 0.00297326
0.16697 0.00987005 1.46882 0.00291832
0.16897 0.0102892 1.4756 0.00302829
0.17097 0.0103191 1.48242 0.00302311
0.17297 0.0101435 1.48926 0.00295802
0.17497 0.0102824 1.49613 0.00298476
0.17697 0.0103099 1.50304 0.00297899
0.17897 0.010132 1.50998 0.00291413
0.18097 0.0100763 1.51695 0.00288481
0.18297 0.0100937 1.52395 0.0028765
0.18497 0.0102484 1.53098 0.00290716
0.18697 0.0103261 1.53805 0.00291574
0.18897 0.0100804 1.54515 0.00283331
0.19097 0.0102693 1.55228 0.00287313
0.19297 0.0101976 1.55944 0.00283995
0.19497 0.0102108 1.56664 0.00283058
0.19697 0.00998893 1.57387 0.00275634
0.19897 0.0101041 1.58114 0.00277531
0.20097 0.0101195 1.58844 0.00276678
0.20297 0.0101641 1.59577 0.0027662
0.20497 0.010203 1.60313 0.00276402
0.20697 0.00997479 1.61053 0.00268979
0.20897 0.0100254 1.61797 0.002691
0.21097 0.0102174 1.62544 0.00272995
0.21297 0.00985189 1.63294 0.0026202
0.21497 0.0097448 1.64048 0.00257981
0.21697 0.00993787 1.64805 0.00261883
0.21897 0.00964023 1.65566 0.00252873
0.22097 0.00969096 1.6633 0.00253035
0.22297 0.00964169 1.67098 0.00250592
0.22497 0.00928885 1.67869 0.00240312
0.22697 0.00929431 1.68644 0.00239349
0.22897 0.00973509 1.69422 0.00249548
0.23097 0.00934935 1.70204 0.00238559
0.23297 0.00906135 1.7099 0.00230148
0.23497 0.00908629 1.71779 0.00229721
0.23697 0.00854715 1.72572 0.00215098
0.23897 0.00825984 1.73368 0.00206912
0.24097 0.00844972 1.74169 0.00210696
0.24297 0.00799278 1.74973 0.00198386
0.24497 0.0079575 1.7578 0.00196603
0.24697 0.00784782 1.76592 0.00193003
0.24897 0.00781194 1.77407 0.00191238
0.25097 0.00702647 1.78226 0.00171219
0.25297 0.00722024 1.79048 0.00175132
0.25497 0.00694527 1.79875 0.00167688
0.25697 0.00654464 1.80705 0.0015729
0.25897 0.0064945 1.81539 0.00155367
0.26097 0.00613003 1.82377 0.00145974
0.26297 0.0061992 1.83219 0.00146943
0.26497 0.00532709 1.84064 0.00125691
0.26697 0.00620273 1.84914 0.00145679
0.26897 0.00536281 1.85768 0.00125374
0.27097 0.00513628 1.86625 0.00119526
0.27297 0.00561591 1.87486 0.00130087
0.27497 0.00433662 1.88352 0.000999921
0.27697 0.00521311 1.89221 0.0011965
0.27897 0.00470694 1.90095 0.00107536
0.28097 0.00456043 1.90972 0.0010371
0.28297 0.00407954 1.91854 0.000923476
0.28497 0.0042635 1.92739 0.000960685
0.28697 0.00416502 1.93629 0.000934182
0.28897 0.00353961 1.94523 0.00079026
0.29097 0.00409288 1.9542 0.000909586
0.29297 0.003429 1.96322 0.000758545
0.29497 0.00337297 1.97229 0.000742723
0.29697 0.00366513 1.98139 0.000803347
0.29897 0.0031824 1.99054 0.000694334
0.30097 0.00327504 1.99972 0.000711263
0.30297 0.00361621 2.00895 0.00078175
0.30497 0.00279728 2.01823 0.000601937
0.30697 0.00336559 2.02754 0.000720902
0.30897 0.00275509 2.0369 0.000587421
0.31097 0.00255625 2.0463 0.000542521
0.31297 0.00174828 2.05575 0.000369338
0.31497 0.000754559 2.06524 0.000158675
0.31697 0.000549667 2.07477 0.000115057
0.31897 0.000384397 2.08435 8.00929e-05
0.32097 0.000360735 2.09397 7.48174e-05
0.32297 0.000379901 2.10363 7.84305e-05
0.32497 0.000431578 2.11334 8.86898e-05
0.32697 0.000306843 2.1231 6.27669e-05
0.32897 0.00031087 2.1329 6.32984e-05
0.33097 0.00024065 2.14274 4.87752e-05
0.33297 0.000283784 2.15263 5.72535e-05
0.33497 0.000239709 2.16257 4.81391e-05
0.33697 0.000248273 2.17255 4.96299e-05
0.33897 0.000231102 2.18258 4.59853e-05
0.34097 0.000218091 2.19265 4.31969e-05
0.34297 0.000195636 2.20277 3.85712e-05
0.34497 0.000178003 2.21294 3.49335e-05
0.34697 0.000161016 2.22316 3.14545e-05
0.34897 0.000151897 2.23342 2.95369e-05
0.35097 0.000158044 2.24373 3.05908e-05
0.35297 0.000121621 2.25408 2.34327e-05
0.35497 0.000131444 2.26449 2.5209e-05
0.35697 0.000113734 2.27494 2.17122e-05
0.35897 0.000102127 2.28544 1.94068e-05
0.36097 9.78767e-05 2.29599 1.85137e-05
0.36297 9.37288e-05 2.30659 1.76477e-05
0.36497 8.00539e-05 2.31723 1.50036e-05
0.36697 7.84403e-05 2.32793 1.46337e-05
0.36897 6.56814e-05 2.33868 1.21971e-05
0.37097 5.9295e-05 2.34947 1.09606e-05
0.37297 6.08151e-05 2.36032 1.11899e-05
0.37497 5.45052e-05 2.37121 9.9828e-06
0.37697 4.70786e-05 2.38216 8.58297e-06
0.37897 4.33511e-05 2.39315 7.86709e-06
0.38097 4.26546e-05 2.4042 7.70514e-06
0.38297 3.65035e-05 2.41529 6.5637e-06
0.38497 3.49105e-05 2.42644 6.24841e-06
0.38697 3.16584e-05 2.43764 5.64031e-06
0.38897 2.81929e-05 2.44889 4.99982e-06
0.39097 2.86655e-05 2.4602 5.06027e-06
0.39297 2.36631e-05 2.47155 4.15801e-06
0.39497 2.3505e-05 2.48296 4.11125e-06
0.39697 9.01726e-06 2.49442 1.56996e-06
