#logrho PDF
-4.97 3.01793e-07
-4.9675 9.48547e-07
-4.965 2.65659e-06
-4.9625 6.69519e-06
-4.96 1.65969e-05
-4.9575 3.36503e-05
-4.955 7.26013e-05
-4.9525 0.000133244
-4.95 0.00023435
-4.9475 0.000399903
-4.945 0.000620185
-4.9425 0.000951173
-4.94 0.00138075
-4.9375 0.00188248
-4.935 0.00254744
-4.9325 0.00337009
-4.93 0.00430137
-4.9275 0.00541349
-4.925 0.00685249
-4.9225 0.00827588
-4.92 0.0100566
-4.9175 0.0123057
-4.915 0.014457
-4.9125 0.0168495
-4.91 0.0196203
-4.9075 0.0225896
-4.905 0.0255773
-4.9025 0.0284399
-4.9 0.0319195
-4.8975 0.0351706
-4.895 0.0368777
-4.8925 0.0403026
-4.89 0.0426413
-4.8875 0.0432433
-4.885 0.0455741
-4.8825 0.0458514
-4.88 0.0461
-4.8775 0.0446511
-4.875 0.0447205
-4.8725 0.0426932
-4.87 0.0402163
-4.8675 0.0376563
-4.865 0.0349338
-4.8625 0.0315235
-4.86 0.0279529
-4.8575 0.0252047
-4.855 0.021802
-4.8525 0.0185773
-4.85 0.0159929
-4.8475 0.013144
-4.845 0.0106927
-4.8425 0.00872041
-4.84 0.006978
-4.8375 0.00546128
-4.835 0.00411549
-4.8325 0.00318059
-4.83 0.00237597
-4.8275 0.00168937
-4.825 0.00124223
-4.8225 0.000870226
-4.82 0.000567888
-4.8175 0.000381459
-4.815 0.000245907
-4.8125 0.000150049
-4.81 8.76145e-05
-4.8075 4.88398e-05
-4.805 2.66567e-05
-4.8025 1.27656e-05
-4.8 6.293e-06
-4.7975 2.83616e-06
-4.795 1.17627e-06
-4.7925 4.653e-07
-4.79 1.76041e-07
