#logrho PDF
-4.97 1.63524e-07
-4.9675 4.58122e-07
-4.965 1.24791e-06
-4.9625 2.87565e-06
-4.96 6.91542e-06
-4.9575 1.43002e-05
-4.955 2.78181e-05
-4.9525 5.08439e-05
-4.95 9.12742e-05
-4.9475 0.000150219
-4.945 0.000236916
-4.9425 0.000364045
-4.94 0.000540779
-4.9375 0.000740674
-4.935 0.00103944
-4.9325 0.00142795
-4.93 0.00186852
-4.9275 0.0024366
-4.925 0.00325387
-4.9225 0.00406536
-4.92 0.00506009
-4.9175 0.00651065
-4.915 0.00813367
-4.9125 0.00978384
-4.91 0.01175
-4.9075 0.0140105
-4.905 0.0167916
-4.9025 0.0190929
-4.9 0.0226712
-4.8975 0.0256714
-4.895 0.028332
-4.8925 0.0323292
-4.89 0.0348558
-4.8875 0.0379545
-4.885 0.0406408
-4.8825 0.04333
-4.88 0.0452575
-4.8775 0.0453005
-4.875 0.0468118
-4.8725 0.0468329
-4.87 0.0464156
-4.8675 0.0447388
-4.865 0.0438032
-4.8625 0.0407838
-4.86 0.0374896
-4.8575 0.0356749
-4.855 0.0311106
-4.8525 0.0281605
-4.85 0.0250127
-4.8475 0.0216902
-4.845 0.0181876
-4.8425 0.0152844
-4.84 0.0126192
-4.8375 0.0101398
-4.835 0.00827187
-4.8325 0.00642781
-4.83 0.0049514
-4.8275 0.00362521
-4.825 0.00275547
-4.8225 0.00193651
-4.82 0.00128382
-4.8175 0.000894006
-4.815 0.00055356
-4.8125 0.000340583
-4.81 0.000192064
-4.8075 0.00010938
-4.805 5.72423e-05
-4.8025 2.63223e-05
-4.8 1.30941e-05
-4.7975 5.85829e-06
-4.795 2.39362e-06
-4.7925 8.91704e-07
-4.79 3.23613e-07
-4.7875 1.18238e-07
