#[M/H] PDF
-0.130000 0.000988
-0.120000 0.001429
-0.110000 0.002026
-0.100000 0.002863
-0.090000 0.003905
-0.080000 0.005249
-0.070000 0.006879
-0.060000 0.008917
-0.050000 0.011369
-0.040000 0.014070
-0.030000 0.017145
-0.020000 0.020615
-0.010000 0.024418
0.000000 0.028546
0.010000 0.032716
0.020000 0.036520
0.030000 0.039949
0.040000 0.043523
0.050000 0.046611
0.060000 0.049010
0.070000 0.050277
0.080000 0.051152
0.090000 0.050984
0.100000 0.049658
0.110000 0.047979
0.120000 0.045594
0.130000 0.042404
0.140000 0.038788
0.150000 0.035865
0.160000 0.032515
0.170000 0.029176
0.180000 0.025501
0.190000 0.021672
0.200000 0.018165
0.210000 0.014872
0.220000 0.012134
0.230000 0.009645
0.240000 0.007672
0.250000 0.005727
0.260000 0.004195
0.270000 0.003016
0.280000 0.002103
0.290000 0.001447
0.300000 0.000981
0.310000 0.000649
0.320000 0.000421
0.330000 0.000267
0.340000 0.000164
0.350000 0.000101
0.360000 0.000059
0.370000 0.000034
0.380000 0.000019
0.390000 0.000010
0.400000 0.000005
0.410000 0.000002
0.420000 0.000001
0.430000 0.000000
0.440000 0.000000
0.450000 0.000000
0.460000 0.000000
