#[M/H] PDF
-0.250000 0.000010
-0.240000 0.000049
-0.230000 0.000156
-0.220000 0.000464
-0.210000 0.001309
-0.200000 0.002617
-0.190000 0.004361
-0.180000 0.006858
-0.170000 0.009692
-0.160000 0.013243
-0.150000 0.018561
-0.140000 0.023456
-0.130000 0.029259
-0.120000 0.035404
-0.110000 0.041424
-0.100000 0.047013
-0.090000 0.050758
-0.080000 0.054723
-0.070000 0.055953
-0.060000 0.057579
-0.050000 0.059996
-0.040000 0.057731
-0.030000 0.056463
-0.020000 0.049326
-0.010000 0.049132
0.000000 0.042456
0.010000 0.040279
0.020000 0.035901
0.030000 0.030045
0.040000 0.025740
0.050000 0.021561
0.060000 0.018371
0.070000 0.014496
0.080000 0.011453
0.090000 0.009004
0.100000 0.006969
0.110000 0.005258
0.120000 0.003772
0.130000 0.002851
0.140000 0.002064
0.150000 0.001460
0.160000 0.001048
0.170000 0.000698
0.180000 0.000507
0.190000 0.000306
0.200000 0.000224
