#[M/H] PDF
-0.250000 0.000089
-0.240000 0.000146
-0.230000 0.000234
-0.220000 0.000366
-0.210000 0.000558
-0.200000 0.000847
-0.190000 0.001258
-0.180000 0.001815
-0.170000 0.002569
-0.160000 0.003589
-0.150000 0.004894
-0.140000 0.006541
-0.130000 0.008542
-0.120000 0.010951
-0.110000 0.013774
-0.100000 0.017224
-0.090000 0.020856
-0.080000 0.024888
-0.070000 0.028933
-0.060000 0.033443
-0.050000 0.037658
-0.040000 0.041312
-0.030000 0.044749
-0.020000 0.047607
-0.010000 0.049988
0.000000 0.051838
0.010000 0.052694
0.020000 0.052116
0.030000 0.050605
0.040000 0.048903
0.050000 0.046436
0.060000 0.043335
0.070000 0.039416
0.080000 0.035553
0.090000 0.031236
0.100000 0.027189
0.110000 0.023281
0.120000 0.019607
0.130000 0.016177
0.140000 0.013127
0.150000 0.010770
0.160000 0.008671
0.170000 0.006818
0.180000 0.005348
0.190000 0.004028
0.200000 0.002993
0.210000 0.002176
0.220000 0.001574
0.230000 0.001107
0.240000 0.000783
0.250000 0.000518
0.260000 0.000337
0.270000 0.000213
0.280000 0.000133
0.290000 0.000081
0.300000 0.000049
0.310000 0.000029
0.320000 0.000016
0.330000 0.000009
0.340000 0.000005
0.350000 0.000003
