#logm logr JPDF
-0.04103 1.612 2.61999e-10 
-0.04103 1.616 4.06659e-10 
-0.04103 1.62 4.42471e-10 
-0.03903 1.604 1.28351e-10 
-0.03903 1.608 3.47557e-10 
-0.03903 1.612 1.04692e-09 
-0.03903 1.616 2.12324e-09 
-0.03903 1.62 2.6741e-09 
-0.03903 1.624 2.72417e-10 
-0.03703 1.604 5.16781e-10 
-0.03703 1.608 1.60276e-09 
-0.03703 1.612 3.06492e-09 
-0.03703 1.616 5.42477e-09 
-0.03703 1.62 7.49073e-09 
-0.03703 1.624 3.56837e-09 
-0.03503 1.596 2.2004e-10 
-0.03503 1.6 1.46309e-09 
-0.03503 1.604 6.83439e-09 
-0.03503 1.608 2.91248e-08 
-0.03503 1.612 6.81033e-08 
-0.03503 1.616 1.24885e-07 
-0.03503 1.62 1.77251e-07 
-0.03503 1.624 1.78722e-07 
-0.03303 1.596 3.914e-10 
-0.03303 1.6 2.547e-09 
-0.03303 1.604 1.21293e-08 
-0.03303 1.608 4.11312e-08 
-0.03303 1.612 1.14421e-07 
-0.03303 1.616 3.19301e-07 
-0.03303 1.62 5.16546e-07 
-0.03303 1.624 6.06854e-07 
-0.03303 1.628 1.77041e-07 
-0.03103 1.592 1.84983e-10 
-0.03103 1.596 1.63034e-09 
-0.03103 1.6 1.00122e-08 
-0.03103 1.604 5.24509e-08 
-0.03103 1.608 1.86111e-07 
-0.03103 1.612 5.10982e-07 
-0.03103 1.616 9.17834e-07 
-0.03103 1.62 1.30663e-06 
-0.03103 1.624 1.40484e-06 
-0.03103 1.628 4.59541e-07 
-0.02903 1.592 2.55332e-10 
-0.02903 1.596 2.41099e-09 
-0.02903 1.6 1.71104e-08 
-0.02903 1.604 8.5094e-08 
-0.02903 1.608 3.32937e-07 
-0.02903 1.612 9.35805e-07 
-0.02903 1.616 1.96247e-06 
-0.02903 1.62 2.9524e-06 
-0.02903 1.624 3.44731e-06 
-0.02903 1.628 2.16451e-06 
-0.02703 1.592 4.09832e-10 
-0.02703 1.596 3.84581e-09 
-0.02703 1.6 2.82482e-08 
-0.02703 1.604 1.66838e-07 
-0.02703 1.608 6.85583e-07 
-0.02703 1.612 1.99889e-06 
-0.02703 1.616 4.40305e-06 
-0.02703 1.62 7.16139e-06 
-0.02703 1.624 8.07037e-06 
-0.02703 1.628 6.84335e-06 
-0.02703 1.632 5.00963e-07 
-0.02503 1.592 5.86732e-10 
-0.02503 1.596 5.72807e-09 
-0.02503 1.6 4.02882e-08 
-0.02503 1.604 1.93732e-07 
-0.02503 1.608 7.40404e-07 
-0.02503 1.612 2.23844e-06 
-0.02503 1.616 4.89905e-06 
-0.02503 1.62 7.87191e-06 
-0.02503 1.624 9.47173e-06 
-0.02503 1.628 7.72292e-06 
-0.02503 1.632 2.1937e-06 
-0.02303 1.592 8.1597e-10 
-0.02303 1.596 8.92707e-09 
-0.02303 1.6 6.59324e-08 
-0.02303 1.604 3.5105e-07 
-0.02303 1.608 1.42499e-06 
-0.02303 1.612 4.1975e-06 
-0.02303 1.616 9.43527e-06 
-0.02303 1.62 1.60746e-05 
-0.02303 1.624 1.95326e-05 
-0.02303 1.628 1.62853e-05 
-0.02303 1.632 7.20252e-06 
-0.02103 1.592 9.69211e-10 
-0.02103 1.596 1.07206e-08 
-0.02103 1.6 8.89069e-08 
-0.02103 1.604 5.46213e-07 
-0.02103 1.608 2.31076e-06 
-0.02103 1.612 7.6036e-06 
-0.02103 1.616 1.73355e-05 
-0.02103 1.62 2.96677e-05 
-0.02103 1.624 3.90664e-05 
-0.02103 1.628 3.48836e-05 
-0.02103 1.632 1.92712e-05 
-0.02103 1.636 1.27516e-06 
-0.01903 1.592 1.11067e-09 
-0.01903 1.596 1.23358e-08 
-0.01903 1.6 9.28552e-08 
-0.01903 1.604 5.45996e-07 
-0.01903 1.608 2.53334e-06 
-0.01903 1.612 7.36282e-06 
-0.01903 1.616 1.73892e-05 
-0.01903 1.62 3.24355e-05 
-0.01903 1.624 4.4252e-05 
-0.01903 1.628 3.81757e-05 
-0.01903 1.632 2.17657e-05 
-0.01903 1.636 3.35123e-06 
-0.01703 1.592 1.44547e-09 
-0.01703 1.596 1.78073e-08 
-0.01703 1.6 1.44408e-07 
-0.01703 1.604 9.51739e-07 
-0.01703 1.608 4.08514e-06 
-0.01703 1.612 1.32202e-05 
-0.01703 1.616 3.32832e-05 
-0.01703 1.62 5.51262e-05 
-0.01703 1.624 6.48699e-05 
-0.01703 1.628 5.87568e-05 
-0.01703 1.632 3.89811e-05 
-0.01703 1.636 1.23589e-05 
-0.01503 1.592 1.51608e-09 
-0.01503 1.596 1.82804e-08 
-0.01503 1.6 1.54848e-07 
-0.01503 1.604 1.06352e-06 
-0.01503 1.608 5.18837e-06 
-0.01503 1.612 1.69635e-05 
-0.01503 1.616 4.44573e-05 
-0.01503 1.62 8.03191e-05 
-0.01503 1.624 9.55975e-05 
-0.01503 1.628 8.51272e-05 
-0.01503 1.632 5.57932e-05 
-0.01503 1.636 2.46285e-05 
-0.01503 1.64 5.40491e-07 
-0.01303 1.592 1.24827e-09 
-0.01303 1.596 1.46594e-08 
-0.01303 1.6 1.47212e-07 
-0.01303 1.604 1.04944e-06 
-0.01303 1.608 4.42438e-06 
-0.01303 1.612 1.73136e-05 
-0.01303 1.616 4.76886e-05 
-0.01303 1.62 8.97228e-05 
-0.01303 1.624 0.000114039 
-0.01303 1.628 0.000106237 
-0.01303 1.632 7.16009e-05 
-0.01303 1.636 3.73311e-05 
-0.01303 1.64 2.59965e-06 
-0.01103 1.592 1.24656e-09 
-0.01103 1.596 1.59414e-08 
-0.01103 1.6 1.58116e-07 
-0.01103 1.604 1.13232e-06 
-0.01103 1.608 5.49514e-06 
-0.01103 1.612 1.94376e-05 
-0.01103 1.616 5.23389e-05 
-0.01103 1.62 9.81015e-05 
-0.01103 1.624 0.000129704 
-0.01103 1.628 0.000129187 
-0.01103 1.632 0.000100252 
-0.01103 1.636 5.96145e-05 
-0.01103 1.64 1.06957e-05 
-0.00902998 1.592 1.00363e-09 
-0.00902998 1.596 1.42126e-08 
-0.00902998 1.6 1.53138e-07 
-0.00902998 1.604 1.19534e-06 
-0.00902998 1.608 6.27958e-06 
-0.00902998 1.612 2.49301e-05 
-0.00902998 1.616 6.80644e-05 
-0.00902998 1.62 0.000135152 
-0.00902998 1.624 0.000187638 
-0.00902998 1.628 0.00018099 
-0.00902998 1.632 0.000141562 
-0.00902998 1.636 8.71948e-05 
-0.00902998 1.64 2.62995e-05 
-0.00902998 1.644 1.98603e-07 
-0.00703001 1.592 9.01647e-10 
-0.00703001 1.596 1.29346e-08 
-0.00703001 1.6 1.50385e-07 
-0.00703001 1.604 1.04533e-06 
-0.00703001 1.608 5.47778e-06 
-0.00703001 1.612 2.19731e-05 
-0.00703001 1.616 6.29682e-05 
-0.00703001 1.62 0.000128986 
-0.00703001 1.624 0.000205071 
-0.00703001 1.628 0.000229922 
-0.00703001 1.632 0.000197582 
-0.00703001 1.636 0.000122896 
-0.00703001 1.64 5.03938e-05 
-0.00703001 1.644 1.47939e-06 
-0.00503001 1.592 7.3811e-10 
-0.00503001 1.596 1.2347e-08 
-0.00503001 1.6 1.36866e-07 
-0.00503001 1.604 1.10631e-06 
-0.00503001 1.608 6.57295e-06 
-0.00503001 1.612 2.79363e-05 
-0.00503001 1.616 8.18619e-05 
-0.00503001 1.62 0.000183035 
-0.00503001 1.624 0.0002892 
-0.00503001 1.628 0.000325556 
-0.00503001 1.632 0.000265949 
-0.00503001 1.636 0.000168824 
-0.00503001 1.64 7.23242e-05 
-0.00503001 1.644 6.4259e-06 
-0.00303 1.592 6.80085e-10 
-0.00303 1.596 1.133e-08 
-0.00303 1.6 1.30265e-07 
-0.00303 1.604 1.04351e-06 
-0.00303 1.608 6.04232e-06 
-0.00303 1.612 2.53498e-05 
-0.00303 1.616 8.1526e-05 
-0.00303 1.62 0.000193044 
-0.00303 1.624 0.000329581 
-0.00303 1.628 0.000400751 
-0.00303 1.632 0.000350635 
-0.00303 1.636 0.000236677 
-0.00303 1.64 0.00011639 
-0.00303 1.644 1.83651e-05 
-0.00303 1.648 1.65933e-09 
-0.00103 1.592 5.61955e-10 
-0.00103 1.596 9.25736e-09 
-0.00103 1.6 1.18369e-07 
-0.00103 1.604 9.76983e-07 
-0.00103 1.608 6.23025e-06 
-0.00103 1.612 2.82514e-05 
-0.00103 1.616 8.98308e-05 
-0.00103 1.62 0.000207641 
-0.00103 1.624 0.000363391 
-0.00103 1.628 0.000459282 
-0.00103 1.632 0.000401091 
-0.00103 1.636 0.000268164 
-0.00103 1.64 0.000124157 
-0.00103 1.644 3.31012e-05 
-0.00103 1.648 1.58267e-07 
0.000970006 1.592 3.78217e-10 
0.000970006 1.596 7.14641e-09 
0.000970006 1.6 9.57747e-08 
0.000970006 1.604 8.63866e-07 
0.000970006 1.608 5.67173e-06 
0.000970006 1.612 2.61719e-05 
0.000970006 1.616 9.19692e-05 
0.000970006 1.62 0.000228123 
0.000970006 1.624 0.000410719 
0.000970006 1.628 0.000543046 
0.000970006 1.632 0.000537565 
0.000970006 1.636 0.000372898 
0.000970006 1.64 0.000185926 
0.000970006 1.644 5.97981e-05 
0.000970006 1.648 1.25676e-06 
0.00297001 1.592 3.37776e-10 
0.00297001 1.596 6.19187e-09 
0.00297001 1.6 8.35565e-08 
0.00297001 1.604 8.2905e-07 
0.00297001 1.608 5.6973e-06 
0.00297001 1.612 2.70238e-05 
0.00297001 1.616 9.66744e-05 
0.00297001 1.62 0.000247703 
0.00297001 1.624 0.000437786 
0.00297001 1.628 0.000582301 
0.00297001 1.632 0.000595751 
0.00297001 1.636 0.000425576 
0.00297001 1.64 0.000231904 
0.00297001 1.644 8.56924e-05 
0.00297001 1.648 7.23698e-06 
0.00497001 1.592 2.57688e-10 
0.00497001 1.596 4.99546e-09 
0.00497001 1.6 7.21274e-08 
0.00497001 1.604 7.4092e-07 
0.00497001 1.608 5.17941e-06 
0.00497001 1.612 2.57458e-05 
0.00497001 1.616 9.70351e-05 
0.00497001 1.62 0.000254398 
0.00497001 1.624 0.000497733 
0.00497001 1.628 0.000697631 
0.00497001 1.632 0.000700456 
0.00497001 1.636 0.000498831 
0.00497001 1.64 0.000264652 
0.00497001 1.644 0.000110143 
0.00497001 1.648 1.59637e-05 
0.00697002 1.592 2.03336e-10 
0.00697002 1.596 4.38723e-09 
0.00697002 1.6 6.40638e-08 
0.00697002 1.604 6.47305e-07 
0.00697002 1.608 4.91664e-06 
0.00697002 1.612 2.73379e-05 
0.00697002 1.616 0.000107177 
0.00697002 1.62 0.000292031 
0.00697002 1.624 0.000581712 
0.00697002 1.628 0.000823086 
0.00697002 1.632 0.000862875 
0.00697002 1.636 0.000640926 
0.00697002 1.64 0.000375137 
0.00697002 1.644 0.000149078 
0.00697002 1.648 3.14173e-05 
0.00697002 1.652 1.80244e-07 
0.00896999 1.592 1.52762e-10 
0.00896999 1.596 3.26432e-09 
0.00896999 1.6 5.07166e-08 
0.00896999 1.604 5.79712e-07 
0.00896999 1.608 4.40804e-06 
0.00896999 1.612 2.43334e-05 
0.00896999 1.616 9.70853e-05 
0.00896999 1.62 0.000271563 
0.00896999 1.624 0.000558579 
0.00896999 1.628 0.000822114 
0.00896999 1.632 0.000868131 
0.00896999 1.636 0.0007003 
0.00896999 1.64 0.000393593 
0.00896999 1.644 0.000167176 
0.00896999 1.648 4.27017e-05 
0.00896999 1.652 9.99787e-07 
0.01097 1.592 1.05639e-10 
0.01097 1.596 2.76043e-09 
0.01097 1.6 4.39566e-08 
0.01097 1.604 5.2345e-07 
0.01097 1.608 4.26291e-06 
0.01097 1.612 2.52132e-05 
0.01097 1.616 0.000106982 
0.01097 1.62 0.000300348 
0.01097 1.624 0.000664169 
0.01097 1.628 0.00100453 
0.01097 1.632 0.00111742 
0.01097 1.636 0.000921826 
0.01097 1.64 0.000546046 
0.01097 1.644 0.00022822 
0.01097 1.648 6.87533e-05 
0.01097 1.652 4.94662e-06 
0.01297 1.596 2.03372e-09 
0.01297 1.6 3.57106e-08 
0.01297 1.604 4.5904e-07 
0.01297 1.608 3.78079e-06 
0.01297 1.612 2.193e-05 
0.01297 1.616 9.2644e-05 
0.01297 1.62 0.000281462 
0.01297 1.624 0.000618579 
0.01297 1.628 0.00103893 
0.01297 1.632 0.00119547 
0.01297 1.636 0.00104202 
0.01297 1.64 0.000638995 
0.01297 1.644 0.00028448 
0.01297 1.648 9.12655e-05 
0.01297 1.652 1.13542e-05 
0.01497 1.596 1.6286e-09 
0.01497 1.6 3.16435e-08 
0.01497 1.604 3.81882e-07 
0.01497 1.608 3.45796e-06 
0.01497 1.612 2.19688e-05 
0.01497 1.616 9.55125e-05 
0.01497 1.62 0.000305034 
0.01497 1.624 0.00069363 
0.01497 1.628 0.00108145 
0.01497 1.632 0.00129009 
0.01497 1.636 0.00113748 
0.01497 1.64 0.00073055 
0.01497 1.644 0.000336222 
0.01497 1.648 0.000118997 
0.01497 1.652 2.26902e-05 
0.01497 1.656 7.40739e-08 
0.01697 1.596 1.1976e-09 
0.01697 1.6 2.29078e-08 
0.01697 1.604 3.24169e-07 
0.01697 1.608 3.10548e-06 
0.01697 1.612 2.11697e-05 
0.01697 1.616 9.84937e-05 
0.01697 1.62 0.00033284 
0.01697 1.624 0.000796055 
0.01697 1.628 0.00137293 
0.01697 1.632 0.0017061 
0.01697 1.636 0.00150907 
0.01697 1.64 0.000940114 
0.01697 1.644 0.000452834 
0.01697 1.648 0.000162655 
0.01697 1.652 3.42934e-05 
0.01697 1.656 9.10502e-07 
0.01897 1.596 9.13764e-10 
0.01897 1.6 1.87696e-08 
0.01897 1.604 2.6206e-07 
0.01897 1.608 2.53369e-06 
0.01897 1.612 1.84459e-05 
0.01897 1.616 8.64666e-05 
0.01897 1.62 0.000300137 
0.01897 1.624 0.000732404 
0.01897 1.628 0.00124305 
0.01897 1.632 0.00162011 
0.01897 1.636 0.00152669 
0.01897 1.64 0.00107049 
0.01897 1.644 0.000497594 
0.01897 1.648 0.000176393 
0.01897 1.652 4.57586e-05 
0.01897 1.656 2.38561e-06 
0.02097 1.596 5.49016e-10 
0.02097 1.6 1.5084e-08 
0.02097 1.604 2.17644e-07 
0.02097 1.608 2.38349e-06 
0.02097 1.612 1.65048e-05 
0.02097 1.616 8.39521e-05 
0.02097 1.62 0.000316056 
0.02097 1.624 0.000812525 
0.02097 1.628 0.0015029 
0.02097 1.632 0.00206282 
0.02097 1.636 0.00190431 
0.02097 1.64 0.00133698 
0.02097 1.644 0.000678497 
0.02097 1.648 0.000241352 
0.02097 1.652 6.45887e-05 
0.02097 1.656 7.44779e-06 
0.02297 1.596 3.47969e-10 
0.02297 1.6 1.01101e-08 
0.02297 1.604 1.55266e-07 
0.02297 1.608 1.74665e-06 
0.02297 1.612 1.31508e-05 
0.02297 1.616 7.08542e-05 
0.02297 1.62 0.000279239 
0.02297 1.624 0.000740958 
0.02297 1.628 0.00148026 
0.02297 1.632 0.00208962 
0.02297 1.636 0.00207151 
0.02297 1.64 0.0014989 
0.02297 1.644 0.00077795 
0.02297 1.648 0.000301368 
0.02297 1.652 7.57691e-05 
0.02297 1.656 1.14446e-05 
0.02297 1.66 3.18008e-08 
0.02497 1.596 1.2583e-10 
0.02497 1.6 7.43915e-09 
0.02497 1.604 1.30679e-07 
0.02497 1.608 1.51093e-06 
0.02497 1.612 1.18534e-05 
0.02497 1.616 7.16727e-05 
0.02497 1.62 0.000286106 
0.02497 1.624 0.000770918 
0.02497 1.628 0.00153358 
0.02497 1.632 0.00233586 
0.02497 1.636 0.00251197 
0.02497 1.64 0.00191523 
0.02497 1.644 0.00100938 
0.02497 1.648 0.000398676 
0.02497 1.652 0.00011257 
0.02497 1.656 2.06481e-05 
0.02497 1.66 3.70717e-07 
0.02697 1.6 6.28527e-09 
0.02697 1.604 1.08991e-07 
0.02697 1.608 1.35623e-06 
0.02697 1.612 1.14148e-05 
0.02697 1.616 6.54939e-05 
0.02697 1.62 0.000271514 
0.02697 1.624 0.000772631 
0.02697 1.628 0.0016857 
0.02697 1.632 0.00249198 
0.02697 1.636 0.00250914 
0.02697 1.64 0.00197745 
0.02697 1.644 0.00111853 
0.02697 1.648 0.000420054 
0.02697 1.652 0.0001171 
0.02697 1.656 2.3644e-05 
0.02697 1.66 1.10641e-06 
0.02897 1.6 3.57326e-09 
0.02897 1.604 7.69278e-08 
0.02897 1.608 1.00909e-06 
0.02897 1.612 8.84054e-06 
0.02897 1.616 5.63454e-05 
0.02897 1.62 0.000247415 
0.02897 1.624 0.000742341 
0.02897 1.628 0.00163814 
0.02897 1.632 0.00259977 
0.02897 1.636 0.00296638 
0.02897 1.64 0.00228515 
0.02897 1.644 0.00133072 
0.02897 1.648 0.000578199 
0.02897 1.652 0.000164442 
0.02897 1.656 3.60382e-05 
0.02897 1.66 3.34389e-06 
0.03097 1.6 2.51767e-09 
0.03097 1.604 6.87444e-08 
0.03097 1.608 8.82924e-07 
0.03097 1.612 7.82573e-06 
0.03097 1.616 5.65964e-05 
0.03097 1.62 0.000244833 
0.03097 1.624 0.000781419 
0.03097 1.628 0.00187315 
0.03097 1.632 0.00285275 
0.03097 1.636 0.00328384 
0.03097 1.64 0.00285776 
0.03097 1.644 0.00161682 
0.03097 1.648 0.000698907 
0.03097 1.652 0.000213176 
0.03097 1.656 4.47975e-05 
0.03097 1.66 5.59541e-06 
0.03097 1.664 1.85399e-08 
0.03297 1.6 8.40408e-10 
0.03297 1.604 4.35624e-08 
0.03297 1.608 6.57118e-07 
0.03297 1.612 6.4144e-06 
0.03297 1.616 4.40973e-05 
0.03297 1.62 0.000215788 
0.03297 1.624 0.000731623 
0.03297 1.628 0.00169547 
0.03297 1.632 0.0029378 
0.03297 1.636 0.00352518 
0.03297 1.64 0.00302059 
0.03297 1.644 0.00185097 
0.03297 1.648 0.00075883 
0.03297 1.652 0.000235194 
0.03297 1.656 5.45107e-05 
0.03297 1.66 8.24715e-06 
0.03297 1.664 1.2712e-07 
0.03497 1.6 2.98506e-10 
0.03497 1.604 3.7122e-08 
0.03497 1.608 6.20946e-07 
0.03497 1.612 6.13025e-06 
0.03497 1.616 4.44656e-05 
0.03497 1.62 0.000214545 
0.03497 1.624 0.000735517 
0.03497 1.628 0.0018926 
0.03497 1.632 0.00319312 
0.03497 1.636 0.0041571 
0.03497 1.64 0.00369659 
0.03497 1.644 0.00217837 
0.03497 1.648 0.00104041 
0.03497 1.652 0.000336174 
0.03497 1.656 7.68165e-05 
0.03497 1.66 1.18141e-05 
0.03497 1.664 4.96403e-07 
0.03697 1.604 2.19534e-08 
0.03697 1.608 4.36605e-07 
0.03697 1.612 4.74484e-06 
0.03697 1.616 3.56157e-05 
0.03697 1.62 0.000196043 
0.03697 1.624 0.000684039 
0.03697 1.628 0.00165516 
0.03697 1.632 0.0031688 
0.03697 1.636 0.00384588 
0.03697 1.64 0.00360865 
0.03697 1.644 0.00240129 
0.03697 1.648 0.00107194 
0.03697 1.652 0.000371628 
0.03697 1.656 8.4302e-05 
0.03697 1.66 1.41928e-05 
0.03697 1.664 1.00801e-06 
0.03897 1.604 1.43041e-08 
0.03897 1.608 3.51268e-07 
0.03897 1.612 4.06117e-06 
0.03897 1.616 3.13031e-05 
0.03897 1.62 0.000169549 
0.03897 1.624 0.00064807 
0.03897 1.628 0.00165201 
0.03897 1.632 0.00318839 
0.03897 1.636 0.0046801 
0.03897 1.64 0.00432893 
0.03897 1.644 0.00281939 
0.03897 1.648 0.00137325 
0.03897 1.652 0.000485967 
0.03897 1.656 0.000122587 
0.03897 1.66 2.17272e-05 
0.03897 1.664 2.34879e-06 
0.03897 1.668 5.28592e-09 
0.04097 1.604 6.90453e-09 
0.04097 1.608 2.66943e-07 
0.04097 1.612 3.24074e-06 
0.04097 1.616 2.59302e-05 
0.04097 1.62 0.00015133 
0.04097 1.624 0.00059318 
0.04097 1.628 0.00160437 
0.04097 1.632 0.00333594 
0.04097 1.636 0.0043433 
0.04097 1.64 0.00424557 
0.04097 1.644 0.0029625 
0.04097 1.648 0.00154182 
0.04097 1.652 0.000545214 
0.04097 1.656 0.000130457 
0.04097 1.66 2.2565e-05 
0.04097 1.664 2.72007e-06 
0.04097 1.668 4.48905e-08 
0.04297 1.604 1.86317e-09 
0.04297 1.608 1.98528e-07 
0.04297 1.612 2.52697e-06 
0.04297 1.616 2.23578e-05 
0.04297 1.62 0.000135919 
0.04297 1.624 0.000552105 
0.04297 1.628 0.00151073 
0.04297 1.632 0.00326954 
0.04297 1.636 0.00469625 
0.04297 1.64 0.0049682 
0.04297 1.644 0.00370443 
0.04297 1.648 0.00189927 
0.04297 1.652 0.000715343 
0.04297 1.656 0.000188573 
0.04297 1.66 3.48016e-05 
0.04297 1.664 4.54648e-06 
0.04297 1.668 1.44241e-07 
0.04497 1.604 4.44864e-10 
0.04497 1.608 1.19745e-07 
0.04497 1.612 1.93412e-06 
0.04497 1.616 1.83506e-05 
0.04497 1.62 0.000118384 
0.04497 1.624 0.000515714 
0.04497 1.628 0.00150029 
0.04497 1.632 0.00315705 
0.04497 1.636 0.00479178 
0.04497 1.64 0.00516654 
0.04497 1.644 0.00372605 
0.04497 1.648 0.00200257 
0.04497 1.652 0.00076399 
0.04497 1.656 0.000216561 
0.04497 1.66 4.30971e-05 
0.04497 1.664 5.90332e-06 
0.04497 1.668 3.64486e-07 
0.04697 1.608 6.27513e-08 
0.04697 1.612 1.42973e-06 
0.04697 1.616 1.42156e-05 
0.04697 1.62 8.99865e-05 
0.04697 1.624 0.000402207 
0.04697 1.628 0.00136507 
0.04697 1.632 0.00322177 
0.04697 1.636 0.00507156 
0.04697 1.64 0.00565174 
0.04697 1.644 0.00459516 
0.04697 1.648 0.00250664 
0.04697 1.652 0.000993899 
0.04697 1.656 0.000268444 
0.04697 1.66 4.9849e-05 
0.04697 1.664 7.25408e-06 
0.04697 1.668 5.9144e-07 
0.04697 1.672 1.17841e-09 
0.04897 1.608 3.35706e-08 
0.04897 1.612 1.19868e-06 
0.04897 1.616 1.25985e-05 
0.04897 1.62 8.61582e-05 
0.04897 1.624 0.000434138 
0.04897 1.628 0.00134559 
0.04897 1.632 0.00309985 
0.04897 1.636 0.00529291 
0.04897 1.64 0.00600832 
0.04897 1.644 0.00504813 
0.04897 1.648 0.00286622 
0.04897 1.652 0.0012383 
0.04897 1.656 0.000353948 
0.04897 1.66 6.47002e-05 
0.04897 1.664 8.83721e-06 
0.04897 1.668 8.90202e-07 
0.04897 1.672 1.0031e-08 
0.05097 1.608 1.00498e-08 
0.05097 1.612 8.01297e-07 
0.05097 1.616 9.22135e-06 
0.05097 1.62 7.07652e-05 
0.05097 1.624 0.000366157 
0.05097 1.628 0.00126999 
0.05097 1.632 0.00327186 
0.05097 1.636 0.00538192 
0.05097 1.64 0.00660143 
0.05097 1.644 0.00562133 
0.05097 1.648 0.00337951 
0.05097 1.652 0.0013683 
0.05097 1.656 0.000411328 
0.05097 1.66 8.47475e-05 
0.05097 1.664 1.1462e-05 
0.05097 1.668 1.16792e-06 
0.05097 1.672 3.23786e-08 
0.05297 1.608 1.46287e-09 
0.05297 1.612 4.97842e-07 
0.05297 1.616 6.84096e-06 
0.05297 1.62 5.28726e-05 
0.05297 1.624 0.000293077 
0.05297 1.628 0.00110768 
0.05297 1.632 0.00300076 
0.05297 1.636 0.00517263 
0.05297 1.64 0.0066444 
0.05297 1.644 0.00629178 
0.05297 1.648 0.00382409 
0.05297 1.652 0.0016346 
0.05297 1.656 0.000507142 
0.05297 1.66 0.000104943 
0.05297 1.664 1.57909e-05 
0.05297 1.668 1.75497e-06 
0.05297 1.672 8.23049e-08 
0.05497 1.612 3.19318e-07 
0.05497 1.616 5.63003e-06 
0.05497 1.62 4.67182e-05 
0.05497 1.624 0.00026998 
0.05497 1.628 0.00107998 
0.05497 1.632 0.00292528 
0.05497 1.636 0.00549288 
0.05497 1.64 0.00729156 
0.05497 1.644 0.00627451 
0.05497 1.648 0.00404825 
0.05497 1.652 0.00189199 
0.05497 1.656 0.000601434 
0.05497 1.66 0.000125364 
0.05497 1.664 2.02261e-05 
0.05497 1.668 2.21235e-06 
0.05497 1.672 1.50155e-07 
0.05497 1.676 2.3817e-10 
0.05697 1.612 1.03388e-07 
0.05697 1.616 3.61181e-06 
0.05697 1.62 3.31271e-05 
0.05697 1.624 0.000202441 
0.05697 1.628 0.000842497 
0.05697 1.632 0.00241247 
0.05697 1.636 0.00488812 
0.05697 1.64 0.00695458 
0.05697 1.644 0.0067872 
0.05697 1.648 0.00450263 
0.05697 1.652 0.00216133 
0.05697 1.656 0.000673623 
0.05697 1.66 0.000153219 
0.05697 1.664 2.44603e-05 
0.05697 1.668 2.74777e-06 
0.05697 1.672 2.13728e-07 
0.05697 1.676 1.36829e-09 
0.05897 1.612 4.37241e-08 
0.05897 1.616 2.99036e-06 
0.05897 1.62 2.9004e-05 
0.05897 1.624 0.000186673 
0.05897 1.628 0.000824559 
0.05897 1.632 0.00251467 
0.05897 1.636 0.00475388 
0.05897 1.64 0.0066376 
0.05897 1.644 0.00640415 
0.05897 1.648 0.00450729 
0.05897 1.652 0.00226407 
0.05897 1.656 0.000772733 
0.05897 1.66 0.000186891 
0.05897 1.664 2.98992e-05 
0.05897 1.668 3.50354e-06 
0.05897 1.672 2.84014e-07 
0.05897 1.676 5.99212e-09 
0.06097 1.612 6.81705e-09 
0.06097 1.616 1.93077e-06 
0.06097 1.62 2.32487e-05 
0.06097 1.624 0.000157707 
0.06097 1.628 0.000655878 
0.06097 1.632 0.00211081 
0.06097 1.636 0.00441344 
0.06097 1.64 0.00680441 
0.06097 1.644 0.00698867 
0.06097 1.648 0.0050718 
0.06097 1.652 0.00246358 
0.06097 1.656 0.000886764 
0.06097 1.66 0.000216983 
0.06097 1.664 3.75187e-05 
0.06097 1.668 4.57643e-06 
0.06097 1.672 4.13266e-07 
0.06097 1.676 1.57514e-08 
0.06297 1.612 8.70162e-10 
0.06297 1.616 1.12975e-06 
0.06297 1.62 1.77729e-05 
0.06297 1.624 0.000124843 
0.06297 1.628 0.000595842 
0.06297 1.632 0.00190185 
0.06297 1.636 0.00449717 
0.06297 1.64 0.00677944 
0.06297 1.644 0.00739978 
0.06297 1.648 0.00570688 
0.06297 1.652 0.00289724 
0.06297 1.656 0.0010614 
0.06297 1.66 0.000261463 
0.06297 1.664 4.43369e-05 
0.06297 1.668 5.70399e-06 
0.06297 1.672 5.08906e-07 
0.06297 1.676 2.73821e-08 
0.06497 1.616 5.12107e-07 
0.06497 1.62 1.34502e-05 
0.06497 1.624 9.55176e-05 
0.06497 1.628 0.000484776 
0.06497 1.632 0.00167653 
0.06497 1.636 0.00382483 
0.06497 1.64 0.00602034 
0.06497 1.644 0.00699355 
0.06497 1.648 0.00555442 
0.06497 1.652 0.00316023 
0.06497 1.656 0.00124996 
0.06497 1.66 0.000318966 
0.06497 1.664 5.75026e-05 
0.06497 1.668 7.85555e-06 
0.06497 1.672 6.99664e-07 
0.06497 1.676 4.45999e-08 
0.06497 1.68 2.46931e-10 
0.06697 1.616 1.56134e-07 
0.06697 1.62 8.83759e-06 
0.06697 1.624 7.83944e-05 
0.06697 1.628 0.000404811 
0.06697 1.632 0.00141374 
0.06697 1.636 0.00356308 
0.06697 1.64 0.00595748 
0.06697 1.644 0.00692651 
0.06697 1.648 0.00546497 
0.06697 1.652 0.00317353 
0.06697 1.656 0.00124413 
0.06697 1.66 0.000338161 
0.06697 1.664 6.39842e-05 
0.06697 1.668 8.4113e-06 
0.06697 1.672 8.30766e-07 
0.06697 1.676 5.22049e-08 
0.06697 1.68 1.12229e-09 
0.06897 1.616 1.88464e-08 
0.06897 1.62 6.21143e-06 
0.06897 1.624 5.68373e-05 
0.06897 1.628 0.000334417 
0.06897 1.632 0.00125143 
0.06897 1.636 0.00320198 
0.06897 1.64 0.00572851 
0.06897 1.644 0.00726142 
0.06897 1.648 0.00615046 
0.06897 1.652 0.0035926 
0.06897 1.656 0.00144567 
0.06897 1.66 0.000424426 
0.06897 1.664 8.55666e-05 
0.06897 1.668 1.15967e-05 
0.06897 1.672 1.09616e-06 
0.06897 1.676 7.19188e-08 
0.06897 1.68 2.15198e-09 
0.07097 1.616 2.92402e-09 
0.07097 1.62 3.7751e-06 
0.07097 1.624 4.81864e-05 
0.07097 1.628 0.000288753 
0.07097 1.632 0.00115377 
0.07097 1.636 0.00308739 
0.07097 1.64 0.00569475 
0.07097 1.644 0.00696449 
0.07097 1.648 0.0063223 
0.07097 1.652 0.00369098 
0.07097 1.656 0.00163452 
0.07097 1.66 0.000471885 
0.07097 1.664 9.72577e-05 
0.07097 1.668 1.49517e-05 
0.07097 1.672 1.44948e-06 
0.07097 1.676 1.03628e-07 
0.07097 1.68 4.19558e-09 
0.07297 1.62 1.45951e-06 
0.07297 1.624 3.31612e-05 
0.07297 1.628 0.000218384 
0.07297 1.632 0.000963981 
0.07297 1.636 0.00271392 
0.07297 1.64 0.00533056 
0.07297 1.644 0.00714265 
0.07297 1.648 0.00674822 
0.07297 1.652 0.00416874 
0.07297 1.656 0.00184585 
0.07297 1.66 0.000583089 
0.07297 1.664 0.000121528 
0.07297 1.668 1.75064e-05 
0.07297 1.672 1.79562e-06 
0.07297 1.676 1.1957e-07 
0.07297 1.68 5.52727e-09 
0.07497 1.62 4.04021e-07 
0.07497 1.624 2.4067e-05 
0.07497 1.628 0.000169627 
0.07497 1.632 0.000719511 
0.07497 1.636 0.00225433 
0.07497 1.64 0.00460926 
0.07497 1.644 0.00641339 
0.07497 1.648 0.00633241 
0.07497 1.652 0.00413656 
0.07497 1.656 0.00205808 
0.07497 1.66 0.000629628 
0.07497 1.664 0.0001406 
0.07497 1.668 2.21278e-05 
0.07497 1.672 2.20328e-06 
0.07497 1.676 1.68566e-07 
0.07497 1.68 7.63482e-09 
0.07497 1.684 1.07662e-10 
0.07697 1.62 9.91366e-08 
0.07697 1.624 1.49977e-05 
0.07697 1.628 0.000128507 
0.07697 1.632 0.000597932 
0.07697 1.636 0.00194792 
0.07697 1.64 0.00400104 
0.07697 1.644 0.00608215 
0.07697 1.648 0.00593716 
0.07697 1.652 0.00404778 
0.07697 1.656 0.00193341 
0.07697 1.66 0.000646721 
0.07697 1.664 0.000149682 
0.07697 1.668 2.51175e-05 
0.07697 1.672 2.6233e-06 
0.07697 1.676 2.05121e-07 
0.07697 1.68 1.11373e-08 
0.07697 1.684 2.56734e-10 
0.07897 1.62 2.35388e-09 
0.07897 1.624 9.45254e-06 
0.07897 1.628 0.000100333 
0.07897 1.632 0.000508649 
0.07897 1.636 0.00175589 
0.07897 1.64 0.00396815 
0.07897 1.644 0.00607164 
0.07897 1.648 0.00632317 
0.07897 1.652 0.00457816 
0.07897 1.656 0.00214354 
0.07897 1.66 0.000744637 
0.07897 1.664 0.000173456 
0.07897 1.668 2.6813e-05 
0.07897 1.672 2.90408e-06 
0.07897 1.676 2.31451e-07 
0.07897 1.68 1.21927e-08 
0.07897 1.684 3.78473e-10 
0.08097 1.62 1.41971e-10 
0.08097 1.624 4.33131e-06 
0.08097 1.628 8.04148e-05 
0.08097 1.632 0.00039465 
0.08097 1.636 0.00142886 
0.08097 1.64 0.00332357 
0.08097 1.644 0.00564977 
0.08097 1.648 0.0061235 
0.08097 1.652 0.00460304 
0.08097 1.656 0.00236827 
0.08097 1.66 0.000837556 
0.08097 1.664 0.000211529 
0.08097 1.668 3.32292e-05 
0.08097 1.672 4.25278e-06 
0.08097 1.676 3.18991e-07 
0.08097 1.68 1.7504e-08 
0.08097 1.684 6.46052e-10 
0.08297 1.624 1.11372e-06 
0.08297 1.628 6.08257e-05 
0.08297 1.632 0.000341005 
0.08297 1.636 0.001304 
0.08297 1.64 0.00319862 
0.08297 1.644 0.00510708 
0.08297 1.648 0.00599239 
0.08297 1.652 0.00465252 
0.08297 1.656 0.00243949 
0.08297 1.66 0.000935705 
0.08297 1.664 0.000233972 
0.08297 1.668 4.19954e-05 
0.08297 1.672 4.97089e-06 
0.08297 1.676 4.13433e-07 
0.08297 1.68 2.47479e-08 
0.08297 1.684 9.0741e-10 
0.08497 1.624 1.73354e-07 
0.08497 1.628 3.65676e-05 
0.08497 1.632 0.000249625 
0.08497 1.636 0.00101359 
0.08497 1.64 0.00260959 
0.08497 1.644 0.00467538 
0.08497 1.648 0.00551742 
0.08497 1.652 0.00446828 
0.08497 1.656 0.00250113 
0.08497 1.66 0.000959946 
0.08497 1.664 0.000267444 
0.08497 1.668 4.76455e-05 
0.08497 1.672 5.93416e-06 
0.08497 1.676 4.87407e-07 
0.08497 1.68 2.73065e-08 
0.08497 1.684 1.19548e-09 
0.08697 1.624 1.45614e-08 
0.08697 1.628 1.94659e-05 
0.08697 1.632 0.000191567 
0.08697 1.636 0.000828545 
0.08697 1.64 0.00214009 
0.08697 1.644 0.00420997 
0.08697 1.648 0.0050057 
0.08697 1.652 0.00435957 
0.08697 1.656 0.00250768 
0.08697 1.66 0.001018 
0.08697 1.664 0.000283866 
0.08697 1.668 5.42091e-05 
0.08697 1.672 6.87405e-06 
0.08697 1.676 5.94068e-07 
0.08697 1.68 3.87303e-08 
0.08697 1.684 1.4978e-09 
0.08897 1.624 5.70162e-10 
0.08897 1.628 8.27708e-06 
0.08897 1.632 0.000139613 
0.08897 1.636 0.000644746 
0.08897 1.64 0.00175668 
0.08897 1.644 0.00341213 
0.08897 1.648 0.00451523 
0.08897 1.652 0.00413566 
0.08897 1.656 0.0025159 
0.08897 1.66 0.00107854 
0.08897 1.664 0.000281376 
0.08897 1.668 5.56289e-05 
0.08897 1.672 7.58128e-06 
0.08897 1.676 6.96393e-07 
0.08897 1.68 4.61601e-08 
0.08897 1.684 2.02867e-09 
0.09097 1.628 2.26849e-06 
0.09097 1.632 9.47834e-05 
0.09097 1.636 0.000458035 
0.09097 1.64 0.00141664 
0.09097 1.644 0.00308555 
0.09097 1.648 0.00408198 
0.09097 1.652 0.00386114 
0.09097 1.656 0.00245465 
0.09097 1.66 0.00105479 
0.09097 1.664 0.000318366 
0.09097 1.668 6.49051e-05 
0.09097 1.672 8.68882e-06 
0.09097 1.676 8.60668e-07 
0.09097 1.68 5.29555e-08 
0.09097 1.684 2.48657e-09 
0.09297 1.628 4.46585e-07 
0.09297 1.632 6.84937e-05 
0.09297 1.636 0.000393862 
0.09297 1.64 0.00125426 
0.09297 1.644 0.00254817 
0.09297 1.648 0.00379218 
0.09297 1.652 0.00377159 
0.09297 1.656 0.00243098 
0.09297 1.66 0.00115297 
0.09297 1.664 0.000347473 
0.09297 1.668 7.41459e-05 
0.09297 1.672 1.05354e-05 
0.09297 1.676 1.03016e-06 
0.09297 1.68 6.79518e-08 
0.09297 1.684 2.88313e-09 
0.09497 1.628 2.69791e-08 
0.09497 1.632 3.9498e-05 
0.09497 1.636 0.000305214 
0.09497 1.64 0.0010758 
0.09497 1.644 0.00234759 
0.09497 1.648 0.00360635 
0.09497 1.652 0.00367415 
0.09497 1.656 0.00247957 
0.09497 1.66 0.00113084 
0.09497 1.664 0.000362009 
0.09497 1.668 8.23375e-05 
0.09497 1.672 1.20385e-05 
0.09497 1.676 1.2066e-06 
0.09497 1.68 8.34855e-08 
0.09497 1.684 3.9754e-09 
0.09497 1.688 1.25608e-10 
0.09697 1.628 7.79516e-10 
0.09697 1.632 1.61439e-05 
0.09697 1.636 0.000230529 
0.09697 1.64 0.000839115 
0.09697 1.644 0.00211456 
0.09697 1.648 0.00331143 
0.09697 1.652 0.00354778 
0.09697 1.656 0.0025952 
0.09697 1.66 0.00126476 
0.09697 1.664 0.000400741 
0.09697 1.668 9.04402e-05 
0.09697 1.672 1.4098e-05 
0.09697 1.676 1.46351e-06 
0.09697 1.68 1.11491e-07 
0.09697 1.684 5.24493e-09 
0.09697 1.688 1.5484e-10 
0.09897 1.632 4.8493e-06 
0.09897 1.636 0.000162773 
0.09897 1.64 0.000653717 
0.09897 1.644 0.00155908 
0.09897 1.648 0.00267015 
0.09897 1.652 0.00297261 
0.09897 1.656 0.00227718 
0.09897 1.66 0.00114539 
0.09897 1.664 0.000411583 
0.09897 1.668 9.39957e-05 
0.09897 1.672 1.49636e-05 
0.09897 1.676 1.69601e-06 
0.09897 1.68 1.32637e-07 
0.09897 1.684 6.49946e-09 
0.09897 1.688 2.32173e-10 
0.10097 1.632 8.01868e-07 
0.10097 1.636 0.000100258 
0.10097 1.64 0.000498617 
0.10097 1.644 0.00135765 
0.10097 1.648 0.00242558 
0.10097 1.652 0.00289224 
0.10097 1.656 0.00225943 
0.10097 1.66 0.00123345 
0.10097 1.664 0.000423955 
0.10097 1.668 0.000100635 
0.10097 1.672 1.66717e-05 
0.10097 1.676 1.73725e-06 
0.10097 1.68 1.3042e-07 
0.10097 1.684 7.32184e-09 
0.10097 1.688 2.38557e-10 
0.10297 1.632 5.20738e-08 
0.10297 1.636 5.09428e-05 
0.10297 1.64 0.000376862 
0.10297 1.644 0.00104603 
0.10297 1.648 0.00189806 
0.10297 1.652 0.0022625 
0.10297 1.656 0.00199755 
0.10297 1.66 0.00112657 
0.10297 1.664 0.000414523 
0.10297 1.668 0.000111396 
0.10297 1.672 1.93292e-05 
0.10297 1.676 2.27069e-06 
0.10297 1.68 1.72102e-07 
0.10297 1.684 9.21686e-09 
0.10297 1.688 3.35671e-10 
0.10497 1.632 1.72083e-09 
0.10497 1.636 2.10829e-05 
0.10497 1.64 0.000266226 
0.10497 1.644 0.000792542 
0.10497 1.648 0.00155056 
0.10497 1.652 0.00199153 
0.10497 1.656 0.0017123 
0.10497 1.66 0.000967996 
0.10497 1.664 0.000389529 
0.10497 1.668 0.000102063 
0.10497 1.672 1.94075e-05 
0.10497 1.676 2.4276e-06 
0.10497 1.68 2.08478e-07 
0.10497 1.684 1.2098e-08 
0.10497 1.688 4.38132e-10 
0.10697 1.636 6.67565e-06 
0.10697 1.64 0.000192758 
0.10697 1.644 0.000648682 
0.10697 1.648 0.00132707 
0.10697 1.652 0.00182971 
0.10697 1.656 0.00165874 
0.10697 1.66 0.00102127 
0.10697 1.664 0.00042594 
0.10697 1.668 0.00011572 
0.10697 1.672 2.08113e-05 
0.10697 1.676 2.61905e-06 
0.10697 1.68 2.17205e-07 
0.10697 1.684 1.28579e-08 
0.10697 1.688 5.27358e-10 
0.10897 1.636 7.87147e-07 
0.10897 1.64 0.0001207 
0.10897 1.644 0.000495704 
0.10897 1.648 0.00110871 
0.10897 1.652 0.00163526 
0.10897 1.656 0.00153186 
0.10897 1.66 0.00101239 
0.10897 1.664 0.000435899 
0.10897 1.668 0.000126289 
0.10897 1.672 2.3875e-05 
0.10897 1.676 3.04922e-06 
0.10897 1.68 2.75725e-07 
0.10897 1.684 1.66209e-08 
0.10897 1.688 6.86297e-10 
0.11097 1.636 1.05724e-07 
0.11097 1.64 7.01129e-05 
0.11097 1.644 0.00040668 
0.11097 1.648 0.00087388 
0.11097 1.652 0.00127596 
0.11097 1.656 0.00135996 
0.11097 1.66 0.00092148 
0.11097 1.664 0.000410684 
0.11097 1.668 0.00012489 
0.11097 1.672 2.50552e-05 
0.11097 1.676 3.36307e-06 
0.11097 1.68 3.07239e-07 
0.11097 1.684 1.92722e-08 
0.11097 1.688 7.77627e-10 
0.11297 1.636 4.004e-09 
0.11297 1.64 2.64995e-05 
0.11297 1.644 0.000300185 
0.11297 1.648 0.000712675 
0.11297 1.652 0.00119045 
0.11297 1.656 0.00118005 
0.11297 1.66 0.000819156 
0.11297 1.664 0.000384578 
0.11297 1.668 0.000127772 
0.11297 1.672 2.67942e-05 
0.11297 1.676 3.79577e-06 
0.11297 1.68 3.60994e-07 
0.11297 1.684 2.24362e-08 
0.11297 1.688 1.02056e-09 
0.11497 1.64 7.45358e-06 
0.11497 1.644 0.000204732 
0.11497 1.648 0.000554878 
0.11497 1.652 0.000927978 
0.11497 1.656 0.00104091 
0.11497 1.66 0.000775307 
0.11497 1.664 0.000392213 
0.11497 1.668 0.000124615 
0.11497 1.672 2.74341e-05 
0.11497 1.676 4.14575e-06 
0.11497 1.68 4.00401e-07 
0.11497 1.684 2.75144e-08 
0.11497 1.688 1.24262e-09 
0.11697 1.64 1.57716e-06 
0.11697 1.644 0.000125195 
0.11697 1.648 0.000445725 
0.11697 1.652 0.00078896 
0.11697 1.656 0.000951738 
0.11697 1.66 0.000730748 
0.11697 1.664 0.000373438 
0.11697 1.668 0.000128202 
0.11697 1.672 2.95802e-05 
0.11697 1.676 4.43271e-06 
0.11697 1.68 4.44755e-07 
0.11697 1.684 2.99271e-08 
0.11697 1.688 1.3686e-09 
0.11897 1.64 1.2946e-07 
0.11897 1.644 6.53472e-05 
0.11897 1.648 0.000332285 
0.11897 1.652 0.000587462 
0.11897 1.656 0.000713978 
0.11897 1.66 0.000580525 
0.11897 1.664 0.000313129 
0.11897 1.668 0.000111336 
0.11897 1.672 2.66442e-05 
0.11897 1.676 4.17935e-06 
0.11897 1.68 4.53686e-07 
0.11897 1.684 3.47956e-08 
0.11897 1.688 1.58098e-09 
0.12097 1.64 5.55226e-10 
0.12097 1.644 2.67281e-05 
0.12097 1.648 0.000222225 
0.12097 1.652 0.00044581 
0.12097 1.656 0.000592099 
0.12097 1.66 0.000497759 
0.12097 1.664 0.000295063 
0.12097 1.668 0.000111732 
0.12097 1.672 2.69693e-05 
0.12097 1.676 4.61869e-06 
0.12097 1.68 5.3286e-07 
0.12097 1.684 3.55598e-08 
0.12097 1.688 1.71677e-09 
0.12297 1.644 7.76476e-06 
0.12297 1.648 0.000161925 
0.12297 1.652 0.000373752 
0.12297 1.656 0.000481099 
0.12297 1.66 0.000443847 
0.12297 1.664 0.000262507 
0.12297 1.668 0.000101424 
0.12297 1.672 2.73485e-05 
0.12297 1.676 4.86334e-06 
0.12297 1.68 5.49585e-07 
0.12297 1.684 4.22478e-08 
0.12297 1.688 2.15868e-09 
0.12497 1.644 1.03303e-06 
0.12497 1.648 0.000106749 
0.12497 1.652 0.000300811 
0.12497 1.656 0.000420847 
0.12497 1.66 0.000407017 
0.12497 1.664 0.000251065 
0.12497 1.668 0.000102733 
0.12497 1.672 2.75914e-05 
0.12497 1.676 4.71157e-06 
0.12497 1.68 5.75436e-07 
0.12497 1.684 4.75903e-08 
0.12497 1.688 2.33386e-09 
0.12697 1.644 1.90332e-07 
0.12697 1.648 5.57162e-05 
0.12697 1.652 0.000218828 
0.12697 1.656 0.000344873 
0.12697 1.66 0.000341928 
0.12697 1.664 0.000226078 
0.12697 1.668 9.63441e-05 
0.12697 1.672 2.70903e-05 
0.12697 1.676 5.02024e-06 
0.12697 1.68 6.4354e-07 
0.12697 1.684 5.18325e-08 
0.12697 1.688 2.81413e-09 
0.12697 1.692 1.01796e-10 
0.12897 1.644 1.37769e-09 
0.12897 1.648 2.4747e-05 
0.12897 1.652 0.000168446 
0.12897 1.656 0.000263473 
0.12897 1.66 0.000268886 
0.12897 1.664 0.000186871 
0.12897 1.668 8.33289e-05 
0.12897 1.672 2.53249e-05 
0.12897 1.676 5.03379e-06 
0.12897 1.68 6.63369e-07 
0.12897 1.684 5.69913e-08 
0.12897 1.688 3.30014e-09 
0.12897 1.692 1.2371e-10 
0.13097 1.648 7.01463e-06 
0.13097 1.652 0.000120818 
0.13097 1.656 0.000220055 
0.13097 1.66 0.000240727 
0.13097 1.664 0.000169619 
0.13097 1.668 8.10599e-05 
0.13097 1.672 2.4136e-05 
0.13097 1.676 5.10358e-06 
0.13097 1.68 6.48897e-07 
0.13097 1.684 5.78371e-08 
0.13097 1.688 3.68862e-09 
0.13097 1.692 1.42105e-10 
0.13297 1.648 1.05294e-06 
0.13297 1.652 7.4909e-05 
0.13297 1.656 0.000174588 
0.13297 1.66 0.000199259 
0.13297 1.664 0.000148862 
0.13297 1.668 7.21269e-05 
0.13297 1.672 2.40917e-05 
0.13297 1.676 4.93954e-06 
0.13297 1.68 6.79879e-07 
0.13297 1.684 6.40451e-08 
0.13297 1.688 3.9139e-09 
0.13297 1.692 1.6318e-10 
0.13497 1.648 1.361e-07 
0.13497 1.652 4.12299e-05 
0.13497 1.656 0.000128597 
0.13497 1.66 0.000159588 
0.13497 1.664 0.000126348 
0.13497 1.668 6.71272e-05 
0.13497 1.672 2.26846e-05 
0.13497 1.676 5.33344e-06 
0.13497 1.68 8.08209e-07 
0.13497 1.684 7.61917e-08 
0.13497 1.688 4.71402e-09 
0.13497 1.692 1.87561e-10 
0.13697 1.648 4.39481e-09 
0.13697 1.652 1.54614e-05 
0.13697 1.656 9.97323e-05 
0.13697 1.66 0.000132533 
0.13697 1.664 0.000108312 
0.13697 1.668 5.82336e-05 
0.13697 1.672 2.02381e-05 
0.13697 1.676 4.79989e-06 
0.13697 1.68 6.99821e-07 
0.13697 1.684 6.98709e-08 
0.13697 1.688 4.46188e-09 
0.13697 1.692 2.00996e-10 
0.13897 1.652 5.02093e-06 
0.13897 1.656 6.40213e-05 
0.13897 1.66 9.18556e-05 
0.13897 1.664 8.35933e-05 
0.13897 1.668 4.78289e-05 
0.13897 1.672 1.8155e-05 
0.13897 1.676 4.41312e-06 
0.13897 1.68 7.36257e-07 
0.13897 1.684 7.7166e-08 
0.13897 1.688 5.14961e-09 
0.13897 1.692 2.26737e-10 
0.14097 1.652 6.13232e-07 
0.14097 1.656 3.65669e-05 
0.14097 1.66 6.96474e-05 
0.14097 1.664 6.47709e-05 
0.14097 1.668 3.89102e-05 
0.14097 1.672 1.50297e-05 
0.14097 1.676 4.06957e-06 
0.14097 1.68 6.77093e-07 
0.14097 1.684 7.26874e-08 
0.14097 1.688 5.27229e-09 
0.14097 1.692 2.33225e-10 
0.14297 1.652 8.44864e-08 
0.14297 1.656 1.906e-05 
0.14297 1.66 5.66616e-05 
0.14297 1.664 5.33146e-05 
0.14297 1.668 3.47591e-05 
0.14297 1.672 1.40447e-05 
0.14297 1.676 3.81038e-06 
0.14297 1.68 6.85596e-07 
0.14297 1.684 7.67301e-08 
0.14297 1.688 5.81205e-09 
0.14297 1.692 2.66476e-10 
0.14497 1.652 4.10866e-09 
0.14497 1.656 8.0416e-06 
0.14497 1.66 4.14715e-05 
0.14497 1.664 4.29908e-05 
0.14497 1.668 2.87809e-05 
0.14497 1.672 1.27033e-05 
0.14497 1.676 3.52223e-06 
0.14497 1.68 6.41978e-07 
0.14497 1.684 7.98674e-08 
0.14497 1.688 6.15705e-09 
0.14497 1.692 3.1624e-10 
0.14697 1.656 2.39838e-06 
0.14697 1.66 2.86166e-05 
0.14697 1.664 3.44709e-05 
0.14697 1.668 2.3678e-05 
0.14697 1.672 1.11296e-05 
0.14697 1.676 3.11191e-06 
0.14697 1.68 6.18971e-07 
0.14697 1.684 7.422e-08 
0.14697 1.688 5.96686e-09 
0.14697 1.692 3.11572e-10 
0.14897 1.656 4.48076e-07 
0.14897 1.66 1.80702e-05 
0.14897 1.664 2.66671e-05 
0.14897 1.668 2.02549e-05 
0.14897 1.672 9.44323e-06 
0.14897 1.676 2.93368e-06 
0.14897 1.68 5.88101e-07 
0.14897 1.684 7.39769e-08 
0.14897 1.688 6.47236e-09 
0.14897 1.692 3.64593e-10 
0.15097 1.656 3.16161e-08 
0.15097 1.66 8.69704e-06 
0.15097 1.664 2.10972e-05 
0.15097 1.668 1.63441e-05 
0.15097 1.672 8.0466e-06 
0.15097 1.676 2.68972e-06 
0.15097 1.68 5.60423e-07 
0.15097 1.684 7.75671e-08 
0.15097 1.688 6.65074e-09 
0.15097 1.692 3.74447e-10 
0.15297 1.656 1.1023e-09 
0.15297 1.66 3.70233e-06 
0.15297 1.664 1.51443e-05 
0.15297 1.668 1.28005e-05 
0.15297 1.672 6.94967e-06 
0.15297 1.676 2.40999e-06 
0.15297 1.68 4.90263e-07 
0.15297 1.684 7.48086e-08 
0.15297 1.688 6.73154e-09 
0.15297 1.692 4.00512e-10 
0.15497 1.66 9.79864e-07 
0.15497 1.664 1.1813e-05 
0.15497 1.668 1.12807e-05 
0.15497 1.672 5.97129e-06 
0.15497 1.676 2.09686e-06 
0.15497 1.68 4.75858e-07 
0.15497 1.684 7.02379e-08 
0.15497 1.688 7.0119e-09 
0.15497 1.692 3.78991e-10 
0.15697 1.66 1.76251e-07 
0.15697 1.664 5.86939e-06 
0.15697 1.668 7.48467e-06 
0.15697 1.672 4.30996e-06 
0.15697 1.676 1.65632e-06 
0.15697 1.68 4.04857e-07 
0.15697 1.684 6.39277e-08 
0.15697 1.688 6.0307e-09 
0.15697 1.692 3.99901e-10 
0.15897 1.66 1.08313e-08 
0.15897 1.664 2.85782e-06 
0.15897 1.668 5.4657e-06 
0.15897 1.672 3.39134e-06 
0.15897 1.676 1.37494e-06 
0.15897 1.68 3.22583e-07 
0.15897 1.684 5.37218e-08 
0.15897 1.688 6.0434e-09 
0.15897 1.692 3.7545e-10 
0.16097 1.66 7.15446e-10 
0.16097 1.664 1.19311e-06 
0.16097 1.668 4.21645e-06 
0.16097 1.672 2.80443e-06 
0.16097 1.676 1.14598e-06 
0.16097 1.68 3.1736e-07 
0.16097 1.684 5.21972e-08 
0.16097 1.688 5.41905e-09 
0.16097 1.692 4.00169e-10 
0.16297 1.664 3.33912e-07 
0.16297 1.668 2.80036e-06 
0.16297 1.672 2.19092e-06 
0.16297 1.676 9.69265e-07 
0.16297 1.68 2.59764e-07 
0.16297 1.684 4.89051e-08 
0.16297 1.688 5.5457e-09 
0.16297 1.692 3.94691e-10 
0.16497 1.664 6.66658e-08 
0.16497 1.668 1.62817e-06 
0.16497 1.672 1.6773e-06 
0.16497 1.676 7.65727e-07 
0.16497 1.68 2.2974e-07 
0.16497 1.684 3.99544e-08 
0.16497 1.688 4.92644e-09 
0.16497 1.692 3.7605e-10 
0.16697 1.664 3.36613e-09 
0.16697 1.668 8.68812e-07 
0.16697 1.672 1.37339e-06 
0.16697 1.676 6.56471e-07 
0.16697 1.68 1.92685e-07 
0.16697 1.684 3.87934e-08 
0.16697 1.688 4.79511e-09 
0.16697 1.692 3.78503e-10 
0.16897 1.664 2.80365e-10 
0.16897 1.668 3.47401e-07 
0.16897 1.672 9.02993e-07 
0.16897 1.676 4.94169e-07 
0.16897 1.68 1.63566e-07 
0.16897 1.684 3.25586e-08 
0.16897 1.688 4.08273e-09 
0.16897 1.692 3.71232e-10 
0.17097 1.668 1.04026e-07 
0.17097 1.672 6.87079e-07 
0.17097 1.676 4.14421e-07 
0.17097 1.68 1.40378e-07 
0.17097 1.684 3.05606e-08 
0.17097 1.688 3.95681e-09 
0.17097 1.692 3.2249e-10 
0.17297 1.668 1.59733e-08 
0.17297 1.672 3.93568e-07 
0.17297 1.676 3.17769e-07 
0.17297 1.68 1.20416e-07 
0.17297 1.684 2.56367e-08 
0.17297 1.688 3.70004e-09 
0.17297 1.692 3.34822e-10 
0.17497 1.668 1.59719e-09 
0.17497 1.672 2.12355e-07 
0.17497 1.676 2.54101e-07 
0.17497 1.68 9.59309e-08 
0.17497 1.684 2.29242e-08 
0.17497 1.688 3.49163e-09 
0.17497 1.692 3.2067e-10 
0.17697 1.672 6.30985e-08 
0.17697 1.676 1.56817e-07 
0.17697 1.68 6.6812e-08 
0.17697 1.684 1.66757e-08 
0.17697 1.688 2.55403e-09 
0.17697 1.692 2.68135e-10 
0.17897 1.672 1.5148e-08 
0.17897 1.676 1.04349e-07 
0.17897 1.68 5.09121e-08 
0.17897 1.684 1.39001e-08 
0.17897 1.688 2.26554e-09 
0.17897 1.692 2.3862e-10 
0.18097 1.672 2.61591e-09 
0.18097 1.676 6.0004e-08 
0.18097 1.68 3.96192e-08 
0.18097 1.684 1.14157e-08 
0.18097 1.688 2.0178e-09 
0.18097 1.692 2.19613e-10 
0.18297 1.672 2.54243e-10 
0.18297 1.676 2.95723e-08 
0.18297 1.68 3.10698e-08 
0.18297 1.684 9.2477e-09 
0.18297 1.688 1.71331e-09 
0.18297 1.692 2.03956e-10 
0.18497 1.676 1.04426e-08 
0.18497 1.68 2.19804e-08 
0.18497 1.684 7.05141e-09 
0.18497 1.688 1.37193e-09 
0.18497 1.692 1.70548e-10 
0.18697 1.676 3.33485e-09 
0.18697 1.68 1.46265e-08 
0.18697 1.684 5.68786e-09 
0.18697 1.688 1.13374e-09 
0.18697 1.692 1.54131e-10 
0.18897 1.676 4.57566e-10 
0.18897 1.68 8.42855e-09 
0.18897 1.684 4.40886e-09 
0.18897 1.688 9.54468e-10 
0.18897 1.692 1.27869e-10 
0.19097 1.68 4.02165e-09 
0.19097 1.684 3.28522e-09 
0.19097 1.688 7.57207e-10 
0.19097 1.692 1.09338e-10 
0.19297 1.68 1.66733e-09 
0.19297 1.684 2.40703e-09 
0.19297 1.688 6.18643e-10 
0.19497 1.68 4.2614e-10 
0.19497 1.684 1.54856e-09 
0.19497 1.688 4.48713e-10 
0.19697 1.684 9.34366e-10 
0.19697 1.688 3.66846e-10 
0.19897 1.684 3.92201e-10 
0.19897 1.688 2.55245e-10 
0.20097 1.684 1.5527e-10 
0.20097 1.688 1.86633e-10 
0.20297 1.688 1.21634e-10 
