#logm logr JPDF
-0.05103 1.612 3.1862e-10 
-0.05103 1.616 1.08214e-10 
-0.04903 1.604 1.08241e-10 
-0.04903 1.608 4.37185e-10 
-0.04903 1.612 1.30723e-09 
-0.04903 1.616 1.42823e-09 
-0.04703 1.6 1.54952e-10 
-0.04703 1.604 5.91367e-10 
-0.04703 1.608 1.73986e-09 
-0.04703 1.612 3.53686e-09 
-0.04703 1.616 5.73718e-09 
-0.04703 1.62 3.57045e-10 
-0.04503 1.6 3.75555e-10 
-0.04503 1.604 1.31017e-09 
-0.04503 1.608 3.77754e-09 
-0.04503 1.612 8.18084e-09 
-0.04503 1.616 1.55312e-08 
-0.04503 1.62 5.56559e-09 
-0.04303 1.596 1.10729e-10 
-0.04303 1.6 5.48898e-10 
-0.04303 1.604 1.94902e-09 
-0.04303 1.608 6.18887e-09 
-0.04303 1.612 1.39195e-08 
-0.04303 1.616 2.51224e-08 
-0.04303 1.62 2.01007e-08 
-0.04103 1.596 2.39662e-10 
-0.04103 1.6 1.29429e-09 
-0.04103 1.604 5.0009e-09 
-0.04103 1.608 1.39945e-08 
-0.04103 1.612 3.37919e-08 
-0.04103 1.616 6.01134e-08 
-0.04103 1.62 6.88976e-08 
-0.04103 1.624 2.93721e-09 
-0.03903 1.596 4.41667e-10 
-0.03903 1.6 2.4132e-09 
-0.03903 1.604 9.75442e-09 
-0.03903 1.608 2.59509e-08 
-0.03903 1.612 7.08533e-08 
-0.03903 1.616 1.18038e-07 
-0.03903 1.62 1.79093e-07 
-0.03903 1.624 2.53389e-08 
-0.03703 1.596 5.67881e-10 
-0.03703 1.6 3.51658e-09 
-0.03703 1.604 1.50043e-08 
-0.03703 1.608 4.47725e-08 
-0.03703 1.612 1.03766e-07 
-0.03703 1.616 1.94073e-07 
-0.03703 1.62 2.81193e-07 
-0.03703 1.624 1.25681e-07 
-0.03503 1.592 2.03324e-10 
-0.03503 1.596 1.47667e-09 
-0.03503 1.6 1.02879e-08 
-0.03503 1.604 4.05868e-08 
-0.03503 1.608 1.52753e-07 
-0.03503 1.612 3.42203e-07 
-0.03503 1.616 6.69563e-07 
-0.03503 1.62 8.99784e-07 
-0.03503 1.624 7.81755e-07 
-0.03303 1.592 1.99246e-10 
-0.03303 1.596 1.89968e-09 
-0.03303 1.6 1.09183e-08 
-0.03303 1.604 5.40757e-08 
-0.03303 1.608 1.7768e-07 
-0.03303 1.612 4.82835e-07 
-0.03303 1.616 1.03208e-06 
-0.03303 1.62 1.60439e-06 
-0.03303 1.624 1.83406e-06 
-0.03303 1.628 2.52466e-07 
-0.03103 1.592 5.83886e-10 
-0.03103 1.596 4.93886e-09 
-0.03103 1.6 2.81616e-08 
-0.03103 1.604 1.49911e-07 
-0.03103 1.608 4.95184e-07 
-0.03103 1.612 1.39158e-06 
-0.03103 1.616 2.49653e-06 
-0.03103 1.62 3.75994e-06 
-0.03103 1.624 3.77888e-06 
-0.03103 1.628 1.32715e-06 
-0.02903 1.592 5.21055e-10 
-0.02903 1.596 4.61332e-09 
-0.02903 1.6 3.25045e-08 
-0.02903 1.604 1.53848e-07 
-0.02903 1.608 6.09776e-07 
-0.02903 1.612 1.67346e-06 
-0.02903 1.616 3.51368e-06 
-0.02903 1.62 5.33005e-06 
-0.02903 1.624 6.08852e-06 
-0.02903 1.628 3.44874e-06 
-0.02703 1.592 8.42202e-10 
-0.02703 1.596 9.26022e-09 
-0.02703 1.6 5.66888e-08 
-0.02703 1.604 3.11856e-07 
-0.02703 1.608 1.1585e-06 
-0.02703 1.612 3.30871e-06 
-0.02703 1.616 7.08876e-06 
-0.02703 1.62 1.06401e-05 
-0.02703 1.624 1.32908e-05 
-0.02703 1.628 1.00608e-05 
-0.02703 1.632 5.18273e-07 
-0.02503 1.592 8.10846e-10 
-0.02503 1.596 7.04016e-09 
-0.02503 1.6 5.12897e-08 
-0.02503 1.604 2.77578e-07 
-0.02503 1.608 1.108e-06 
-0.02503 1.612 3.22182e-06 
-0.02503 1.616 6.70095e-06 
-0.02503 1.62 1.11888e-05 
-0.02503 1.624 1.35502e-05 
-0.02503 1.628 1.25274e-05 
-0.02503 1.632 2.31294e-06 
-0.02303 1.592 1.34273e-09 
-0.02303 1.596 1.38209e-08 
-0.02303 1.6 9.64576e-08 
-0.02303 1.604 5.15813e-07 
-0.02303 1.608 2.14295e-06 
-0.02303 1.612 6.17738e-06 
-0.02303 1.616 1.41044e-05 
-0.02303 1.62 2.30944e-05 
-0.02303 1.624 2.76073e-05 
-0.02303 1.628 2.51661e-05 
-0.02303 1.632 8.8669e-06 
-0.02103 1.592 1.03211e-09 
-0.02103 1.596 1.05983e-08 
-0.02103 1.6 8.54848e-08 
-0.02103 1.604 6.05734e-07 
-0.02103 1.608 2.43261e-06 
-0.02103 1.612 7.98123e-06 
-0.02103 1.616 1.85115e-05 
-0.02103 1.62 3.65983e-05 
-0.02103 1.624 4.84656e-05 
-0.02103 1.628 4.6582e-05 
-0.02103 1.632 2.87043e-05 
-0.02103 1.636 1.06707e-06 
-0.01903 1.588 1.2158e-10 
-0.01903 1.592 1.95931e-09 
-0.01903 1.596 1.97774e-08 
-0.01903 1.6 1.5966e-07 
-0.01903 1.604 8.63843e-07 
-0.01903 1.608 3.83001e-06 
-0.01903 1.612 1.18207e-05 
-0.01903 1.616 2.69661e-05 
-0.01903 1.62 4.32834e-05 
-0.01903 1.624 5.37964e-05 
-0.01903 1.628 5.00785e-05 
-0.01903 1.632 2.82576e-05 
-0.01903 1.636 3.7737e-06 
-0.01703 1.588 1.33198e-10 
-0.01703 1.592 2.31404e-09 
-0.01703 1.596 2.65338e-08 
-0.01703 1.6 2.3258e-07 
-0.01703 1.604 1.52012e-06 
-0.01703 1.608 6.51521e-06 
-0.01703 1.612 2.10047e-05 
-0.01703 1.616 5.10769e-05 
-0.01703 1.62 8.65275e-05 
-0.01703 1.624 0.000116252 
-0.01703 1.628 0.000106201 
-0.01703 1.632 7.72914e-05 
-0.01703 1.636 2.01202e-05 
-0.01503 1.588 1.32307e-10 
-0.01503 1.592 2.21466e-09 
-0.01503 1.596 2.45845e-08 
-0.01503 1.6 2.05035e-07 
-0.01503 1.604 1.32132e-06 
-0.01503 1.608 6.51198e-06 
-0.01503 1.612 2.13674e-05 
-0.01503 1.616 5.2904e-05 
-0.01503 1.62 9.57737e-05 
-0.01503 1.624 0.000125535 
-0.01503 1.628 0.000127437 
-0.01503 1.632 9.0429e-05 
-0.01503 1.636 4.05749e-05 
-0.01503 1.64 4.36651e-07 
-0.01303 1.588 1.25477e-10 
-0.01303 1.592 1.91741e-09 
-0.01303 1.596 2.43613e-08 
-0.01303 1.6 2.42265e-07 
-0.01303 1.604 1.53915e-06 
-0.01303 1.608 7.27119e-06 
-0.01303 1.612 2.52265e-05 
-0.01303 1.616 6.86769e-05 
-0.01303 1.62 0.000135032 
-0.01303 1.624 0.000185814 
-0.01303 1.628 0.000186751 
-0.01303 1.632 0.000129376 
-0.01303 1.636 6.44259e-05 
-0.01303 1.64 4.39125e-06 
-0.01103 1.588 1.00672e-10 
-0.01103 1.592 1.69182e-09 
-0.01103 1.596 2.16096e-08 
-0.01103 1.6 2.08205e-07 
-0.01103 1.604 1.46228e-06 
-0.01103 1.608 6.94621e-06 
-0.01103 1.612 2.45762e-05 
-0.01103 1.616 6.67194e-05 
-0.01103 1.62 0.000127287 
-0.01103 1.624 0.000180662 
-0.01103 1.628 0.000201974 
-0.01103 1.632 0.000166766 
-0.01103 1.636 9.90271e-05 
-0.01103 1.64 1.54514e-05 
-0.00902998 1.592 1.59963e-09 
-0.00902998 1.596 2.19526e-08 
-0.00902998 1.6 2.3605e-07 
-0.00902998 1.604 1.68041e-06 
-0.00902998 1.608 8.7948e-06 
-0.00902998 1.612 3.31763e-05 
-0.00902998 1.616 8.57423e-05 
-0.00902998 1.62 0.00017158 
-0.00902998 1.624 0.000252042 
-0.00902998 1.628 0.000251338 
-0.00902998 1.632 0.000192707 
-0.00902998 1.636 0.000116048 
-0.00902998 1.64 2.98628e-05 
-0.00902998 1.644 9.93933e-08 
-0.00703001 1.592 1.16701e-09 
-0.00703001 1.596 1.88949e-08 
-0.00703001 1.6 2.13609e-07 
-0.00703001 1.604 1.50851e-06 
-0.00703001 1.608 7.92297e-06 
-0.00703001 1.612 3.22124e-05 
-0.00703001 1.616 9.47387e-05 
-0.00703001 1.62 0.000190953 
-0.00703001 1.624 0.000301225 
-0.00703001 1.628 0.000346804 
-0.00703001 1.632 0.000291823 
-0.00703001 1.636 0.00017236 
-0.00703001 1.64 6.53664e-05 
-0.00703001 1.644 1.03688e-06 
-0.00503001 1.592 1.00949e-09 
-0.00503001 1.596 1.51719e-08 
-0.00503001 1.6 1.63284e-07 
-0.00503001 1.604 1.31127e-06 
-0.00503001 1.608 7.44024e-06 
-0.00503001 1.612 3.29616e-05 
-0.00503001 1.616 9.56779e-05 
-0.00503001 1.62 0.000213101 
-0.00503001 1.624 0.000331488 
-0.00503001 1.628 0.000378759 
-0.00503001 1.632 0.000304575 
-0.00503001 1.636 0.000196311 
-0.00503001 1.64 7.89821e-05 
-0.00503001 1.644 5.75535e-06 
-0.00303 1.592 9.83819e-10 
-0.00303 1.596 1.54543e-08 
-0.00303 1.6 1.77662e-07 
-0.00303 1.604 1.44793e-06 
-0.00303 1.608 7.97345e-06 
-0.00303 1.612 3.25797e-05 
-0.00303 1.616 0.000101338 
-0.00303 1.62 0.000243891 
-0.00303 1.624 0.000420685 
-0.00303 1.628 0.000503403 
-0.00303 1.632 0.000462551 
-0.00303 1.636 0.000285884 
-0.00303 1.64 0.000134137 
-0.00303 1.644 1.58612e-05 
-0.00303 1.648 2.06407e-09 
-0.00103 1.592 6.17273e-10 
-0.00103 1.596 1.02878e-08 
-0.00103 1.6 1.35794e-07 
-0.00103 1.604 1.24732e-06 
-0.00103 1.608 7.47047e-06 
-0.00103 1.612 3.28316e-05 
-0.00103 1.616 0.000110546 
-0.00103 1.62 0.000236076 
-0.00103 1.624 0.000405713 
-0.00103 1.628 0.00054231 
-0.00103 1.632 0.000456754 
-0.00103 1.636 0.000302698 
-0.00103 1.64 0.000145754 
-0.00103 1.644 3.61717e-05 
-0.00103 1.648 8.2416e-08 
0.000970006 1.592 5.79108e-10 
0.000970006 1.596 1.02434e-08 
0.000970006 1.6 1.2268e-07 
0.000970006 1.604 1.05774e-06 
0.000970006 1.608 7.05213e-06 
0.000970006 1.612 3.29874e-05 
0.000970006 1.616 0.000112052 
0.000970006 1.62 0.000289466 
0.000970006 1.624 0.000532613 
0.000970006 1.628 0.00067883 
0.000970006 1.632 0.000626223 
0.000970006 1.636 0.000452556 
0.000970006 1.64 0.000217134 
0.000970006 1.644 6.4353e-05 
0.000970006 1.648 6.30917e-07 
0.00297001 1.592 4.15803e-10 
0.00297001 1.596 7.36848e-09 
0.00297001 1.6 9.93745e-08 
0.00297001 1.604 9.67742e-07 
0.00297001 1.608 6.73966e-06 
0.00297001 1.612 3.31529e-05 
0.00297001 1.616 0.000114682 
0.00297001 1.62 0.000294693 
0.00297001 1.624 0.000548949 
0.00297001 1.628 0.00071981 
0.00297001 1.632 0.000790701 
0.00297001 1.636 0.00054237 
0.00297001 1.64 0.000318864 
0.00297001 1.644 0.000111511 
0.00297001 1.648 5.86127e-06 
0.00497001 1.592 3.31195e-10 
0.00497001 1.596 6.20126e-09 
0.00497001 1.6 9.03342e-08 
0.00497001 1.604 9.41466e-07 
0.00497001 1.608 6.46252e-06 
0.00497001 1.612 3.17524e-05 
0.00497001 1.616 0.000116627 
0.00497001 1.62 0.00029586 
0.00497001 1.624 0.000561891 
0.00497001 1.628 0.000786394 
0.00497001 1.632 0.00076438 
0.00497001 1.636 0.000569674 
0.00497001 1.64 0.000294079 
0.00497001 1.644 0.000115131 
0.00497001 1.648 1.39248e-05 
0.00497001 1.652 3.34952e-09 
0.00697002 1.592 2.51049e-10 
0.00697002 1.596 4.94166e-09 
0.00697002 1.6 7.39416e-08 
0.00697002 1.604 8.11296e-07 
0.00697002 1.608 6.21159e-06 
0.00697002 1.612 3.32445e-05 
0.00697002 1.616 0.000124556 
0.00697002 1.62 0.000343301 
0.00697002 1.624 0.00067155 
0.00697002 1.628 0.000971695 
0.00697002 1.632 0.00104707 
0.00697002 1.636 0.000771768 
0.00697002 1.64 0.000466605 
0.00697002 1.644 0.000185508 
0.00697002 1.648 3.45692e-05 
0.00697002 1.652 7.92934e-08 
0.00896999 1.592 1.98623e-10 
0.00896999 1.596 4.1399e-09 
0.00896999 1.6 6.34074e-08 
0.00896999 1.604 6.57214e-07 
0.00896999 1.608 5.15051e-06 
0.00896999 1.612 2.85575e-05 
0.00896999 1.616 0.000117163 
0.00896999 1.62 0.000329958 
0.00896999 1.624 0.000659063 
0.00896999 1.628 0.000933994 
0.00896999 1.632 0.00101341 
0.00896999 1.636 0.000798143 
0.00896999 1.64 0.00047581 
0.00896999 1.644 0.000205285 
0.00896999 1.648 5.0993e-05 
0.00896999 1.652 6.10503e-07 
0.01097 1.592 1.47126e-10 
0.01097 1.596 3.5974e-09 
0.01097 1.6 5.8177e-08 
0.01097 1.604 6.61978e-07 
0.01097 1.608 5.58909e-06 
0.01097 1.612 3.21878e-05 
0.01097 1.616 0.000124068 
0.01097 1.62 0.000356878 
0.01097 1.624 0.00076263 
0.01097 1.628 0.00113249 
0.01097 1.632 0.00125888 
0.01097 1.636 0.00106528 
0.01097 1.64 0.000584232 
0.01097 1.644 0.000265968 
0.01097 1.648 7.50503e-05 
0.01097 1.652 2.81431e-06 
0.01297 1.596 2.66579e-09 
0.01297 1.6 4.63966e-08 
0.01297 1.604 6.00893e-07 
0.01297 1.608 4.74212e-06 
0.01297 1.612 2.64565e-05 
0.01297 1.616 0.000113961 
0.01297 1.62 0.000348774 
0.01297 1.624 0.000750751 
0.01297 1.628 0.00130333 
0.01297 1.632 0.00151759 
0.01297 1.636 0.00129989 
0.01297 1.64 0.000846294 
0.01297 1.644 0.000354366 
0.01297 1.648 0.000116385 
0.01297 1.652 1.04864e-05 
0.01297 1.656 7.6752e-10 
0.01497 1.596 2.33596e-09 
0.01497 1.6 4.07169e-08 
0.01497 1.604 4.95463e-07 
0.01497 1.608 4.37728e-06 
0.01497 1.612 2.70012e-05 
0.01497 1.616 0.000120371 
0.01497 1.62 0.000370618 
0.01497 1.624 0.000822268 
0.01497 1.628 0.00123355 
0.01497 1.632 0.001428 
0.01497 1.636 0.00128103 
0.01497 1.64 0.000828592 
0.01497 1.644 0.000385114 
0.01497 1.648 0.00012276 
0.01497 1.652 2.23202e-05 
0.01497 1.656 1.97702e-08 
0.01697 1.596 1.40623e-09 
0.01697 1.6 2.56521e-08 
0.01697 1.604 3.79984e-07 
0.01697 1.608 3.72133e-06 
0.01697 1.612 2.3776e-05 
0.01697 1.616 0.000112424 
0.01697 1.62 0.000393304 
0.01697 1.624 0.000930873 
0.01697 1.628 0.00163058 
0.01697 1.632 0.0019622 
0.01697 1.636 0.00172429 
0.01697 1.64 0.00104957 
0.01697 1.644 0.000520985 
0.01697 1.648 0.000182135 
0.01697 1.652 3.5276e-05 
0.01697 1.656 4.24804e-07 
0.01897 1.596 1.14078e-09 
0.01897 1.6 2.31869e-08 
0.01897 1.604 3.31249e-07 
0.01897 1.608 2.91433e-06 
0.01897 1.612 2.11585e-05 
0.01897 1.616 9.85886e-05 
0.01897 1.62 0.000311706 
0.01897 1.624 0.000770707 
0.01897 1.628 0.00137134 
0.01897 1.632 0.00178551 
0.01897 1.636 0.00169734 
0.01897 1.64 0.00124414 
0.01897 1.644 0.000574854 
0.01897 1.648 0.000208502 
0.01897 1.652 5.5763e-05 
0.01897 1.656 1.19196e-06 
0.02097 1.596 7.43586e-10 
0.02097 1.6 1.93356e-08 
0.02097 1.604 2.80555e-07 
0.02097 1.608 3.1078e-06 
0.02097 1.612 2.13567e-05 
0.02097 1.616 0.000108419 
0.02097 1.62 0.000398992 
0.02097 1.624 0.00103113 
0.02097 1.628 0.00186547 
0.02097 1.632 0.00253557 
0.02097 1.636 0.00228832 
0.02097 1.64 0.00161196 
0.02097 1.644 0.000816413 
0.02097 1.648 0.000288596 
0.02097 1.652 7.49097e-05 
0.02097 1.656 6.00944e-06 
0.02097 1.66 4.07192e-10 
0.02297 1.596 5.15521e-10 
0.02297 1.6 1.27539e-08 
0.02297 1.604 1.85944e-07 
0.02297 1.608 2.10669e-06 
0.02297 1.612 1.5405e-05 
0.02297 1.616 8.73321e-05 
0.02297 1.62 0.000356123 
0.02297 1.624 0.000942614 
0.02297 1.628 0.00193166 
0.02297 1.632 0.00267172 
0.02297 1.636 0.00284569 
0.02297 1.64 0.00204215 
0.02297 1.644 0.00105387 
0.02297 1.648 0.00041672 
0.02297 1.652 0.000100048 
0.02297 1.656 1.38768e-05 
0.02297 1.66 6.34201e-09 
0.02497 1.596 2.8469e-10 
0.02497 1.6 9.46615e-09 
0.02497 1.604 1.63388e-07 
0.02497 1.608 1.85389e-06 
0.02497 1.612 1.45162e-05 
0.02497 1.616 8.60737e-05 
0.02497 1.62 0.000322349 
0.02497 1.624 0.000914346 
0.02497 1.628 0.00181322 
0.02497 1.632 0.00278254 
0.02497 1.636 0.00274503 
0.02497 1.64 0.00213128 
0.02497 1.644 0.00107657 
0.02497 1.648 0.000438006 
0.02497 1.652 0.00012346 
0.02497 1.656 2.14576e-05 
0.02497 1.66 1.66176e-07 
0.02697 1.596 1.01621e-10 
0.02697 1.6 8.12053e-09 
0.02697 1.604 1.35214e-07 
0.02697 1.608 1.57642e-06 
0.02697 1.612 1.39704e-05 
0.02697 1.616 7.66229e-05 
0.02697 1.62 0.00033389 
0.02697 1.624 0.000957502 
0.02697 1.628 0.00205644 
0.02697 1.632 0.00308168 
0.02697 1.636 0.00327363 
0.02697 1.64 0.00254908 
0.02697 1.644 0.00149125 
0.02697 1.648 0.000518232 
0.02697 1.652 0.000151172 
0.02697 1.656 2.7184e-05 
0.02697 1.66 5.48107e-07 
0.02897 1.6 4.66359e-09 
0.02897 1.604 8.9011e-08 
0.02897 1.608 1.10252e-06 
0.02897 1.612 1.06278e-05 
0.02897 1.616 6.67769e-05 
0.02897 1.62 0.000274782 
0.02897 1.624 0.000867644 
0.02897 1.628 0.00190846 
0.02897 1.632 0.00307141 
0.02897 1.636 0.00360493 
0.02897 1.64 0.00273605 
0.02897 1.644 0.00163666 
0.02897 1.648 0.000699897 
0.02897 1.652 0.000194815 
0.02897 1.656 4.22701e-05 
0.02897 1.66 2.65147e-06 
0.03097 1.6 3.89717e-09 
0.03097 1.604 8.34621e-08 
0.03097 1.608 1.06501e-06 
0.03097 1.612 8.87021e-06 
0.03097 1.616 6.24034e-05 
0.03097 1.62 0.000283049 
0.03097 1.624 0.000943483 
0.03097 1.628 0.00211443 
0.03097 1.632 0.00344241 
0.03097 1.636 0.00374961 
0.03097 1.64 0.0032333 
0.03097 1.644 0.00185701 
0.03097 1.648 0.000806319 
0.03097 1.652 0.000249814 
0.03097 1.656 5.29119e-05 
0.03097 1.66 5.39062e-06 
0.03097 1.664 7.00696e-09 
0.03297 1.6 1.56872e-09 
0.03297 1.604 5.29697e-08 
0.03297 1.608 7.48195e-07 
0.03297 1.612 7.48395e-06 
0.03297 1.616 4.91915e-05 
0.03297 1.62 0.000237646 
0.03297 1.624 0.000825142 
0.03297 1.628 0.00192058 
0.03297 1.632 0.00354764 
0.03297 1.636 0.00424656 
0.03297 1.64 0.00364214 
0.03297 1.644 0.00229169 
0.03297 1.648 0.00100316 
0.03297 1.652 0.00030531 
0.03297 1.656 7.02087e-05 
0.03297 1.66 1.01369e-05 
0.03297 1.664 3.74998e-08 
0.03497 1.6 7.49041e-10 
0.03497 1.604 4.24905e-08 
0.03497 1.608 6.27911e-07 
0.03497 1.612 6.18386e-06 
0.03497 1.616 4.49981e-05 
0.03497 1.62 0.00022164 
0.03497 1.624 0.000790842 
0.03497 1.628 0.00206 
0.03497 1.632 0.00337948 
0.03497 1.636 0.00447231 
0.03497 1.64 0.00410158 
0.03497 1.644 0.00237885 
0.03497 1.648 0.00111067 
0.03497 1.652 0.000349104 
0.03497 1.656 8.35893e-05 
0.03497 1.66 1.33635e-05 
0.03497 1.664 2.90421e-07 
0.03697 1.6 1.6997e-10 
0.03697 1.604 3.04697e-08 
0.03697 1.608 5.33572e-07 
0.03697 1.612 5.68879e-06 
0.03697 1.616 4.24101e-05 
0.03697 1.62 0.00023525 
0.03697 1.624 0.000801813 
0.03697 1.628 0.00197202 
0.03697 1.632 0.00375066 
0.03697 1.636 0.00459365 
0.03697 1.64 0.00433168 
0.03697 1.644 0.00286573 
0.03697 1.648 0.00134828 
0.03697 1.652 0.000462588 
0.03697 1.656 0.00010885 
0.03697 1.66 1.81846e-05 
0.03697 1.664 7.98302e-07 
0.03897 1.604 1.86781e-08 
0.03897 1.608 3.62475e-07 
0.03897 1.612 4.13853e-06 
0.03897 1.616 3.36709e-05 
0.03897 1.62 0.000174618 
0.03897 1.624 0.000672582 
0.03897 1.628 0.00176351 
0.03897 1.632 0.00351658 
0.03897 1.636 0.00491653 
0.03897 1.64 0.00487419 
0.03897 1.644 0.00307411 
0.03897 1.648 0.00156802 
0.03897 1.652 0.000541015 
0.03897 1.656 0.000148598 
0.03897 1.66 2.623e-05 
0.03897 1.664 2.50385e-06 
0.03897 1.668 9.07237e-10 
0.04097 1.604 1.13416e-08 
0.04097 1.608 3.13052e-07 
0.04097 1.612 3.92835e-06 
0.04097 1.616 3.17243e-05 
0.04097 1.62 0.000182353 
0.04097 1.624 0.000705008 
0.04097 1.628 0.00184435 
0.04097 1.632 0.00381991 
0.04097 1.636 0.00503581 
0.04097 1.64 0.00484578 
0.04097 1.644 0.00348812 
0.04097 1.648 0.00176179 
0.04097 1.652 0.00060362 
0.04097 1.656 0.000144806 
0.04097 1.66 2.73472e-05 
0.04097 1.664 3.08906e-06 
0.04097 1.668 1.66997e-08 
0.04297 1.604 4.12908e-09 
0.04297 1.608 2.2206e-07 
0.04297 1.612 2.66514e-06 
0.04297 1.616 2.28393e-05 
0.04297 1.62 0.000136323 
0.04297 1.624 0.000591989 
0.04297 1.628 0.00172273 
0.04297 1.632 0.00378506 
0.04297 1.636 0.0056571 
0.04297 1.64 0.00592249 
0.04297 1.644 0.0044867 
0.04297 1.648 0.00240365 
0.04297 1.652 0.000859995 
0.04297 1.656 0.000230504 
0.04297 1.66 4.28047e-05 
0.04297 1.664 5.34616e-06 
0.04297 1.668 8.07563e-08 
0.04497 1.604 1.1976e-09 
0.04497 1.608 1.58606e-07 
0.04497 1.612 2.18783e-06 
0.04497 1.616 2.05872e-05 
0.04497 1.62 0.000131812 
0.04497 1.624 0.000573802 
0.04497 1.628 0.00168469 
0.04497 1.632 0.00335252 
0.04497 1.636 0.00480036 
0.04497 1.64 0.00514285 
0.04497 1.644 0.00369899 
0.04497 1.648 0.00204786 
0.04497 1.652 0.000784113 
0.04497 1.656 0.000237152 
0.04497 1.66 4.85992e-05 
0.04497 1.664 7.28691e-06 
0.04497 1.668 2.82157e-07 
0.04697 1.604 1.06137e-10 
0.04697 1.608 8.86355e-08 
0.04697 1.612 1.5735e-06 
0.04697 1.616 1.50942e-05 
0.04697 1.62 9.68243e-05 
0.04697 1.624 0.000465897 
0.04697 1.628 0.00159805 
0.04697 1.632 0.00359388 
0.04697 1.636 0.0057206 
0.04697 1.64 0.0064043 
0.04697 1.644 0.00511861 
0.04697 1.648 0.0028038 
0.04697 1.652 0.00107213 
0.04697 1.656 0.000288504 
0.04697 1.66 5.41776e-05 
0.04697 1.664 7.74927e-06 
0.04697 1.668 5.05042e-07 
0.04697 1.672 3.09177e-10 
0.04897 1.608 5.4553e-08 
0.04897 1.612 1.29515e-06 
0.04897 1.616 1.3381e-05 
0.04897 1.62 9.00818e-05 
0.04897 1.624 0.000439587 
0.04897 1.628 0.00135246 
0.04897 1.632 0.00304707 
0.04897 1.636 0.00517382 
0.04897 1.64 0.00617654 
0.04897 1.644 0.00503709 
0.04897 1.648 0.00299507 
0.04897 1.652 0.00132702 
0.04897 1.656 0.000397851 
0.04897 1.66 8.14185e-05 
0.04897 1.664 1.08103e-05 
0.04897 1.668 9.57376e-07 
0.04897 1.672 2.67778e-09 
0.05097 1.608 2.16233e-08 
0.05097 1.612 8.85478e-07 
0.05097 1.616 9.72101e-06 
0.05097 1.62 7.52947e-05 
0.05097 1.624 0.000393586 
0.05097 1.628 0.00138884 
0.05097 1.632 0.00347735 
0.05097 1.636 0.00594582 
0.05097 1.64 0.00718367 
0.05097 1.644 0.00596289 
0.05097 1.648 0.0035288 
0.05097 1.652 0.00139387 
0.05097 1.656 0.000417284 
0.05097 1.66 8.96593e-05 
0.05097 1.664 1.23695e-05 
0.05097 1.668 1.29215e-06 
0.05097 1.672 1.88585e-08 
0.05297 1.608 4.94364e-09 
0.05297 1.612 5.81298e-07 
0.05297 1.616 7.007e-06 
0.05297 1.62 5.15977e-05 
0.05297 1.624 0.000286543 
0.05297 1.628 0.0010719 
0.05297 1.632 0.00292184 
0.05297 1.636 0.00532185 
0.05297 1.64 0.00665108 
0.05297 1.644 0.00636473 
0.05297 1.648 0.00388587 
0.05297 1.652 0.00170095 
0.05297 1.656 0.000554747 
0.05297 1.66 0.000114372 
0.05297 1.664 1.76711e-05 
0.05297 1.668 2.08784e-06 
0.05297 1.672 6.923e-08 
0.05497 1.608 8.60125e-10 
0.05497 1.612 4.19432e-07 
0.05497 1.616 5.77626e-06 
0.05497 1.62 4.92187e-05 
0.05497 1.624 0.000272791 
0.05497 1.628 0.0010504 
0.05497 1.632 0.00285202 
0.05497 1.636 0.00528356 
0.05497 1.64 0.00712557 
0.05497 1.644 0.00597684 
0.05497 1.648 0.00402457 
0.05497 1.652 0.00198618 
0.05497 1.656 0.000645456 
0.05497 1.66 0.00015075 
0.05497 1.664 2.33127e-05 
0.05497 1.668 2.47211e-06 
0.05497 1.672 1.52057e-07 
0.05697 1.612 2.19233e-07 
0.05697 1.616 4.1653e-06 
0.05697 1.62 3.73543e-05 
0.05697 1.624 0.000226696 
0.05697 1.628 0.000942742 
0.05697 1.632 0.00262622 
0.05697 1.636 0.00543227 
0.05697 1.64 0.00736097 
0.05697 1.644 0.00697797 
0.05697 1.648 0.00474776 
0.05697 1.652 0.00221729 
0.05697 1.656 0.000723818 
0.05697 1.66 0.000158573 
0.05697 1.664 2.78096e-05 
0.05697 1.668 3.32285e-06 
0.05697 1.672 2.36327e-07 
0.05697 1.676 2.93869e-10 
0.05897 1.612 6.71159e-08 
0.05897 1.616 2.94836e-06 
0.05897 1.62 2.79904e-05 
0.05897 1.624 0.000182458 
0.05897 1.628 0.000829576 
0.05897 1.632 0.00255626 
0.05897 1.636 0.00498492 
0.05897 1.64 0.00707411 
0.05897 1.644 0.00716882 
0.05897 1.648 0.00512713 
0.05897 1.652 0.00253581 
0.05897 1.656 0.000880917 
0.05897 1.66 0.000211607 
0.05897 1.664 3.40433e-05 
0.05897 1.668 4.11463e-06 
0.05897 1.672 3.31408e-07 
0.05897 1.676 3.31187e-09 
0.06097 1.612 2.00611e-08 
0.06097 1.616 2.42367e-06 
0.06097 1.62 2.53831e-05 
0.06097 1.624 0.000166635 
0.06097 1.628 0.000668432 
0.06097 1.632 0.00197526 
0.06097 1.636 0.00420315 
0.06097 1.64 0.00637337 
0.06097 1.644 0.00634307 
0.06097 1.648 0.00447512 
0.06097 1.652 0.00222319 
0.06097 1.656 0.000874596 
0.06097 1.66 0.000224197 
0.06097 1.664 3.8671e-05 
0.06097 1.668 4.89099e-06 
0.06097 1.672 4.60236e-07 
0.06097 1.676 1.27361e-08 
0.06297 1.612 2.0447e-09 
0.06297 1.616 1.44368e-06 
0.06297 1.62 1.80863e-05 
0.06297 1.624 0.000135247 
0.06297 1.628 0.000631818 
0.06297 1.632 0.002056 
0.06297 1.636 0.00488212 
0.06297 1.64 0.00718742 
0.06297 1.644 0.007793 
0.06297 1.648 0.00589643 
0.06297 1.652 0.0031361 
0.06297 1.656 0.00106683 
0.06297 1.66 0.000263302 
0.06297 1.664 4.55462e-05 
0.06297 1.668 5.97656e-06 
0.06297 1.672 5.2286e-07 
0.06297 1.676 2.37784e-08 
0.06497 1.616 8.08063e-07 
0.06497 1.62 1.3529e-05 
0.06497 1.624 9.04679e-05 
0.06497 1.628 0.000447786 
0.06497 1.632 0.00156282 
0.06497 1.636 0.0036774 
0.06497 1.64 0.00579779 
0.06497 1.644 0.00677329 
0.06497 1.648 0.00530197 
0.06497 1.652 0.00312851 
0.06497 1.656 0.00130439 
0.06497 1.66 0.000329765 
0.06497 1.664 6.19433e-05 
0.06497 1.668 8.4172e-06 
0.06497 1.672 7.99238e-07 
0.06497 1.676 4.32182e-08 
0.06697 1.616 3.2208e-07 
0.06697 1.62 9.63017e-06 
0.06697 1.624 7.90924e-05 
0.06697 1.628 0.00041998 
0.06697 1.632 0.0014911 
0.06697 1.636 0.00367285 
0.06697 1.64 0.00599344 
0.06697 1.644 0.00695764 
0.06697 1.648 0.00543036 
0.06697 1.652 0.00290344 
0.06697 1.656 0.00109004 
0.06697 1.66 0.000300968 
0.06697 1.664 5.88524e-05 
0.06697 1.668 7.63526e-06 
0.06697 1.672 7.67798e-07 
0.06697 1.676 5.40508e-08 
0.06697 1.68 6.37926e-10 
0.06897 1.616 5.88111e-08 
0.06897 1.62 6.08015e-06 
0.06897 1.624 5.23052e-05 
0.06897 1.628 0.000310658 
0.06897 1.632 0.00118212 
0.06897 1.636 0.00323195 
0.06897 1.64 0.00586092 
0.06897 1.644 0.00764971 
0.06897 1.648 0.00627899 
0.06897 1.652 0.00379234 
0.06897 1.656 0.00155821 
0.06897 1.66 0.000449626 
0.06897 1.664 9.24477e-05 
0.06897 1.668 1.28316e-05 
0.06897 1.672 1.25674e-06 
0.06897 1.676 7.9032e-08 
0.06897 1.68 1.57145e-09 
0.07097 1.616 1.17469e-08 
0.07097 1.62 4.44788e-06 
0.07097 1.624 4.99285e-05 
0.07097 1.628 0.000291118 
0.07097 1.632 0.00103704 
0.07097 1.636 0.00278608 
0.07097 1.64 0.00493161 
0.07097 1.644 0.00611733 
0.07097 1.648 0.00542683 
0.07097 1.652 0.00333652 
0.07097 1.656 0.00141248 
0.07097 1.66 0.000429509 
0.07097 1.664 9.50401e-05 
0.07097 1.668 1.4225e-05 
0.07097 1.672 1.49015e-06 
0.07097 1.676 1.07756e-07 
0.07097 1.68 3.70858e-09 
0.07297 1.616 5.55171e-10 
0.07297 1.62 2.15887e-06 
0.07297 1.624 3.0013e-05 
0.07297 1.628 0.000200896 
0.07297 1.632 0.000888394 
0.07297 1.636 0.00249896 
0.07297 1.64 0.00483393 
0.07297 1.644 0.00668473 
0.07297 1.648 0.00642951 
0.07297 1.652 0.00401856 
0.07297 1.656 0.00175647 
0.07297 1.66 0.000600218 
0.07297 1.664 0.000123678 
0.07297 1.668 1.77532e-05 
0.07297 1.672 1.80259e-06 
0.07297 1.676 1.23726e-07 
0.07297 1.68 5.68221e-09 
0.07497 1.62 9.64949e-07 
0.07497 1.624 2.35856e-05 
0.07497 1.628 0.0001507 
0.07497 1.632 0.000654761 
0.07497 1.636 0.00200559 
0.07497 1.64 0.00412152 
0.07497 1.644 0.00565158 
0.07497 1.648 0.00555482 
0.07497 1.652 0.00383731 
0.07497 1.656 0.00188257 
0.07497 1.66 0.000571305 
0.07497 1.664 0.000133841 
0.07497 1.668 2.09155e-05 
0.07497 1.672 2.15067e-06 
0.07497 1.676 1.6437e-07 
0.07497 1.68 7.38974e-09 
0.07697 1.62 2.69001e-07 
0.07697 1.624 1.79207e-05 
0.07697 1.628 0.000130298 
0.07697 1.632 0.00061101 
0.07697 1.636 0.00201241 
0.07697 1.64 0.00409955 
0.07697 1.644 0.00607459 
0.07697 1.648 0.00613324 
0.07697 1.652 0.00401742 
0.07697 1.656 0.0019715 
0.07697 1.66 0.000642025 
0.07697 1.664 0.000149915 
0.07697 1.668 2.39566e-05 
0.07697 1.672 2.49763e-06 
0.07697 1.676 2.04033e-07 
0.07697 1.68 1.06278e-08 
0.07697 1.684 1.76422e-10 
0.07897 1.62 2.07044e-08 
0.07897 1.624 1.1066e-05 
0.07897 1.628 9.93806e-05 
0.07897 1.632 0.000486221 
0.07897 1.636 0.00167688 
0.07897 1.64 0.00381586 
0.07897 1.644 0.00594732 
0.07897 1.648 0.00620265 
0.07897 1.652 0.00464082 
0.07897 1.656 0.00209536 
0.07897 1.66 0.000735395 
0.07897 1.664 0.00017545 
0.07897 1.668 2.75528e-05 
0.07897 1.672 3.2264e-06 
0.07897 1.676 2.75321e-07 
0.07897 1.68 1.40768e-08 
0.07897 1.684 3.53117e-10 
0.08097 1.62 6.82156e-10 
0.08097 1.624 5.61524e-06 
0.08097 1.628 7.13324e-05 
0.08097 1.632 0.000356796 
0.08097 1.636 0.00123143 
0.08097 1.64 0.00269741 
0.08097 1.644 0.004534 
0.08097 1.648 0.00516128 
0.08097 1.652 0.00377192 
0.08097 1.656 0.00193201 
0.08097 1.66 0.000696487 
0.08097 1.664 0.000180888 
0.08097 1.668 2.92772e-05 
0.08097 1.672 3.70386e-06 
0.08097 1.676 2.99595e-07 
0.08097 1.68 1.65884e-08 
0.08097 1.684 6.13778e-10 
0.08297 1.624 2.52827e-06 
0.08297 1.628 5.96009e-05 
0.08297 1.632 0.000314791 
0.08297 1.636 0.00119333 
0.08297 1.64 0.00293088 
0.08297 1.644 0.00478838 
0.08297 1.648 0.0053123 
0.08297 1.652 0.00414044 
0.08297 1.656 0.00218343 
0.08297 1.66 0.000840263 
0.08297 1.664 0.000218936 
0.08297 1.668 3.78322e-05 
0.08297 1.672 4.39159e-06 
0.08297 1.676 3.74025e-07 
0.08297 1.68 2.24522e-08 
0.08297 1.684 8.4022e-10 
0.08497 1.624 6.1583e-07 
0.08497 1.628 3.61859e-05 
0.08497 1.632 0.000219379 
0.08497 1.636 0.000829966 
0.08497 1.64 0.00224774 
0.08497 1.644 0.00401197 
0.08497 1.648 0.00460045 
0.08497 1.652 0.00384258 
0.08497 1.656 0.0021405 
0.08497 1.66 0.000823527 
0.08497 1.664 0.000219194 
0.08497 1.668 4.24142e-05 
0.08497 1.672 5.38558e-06 
0.08497 1.676 4.46163e-07 
0.08497 1.68 2.45328e-08 
0.08497 1.684 1.1226e-09 
0.08697 1.624 7.19347e-08 
0.08697 1.628 2.20593e-05 
0.08697 1.632 0.000174911 
0.08697 1.636 0.00069582 
0.08697 1.64 0.00179915 
0.08697 1.644 0.00336554 
0.08697 1.648 0.00420806 
0.08697 1.652 0.00365807 
0.08697 1.656 0.00213178 
0.08697 1.66 0.000873549 
0.08697 1.664 0.000255123 
0.08697 1.668 4.93937e-05 
0.08697 1.672 6.00114e-06 
0.08697 1.676 5.51962e-07 
0.08697 1.68 3.53444e-08 
0.08697 1.684 1.37047e-09 
0.08897 1.624 4.18029e-09 
0.08897 1.628 1.18754e-05 
0.08897 1.632 0.000119487 
0.08897 1.636 0.00055601 
0.08897 1.64 0.00152578 
0.08897 1.644 0.00299096 
0.08897 1.648 0.0040309 
0.08897 1.652 0.00363964 
0.08897 1.656 0.00229175 
0.08897 1.66 0.000984009 
0.08897 1.664 0.000252382 
0.08897 1.668 5.18077e-05 
0.08897 1.672 6.89162e-06 
0.08897 1.676 6.59148e-07 
0.08897 1.68 4.62163e-08 
0.08897 1.684 1.94631e-09 
0.09097 1.628 4.37134e-06 
0.09097 1.632 9.20636e-05 
0.09097 1.636 0.00042817 
0.09097 1.64 0.00131757 
0.09097 1.644 0.00285671 
0.09097 1.648 0.00383522 
0.09097 1.652 0.00351009 
0.09097 1.656 0.00219692 
0.09097 1.66 0.000933743 
0.09097 1.664 0.000286639 
0.09097 1.668 5.95485e-05 
0.09097 1.672 7.94026e-06 
0.09097 1.676 7.73387e-07 
0.09097 1.68 4.50675e-08 
0.09097 1.684 2.38308e-09 
0.09297 1.628 1.56913e-06 
0.09297 1.632 6.771e-05 
0.09297 1.636 0.000350287 
0.09297 1.64 0.00111588 
0.09297 1.644 0.00220983 
0.09297 1.648 0.00335902 
0.09297 1.652 0.00341503 
0.09297 1.656 0.00224924 
0.09297 1.66 0.00108701 
0.09297 1.664 0.000333759 
0.09297 1.668 7.27885e-05 
0.09297 1.672 1.07992e-05 
0.09297 1.676 9.92719e-07 
0.09297 1.68 6.86176e-08 
0.09297 1.684 3.01469e-09 
0.09497 1.628 1.79622e-07 
0.09497 1.632 4.1504e-05 
0.09497 1.636 0.000253348 
0.09497 1.64 0.000859441 
0.09497 1.644 0.00192583 
0.09497 1.648 0.00286626 
0.09497 1.652 0.00285013 
0.09497 1.656 0.00190329 
0.09497 1.66 0.000865788 
0.09497 1.664 0.000288032 
0.09497 1.668 6.36018e-05 
0.09497 1.672 9.88516e-06 
0.09497 1.676 9.79447e-07 
0.09497 1.68 6.98781e-08 
0.09497 1.684 3.54458e-09 
0.09497 1.688 1.10045e-10 
0.09697 1.628 4.79407e-09 
0.09697 1.632 2.25597e-05 
0.09697 1.636 0.000194987 
0.09697 1.64 0.000701844 
0.09697 1.644 0.00181344 
0.09697 1.648 0.00284634 
0.09697 1.652 0.00303293 
0.09697 1.656 0.00224984 
0.09697 1.66 0.00111452 
0.09697 1.664 0.000340275 
0.09697 1.668 7.65204e-05 
0.09697 1.672 1.21739e-05 
0.09697 1.676 1.27768e-06 
0.09697 1.68 9.42676e-08 
0.09697 1.684 4.61089e-09 
0.09697 1.688 1.43634e-10 
0.09897 1.632 8.66222e-06 
0.09897 1.636 0.000138035 
0.09897 1.64 0.000536321 
0.09897 1.644 0.0011874 
0.09897 1.648 0.00197907 
0.09897 1.652 0.00225022 
0.09897 1.656 0.00169934 
0.09897 1.66 0.000888079 
0.09897 1.664 0.00031241 
0.09897 1.668 7.42374e-05 
0.09897 1.672 1.12651e-05 
0.09897 1.676 1.43088e-06 
0.09897 1.68 1.10999e-07 
0.09897 1.684 5.55763e-09 
0.09897 1.688 1.99544e-10 
0.10097 1.632 2.11877e-06 
0.10097 1.636 9.59185e-05 
0.10097 1.64 0.000404477 
0.10097 1.644 0.00109131 
0.10097 1.648 0.00186384 
0.10097 1.652 0.00226082 
0.10097 1.656 0.00178219 
0.10097 1.66 0.000945475 
0.10097 1.664 0.000339716 
0.10097 1.668 8.21703e-05 
0.10097 1.672 1.36085e-05 
0.10097 1.676 1.38057e-06 
0.10097 1.68 1.09203e-07 
0.10097 1.684 6.35472e-09 
0.10097 1.688 2.0114e-10 
0.10297 1.632 2.857e-07 
0.10297 1.636 5.30097e-05 
0.10297 1.64 0.000283759 
0.10297 1.644 0.000789885 
0.10297 1.648 0.00142763 
0.10297 1.652 0.00185276 
0.10297 1.656 0.00163544 
0.10297 1.66 0.000967208 
0.10297 1.664 0.00035443 
0.10297 1.668 9.45192e-05 
0.10297 1.672 1.61629e-05 
0.10297 1.676 1.91819e-06 
0.10297 1.68 1.54599e-07 
0.10297 1.684 8.1126e-09 
0.10297 1.688 3.00215e-10 
0.10497 1.636 3.18357e-05 
0.10497 1.64 0.00024035 
0.10497 1.644 0.000693768 
0.10497 1.648 0.00136072 
0.10497 1.652 0.00168699 
0.10497 1.656 0.00140712 
0.10497 1.66 0.000798245 
0.10497 1.664 0.000324685 
0.10497 1.668 8.66422e-05 
0.10497 1.672 1.59877e-05 
0.10497 1.676 1.96728e-06 
0.10497 1.68 1.69778e-07 
0.10497 1.684 1.01702e-08 
0.10497 1.688 3.92736e-10 
0.10697 1.636 1.36211e-05 
0.10697 1.64 0.000173016 
0.10697 1.644 0.000541711 
0.10697 1.648 0.00111079 
0.10697 1.652 0.00153883 
0.10697 1.656 0.00139113 
0.10697 1.66 0.000884388 
0.10697 1.664 0.000358093 
0.10697 1.668 9.97196e-05 
0.10697 1.672 1.81559e-05 
0.10697 1.676 2.29976e-06 
0.10697 1.68 1.93053e-07 
0.10697 1.684 1.15148e-08 
0.10697 1.688 4.42078e-10 
0.10897 1.636 2.04088e-06 
0.10897 1.64 0.000103089 
0.10897 1.644 0.000369012 
0.10897 1.648 0.000835048 
0.10897 1.652 0.00120155 
0.10897 1.656 0.00116577 
0.10897 1.66 0.000763478 
0.10897 1.664 0.000346407 
0.10897 1.668 0.00010271 
0.10897 1.672 1.9307e-05 
0.10897 1.676 2.54267e-06 
0.10897 1.68 2.28195e-07 
0.10897 1.684 1.36026e-08 
0.10897 1.688 5.94984e-10 
0.11097 1.636 5.08717e-07 
0.11097 1.64 6.88858e-05 
0.11097 1.644 0.000320861 
0.11097 1.648 0.000680818 
0.11097 1.652 0.000996061 
0.11097 1.656 0.00106488 
0.11097 1.66 0.000708677 
0.11097 1.664 0.000314601 
0.11097 1.668 9.57128e-05 
0.11097 1.672 1.88873e-05 
0.11097 1.676 2.61006e-06 
0.11097 1.68 2.40996e-07 
0.11097 1.684 1.45721e-08 
0.11097 1.688 6.09266e-10 
0.11297 1.636 1.0677e-08 
0.11297 1.64 3.68896e-05 
0.11297 1.644 0.00023058 
0.11297 1.648 0.000546884 
0.11297 1.652 0.000918055 
0.11297 1.656 0.000928965 
0.11297 1.66 0.00064613 
0.11297 1.664 0.000308492 
0.11297 1.668 0.000100986 
0.11297 1.672 2.15631e-05 
0.11297 1.676 2.89673e-06 
0.11297 1.68 2.91128e-07 
0.11297 1.684 1.76996e-08 
0.11297 1.688 8.23339e-10 
0.11497 1.64 1.41858e-05 
0.11497 1.644 0.000172189 
0.11497 1.648 0.000424258 
0.11497 1.652 0.000675561 
0.11497 1.656 0.000766396 
0.11497 1.66 0.000565149 
0.11497 1.664 0.000282336 
0.11497 1.668 9.17589e-05 
0.11497 1.672 2.06413e-05 
0.11497 1.676 3.04735e-06 
0.11497 1.68 2.92202e-07 
0.11497 1.684 2.07482e-08 
0.11497 1.688 9.47234e-10 
0.11697 1.64 3.69944e-06 
0.11697 1.644 0.000116514 
0.11697 1.648 0.000340196 
0.11697 1.652 0.000589177 
0.11697 1.656 0.000695122 
0.11697 1.66 0.000543632 
0.11697 1.664 0.000276757 
0.11697 1.668 9.81796e-05 
0.11697 1.672 2.23883e-05 
0.11697 1.676 3.41407e-06 
0.11697 1.68 3.5321e-07 
0.11697 1.684 2.38679e-08 
0.11697 1.688 1.04867e-09 
0.11897 1.64 7.4784e-07 
0.11897 1.644 6.23347e-05 
0.11897 1.648 0.000232961 
0.11897 1.652 0.000422351 
0.11897 1.656 0.00052359 
0.11897 1.66 0.000421003 
0.11897 1.664 0.000232428 
0.11897 1.668 8.27888e-05 
0.11897 1.672 1.97385e-05 
0.11897 1.676 3.21218e-06 
0.11897 1.68 3.52339e-07 
0.11897 1.684 2.77219e-08 
0.11897 1.688 1.25672e-09 
0.12097 1.64 1.39327e-08 
0.12097 1.644 3.44254e-05 
0.12097 1.648 0.000185188 
0.12097 1.652 0.000357118 
0.12097 1.656 0.000467495 
0.12097 1.66 0.000386298 
0.12097 1.664 0.00022774 
0.12097 1.668 8.73608e-05 
0.12097 1.672 2.07254e-05 
0.12097 1.676 3.52544e-06 
0.12097 1.68 4.12409e-07 
0.12097 1.684 2.62219e-08 
0.12097 1.688 1.29859e-09 
0.12297 1.644 1.2593e-05 
0.12297 1.648 0.000123852 
0.12297 1.652 0.000265993 
0.12297 1.656 0.000349246 
0.12297 1.66 0.000321801 
0.12297 1.664 0.000188222 
0.12297 1.668 7.38168e-05 
0.12297 1.672 2.00842e-05 
0.12297 1.676 3.62675e-06 
0.12297 1.68 4.09023e-07 
0.12297 1.684 3.36303e-08 
0.12297 1.688 1.66107e-09 
0.12497 1.644 3.20384e-06 
0.12497 1.648 9.21534e-05 
0.12497 1.652 0.000226214 
0.12497 1.656 0.000313238 
0.12497 1.66 0.000290892 
0.12497 1.664 0.000183256 
0.12497 1.668 7.61531e-05 
0.12497 1.672 2.0245e-05 
0.12497 1.676 3.48433e-06 
0.12497 1.68 4.27786e-07 
0.12497 1.684 3.39003e-08 
0.12497 1.688 1.76462e-09 
0.12697 1.644 4.87939e-07 
0.12697 1.648 5.12678e-05 
0.12697 1.652 0.000152448 
0.12697 1.656 0.00024353 
0.12697 1.66 0.000239405 
0.12697 1.664 0.000159185 
0.12697 1.668 6.90127e-05 
0.12697 1.672 1.96879e-05 
0.12697 1.676 3.69212e-06 
0.12697 1.68 4.57336e-07 
0.12697 1.684 3.89918e-08 
0.12697 1.688 2.1137e-09 
0.12897 1.648 2.84837e-05 
0.12897 1.652 0.000124793 
0.12897 1.656 0.000184534 
0.12897 1.66 0.000186177 
0.12897 1.664 0.000130568 
0.12897 1.668 5.71324e-05 
0.12897 1.672 1.77925e-05 
0.12897 1.676 3.62112e-06 
0.12897 1.68 4.80853e-07 
0.12897 1.684 4.11309e-08 
0.12897 1.688 2.35878e-09 
0.13097 1.648 1.12697e-05 
0.13097 1.652 8.98923e-05 
0.13097 1.656 0.000151904 
0.13097 1.66 0.000163529 
0.13097 1.664 0.000114497 
0.13097 1.668 5.54196e-05 
0.13097 1.672 1.71707e-05 
0.13097 1.676 3.56907e-06 
0.13097 1.68 4.48764e-07 
0.13097 1.684 3.92763e-08 
0.13097 1.688 2.53034e-09 
0.13297 1.648 2.64065e-06 
0.13297 1.652 5.92521e-05 
0.13297 1.656 0.000114906 
0.13297 1.66 0.000133156 
0.13297 1.664 9.70615e-05 
0.13297 1.668 4.86887e-05 
0.13297 1.672 1.60136e-05 
0.13297 1.676 3.40939e-06 
0.13297 1.68 4.86847e-07 
0.13297 1.684 4.53376e-08 
0.13297 1.688 2.7887e-09 
0.13297 1.692 1.07918e-10 
0.13497 1.648 3.69673e-07 
0.13497 1.652 3.67803e-05 
0.13497 1.656 8.69085e-05 
0.13497 1.66 0.000107601 
0.13497 1.664 8.41423e-05 
0.13497 1.668 4.41166e-05 
0.13497 1.672 1.45546e-05 
0.13497 1.676 3.40312e-06 
0.13497 1.68 5.19752e-07 
0.13497 1.684 4.835e-08 
0.13497 1.688 3.0366e-09 
0.13497 1.692 1.20669e-10 
0.13697 1.648 2.14284e-08 
0.13697 1.652 1.71072e-05 
0.13697 1.656 6.56517e-05 
0.13697 1.66 8.24831e-05 
0.13697 1.664 6.89639e-05 
0.13697 1.668 3.64881e-05 
0.13697 1.672 1.28615e-05 
0.13697 1.676 3.1411e-06 
0.13697 1.68 4.74543e-07 
0.13697 1.684 4.89197e-08 
0.13697 1.688 3.13116e-09 
0.13697 1.692 1.44833e-10 
0.13897 1.652 7.94263e-06 
0.13897 1.656 4.7631e-05 
0.13897 1.66 6.48881e-05 
0.13897 1.664 5.81371e-05 
0.13897 1.668 3.32677e-05 
0.13897 1.672 1.24565e-05 
0.13897 1.676 3.01878e-06 
0.13897 1.68 4.96963e-07 
0.13897 1.684 5.18309e-08 
0.13897 1.688 3.53148e-09 
0.13897 1.692 1.60598e-10 
0.14097 1.652 1.88479e-06 
0.14097 1.656 2.72824e-05 
0.14097 1.66 4.19789e-05 
0.14097 1.664 4.00152e-05 
0.14097 1.668 2.36157e-05 
0.14097 1.672 9.07735e-06 
0.14097 1.676 2.40081e-06 
0.14097 1.68 4.14662e-07 
0.14097 1.684 4.48396e-08 
0.14097 1.688 3.31714e-09 
0.14097 1.692 1.50184e-10 
0.14297 1.652 2.42765e-07 
0.14297 1.656 1.88862e-05 
0.14297 1.66 3.92562e-05 
0.14297 1.664 3.6686e-05 
0.14297 1.668 2.35416e-05 
0.14297 1.672 9.47855e-06 
0.14297 1.676 2.61628e-06 
0.14297 1.68 4.53481e-07 
0.14297 1.684 5.2531e-08 
0.14297 1.688 3.71924e-09 
0.14297 1.692 1.81607e-10 
0.14497 1.652 1.19954e-08 
0.14497 1.656 9.00925e-06 
0.14497 1.66 2.70921e-05 
0.14497 1.664 2.68276e-05 
0.14497 1.668 1.81636e-05 
0.14497 1.672 7.7667e-06 
0.14497 1.676 2.13565e-06 
0.14497 1.68 4.08781e-07 
0.14497 1.684 5.04075e-08 
0.14497 1.688 4.15789e-09 
0.14497 1.692 2.19035e-10 
0.14697 1.656 3.65656e-06 
0.14697 1.66 1.92001e-05 
0.14697 1.664 2.23622e-05 
0.14697 1.668 1.47975e-05 
0.14697 1.672 6.86275e-06 
0.14697 1.676 1.98786e-06 
0.14697 1.68 3.65596e-07 
0.14697 1.684 4.55858e-08 
0.14697 1.688 3.49233e-09 
0.14697 1.692 1.911e-10 
0.14897 1.656 1.08689e-06 
0.14897 1.66 1.42133e-05 
0.14897 1.664 1.68375e-05 
0.14897 1.668 1.29994e-05 
0.14897 1.672 5.98612e-06 
0.14897 1.676 1.85994e-06 
0.14897 1.68 3.64294e-07 
0.14897 1.684 4.58172e-08 
0.14897 1.688 4.20691e-09 
0.14897 1.692 2.37659e-10 
0.15097 1.656 8.21109e-08 
0.15097 1.66 7.56545e-06 
0.15097 1.664 1.24951e-05 
0.15097 1.668 9.94433e-06 
0.15097 1.672 4.88782e-06 
0.15097 1.676 1.61831e-06 
0.15097 1.68 3.51824e-07 
0.15097 1.684 4.88811e-08 
0.15097 1.688 4.11615e-09 
0.15097 1.692 2.34195e-10 
0.15297 1.656 6.57878e-09 
0.15297 1.66 3.86961e-06 
0.15297 1.664 9.02444e-06 
0.15297 1.668 7.26491e-06 
0.15297 1.672 3.91991e-06 
0.15297 1.676 1.33289e-06 
0.15297 1.68 2.68596e-07 
0.15297 1.684 3.99667e-08 
0.15297 1.688 3.95817e-09 
0.15297 1.692 2.32496e-10 
0.15497 1.66 1.43452e-06 
0.15497 1.664 7.51101e-06 
0.15497 1.668 6.72212e-06 
0.15497 1.672 3.5375e-06 
0.15497 1.676 1.24193e-06 
0.15497 1.68 2.81274e-07 
0.15497 1.684 3.99795e-08 
0.15497 1.688 3.90845e-09 
0.15497 1.692 2.2443e-10 
0.15697 1.66 3.96478e-07 
0.15697 1.664 4.22907e-06 
0.15697 1.668 4.31768e-06 
0.15697 1.672 2.52042e-06 
0.15697 1.676 9.2941e-07 
0.15697 1.68 2.37305e-07 
0.15697 1.684 3.83845e-08 
0.15697 1.688 3.60057e-09 
0.15697 1.692 2.56338e-10 
0.15897 1.66 4.44555e-08 
0.15897 1.664 2.3883e-06 
0.15897 1.668 3.14649e-06 
0.15897 1.672 1.97639e-06 
0.15897 1.676 8.01468e-07 
0.15897 1.68 1.78867e-07 
0.15897 1.684 2.93775e-08 
0.15897 1.688 3.33064e-09 
0.15897 1.692 2.03136e-10 
0.16097 1.66 2.26269e-09 
0.16097 1.664 1.27412e-06 
0.16097 1.668 2.55696e-06 
0.16097 1.672 1.69922e-06 
0.16097 1.676 6.73116e-07 
0.16097 1.68 1.8631e-07 
0.16097 1.684 3.05773e-08 
0.16097 1.688 3.36151e-09 
0.16097 1.692 2.3987e-10 
0.16297 1.664 4.49936e-07 
0.16297 1.668 1.71565e-06 
0.16297 1.672 1.18735e-06 
0.16297 1.676 5.47513e-07 
0.16297 1.68 1.40167e-07 
0.16297 1.684 2.70725e-08 
0.16297 1.688 3.00895e-09 
0.16297 1.692 2.24868e-10 
0.16497 1.664 1.03344e-07 
0.16497 1.668 1.14593e-06 
0.16497 1.672 8.94246e-07 
0.16497 1.676 4.21923e-07 
0.16497 1.68 1.2495e-07 
0.16497 1.684 2.27144e-08 
0.16497 1.688 2.82678e-09 
0.16497 1.692 2.08272e-10 
0.16697 1.664 1.57782e-08 
0.16697 1.668 6.39693e-07 
0.16697 1.672 7.10793e-07 
0.16697 1.676 3.42692e-07 
0.16697 1.68 1.02239e-07 
0.16697 1.684 2.07997e-08 
0.16697 1.688 2.46508e-09 
0.16697 1.692 2.0858e-10 
0.16897 1.664 8.89884e-10 
0.16897 1.668 3.22473e-07 
0.16897 1.672 4.99476e-07 
0.16897 1.676 2.65399e-07 
0.16897 1.68 8.7771e-08 
0.16897 1.684 1.73872e-08 
0.16897 1.688 2.21755e-09 
0.16897 1.692 2.02729e-10 
0.17097 1.668 1.25153e-07 
0.17097 1.672 4.08691e-07 
0.17097 1.676 2.22561e-07 
0.17097 1.68 7.47762e-08 
0.17097 1.684 1.63427e-08 
0.17097 1.688 2.13467e-09 
0.17097 1.692 1.79853e-10 
0.17297 1.668 3.20547e-08 
0.17297 1.672 2.4362e-07 
0.17297 1.676 1.62911e-07 
0.17297 1.68 5.98693e-08 
0.17297 1.684 1.32804e-08 
0.17297 1.688 1.90473e-09 
0.17297 1.692 1.78197e-10 
0.17497 1.668 3.42882e-09 
0.17497 1.672 1.51093e-07 
0.17497 1.676 1.35812e-07 
0.17497 1.68 4.96494e-08 
0.17497 1.684 1.17965e-08 
0.17497 1.688 1.85702e-09 
0.17497 1.692 1.77041e-10 
0.17697 1.668 1.89315e-10 
0.17697 1.672 6.08178e-08 
0.17697 1.676 8.23727e-08 
0.17697 1.68 3.39896e-08 
0.17697 1.684 8.39199e-09 
0.17697 1.688 1.33338e-09 
0.17697 1.692 1.45098e-10 
0.17897 1.672 1.95668e-08 
0.17897 1.676 5.57915e-08 
0.17897 1.68 2.41483e-08 
0.17897 1.684 6.59027e-09 
0.17897 1.688 1.09275e-09 
0.17897 1.692 1.15513e-10 
0.18097 1.672 5.0835e-09 
0.18097 1.676 3.8318e-08 
0.18097 1.68 1.9395e-08 
0.18097 1.684 5.56103e-09 
0.18097 1.688 9.87004e-10 
0.18097 1.692 1.09649e-10 
0.18297 1.672 9.11585e-10 
0.18297 1.676 2.11282e-08 
0.18297 1.68 1.48563e-08 
0.18297 1.684 4.34904e-09 
0.18297 1.688 8.1728e-10 
0.18497 1.676 9.25094e-09 
0.18497 1.68 1.02181e-08 
0.18497 1.684 3.24443e-09 
0.18497 1.688 6.12036e-10 
0.18697 1.676 4.04077e-09 
0.18697 1.68 7.84281e-09 
0.18697 1.684 2.7159e-09 
0.18697 1.688 5.43197e-10 
0.18897 1.676 9.64207e-10 
0.18897 1.68 5.18423e-09 
0.18897 1.684 1.99646e-09 
0.18897 1.688 4.30896e-10 
0.19097 1.676 1.59889e-10 
0.19097 1.68 2.70578e-09 
0.19097 1.684 1.41842e-09 
0.19097 1.688 3.24563e-10 
0.19297 1.68 1.56393e-09 
0.19297 1.684 1.18973e-09 
0.19297 1.688 2.99907e-10 
0.19497 1.68 4.85469e-10 
0.19497 1.684 7.63995e-10 
0.19497 1.688 2.01272e-10 
0.19697 1.684 5.15988e-10 
0.19697 1.688 1.57055e-10 
0.19897 1.684 2.79635e-10 
0.19897 1.688 1.14776e-10 
0.20097 1.684 1.22058e-10 
