#logm logr JPDF
-0.04303 1.62 2.62567e-06 
-0.04103 1.62 9.46046e-06 
-0.04103 1.624 4.00083e-06 
-0.03903 1.62 8.05912e-06 
-0.03903 1.624 1.92964e-05 
-0.03703 1.624 6.42538e-05 
-0.03503 1.624 0.000268161 
-0.03303 1.624 0.000198057 
-0.03303 1.628 0.000213498 
-0.03103 1.624 5.56387e-06 
-0.03103 1.628 0.00111622 
-0.02903 1.628 0.00165092 
-0.02703 1.628 0.00335225 
-0.02703 1.632 0.000518753 
-0.02503 1.628 0.00189155 
-0.02503 1.632 0.00243509 
-0.02303 1.628 0.000688587 
-0.02303 1.632 0.00731181 
-0.02103 1.632 0.0148249 
-0.02103 1.636 0.00046324 
-0.01903 1.632 0.00819672 
-0.01903 1.636 0.00408829 
-0.01703 1.632 0.0115336 
-0.01703 1.636 0.019818 
-0.01503 1.632 0.00045185 
-0.01503 1.636 0.0325176 
-0.01503 1.64 0.000474462 
-0.01303 1.636 0.0383441 
-0.01303 1.64 0.00467071 
-0.01103 1.636 0.0342603 
-0.01103 1.64 0.0167297 
-0.00902998 1.636 0.0131816 
-0.00902998 1.64 0.029382 
-0.00902998 1.644 5.98902e-05 
-0.00703001 1.64 0.0557195 
-0.00703001 1.644 0.00127704 
-0.00503001 1.64 0.0401012 
-0.00503001 1.644 0.00504457 
-0.00303 1.64 0.0416607 
-0.00303 1.644 0.015892 
-0.00303 1.648 1.87681e-06 
-0.00103 1.64 0.0150633 
-0.00103 1.644 0.0352605 
-0.00103 1.648 8.04177e-05 
0.000970006 1.644 0.0511868 
0.000970006 1.648 0.000624338 
0.00297001 1.644 0.0580408 
0.00297001 1.648 0.00588433 
0.00497001 1.644 0.0295346 
0.00497001 1.648 0.0120135 
0.00497001 1.652 1.90646e-06 
0.00697002 1.644 0.0217241 
0.00697002 1.648 0.0338319 
0.00697002 1.652 7.25803e-05 
0.00896999 1.644 0.000207371 
0.00896999 1.648 0.0391317 
0.00896999 1.652 0.000572292 
0.01097 1.648 0.0395582 
0.01097 1.652 0.00316596 
0.01297 1.648 0.0300783 
0.01297 1.652 0.00965676 
0.01297 1.656 4.56287e-07 
0.01497 1.648 0.010231 
0.01497 1.652 0.0194061 
0.01497 1.656 2.37838e-05 
0.01697 1.648 0.000901092 
0.01697 1.652 0.0283263 
0.01697 1.656 0.000384712 
0.01897 1.652 0.025937 
0.01897 1.656 0.00144128 
0.02097 1.652 0.0170828 
0.02097 1.656 0.00514736 
0.02097 1.66 2.11806e-07 
0.02297 1.652 0.00712442 
0.02297 1.656 0.0122102 
0.02297 1.66 8.45968e-06 
0.02497 1.652 0.000749365 
0.02497 1.656 0.0151682 
0.02497 1.66 0.000133705 
0.02697 1.656 0.0120034 
0.02697 1.66 0.000480121 
0.02897 1.656 0.00819427 
0.02897 1.66 0.00251062 
0.03097 1.656 0.00375406 
0.03097 1.66 0.00466718 
0.03097 1.664 5.92213e-06 
0.03297 1.656 0.000174305 
0.03297 1.66 0.00764038 
0.03297 1.664 3.11358e-05 
0.03497 1.66 0.00494395 
0.03497 1.664 0.000297559 
0.03697 1.66 0.00356626 
0.03697 1.664 0.000740758 
0.03697 1.668 3.96226e-08 
0.03897 1.66 0.00176155 
0.03897 1.664 0.00220521 
0.03897 1.668 6.74453e-07 
0.04097 1.66 1.67081e-05 
0.04097 1.664 0.00244543 
0.04097 1.668 1.17336e-05 
0.04297 1.664 0.00179765 
0.04297 1.668 6.93532e-05 
0.04497 1.664 0.00110126 
0.04497 1.668 0.000242304 
0.04697 1.664 0.000353691 
0.04697 1.668 0.000460991 
0.04697 1.672 2.38252e-07 
0.04897 1.664 3.47204e-06 
0.04897 1.668 0.000658482 
0.04897 1.672 2.18741e-06 
0.05097 1.668 0.000433962 
0.05097 1.672 1.56023e-05 
0.05297 1.668 0.000251416 
0.05297 1.672 6.62841e-05 
0.05497 1.668 0.000123399 
0.05497 1.672 0.000141148 
0.05497 1.676 7.09532e-08 
0.05697 1.668 1.75366e-06 
0.05697 1.672 0.00014019 
0.05697 1.676 2.11011e-07 
0.05897 1.672 8.9293e-05 
0.05897 1.676 2.88537e-06 
0.06097 1.672 5.84158e-05 
0.06097 1.676 1.11529e-05 
0.06297 1.672 1.88915e-05 
0.06297 1.676 1.88983e-05 
0.06297 1.68 8.93263e-09 
0.06497 1.672 1.03697e-07 
0.06497 1.676 2.75295e-05 
0.06497 1.68 4.35782e-08 
0.06697 1.676 1.60574e-05 
0.06697 1.68 5.32743e-07 
0.06897 1.676 7.31724e-06 
0.06897 1.68 1.46517e-06 
0.07097 1.676 3.20134e-06 
0.07097 1.68 3.01488e-06 
0.07097 1.684 2.8262e-10 
0.07297 1.676 1.8391e-07 
0.07297 1.68 3.11663e-06 
0.07297 1.684 8.85985e-09 
0.07497 1.68 2.26779e-06 
0.07497 1.684 3.66432e-08 
0.07697 1.68 1.03255e-06 
0.07697 1.684 1.38398e-07 
0.07897 1.68 4.06306e-07 
0.07897 1.684 2.30561e-07 
0.08097 1.68 4.72112e-09 
0.08097 1.684 3.94143e-07 
0.08097 1.688 6.67916e-10 
0.08297 1.684 1.87824e-07 
0.08297 1.688 3.96918e-09 
0.08497 1.684 8.91231e-08 
0.08497 1.688 1.24287e-08 
0.08697 1.684 3.86521e-08 
0.08697 1.688 2.35362e-08 
0.08897 1.684 2.56386e-09 
0.08897 1.688 2.95875e-08 
0.09097 1.688 1.37739e-08 
0.09097 1.692 3.30332e-10 
0.09297 1.688 6.80109e-09 
0.09297 1.692 6.51771e-10 
0.09497 1.688 2.38991e-09 
0.09497 1.692 1.76387e-09 
0.09697 1.688 1.41406e-10 
0.09697 1.692 1.56709e-09 
0.09897 1.692 8.95863e-10 
0.10097 1.692 3.7344e-10 
0.10297 1.692 1.18616e-10 
