#logage logr JPDF
8.75 1.66 1.55249e-10 
8.75 1.664 1.15655e-10 
8.76 1.656 2.00792e-10 
8.76 1.66 3.15597e-10 
8.76 1.664 1.93145e-10 
8.77 1.652 2.35657e-10 
8.77 1.656 4.85372e-10 
8.77 1.66 3.98943e-10 
8.77 1.664 3.27168e-10 
8.77 1.668 1.64679e-10 
8.78 1.648 1.53346e-10 
8.78 1.652 5.09052e-10 
8.78 1.656 7.45522e-10 
8.78 1.66 7.35677e-10 
8.78 1.664 5.10818e-10 
8.78 1.668 2.51599e-10 
8.79 1.648 6.46201e-10 
8.79 1.652 1.36747e-09 
8.79 1.656 1.44786e-09 
8.79 1.66 1.33014e-09 
8.79 1.664 8.63907e-10 
8.79 1.668 4.01013e-10 
8.79 1.672 1.31218e-10 
8.8 1.644 5.88483e-10 
8.8 1.648 1.56207e-09 
8.8 1.652 2.37127e-09 
8.8 1.656 2.45592e-09 
8.8 1.66 1.88186e-09 
8.8 1.664 1.22202e-09 
8.8 1.668 5.50104e-10 
8.8 1.672 1.95604e-10 
8.81 1.64 3.22247e-10 
8.81 1.644 1.18211e-09 
8.81 1.648 2.85926e-09 
8.81 1.652 3.71275e-09 
8.81 1.656 3.61188e-09 
8.81 1.66 2.69255e-09 
8.81 1.664 1.55168e-09 
8.81 1.668 7.15878e-10 
8.81 1.672 2.65374e-10 
8.82 1.636 1.76765e-10 
8.82 1.64 9.26184e-10 
8.82 1.644 2.46825e-09 
8.82 1.648 5.06219e-09 
8.82 1.652 5.41536e-09 
8.82 1.656 5.37306e-09 
8.82 1.66 3.9807e-09 
8.82 1.664 2.33304e-09 
8.82 1.668 1.01346e-09 
8.82 1.672 3.50903e-10 
8.83 1.636 5.51807e-10 
8.83 1.64 1.86786e-09 
8.83 1.644 4.20815e-09 
8.83 1.648 6.88761e-09 
8.83 1.652 8.10534e-09 
8.83 1.656 7.82041e-09 
8.83 1.66 5.81036e-09 
8.83 1.664 3.29502e-09 
8.83 1.668 1.40147e-09 
8.83 1.672 4.68952e-10 
8.83 1.676 1.24163e-10 
8.84 1.632 3.09048e-10 
8.84 1.636 1.14485e-09 
8.84 1.64 3.22532e-09 
8.84 1.644 6.87665e-09 
8.84 1.648 1.04987e-08 
8.84 1.652 1.27296e-08 
8.84 1.656 1.12888e-08 
8.84 1.66 8.16378e-09 
8.84 1.664 4.47891e-09 
8.84 1.668 1.96884e-09 
8.84 1.672 5.90679e-10 
8.84 1.676 1.57864e-10 
8.85 1.632 6.29819e-10 
8.85 1.636 2.25117e-09 
8.85 1.64 5.95128e-09 
8.85 1.644 1.02213e-08 
8.85 1.648 1.57942e-08 
8.85 1.652 1.78891e-08 
8.85 1.656 1.60555e-08 
8.85 1.66 1.10736e-08 
8.85 1.664 6.31184e-09 
8.85 1.668 2.58088e-09 
8.85 1.672 8.64806e-10 
8.85 1.676 2.20721e-10 
8.86 1.628 2.90503e-10 
8.86 1.632 1.30177e-09 
8.86 1.636 3.8666e-09 
8.86 1.64 8.94699e-09 
8.86 1.644 1.73021e-08 
8.86 1.648 2.36579e-08 
8.86 1.652 2.70369e-08 
8.86 1.656 2.31827e-08 
8.86 1.66 1.57081e-08 
8.86 1.664 7.93225e-09 
8.86 1.668 3.5665e-09 
8.86 1.672 1.18691e-09 
8.86 1.676 2.85665e-10 
8.87 1.628 6.24455e-10 
8.87 1.632 2.3821e-09 
8.87 1.636 6.71843e-09 
8.87 1.64 1.44932e-08 
8.87 1.644 2.47074e-08 
8.87 1.648 3.54351e-08 
8.87 1.652 3.72383e-08 
8.87 1.656 3.21529e-08 
8.87 1.66 2.18667e-08 
8.87 1.664 1.0872e-08 
8.87 1.668 4.62273e-09 
8.87 1.672 1.50862e-09 
8.87 1.676 3.41973e-10 
8.88 1.624 2.18002e-10 
8.88 1.628 1.04816e-09 
8.88 1.632 3.67873e-09 
8.88 1.636 9.68474e-09 
8.88 1.64 2.18785e-08 
8.88 1.644 3.58024e-08 
8.88 1.648 4.67581e-08 
8.88 1.652 5.14537e-08 
8.88 1.656 4.31927e-08 
8.88 1.66 2.70093e-08 
8.88 1.664 1.42583e-08 
8.88 1.668 5.65551e-09 
8.88 1.672 1.92392e-09 
8.88 1.676 4.08607e-10 
8.89 1.624 4.28888e-10 
8.89 1.628 1.70821e-09 
8.89 1.632 5.55407e-09 
8.89 1.636 1.42791e-08 
8.89 1.64 3.01475e-08 
8.89 1.644 4.75209e-08 
8.89 1.648 6.15986e-08 
8.89 1.652 6.70286e-08 
8.89 1.656 5.83593e-08 
8.89 1.66 3.69716e-08 
8.89 1.664 1.78571e-08 
8.89 1.668 7.01925e-09 
8.89 1.672 2.0984e-09 
8.89 1.676 5.11265e-10 
8.9 1.624 5.70017e-10 
8.9 1.628 2.40041e-09 
8.9 1.632 7.37874e-09 
8.9 1.636 1.81608e-08 
8.9 1.64 4.12988e-08 
8.9 1.644 6.33918e-08 
8.9 1.648 8.42348e-08 
8.9 1.652 8.41151e-08 
8.9 1.656 6.67259e-08 
8.9 1.66 4.48176e-08 
8.9 1.664 2.20014e-08 
8.9 1.668 8.87714e-09 
8.9 1.672 2.7307e-09 
8.9 1.676 6.54671e-10 
8.9 1.68 1.16975e-10 
8.91 1.62 1.89265e-10 
8.91 1.624 9.46655e-10 
8.91 1.628 3.73223e-09 
8.91 1.632 1.11869e-08 
8.91 1.636 2.86068e-08 
8.91 1.64 5.5733e-08 
8.91 1.644 8.30508e-08 
8.91 1.648 1.07928e-07 
8.91 1.652 1.06412e-07 
8.91 1.656 8.75799e-08 
8.91 1.66 5.70863e-08 
8.91 1.664 2.78762e-08 
8.91 1.668 1.10046e-08 
8.91 1.672 3.25942e-09 
8.91 1.676 7.90067e-10 
8.91 1.68 1.48515e-10 
8.92 1.62 2.7961e-10 
8.92 1.624 1.35501e-09 
8.92 1.628 5.34988e-09 
8.92 1.632 1.59242e-08 
8.92 1.636 3.69673e-08 
8.92 1.64 6.97048e-08 
8.92 1.644 1.0693e-07 
8.92 1.648 1.31719e-07 
8.92 1.652 1.37308e-07 
8.92 1.656 1.0936e-07 
8.92 1.66 6.7537e-08 
8.92 1.664 3.27203e-08 
8.92 1.668 1.26159e-08 
8.92 1.672 3.85002e-09 
8.92 1.676 9.06011e-10 
8.92 1.68 1.64219e-10 
8.93 1.62 3.87735e-10 
8.93 1.624 1.76095e-09 
8.93 1.628 6.57014e-09 
8.93 1.632 1.77578e-08 
8.93 1.636 4.55453e-08 
8.93 1.64 9.32335e-08 
8.93 1.644 1.43357e-07 
8.93 1.648 1.72392e-07 
8.93 1.652 1.51932e-07 
8.93 1.656 1.26628e-07 
8.93 1.66 7.73952e-08 
8.93 1.664 3.88282e-08 
8.93 1.668 1.55382e-08 
8.93 1.672 4.4182e-09 
8.93 1.676 1.12772e-09 
8.93 1.68 1.88223e-10 
8.94 1.62 5.7755e-10 
8.94 1.624 2.53606e-09 
8.94 1.628 9.03637e-09 
8.94 1.632 2.60523e-08 
8.94 1.636 5.90741e-08 
8.94 1.64 1.0874e-07 
8.94 1.644 1.6677e-07 
8.94 1.648 2.08078e-07 
8.94 1.652 2.01047e-07 
8.94 1.656 1.52123e-07 
8.94 1.66 1.0126e-07 
8.94 1.664 4.70086e-08 
8.94 1.668 1.76903e-08 
8.94 1.672 5.56702e-09 
8.94 1.676 1.26178e-09 
8.94 1.68 2.14618e-10 
8.95 1.616 1.52017e-10 
8.95 1.62 8.71025e-10 
8.95 1.624 3.99594e-09 
8.95 1.628 1.44534e-08 
8.95 1.632 3.66038e-08 
8.95 1.636 8.74998e-08 
8.95 1.64 1.60485e-07 
8.95 1.644 2.43026e-07 
8.95 1.648 2.85629e-07 
8.95 1.652 2.77947e-07 
8.95 1.656 2.16511e-07 
8.95 1.66 1.32023e-07 
8.95 1.664 6.05302e-08 
8.95 1.668 2.32264e-08 
8.95 1.672 6.74105e-09 
8.95 1.676 1.55355e-09 
8.95 1.68 2.784e-10 
8.96 1.616 2.3468e-10 
8.96 1.62 1.07086e-09 
8.96 1.624 4.41391e-09 
8.96 1.628 1.52402e-08 
8.96 1.632 4.07759e-08 
8.96 1.636 8.97505e-08 
8.96 1.64 1.65409e-07 
8.96 1.644 2.39589e-07 
8.96 1.648 2.8592e-07 
8.96 1.652 2.66961e-07 
8.96 1.656 2.04264e-07 
8.96 1.66 1.21654e-07 
8.96 1.664 5.96537e-08 
8.96 1.668 2.31994e-08 
8.96 1.672 6.86229e-09 
8.96 1.676 1.58596e-09 
8.96 1.68 2.75042e-10 
8.97 1.616 3.04459e-10 
8.97 1.62 1.49141e-09 
8.97 1.624 5.9463e-09 
8.97 1.628 2.00279e-08 
8.97 1.632 5.31707e-08 
8.97 1.636 1.22012e-07 
8.97 1.64 2.21993e-07 
8.97 1.644 3.22775e-07 
8.97 1.648 3.91135e-07 
8.97 1.652 3.85109e-07 
8.97 1.656 2.90852e-07 
8.97 1.66 1.79496e-07 
8.97 1.664 8.54197e-08 
8.97 1.668 3.31132e-08 
8.97 1.672 9.94403e-09 
8.97 1.676 2.2463e-09 
8.97 1.68 3.99056e-10 
8.98 1.616 3.75618e-10 
8.98 1.62 1.85828e-09 
8.98 1.624 7.35671e-09 
8.98 1.628 2.40551e-08 
8.98 1.632 6.49402e-08 
8.98 1.636 1.39943e-07 
8.98 1.64 2.56393e-07 
8.98 1.644 3.47397e-07 
8.98 1.648 4.24983e-07 
8.98 1.652 4.1705e-07 
8.98 1.656 3.13096e-07 
8.98 1.66 1.90344e-07 
8.98 1.664 9.26101e-08 
8.98 1.668 3.45707e-08 
8.98 1.672 1.0124e-08 
8.98 1.676 2.2511e-09 
8.98 1.68 4.25332e-10 
8.99 1.616 4.25341e-10 
8.99 1.62 2.18485e-09 
8.99 1.624 8.46313e-09 
8.99 1.628 2.80989e-08 
8.99 1.632 8.31711e-08 
8.99 1.636 1.7374e-07 
8.99 1.64 3.24781e-07 
8.99 1.644 4.6986e-07 
8.99 1.648 5.53392e-07 
8.99 1.652 5.01312e-07 
8.99 1.656 3.83642e-07 
8.99 1.66 2.33997e-07 
8.99 1.664 1.13127e-07 
8.99 1.668 4.31991e-08 
8.99 1.672 1.24055e-08 
8.99 1.676 2.85256e-09 
8.99 1.68 4.6987e-10 
9 1.612 1.5448e-10 
9 1.616 8.83946e-10 
9 1.62 4.17042e-09 
9 1.624 1.53628e-08 
9 1.628 5.37091e-08 
9 1.632 1.3544e-07 
9 1.636 2.95078e-07 
9 1.64 5.29668e-07 
9 1.644 7.45261e-07 
9 1.648 8.80373e-07 
9 1.652 7.7361e-07 
9 1.656 5.84778e-07 
9 1.66 3.38442e-07 
9 1.664 1.60166e-07 
9 1.668 6.05188e-08 
9 1.672 1.70145e-08 
9 1.676 3.80533e-09 
9 1.68 6.68185e-10 
9.01 1.612 2.167e-10 
9.01 1.616 1.27385e-09 
9.01 1.62 6.17576e-09 
9.01 1.624 2.18805e-08 
9.01 1.628 7.18954e-08 
9.01 1.632 1.78303e-07 
9.01 1.636 4.00891e-07 
9.01 1.64 6.70345e-07 
9.01 1.644 9.60488e-07 
9.01 1.648 1.08615e-06 
9.01 1.652 9.91036e-07 
9.01 1.656 7.33759e-07 
9.01 1.66 4.26332e-07 
9.01 1.664 1.95253e-07 
9.01 1.668 7.47598e-08 
9.01 1.672 2.06815e-08 
9.01 1.676 4.76478e-09 
9.01 1.68 8.18224e-10 
9.01 1.684 1.11774e-10 
9.02 1.612 3.06844e-10 
9.02 1.616 1.76993e-09 
9.02 1.62 7.34682e-09 
9.02 1.624 2.59446e-08 
9.02 1.628 8.74004e-08 
9.02 1.632 2.22802e-07 
9.02 1.636 4.82464e-07 
9.02 1.64 8.27663e-07 
9.02 1.644 1.18042e-06 
9.02 1.648 1.32762e-06 
9.02 1.652 1.16515e-06 
9.02 1.656 8.75249e-07 
9.02 1.66 5.10489e-07 
9.02 1.664 2.35398e-07 
9.02 1.668 8.74039e-08 
9.02 1.672 2.5398e-08 
9.02 1.676 5.51738e-09 
9.02 1.68 1.04729e-09 
9.02 1.684 1.26989e-10 
9.03 1.612 3.97374e-10 
9.03 1.616 1.97281e-09 
9.03 1.62 9.24644e-09 
9.03 1.624 3.54942e-08 
9.03 1.628 1.06812e-07 
9.03 1.632 2.70617e-07 
9.03 1.636 5.66806e-07 
9.03 1.64 9.99826e-07 
9.03 1.644 1.37689e-06 
9.03 1.648 1.55293e-06 
9.03 1.652 1.46496e-06 
9.03 1.656 1.19657e-06 
9.03 1.66 6.85565e-07 
9.03 1.664 3.45851e-07 
9.03 1.668 1.1974e-07 
9.03 1.672 3.67749e-08 
9.03 1.676 7.69981e-09 
9.03 1.68 1.42206e-09 
9.03 1.684 1.81305e-10 
9.04 1.612 4.91938e-10 
9.04 1.616 2.75138e-09 
9.04 1.62 1.46997e-08 
9.04 1.624 1.0641e-07 
9.04 1.628 2.55451e-07 
9.04 1.632 8.66501e-07 
9.04 1.636 2.10785e-06 
9.04 1.64 3.04011e-06 
9.04 1.644 4.88282e-06 
9.04 1.648 5.49044e-06 
9.04 1.652 4.6367e-06 
9.04 1.656 3.64898e-06 
9.04 1.66 1.76788e-06 
9.04 1.664 8.67167e-07 
9.04 1.668 3.30315e-07 
9.04 1.672 8.2601e-08 
9.04 1.676 1.93187e-08 
9.04 1.68 2.88844e-09 
9.04 1.684 4.026e-10 
9.05 1.604 1.07531e-10 
9.05 1.608 9.58992e-10 
9.05 1.612 5.96877e-09 
9.05 1.616 3.09099e-08 
9.05 1.62 1.4292e-07 
9.05 1.624 5.00198e-07 
9.05 1.628 1.40157e-06 
9.05 1.632 3.78351e-06 
9.05 1.636 7.66838e-06 
9.05 1.64 1.16124e-05 
9.05 1.644 1.61238e-05 
9.05 1.648 1.74878e-05 
9.05 1.652 1.41606e-05 
9.05 1.656 1.08044e-05 
9.05 1.66 5.53513e-06 
9.05 1.664 2.40165e-06 
9.05 1.668 9.06971e-07 
9.05 1.672 2.12814e-07 
9.05 1.676 4.84432e-08 
9.05 1.68 8.69488e-09 
9.05 1.684 9.52945e-10 
9.06 1.604 6.10701e-10 
9.06 1.608 3.86764e-09 
9.06 1.612 2.38348e-08 
9.06 1.616 1.16488e-07 
9.06 1.62 4.36154e-07 
9.06 1.624 1.65149e-06 
9.06 1.628 4.34136e-06 
9.06 1.632 1.02476e-05 
9.06 1.636 2.07874e-05 
9.06 1.64 2.92304e-05 
9.06 1.644 4.23551e-05 
9.06 1.648 4.16191e-05 
9.06 1.652 3.63025e-05 
9.06 1.656 2.50416e-05 
9.06 1.66 1.3539e-05 
9.06 1.664 5.5882e-06 
9.06 1.668 1.98044e-06 
9.06 1.672 5.35788e-07 
9.06 1.676 1.04562e-07 
9.06 1.68 1.87365e-08 
9.06 1.684 2.21427e-09 
9.06 1.688 2.0198e-10 
9.07 1.6 1.9791e-10 
9.07 1.604 1.59428e-09 
9.07 1.608 1.01432e-08 
9.07 1.612 5.76067e-08 
9.07 1.616 2.7102e-07 
9.07 1.62 1.04943e-06 
9.07 1.624 3.61667e-06 
9.07 1.628 9.86956e-06 
9.07 1.632 2.25186e-05 
9.07 1.636 4.43416e-05 
9.07 1.64 6.48314e-05 
9.07 1.644 8.81289e-05 
9.07 1.648 8.3805e-05 
9.07 1.652 7.3801e-05 
9.07 1.656 4.88406e-05 
9.07 1.66 2.59111e-05 
9.07 1.664 1.11595e-05 
9.07 1.668 3.62331e-06 
9.07 1.672 9.78995e-07 
9.07 1.676 1.96581e-07 
9.07 1.68 3.10775e-08 
9.07 1.684 3.95006e-09 
9.07 1.688 3.77213e-10 
9.08 1.6 3.27197e-10 
9.08 1.604 2.54058e-09 
9.08 1.608 1.72442e-08 
9.08 1.612 9.11342e-08 
9.08 1.616 4.50532e-07 
9.08 1.62 1.74749e-06 
9.08 1.624 5.98582e-06 
9.08 1.628 1.55268e-05 
9.08 1.632 3.60226e-05 
9.08 1.636 6.75728e-05 
9.08 1.64 0.000102844 
9.08 1.644 0.000135236 
9.08 1.648 0.000133848 
9.08 1.652 0.000112467 
9.08 1.656 7.37511e-05 
9.08 1.66 3.93419e-05 
9.08 1.664 1.67105e-05 
9.08 1.668 5.49578e-06 
9.08 1.672 1.39013e-06 
9.08 1.676 3.01838e-07 
9.08 1.68 4.62981e-08 
9.08 1.684 5.70535e-09 
9.08 1.688 5.12795e-10 
9.09 1.6 4.40894e-10 
9.09 1.604 3.36534e-09 
9.09 1.608 2.19461e-08 
9.09 1.612 1.21908e-07 
9.09 1.616 5.84347e-07 
9.09 1.62 2.24748e-06 
9.09 1.624 7.51591e-06 
9.09 1.628 2.05206e-05 
9.09 1.632 4.82419e-05 
9.09 1.636 8.6546e-05 
9.09 1.64 0.000138001 
9.09 1.644 0.000167304 
9.09 1.648 0.000169322 
9.09 1.652 0.000142729 
9.09 1.656 9.56727e-05 
9.09 1.66 4.92773e-05 
9.09 1.664 2.10758e-05 
9.09 1.668 7.0917e-06 
9.09 1.672 1.79504e-06 
9.09 1.676 3.6527e-07 
9.09 1.68 5.79242e-08 
9.09 1.684 7.03373e-09 
9.09 1.688 6.58038e-10 
9.1 1.6 5.43544e-10 
9.1 1.604 4.16296e-09 
9.1 1.608 2.68436e-08 
9.1 1.612 1.53159e-07 
9.1 1.616 6.86171e-07 
9.1 1.62 2.77412e-06 
9.1 1.624 9.15446e-06 
9.1 1.628 2.46925e-05 
9.1 1.632 5.70625e-05 
9.1 1.636 0.000106828 
9.1 1.64 0.000160791 
9.1 1.644 0.000205302 
9.1 1.648 0.000206864 
9.1 1.652 0.00016912 
9.1 1.656 0.000111876 
9.1 1.66 5.8797e-05 
9.1 1.664 2.46451e-05 
9.1 1.668 8.0943e-06 
9.1 1.672 2.08148e-06 
9.1 1.676 4.15416e-07 
9.1 1.68 6.82149e-08 
9.1 1.684 7.88441e-09 
9.1 1.688 7.3275e-10 
9.11 1.6 6.52814e-10 
9.11 1.604 5.16296e-09 
9.11 1.608 3.29823e-08 
9.11 1.612 1.81512e-07 
9.11 1.616 8.52216e-07 
9.11 1.62 3.37149e-06 
9.11 1.624 1.08931e-05 
9.11 1.628 2.90633e-05 
9.11 1.632 6.54618e-05 
9.11 1.636 0.000122929 
9.11 1.64 0.000188347 
9.11 1.644 0.000236597 
9.11 1.648 0.000233407 
9.11 1.652 0.000195125 
9.11 1.656 0.000126661 
9.11 1.66 6.61758e-05 
9.11 1.664 2.69627e-05 
9.11 1.668 8.91823e-06 
9.11 1.672 2.30495e-06 
9.11 1.676 4.74093e-07 
9.11 1.68 7.16815e-08 
9.11 1.684 8.61019e-09 
9.11 1.688 8.04247e-10 
9.12 1.6 7.73323e-10 
9.12 1.604 5.97586e-09 
9.12 1.608 3.88548e-08 
9.12 1.612 2.16944e-07 
9.12 1.616 9.74257e-07 
9.12 1.62 3.85347e-06 
9.12 1.624 1.26875e-05 
9.12 1.628 3.3601e-05 
9.12 1.632 7.55584e-05 
9.12 1.636 0.000140702 
9.12 1.64 0.000212063 
9.12 1.644 0.000264979 
9.12 1.648 0.000263429 
9.12 1.652 0.000214633 
9.12 1.656 0.000141035 
9.12 1.66 7.37358e-05 
9.12 1.664 2.97688e-05 
9.12 1.668 1.00164e-05 
9.12 1.672 2.48139e-06 
9.12 1.676 5.13037e-07 
9.12 1.68 7.90337e-08 
9.12 1.684 9.34716e-09 
9.12 1.688 8.7862e-10 
9.13 1.596 1.02994e-10 
9.13 1.6 9.28481e-10 
9.13 1.604 6.98575e-09 
9.13 1.608 4.41429e-08 
9.13 1.612 2.53679e-07 
9.13 1.616 1.11585e-06 
9.13 1.62 4.36133e-06 
9.13 1.624 1.40672e-05 
9.13 1.628 3.87369e-05 
9.13 1.632 8.4247e-05 
9.13 1.636 0.000156031 
9.13 1.64 0.000239897 
9.13 1.644 0.000293469 
9.13 1.648 0.000296751 
9.13 1.652 0.000240275 
9.13 1.656 0.000156532 
9.13 1.66 8.07002e-05 
9.13 1.664 3.38017e-05 
9.13 1.668 1.06948e-05 
9.13 1.672 2.76207e-06 
9.13 1.676 5.54706e-07 
9.13 1.68 8.7055e-08 
9.13 1.684 1.04022e-08 
9.13 1.688 9.45557e-10 
9.14 1.596 1.21641e-10 
9.14 1.6 1.11053e-09 
9.14 1.604 8.18072e-09 
9.14 1.608 5.22222e-08 
9.14 1.612 2.88529e-07 
9.14 1.616 1.30861e-06 
9.14 1.62 4.93963e-06 
9.14 1.624 1.64735e-05 
9.14 1.628 4.3556e-05 
9.14 1.632 9.92562e-05 
9.14 1.636 0.000181182 
9.14 1.64 0.000271356 
9.14 1.644 0.000331668 
9.14 1.648 0.000335285 
9.14 1.652 0.000270401 
9.14 1.656 0.000179024 
9.14 1.66 9.02126e-05 
9.14 1.664 3.68183e-05 
9.14 1.668 1.21958e-05 
9.14 1.672 3.12827e-06 
9.14 1.676 6.26168e-07 
9.14 1.68 9.40237e-08 
9.14 1.684 1.15638e-08 
9.14 1.688 1.03145e-09 
9.15 1.596 1.45633e-10 
9.15 1.6 1.29437e-09 
9.15 1.604 9.76438e-09 
9.15 1.608 6.23806e-08 
9.15 1.612 3.26711e-07 
9.15 1.616 1.51465e-06 
9.15 1.62 5.88252e-06 
9.15 1.624 1.90897e-05 
9.15 1.628 5.15258e-05 
9.15 1.632 0.000115983 
9.15 1.636 0.000206943 
9.15 1.64 0.000311611 
9.15 1.644 0.000389642 
9.15 1.648 0.000386931 
9.15 1.652 0.000312262 
9.15 1.656 0.000201405 
9.15 1.66 0.000101462 
9.15 1.664 4.17607e-05 
9.15 1.668 1.40898e-05 
9.15 1.672 3.49989e-06 
9.15 1.676 6.93512e-07 
9.15 1.68 1.06714e-07 
9.15 1.684 1.26428e-08 
9.15 1.688 1.1667e-09 
9.16 1.596 1.77113e-10 
9.16 1.6 1.53424e-09 
9.16 1.604 1.17556e-08 
9.16 1.608 7.19799e-08 
9.16 1.612 3.90286e-07 
9.16 1.616 1.79999e-06 
9.16 1.62 6.91732e-06 
9.16 1.624 2.23905e-05 
9.16 1.628 6.01819e-05 
9.16 1.632 0.000131493 
9.16 1.636 0.000241264 
9.16 1.64 0.000354208 
9.16 1.644 0.000441495 
9.16 1.648 0.000438752 
9.16 1.652 0.000349682 
9.16 1.656 0.000223524 
9.16 1.66 0.000114303 
9.16 1.664 4.77438e-05 
9.16 1.668 1.52901e-05 
9.16 1.672 3.83601e-06 
9.16 1.676 7.60421e-07 
9.16 1.68 1.15852e-07 
9.16 1.684 1.3306e-08 
9.16 1.688 1.23204e-09 
9.17 1.596 2.14816e-10 
9.17 1.6 1.78987e-09 
9.17 1.604 1.34426e-08 
9.17 1.608 8.66635e-08 
9.17 1.612 4.68725e-07 
9.17 1.616 2.05412e-06 
9.17 1.62 8.13346e-06 
9.17 1.624 2.58632e-05 
9.17 1.628 6.7354e-05 
9.17 1.632 0.000148625 
9.17 1.636 0.000267585 
9.17 1.64 0.000405262 
9.17 1.644 0.000485552 
9.17 1.648 0.000490759 
9.17 1.652 0.000382717 
9.17 1.656 0.000240872 
9.17 1.66 0.00012464 
9.17 1.664 5.14151e-05 
9.17 1.668 1.62652e-05 
9.17 1.672 4.17076e-06 
9.17 1.676 8.19162e-07 
9.17 1.68 1.19219e-07 
9.17 1.684 1.37803e-08 
9.17 1.688 1.28282e-09 
9.18 1.596 2.53171e-10 
9.18 1.6 2.11954e-09 
9.18 1.604 1.55667e-08 
9.18 1.608 1.01331e-07 
9.18 1.612 5.24107e-07 
9.18 1.616 2.45025e-06 
9.18 1.62 9.1115e-06 
9.18 1.624 2.84144e-05 
9.18 1.628 7.61689e-05 
9.18 1.632 0.000164961 
9.18 1.636 0.000302535 
9.18 1.64 0.000452674 
9.18 1.644 0.000539651 
9.18 1.648 0.000528233 
9.18 1.652 0.000414085 
9.18 1.656 0.000264693 
9.18 1.66 0.00013472 
9.18 1.664 5.67179e-05 
9.18 1.668 1.723e-05 
9.18 1.672 4.41536e-06 
9.18 1.676 8.49365e-07 
9.18 1.68 1.25668e-07 
9.18 1.684 1.52163e-08 
9.18 1.688 1.36134e-09 
9.19 1.596 2.93704e-10 
9.19 1.6 2.57074e-09 
9.19 1.604 1.83779e-08 
9.19 1.608 1.19063e-07 
9.19 1.612 6.13551e-07 
9.19 1.616 2.77084e-06 
9.19 1.62 1.04205e-05 
9.19 1.624 3.29697e-05 
9.19 1.628 8.55681e-05 
9.19 1.632 0.000189726 
9.19 1.636 0.000341313 
9.19 1.64 0.000512625 
9.19 1.644 0.000595898 
9.19 1.648 0.000589099 
9.19 1.652 0.000455802 
9.19 1.656 0.000291303 
9.19 1.66 0.000151304 
9.19 1.664 6.23447e-05 
9.19 1.668 1.89066e-05 
9.19 1.672 4.73845e-06 
9.19 1.676 9.12637e-07 
9.19 1.68 1.39163e-07 
9.19 1.684 1.62211e-08 
9.19 1.688 1.4027e-09 
9.2 1.596 3.48323e-10 
9.2 1.6 2.96292e-09 
9.2 1.604 2.19339e-08 
9.2 1.608 1.3452e-07 
9.2 1.612 7.33598e-07 
9.2 1.616 3.14422e-06 
9.2 1.62 1.19024e-05 
9.2 1.624 3.73487e-05 
9.2 1.628 9.93142e-05 
9.2 1.632 0.000217964 
9.2 1.636 0.000380472 
9.2 1.64 0.000563416 
9.2 1.644 0.00067722 
9.2 1.648 0.000640281 
9.2 1.652 0.000506443 
9.2 1.656 0.000322722 
9.2 1.66 0.000165396 
9.2 1.664 6.66063e-05 
9.2 1.668 2.04478e-05 
9.2 1.672 5.04636e-06 
9.2 1.676 9.90234e-07 
9.2 1.68 1.46063e-07 
9.2 1.684 1.68284e-08 
9.2 1.688 1.53342e-09 
9.2 1.692 1.03613e-10 
9.21 1.596 4.02664e-10 
9.21 1.6 3.42523e-09 
9.21 1.604 2.50346e-08 
9.21 1.608 1.54578e-07 
9.21 1.612 8.21863e-07 
9.21 1.616 3.6387e-06 
9.21 1.62 1.33968e-05 
9.21 1.624 4.26502e-05 
9.21 1.628 0.000112073 
9.21 1.632 0.000240855 
9.21 1.636 0.000430615 
9.21 1.64 0.000625827 
9.21 1.644 0.000737073 
9.21 1.648 0.000712125 
9.21 1.652 0.000555931 
9.21 1.656 0.000357338 
9.21 1.66 0.000182716 
9.21 1.664 7.06977e-05 
9.21 1.668 2.19654e-05 
9.21 1.672 5.40787e-06 
9.21 1.676 1.05257e-06 
9.21 1.68 1.60485e-07 
9.21 1.684 1.87566e-08 
9.21 1.688 1.62774e-09 
9.21 1.692 1.05954e-10 
9.22 1.596 4.789e-10 
9.22 1.6 3.94683e-09 
9.22 1.604 2.86412e-08 
9.22 1.608 1.75459e-07 
9.22 1.612 9.43667e-07 
9.22 1.616 3.99769e-06 
9.22 1.62 1.53408e-05 
9.22 1.624 4.7118e-05 
9.22 1.628 0.000124559 
9.22 1.632 0.000269598 
9.22 1.636 0.000469392 
9.22 1.64 0.000672257 
9.22 1.644 0.000799471 
9.22 1.648 0.000796226 
9.22 1.652 0.000605472 
9.22 1.656 0.00038852 
9.22 1.66 0.000191389 
9.22 1.664 7.78345e-05 
9.22 1.668 2.36749e-05 
9.22 1.672 5.81316e-06 
9.22 1.676 1.13916e-06 
9.22 1.68 1.6447e-07 
9.22 1.684 1.96178e-08 
9.22 1.688 1.71678e-09 
9.22 1.692 1.15924e-10 
9.23 1.596 5.38882e-10 
9.23 1.6 4.58363e-09 
9.23 1.604 3.30284e-08 
9.23 1.608 1.97718e-07 
9.23 1.612 1.03404e-06 
9.23 1.616 4.56903e-06 
9.23 1.62 1.70471e-05 
9.23 1.624 5.35218e-05 
9.23 1.628 0.000139167 
9.23 1.632 0.000293939 
9.23 1.636 0.000501815 
9.23 1.64 0.000748392 
9.23 1.644 0.000869051 
9.23 1.648 0.00084422 
9.23 1.652 0.000662678 
9.23 1.656 0.000414757 
9.23 1.66 0.000211239 
9.23 1.664 7.81791e-05 
9.23 1.668 2.52658e-05 
9.23 1.672 6.12744e-06 
9.23 1.676 1.16865e-06 
9.23 1.68 1.77598e-07 
9.23 1.684 2.00652e-08 
9.23 1.688 1.76627e-09 
9.23 1.692 1.12485e-10 
9.24 1.596 6.18922e-10 
9.24 1.6 5.12599e-09 
9.24 1.604 3.61216e-08 
9.24 1.608 2.18124e-07 
9.24 1.612 1.17169e-06 
9.24 1.616 5.10932e-06 
9.24 1.62 1.92276e-05 
9.24 1.624 5.77151e-05 
9.24 1.628 0.000149124 
9.24 1.632 0.00032291 
9.24 1.636 0.000552951 
9.24 1.64 0.000779207 
9.24 1.644 0.000931077 
9.24 1.648 0.000915553 
9.24 1.652 0.000710313 
9.24 1.656 0.000442357 
9.24 1.66 0.000216876 
9.24 1.664 8.54223e-05 
9.24 1.668 2.62371e-05 
9.24 1.672 6.33878e-06 
9.24 1.676 1.2215e-06 
9.24 1.68 1.79754e-07 
9.24 1.684 2.04243e-08 
9.24 1.688 1.75969e-09 
9.24 1.692 1.19573e-10 
9.25 1.596 6.86447e-10 
9.25 1.6 5.64003e-09 
9.25 1.604 3.95743e-08 
9.25 1.608 2.48771e-07 
9.25 1.612 1.26868e-06 
9.25 1.616 5.63856e-06 
9.25 1.62 2.02566e-05 
9.25 1.624 6.37541e-05 
9.25 1.628 0.00016294 
9.25 1.632 0.000335202 
9.25 1.636 0.000601803 
9.25 1.64 0.000839286 
9.25 1.644 0.00100085 
9.25 1.648 0.000968468 
9.25 1.652 0.000748868 
9.25 1.656 0.000467457 
9.25 1.66 0.000227331 
9.25 1.664 8.92225e-05 
9.25 1.668 2.69823e-05 
9.25 1.672 6.52649e-06 
9.25 1.676 1.24869e-06 
9.25 1.68 1.87649e-07 
9.25 1.684 2.07126e-08 
9.25 1.688 1.80763e-09 
9.25 1.692 1.20672e-10 
9.26 1.596 7.59455e-10 
9.26 1.6 6.25386e-09 
9.26 1.604 4.41266e-08 
9.26 1.608 2.71183e-07 
9.26 1.612 1.40107e-06 
9.26 1.616 5.97034e-06 
9.26 1.62 2.20671e-05 
9.26 1.624 6.78374e-05 
9.26 1.628 0.000168152 
9.26 1.632 0.000356733 
9.26 1.636 0.000629678 
9.26 1.64 0.00089847 
9.26 1.644 0.00107055 
9.26 1.648 0.00100872 
9.26 1.652 0.000776513 
9.26 1.656 0.000478739 
9.26 1.66 0.000233004 
9.26 1.664 9.02639e-05 
9.26 1.668 2.83267e-05 
9.26 1.672 6.87736e-06 
9.26 1.676 1.29537e-06 
9.26 1.68 1.87231e-07 
9.26 1.684 2.11029e-08 
9.26 1.688 1.84029e-09 
9.26 1.692 1.18485e-10 
9.27 1.596 8.08369e-10 
9.27 1.6 6.65399e-09 
9.27 1.604 4.78924e-08 
9.27 1.608 2.83637e-07 
9.27 1.612 1.47469e-06 
9.27 1.616 6.22729e-06 
9.27 1.62 2.29827e-05 
9.27 1.624 6.98867e-05 
9.27 1.628 0.000178594 
9.27 1.632 0.000381602 
9.27 1.636 0.000664269 
9.27 1.64 0.000944613 
9.27 1.644 0.00110081 
9.27 1.648 0.00101806 
9.27 1.652 0.000810176 
9.27 1.656 0.0004915 
9.27 1.66 0.000244282 
9.27 1.664 9.59762e-05 
9.27 1.668 2.93889e-05 
9.27 1.672 6.98959e-06 
9.27 1.676 1.28623e-06 
9.27 1.68 1.92322e-07 
9.27 1.684 2.16462e-08 
9.27 1.688 1.86768e-09 
9.27 1.692 1.22545e-10 
9.28 1.596 8.91107e-10 
9.28 1.6 7.09322e-09 
9.28 1.604 5.10907e-08 
9.28 1.608 3.01367e-07 
9.28 1.612 1.53469e-06 
9.28 1.616 6.73831e-06 
9.28 1.62 2.46338e-05 
9.28 1.624 7.61438e-05 
9.28 1.628 0.000190478 
9.28 1.632 0.000414368 
9.28 1.636 0.000709096 
9.28 1.64 0.0010112 
9.28 1.644 0.00114894 
9.28 1.648 0.00112145 
9.28 1.652 0.000849434 
9.28 1.656 0.000513483 
9.28 1.66 0.000254778 
9.28 1.664 9.77598e-05 
9.28 1.668 3.05821e-05 
9.28 1.672 7.3091e-06 
9.28 1.676 1.37801e-06 
9.28 1.68 2.01949e-07 
9.28 1.684 2.27347e-08 
9.28 1.688 1.91484e-09 
9.28 1.692 1.16257e-10 
9.29 1.592 1.02744e-10 
9.29 1.596 9.5228e-10 
9.29 1.6 7.98408e-09 
9.29 1.604 5.58044e-08 
9.29 1.608 3.47503e-07 
9.29 1.612 1.76761e-06 
9.29 1.616 7.4781e-06 
9.29 1.62 2.75358e-05 
9.29 1.624 8.02488e-05 
9.29 1.628 0.000213249 
9.29 1.632 0.000438497 
9.29 1.636 0.000759986 
9.29 1.64 0.00109439 
9.29 1.644 0.00124754 
9.29 1.648 0.00119507 
9.29 1.652 0.000893243 
9.29 1.656 0.000543225 
9.29 1.66 0.000273035 
9.29 1.664 0.000104817 
9.29 1.668 3.10585e-05 
9.29 1.672 7.5659e-06 
9.29 1.676 1.40749e-06 
9.29 1.68 2.02155e-07 
9.29 1.684 2.27484e-08 
9.29 1.688 1.95043e-09 
9.29 1.692 1.24897e-10 
9.3 1.592 1.13645e-10 
9.3 1.596 1.13075e-09 
9.3 1.6 8.84784e-09 
9.3 1.604 6.23413e-08 
9.3 1.608 3.74921e-07 
9.3 1.612 1.95911e-06 
9.3 1.616 8.16041e-06 
9.3 1.62 3.00328e-05 
9.3 1.624 9.11552e-05 
9.3 1.628 0.000225212 
9.3 1.632 0.00047743 
9.3 1.636 0.000827545 
9.3 1.64 0.00112366 
9.3 1.644 0.00137573 
9.3 1.648 0.00123378 
9.3 1.652 0.000963888 
9.3 1.656 0.000561596 
9.3 1.66 0.000282031 
9.3 1.664 0.0001083 
9.3 1.668 3.24352e-05 
9.3 1.672 7.78234e-06 
9.3 1.676 1.46633e-06 
9.3 1.68 2.08077e-07 
9.3 1.684 2.2666e-08 
9.3 1.688 2.00048e-09 
9.3 1.692 1.22834e-10 
9.31 1.592 1.2856e-10 
9.31 1.596 1.24277e-09 
9.31 1.6 1.01297e-08 
9.31 1.604 6.9233e-08 
9.31 1.608 4.23891e-07 
9.31 1.612 2.07858e-06 
9.31 1.616 8.97753e-06 
9.31 1.62 3.243e-05 
9.31 1.624 9.82014e-05 
9.31 1.628 0.000250895 
9.31 1.632 0.000505909 
9.31 1.636 0.000888604 
9.31 1.64 0.00123175 
9.31 1.644 0.00140758 
9.31 1.648 0.00133482 
9.31 1.652 0.00100576 
9.31 1.656 0.000596815 
9.31 1.66 0.000290956 
9.31 1.664 0.000111626 
9.31 1.668 3.3945e-05 
9.31 1.672 8.09355e-06 
9.31 1.676 1.47968e-06 
9.31 1.68 2.15036e-07 
9.31 1.684 2.35372e-08 
9.31 1.688 2.01955e-09 
9.31 1.692 1.28639e-10 
9.32 1.592 1.4338e-10 
9.32 1.596 1.37479e-09 
9.32 1.6 1.10605e-08 
9.32 1.604 7.66425e-08 
9.32 1.608 4.61832e-07 
9.32 1.612 2.30865e-06 
9.32 1.616 9.73907e-06 
9.32 1.62 3.56801e-05 
9.32 1.624 0.000106001 
9.32 1.628 0.0002643 
9.32 1.632 0.000547538 
9.32 1.636 0.000936147 
9.32 1.64 0.00129115 
9.32 1.644 0.0014946 
9.32 1.648 0.00141764 
9.32 1.652 0.00103134 
9.32 1.656 0.000624105 
9.32 1.66 0.000302207 
9.32 1.664 0.000113564 
9.32 1.668 3.52504e-05 
9.32 1.672 8.02704e-06 
9.32 1.676 1.52085e-06 
9.32 1.68 2.17838e-07 
9.32 1.684 2.41342e-08 
9.32 1.688 1.95753e-09 
9.32 1.692 1.26356e-10 
9.33 1.592 1.63811e-10 
9.33 1.596 1.54875e-09 
9.33 1.6 1.25488e-08 
9.33 1.604 8.60905e-08 
9.33 1.608 5.1247e-07 
9.33 1.612 2.49852e-06 
9.33 1.616 1.09717e-05 
9.33 1.62 3.74944e-05 
9.33 1.624 0.000112003 
9.33 1.628 0.000291668 
9.33 1.632 0.000583094 
9.33 1.636 0.000996541 
9.33 1.64 0.00135577 
9.33 1.644 0.00156406 
9.33 1.648 0.0014813 
9.33 1.652 0.0010838 
9.33 1.656 0.0006576 
9.33 1.66 0.00031335 
9.33 1.664 0.000121105 
9.33 1.668 3.58724e-05 
9.33 1.672 8.4117e-06 
9.33 1.676 1.53709e-06 
9.33 1.68 2.19712e-07 
9.33 1.684 2.41033e-08 
9.33 1.688 1.97652e-09 
9.33 1.692 1.30408e-10 
9.34 1.592 1.73536e-10 
9.34 1.596 1.73828e-09 
9.34 1.6 1.33768e-08 
9.34 1.604 9.51089e-08 
9.34 1.608 5.39399e-07 
9.34 1.612 2.77758e-06 
9.34 1.616 1.16608e-05 
9.34 1.62 4.00558e-05 
9.34 1.624 0.000121978 
9.34 1.628 0.00030007 
9.34 1.632 0.000609786 
9.34 1.636 0.00104984 
9.34 1.64 0.00143074 
9.34 1.644 0.00165344 
9.34 1.648 0.00152438 
9.34 1.652 0.0011263 
9.34 1.656 0.000675758 
9.34 1.66 0.000318026 
9.34 1.664 0.000121086 
9.34 1.668 3.59699e-05 
9.34 1.672 8.53081e-06 
9.34 1.676 1.57872e-06 
9.34 1.68 2.17591e-07 
9.34 1.684 2.42872e-08 
9.34 1.688 2.01042e-09 
9.34 1.692 1.2385e-10 
9.35 1.592 2.05948e-10 
9.35 1.596 1.81741e-09 
9.35 1.6 1.48845e-08 
9.35 1.604 9.84371e-08 
9.35 1.608 6.12485e-07 
9.35 1.612 2.92452e-06 
9.35 1.616 1.25309e-05 
9.35 1.62 4.41113e-05 
9.35 1.624 0.000130582 
9.35 1.628 0.000324905 
9.35 1.632 0.000649666 
9.35 1.636 0.00109409 
9.35 1.64 0.00151807 
9.35 1.644 0.00171526 
9.35 1.648 0.00158777 
9.35 1.652 0.00114985 
9.35 1.656 0.000711373 
9.35 1.66 0.000330899 
9.35 1.664 0.000123568 
9.35 1.668 3.77118e-05 
9.35 1.672 8.47828e-06 
9.35 1.676 1.60089e-06 
9.35 1.68 2.2913e-07 
9.35 1.684 2.4517e-08 
9.35 1.688 2.0199e-09 
9.35 1.692 1.24345e-10 
9.36 1.592 2.15344e-10 
9.36 1.596 2.00825e-09 
9.36 1.6 1.58938e-08 
9.36 1.604 1.09176e-07 
9.36 1.608 6.44903e-07 
9.36 1.612 3.15232e-06 
9.36 1.616 1.35903e-05 
9.36 1.62 4.61559e-05 
9.36 1.624 0.000134731 
9.36 1.628 0.000340261 
9.36 1.632 0.000688806 
9.36 1.636 0.00116008 
9.36 1.64 0.00156955 
9.36 1.644 0.0017922 
9.36 1.648 0.00165669 
9.36 1.652 0.00120107 
9.36 1.656 0.000727082 
9.36 1.66 0.000338742 
9.36 1.664 0.000127087 
9.36 1.668 3.816e-05 
9.36 1.672 9.14544e-06 
9.36 1.676 1.6868e-06 
9.36 1.68 2.25482e-07 
9.36 1.684 2.46124e-08 
9.36 1.688 2.05043e-09 
9.36 1.692 1.31154e-10 
9.37 1.592 2.21414e-10 
9.37 1.596 2.08628e-09 
9.37 1.6 1.7078e-08 
9.37 1.604 1.15473e-07 
9.37 1.608 6.70394e-07 
9.37 1.612 3.37537e-06 
9.37 1.616 1.38298e-05 
9.37 1.62 4.79379e-05 
9.37 1.624 0.000141443 
9.37 1.628 0.000345533 
9.37 1.632 0.000708142 
9.37 1.636 0.00120251 
9.37 1.64 0.00166622 
9.37 1.644 0.0018108 
9.37 1.648 0.00166065 
9.37 1.652 0.00123891 
9.37 1.656 0.0007314 
9.37 1.66 0.000349891 
9.37 1.664 0.000133098 
9.37 1.668 3.88645e-05 
9.37 1.672 9.1551e-06 
9.37 1.676 1.6521e-06 
9.37 1.68 2.24762e-07 
9.37 1.684 2.44973e-08 
9.37 1.688 2.03773e-09 
9.37 1.692 1.28027e-10 
9.38 1.592 2.37254e-10 
9.38 1.596 2.18554e-09 
9.38 1.6 1.74627e-08 
9.38 1.604 1.17773e-07 
9.38 1.608 7.02884e-07 
9.38 1.612 3.33771e-06 
9.38 1.616 1.38023e-05 
9.38 1.62 4.91676e-05 
9.38 1.624 0.000143688 
9.38 1.628 0.000354814 
9.38 1.632 0.000728173 
9.38 1.636 0.0012292 
9.38 1.64 0.00168118 
9.38 1.644 0.0018915 
9.38 1.648 0.00169757 
9.38 1.652 0.00126268 
9.38 1.656 0.000742112 
9.38 1.66 0.00035818 
9.38 1.664 0.000133159 
9.38 1.668 4.03556e-05 
9.38 1.672 9.17098e-06 
9.38 1.676 1.65959e-06 
9.38 1.68 2.32357e-07 
9.38 1.684 2.48633e-08 
9.38 1.688 2.0855e-09 
9.38 1.692 1.29412e-10 
9.39 1.592 2.5492e-10 
9.39 1.596 2.26285e-09 
9.39 1.6 1.79174e-08 
9.39 1.604 1.20506e-07 
9.39 1.608 7.00972e-07 
9.39 1.612 3.47162e-06 
9.39 1.616 1.45042e-05 
9.39 1.62 5.11271e-05 
9.39 1.624 0.000150823 
9.39 1.628 0.000371958 
9.39 1.632 0.000766295 
9.39 1.636 0.00126538 
9.39 1.64 0.00173894 
9.39 1.644 0.00192587 
9.39 1.648 0.0017467 
9.39 1.652 0.00130144 
9.39 1.656 0.00076613 
9.39 1.66 0.000363413 
9.39 1.664 0.000136648 
9.39 1.668 4.11705e-05 
9.39 1.672 9.459e-06 
9.39 1.676 1.67139e-06 
9.39 1.68 2.31815e-07 
9.39 1.684 2.53162e-08 
9.39 1.688 2.05533e-09 
9.39 1.692 1.26477e-10 
9.4 1.592 2.68378e-10 
9.4 1.596 2.55588e-09 
9.4 1.6 1.94534e-08 
9.4 1.604 1.29152e-07 
9.4 1.608 7.42003e-07 
9.4 1.612 3.66764e-06 
9.4 1.616 1.53648e-05 
9.4 1.62 5.46925e-05 
9.4 1.624 0.000158758 
9.4 1.628 0.000386498 
9.4 1.632 0.000782581 
9.4 1.636 0.00129779 
9.4 1.64 0.00178838 
9.4 1.644 0.0020167 
9.4 1.648 0.00181327 
9.4 1.652 0.00134042 
9.4 1.656 0.000790122 
9.4 1.66 0.000371912 
9.4 1.664 0.000139533 
9.4 1.668 4.09458e-05 
9.4 1.672 9.34784e-06 
9.4 1.676 1.69803e-06 
9.4 1.68 2.39472e-07 
9.4 1.684 2.49037e-08 
9.4 1.688 2.02866e-09 
9.4 1.692 1.301e-10 
9.41 1.592 2.87408e-10 
9.41 1.596 2.5993e-09 
9.41 1.6 2.00631e-08 
9.41 1.604 1.34773e-07 
9.41 1.608 7.82397e-07 
9.41 1.612 3.87225e-06 
9.41 1.616 1.62556e-05 
9.41 1.62 5.65502e-05 
9.41 1.624 0.000164602 
9.41 1.628 0.000404571 
9.41 1.632 0.000813351 
9.41 1.636 0.00133328 
9.41 1.64 0.00184485 
9.41 1.644 0.00209873 
9.41 1.648 0.00192885 
9.41 1.652 0.00134104 
9.41 1.656 0.000800033 
9.41 1.66 0.000380593 
9.41 1.664 0.000138997 
9.41 1.668 4.04549e-05 
9.41 1.672 9.33844e-06 
9.41 1.676 1.73308e-06 
9.41 1.68 2.38631e-07 
9.41 1.684 2.50591e-08 
9.41 1.688 1.99506e-09 
9.41 1.692 1.24898e-10 
9.42 1.592 3.06763e-10 
9.42 1.596 2.80437e-09 
9.42 1.6 2.15213e-08 
9.42 1.604 1.43631e-07 
9.42 1.608 8.46279e-07 
9.42 1.612 4.18852e-06 
9.42 1.616 1.7231e-05 
9.42 1.62 5.90123e-05 
9.42 1.624 0.000171178 
9.42 1.628 0.000417159 
9.42 1.632 0.000855528 
9.42 1.636 0.00139229 
9.42 1.64 0.00191204 
9.42 1.644 0.00213749 
9.42 1.648 0.00195685 
9.42 1.652 0.001395 
9.42 1.656 0.000804404 
9.42 1.66 0.000380527 
9.42 1.664 0.000140241 
9.42 1.668 4.19974e-05 
9.42 1.672 9.52603e-06 
9.42 1.676 1.78309e-06 
9.42 1.68 2.40504e-07 
9.42 1.684 2.48203e-08 
9.42 1.688 1.98246e-09 
9.42 1.692 1.22284e-10 
9.43 1.592 3.19044e-10 
9.43 1.596 2.97113e-09 
9.43 1.6 2.33165e-08 
9.43 1.604 1.54831e-07 
9.43 1.608 8.97786e-07 
9.43 1.612 4.3582e-06 
9.43 1.616 1.76692e-05 
9.43 1.62 6.30705e-05 
9.43 1.624 0.000180634 
9.43 1.628 0.000427002 
9.43 1.632 0.000874619 
9.43 1.636 0.00149011 
9.43 1.64 0.00200134 
9.43 1.644 0.00223797 
9.43 1.648 0.00195029 
9.43 1.652 0.00142175 
9.43 1.656 0.000827441 
9.43 1.66 0.000386098 
9.43 1.664 0.000145622 
9.43 1.668 4.28524e-05 
9.43 1.672 9.68339e-06 
9.43 1.676 1.76762e-06 
9.43 1.68 2.34296e-07 
9.43 1.684 2.61274e-08 
9.43 1.688 2.05202e-09 
9.43 1.692 1.25117e-10 
9.44 1.592 3.39569e-10 
9.44 1.596 3.11353e-09 
9.44 1.6 2.43749e-08 
9.44 1.604 1.62155e-07 
9.44 1.608 9.4602e-07 
9.44 1.612 4.51976e-06 
9.44 1.616 1.83563e-05 
9.44 1.62 6.5961e-05 
9.44 1.624 0.000187614 
9.44 1.628 0.000451537 
9.44 1.632 0.000919883 
9.44 1.636 0.00152677 
9.44 1.64 0.00207285 
9.44 1.644 0.0021874 
9.44 1.648 0.00203204 
9.44 1.652 0.00143741 
9.44 1.656 0.000858217 
9.44 1.66 0.000390547 
9.44 1.664 0.000146599 
9.44 1.668 4.24027e-05 
9.44 1.672 9.91906e-06 
9.44 1.676 1.72658e-06 
9.44 1.68 2.32349e-07 
9.44 1.684 2.49039e-08 
9.44 1.688 2.06193e-09 
9.44 1.692 1.26213e-10 
9.45 1.592 3.71334e-10 
9.45 1.596 3.31682e-09 
9.45 1.6 2.64899e-08 
9.45 1.604 1.7455e-07 
9.45 1.608 9.85471e-07 
9.45 1.612 4.73521e-06 
9.45 1.616 1.94777e-05 
9.45 1.62 6.70208e-05 
9.45 1.624 0.000193557 
9.45 1.628 0.000470237 
9.45 1.632 0.000954236 
9.45 1.636 0.00159238 
9.45 1.64 0.00206816 
9.45 1.644 0.00225229 
9.45 1.648 0.00204096 
9.45 1.652 0.00150035 
9.45 1.656 0.000858462 
9.45 1.66 0.000403579 
9.45 1.664 0.000148316 
9.45 1.668 4.36835e-05 
9.45 1.672 9.50885e-06 
9.45 1.676 1.71558e-06 
9.45 1.68 2.3105e-07 
9.45 1.684 2.52208e-08 
9.45 1.688 2.02619e-09 
9.45 1.692 1.25718e-10 
9.46 1.592 3.8909e-10 
9.46 1.596 3.5646e-09 
9.46 1.6 2.71013e-08 
9.46 1.604 1.84245e-07 
9.46 1.608 9.97295e-07 
9.46 1.612 4.96724e-06 
9.46 1.616 2.06119e-05 
9.46 1.62 7.07013e-05 
9.46 1.624 0.000205799 
9.46 1.628 0.000497803 
9.46 1.632 0.000982315 
9.46 1.636 0.00160233 
9.46 1.64 0.00209151 
9.46 1.644 0.00233186 
9.46 1.648 0.00208093 
9.46 1.652 0.00152997 
9.46 1.656 0.00089463 
9.46 1.66 0.000410749 
9.46 1.664 0.000150881 
9.46 1.668 4.38964e-05 
9.46 1.672 9.63171e-06 
9.46 1.676 1.72254e-06 
9.46 1.68 2.36676e-07 
9.46 1.684 2.53401e-08 
9.46 1.688 2.0436e-09 
9.46 1.692 1.2631e-10 
9.47 1.592 4.26119e-10 
9.47 1.596 3.85035e-09 
9.47 1.6 2.89803e-08 
9.47 1.604 1.88129e-07 
9.47 1.608 1.06973e-06 
9.47 1.612 5.16177e-06 
9.47 1.616 2.13185e-05 
9.47 1.62 7.40293e-05 
9.47 1.624 0.000217113 
9.47 1.628 0.000509451 
9.47 1.632 0.00102052 
9.47 1.636 0.00161008 
9.47 1.64 0.00214971 
9.47 1.644 0.00240724 
9.47 1.648 0.00214878 
9.47 1.652 0.00156931 
9.47 1.656 0.000911151 
9.47 1.66 0.000415214 
9.47 1.664 0.000152626 
9.47 1.668 4.16596e-05 
9.47 1.672 9.53588e-06 
9.47 1.676 1.72197e-06 
9.47 1.68 2.42466e-07 
9.47 1.684 2.50554e-08 
9.47 1.688 1.99376e-09 
9.47 1.692 1.23259e-10 
9.48 1.592 4.46611e-10 
9.48 1.596 3.97675e-09 
9.48 1.6 3.01238e-08 
9.48 1.604 1.99428e-07 
9.48 1.608 1.14684e-06 
9.48 1.612 5.45682e-06 
9.48 1.616 2.27418e-05 
9.48 1.62 7.79145e-05 
9.48 1.624 0.000224378 
9.48 1.628 0.000536006 
9.48 1.632 0.0010232 
9.48 1.636 0.00168701 
9.48 1.64 0.00224055 
9.48 1.644 0.00243244 
9.48 1.648 0.00221772 
9.48 1.652 0.00164201 
9.48 1.656 0.000926153 
9.48 1.66 0.000421963 
9.48 1.664 0.000148234 
9.48 1.668 4.16826e-05 
9.48 1.672 9.49214e-06 
9.48 1.676 1.73174e-06 
9.48 1.68 2.33454e-07 
9.48 1.684 2.47417e-08 
9.48 1.688 1.9953e-09 
9.48 1.692 1.17573e-10 
9.49 1.592 4.77076e-10 
9.49 1.596 4.02805e-09 
9.49 1.6 3.14733e-08 
9.49 1.604 2.05605e-07 
9.49 1.608 1.22446e-06 
9.49 1.612 5.75801e-06 
9.49 1.616 2.36202e-05 
9.49 1.62 8.13903e-05 
9.49 1.624 0.000231791 
9.49 1.628 0.000542386 
9.49 1.632 0.00106012 
9.49 1.636 0.00172761 
9.49 1.64 0.00231203 
9.49 1.644 0.0025668 
9.49 1.648 0.00227072 
9.49 1.652 0.00165028 
9.49 1.656 0.000938252 
9.49 1.66 0.000412161 
9.49 1.664 0.000150554 
9.49 1.668 4.35813e-05 
9.49 1.672 9.73943e-06 
9.49 1.676 1.7202e-06 
9.49 1.68 2.40169e-07 
9.49 1.684 2.49267e-08 
9.49 1.688 1.98225e-09 
9.49 1.692 1.16398e-10 
9.5 1.592 4.96956e-10 
9.5 1.596 4.37484e-09 
9.5 1.6 3.32563e-08 
9.5 1.604 2.24073e-07 
9.5 1.608 1.23592e-06 
9.5 1.612 6.04601e-06 
9.5 1.616 2.5007e-05 
9.5 1.62 8.41842e-05 
9.5 1.624 0.000233775 
9.5 1.628 0.00055131 
9.5 1.632 0.00109474 
9.5 1.636 0.00173976 
9.5 1.64 0.00237194 
9.5 1.644 0.0025801 
9.5 1.648 0.0023349 
9.5 1.652 0.00164108 
9.5 1.656 0.000915086 
9.5 1.66 0.000413943 
9.5 1.664 0.00015063 
9.5 1.668 4.28174e-05 
9.5 1.672 9.94576e-06 
9.5 1.676 1.72688e-06 
9.5 1.68 2.39835e-07 
9.5 1.684 2.54178e-08 
9.5 1.688 1.84308e-09 
9.5 1.692 1.08729e-10 
9.51 1.592 5.13694e-10 
9.51 1.596 4.59896e-09 
9.51 1.6 3.57582e-08 
9.51 1.604 2.39048e-07 
9.51 1.608 1.2991e-06 
9.51 1.612 6.40251e-06 
9.51 1.616 2.59746e-05 
9.51 1.62 8.4751e-05 
9.51 1.624 0.000236119 
9.51 1.628 0.000574587 
9.51 1.632 0.00111639 
9.51 1.636 0.00182063 
9.51 1.64 0.00241593 
9.51 1.644 0.00266878 
9.51 1.648 0.00236361 
9.51 1.652 0.00161882 
9.51 1.656 0.000898829 
9.51 1.66 0.000415296 
9.51 1.664 0.000153757 
9.51 1.668 4.41955e-05 
9.51 1.672 9.66503e-06 
9.51 1.676 1.72165e-06 
9.51 1.68 2.37619e-07 
9.51 1.684 2.40733e-08 
9.51 1.688 1.8155e-09 
9.51 1.692 1.0755e-10 
9.52 1.592 5.55608e-10 
9.52 1.596 4.98068e-09 
9.52 1.6 3.89022e-08 
9.52 1.604 2.56038e-07 
9.52 1.608 1.41323e-06 
9.52 1.612 6.81677e-06 
9.52 1.616 2.58762e-05 
9.52 1.62 8.7076e-05 
9.52 1.624 0.000250541 
9.52 1.628 0.000586659 
9.52 1.632 0.00116172 
9.52 1.636 0.00187835 
9.52 1.64 0.00254168 
9.52 1.644 0.00275366 
9.52 1.648 0.00231974 
9.52 1.652 0.00160516 
9.52 1.656 0.000915287 
9.52 1.66 0.000415665 
9.52 1.664 0.000153365 
9.52 1.668 4.3593e-05 
9.52 1.672 9.92737e-06 
9.52 1.676 1.77673e-06 
9.52 1.68 2.33483e-07 
9.52 1.684 2.21375e-08 
9.52 1.688 1.78775e-09 
9.52 1.692 1.06866e-10 
9.53 1.592 5.86049e-10 
9.53 1.596 5.37845e-09 
9.53 1.6 4.00003e-08 
9.53 1.604 2.6001e-07 
9.53 1.608 1.48085e-06 
9.53 1.612 6.70407e-06 
9.53 1.616 2.69079e-05 
9.53 1.62 9.09275e-05 
9.53 1.624 0.000255897 
9.53 1.628 0.000615165 
9.53 1.632 0.00119806 
9.53 1.636 0.00193182 
9.53 1.64 0.00257419 
9.53 1.644 0.00275329 
9.53 1.648 0.00230203 
9.53 1.652 0.00163945 
9.53 1.656 0.000942178 
9.53 1.66 0.000425207 
9.53 1.664 0.000154544 
9.53 1.668 4.46408e-05 
9.53 1.672 9.73633e-06 
9.53 1.676 1.69223e-06 
9.53 1.68 2.1722e-07 
9.53 1.684 2.22456e-08 
9.53 1.688 1.75467e-09 
9.53 1.692 1.03478e-10 
9.54 1.592 6.03733e-10 
9.54 1.596 5.40862e-09 
9.54 1.6 4.14667e-08 
9.54 1.604 2.7665e-07 
9.54 1.608 1.48183e-06 
9.54 1.612 6.91363e-06 
9.54 1.616 2.70531e-05 
9.54 1.62 9.19152e-05 
9.54 1.624 0.00026345 
9.54 1.628 0.000630545 
9.54 1.632 0.00120578 
9.54 1.636 0.00193047 
9.54 1.64 0.00262331 
9.54 1.644 0.00267136 
9.54 1.648 0.0023274 
9.54 1.652 0.00160616 
9.54 1.656 0.000935965 
9.54 1.66 0.000418048 
9.54 1.664 0.000152818 
9.54 1.668 4.29868e-05 
9.54 1.672 9.70451e-06 
9.54 1.676 1.60537e-06 
9.54 1.68 2.12286e-07 
9.54 1.684 2.21599e-08 
9.54 1.688 1.73017e-09 
9.54 1.692 1.02033e-10 
9.55 1.592 6.33252e-10 
9.55 1.596 5.75168e-09 
9.55 1.6 4.35414e-08 
9.55 1.604 2.85404e-07 
9.55 1.608 1.53178e-06 
9.55 1.612 7.19358e-06 
9.55 1.616 2.8411e-05 
9.55 1.62 9.47312e-05 
9.55 1.624 0.000265967 
9.55 1.628 0.000638943 
9.55 1.632 0.00123359 
9.55 1.636 0.00201439 
9.55 1.64 0.00250437 
9.55 1.644 0.00263547 
9.55 1.648 0.00233235 
9.55 1.652 0.00164731 
9.55 1.656 0.000927155 
9.55 1.66 0.000413211 
9.55 1.664 0.000150918 
9.55 1.668 4.30491e-05 
9.55 1.672 9.63966e-06 
9.55 1.676 1.54069e-06 
9.55 1.68 2.12158e-07 
9.55 1.684 2.14154e-08 
9.55 1.688 1.66179e-09 
9.56 1.592 6.62626e-10 
9.56 1.596 5.96359e-09 
9.56 1.6 4.52083e-08 
9.56 1.604 2.92709e-07 
9.56 1.608 1.54158e-06 
9.56 1.612 7.47727e-06 
9.56 1.616 2.94918e-05 
9.56 1.62 9.73504e-05 
9.56 1.624 0.000285746 
9.56 1.628 0.000649864 
9.56 1.632 0.0012898 
9.56 1.636 0.00200914 
9.56 1.64 0.00254332 
9.56 1.644 0.00273774 
9.56 1.648 0.00236688 
9.56 1.652 0.00167718 
9.56 1.656 0.000929311 
9.56 1.66 0.00043594 
9.56 1.664 0.000152138 
9.56 1.668 4.31327e-05 
9.56 1.672 9.08104e-06 
9.56 1.676 1.60801e-06 
9.56 1.68 2.08698e-07 
9.56 1.684 2.11317e-08 
9.56 1.688 1.66251e-09 
9.57 1.592 7.16979e-10 
9.57 1.596 6.23238e-09 
9.57 1.6 4.8741e-08 
9.57 1.604 2.94053e-07 
9.57 1.608 1.60112e-06 
9.57 1.612 7.77153e-06 
9.57 1.616 3.02831e-05 
9.57 1.62 0.000104471 
9.57 1.624 0.000285054 
9.57 1.628 0.000665003 
9.57 1.632 0.00130447 
9.57 1.636 0.00206404 
9.57 1.64 0.0025613 
9.57 1.644 0.00279842 
9.57 1.648 0.00243477 
9.57 1.652 0.0016757 
9.57 1.656 0.000920489 
9.57 1.66 0.00042187 
9.57 1.664 0.000151635 
9.57 1.668 4.15095e-05 
9.57 1.672 8.80504e-06 
9.57 1.676 1.55159e-06 
9.57 1.68 2.06795e-07 
9.57 1.684 2.12439e-08 
9.57 1.688 1.58768e-09 
9.58 1.592 7.41799e-10 
9.58 1.596 6.42561e-09 
9.58 1.6 4.74616e-08 
9.58 1.604 3.0707e-07 
9.58 1.608 1.74054e-06 
9.58 1.612 7.99437e-06 
9.58 1.616 3.17036e-05 
9.58 1.62 0.000104941 
9.58 1.624 0.000295455 
9.58 1.628 0.000692359 
9.58 1.632 0.00129705 
9.58 1.636 0.00201503 
9.58 1.64 0.00258423 
9.58 1.644 0.00278167 
9.58 1.648 0.00243305 
9.58 1.652 0.00167982 
9.58 1.656 0.000936085 
9.58 1.66 0.000409467 
9.58 1.664 0.000146795 
9.58 1.668 3.92471e-05 
9.58 1.672 8.75338e-06 
9.58 1.676 1.53366e-06 
9.58 1.68 1.9969e-07 
9.58 1.684 2.1205e-08 
9.58 1.688 1.5464e-09 
9.59 1.592 7.83833e-10 
9.59 1.596 6.88661e-09 
9.59 1.6 5.01011e-08 
9.59 1.604 3.14859e-07 
9.59 1.608 1.70805e-06 
9.59 1.612 7.99355e-06 
9.59 1.616 3.1999e-05 
9.59 1.62 0.000109427 
9.59 1.624 0.000305572 
9.59 1.628 0.000689218 
9.59 1.632 0.00126951 
9.59 1.636 0.00199894 
9.59 1.64 0.00266113 
9.59 1.644 0.00281426 
9.59 1.648 0.00249413 
9.59 1.652 0.00170323 
9.59 1.656 0.000907734 
9.59 1.66 0.000426286 
9.59 1.664 0.000144045 
9.59 1.668 3.98266e-05 
9.59 1.672 8.77501e-06 
9.59 1.676 1.48966e-06 
9.59 1.68 2.00426e-07 
9.59 1.684 2.0332e-08 
9.59 1.688 1.57238e-09 
9.6 1.592 8.16442e-10 
9.6 1.596 6.84526e-09 
9.6 1.6 5.01221e-08 
9.6 1.604 3.34491e-07 
9.6 1.608 1.79119e-06 
9.6 1.612 8.39736e-06 
9.6 1.616 3.34431e-05 
9.6 1.62 0.000110049 
9.6 1.624 0.000307382 
9.6 1.628 0.00069777 
9.6 1.632 0.00128469 
9.6 1.636 0.00206667 
9.6 1.64 0.00268933 
9.6 1.644 0.00290435 
9.6 1.648 0.00246459 
9.6 1.652 0.00171918 
9.6 1.656 0.000937902 
9.6 1.66 0.000416148 
9.6 1.664 0.000140592 
9.6 1.668 3.98397e-05 
9.6 1.672 8.451e-06 
9.6 1.676 1.50627e-06 
9.6 1.68 1.98989e-07 
9.6 1.684 1.91462e-08 
9.6 1.688 1.62343e-09 
9.61 1.592 8.41395e-10 
9.61 1.596 7.03384e-09 
9.61 1.6 5.28563e-08 
9.61 1.604 3.5543e-07 
9.61 1.608 1.89286e-06 
9.61 1.612 8.77988e-06 
9.61 1.616 3.52986e-05 
9.61 1.62 0.000115174 
9.61 1.624 0.000311221 
9.61 1.628 0.000699751 
9.61 1.632 0.00131868 
9.61 1.636 0.00207604 
9.61 1.64 0.00268657 
9.61 1.644 0.00284279 
9.61 1.648 0.00246156 
9.61 1.652 0.00172713 
9.61 1.656 0.000943679 
9.61 1.66 0.000402289 
9.61 1.664 0.000137436 
9.61 1.668 3.826e-05 
9.61 1.672 8.54102e-06 
9.61 1.676 1.43563e-06 
9.61 1.68 1.89163e-07 
9.61 1.684 1.95042e-08 
9.61 1.688 1.47635e-09 
9.62 1.592 8.45811e-10 
9.62 1.596 7.41318e-09 
9.62 1.6 5.64061e-08 
9.62 1.604 3.53731e-07 
9.62 1.608 1.95251e-06 
9.62 1.612 8.85592e-06 
9.62 1.616 3.55457e-05 
9.62 1.62 0.000114334 
9.62 1.624 0.000304947 
9.62 1.628 0.000694066 
9.62 1.632 0.00134118 
9.62 1.636 0.00208751 
9.62 1.64 0.00271788 
9.62 1.644 0.00282269 
9.62 1.648 0.00246813 
9.62 1.652 0.00170159 
9.62 1.656 0.000903158 
9.62 1.66 0.000394892 
9.62 1.664 0.000136967 
9.62 1.668 3.73014e-05 
9.62 1.672 8.36798e-06 
9.62 1.676 1.40092e-06 
9.62 1.68 1.85854e-07 
9.62 1.684 1.86378e-08 
9.62 1.688 1.41486e-09 
9.63 1.592 9.05894e-10 
9.63 1.596 7.70833e-09 
9.63 1.6 5.77922e-08 
9.63 1.604 3.73845e-07 
9.63 1.608 2.00304e-06 
9.63 1.612 9.24923e-06 
9.63 1.616 3.64089e-05 
9.63 1.62 0.000117337 
9.63 1.624 0.000313733 
9.63 1.628 0.00071698 
9.63 1.632 0.00134577 
9.63 1.636 0.00216068 
9.63 1.64 0.00276123 
9.63 1.644 0.00294312 
9.63 1.648 0.00245958 
9.63 1.652 0.0016756 
9.63 1.656 0.000914162 
9.63 1.66 0.00040027 
9.63 1.664 0.000140474 
9.63 1.668 3.79056e-05 
9.63 1.672 7.9516e-06 
9.63 1.676 1.3763e-06 
9.63 1.68 1.77968e-07 
9.63 1.684 1.78481e-08 
9.63 1.688 1.31513e-09 
9.64 1.592 9.15461e-10 
9.64 1.596 8.00655e-09 
9.64 1.6 6.00087e-08 
9.64 1.604 3.80352e-07 
9.64 1.608 2.10393e-06 
9.64 1.612 9.72667e-06 
9.64 1.616 3.60481e-05 
9.64 1.62 0.00011473 
9.64 1.624 0.000320157 
9.64 1.628 0.000722933 
9.64 1.632 0.00136254 
9.64 1.636 0.00215896 
9.64 1.64 0.00277204 
9.64 1.644 0.00290228 
9.64 1.648 0.00245269 
9.64 1.652 0.00162718 
9.64 1.656 0.000891318 
9.64 1.66 0.000388234 
9.64 1.664 0.000136569 
9.64 1.668 3.7479e-05 
9.64 1.672 8.07869e-06 
9.64 1.676 1.31518e-06 
9.64 1.68 1.7108e-07 
9.64 1.684 1.71066e-08 
9.64 1.688 1.26566e-09 
9.65 1.592 9.84712e-10 
9.65 1.596 8.40226e-09 
9.65 1.6 6.24225e-08 
9.65 1.604 3.89571e-07 
9.65 1.608 2.14498e-06 
9.65 1.612 9.69327e-06 
9.65 1.616 3.60126e-05 
9.65 1.62 0.000119156 
9.65 1.624 0.000319294 
9.65 1.628 0.000712042 
9.65 1.632 0.00138067 
9.65 1.636 0.00215948 
9.65 1.64 0.00273319 
9.65 1.644 0.00288256 
9.65 1.648 0.00237404 
9.65 1.652 0.00161432 
9.65 1.656 0.0008676 
9.65 1.66 0.000384398 
9.65 1.664 0.000135126 
9.65 1.668 3.70707e-05 
9.65 1.672 7.98118e-06 
9.65 1.676 1.3084e-06 
9.65 1.68 1.6896e-07 
9.65 1.684 1.64391e-08 
9.65 1.688 1.25017e-09 
9.66 1.592 9.97383e-10 
9.66 1.596 8.71082e-09 
9.66 1.6 6.34902e-08 
9.66 1.604 4.01554e-07 
9.66 1.608 2.21405e-06 
9.66 1.612 9.6732e-06 
9.66 1.616 3.74911e-05 
9.66 1.62 0.000120355 
9.66 1.624 0.000326582 
9.66 1.628 0.000736443 
9.66 1.632 0.00138799 
9.66 1.636 0.00212796 
9.66 1.64 0.00273013 
9.66 1.644 0.00278033 
9.66 1.648 0.00233749 
9.66 1.652 0.00151755 
9.66 1.656 0.000824217 
9.66 1.66 0.000365609 
9.66 1.664 0.000126129 
9.66 1.668 3.54139e-05 
9.66 1.672 7.24102e-06 
9.66 1.676 1.2495e-06 
9.66 1.68 1.62101e-07 
9.66 1.684 1.54049e-08 
9.66 1.688 1.18328e-09 
9.67 1.588 1.03493e-10 
9.67 1.592 1.04539e-09 
9.67 1.596 9.12598e-09 
9.67 1.6 6.59103e-08 
9.67 1.604 4.17003e-07 
9.67 1.608 2.20207e-06 
9.67 1.612 9.91394e-06 
9.67 1.616 3.7263e-05 
9.67 1.62 0.000120535 
9.67 1.624 0.000326339 
9.67 1.628 0.00073933 
9.67 1.632 0.00140299 
9.67 1.636 0.00213518 
9.67 1.64 0.00273117 
9.67 1.644 0.00278348 
9.67 1.648 0.00224334 
9.67 1.652 0.00150656 
9.67 1.656 0.000835413 
9.67 1.66 0.000361429 
9.67 1.664 0.000125612 
9.67 1.668 3.36151e-05 
9.67 1.672 7.33728e-06 
9.67 1.676 1.23018e-06 
9.67 1.68 1.54523e-07 
9.67 1.684 1.51448e-08 
9.67 1.688 1.14731e-09 
9.68 1.588 1.09672e-10 
9.68 1.592 1.07051e-09 
9.68 1.596 9.10518e-09 
9.68 1.6 6.77531e-08 
9.68 1.604 4.2464e-07 
9.68 1.608 2.18298e-06 
9.68 1.612 9.85829e-06 
9.68 1.616 3.78006e-05 
9.68 1.62 0.000119129 
9.68 1.624 0.000329645 
9.68 1.628 0.000729342 
9.68 1.632 0.00139047 
9.68 1.636 0.0021556 
9.68 1.64 0.00266724 
9.68 1.644 0.00274011 
9.68 1.648 0.00222072 
9.68 1.652 0.00152752 
9.68 1.656 0.000806028 
9.68 1.66 0.000356342 
9.68 1.664 0.000123161 
9.68 1.668 3.2991e-05 
9.68 1.672 7.05135e-06 
9.68 1.676 1.16144e-06 
9.68 1.68 1.46778e-07 
9.68 1.684 1.48678e-08 
9.68 1.688 1.07871e-09 
9.69 1.588 1.09765e-10 
9.69 1.592 1.097e-09 
9.69 1.596 9.31368e-09 
9.69 1.6 6.98379e-08 
9.69 1.604 4.25241e-07 
9.69 1.608 2.23358e-06 
9.69 1.612 9.92833e-06 
9.69 1.616 3.78775e-05 
9.69 1.62 0.000125711 
9.69 1.624 0.000333096 
9.69 1.628 0.000758316 
9.69 1.632 0.00138849 
9.69 1.636 0.0021576 
9.69 1.64 0.00268025 
9.69 1.644 0.00269063 
9.69 1.648 0.00220977 
9.69 1.652 0.00150209 
9.69 1.656 0.000823975 
9.69 1.66 0.000349992 
9.69 1.664 0.000121239 
9.69 1.668 3.26944e-05 
9.69 1.672 6.95931e-06 
9.69 1.676 1.11578e-06 
9.69 1.68 1.44008e-07 
9.69 1.684 1.41362e-08 
9.69 1.688 1.05806e-09 
9.7 1.588 1.13656e-10 
9.7 1.592 1.15654e-09 
9.7 1.596 9.58167e-09 
9.7 1.6 7.12901e-08 
9.7 1.604 4.39472e-07 
9.7 1.608 2.26989e-06 
9.7 1.612 1.00392e-05 
9.7 1.616 3.831e-05 
9.7 1.62 0.000123699 
9.7 1.624 0.000333845 
9.7 1.628 0.000761013 
9.7 1.632 0.00141656 
9.7 1.636 0.00216623 
9.7 1.64 0.00261227 
9.7 1.644 0.00265822 
9.7 1.648 0.0022515 
9.7 1.652 0.00148134 
9.7 1.656 0.000809711 
9.7 1.66 0.000344255 
9.7 1.664 0.00012141 
9.7 1.668 3.21212e-05 
9.7 1.672 6.56489e-06 
9.7 1.676 1.06197e-06 
9.7 1.68 1.3486e-07 
9.7 1.684 1.35226e-08 
9.7 1.688 1.04675e-09 
9.71 1.588 1.17611e-10 
9.71 1.592 1.17292e-09 
9.71 1.596 1.00386e-08 
9.71 1.6 7.27587e-08 
9.71 1.604 4.15668e-07 
9.71 1.608 2.29166e-06 
9.71 1.612 1.03044e-05 
9.71 1.616 3.84657e-05 
9.71 1.62 0.000124848 
9.71 1.624 0.00034117 
9.71 1.628 0.000753497 
9.71 1.632 0.00139366 
9.71 1.636 0.00207503 
9.71 1.64 0.00257071 
9.71 1.644 0.00260675 
9.71 1.648 0.00214808 
9.71 1.652 0.00145413 
9.71 1.656 0.000767237 
9.71 1.66 0.000330477 
9.71 1.664 0.000110855 
9.71 1.668 3.0021e-05 
9.71 1.672 6.06709e-06 
9.71 1.676 9.93944e-07 
9.71 1.68 1.22175e-07 
9.71 1.684 1.2436e-08 
9.71 1.688 8.94779e-10 
9.72 1.588 1.23239e-10 
9.72 1.592 1.15669e-09 
9.72 1.596 1.02115e-08 
9.72 1.6 7.08356e-08 
9.72 1.604 4.20427e-07 
9.72 1.608 2.25741e-06 
9.72 1.612 1.0374e-05 
9.72 1.616 3.9115e-05 
9.72 1.62 0.000125477 
9.72 1.624 0.000339044 
9.72 1.628 0.000741163 
9.72 1.632 0.00138256 
9.72 1.636 0.00198994 
9.72 1.64 0.00250676 
9.72 1.644 0.00258536 
9.72 1.648 0.00208259 
9.72 1.652 0.00141333 
9.72 1.656 0.000751667 
9.72 1.66 0.000324213 
9.72 1.664 0.000107608 
9.72 1.668 2.80673e-05 
9.72 1.672 5.95969e-06 
9.72 1.676 9.57251e-07 
9.72 1.68 1.21284e-07 
9.72 1.684 1.18372e-08 
9.72 1.688 8.84017e-10 
9.73 1.588 1.26209e-10 
9.73 1.592 1.26412e-09 
9.73 1.596 1.02778e-08 
9.73 1.6 7.15766e-08 
9.73 1.604 4.34584e-07 
9.73 1.608 2.34159e-06 
9.73 1.612 1.02703e-05 
9.73 1.616 3.91054e-05 
9.73 1.62 0.000127927 
9.73 1.624 0.00033332 
9.73 1.628 0.000738568 
9.73 1.632 0.00131042 
9.73 1.636 0.0019749 
9.73 1.64 0.00245222 
9.73 1.644 0.00253093 
9.73 1.648 0.00206002 
9.73 1.652 0.0013838 
9.73 1.656 0.000739154 
9.73 1.66 0.000322715 
9.73 1.664 0.000103224 
9.73 1.668 2.80011e-05 
9.73 1.672 5.67222e-06 
9.73 1.676 9.08293e-07 
9.73 1.68 1.18461e-07 
9.73 1.684 1.14548e-08 
9.73 1.688 8.5181e-10 
9.74 1.588 1.32256e-10 
9.74 1.592 1.29693e-09 
9.74 1.596 1.01491e-08 
9.74 1.6 7.30361e-08 
9.74 1.604 4.47127e-07 
9.74 1.608 2.38824e-06 
9.74 1.612 1.05611e-05 
9.74 1.616 4.09186e-05 
9.74 1.62 0.000125668 
9.74 1.624 0.000337916 
9.74 1.628 0.000723274 
9.74 1.632 0.00130948 
9.74 1.636 0.0019918 
9.74 1.64 0.00246696 
9.74 1.644 0.00253745 
9.74 1.648 0.00206818 
9.74 1.652 0.0013759 
9.74 1.656 0.000737448 
9.74 1.66 0.000306112 
9.74 1.664 0.000100734 
9.74 1.668 2.67927e-05 
9.74 1.672 5.55791e-06 
9.74 1.676 8.88364e-07 
9.74 1.68 1.12053e-07 
9.74 1.684 1.07131e-08 
9.74 1.688 7.92323e-10 
9.75 1.588 1.34776e-10 
9.75 1.592 1.27178e-09 
9.75 1.596 1.0334e-08 
9.75 1.6 7.50477e-08 
9.75 1.604 4.54945e-07 
9.75 1.608 2.3737e-06 
9.75 1.612 1.08308e-05 
9.75 1.616 4.03727e-05 
9.75 1.62 0.000128514 
9.75 1.624 0.000339863 
9.75 1.628 0.0007085 
9.75 1.632 0.00134591 
9.75 1.636 0.00200633 
9.75 1.64 0.00252235 
9.75 1.644 0.00252306 
9.75 1.648 0.00209892 
9.75 1.652 0.00140023 
9.75 1.656 0.000722752 
9.75 1.66 0.00029946 
9.75 1.664 9.92483e-05 
9.75 1.668 2.61815e-05 
9.75 1.672 5.42157e-06 
9.75 1.676 8.68119e-07 
9.75 1.68 1.07639e-07 
9.75 1.684 1.04459e-08 
9.75 1.688 7.64631e-10 
9.76 1.588 1.33553e-10 
9.76 1.592 1.25206e-09 
9.76 1.596 1.05762e-08 
9.76 1.6 7.5778e-08 
9.76 1.604 4.60227e-07 
9.76 1.608 2.45429e-06 
9.76 1.612 1.0786e-05 
9.76 1.616 4.13388e-05 
9.76 1.62 0.000127495 
9.76 1.624 0.000335676 
9.76 1.628 0.000728924 
9.76 1.632 0.00133704 
9.76 1.636 0.00201623 
9.76 1.64 0.00246879 
9.76 1.644 0.00247002 
9.76 1.648 0.00202608 
9.76 1.652 0.0013262 
9.76 1.656 0.000683486 
9.76 1.66 0.000283007 
9.76 1.664 9.57731e-05 
9.76 1.668 2.50011e-05 
9.76 1.672 5.19346e-06 
9.76 1.676 8.38371e-07 
9.76 1.68 1.07042e-07 
9.76 1.684 1.019e-08 
9.76 1.688 7.26262e-10 
9.77 1.588 1.33608e-10 
9.77 1.592 1.25562e-09 
9.77 1.596 1.0602e-08 
9.77 1.6 7.64275e-08 
9.77 1.604 4.71805e-07 
9.77 1.608 2.4916e-06 
9.77 1.612 1.09229e-05 
9.77 1.616 4.06765e-05 
9.77 1.62 0.000128235 
9.77 1.624 0.000329643 
9.77 1.628 0.000719704 
9.77 1.632 0.00133921 
9.77 1.636 0.00195933 
9.77 1.64 0.00241349 
9.77 1.644 0.00242153 
9.77 1.648 0.00196172 
9.77 1.652 0.00128727 
9.77 1.656 0.000649078 
9.77 1.66 0.000280897 
9.77 1.664 9.39355e-05 
9.77 1.668 2.46524e-05 
9.77 1.672 5.0689e-06 
9.77 1.676 8.05051e-07 
9.77 1.68 1.01593e-07 
9.77 1.684 9.78196e-09 
9.77 1.688 6.64821e-10 
9.78 1.588 1.34956e-10 
9.78 1.592 1.29911e-09 
9.78 1.596 1.09537e-08 
9.78 1.6 7.84547e-08 
9.78 1.604 4.65481e-07 
9.78 1.608 2.54279e-06 
9.78 1.612 1.08643e-05 
9.78 1.616 3.99124e-05 
9.78 1.62 0.000123563 
9.78 1.624 0.00031956 
9.78 1.628 0.00071503 
9.78 1.632 0.00124591 
9.78 1.636 0.00195432 
9.78 1.64 0.00233363 
9.78 1.644 0.00238482 
9.78 1.648 0.00191607 
9.78 1.652 0.0012452 
9.78 1.656 0.00063294 
9.78 1.66 0.000279801 
9.78 1.664 8.98486e-05 
9.78 1.668 2.36109e-05 
9.78 1.672 4.89454e-06 
9.78 1.676 7.84294e-07 
9.78 1.68 9.74022e-08 
9.78 1.684 9.08809e-09 
9.78 1.688 6.54937e-10 
9.79 1.588 1.3666e-10 
9.79 1.592 1.30347e-09 
9.79 1.596 1.08809e-08 
9.79 1.6 7.78822e-08 
9.79 1.604 4.74522e-07 
9.79 1.608 2.41997e-06 
9.79 1.612 1.0875e-05 
9.79 1.616 3.93518e-05 
9.79 1.62 0.000123778 
9.79 1.624 0.000314066 
9.79 1.628 0.000699221 
9.79 1.632 0.00126388 
9.79 1.636 0.00189784 
9.79 1.64 0.00229517 
9.79 1.644 0.00235861 
9.79 1.648 0.00185888 
9.79 1.652 0.00122164 
9.79 1.656 0.000625404 
9.79 1.66 0.00026404 
9.79 1.664 8.78087e-05 
9.79 1.668 2.30205e-05 
9.79 1.672 4.80606e-06 
9.79 1.676 7.48137e-07 
9.79 1.68 9.10299e-08 
9.79 1.684 8.67438e-09 
9.79 1.688 6.35933e-10 
9.8 1.588 1.41267e-10 
9.8 1.592 1.36302e-09 
9.8 1.596 1.12074e-08 
9.8 1.6 7.86975e-08 
9.8 1.604 4.81905e-07 
9.8 1.608 2.44843e-06 
9.8 1.612 1.08178e-05 
9.8 1.616 3.85586e-05 
9.8 1.62 0.000120433 
9.8 1.624 0.000321497 
9.8 1.628 0.000686074 
9.8 1.632 0.00124818 
9.8 1.636 0.00190236 
9.8 1.64 0.00232173 
9.8 1.644 0.00227794 
9.8 1.648 0.00185284 
9.8 1.652 0.00113513 
9.8 1.656 0.00060572 
9.8 1.66 0.000248124 
9.8 1.664 8.45613e-05 
9.8 1.668 2.20879e-05 
9.8 1.672 4.47218e-06 
9.8 1.676 7.1576e-07 
9.8 1.68 8.90105e-08 
9.8 1.684 7.98952e-09 
9.8 1.688 5.79169e-10 
9.81 1.588 1.46572e-10 
9.81 1.592 1.40665e-09 
9.81 1.596 1.15253e-08 
9.81 1.6 7.90963e-08 
9.81 1.604 4.89468e-07 
9.81 1.608 2.49843e-06 
9.81 1.612 1.06819e-05 
9.81 1.616 3.95359e-05 
9.81 1.62 0.00012056 
9.81 1.624 0.000318922 
9.81 1.628 0.000696781 
9.81 1.632 0.00123365 
9.81 1.636 0.00190593 
9.81 1.64 0.00218701 
9.81 1.644 0.00226229 
9.81 1.648 0.00172364 
9.81 1.652 0.00110202 
9.81 1.656 0.000584547 
9.81 1.66 0.000243433 
9.81 1.664 8.07677e-05 
9.81 1.668 2.12231e-05 
9.81 1.672 4.22487e-06 
9.81 1.676 6.9415e-07 
9.81 1.68 8.42501e-08 
9.81 1.684 7.69992e-09 
9.81 1.688 5.34114e-10 
9.82 1.588 1.44406e-10 
9.82 1.592 1.43551e-09 
9.82 1.596 1.14417e-08 
9.82 1.6 8.18079e-08 
9.82 1.604 4.95627e-07 
9.82 1.608 2.43567e-06 
9.82 1.612 1.08705e-05 
9.82 1.616 3.88892e-05 
9.82 1.62 0.000121463 
9.82 1.624 0.000311855 
9.82 1.628 0.000679091 
9.82 1.632 0.00121648 
9.82 1.636 0.00180932 
9.82 1.64 0.00216592 
9.82 1.644 0.00207568 
9.82 1.648 0.00165587 
9.82 1.652 0.00106213 
9.82 1.656 0.000568847 
9.82 1.66 0.00022951 
9.82 1.664 7.80757e-05 
9.82 1.668 2.04749e-05 
9.82 1.672 4.10693e-06 
9.82 1.676 6.42397e-07 
9.82 1.68 7.68013e-08 
9.82 1.684 6.92074e-09 
9.82 1.688 4.9707e-10 
9.83 1.588 1.49238e-10 
9.83 1.592 1.4162e-09 
9.83 1.596 1.1373e-08 
9.83 1.6 8.14972e-08 
9.83 1.604 4.89565e-07 
9.83 1.608 2.49157e-06 
9.83 1.612 1.06228e-05 
9.83 1.616 3.85232e-05 
9.83 1.62 0.000116146 
9.83 1.624 0.000306414 
9.83 1.628 0.000652234 
9.83 1.632 0.00117591 
9.83 1.636 0.00174885 
9.83 1.64 0.00204528 
9.83 1.644 0.00201043 
9.83 1.648 0.00162691 
9.83 1.652 0.00104132 
9.83 1.656 0.000550686 
9.83 1.66 0.000227908 
9.83 1.664 7.40993e-05 
9.83 1.668 1.92112e-05 
9.83 1.672 3.98269e-06 
9.83 1.676 5.97042e-07 
9.83 1.68 7.22884e-08 
9.83 1.684 6.49829e-09 
9.83 1.688 4.72147e-10 
9.84 1.588 1.45582e-10 
9.84 1.592 1.41947e-09 
9.84 1.596 1.13465e-08 
9.84 1.6 8.51101e-08 
9.84 1.604 4.8701e-07 
9.84 1.608 2.36521e-06 
9.84 1.612 1.02275e-05 
9.84 1.616 3.73641e-05 
9.84 1.62 0.000115721 
9.84 1.624 0.00029274 
9.84 1.628 0.000643811 
9.84 1.632 0.0011311 
9.84 1.636 0.00168801 
9.84 1.64 0.00199806 
9.84 1.644 0.00194554 
9.84 1.648 0.00155052 
9.84 1.652 0.000999746 
9.84 1.656 0.00053 
9.84 1.66 0.000216895 
9.84 1.664 7.02578e-05 
9.84 1.668 1.80889e-05 
9.84 1.672 3.60541e-06 
9.84 1.676 5.73672e-07 
9.84 1.68 6.62232e-08 
9.84 1.684 6.3174e-09 
9.84 1.688 4.63241e-10 
9.85 1.588 1.5638e-10 
9.85 1.592 1.44642e-09 
9.85 1.596 1.17526e-08 
9.85 1.6 8.21336e-08 
9.85 1.604 4.57859e-07 
9.85 1.608 2.31088e-06 
9.85 1.612 1.00068e-05 
9.85 1.616 3.69757e-05 
9.85 1.62 0.00011095 
9.85 1.624 0.000300237 
9.85 1.628 0.000626714 
9.85 1.632 0.00111122 
9.85 1.636 0.00163624 
9.85 1.64 0.00194562 
9.85 1.644 0.00185881 
9.85 1.648 0.00150561 
9.85 1.652 0.000974139 
9.85 1.656 0.000504841 
9.85 1.66 0.000212109 
9.85 1.664 6.53783e-05 
9.85 1.668 1.70953e-05 
9.85 1.672 3.47905e-06 
9.85 1.676 5.39881e-07 
9.85 1.68 6.44021e-08 
9.85 1.684 6.14861e-09 
9.85 1.688 4.32931e-10 
9.86 1.588 1.55386e-10 
9.86 1.592 1.44891e-09 
9.86 1.596 1.18672e-08 
9.86 1.6 7.88629e-08 
9.86 1.604 4.61479e-07 
9.86 1.608 2.36423e-06 
9.86 1.612 1.03624e-05 
9.86 1.616 3.68948e-05 
9.86 1.62 0.000111789 
9.86 1.624 0.000291465 
9.86 1.628 0.000619531 
9.86 1.632 0.0011256 
9.86 1.636 0.00154936 
9.86 1.64 0.00188233 
9.86 1.644 0.00178151 
9.86 1.648 0.00147054 
9.86 1.652 0.000928315 
9.86 1.656 0.000481129 
9.86 1.66 0.000194281 
9.86 1.664 6.17263e-05 
9.86 1.668 1.61131e-05 
9.86 1.672 3.18485e-06 
9.86 1.676 5.15676e-07 
9.86 1.68 6.01667e-08 
9.86 1.684 5.50573e-09 
9.86 1.688 3.92124e-10 
9.87 1.588 1.56504e-10 
9.87 1.592 1.45254e-09 
9.87 1.596 1.14572e-08 
9.87 1.6 7.86453e-08 
9.87 1.604 4.70258e-07 
9.87 1.608 2.35757e-06 
9.87 1.612 1.02295e-05 
9.87 1.616 3.84177e-05 
9.87 1.62 0.000112113 
9.87 1.624 0.000292955 
9.87 1.628 0.000617334 
9.87 1.632 0.00106079 
9.87 1.636 0.00150696 
9.87 1.64 0.00179839 
9.87 1.644 0.00178066 
9.87 1.648 0.00140306 
9.87 1.652 0.00088592 
9.87 1.656 0.000449074 
9.87 1.66 0.000184532 
9.87 1.664 5.87821e-05 
9.87 1.668 1.47457e-05 
9.87 1.672 2.95339e-06 
9.87 1.676 4.57596e-07 
9.87 1.68 5.73368e-08 
9.87 1.684 5.26711e-09 
9.87 1.688 3.7009e-10 
9.88 1.588 1.58928e-10 
9.88 1.592 1.42699e-09 
9.88 1.596 1.1224e-08 
9.88 1.6 7.76889e-08 
9.88 1.604 4.63784e-07 
9.88 1.608 2.38735e-06 
9.88 1.612 1.00913e-05 
9.88 1.616 3.64239e-05 
9.88 1.62 0.00011299 
9.88 1.624 0.000285216 
9.88 1.628 0.000601857 
9.88 1.632 0.00102741 
9.88 1.636 0.00149583 
9.88 1.64 0.00178951 
9.88 1.644 0.00173768 
9.88 1.648 0.00134126 
9.88 1.652 0.000863908 
9.88 1.656 0.00044663 
9.88 1.66 0.000174596 
9.88 1.664 5.4137e-05 
9.88 1.668 1.37635e-05 
9.88 1.672 2.81824e-06 
9.88 1.676 4.33563e-07 
9.88 1.68 5.27261e-08 
9.88 1.684 4.94191e-09 
9.88 1.688 3.56747e-10 
9.89 1.588 1.52418e-10 
9.89 1.592 1.42965e-09 
9.89 1.596 1.10676e-08 
9.89 1.6 7.80195e-08 
9.89 1.604 4.61591e-07 
9.89 1.608 2.34199e-06 
9.89 1.612 1.01695e-05 
9.89 1.616 3.6427e-05 
9.89 1.62 0.000110515 
9.89 1.624 0.000282939 
9.89 1.628 0.000577571 
9.89 1.632 0.00103601 
9.89 1.636 0.00143702 
9.89 1.64 0.00174219 
9.89 1.644 0.00168968 
9.89 1.648 0.00131207 
9.89 1.652 0.000836798 
9.89 1.656 0.000428066 
9.89 1.66 0.000167487 
9.89 1.664 5.15918e-05 
9.89 1.668 1.31733e-05 
9.89 1.672 2.64316e-06 
9.89 1.676 4.10769e-07 
9.89 1.68 4.97367e-08 
9.89 1.684 4.73032e-09 
9.89 1.688 3.34548e-10 
9.9 1.588 1.50838e-10 
9.9 1.592 1.40017e-09 
9.9 1.596 1.11793e-08 
9.9 1.6 7.80132e-08 
9.9 1.604 4.55931e-07 
9.9 1.608 2.31587e-06 
9.9 1.612 9.82908e-06 
9.9 1.616 3.57904e-05 
9.9 1.62 0.00010767 
9.9 1.624 0.000270349 
9.9 1.628 0.000545374 
9.9 1.632 0.000996537 
9.9 1.636 0.00138375 
9.9 1.64 0.00164319 
9.9 1.644 0.00160098 
9.9 1.648 0.00125489 
9.9 1.652 0.000805475 
9.9 1.656 0.000401458 
9.9 1.66 0.000150143 
9.9 1.664 4.88028e-05 
9.9 1.668 1.23315e-05 
9.9 1.672 2.52828e-06 
9.9 1.676 3.89613e-07 
9.9 1.68 4.84443e-08 
9.9 1.684 4.29619e-09 
9.9 1.688 3.02342e-10 
9.91 1.588 1.52542e-10 
9.91 1.592 1.4126e-09 
9.91 1.596 1.14347e-08 
9.91 1.6 7.82314e-08 
9.91 1.604 4.56733e-07 
9.91 1.608 2.31462e-06 
9.91 1.612 9.68905e-06 
9.91 1.616 3.51933e-05 
9.91 1.62 0.000108498 
9.91 1.624 0.000263032 
9.91 1.628 0.00052256 
9.91 1.632 0.000930781 
9.91 1.636 0.00132202 
9.91 1.64 0.0015444 
9.91 1.644 0.00152673 
9.91 1.648 0.0011853 
9.91 1.652 0.000749996 
9.91 1.656 0.000366974 
9.91 1.66 0.00014672 
9.91 1.664 4.66601e-05 
9.91 1.668 1.21034e-05 
9.91 1.672 2.37287e-06 
9.91 1.676 3.67753e-07 
9.91 1.68 4.33792e-08 
9.91 1.684 4.06018e-09 
9.91 1.688 2.71534e-10 
9.92 1.588 1.49532e-10 
9.92 1.592 1.39721e-09 
9.92 1.596 1.11131e-08 
9.92 1.6 7.82523e-08 
9.92 1.604 4.58732e-07 
9.92 1.608 2.33353e-06 
9.92 1.612 9.83963e-06 
9.92 1.616 3.54345e-05 
9.92 1.62 0.000105416 
9.92 1.624 0.000254829 
9.92 1.628 0.000501698 
9.92 1.632 0.000880217 
9.92 1.636 0.00126272 
9.92 1.64 0.00148576 
9.92 1.644 0.00143097 
9.92 1.648 0.00111318 
9.92 1.652 0.000701413 
9.92 1.656 0.000357098 
9.92 1.66 0.00013986 
9.92 1.664 4.5192e-05 
9.92 1.668 1.1704e-05 
9.92 1.672 2.29278e-06 
9.92 1.676 3.57911e-07 
9.92 1.68 4.05575e-08 
9.92 1.684 3.81401e-09 
9.92 1.688 2.55204e-10 
9.93 1.588 1.51697e-10 
9.93 1.592 1.41655e-09 
9.93 1.596 1.12148e-08 
9.93 1.6 7.58535e-08 
9.93 1.604 4.5729e-07 
9.93 1.608 2.27051e-06 
9.93 1.612 9.76321e-06 
9.93 1.616 3.42531e-05 
9.93 1.62 0.000100121 
9.93 1.624 0.000241907 
9.93 1.628 0.000485257 
9.93 1.632 0.000847005 
9.93 1.636 0.00120911 
9.93 1.64 0.00143136 
9.93 1.644 0.00134964 
9.93 1.648 0.00109431 
9.93 1.652 0.000677978 
9.93 1.656 0.000344292 
9.93 1.66 0.000138777 
9.93 1.664 4.43206e-05 
9.93 1.668 1.0798e-05 
9.93 1.672 2.17719e-06 
9.93 1.676 3.21555e-07 
9.93 1.68 3.89667e-08 
9.93 1.684 3.38815e-09 
9.93 1.688 2.19257e-10 
9.94 1.588 1.57808e-10 
9.94 1.592 1.44548e-09 
9.94 1.596 1.12662e-08 
9.94 1.6 7.66238e-08 
9.94 1.604 4.47231e-07 
9.94 1.608 2.27147e-06 
9.94 1.612 9.37679e-06 
9.94 1.616 3.22182e-05 
9.94 1.62 9.22667e-05 
9.94 1.624 0.000229797 
9.94 1.628 0.000474081 
9.94 1.632 0.000806836 
9.94 1.636 0.00118488 
9.94 1.64 0.00138544 
9.94 1.644 0.00130764 
9.94 1.648 0.00102597 
9.94 1.652 0.000656121 
9.94 1.656 0.000326865 
9.94 1.66 0.000128661 
9.94 1.664 4.12356e-05 
9.94 1.668 1.0066e-05 
9.94 1.672 1.98637e-06 
9.94 1.676 3.01371e-07 
9.94 1.68 3.57479e-08 
9.94 1.684 3.04416e-09 
9.94 1.688 2.03749e-10 
9.95 1.588 1.54871e-10 
9.95 1.592 1.44171e-09 
9.95 1.596 1.09833e-08 
9.95 1.6 7.42107e-08 
9.95 1.604 4.3563e-07 
9.95 1.608 2.10477e-06 
9.95 1.612 8.70443e-06 
9.95 1.616 3.00287e-05 
9.95 1.62 8.9833e-05 
9.95 1.624 0.000222395 
9.95 1.628 0.000458897 
9.95 1.632 0.000797916 
9.95 1.636 0.00114676 
9.95 1.64 0.00133676 
9.95 1.644 0.00126205 
9.95 1.648 0.000994 
9.95 1.652 0.000632256 
9.95 1.656 0.000309955 
9.95 1.66 0.000125112 
9.95 1.664 3.95229e-05 
9.95 1.668 9.61699e-06 
9.95 1.672 1.87318e-06 
9.95 1.676 2.81934e-07 
9.95 1.68 3.24207e-08 
9.95 1.684 2.86472e-09 
9.95 1.688 1.97492e-10 
9.96 1.588 1.57146e-10 
9.96 1.592 1.41023e-09 
9.96 1.596 1.11162e-08 
9.96 1.6 7.22787e-08 
9.96 1.604 4.14196e-07 
9.96 1.608 2.01214e-06 
9.96 1.612 8.06934e-06 
9.96 1.616 2.93236e-05 
9.96 1.62 8.67692e-05 
9.96 1.624 0.000210699 
9.96 1.628 0.000444212 
9.96 1.632 0.000779163 
9.96 1.636 0.00109748 
9.96 1.64 0.00129009 
9.96 1.644 0.00123955 
9.96 1.648 0.000936966 
9.96 1.652 0.000576829 
9.96 1.656 0.000288864 
9.96 1.66 0.000113919 
9.96 1.664 3.65701e-05 
9.96 1.668 8.83032e-06 
9.96 1.672 1.70782e-06 
9.96 1.676 2.6531e-07 
9.96 1.68 3.01578e-08 
9.96 1.684 2.68817e-09 
9.96 1.688 1.90303e-10 
9.97 1.588 1.57543e-10 
9.97 1.592 1.40453e-09 
9.97 1.596 1.08308e-08 
9.97 1.6 7.33408e-08 
9.97 1.604 3.96122e-07 
9.97 1.608 1.88613e-06 
9.97 1.612 7.90342e-06 
9.97 1.616 2.82216e-05 
9.97 1.62 8.43822e-05 
9.97 1.624 0.000204674 
9.97 1.628 0.000433961 
9.97 1.632 0.000751901 
9.97 1.636 0.00105981 
9.97 1.64 0.00124998 
9.97 1.644 0.00119528 
9.97 1.648 0.000912426 
9.97 1.652 0.00056382 
9.97 1.656 0.000282155 
9.97 1.66 0.000108589 
9.97 1.664 3.44632e-05 
9.97 1.668 8.32631e-06 
9.97 1.672 1.63719e-06 
9.97 1.676 2.42917e-07 
9.97 1.68 2.8952e-08 
9.97 1.684 2.51879e-09 
9.97 1.688 1.79583e-10 
9.98 1.588 1.52545e-10 
9.98 1.592 1.3515e-09 
9.98 1.596 1.05553e-08 
9.98 1.6 6.85752e-08 
9.98 1.604 3.73607e-07 
9.98 1.608 1.86812e-06 
9.98 1.612 7.53339e-06 
9.98 1.616 2.74627e-05 
9.98 1.62 8.19344e-05 
9.98 1.624 0.000199224 
9.98 1.628 0.000420837 
9.98 1.632 0.000738084 
9.98 1.636 0.00102535 
9.98 1.64 0.00120684 
9.98 1.644 0.00115974 
9.98 1.648 0.000890066 
9.98 1.652 0.000544057 
9.98 1.656 0.000272556 
9.98 1.66 0.000106084 
9.98 1.664 3.32401e-05 
9.98 1.668 7.90188e-06 
9.98 1.672 1.55308e-06 
9.98 1.676 2.35168e-07 
9.98 1.68 2.67298e-08 
9.98 1.684 2.58742e-09 
9.98 1.688 1.69085e-10 
9.99 1.588 1.4932e-10 
9.99 1.592 1.32119e-09 
9.99 1.596 9.89858e-09 
9.99 1.6 6.51359e-08 
9.99 1.604 3.6991e-07 
9.99 1.608 1.87199e-06 
9.99 1.612 7.61412e-06 
9.99 1.616 2.72284e-05 
9.99 1.62 8.00573e-05 
9.99 1.624 0.000193217 
9.99 1.628 0.000418135 
9.99 1.632 0.00070715 
9.99 1.636 0.00101331 
9.99 1.64 0.00119372 
9.99 1.644 0.00112294 
9.99 1.648 0.000845319 
9.99 1.652 0.000536469 
9.99 1.656 0.000270577 
9.99 1.66 0.000104143 
9.99 1.664 3.1339e-05 
9.99 1.668 7.65264e-06 
9.99 1.672 1.47489e-06 
9.99 1.676 2.27333e-07 
9.99 1.68 2.66642e-08 
9.99 1.684 2.37997e-09 
9.99 1.688 1.60562e-10 
10 1.588 1.43964e-10 
10 1.592 1.27021e-09 
10 1.596 9.62461e-09 
10 1.6 6.17766e-08 
10 1.604 3.60565e-07 
10 1.608 1.85201e-06 
10 1.612 7.57276e-06 
10 1.616 2.61084e-05 
10 1.62 7.75678e-05 
10 1.624 0.000195396 
10 1.628 0.000399257 
10 1.632 0.00070658 
10 1.636 0.00098555 
10 1.64 0.0011406 
10 1.644 0.00108103 
10 1.648 0.000840957 
10 1.652 0.000535775 
10 1.656 0.000264588 
10 1.66 0.000101795 
10 1.664 3.09322e-05 
10 1.668 7.61586e-06 
10 1.672 1.43722e-06 
10 1.676 2.15835e-07 
10 1.68 2.53387e-08 
10 1.684 2.31655e-09 
10 1.688 1.57826e-10 
10.01 1.588 1.41304e-10 
10.01 1.592 1.19079e-09 
10.01 1.596 9.3397e-09 
10.01 1.6 6.45221e-08 
10.01 1.604 3.62479e-07 
10.01 1.608 1.77415e-06 
10.01 1.612 7.42039e-06 
10.01 1.616 2.5973e-05 
10.01 1.62 7.82862e-05 
10.01 1.624 0.000196749 
10.01 1.628 0.000392445 
10.01 1.632 0.000673887 
10.01 1.636 0.000964597 
10.01 1.64 0.00110414 
10.01 1.644 0.00104864 
10.01 1.648 0.000815761 
10.01 1.652 0.000504212 
10.01 1.656 0.000254626 
10.01 1.66 9.79917e-05 
10.01 1.664 3.06156e-05 
10.01 1.668 7.41769e-06 
10.01 1.672 1.41417e-06 
10.01 1.676 2.07983e-07 
10.01 1.68 2.42053e-08 
10.01 1.684 2.22586e-09 
10.01 1.688 1.50586e-10 
10.02 1.588 1.3137e-10 
10.02 1.592 1.20315e-09 
10.02 1.596 9.31801e-09 
10.02 1.6 6.15203e-08 
10.02 1.604 3.60526e-07 
10.02 1.608 1.78378e-06 
10.02 1.612 7.39223e-06 
10.02 1.616 2.56499e-05 
10.02 1.62 7.72586e-05 
10.02 1.624 0.000188687 
10.02 1.628 0.00038125 
10.02 1.632 0.000651118 
10.02 1.636 0.000917139 
10.02 1.64 0.00108555 
10.02 1.644 0.00100675 
10.02 1.648 0.000770047 
10.02 1.652 0.000473397 
10.02 1.656 0.000237258 
10.02 1.66 9.37439e-05 
10.02 1.664 2.81242e-05 
10.02 1.668 6.24688e-06 
10.02 1.672 1.17377e-06 
10.02 1.676 1.70977e-07 
10.02 1.68 1.92013e-08 
10.02 1.684 1.80177e-09 
10.02 1.688 1.24058e-10 
10.03 1.588 1.32445e-10 
10.03 1.592 1.17526e-09 
10.03 1.596 9.25204e-09 
10.03 1.6 6.33651e-08 
10.03 1.604 3.61967e-07 
10.03 1.608 1.69312e-06 
10.03 1.612 7.55378e-06 
10.03 1.616 2.56805e-05 
10.03 1.62 7.52045e-05 
10.03 1.624 0.000184639 
10.03 1.628 0.000371553 
10.03 1.632 0.000610336 
10.03 1.636 0.000894139 
10.03 1.64 0.00104411 
10.03 1.644 0.00096877 
10.03 1.648 0.000744719 
10.03 1.652 0.000459927 
10.03 1.656 0.000224336 
10.03 1.66 8.92496e-05 
10.03 1.664 2.56599e-05 
10.03 1.668 5.60644e-06 
10.03 1.672 1.00664e-06 
10.03 1.676 1.47114e-07 
10.03 1.68 1.7037e-08 
10.03 1.684 1.56247e-09 
10.03 1.688 1.00347e-10 
10.04 1.588 1.36047e-10 
10.04 1.592 1.23935e-09 
10.04 1.596 9.17695e-09 
10.04 1.6 6.14296e-08 
10.04 1.604 3.67648e-07 
10.04 1.608 1.74494e-06 
10.04 1.612 7.10688e-06 
10.04 1.616 2.61921e-05 
10.04 1.62 7.2698e-05 
10.04 1.624 0.000174991 
10.04 1.628 0.000359758 
10.04 1.632 0.000622372 
10.04 1.636 0.000854589 
10.04 1.64 0.000999565 
10.04 1.644 0.000961564 
10.04 1.648 0.000720047 
10.04 1.652 0.000448351 
10.04 1.656 0.000221749 
10.04 1.66 8.50922e-05 
10.04 1.664 2.34204e-05 
10.04 1.668 4.93129e-06 
10.04 1.672 9.04329e-07 
10.04 1.676 1.29537e-07 
10.04 1.68 1.51103e-08 
10.04 1.684 1.38534e-09 
10.05 1.588 1.29103e-10 
10.05 1.592 1.23735e-09 
10.05 1.596 9.43506e-09 
10.05 1.6 6.20928e-08 
10.05 1.604 3.45785e-07 
10.05 1.608 1.76341e-06 
10.05 1.612 7.16625e-06 
10.05 1.616 2.49276e-05 
10.05 1.62 6.92285e-05 
10.05 1.624 0.000171389 
10.05 1.628 0.000359136 
10.05 1.632 0.000606415 
10.05 1.636 0.000849138 
10.05 1.64 0.000981268 
10.05 1.644 0.000918472 
10.05 1.648 0.000706031 
10.05 1.652 0.00043498 
10.05 1.656 0.000216837 
10.05 1.66 7.99986e-05 
10.05 1.664 2.18706e-05 
10.05 1.668 4.53454e-06 
10.05 1.672 8.03281e-07 
10.05 1.676 1.17042e-07 
10.05 1.68 1.39198e-08 
10.05 1.684 1.26651e-09 
10.06 1.588 1.32926e-10 
10.06 1.592 1.12972e-09 
10.06 1.596 8.88703e-09 
10.06 1.6 6.0747e-08 
10.06 1.604 3.49235e-07 
10.06 1.608 1.66958e-06 
10.06 1.612 6.59794e-06 
10.06 1.616 2.37152e-05 
10.06 1.62 7.13079e-05 
10.06 1.624 0.000165598 
10.06 1.628 0.000344357 
10.06 1.632 0.000603498 
10.06 1.636 0.000841043 
10.06 1.64 0.000941881 
10.06 1.644 0.000889047 
10.06 1.648 0.000689119 
10.06 1.652 0.000423787 
10.06 1.656 0.000210118 
10.06 1.66 7.69265e-05 
10.06 1.664 2.07787e-05 
10.06 1.668 4.28391e-06 
10.06 1.672 7.55557e-07 
10.06 1.676 1.15819e-07 
10.06 1.68 1.30972e-08 
10.06 1.684 1.11986e-09 
10.07 1.588 1.32886e-10 
10.07 1.592 1.13184e-09 
10.07 1.596 8.80468e-09 
10.07 1.6 5.75704e-08 
10.07 1.604 3.41298e-07 
10.07 1.608 1.6636e-06 
10.07 1.612 6.6429e-06 
10.07 1.616 2.25573e-05 
10.07 1.62 6.72911e-05 
10.07 1.624 0.000169334 
10.07 1.628 0.000348253 
10.07 1.632 0.000570297 
10.07 1.636 0.000809941 
10.07 1.64 0.000941032 
10.07 1.644 0.000874464 
10.07 1.648 0.000650253 
10.07 1.652 0.000406116 
10.07 1.656 0.000204689 
10.07 1.66 7.36404e-05 
10.07 1.664 1.92952e-05 
10.07 1.668 3.95211e-06 
10.07 1.672 7.21084e-07 
10.07 1.676 1.1017e-07 
10.07 1.68 1.20276e-08 
10.07 1.684 1.07152e-09 
10.08 1.588 1.27733e-10 
10.08 1.592 1.1371e-09 
10.08 1.596 8.75063e-09 
10.08 1.6 5.89585e-08 
10.08 1.604 3.21105e-07 
10.08 1.608 1.58022e-06 
10.08 1.612 6.69235e-06 
10.08 1.616 2.29432e-05 
10.08 1.62 6.7851e-05 
10.08 1.624 0.000164477 
10.08 1.628 0.000320204 
10.08 1.632 0.000488921 
10.08 1.636 0.000662235 
10.08 1.64 0.00073347 
10.08 1.644 0.000670877 
10.08 1.648 0.000508708 
10.08 1.652 0.000313501 
10.08 1.656 0.000144158 
10.08 1.66 5.12837e-05 
10.08 1.664 1.52463e-05 
10.08 1.668 3.60114e-06 
10.08 1.672 6.88746e-07 
10.08 1.676 1.00274e-07 
10.08 1.68 1.14072e-08 
10.08 1.684 1.01821e-09 
10.09 1.588 1.22064e-10 
10.09 1.592 1.06571e-09 
10.09 1.596 8.68504e-09 
10.09 1.6 5.77875e-08 
10.09 1.604 3.17564e-07 
10.09 1.608 1.56543e-06 
10.09 1.612 6.57261e-06 
10.09 1.616 2.23262e-05 
10.09 1.62 6.45725e-05 
10.09 1.624 0.00015847 
10.09 1.628 0.000292766 
10.09 1.632 0.000433583 
10.09 1.636 0.000569795 
10.09 1.64 0.000659526 
10.09 1.644 0.000613404 
10.09 1.648 0.000449663 
10.09 1.652 0.000264456 
10.09 1.656 0.000128865 
10.09 1.66 4.71196e-05 
10.09 1.664 1.4341e-05 
10.09 1.668 3.37309e-06 
10.09 1.672 6.41856e-07 
10.09 1.676 9.60825e-08 
10.09 1.68 1.08368e-08 
10.09 1.684 9.6538e-10 
10.1 1.588 1.19527e-10 
10.1 1.592 1.06437e-09 
10.1 1.596 7.84843e-09 
10.1 1.6 5.5676e-08 
10.1 1.604 3.14697e-07 
10.1 1.608 1.51212e-06 
10.1 1.612 6.26824e-06 
10.1 1.616 2.21894e-05 
10.1 1.62 6.18826e-05 
10.1 1.624 0.000142196 
10.1 1.628 0.000261973 
10.1 1.632 0.000403456 
10.1 1.636 0.000532424 
10.1 1.64 0.00060382 
10.1 1.644 0.000552996 
10.1 1.648 0.000417568 
10.1 1.652 0.00024972 
10.1 1.656 0.000121086 
10.1 1.66 4.62394e-05 
10.1 1.664 1.40148e-05 
10.1 1.668 3.27702e-06 
10.1 1.672 6.07902e-07 
10.1 1.676 8.80907e-08 
10.1 1.68 1.04947e-08 
10.1 1.684 9.3987e-10 
10.11 1.588 1.20392e-10 
10.11 1.592 1.04665e-09 
10.11 1.596 8.06481e-09 
10.11 1.6 5.41864e-08 
10.11 1.604 3.12558e-07 
10.11 1.608 1.40827e-06 
10.11 1.612 5.95606e-06 
10.11 1.616 2.10556e-05 
10.11 1.62 6.01815e-05 
10.11 1.624 0.000132351 
10.11 1.628 0.000242112 
10.11 1.632 0.000373697 
10.11 1.636 0.000514019 
10.11 1.64 0.000581017 
10.11 1.644 0.000534621 
10.11 1.648 0.000409117 
10.11 1.652 0.000245534 
10.11 1.656 0.000119117 
10.11 1.66 4.64119e-05 
10.11 1.664 1.42531e-05 
10.11 1.668 3.24193e-06 
10.11 1.672 5.60492e-07 
10.11 1.676 8.93638e-08 
10.11 1.68 9.92066e-09 
10.11 1.684 8.99222e-10 
10.12 1.588 1.13232e-10 
10.12 1.592 1.02727e-09 
10.12 1.596 7.62269e-09 
10.12 1.6 5.27021e-08 
10.12 1.604 3.02238e-07 
10.12 1.608 1.37483e-06 
10.12 1.612 5.52021e-06 
10.12 1.616 1.95909e-05 
10.12 1.62 5.72813e-05 
10.12 1.624 0.00012722 
10.12 1.628 0.000222079 
10.12 1.632 0.000361468 
10.12 1.636 0.000501075 
10.12 1.64 0.000567776 
10.12 1.644 0.000524731 
10.12 1.648 0.000396424 
10.12 1.652 0.00024587 
10.12 1.656 0.000121822 
10.12 1.66 4.70457e-05 
10.12 1.664 1.42203e-05 
10.12 1.668 3.06204e-06 
10.12 1.672 5.66313e-07 
10.12 1.676 8.26542e-08 
10.12 1.68 9.78796e-09 
10.12 1.684 8.57586e-10 
10.13 1.588 1.05438e-10 
10.13 1.592 8.76185e-10 
10.13 1.596 6.58115e-09 
10.13 1.6 4.15265e-08 
10.13 1.604 2.60741e-07 
10.13 1.608 1.19493e-06 
10.13 1.612 4.57756e-06 
10.13 1.616 1.61008e-05 
10.13 1.62 4.51701e-05 
10.13 1.624 0.000108003 
10.13 1.628 0.000219483 
10.13 1.632 0.000365575 
10.13 1.636 0.000506076 
10.13 1.64 0.000579087 
10.13 1.644 0.000525176 
10.13 1.648 0.00039647 
10.13 1.652 0.000247847 
10.13 1.656 0.000120955 
10.13 1.66 4.72283e-05 
10.13 1.664 1.31774e-05 
10.13 1.668 2.75481e-06 
10.13 1.672 5.34336e-07 
10.13 1.676 7.91842e-08 
10.13 1.68 9.2349e-09 
10.13 1.684 7.78926e-10 
10.14 1.592 8.32811e-10 
10.14 1.596 6.21864e-09 
10.14 1.6 3.99406e-08 
10.14 1.604 2.2402e-07 
10.14 1.608 1.12117e-06 
10.14 1.612 4.4514e-06 
10.14 1.616 1.51861e-05 
10.14 1.62 4.39377e-05 
10.14 1.624 0.000106002 
10.14 1.628 0.000207869 
10.14 1.632 0.000339474 
10.14 1.636 0.000474803 
10.14 1.64 0.000537173 
10.14 1.644 0.000498699 
10.14 1.648 0.000377282 
10.14 1.652 0.00022882 
10.14 1.656 0.000112828 
10.14 1.66 4.20405e-05 
10.14 1.664 1.2366e-05 
10.14 1.668 2.6349e-06 
10.14 1.672 5.04689e-07 
10.14 1.676 7.63273e-08 
10.14 1.68 8.77856e-09 
10.14 1.684 7.1451e-10 
