#logage logr JPDF
9.04 1.664 4.30148e-08 
9.04 1.668 3.49126e-08 
9.04 1.672 1.04443e-08 
9.04 1.676 3.14778e-09 
9.04 1.68 5.12894e-10 
9.05 1.632 1.07184e-07 
9.05 1.636 3.752e-07 
9.05 1.64 7.18241e-07 
9.05 1.644 1.44686e-06 
9.05 1.648 1.83084e-06 
9.05 1.652 1.61461e-06 
9.05 1.656 1.52416e-06 
9.05 1.66 8.82175e-07 
9.05 1.664 4.11371e-07 
9.05 1.668 1.79153e-07 
9.05 1.672 4.42418e-08 
9.05 1.676 1.17857e-08 
9.05 1.68 2.33064e-09 
9.05 1.684 2.73938e-10 
9.06 1.616 9.28732e-10 
9.06 1.62 8.42004e-09 
9.06 1.624 4.35815e-08 
9.06 1.628 1.95296e-07 
9.06 1.632 5.58111e-07 
9.06 1.636 1.31508e-06 
9.06 1.64 2.39882e-06 
9.06 1.644 3.83074e-06 
9.06 1.648 4.32797e-06 
9.06 1.652 4.0144e-06 
9.06 1.656 3.1277e-06 
9.06 1.66 1.89077e-06 
9.06 1.664 8.70892e-07 
9.06 1.668 3.25538e-07 
9.06 1.672 9.6314e-08 
9.06 1.676 2.11534e-08 
9.06 1.68 3.95261e-09 
9.06 1.684 5.15592e-10 
9.07 1.616 1.09682e-09 
9.07 1.62 1.02291e-08 
9.07 1.624 4.99488e-08 
9.07 1.628 2.06248e-07 
9.07 1.632 5.96445e-07 
9.07 1.636 1.4444e-06 
9.07 1.64 2.66663e-06 
9.07 1.644 4.43511e-06 
9.07 1.648 5.33032e-06 
9.07 1.652 5.23307e-06 
9.07 1.656 4.08877e-06 
9.07 1.66 2.4918e-06 
9.07 1.664 1.20582e-06 
9.07 1.668 4.38292e-07 
9.07 1.672 1.29561e-07 
9.07 1.676 2.85862e-08 
9.07 1.68 5.26191e-09 
9.07 1.684 6.57765e-10 
9.08 1.616 1.14621e-09 
9.08 1.62 1.06399e-08 
9.08 1.624 7.24301e-08 
9.08 1.628 2.54359e-07 
9.08 1.632 8.51163e-07 
9.08 1.636 1.97153e-06 
9.08 1.64 3.84457e-06 
9.08 1.644 5.91254e-06 
9.08 1.648 7.53096e-06 
9.08 1.652 6.81561e-06 
9.08 1.656 5.30333e-06 
9.08 1.66 3.1566e-06 
9.08 1.664 1.51535e-06 
9.08 1.668 5.63995e-07 
9.08 1.672 1.53913e-07 
9.08 1.676 3.49582e-08 
9.08 1.68 6.21798e-09 
9.08 1.684 7.94336e-10 
9.09 1.612 1.61322e-10 
9.09 1.616 2.86721e-09 
9.09 1.62 2.19566e-08 
9.09 1.624 1.04718e-07 
9.09 1.628 4.08438e-07 
9.09 1.632 1.25227e-06 
9.09 1.636 2.95806e-06 
9.09 1.64 5.44646e-06 
9.09 1.644 7.60344e-06 
9.09 1.648 9.28104e-06 
9.09 1.652 8.95064e-06 
9.09 1.656 6.81523e-06 
9.09 1.66 3.90019e-06 
9.09 1.664 1.88076e-06 
9.09 1.668 6.95258e-07 
9.09 1.672 1.91511e-07 
9.09 1.676 4.22211e-08 
9.09 1.68 7.42973e-09 
9.09 1.684 9.58237e-10 
9.1 1.612 8.11018e-10 
9.1 1.616 5.47361e-09 
9.1 1.62 3.60498e-08 
9.1 1.624 1.66816e-07 
9.1 1.628 5.60226e-07 
9.1 1.632 1.7824e-06 
9.1 1.636 3.85117e-06 
9.1 1.64 7.19686e-06 
9.1 1.644 1.04916e-05 
9.1 1.648 1.24836e-05 
9.1 1.652 1.10369e-05 
9.1 1.656 8.38683e-06 
9.1 1.66 4.66831e-06 
9.1 1.664 2.30192e-06 
9.1 1.668 8.19713e-07 
9.1 1.672 2.3381e-07 
9.1 1.676 4.9509e-08 
9.1 1.68 8.77069e-09 
9.1 1.684 1.08983e-09 
9.1 1.688 1.10769e-10 
9.11 1.612 1.10693e-09 
9.11 1.616 1.02993e-08 
9.11 1.62 6.22011e-08 
9.11 1.624 2.43182e-07 
9.11 1.628 8.22072e-07 
9.11 1.632 2.27927e-06 
9.11 1.636 4.91073e-06 
9.11 1.64 9.03915e-06 
9.11 1.644 1.36087e-05 
9.11 1.648 1.49943e-05 
9.11 1.652 1.3838e-05 
9.11 1.656 1.03789e-05 
9.11 1.66 5.90445e-06 
9.11 1.664 2.71715e-06 
9.11 1.668 9.47417e-07 
9.11 1.672 2.80065e-07 
9.11 1.676 5.99911e-08 
9.11 1.68 9.94959e-09 
9.11 1.684 1.26807e-09 
9.11 1.688 1.24886e-10 
9.12 1.608 2.36865e-10 
9.12 1.612 2.28011e-09 
9.12 1.616 1.47953e-08 
9.12 1.62 8.165e-08 
9.12 1.624 3.2922e-07 
9.12 1.628 1.11724e-06 
9.12 1.632 3.06317e-06 
9.12 1.636 6.54742e-06 
9.12 1.64 1.14674e-05 
9.12 1.644 1.65334e-05 
9.12 1.648 1.95437e-05 
9.12 1.652 1.69916e-05 
9.12 1.656 1.25789e-05 
9.12 1.66 7.19076e-06 
9.12 1.664 3.20593e-06 
9.12 1.668 1.16695e-06 
9.12 1.672 3.15356e-07 
9.12 1.676 7.04754e-08 
9.12 1.68 1.18155e-08 
9.12 1.684 1.50498e-09 
9.12 1.688 1.40391e-10 
9.13 1.608 4.35286e-10 
9.13 1.612 3.57498e-09 
9.13 1.616 2.10772e-08 
9.13 1.62 1.20806e-07 
9.13 1.624 4.60451e-07 
9.13 1.628 1.52328e-06 
9.13 1.632 3.95023e-06 
9.13 1.636 8.55417e-06 
9.13 1.64 1.50807e-05 
9.13 1.644 2.10104e-05 
9.13 1.648 2.36185e-05 
9.13 1.652 2.12726e-05 
9.13 1.656 1.53038e-05 
9.13 1.66 8.53054e-06 
9.13 1.664 3.95226e-06 
9.13 1.668 1.37556e-06 
9.13 1.672 3.76272e-07 
9.13 1.676 8.11904e-08 
9.13 1.68 1.39609e-08 
9.13 1.684 1.74662e-09 
9.13 1.688 1.771e-10 
9.14 1.608 7.35559e-10 
9.14 1.612 5.56674e-09 
9.14 1.616 3.12484e-08 
9.14 1.62 1.62071e-07 
9.14 1.624 6.60042e-07 
9.14 1.628 1.97075e-06 
9.14 1.632 5.27815e-06 
9.14 1.636 1.0726e-05 
9.14 1.64 1.97187e-05 
9.14 1.644 2.58907e-05 
9.14 1.648 2.95628e-05 
9.14 1.652 2.64637e-05 
9.14 1.656 1.91258e-05 
9.14 1.66 1.06965e-05 
9.14 1.664 4.87444e-06 
9.14 1.668 1.70566e-06 
9.14 1.672 4.71981e-07 
9.14 1.676 1.02951e-07 
9.14 1.68 1.61544e-08 
9.14 1.684 2.16903e-09 
9.14 1.688 2.05263e-10 
9.15 1.604 1.27997e-10 
9.15 1.608 1.092e-09 
9.15 1.612 8.30095e-09 
9.15 1.616 4.72364e-08 
9.15 1.62 2.2696e-07 
9.15 1.624 8.64124e-07 
9.15 1.628 2.65992e-06 
9.15 1.632 6.86921e-06 
9.15 1.636 1.44369e-05 
9.15 1.64 2.44962e-05 
9.15 1.644 3.38769e-05 
9.15 1.648 3.6652e-05 
9.15 1.652 3.31793e-05 
9.15 1.656 2.34074e-05 
9.15 1.66 1.32839e-05 
9.15 1.664 5.89451e-06 
9.15 1.668 2.07529e-06 
9.15 1.672 5.6191e-07 
9.15 1.676 1.18037e-07 
9.15 1.68 1.93565e-08 
9.15 1.684 2.46541e-09 
9.15 1.688 2.41508e-10 
9.16 1.604 2.04789e-10 
9.16 1.608 1.7175e-09 
9.16 1.612 1.16186e-08 
9.16 1.616 6.45098e-08 
9.16 1.62 3.06542e-07 
9.16 1.624 1.1611e-06 
9.16 1.628 3.56957e-06 
9.16 1.632 9.39134e-06 
9.16 1.636 1.94101e-05 
9.16 1.64 3.17955e-05 
9.16 1.644 4.25398e-05 
9.16 1.648 4.64579e-05 
9.16 1.652 4.16197e-05 
9.16 1.656 2.89945e-05 
9.16 1.66 1.64434e-05 
9.16 1.664 7.44866e-06 
9.16 1.668 2.46689e-06 
9.16 1.672 6.51244e-07 
9.16 1.676 1.35964e-07 
9.16 1.68 2.27041e-08 
9.16 1.684 2.90332e-09 
9.16 1.688 2.68254e-10 
9.17 1.604 2.90833e-10 
9.17 1.608 2.69808e-09 
9.17 1.612 1.90795e-08 
9.17 1.616 9.98388e-08 
9.17 1.62 4.61647e-07 
9.17 1.624 1.54107e-06 
9.17 1.628 4.8823e-06 
9.17 1.632 1.30863e-05 
9.17 1.636 2.51385e-05 
9.17 1.64 4.18462e-05 
9.17 1.644 5.51829e-05 
9.17 1.648 5.97278e-05 
9.17 1.652 5.20402e-05 
9.17 1.656 3.5913e-05 
9.17 1.66 2.02477e-05 
9.17 1.664 8.93456e-06 
9.17 1.668 2.89797e-06 
9.17 1.672 8.01236e-07 
9.17 1.676 1.69294e-07 
9.17 1.68 2.62454e-08 
9.17 1.684 3.18696e-09 
9.17 1.688 3.21991e-10 
9.18 1.604 5.39581e-10 
9.18 1.608 4.10157e-09 
9.18 1.612 2.69159e-08 
9.18 1.616 1.39607e-07 
9.18 1.62 5.94849e-07 
9.18 1.624 2.19615e-06 
9.18 1.628 6.60785e-06 
9.18 1.632 1.61724e-05 
9.18 1.636 3.24907e-05 
9.18 1.64 5.24132e-05 
9.18 1.644 6.77556e-05 
9.18 1.648 7.3333e-05 
9.18 1.652 6.38396e-05 
9.18 1.656 4.43257e-05 
9.18 1.66 2.39267e-05 
9.18 1.664 1.07122e-05 
9.18 1.668 3.42236e-06 
9.18 1.672 9.3574e-07 
9.18 1.676 1.93415e-07 
9.18 1.68 3.03025e-08 
9.18 1.684 3.78792e-09 
9.18 1.688 3.61583e-10 
9.19 1.604 8.26903e-10 
9.19 1.608 5.95923e-09 
9.19 1.612 3.75179e-08 
9.19 1.616 1.81396e-07 
9.19 1.62 8.18561e-07 
9.19 1.624 2.91042e-06 
9.19 1.628 8.40474e-06 
9.19 1.632 2.12185e-05 
9.19 1.636 4.12593e-05 
9.19 1.64 6.45976e-05 
9.19 1.644 8.52467e-05 
9.19 1.648 9.00348e-05 
9.19 1.652 7.68161e-05 
9.19 1.656 5.20918e-05 
9.19 1.66 2.94166e-05 
9.19 1.664 1.26806e-05 
9.19 1.668 4.08391e-06 
9.19 1.672 1.08216e-06 
9.19 1.676 2.1441e-07 
9.19 1.68 3.50682e-08 
9.19 1.684 4.41811e-09 
9.19 1.688 3.90768e-10 
9.2 1.6 1.32346e-10 
9.2 1.604 1.15285e-09 
9.2 1.608 8.17934e-09 
9.2 1.612 4.73452e-08 
9.2 1.616 2.3591e-07 
9.2 1.62 1.0489e-06 
9.2 1.624 3.76312e-06 
9.2 1.628 1.08606e-05 
9.2 1.632 2.65509e-05 
9.2 1.636 4.81066e-05 
9.2 1.64 7.70457e-05 
9.2 1.644 0.00010135 
9.2 1.648 0.000108206 
9.2 1.652 8.87132e-05 
9.2 1.656 6.26664e-05 
9.2 1.66 3.27463e-05 
9.2 1.664 1.43605e-05 
9.2 1.668 4.55941e-06 
9.2 1.672 1.18883e-06 
9.2 1.676 2.52754e-07 
9.2 1.68 3.79686e-08 
9.2 1.684 4.62438e-09 
9.2 1.688 4.48747e-10 
9.21 1.6 1.67992e-10 
9.21 1.604 1.50482e-09 
9.21 1.608 9.71314e-09 
9.21 1.612 6.03395e-08 
9.21 1.616 3.00156e-07 
9.21 1.62 1.29702e-06 
9.21 1.624 4.4105e-06 
9.21 1.628 1.32669e-05 
9.21 1.632 3.09763e-05 
9.21 1.636 5.84523e-05 
9.21 1.64 9.22225e-05 
9.21 1.644 0.000117074 
9.21 1.648 0.000125526 
9.21 1.652 0.000101404 
9.21 1.656 7.14694e-05 
9.21 1.66 3.83967e-05 
9.21 1.664 1.56744e-05 
9.21 1.668 4.98059e-06 
9.21 1.672 1.36428e-06 
9.21 1.676 2.6653e-07 
9.21 1.68 4.32655e-08 
9.21 1.684 5.12416e-09 
9.21 1.688 4.68333e-10 
9.22 1.6 2.06082e-10 
9.22 1.604 1.77151e-09 
9.22 1.608 1.18788e-08 
9.22 1.612 7.82852e-08 
9.22 1.616 3.57159e-07 
9.22 1.62 1.58525e-06 
9.22 1.624 5.14773e-06 
9.22 1.628 1.51769e-05 
9.22 1.632 3.53853e-05 
9.22 1.636 6.38305e-05 
9.22 1.64 0.000106344 
9.22 1.644 0.000130989 
9.22 1.648 0.000142733 
9.22 1.652 0.000114183 
9.22 1.656 7.79915e-05 
9.22 1.66 4.10781e-05 
9.22 1.664 1.7431e-05 
9.22 1.668 5.5786e-06 
9.22 1.672 1.44801e-06 
9.22 1.676 2.98138e-07 
9.22 1.68 4.67677e-08 
9.22 1.684 5.42378e-09 
9.22 1.688 5.13795e-10 
9.23 1.6 2.64029e-10 
9.23 1.604 2.24192e-09 
9.23 1.608 1.46104e-08 
9.23 1.612 8.45176e-08 
9.23 1.616 4.34937e-07 
9.23 1.62 1.78917e-06 
9.23 1.624 5.98159e-06 
9.23 1.628 1.76304e-05 
9.23 1.632 3.9123e-05 
9.23 1.636 7.63409e-05 
9.23 1.64 0.000118992 
9.23 1.644 0.000147871 
9.23 1.648 0.000154514 
9.23 1.652 0.000127915 
9.23 1.656 8.59115e-05 
9.23 1.66 4.54983e-05 
9.23 1.664 1.79336e-05 
9.23 1.668 6.26726e-06 
9.23 1.672 1.5533e-06 
9.23 1.676 3.11035e-07 
9.23 1.68 5.01808e-08 
9.23 1.684 6.06584e-09 
9.23 1.688 5.51003e-10 
9.24 1.6 2.97971e-10 
9.24 1.604 2.41707e-09 
9.24 1.608 1.67203e-08 
9.24 1.612 1.08206e-07 
9.24 1.616 5.21766e-07 
9.24 1.62 2.07947e-06 
9.24 1.624 6.76794e-06 
9.24 1.628 1.91877e-05 
9.24 1.632 4.5092e-05 
9.24 1.636 8.40758e-05 
9.24 1.64 0.000131768 
9.24 1.644 0.000164343 
9.24 1.648 0.000170281 
9.24 1.652 0.000140974 
9.24 1.656 9.31348e-05 
9.24 1.66 4.84411e-05 
9.24 1.664 2.03571e-05 
9.24 1.668 6.7453e-06 
9.24 1.672 1.70188e-06 
9.24 1.676 3.46899e-07 
9.24 1.68 5.21869e-08 
9.24 1.684 6.20763e-09 
9.24 1.688 5.69264e-10 
9.25 1.6 3.60468e-10 
9.25 1.604 2.95085e-09 
9.25 1.608 2.02186e-08 
9.25 1.612 1.16984e-07 
9.25 1.616 5.84033e-07 
9.25 1.62 2.29192e-06 
9.25 1.624 8.10253e-06 
9.25 1.628 2.23844e-05 
9.25 1.632 4.9753e-05 
9.25 1.636 9.71891e-05 
9.25 1.64 0.000148832 
9.25 1.644 0.000179099 
9.25 1.648 0.000190544 
9.25 1.652 0.000160464 
9.25 1.656 0.000102868 
9.25 1.66 5.33799e-05 
9.25 1.664 2.24439e-05 
9.25 1.668 7.14604e-06 
9.25 1.672 1.82943e-06 
9.25 1.676 3.72541e-07 
9.25 1.68 5.85631e-08 
9.25 1.684 6.69382e-09 
9.25 1.688 6.07493e-10 
9.26 1.6 4.29141e-10 
9.26 1.604 3.30717e-09 
9.26 1.608 2.45443e-08 
9.26 1.612 1.42152e-07 
9.26 1.616 6.68219e-07 
9.26 1.62 2.75852e-06 
9.26 1.624 9.22904e-06 
9.26 1.628 2.52208e-05 
9.26 1.632 5.62565e-05 
9.26 1.636 0.000110332 
9.26 1.64 0.000165191 
9.26 1.644 0.000208362 
9.26 1.648 0.000211916 
9.26 1.652 0.000176683 
9.26 1.656 0.000112997 
9.26 1.66 5.9232e-05 
9.26 1.664 2.43447e-05 
9.26 1.668 8.20499e-06 
9.26 1.672 2.06753e-06 
9.26 1.676 3.982e-07 
9.26 1.68 5.94264e-08 
9.26 1.684 7.19247e-09 
9.26 1.688 6.53316e-10 
9.27 1.6 5.24828e-10 
9.27 1.604 4.29452e-09 
9.27 1.608 2.79835e-08 
9.27 1.612 1.66877e-07 
9.27 1.616 7.53047e-07 
9.27 1.62 3.23157e-06 
9.27 1.624 1.01993e-05 
9.27 1.628 2.86707e-05 
9.27 1.632 6.74963e-05 
9.27 1.636 0.00012525 
9.27 1.64 0.000187606 
9.27 1.644 0.000242145 
9.27 1.648 0.000234553 
9.27 1.652 0.000196201 
9.27 1.656 0.000129578 
9.27 1.66 6.52653e-05 
9.27 1.664 2.68948e-05 
9.27 1.668 8.9146e-06 
9.27 1.672 2.24689e-06 
9.27 1.676 4.34474e-07 
9.27 1.68 6.50282e-08 
9.27 1.684 8.00502e-09 
9.27 1.688 7.13042e-10 
9.28 1.6 5.9748e-10 
9.28 1.604 5.34464e-09 
9.28 1.608 3.6708e-08 
9.28 1.612 1.95447e-07 
9.28 1.616 9.52241e-07 
9.28 1.62 3.78767e-06 
9.28 1.624 1.23466e-05 
9.28 1.628 3.37672e-05 
9.28 1.632 7.72472e-05 
9.28 1.636 0.000146734 
9.28 1.64 0.000218546 
9.28 1.644 0.000272115 
9.28 1.648 0.000274535 
9.28 1.652 0.000223047 
9.28 1.656 0.000140832 
9.28 1.66 7.45337e-05 
9.28 1.664 3.07207e-05 
9.28 1.668 9.60907e-06 
9.28 1.672 2.48369e-06 
9.28 1.676 4.80899e-07 
9.28 1.68 7.33217e-08 
9.28 1.684 8.81856e-09 
9.28 1.688 7.75232e-10 
9.29 1.6 7.86862e-10 
9.29 1.604 6.62922e-09 
9.29 1.608 4.18991e-08 
9.29 1.612 2.40179e-07 
9.29 1.616 1.09341e-06 
9.29 1.62 4.59118e-06 
9.29 1.624 1.38765e-05 
9.29 1.628 4.08262e-05 
9.29 1.632 8.97862e-05 
9.29 1.636 0.000164255 
9.29 1.64 0.00026276 
9.29 1.644 0.000308276 
9.29 1.648 0.00031287 
9.29 1.652 0.000247598 
9.29 1.656 0.000160559 
9.29 1.66 8.18677e-05 
9.29 1.664 3.38457e-05 
9.29 1.668 1.07225e-05 
9.29 1.672 2.69373e-06 
9.29 1.676 5.19879e-07 
9.29 1.68 7.82504e-08 
9.29 1.684 9.34628e-09 
9.29 1.688 8.27418e-10 
9.3 1.596 1.08344e-10 
9.3 1.6 9.49013e-10 
9.3 1.604 7.65156e-09 
9.3 1.608 5.1949e-08 
9.3 1.612 2.90835e-07 
9.3 1.616 1.33261e-06 
9.3 1.62 5.44742e-06 
9.3 1.624 1.70553e-05 
9.3 1.628 4.69913e-05 
9.3 1.632 0.00010575 
9.3 1.636 0.000194284 
9.3 1.64 0.000283019 
9.3 1.644 0.000366464 
9.3 1.648 0.000352344 
9.3 1.652 0.000278188 
9.3 1.656 0.000181627 
9.3 1.66 9.10875e-05 
9.3 1.664 3.81327e-05 
9.3 1.668 1.16558e-05 
9.3 1.672 2.94686e-06 
9.3 1.676 5.84841e-07 
9.3 1.68 8.60493e-08 
9.3 1.684 9.96997e-09 
9.3 1.688 8.88564e-10 
9.31 1.596 1.31274e-10 
9.31 1.6 1.27621e-09 
9.31 1.604 8.96741e-09 
9.31 1.608 6.37426e-08 
9.31 1.612 3.51485e-07 
9.31 1.616 1.55182e-06 
9.31 1.62 6.03678e-06 
9.31 1.624 2.08248e-05 
9.31 1.628 5.50422e-05 
9.31 1.632 0.000118422 
9.31 1.636 0.000220775 
9.31 1.64 0.000324616 
9.31 1.644 0.000391783 
9.31 1.648 0.000390068 
9.31 1.652 0.000312388 
9.31 1.656 0.000191185 
9.31 1.66 0.000100561 
9.31 1.664 4.00422e-05 
9.31 1.668 1.27109e-05 
9.31 1.672 3.13745e-06 
9.31 1.676 6.17319e-07 
9.31 1.68 9.14784e-08 
9.31 1.684 1.06533e-08 
9.31 1.688 9.77888e-10 
9.32 1.596 1.58642e-10 
9.32 1.6 1.52381e-09 
9.32 1.604 1.14304e-08 
9.32 1.608 7.38636e-08 
9.32 1.612 4.21466e-07 
9.32 1.616 1.87164e-06 
9.32 1.62 7.16486e-06 
9.32 1.624 2.25439e-05 
9.32 1.628 6.0991e-05 
9.32 1.632 0.000133953 
9.32 1.636 0.000246169 
9.32 1.64 0.00035504 
9.32 1.644 0.000430041 
9.32 1.648 0.000432486 
9.32 1.652 0.000331651 
9.32 1.656 0.000210015 
9.32 1.66 0.000104497 
9.32 1.664 4.25464e-05 
9.32 1.668 1.34476e-05 
9.32 1.672 3.24612e-06 
9.32 1.676 6.36382e-07 
9.32 1.68 9.7615e-08 
9.32 1.684 1.08661e-08 
9.32 1.688 9.57171e-10 
9.33 1.596 2.08255e-10 
9.33 1.6 1.86776e-09 
9.33 1.604 1.34763e-08 
9.33 1.608 8.95605e-08 
9.33 1.612 4.59839e-07 
9.33 1.616 2.14666e-06 
9.33 1.62 7.89313e-06 
9.33 1.624 2.48903e-05 
9.33 1.628 7.02723e-05 
9.33 1.632 0.000148956 
9.33 1.636 0.000264021 
9.33 1.64 0.00038201 
9.33 1.644 0.000471227 
9.33 1.648 0.000459172 
9.33 1.652 0.000359828 
9.33 1.656 0.00022805 
9.33 1.66 0.000111516 
9.33 1.664 4.47358e-05 
9.33 1.668 1.40262e-05 
9.33 1.672 3.44222e-06 
9.33 1.676 6.69773e-07 
9.33 1.68 9.82742e-08 
9.33 1.684 1.14367e-08 
9.33 1.688 9.94506e-10 
9.34 1.596 2.30345e-10 
9.34 1.6 2.04e-09 
9.34 1.604 1.52197e-08 
9.34 1.608 9.50219e-08 
9.34 1.612 5.2458e-07 
9.34 1.616 2.36638e-06 
9.34 1.62 8.43337e-06 
9.34 1.624 2.80857e-05 
9.34 1.628 7.32835e-05 
9.34 1.632 0.000157052 
9.34 1.636 0.000285361 
9.34 1.64 0.000413711 
9.34 1.644 0.000518545 
9.34 1.648 0.000485618 
9.34 1.652 0.000376905 
9.34 1.656 0.000240459 
9.34 1.66 0.000115799 
9.34 1.664 4.62634e-05 
9.34 1.668 1.4518e-05 
9.34 1.672 3.75169e-06 
9.34 1.676 6.95754e-07 
9.34 1.68 1.00128e-07 
9.34 1.684 1.18051e-08 
9.34 1.688 1.00772e-09 
9.35 1.596 2.47313e-10 
9.35 1.6 2.21714e-09 
9.35 1.604 1.61387e-08 
9.35 1.608 1.05373e-07 
9.35 1.612 5.65e-07 
9.35 1.616 2.46849e-06 
9.35 1.62 9.47647e-06 
9.35 1.624 2.94201e-05 
9.35 1.628 7.93322e-05 
9.35 1.632 0.000169717 
9.35 1.636 0.000298314 
9.35 1.64 0.000454565 
9.35 1.644 0.00052708 
9.35 1.648 0.000510029 
9.35 1.652 0.000391782 
9.35 1.656 0.000249866 
9.35 1.66 0.000120945 
9.35 1.664 4.89234e-05 
9.35 1.668 1.52616e-05 
9.35 1.672 3.74408e-06 
9.35 1.676 7.13062e-07 
9.35 1.68 1.08816e-07 
9.35 1.684 1.20592e-08 
9.35 1.688 1.04735e-09 
9.36 1.596 2.81187e-10 
9.36 1.6 2.48287e-09 
9.36 1.604 1.85171e-08 
9.36 1.608 1.16012e-07 
9.36 1.612 6.20474e-07 
9.36 1.616 2.7124e-06 
9.36 1.62 1.01654e-05 
9.36 1.624 3.21595e-05 
9.36 1.628 8.44126e-05 
9.36 1.632 0.000184655 
9.36 1.636 0.000328211 
9.36 1.64 0.000474173 
9.36 1.644 0.000567973 
9.36 1.648 0.000531701 
9.36 1.652 0.000413507 
9.36 1.656 0.000263963 
9.36 1.66 0.000129511 
9.36 1.664 5.15191e-05 
9.36 1.668 1.60358e-05 
9.36 1.672 4.05652e-06 
9.36 1.676 7.68608e-07 
9.36 1.68 1.08969e-07 
9.36 1.684 1.23971e-08 
9.36 1.688 1.07247e-09 
9.37 1.596 3.18543e-10 
9.37 1.6 2.6815e-09 
9.37 1.604 2.01063e-08 
9.37 1.608 1.27286e-07 
9.37 1.612 6.96008e-07 
9.37 1.616 3.00732e-06 
9.37 1.62 1.12664e-05 
9.37 1.624 3.5462e-05 
9.37 1.628 9.18931e-05 
9.37 1.632 0.000196562 
9.37 1.636 0.000354428 
9.37 1.64 0.000524694 
9.37 1.644 0.000595369 
9.37 1.648 0.000561527 
9.37 1.652 0.000449844 
9.37 1.656 0.000275801 
9.37 1.66 0.000139377 
9.37 1.664 5.51038e-05 
9.37 1.668 1.72245e-05 
9.37 1.672 4.23389e-06 
9.37 1.676 7.97426e-07 
9.37 1.68 1.12028e-07 
9.37 1.684 1.32029e-08 
9.37 1.688 1.11728e-09 
9.38 1.596 3.59604e-10 
9.38 1.6 3.13979e-09 
9.38 1.604 2.23364e-08 
9.38 1.608 1.39211e-07 
9.38 1.612 7.31711e-07 
9.38 1.616 3.25388e-06 
9.38 1.62 1.22664e-05 
9.38 1.624 3.82688e-05 
9.38 1.628 0.000100131 
9.38 1.632 0.000217566 
9.38 1.636 0.000382972 
9.38 1.64 0.000542767 
9.38 1.644 0.000654922 
9.38 1.648 0.000617618 
9.38 1.652 0.000479701 
9.38 1.656 0.000297613 
9.38 1.66 0.000146752 
9.38 1.664 5.77892e-05 
9.38 1.668 1.81733e-05 
9.38 1.672 4.36954e-06 
9.38 1.676 8.18607e-07 
9.38 1.68 1.19059e-07 
9.38 1.684 1.30948e-08 
9.38 1.688 1.16871e-09 
9.39 1.596 3.95232e-10 
9.39 1.6 3.35183e-09 
9.39 1.604 2.40089e-08 
9.39 1.608 1.52717e-07 
9.39 1.612 7.98861e-07 
9.39 1.616 3.63636e-06 
9.39 1.62 1.38106e-05 
9.39 1.624 4.18931e-05 
9.39 1.628 0.000108427 
9.39 1.632 0.000234877 
9.39 1.636 0.000405638 
9.39 1.64 0.000595408 
9.39 1.644 0.000691743 
9.39 1.648 0.0006789 
9.39 1.652 0.000520022 
9.39 1.656 0.000316426 
9.39 1.66 0.000154324 
9.39 1.664 6.09844e-05 
9.39 1.668 1.907e-05 
9.39 1.672 4.57804e-06 
9.39 1.676 8.53977e-07 
9.39 1.68 1.25884e-07 
9.39 1.684 1.40759e-08 
9.39 1.688 1.2429e-09 
9.4 1.596 4.72512e-10 
9.4 1.6 3.98906e-09 
9.4 1.604 2.78412e-08 
9.4 1.608 1.77313e-07 
9.4 1.612 9.47216e-07 
9.4 1.616 4.1782e-06 
9.4 1.62 1.53582e-05 
9.4 1.624 4.68216e-05 
9.4 1.628 0.000119075 
9.4 1.632 0.000252929 
9.4 1.636 0.000451512 
9.4 1.64 0.000643959 
9.4 1.644 0.000765055 
9.4 1.648 0.000729094 
9.4 1.652 0.000561806 
9.4 1.656 0.000335252 
9.4 1.66 0.000165283 
9.4 1.664 6.43578e-05 
9.4 1.668 2.00448e-05 
9.4 1.672 4.83377e-06 
9.4 1.676 9.23129e-07 
9.4 1.68 1.31501e-07 
9.4 1.684 1.44331e-08 
9.4 1.688 1.21552e-09 
9.41 1.596 4.93626e-10 
9.41 1.6 4.27661e-09 
9.41 1.604 3.21876e-08 
9.41 1.608 1.95106e-07 
9.41 1.612 1.04027e-06 
9.41 1.616 4.50637e-06 
9.41 1.62 1.62313e-05 
9.41 1.624 4.95489e-05 
9.41 1.628 0.000128511 
9.41 1.632 0.000277174 
9.41 1.636 0.00048203 
9.41 1.64 0.000704826 
9.41 1.644 0.000832584 
9.41 1.648 0.000782935 
9.41 1.652 0.000580205 
9.41 1.656 0.000353114 
9.41 1.66 0.000173072 
9.41 1.664 6.67396e-05 
9.41 1.668 2.09428e-05 
9.41 1.672 5.15651e-06 
9.41 1.676 9.67238e-07 
9.41 1.68 1.3712e-07 
9.41 1.684 1.51943e-08 
9.41 1.688 1.26737e-09 
9.42 1.596 5.84491e-10 
9.42 1.6 4.94355e-09 
9.42 1.604 3.48692e-08 
9.42 1.608 2.24865e-07 
9.42 1.612 1.16909e-06 
9.42 1.616 5.01581e-06 
9.42 1.62 1.7771e-05 
9.42 1.624 5.39468e-05 
9.42 1.628 0.000141353 
9.42 1.632 0.00030332 
9.42 1.636 0.000521694 
9.42 1.64 0.000766287 
9.42 1.644 0.00088752 
9.42 1.648 0.00082176 
9.42 1.652 0.000615945 
9.42 1.656 0.000373796 
9.42 1.66 0.000186469 
9.42 1.664 7.22007e-05 
9.42 1.668 2.21797e-05 
9.42 1.672 5.31922e-06 
9.42 1.676 1.02701e-06 
9.42 1.68 1.44878e-07 
9.42 1.684 1.54231e-08 
9.42 1.688 1.30946e-09 
9.43 1.596 6.6036e-10 
9.43 1.6 5.63115e-09 
9.43 1.604 3.98417e-08 
9.43 1.608 2.46128e-07 
9.43 1.612 1.26437e-06 
9.43 1.616 5.29731e-06 
9.43 1.62 1.96248e-05 
9.43 1.624 6.053e-05 
9.43 1.628 0.000154085 
9.43 1.632 0.00032482 
9.43 1.636 0.000580665 
9.43 1.64 0.000827513 
9.43 1.644 0.000941665 
9.43 1.648 0.000857493 
9.43 1.652 0.000657243 
9.43 1.656 0.000400157 
9.43 1.66 0.000192559 
9.43 1.664 7.76606e-05 
9.43 1.668 2.3422e-05 
9.43 1.672 5.59872e-06 
9.43 1.676 1.0549e-06 
9.43 1.68 1.4463e-07 
9.43 1.684 1.66993e-08 
9.43 1.688 1.36545e-09 
9.44 1.596 7.49911e-10 
9.44 1.6 6.40472e-09 
9.44 1.604 4.46256e-08 
9.44 1.608 2.80477e-07 
9.44 1.612 1.31001e-06 
9.44 1.616 5.90989e-06 
9.44 1.62 2.19009e-05 
9.44 1.624 6.54441e-05 
9.44 1.628 0.000168284 
9.44 1.632 0.000358777 
9.44 1.636 0.000623387 
9.44 1.64 0.000882694 
9.44 1.644 0.000961546 
9.44 1.648 0.000931885 
9.44 1.652 0.000697083 
9.44 1.656 0.000423489 
9.44 1.66 0.000211765 
9.44 1.664 8.14639e-05 
9.44 1.668 2.42114e-05 
9.44 1.672 5.97586e-06 
9.44 1.676 1.05565e-06 
9.44 1.68 1.49662e-07 
9.44 1.684 1.66916e-08 
9.44 1.688 1.44134e-09 
9.45 1.596 8.36822e-10 
9.45 1.6 7.18056e-09 
9.45 1.604 5.05128e-08 
9.45 1.608 2.89649e-07 
9.45 1.612 1.49111e-06 
9.45 1.616 6.50049e-06 
9.45 1.62 2.3933e-05 
9.45 1.624 7.25858e-05 
9.45 1.628 0.000186643 
9.45 1.632 0.00039026 
9.45 1.636 0.000669791 
9.45 1.64 0.000919836 
9.45 1.644 0.00104434 
9.45 1.648 0.00097212 
9.45 1.652 0.00075268 
9.45 1.656 0.000452537 
9.45 1.66 0.000219797 
9.45 1.664 8.50914e-05 
9.45 1.668 2.62619e-05 
9.45 1.672 5.807e-06 
9.45 1.676 1.13869e-06 
9.45 1.68 1.54102e-07 
9.45 1.684 1.70819e-08 
9.45 1.688 1.47938e-09 
9.46 1.596 9.49138e-10 
9.46 1.6 8.0318e-09 
9.46 1.604 5.38412e-08 
9.46 1.608 3.05374e-07 
9.46 1.612 1.65606e-06 
9.46 1.616 7.3637e-06 
9.46 1.62 2.58831e-05 
9.46 1.624 7.80523e-05 
9.46 1.628 0.000204309 
9.46 1.632 0.000417876 
9.46 1.636 0.000698021 
9.46 1.64 0.000957922 
9.46 1.644 0.00112763 
9.46 1.648 0.00103842 
9.46 1.652 0.000791013 
9.46 1.656 0.000483021 
9.46 1.66 0.000234445 
9.46 1.664 8.91346e-05 
9.46 1.668 2.6736e-05 
9.46 1.672 6.18216e-06 
9.46 1.676 1.14933e-06 
9.46 1.68 1.63771e-07 
9.46 1.684 1.82315e-08 
9.46 1.688 1.46231e-09 
9.46 1.692 1.00153e-10 
9.47 1.592 1.10727e-10 
9.47 1.596 1.07064e-09 
9.47 1.6 8.39331e-09 
9.47 1.604 5.85129e-08 
9.47 1.608 3.47559e-07 
9.47 1.612 1.79845e-06 
9.47 1.616 7.90208e-06 
9.47 1.62 2.90746e-05 
9.47 1.624 8.63597e-05 
9.47 1.628 0.000212246 
9.47 1.632 0.000449506 
9.47 1.636 0.000738684 
9.47 1.64 0.00102157 
9.47 1.644 0.00118548 
9.47 1.648 0.00110553 
9.47 1.652 0.000854066 
9.47 1.656 0.000505524 
9.47 1.66 0.000244621 
9.47 1.664 9.19911e-05 
9.47 1.668 2.69742e-05 
9.47 1.672 6.29271e-06 
9.47 1.676 1.18114e-06 
9.47 1.68 1.67456e-07 
9.47 1.684 1.83776e-08 
9.47 1.688 1.52287e-09 
9.48 1.592 1.20669e-10 
9.48 1.596 1.15901e-09 
9.48 1.6 9.50999e-09 
9.48 1.604 6.51755e-08 
9.48 1.608 4.04883e-07 
9.48 1.612 2.01726e-06 
9.48 1.616 8.72833e-06 
9.48 1.62 3.14677e-05 
9.48 1.624 9.47154e-05 
9.48 1.628 0.00023405 
9.48 1.632 0.000465563 
9.48 1.636 0.000799469 
9.48 1.64 0.00112758 
9.48 1.644 0.00126918 
9.48 1.648 0.00120175 
9.48 1.652 0.000914227 
9.48 1.656 0.000539103 
9.48 1.66 0.000253091 
9.48 1.664 9.42824e-05 
9.48 1.668 2.82098e-05 
9.48 1.672 6.57236e-06 
9.48 1.676 1.23081e-06 
9.48 1.68 1.71767e-07 
9.48 1.684 1.90167e-08 
9.48 1.688 1.61688e-09 
9.49 1.592 1.31347e-10 
9.49 1.596 1.18878e-09 
9.49 1.6 1.03991e-08 
9.49 1.604 6.99068e-08 
9.49 1.608 4.45369e-07 
9.49 1.612 2.22145e-06 
9.49 1.616 9.25795e-06 
9.49 1.62 3.35864e-05 
9.49 1.624 9.9537e-05 
9.49 1.628 0.000237289 
9.49 1.632 0.000503864 
9.49 1.636 0.000847078 
9.49 1.64 0.0011796 
9.49 1.644 0.00137852 
9.49 1.648 0.00126274 
9.49 1.652 0.000948555 
9.49 1.656 0.000552553 
9.49 1.66 0.000260058 
9.49 1.664 0.000100267 
9.49 1.668 2.97018e-05 
9.49 1.672 6.8382e-06 
9.49 1.676 1.27482e-06 
9.49 1.68 1.80416e-07 
9.49 1.684 2.00382e-08 
9.49 1.688 1.62067e-09 
9.49 1.692 1.01321e-10 
9.5 1.592 1.45357e-10 
9.5 1.596 1.36073e-09 
9.5 1.6 1.09728e-08 
9.5 1.604 8.04742e-08 
9.5 1.608 4.75173e-07 
9.5 1.612 2.38536e-06 
9.5 1.616 1.0687e-05 
9.5 1.62 3.56266e-05 
9.5 1.624 0.000103817 
9.5 1.628 0.000258801 
9.5 1.632 0.000529186 
9.5 1.636 0.000894341 
9.5 1.64 0.00126231 
9.5 1.644 0.00143561 
9.5 1.648 0.00134706 
9.5 1.652 0.000967654 
9.5 1.656 0.000563484 
9.5 1.66 0.00027117 
9.5 1.664 0.000102727 
9.5 1.668 2.96303e-05 
9.5 1.672 7.22502e-06 
9.5 1.676 1.29676e-06 
9.5 1.68 1.84363e-07 
9.5 1.684 2.03534e-08 
9.5 1.688 1.56152e-09 
9.51 1.592 1.65097e-10 
9.51 1.596 1.53368e-09 
9.51 1.6 1.24185e-08 
9.51 1.604 8.91489e-08 
9.51 1.608 5.13341e-07 
9.51 1.612 2.69363e-06 
9.51 1.616 1.1075e-05 
9.51 1.62 3.76253e-05 
9.51 1.624 0.000112432 
9.51 1.628 0.000277087 
9.51 1.632 0.000575039 
9.51 1.636 0.000977083 
9.51 1.64 0.00135059 
9.51 1.644 0.00153777 
9.51 1.648 0.00141531 
9.51 1.652 0.000996562 
9.51 1.656 0.000593286 
9.51 1.66 0.000281279 
9.51 1.664 0.000107071 
9.51 1.668 3.12288e-05 
9.51 1.672 7.28749e-06 
9.51 1.676 1.36225e-06 
9.51 1.68 1.86734e-07 
9.51 1.684 2.00391e-08 
9.51 1.688 1.65281e-09 
9.51 1.692 1.04502e-10 
9.52 1.592 1.75827e-10 
9.52 1.596 1.70132e-09 
9.52 1.6 1.41371e-08 
9.52 1.604 9.4027e-08 
9.52 1.608 5.75095e-07 
9.52 1.612 2.90102e-06 
9.52 1.616 1.16682e-05 
9.52 1.62 4.00078e-05 
9.52 1.624 0.000123157 
9.52 1.628 0.000296899 
9.52 1.632 0.000608524 
9.52 1.636 0.00103821 
9.52 1.64 0.00144585 
9.52 1.644 0.00161721 
9.52 1.648 0.00144482 
9.52 1.652 0.00104231 
9.52 1.656 0.00062203 
9.52 1.66 0.000293769 
9.52 1.664 0.000112079 
9.52 1.668 3.31157e-05 
9.52 1.672 7.63973e-06 
9.52 1.676 1.44779e-06 
9.52 1.68 1.94499e-07 
9.52 1.684 1.91629e-08 
9.52 1.688 1.70856e-09 
9.52 1.692 1.05818e-10 
9.53 1.592 1.98171e-10 
9.53 1.596 1.94267e-09 
9.53 1.6 1.53215e-08 
9.53 1.604 1.06559e-07 
9.53 1.608 6.27066e-07 
9.53 1.612 3.0089e-06 
9.53 1.616 1.2404e-05 
9.53 1.62 4.35478e-05 
9.53 1.624 0.000129532 
9.53 1.628 0.000320449 
9.53 1.632 0.000652456 
9.53 1.636 0.00109736 
9.53 1.64 0.0015165 
9.53 1.644 0.00172199 
9.53 1.648 0.00147861 
9.53 1.652 0.00108424 
9.53 1.656 0.000652863 
9.53 1.66 0.000301807 
9.53 1.664 0.000114567 
9.53 1.668 3.47193e-05 
9.53 1.672 7.65405e-06 
9.53 1.676 1.44206e-06 
9.53 1.68 1.93532e-07 
9.53 1.684 2.08473e-08 
9.53 1.688 1.73815e-09 
9.53 1.692 1.02322e-10 
9.54 1.592 2.14957e-10 
9.54 1.596 2.13187e-09 
9.54 1.6 1.65152e-08 
9.54 1.604 1.18835e-07 
9.54 1.608 6.55784e-07 
9.54 1.612 3.2935e-06 
9.54 1.616 1.33711e-05 
9.54 1.62 4.64129e-05 
9.54 1.624 0.000139201 
9.54 1.628 0.000344905 
9.54 1.632 0.00069669 
9.54 1.636 0.00114956 
9.54 1.64 0.00165204 
9.54 1.644 0.00171635 
9.54 1.648 0.00153961 
9.54 1.652 0.0011437 
9.54 1.656 0.000679105 
9.54 1.66 0.000315764 
9.54 1.664 0.000120281 
9.54 1.668 3.48355e-05 
9.54 1.672 8.12614e-06 
9.54 1.676 1.4441e-06 
9.54 1.68 1.93629e-07 
9.54 1.684 2.1113e-08 
9.54 1.688 1.7196e-09 
9.54 1.692 1.07155e-10 
9.55 1.592 2.39814e-10 
9.55 1.596 2.32023e-09 
9.55 1.6 1.79134e-08 
9.55 1.604 1.28787e-07 
9.55 1.608 7.18673e-07 
9.55 1.612 3.41852e-06 
9.55 1.616 1.42908e-05 
9.55 1.62 4.97585e-05 
9.55 1.624 0.000146838 
9.55 1.628 0.000366639 
9.55 1.632 0.000726559 
9.55 1.636 0.00122514 
9.55 1.64 0.00166221 
9.55 1.644 0.0017848 
9.55 1.648 0.0016339 
9.55 1.652 0.00119072 
9.55 1.656 0.000698805 
9.55 1.66 0.000328084 
9.55 1.664 0.000121464 
9.55 1.668 3.61633e-05 
9.55 1.672 8.44559e-06 
9.55 1.676 1.40867e-06 
9.55 1.68 1.99102e-07 
9.55 1.684 2.23393e-08 
9.55 1.688 1.74501e-09 
9.55 1.692 1.06757e-10 
9.56 1.592 2.63029e-10 
9.56 1.596 2.50675e-09 
9.56 1.6 2.00228e-08 
9.56 1.604 1.36651e-07 
9.56 1.608 7.50493e-07 
9.56 1.612 3.71718e-06 
9.56 1.616 1.55867e-05 
9.56 1.62 5.33178e-05 
9.56 1.624 0.000157463 
9.56 1.628 0.000386496 
9.56 1.632 0.00079334 
9.56 1.636 0.00128637 
9.56 1.64 0.00173514 
9.56 1.644 0.0018709 
9.56 1.648 0.00168599 
9.56 1.652 0.00126222 
9.56 1.656 0.000711392 
9.56 1.66 0.000347139 
9.56 1.664 0.000126147 
9.56 1.668 3.72549e-05 
9.56 1.672 8.33625e-06 
9.56 1.676 1.48926e-06 
9.56 1.68 2.02879e-07 
9.56 1.684 2.12349e-08 
9.56 1.688 1.73076e-09 
9.56 1.692 1.07048e-10 
9.57 1.592 3.00796e-10 
9.57 1.596 2.66958e-09 
9.57 1.6 2.18242e-08 
9.57 1.604 1.45709e-07 
9.57 1.608 8.1588e-07 
9.57 1.612 4.02108e-06 
9.57 1.616 1.63104e-05 
9.57 1.62 5.94766e-05 
9.57 1.624 0.00016897 
9.57 1.628 0.000408547 
9.57 1.632 0.00083504 
9.57 1.636 0.00137071 
9.57 1.64 0.00174942 
9.57 1.644 0.00196753 
9.57 1.648 0.00178922 
9.57 1.652 0.00129754 
9.57 1.656 0.000734778 
9.57 1.66 0.000354929 
9.57 1.664 0.000128968 
9.57 1.668 3.78562e-05 
9.57 1.672 8.26079e-06 
9.57 1.676 1.47989e-06 
9.57 1.68 2.08601e-07 
9.57 1.684 2.20984e-08 
9.57 1.688 1.7002e-09 
9.57 1.692 1.06931e-10 
9.58 1.592 3.22722e-10 
9.58 1.596 2.86098e-09 
9.58 1.6 2.33168e-08 
9.58 1.604 1.52765e-07 
9.58 1.608 8.96953e-07 
9.58 1.612 4.27615e-06 
9.58 1.616 1.76083e-05 
9.58 1.62 6.24058e-05 
9.58 1.624 0.000178589 
9.58 1.628 0.000438707 
9.58 1.632 0.000852018 
9.58 1.636 0.00137359 
9.58 1.64 0.00185113 
9.58 1.644 0.00203674 
9.58 1.648 0.00185803 
9.58 1.652 0.00132033 
9.58 1.656 0.000783484 
9.58 1.66 0.000353237 
9.58 1.664 0.00013244 
9.58 1.668 3.72107e-05 
9.58 1.672 8.52287e-06 
9.58 1.676 1.5238e-06 
9.58 1.68 2.09634e-07 
9.58 1.684 2.24664e-08 
9.58 1.688 1.72945e-09 
9.58 1.692 1.09173e-10 
9.59 1.592 3.50082e-10 
9.59 1.596 3.34545e-09 
9.59 1.6 2.46492e-08 
9.59 1.604 1.6009e-07 
9.59 1.608 9.21407e-07 
9.59 1.612 4.66222e-06 
9.59 1.616 1.86629e-05 
9.59 1.62 6.54426e-05 
9.59 1.624 0.000192355 
9.59 1.628 0.000454386 
9.59 1.632 0.000876261 
9.59 1.636 0.00143489 
9.59 1.64 0.00196246 
9.59 1.644 0.00214248 
9.59 1.648 0.00196201 
9.59 1.652 0.00139553 
9.59 1.656 0.000781712 
9.59 1.66 0.000376053 
9.59 1.664 0.000134623 
9.59 1.668 3.84888e-05 
9.59 1.672 8.75597e-06 
9.59 1.676 1.54927e-06 
9.59 1.68 2.20154e-07 
9.59 1.684 2.19711e-08 
9.59 1.688 1.73906e-09 
9.59 1.692 1.03944e-10 
9.6 1.592 3.84161e-10 
9.6 1.596 3.38125e-09 
9.6 1.6 2.63984e-08 
9.6 1.604 1.7905e-07 
9.6 1.608 1.00391e-06 
9.6 1.612 4.97244e-06 
9.6 1.616 2.01301e-05 
9.6 1.62 6.9555e-05 
9.6 1.624 0.000201847 
9.6 1.628 0.000474375 
9.6 1.632 0.000934366 
9.6 1.636 0.00149701 
9.6 1.64 0.00207175 
9.6 1.644 0.00228691 
9.6 1.648 0.00201284 
9.6 1.652 0.00142833 
9.6 1.656 0.000830939 
9.6 1.66 0.000383251 
9.6 1.664 0.000136181 
9.6 1.668 3.94577e-05 
9.6 1.672 8.75137e-06 
9.6 1.676 1.6118e-06 
9.6 1.68 2.19176e-07 
9.6 1.684 2.2068e-08 
9.6 1.688 1.89809e-09 
9.6 1.692 1.06237e-10 
9.61 1.592 4.12083e-10 
9.61 1.596 3.6044e-09 
9.61 1.6 2.82872e-08 
9.61 1.604 1.9702e-07 
9.61 1.608 1.09923e-06 
9.61 1.612 5.24572e-06 
9.61 1.616 2.18623e-05 
9.61 1.62 7.49385e-05 
9.61 1.624 0.000211234 
9.61 1.628 0.000492306 
9.61 1.632 0.000955521 
9.61 1.636 0.00158515 
9.61 1.64 0.0021226 
9.61 1.644 0.00233145 
9.61 1.648 0.00205163 
9.61 1.652 0.001499 
9.61 1.656 0.000848402 
9.61 1.66 0.000381292 
9.61 1.664 0.00013577 
9.61 1.668 3.91731e-05 
9.61 1.672 8.9316e-06 
9.61 1.676 1.60881e-06 
9.61 1.68 2.13094e-07 
9.61 1.684 2.19461e-08 
9.61 1.688 1.76251e-09 
9.61 1.692 1.06852e-10 
9.62 1.592 4.35073e-10 
9.62 1.596 3.8626e-09 
9.62 1.6 3.07461e-08 
9.62 1.604 2.03862e-07 
9.62 1.608 1.19668e-06 
9.62 1.612 5.50371e-06 
9.62 1.616 2.30771e-05 
9.62 1.62 8.01874e-05 
9.62 1.624 0.000218495 
9.62 1.628 0.000502979 
9.62 1.632 0.00102312 
9.62 1.636 0.00164149 
9.62 1.64 0.00224766 
9.62 1.644 0.0023932 
9.62 1.648 0.0021283 
9.62 1.652 0.00155602 
9.62 1.656 0.000852971 
9.62 1.66 0.000384494 
9.62 1.664 0.000141159 
9.62 1.668 4.0373e-05 
9.62 1.672 9.30743e-06 
9.62 1.676 1.60474e-06 
9.62 1.68 2.12082e-07 
9.62 1.684 2.28541e-08 
9.62 1.688 1.84931e-09 
9.62 1.692 1.06581e-10 
9.63 1.592 4.72491e-10 
9.63 1.596 4.13392e-09 
9.63 1.6 3.41256e-08 
9.63 1.604 2.16748e-07 
9.63 1.608 1.23815e-06 
9.63 1.612 6.03203e-06 
9.63 1.616 2.4744e-05 
9.63 1.62 8.25999e-05 
9.63 1.624 0.000224787 
9.63 1.628 0.000530443 
9.63 1.632 0.00105548 
9.63 1.636 0.00175218 
9.63 1.64 0.0023063 
9.63 1.644 0.00251798 
9.63 1.648 0.00219179 
9.63 1.652 0.00156295 
9.63 1.656 0.000890594 
9.63 1.66 0.000399108 
9.63 1.664 0.000144021 
9.63 1.668 4.20324e-05 
9.63 1.672 9.20825e-06 
9.63 1.676 1.61009e-06 
9.63 1.68 2.14537e-07 
9.63 1.684 2.25741e-08 
9.63 1.688 1.78124e-09 
9.63 1.692 1.04695e-10 
9.64 1.592 5.08619e-10 
9.64 1.596 4.65197e-09 
9.64 1.6 3.49798e-08 
9.64 1.604 2.30237e-07 
9.64 1.608 1.34461e-06 
9.64 1.612 6.39011e-06 
9.64 1.616 2.5434e-05 
9.64 1.62 8.55059e-05 
9.64 1.624 0.000239519 
9.64 1.628 0.000556917 
9.64 1.632 0.0011105 
9.64 1.636 0.00181166 
9.64 1.64 0.00238256 
9.64 1.644 0.00256204 
9.64 1.648 0.00229525 
9.64 1.652 0.00158067 
9.64 1.656 0.000883595 
9.64 1.66 0.000399706 
9.64 1.664 0.000149533 
9.64 1.668 4.23551e-05 
9.64 1.672 9.49359e-06 
9.64 1.676 1.64304e-06 
9.64 1.68 2.20257e-07 
9.64 1.684 2.308e-08 
9.64 1.688 1.72529e-09 
9.64 1.692 1.03901e-10 
9.65 1.592 5.50931e-10 
9.65 1.596 4.95947e-09 
9.65 1.6 3.82812e-08 
9.65 1.604 2.46678e-07 
9.65 1.608 1.4344e-06 
9.65 1.612 6.7277e-06 
9.65 1.616 2.66109e-05 
9.65 1.62 8.93753e-05 
9.65 1.624 0.00025111 
9.65 1.628 0.000579133 
9.65 1.632 0.0011694 
9.65 1.636 0.00187139 
9.65 1.64 0.0024032 
9.65 1.644 0.00269431 
9.65 1.648 0.00230191 
9.65 1.652 0.0015951 
9.65 1.656 0.000909213 
9.65 1.66 0.000406707 
9.65 1.664 0.000146625 
9.65 1.668 4.32978e-05 
9.65 1.672 9.51162e-06 
9.65 1.676 1.58733e-06 
9.65 1.68 2.2086e-07 
9.65 1.684 2.25764e-08 
9.65 1.688 1.74098e-09 
9.65 1.692 1.03392e-10 
9.66 1.592 5.87832e-10 
9.66 1.596 5.27544e-09 
9.66 1.6 4.01833e-08 
9.66 1.604 2.64952e-07 
9.66 1.608 1.51703e-06 
9.66 1.612 6.97796e-06 
9.66 1.616 2.79616e-05 
9.66 1.62 9.31394e-05 
9.66 1.624 0.00026431 
9.66 1.628 0.000604413 
9.66 1.632 0.00121402 
9.66 1.636 0.00189897 
9.66 1.64 0.00251795 
9.66 1.644 0.0027179 
9.66 1.648 0.0023814 
9.66 1.652 0.00159183 
9.66 1.656 0.0009079 
9.66 1.66 0.000411942 
9.66 1.664 0.000147739 
9.66 1.668 4.33705e-05 
9.66 1.672 9.19807e-06 
9.66 1.676 1.63015e-06 
9.66 1.68 2.19159e-07 
9.66 1.684 2.16405e-08 
9.66 1.688 1.73972e-09 
9.66 1.692 1.01714e-10 
9.67 1.592 6.23866e-10 
9.67 1.596 5.71135e-09 
9.67 1.6 4.31231e-08 
9.67 1.604 2.78951e-07 
9.67 1.608 1.61389e-06 
9.67 1.612 7.61907e-06 
9.67 1.616 2.85016e-05 
9.67 1.62 9.63059e-05 
9.67 1.624 0.000276801 
9.67 1.628 0.000638393 
9.67 1.632 0.00125988 
9.67 1.636 0.00198255 
9.67 1.64 0.00263471 
9.67 1.644 0.00281454 
9.67 1.648 0.00234549 
9.67 1.652 0.00164676 
9.67 1.656 0.000946127 
9.67 1.66 0.000418402 
9.67 1.664 0.000155825 
9.67 1.668 4.24462e-05 
9.67 1.672 9.37067e-06 
9.67 1.676 1.63706e-06 
9.67 1.68 2.20796e-07 
9.67 1.684 2.18862e-08 
9.67 1.688 1.71441e-09 
9.67 1.692 1.01433e-10 
9.68 1.592 6.66609e-10 
9.68 1.596 6.02839e-09 
9.68 1.6 4.51001e-08 
9.68 1.604 3.02242e-07 
9.68 1.608 1.63829e-06 
9.68 1.612 7.83978e-06 
9.68 1.616 3.017e-05 
9.68 1.62 9.89118e-05 
9.68 1.624 0.000279921 
9.68 1.628 0.000650534 
9.68 1.632 0.00126998 
9.68 1.636 0.00205685 
9.68 1.64 0.00265689 
9.68 1.644 0.00281761 
9.68 1.648 0.00235836 
9.68 1.652 0.00167847 
9.68 1.656 0.000919373 
9.68 1.66 0.000424353 
9.68 1.664 0.000150118 
9.68 1.668 4.32612e-05 
9.68 1.672 9.27043e-06 
9.68 1.676 1.592e-06 
9.68 1.68 2.08753e-07 
9.68 1.684 2.17986e-08 
9.68 1.688 1.60998e-09 
9.69 1.592 7.2424e-10 
9.69 1.596 6.2496e-09 
9.69 1.6 5.03942e-08 
9.69 1.604 3.14006e-07 
9.69 1.608 1.71269e-06 
9.69 1.612 7.84672e-06 
9.69 1.616 3.11068e-05 
9.69 1.62 0.000104 
9.69 1.624 0.000290533 
9.69 1.628 0.000681933 
9.69 1.632 0.00129945 
9.69 1.636 0.00208827 
9.69 1.64 0.00272235 
9.69 1.644 0.00281919 
9.69 1.648 0.0023941 
9.69 1.652 0.00166584 
9.69 1.656 0.000928404 
9.69 1.66 0.000423887 
9.69 1.664 0.00015055 
9.69 1.668 4.19801e-05 
9.69 1.672 9.2492e-06 
9.69 1.676 1.56048e-06 
9.69 1.68 2.06756e-07 
9.69 1.684 2.12171e-08 
9.69 1.688 1.58647e-09 
9.7 1.592 7.72522e-10 
9.7 1.596 6.86426e-09 
9.7 1.6 5.05208e-08 
9.7 1.604 3.35569e-07 
9.7 1.608 1.76652e-06 
9.7 1.612 8.23949e-06 
9.7 1.616 3.28487e-05 
9.7 1.62 0.000107279 
9.7 1.624 0.000296097 
9.7 1.628 0.000697667 
9.7 1.632 0.00138184 
9.7 1.636 0.00216788 
9.7 1.64 0.00269637 
9.7 1.644 0.00286294 
9.7 1.648 0.00244994 
9.7 1.652 0.00171264 
9.7 1.656 0.000949135 
9.7 1.66 0.000425846 
9.7 1.664 0.000152264 
9.7 1.668 4.21666e-05 
9.7 1.672 8.88306e-06 
9.7 1.676 1.50904e-06 
9.7 1.68 2.01178e-07 
9.7 1.684 2.01716e-08 
9.7 1.688 1.63668e-09 
9.71 1.592 8.11359e-10 
9.71 1.596 7.18992e-09 
9.71 1.6 5.54473e-08 
9.71 1.604 3.23067e-07 
9.71 1.608 1.81744e-06 
9.71 1.612 8.7735e-06 
9.71 1.616 3.23987e-05 
9.71 1.62 0.000112113 
9.71 1.624 0.000311819 
9.71 1.628 0.000723583 
9.71 1.632 0.00141333 
9.71 1.636 0.00213442 
9.71 1.64 0.00276404 
9.71 1.644 0.00289526 
9.71 1.648 0.00245881 
9.71 1.652 0.00173134 
9.71 1.656 0.000949492 
9.71 1.66 0.000419834 
9.71 1.664 0.000150953 
9.71 1.668 4.14026e-05 
9.71 1.672 8.94745e-06 
9.71 1.676 1.50746e-06 
9.71 1.68 1.9657e-07 
9.71 1.684 2.04343e-08 
9.71 1.688 1.52637e-09 
9.72 1.592 8.56664e-10 
9.72 1.596 7.59605e-09 
9.72 1.6 5.76842e-08 
9.72 1.604 3.41584e-07 
9.72 1.608 1.89863e-06 
9.72 1.612 9.18765e-06 
9.72 1.616 3.37454e-05 
9.72 1.62 0.000116351 
9.72 1.624 0.000327631 
9.72 1.628 0.000724531 
9.72 1.632 0.0014357 
9.72 1.636 0.00214527 
9.72 1.64 0.00278807 
9.72 1.644 0.00295489 
9.72 1.648 0.00244644 
9.72 1.652 0.00174086 
9.72 1.656 0.000961102 
9.72 1.66 0.000430551 
9.72 1.664 0.000148581 
9.72 1.668 4.07743e-05 
9.72 1.672 8.95103e-06 
9.72 1.676 1.47712e-06 
9.72 1.68 1.91323e-07 
9.72 1.684 1.96013e-08 
9.72 1.688 1.49345e-09 
9.73 1.592 9.37021e-10 
9.73 1.596 7.87225e-09 
9.73 1.6 5.83248e-08 
9.73 1.604 3.67536e-07 
9.73 1.608 2.00674e-06 
9.73 1.612 9.17669e-06 
9.73 1.616 3.63052e-05 
9.73 1.62 0.000121471 
9.73 1.624 0.000329357 
9.73 1.628 0.00076671 
9.73 1.632 0.00141467 
9.73 1.636 0.00217308 
9.73 1.64 0.00282426 
9.73 1.644 0.00299937 
9.73 1.648 0.00252145 
9.73 1.652 0.0017263 
9.73 1.656 0.000970038 
9.73 1.66 0.000437841 
9.73 1.664 0.000145896 
9.73 1.668 4.18037e-05 
9.73 1.672 8.65768e-06 
9.73 1.676 1.42351e-06 
9.73 1.68 1.88928e-07 
9.73 1.684 1.98258e-08 
9.73 1.688 1.49033e-09 
9.74 1.592 9.91394e-10 
9.74 1.596 8.29831e-09 
9.74 1.6 6.03603e-08 
9.74 1.604 3.82516e-07 
9.74 1.608 2.08607e-06 
9.74 1.612 9.6746e-06 
9.74 1.616 3.84679e-05 
9.74 1.62 0.000121522 
9.74 1.624 0.000349288 
9.74 1.628 0.000773465 
9.74 1.632 0.00142184 
9.74 1.636 0.00228112 
9.74 1.64 0.00289625 
9.74 1.644 0.00301974 
9.74 1.648 0.00255528 
9.74 1.652 0.00176261 
9.74 1.656 0.000974744 
9.74 1.66 0.000435801 
9.74 1.664 0.00014478 
9.74 1.668 4.05908e-05 
9.74 1.672 8.70808e-06 
9.74 1.676 1.42575e-06 
9.74 1.68 1.87821e-07 
9.74 1.684 1.92609e-08 
9.74 1.688 1.46709e-09 
9.75 1.588 1.04102e-10 
9.75 1.592 1.04403e-09 
9.75 1.596 8.66176e-09 
9.75 1.6 6.20342e-08 
9.75 1.604 4.00708e-07 
9.75 1.608 2.16581e-06 
9.75 1.612 1.01126e-05 
9.75 1.616 3.8839e-05 
9.75 1.62 0.000128977 
9.75 1.624 0.000355147 
9.75 1.628 0.000777633 
9.75 1.632 0.0015119 
9.75 1.636 0.00236034 
9.75 1.64 0.00295439 
9.75 1.644 0.00306176 
9.75 1.648 0.00261757 
9.75 1.652 0.00182575 
9.75 1.656 0.000987694 
9.75 1.66 0.000424924 
9.75 1.664 0.000148008 
9.75 1.668 4.05162e-05 
9.75 1.672 8.73144e-06 
9.75 1.676 1.45932e-06 
9.75 1.68 1.86794e-07 
9.75 1.684 1.82919e-08 
9.75 1.688 1.45282e-09 
9.76 1.588 1.08559e-10 
9.76 1.592 1.04867e-09 
9.76 1.596 8.88092e-09 
9.76 1.6 6.61048e-08 
9.76 1.604 4.0601e-07 
9.76 1.608 2.25358e-06 
9.76 1.612 1.03593e-05 
9.76 1.616 4.02748e-05 
9.76 1.62 0.000133527 
9.76 1.624 0.000361744 
9.76 1.628 0.000811388 
9.76 1.632 0.00150625 
9.76 1.636 0.00237776 
9.76 1.64 0.00291513 
9.76 1.644 0.00311017 
9.76 1.648 0.00265542 
9.76 1.652 0.00176755 
9.76 1.656 0.000983556 
9.76 1.66 0.000421833 
9.76 1.664 0.000148039 
9.76 1.668 4.186e-05 
9.76 1.672 8.55349e-06 
9.76 1.676 1.41726e-06 
9.76 1.68 1.84341e-07 
9.76 1.684 1.87337e-08 
9.76 1.688 1.39406e-09 
9.77 1.588 1.10016e-10 
9.77 1.592 1.08072e-09 
9.77 1.596 9.0652e-09 
9.77 1.6 6.76886e-08 
9.77 1.604 4.23444e-07 
9.77 1.608 2.39465e-06 
9.77 1.612 1.07375e-05 
9.77 1.616 4.14385e-05 
9.77 1.62 0.000138452 
9.77 1.624 0.000356636 
9.77 1.628 0.000817247 
9.77 1.632 0.00153355 
9.77 1.636 0.00232991 
9.77 1.64 0.00301189 
9.77 1.644 0.00304623 
9.77 1.648 0.00262573 
9.77 1.652 0.00178132 
9.77 1.656 0.000956565 
9.77 1.66 0.000420114 
9.77 1.664 0.000147255 
9.77 1.668 3.91274e-05 
9.77 1.672 8.21681e-06 
9.77 1.676 1.38815e-06 
9.77 1.68 1.81881e-07 
9.77 1.684 1.79964e-08 
9.77 1.688 1.37898e-09 
9.78 1.588 1.14077e-10 
9.78 1.592 1.12776e-09 
9.78 1.596 9.56232e-09 
9.78 1.6 7.22375e-08 
9.78 1.604 4.36775e-07 
9.78 1.608 2.44726e-06 
9.78 1.612 1.13234e-05 
9.78 1.616 4.26653e-05 
9.78 1.62 0.000137875 
9.78 1.624 0.000365005 
9.78 1.628 0.000824317 
9.78 1.632 0.00151444 
9.78 1.636 0.00235488 
9.78 1.64 0.00301433 
9.78 1.644 0.00315912 
9.78 1.648 0.00263074 
9.78 1.652 0.00179849 
9.78 1.656 0.000930894 
9.78 1.66 0.000418335 
9.78 1.664 0.000142622 
9.78 1.668 3.76256e-05 
9.78 1.672 8.31344e-06 
9.78 1.676 1.40949e-06 
9.78 1.68 1.7978e-07 
9.78 1.684 1.72396e-08 
9.78 1.688 1.33942e-09 
9.79 1.588 1.22421e-10 
9.79 1.592 1.15427e-09 
9.79 1.596 1.01695e-08 
9.79 1.6 7.80799e-08 
9.79 1.604 4.77326e-07 
9.79 1.608 2.47047e-06 
9.79 1.612 1.16346e-05 
9.79 1.616 4.33873e-05 
9.79 1.62 0.00013943 
9.79 1.624 0.000366945 
9.79 1.628 0.000843125 
9.79 1.632 0.00154832 
9.79 1.636 0.00244791 
9.79 1.64 0.00296886 
9.79 1.644 0.00320068 
9.79 1.648 0.00262017 
9.79 1.652 0.001772 
9.79 1.656 0.000943464 
9.79 1.66 0.00040781 
9.79 1.664 0.000140621 
9.79 1.668 3.80837e-05 
9.79 1.672 8.31359e-06 
9.79 1.676 1.37795e-06 
9.79 1.68 1.71302e-07 
9.79 1.684 1.72807e-08 
9.79 1.688 1.31988e-09 
9.8 1.588 1.18084e-10 
9.8 1.592 1.27608e-09 
9.8 1.596 1.06897e-08 
9.8 1.6 7.65714e-08 
9.8 1.604 4.73442e-07 
9.8 1.608 2.57467e-06 
9.8 1.612 1.1966e-05 
9.8 1.616 4.44176e-05 
9.8 1.62 0.000138922 
9.8 1.624 0.000384378 
9.8 1.628 0.000852361 
9.8 1.632 0.0016183 
9.8 1.636 0.00245295 
9.8 1.64 0.00311654 
9.8 1.644 0.00321966 
9.8 1.648 0.00270394 
9.8 1.652 0.00173164 
9.8 1.656 0.000932106 
9.8 1.66 0.000397883 
9.8 1.664 0.000141217 
9.8 1.668 3.76147e-05 
9.8 1.672 7.959e-06 
9.8 1.676 1.30746e-06 
9.8 1.68 1.73415e-07 
9.8 1.684 1.59697e-08 
9.8 1.688 1.21896e-09 
9.81 1.588 1.31599e-10 
9.81 1.592 1.30469e-09 
9.81 1.596 1.08142e-08 
9.81 1.6 7.88862e-08 
9.81 1.604 5.06699e-07 
9.81 1.608 2.68796e-06 
9.81 1.612 1.20002e-05 
9.81 1.616 4.48582e-05 
9.81 1.62 0.000142223 
9.81 1.624 0.000384505 
9.81 1.628 0.000869847 
9.81 1.632 0.00159638 
9.81 1.636 0.00253421 
9.81 1.64 0.00304166 
9.81 1.644 0.00329791 
9.81 1.648 0.00262635 
9.81 1.652 0.00174182 
9.81 1.656 0.000916319 
9.81 1.66 0.000406586 
9.81 1.664 0.000141069 
9.81 1.668 3.66488e-05 
9.81 1.672 7.80175e-06 
9.81 1.676 1.33324e-06 
9.81 1.68 1.67386e-07 
9.81 1.684 1.58136e-08 
9.81 1.688 1.18508e-09 
9.82 1.588 1.33482e-10 
9.82 1.592 1.32398e-09 
9.82 1.596 1.11814e-08 
9.82 1.6 8.35826e-08 
9.82 1.604 5.23016e-07 
9.82 1.608 2.72442e-06 
9.82 1.612 1.22351e-05 
9.82 1.616 4.52912e-05 
9.82 1.62 0.000146569 
9.82 1.624 0.000387055 
9.82 1.628 0.000872505 
9.82 1.632 0.00157742 
9.82 1.636 0.00249251 
9.82 1.64 0.00313184 
9.82 1.644 0.00315406 
9.82 1.648 0.00253832 
9.82 1.652 0.0017183 
9.82 1.656 0.00092721 
9.82 1.66 0.000393045 
9.82 1.664 0.000136387 
9.82 1.668 3.71397e-05 
9.82 1.672 7.88274e-06 
9.82 1.676 1.28739e-06 
9.82 1.68 1.59785e-07 
9.82 1.684 1.60706e-08 
9.82 1.688 1.12705e-09 
9.83 1.588 1.44959e-10 
9.83 1.592 1.41037e-09 
9.83 1.596 1.14732e-08 
9.83 1.6 8.39568e-08 
9.83 1.604 5.43629e-07 
9.83 1.608 2.8673e-06 
9.83 1.612 1.22194e-05 
9.83 1.616 4.50776e-05 
9.83 1.62 0.000145581 
9.83 1.624 0.000388993 
9.83 1.628 0.000856063 
9.83 1.632 0.00158712 
9.83 1.636 0.00252457 
9.83 1.64 0.00305357 
9.83 1.644 0.0030692 
9.83 1.648 0.0025089 
9.83 1.652 0.00167108 
9.83 1.656 0.00092705 
9.83 1.66 0.000385584 
9.83 1.664 0.000129812 
9.83 1.668 3.56756e-05 
9.83 1.672 7.65219e-06 
9.83 1.676 1.26538e-06 
9.83 1.68 1.52098e-07 
9.83 1.684 1.42113e-08 
9.83 1.688 1.10482e-09 
9.84 1.588 1.44461e-10 
9.84 1.592 1.43419e-09 
9.84 1.596 1.24422e-08 
9.84 1.6 9.30576e-08 
9.84 1.604 5.49744e-07 
9.84 1.608 2.76653e-06 
9.84 1.612 1.23189e-05 
9.84 1.616 4.77134e-05 
9.84 1.62 0.000146126 
9.84 1.624 0.000390337 
9.84 1.628 0.000885247 
9.84 1.632 0.00160352 
9.84 1.636 0.00251408 
9.84 1.64 0.00306443 
9.84 1.644 0.00298023 
9.84 1.648 0.00246268 
9.84 1.652 0.00166498 
9.84 1.656 0.000912818 
9.84 1.66 0.000374978 
9.84 1.664 0.000129419 
9.84 1.668 3.48353e-05 
9.84 1.672 7.48074e-06 
9.84 1.676 1.21092e-06 
9.84 1.68 1.44454e-07 
9.84 1.684 1.41549e-08 
9.84 1.688 1.0506e-09 
9.85 1.588 1.55319e-10 
9.85 1.592 1.48264e-09 
9.85 1.596 1.32021e-08 
9.85 1.6 9.43284e-08 
9.85 1.604 5.50521e-07 
9.85 1.608 2.81996e-06 
9.85 1.612 1.25006e-05 
9.85 1.616 4.7853e-05 
9.85 1.62 0.000150294 
9.85 1.624 0.00041458 
9.85 1.628 0.000887515 
9.85 1.632 0.00163335 
9.85 1.636 0.00250231 
9.85 1.64 0.00302685 
9.85 1.644 0.0029994 
9.85 1.648 0.00245782 
9.85 1.652 0.00163767 
9.85 1.656 0.000875094 
9.85 1.66 0.000378515 
9.85 1.664 0.000124337 
9.85 1.668 3.43212e-05 
9.85 1.672 7.29262e-06 
9.85 1.676 1.18863e-06 
9.85 1.68 1.40496e-07 
9.85 1.684 1.35308e-08 
9.85 1.688 1.02299e-09 
9.86 1.588 1.56921e-10 
9.86 1.592 1.55963e-09 
9.86 1.596 1.30313e-08 
9.86 1.6 9.28292e-08 
9.86 1.604 5.61912e-07 
9.86 1.608 2.96075e-06 
9.86 1.612 1.32547e-05 
9.86 1.616 4.83214e-05 
9.86 1.62 0.000152417 
9.86 1.624 0.000417206 
9.86 1.628 0.000902213 
9.86 1.632 0.00167266 
9.86 1.636 0.00243436 
9.86 1.64 0.00299474 
9.86 1.644 0.00299128 
9.86 1.648 0.00243472 
9.86 1.652 0.00163279 
9.86 1.656 0.000879507 
9.86 1.66 0.000366867 
9.86 1.664 0.000121625 
9.86 1.668 3.31075e-05 
9.86 1.672 6.84374e-06 
9.86 1.676 1.11984e-06 
9.86 1.68 1.36219e-07 
9.86 1.684 1.26902e-08 
9.86 1.688 9.68009e-10 
9.87 1.588 1.62903e-10 
9.87 1.592 1.61466e-09 
9.87 1.596 1.33788e-08 
9.87 1.6 9.51483e-08 
9.87 1.604 5.74294e-07 
9.87 1.608 2.93659e-06 
9.87 1.612 1.34386e-05 
9.87 1.616 5.00648e-05 
9.87 1.62 0.000158089 
9.87 1.624 0.000413579 
9.87 1.628 0.00094049 
9.87 1.632 0.00165057 
9.87 1.636 0.0024053 
9.87 1.64 0.00297468 
9.87 1.644 0.00297214 
9.87 1.648 0.00243695 
9.87 1.652 0.00157915 
9.87 1.656 0.000839852 
9.87 1.66 0.000363784 
9.87 1.664 0.000121165 
9.87 1.668 3.06751e-05 
9.87 1.672 6.36419e-06 
9.87 1.676 1.06358e-06 
9.87 1.68 1.33957e-07 
9.87 1.684 1.27051e-08 
9.87 1.688 9.19591e-10 
9.88 1.588 1.75792e-10 
9.88 1.592 1.67591e-09 
9.88 1.596 1.35228e-08 
9.88 1.6 9.63912e-08 
9.88 1.604 5.78941e-07 
9.88 1.608 3.01878e-06 
9.88 1.612 1.34173e-05 
9.88 1.616 4.99954e-05 
9.88 1.62 0.000158975 
9.88 1.624 0.000413669 
9.88 1.628 0.000911848 
9.88 1.632 0.00162469 
9.88 1.636 0.00245809 
9.88 1.64 0.0029567 
9.88 1.644 0.0028809 
9.88 1.648 0.0024456 
9.88 1.652 0.0015504 
9.88 1.656 0.000846769 
9.88 1.66 0.000350982 
9.88 1.664 0.000116907 
9.88 1.668 3.01194e-05 
9.88 1.672 6.24761e-06 
9.88 1.676 1.02076e-06 
9.88 1.68 1.24744e-07 
9.88 1.684 1.24193e-08 
9.88 1.688 9.0303e-10 
9.89 1.588 1.7705e-10 
9.89 1.592 1.72227e-09 
9.89 1.596 1.3674e-08 
9.89 1.6 9.59797e-08 
9.89 1.604 5.89509e-07 
9.89 1.608 3.09442e-06 
9.89 1.612 1.35239e-05 
9.89 1.616 5.03301e-05 
9.89 1.62 0.000156368 
9.89 1.624 0.000426694 
9.89 1.628 0.000895759 
9.89 1.632 0.00166224 
9.89 1.636 0.00238925 
9.89 1.64 0.0029243 
9.89 1.644 0.0029193 
9.89 1.648 0.00239901 
9.89 1.652 0.00157131 
9.89 1.656 0.000830531 
9.89 1.66 0.000352982 
9.89 1.664 0.00011005 
9.89 1.668 2.99973e-05 
9.89 1.672 6.28254e-06 
9.89 1.676 9.62474e-07 
9.89 1.68 1.21348e-07 
9.89 1.684 1.20739e-08 
9.89 1.688 8.74337e-10 
9.9 1.588 1.75847e-10 
9.9 1.592 1.72436e-09 
9.9 1.596 1.37323e-08 
9.9 1.6 9.99261e-08 
9.9 1.604 5.89617e-07 
9.9 1.608 3.12012e-06 
9.9 1.612 1.35613e-05 
9.9 1.616 5.0738e-05 
9.9 1.62 0.000154524 
9.9 1.624 0.000422188 
9.9 1.628 0.000873107 
9.9 1.632 0.00158504 
9.9 1.636 0.00228355 
9.9 1.64 0.00286303 
9.9 1.644 0.00280068 
9.9 1.648 0.0023393 
9.9 1.652 0.00150072 
9.9 1.656 0.000799427 
9.9 1.66 0.000329319 
9.9 1.664 0.000110408 
9.9 1.668 2.85836e-05 
9.9 1.672 5.96322e-06 
9.9 1.676 9.54621e-07 
9.9 1.68 1.19456e-07 
9.9 1.684 1.12489e-08 
9.9 1.688 8.30829e-10 
9.91 1.588 1.92544e-10 
9.91 1.592 1.72129e-09 
9.91 1.596 1.40983e-08 
9.91 1.6 1.00011e-07 
9.91 1.604 6.1313e-07 
9.91 1.608 3.13426e-06 
9.91 1.612 1.36225e-05 
9.91 1.616 5.10392e-05 
9.91 1.62 0.00016021 
9.91 1.624 0.000405982 
9.91 1.628 0.000836023 
9.91 1.632 0.00155487 
9.91 1.636 0.00228648 
9.91 1.64 0.00272096 
9.91 1.644 0.00274995 
9.91 1.648 0.00227331 
9.91 1.652 0.00146284 
9.91 1.656 0.000769032 
9.91 1.66 0.000323467 
9.91 1.664 0.000109024 
9.91 1.668 2.83144e-05 
9.91 1.672 5.5556e-06 
9.91 1.676 9.2848e-07 
9.91 1.68 1.14419e-07 
9.91 1.684 1.12254e-08 
9.91 1.688 7.84638e-10 
9.92 1.588 1.83398e-10 
9.92 1.592 1.81508e-09 
9.92 1.596 1.41992e-08 
9.92 1.6 1.05345e-07 
9.92 1.604 6.29648e-07 
9.92 1.608 3.26417e-06 
9.92 1.612 1.41546e-05 
9.92 1.616 5.32607e-05 
9.92 1.62 0.000161888 
9.92 1.624 0.000399039 
9.92 1.628 0.00082929 
9.92 1.632 0.00151161 
9.92 1.636 0.00223063 
9.92 1.64 0.00271999 
9.92 1.644 0.00268212 
9.92 1.648 0.00217788 
9.92 1.652 0.00140367 
9.92 1.656 0.000765271 
9.92 1.66 0.000313987 
9.92 1.664 0.000104534 
9.92 1.668 2.75377e-05 
9.92 1.672 5.81389e-06 
9.92 1.676 9.24261e-07 
9.92 1.68 1.11432e-07 
9.92 1.684 1.08259e-08 
9.92 1.688 7.53143e-10 
9.93 1.588 1.94213e-10 
9.93 1.592 1.81377e-09 
9.93 1.596 1.50745e-08 
9.93 1.6 1.02556e-07 
9.93 1.604 6.38398e-07 
9.93 1.608 3.26078e-06 
9.93 1.612 1.43371e-05 
9.93 1.616 5.28496e-05 
9.93 1.62 0.000156516 
9.93 1.624 0.000386207 
9.93 1.628 0.00083388 
9.93 1.632 0.0015083 
9.93 1.636 0.00219934 
9.93 1.64 0.00271881 
9.93 1.644 0.00260575 
9.93 1.648 0.00220003 
9.93 1.652 0.00139679 
9.93 1.656 0.000730364 
9.93 1.66 0.000310418 
9.93 1.664 0.000102171 
9.93 1.668 2.62486e-05 
9.93 1.672 5.50826e-06 
9.93 1.676 8.66768e-07 
9.93 1.68 1.11389e-07 
9.93 1.684 1.05975e-08 
9.93 1.688 6.81768e-10 
9.94 1.588 2.00335e-10 
9.94 1.592 1.82256e-09 
9.94 1.596 1.51231e-08 
9.94 1.6 1.05321e-07 
9.94 1.604 6.21604e-07 
9.94 1.608 3.32519e-06 
9.94 1.612 1.39681e-05 
9.94 1.616 5.03259e-05 
9.94 1.62 0.000151455 
9.94 1.624 0.00038875 
9.94 1.628 0.000838036 
9.94 1.632 0.00150679 
9.94 1.636 0.00223804 
9.94 1.64 0.00271769 
9.94 1.644 0.00264944 
9.94 1.648 0.00214427 
9.94 1.652 0.00139249 
9.94 1.656 0.000717139 
9.94 1.66 0.00028591 
9.94 1.664 9.46896e-05 
9.94 1.668 2.46256e-05 
9.94 1.672 5.22175e-06 
9.94 1.676 8.24088e-07 
9.94 1.68 1.00262e-07 
9.94 1.684 9.24278e-09 
9.94 1.688 6.53502e-10 
9.95 1.588 1.98534e-10 
9.95 1.592 1.91297e-09 
9.95 1.596 1.49118e-08 
9.95 1.6 1.04469e-07 
9.95 1.604 6.39111e-07 
9.95 1.608 3.12732e-06 
9.95 1.612 1.34876e-05 
9.95 1.616 4.78568e-05 
9.95 1.62 0.000147453 
9.95 1.624 0.000392618 
9.95 1.628 0.000823054 
9.95 1.632 0.00151476 
9.95 1.636 0.00222404 
9.95 1.64 0.00265959 
9.95 1.644 0.0026317 
9.95 1.648 0.00214071 
9.95 1.652 0.00136103 
9.95 1.656 0.00068298 
9.95 1.66 0.000274327 
9.95 1.664 9.34213e-05 
9.95 1.668 2.37969e-05 
9.95 1.672 4.87577e-06 
9.95 1.676 7.54743e-07 
9.95 1.68 9.29936e-08 
9.95 1.684 8.26049e-09 
9.95 1.688 6.23686e-10 
9.96 1.588 2.01825e-10 
9.96 1.592 1.87056e-09 
9.96 1.596 1.49979e-08 
9.96 1.6 1.05338e-07 
9.96 1.604 6.274e-07 
9.96 1.608 3.06791e-06 
9.96 1.612 1.30041e-05 
9.96 1.616 4.83157e-05 
9.96 1.62 0.000149819 
9.96 1.624 0.000381603 
9.96 1.628 0.000832365 
9.96 1.632 0.00148687 
9.96 1.636 0.00219047 
9.96 1.64 0.00262912 
9.96 1.644 0.00262665 
9.96 1.648 0.00204036 
9.96 1.652 0.00129128 
9.96 1.656 0.000639262 
9.96 1.66 0.000271644 
9.96 1.664 8.67004e-05 
9.96 1.668 2.29835e-05 
9.96 1.672 4.48789e-06 
9.96 1.676 7.31543e-07 
9.96 1.68 8.91875e-08 
9.96 1.684 8.14082e-09 
9.96 1.688 5.75283e-10 
9.97 1.588 2.08865e-10 
9.97 1.592 1.94235e-09 
9.97 1.596 1.55941e-08 
9.97 1.6 1.10317e-07 
9.97 1.604 6.07122e-07 
9.97 1.608 3.01207e-06 
9.97 1.612 1.35212e-05 
9.97 1.616 4.7931e-05 
9.97 1.62 0.000149454 
9.97 1.624 0.000383259 
9.97 1.628 0.000795849 
9.97 1.632 0.00148391 
9.97 1.636 0.00213159 
9.97 1.64 0.00255809 
9.97 1.644 0.00258592 
9.97 1.648 0.00196402 
9.97 1.652 0.00123437 
9.97 1.656 0.000647526 
9.97 1.66 0.000257998 
9.97 1.664 8.74129e-05 
9.97 1.668 2.17257e-05 
9.97 1.672 4.51214e-06 
9.97 1.676 6.95973e-07 
9.97 1.68 8.48338e-08 
9.97 1.684 7.71038e-09 
9.97 1.688 5.52986e-10 
9.98 1.588 2.12071e-10 
9.98 1.592 1.96052e-09 
9.98 1.596 1.6195e-08 
9.98 1.6 1.08723e-07 
9.98 1.604 6.04194e-07 
9.98 1.608 3.16688e-06 
9.98 1.612 1.3148e-05 
9.98 1.616 4.93145e-05 
9.98 1.62 0.000150196 
9.98 1.624 0.000375009 
9.98 1.628 0.000807168 
9.98 1.632 0.00144011 
9.98 1.636 0.00207739 
9.98 1.64 0.00256435 
9.98 1.644 0.00245877 
9.98 1.648 0.00192633 
9.98 1.652 0.00120849 
9.98 1.656 0.000628173 
9.98 1.66 0.000259692 
9.98 1.664 8.50762e-05 
9.98 1.668 2.08611e-05 
9.98 1.672 4.29092e-06 
9.98 1.676 6.6599e-07 
9.98 1.68 8.32673e-08 
9.98 1.684 7.6461e-09 
9.98 1.688 4.8096e-10 
9.99 1.588 2.25475e-10 
9.99 1.592 2.01808e-09 
9.99 1.596 1.59517e-08 
9.99 1.6 1.05812e-07 
9.99 1.604 6.24097e-07 
9.99 1.608 3.24737e-06 
9.99 1.612 1.36416e-05 
9.99 1.616 4.93559e-05 
9.99 1.62 0.000147099 
9.99 1.624 0.000363931 
9.99 1.628 0.000803167 
9.99 1.632 0.00140395 
9.99 1.636 0.00204969 
9.99 1.64 0.00250211 
9.99 1.644 0.00240027 
9.99 1.648 0.00186875 
9.99 1.652 0.00121998 
9.99 1.656 0.000637352 
9.99 1.66 0.00025701 
9.99 1.664 8.32335e-05 
9.99 1.668 2.05022e-05 
9.99 1.672 4.23663e-06 
9.99 1.676 6.57627e-07 
9.99 1.68 7.82946e-08 
9.99 1.684 7.54924e-09 
9.99 1.688 4.82704e-10 
10 1.588 2.12032e-10 
10 1.592 2.06419e-09 
10 1.596 1.57699e-08 
10 1.6 1.04058e-07 
10 1.604 6.43927e-07 
10 1.608 3.25382e-06 
10 1.612 1.36641e-05 
10 1.616 4.77397e-05 
10 1.62 0.000143527 
10 1.624 0.000365969 
10 1.628 0.000790466 
10 1.632 0.00137796 
10 1.636 0.00201704 
10 1.64 0.00241366 
10 1.644 0.00236997 
10 1.648 0.00187576 
10 1.652 0.00121938 
10 1.656 0.000619734 
10 1.66 0.000255124 
10 1.664 8.07627e-05 
10 1.668 2.06365e-05 
10 1.672 4.05825e-06 
10 1.676 6.45621e-07 
10 1.68 7.95616e-08 
10 1.684 6.87761e-09 
10 1.688 3.88318e-10 
10.01 1.588 2.19729e-10 
10.01 1.592 1.95035e-09 
10.01 1.596 1.59061e-08 
10.01 1.6 1.10793e-07 
10.01 1.604 6.53636e-07 
10.01 1.608 3.31835e-06 
10.01 1.612 1.3575e-05 
10.01 1.616 4.8157e-05 
10.01 1.62 0.000143717 
10.01 1.624 0.00037796 
10.01 1.628 0.000777662 
10.01 1.632 0.00135629 
10.01 1.636 0.00198023 
10.01 1.64 0.00235509 
10.01 1.644 0.00228617 
10.01 1.648 0.00183406 
10.01 1.652 0.00117292 
10.01 1.656 0.000608384 
10.01 1.66 0.000246084 
10.01 1.664 8.07503e-05 
10.01 1.668 2.04534e-05 
10.01 1.672 4.04559e-06 
10.01 1.676 6.29337e-07 
10.01 1.68 7.19219e-08 
10.01 1.684 6.32118e-09 
10.01 1.688 3.34055e-10 
10.02 1.588 2.1268e-10 
10.02 1.592 2.09189e-09 
10.02 1.596 1.61942e-08 
10.02 1.6 1.08515e-07 
10.02 1.604 6.72431e-07 
10.02 1.608 3.29558e-06 
10.02 1.612 1.32785e-05 
10.02 1.616 4.89922e-05 
10.02 1.62 0.00014885 
10.02 1.624 0.000371293 
10.02 1.628 0.000780211 
10.02 1.632 0.00132592 
10.02 1.636 0.00191956 
10.02 1.64 0.00235134 
10.02 1.644 0.00223402 
10.02 1.648 0.00177762 
10.02 1.652 0.00113918 
10.02 1.656 0.000582419 
10.02 1.66 0.000239469 
10.02 1.664 7.63228e-05 
10.02 1.668 1.94073e-05 
10.02 1.672 3.59291e-06 
10.02 1.676 5.79257e-07 
10.02 1.68 6.24376e-08 
10.02 1.684 5.08522e-09 
10.02 1.688 2.67912e-10 
10.03 1.588 2.24097e-10 
10.03 1.592 1.90174e-09 
10.03 1.596 1.63022e-08 
10.03 1.6 1.12913e-07 
10.03 1.604 6.46295e-07 
10.03 1.608 3.06904e-06 
10.03 1.612 1.4252e-05 
10.03 1.616 4.88664e-05 
10.03 1.62 0.000147538 
10.03 1.624 0.000373412 
10.03 1.628 0.000762633 
10.03 1.632 0.00130578 
10.03 1.636 0.00192962 
10.03 1.64 0.00230982 
10.03 1.644 0.00220552 
10.03 1.648 0.001773 
10.03 1.652 0.0011106 
10.03 1.656 0.000577991 
10.03 1.66 0.000230748 
10.03 1.664 7.46684e-05 
10.03 1.668 1.78264e-05 
10.03 1.672 3.44515e-06 
10.03 1.676 4.95655e-07 
10.03 1.68 5.62069e-08 
10.03 1.684 4.51468e-09 
10.03 1.688 1.96731e-10 
10.04 1.588 2.26617e-10 
10.04 1.592 2.09057e-09 
10.04 1.596 1.51787e-08 
10.04 1.6 1.05659e-07 
10.04 1.604 6.61095e-07 
10.04 1.608 3.20409e-06 
10.04 1.612 1.34657e-05 
10.04 1.616 5.02822e-05 
10.04 1.62 0.000147429 
10.04 1.624 0.000355381 
10.04 1.628 0.000749542 
10.04 1.632 0.00135654 
10.04 1.636 0.00192443 
10.04 1.64 0.00224313 
10.04 1.644 0.00225507 
10.04 1.648 0.00171005 
10.04 1.652 0.00109881 
10.04 1.656 0.000564472 
10.04 1.66 0.000228123 
10.04 1.664 7.19361e-05 
10.04 1.668 1.71799e-05 
10.04 1.672 3.19029e-06 
10.04 1.676 4.67556e-07 
10.04 1.68 5.0986e-08 
10.04 1.684 3.73943e-09 
10.04 1.688 1.4162e-10 
10.05 1.588 2.15736e-10 
10.05 1.592 2.05493e-09 
10.05 1.596 1.59331e-08 
10.05 1.6 1.08234e-07 
10.05 1.604 6.18021e-07 
10.05 1.608 3.29109e-06 
10.05 1.612 1.36663e-05 
10.05 1.616 4.7526e-05 
10.05 1.62 0.000142684 
10.05 1.624 0.000359939 
10.05 1.628 0.000766423 
10.05 1.632 0.00130703 
10.05 1.636 0.0018897 
10.05 1.64 0.00228226 
10.05 1.644 0.00213378 
10.05 1.648 0.0016704 
10.05 1.652 0.00106734 
10.05 1.656 0.000547817 
10.05 1.66 0.000216064 
10.05 1.664 6.85841e-05 
10.05 1.668 1.6122e-05 
10.05 1.672 2.98829e-06 
10.05 1.676 4.28707e-07 
10.05 1.68 4.81709e-08 
10.05 1.684 2.98189e-09 
10.05 1.688 1.06118e-10 
10.06 1.588 2.2961e-10 
10.06 1.592 1.96724e-09 
10.06 1.596 1.53611e-08 
10.06 1.6 1.07388e-07 
10.06 1.604 6.41842e-07 
10.06 1.608 3.13449e-06 
10.06 1.612 1.30181e-05 
10.06 1.616 4.67486e-05 
10.06 1.62 0.000143565 
10.06 1.624 0.000349775 
10.06 1.628 0.00072821 
10.06 1.632 0.00132652 
10.06 1.636 0.00186079 
10.06 1.64 0.0020906 
10.06 1.644 0.00199372 
10.06 1.648 0.00161917 
10.06 1.652 0.00100277 
10.06 1.656 0.00050385 
10.06 1.66 0.000204851 
10.06 1.664 6.49054e-05 
10.06 1.668 1.47424e-05 
10.06 1.672 2.87862e-06 
10.06 1.676 4.27756e-07 
10.06 1.68 4.00487e-08 
10.06 1.684 2.37461e-09 
10.07 1.588 2.21401e-10 
10.07 1.592 2.00913e-09 
10.07 1.596 1.57593e-08 
10.07 1.6 1.05429e-07 
10.07 1.604 6.41545e-07 
10.07 1.608 3.17762e-06 
10.07 1.612 1.29385e-05 
10.07 1.616 4.61099e-05 
10.07 1.62 0.000139062 
10.07 1.624 0.000353947 
10.07 1.628 0.000746951 
10.07 1.632 0.00126506 
10.07 1.636 0.00172044 
10.07 1.64 0.00201731 
10.07 1.644 0.00196714 
10.07 1.648 0.00149573 
10.07 1.652 0.000958121 
10.07 1.656 0.000493929 
10.07 1.66 0.000196978 
10.07 1.664 5.97909e-05 
10.07 1.668 1.47424e-05 
10.07 1.672 2.68418e-06 
10.07 1.676 4.0831e-07 
10.07 1.68 3.58916e-08 
10.07 1.684 1.8186e-09 
10.08 1.588 2.1424e-10 
10.08 1.592 2.07381e-09 
10.08 1.596 1.5872e-08 
10.08 1.6 1.11018e-07 
10.08 1.604 6.31534e-07 
10.08 1.608 3.03531e-06 
10.08 1.612 1.31468e-05 
10.08 1.616 4.68406e-05 
10.08 1.62 0.000140191 
10.08 1.624 0.000346667 
10.08 1.628 0.000706061 
10.08 1.632 0.00118103 
10.08 1.636 0.00160577 
10.08 1.64 0.00184303 
10.08 1.644 0.00172867 
10.08 1.648 0.00137701 
10.08 1.652 0.000861957 
10.08 1.656 0.000423625 
10.08 1.66 0.000167828 
10.08 1.664 5.45219e-05 
10.08 1.668 1.32743e-05 
10.08 1.672 2.58347e-06 
10.08 1.676 3.56998e-07 
10.08 1.68 2.85231e-08 
10.08 1.684 1.32973e-09 
10.09 1.588 2.2058e-10 
10.09 1.592 2.03181e-09 
10.09 1.596 1.63957e-08 
10.09 1.6 1.09837e-07 
10.09 1.604 6.24225e-07 
10.09 1.608 3.09004e-06 
10.09 1.612 1.31148e-05 
10.09 1.616 4.60255e-05 
10.09 1.62 0.000133823 
10.09 1.624 0.000342467 
10.09 1.628 0.000697073 
10.09 1.632 0.00111886 
10.09 1.636 0.00153755 
10.09 1.64 0.00180127 
10.09 1.644 0.00173929 
10.09 1.648 0.00129336 
10.09 1.652 0.000805934 
10.09 1.656 0.000406972 
10.09 1.66 0.000164522 
10.09 1.664 5.20458e-05 
10.09 1.668 1.26922e-05 
10.09 1.672 2.37449e-06 
10.09 1.676 3.31292e-07 
10.09 1.68 2.29802e-08 
10.09 1.684 7.82759e-10 
10.1 1.588 2.35244e-10 
10.1 1.592 2.03322e-09 
10.1 1.596 1.61904e-08 
10.1 1.6 1.13492e-07 
10.1 1.604 6.15432e-07 
10.1 1.608 3.07899e-06 
10.1 1.612 1.29729e-05 
10.1 1.616 4.60929e-05 
10.1 1.62 0.000133537 
10.1 1.624 0.000330397 
10.1 1.628 0.000665398 
10.1 1.632 0.00110962 
10.1 1.636 0.00150227 
10.1 1.64 0.00174039 
10.1 1.644 0.00163458 
10.1 1.648 0.00129704 
10.1 1.652 0.000772369 
10.1 1.656 0.000401174 
10.1 1.66 0.000158395 
10.1 1.664 5.0522e-05 
10.1 1.668 1.23655e-05 
10.1 1.672 2.32865e-06 
10.1 1.676 2.61478e-07 
10.1 1.68 1.79569e-08 
10.1 1.684 4.12626e-10 
10.11 1.588 2.3818e-10 
10.11 1.592 2.05516e-09 
10.11 1.596 1.57418e-08 
10.11 1.6 1.12517e-07 
10.11 1.604 6.28562e-07 
10.11 1.608 3.02727e-06 
10.11 1.612 1.25725e-05 
10.11 1.616 4.49272e-05 
10.11 1.62 0.000134033 
10.11 1.624 0.000321274 
10.11 1.628 0.000650176 
10.11 1.632 0.00105506 
10.11 1.636 0.00148232 
10.11 1.64 0.00172332 
10.11 1.644 0.00158444 
10.11 1.648 0.00126941 
10.11 1.652 0.000783046 
10.11 1.656 0.000395373 
10.11 1.66 0.000154477 
10.11 1.664 5.06003e-05 
10.11 1.668 1.21719e-05 
10.11 1.672 2.177e-06 
10.11 1.676 2.26353e-07 
10.11 1.68 1.16939e-08 
10.11 1.684 1.25709e-10 
10.12 1.588 2.34044e-10 
10.12 1.592 2.03895e-09 
10.12 1.596 1.57633e-08 
10.12 1.6 1.09892e-07 
10.12 1.604 6.45707e-07 
10.12 1.608 3.05026e-06 
10.12 1.612 1.23437e-05 
10.12 1.616 4.28902e-05 
10.12 1.62 0.00013189 
10.12 1.624 0.000320153 
10.12 1.628 0.000621229 
10.12 1.632 0.00101482 
10.12 1.636 0.00146298 
10.12 1.64 0.00170777 
10.12 1.644 0.00159113 
10.12 1.648 0.00123154 
10.12 1.652 0.000761195 
10.12 1.656 0.000391592 
10.12 1.66 0.000154489 
10.12 1.664 4.84438e-05 
10.12 1.668 1.12146e-05 
10.12 1.672 1.84717e-06 
10.12 1.676 1.68689e-07 
10.12 1.68 7.79978e-09 
10.13 1.588 2.40833e-10 
10.13 1.592 2.09367e-09 
10.13 1.596 1.55019e-08 
10.13 1.6 1.02996e-07 
10.13 1.604 6.45046e-07 
10.13 1.608 2.9232e-06 
10.13 1.612 1.1782e-05 
10.13 1.616 4.18877e-05 
10.13 1.62 0.000119909 
10.13 1.624 0.000304848 
10.13 1.628 0.000599368 
10.13 1.632 0.00101652 
10.13 1.636 0.00143764 
10.13 1.64 0.00170851 
10.13 1.644 0.00156703 
10.13 1.648 0.00120857 
10.13 1.652 0.000752412 
10.13 1.656 0.000377853 
10.13 1.66 0.000149484 
10.13 1.664 4.59484e-05 
10.13 1.668 9.53217e-06 
10.13 1.672 1.56901e-06 
10.13 1.676 1.26258e-07 
10.13 1.68 3.62857e-09 
10.14 1.588 2.37661e-10 
10.14 1.592 2.11547e-09 
10.14 1.596 1.52153e-08 
10.14 1.6 1.01004e-07 
10.14 1.604 5.71569e-07 
10.14 1.608 2.88492e-06 
10.14 1.612 1.16591e-05 
10.14 1.616 4.06926e-05 
10.14 1.62 0.000116004 
10.14 1.624 0.000282463 
10.14 1.628 0.000600756 
10.14 1.632 0.00101444 
10.14 1.636 0.00140336 
10.14 1.64 0.0016276 
10.14 1.644 0.00153868 
10.14 1.648 0.00118092 
10.14 1.652 0.000726169 
10.14 1.656 0.00036719 
10.14 1.66 0.000135227 
10.14 1.664 4.21294e-05 
10.14 1.668 8.98519e-06 
10.14 1.672 1.16313e-06 
10.14 1.676 8.54043e-08 
10.14 1.68 1.14923e-09 
