#logage logr JPDF
8.9 1.664 1.28516e-10 
8.91 1.66 2.85922e-10 
8.91 1.664 2.02109e-10 
8.91 1.668 1.3937e-10 
8.92 1.656 3.97601e-10 
8.92 1.66 4.15232e-10 
8.92 1.664 3.45733e-10 
8.92 1.668 1.76579e-10 
8.93 1.652 5.32764e-10 
8.93 1.656 1.00847e-09 
8.93 1.66 8.37362e-10 
8.93 1.664 5.41583e-10 
8.93 1.668 2.52322e-10 
8.94 1.648 4.5397e-10 
8.94 1.652 8.98593e-10 
8.94 1.656 1.25131e-09 
8.94 1.66 1.28927e-09 
8.94 1.664 7.43012e-10 
8.94 1.668 3.8294e-10 
8.94 1.672 1.40144e-10 
8.95 1.644 4.64888e-10 
8.95 1.648 1.5352e-09 
8.95 1.652 2.19028e-09 
8.95 1.656 2.37436e-09 
8.95 1.66 1.89868e-09 
8.95 1.664 1.08011e-09 
8.95 1.668 5.07143e-10 
8.95 1.672 1.76253e-10 
8.96 1.64 2.16465e-10 
8.96 1.644 1.10789e-09 
8.96 1.648 2.39855e-09 
8.96 1.652 2.91769e-09 
8.96 1.656 2.95611e-09 
8.96 1.66 2.30711e-09 
8.96 1.664 1.35856e-09 
8.96 1.668 6.22384e-10 
8.96 1.672 2.18297e-10 
8.97 1.64 5.11319e-10 
8.97 1.644 1.72445e-09 
8.97 1.648 3.27727e-09 
8.97 1.652 4.22282e-09 
8.97 1.656 3.9615e-09 
8.97 1.66 3.18196e-09 
8.97 1.664 1.84786e-09 
8.97 1.668 8.05894e-10 
8.97 1.672 2.75064e-10 
8.98 1.636 3.14266e-10 
8.98 1.64 1.26361e-09 
8.98 1.644 3.44653e-09 
8.98 1.648 5.90861e-09 
8.98 1.652 6.66795e-09 
8.98 1.656 6.97414e-09 
8.98 1.66 4.58589e-09 
8.98 1.664 2.83283e-09 
8.98 1.668 1.16416e-09 
8.98 1.672 4.03282e-10 
8.98 1.676 1.02428e-10 
8.99 1.632 1.40193e-10 
8.99 1.636 1.28149e-09 
8.99 1.64 3.40161e-09 
8.99 1.644 6.81151e-09 
8.99 1.648 1.11687e-08 
8.99 1.652 1.16636e-08 
8.99 1.656 1.01592e-08 
8.99 1.66 7.64959e-09 
8.99 1.664 4.159e-09 
8.99 1.668 1.80987e-09 
8.99 1.672 5.89842e-10 
8.99 1.676 1.4483e-10 
9 1.632 4.02697e-10 
9 1.636 2.16516e-09 
9 1.64 6.11096e-09 
9 1.644 1.14065e-08 
9 1.648 1.61502e-08 
9 1.652 1.71009e-08 
9 1.656 1.58255e-08 
9 1.66 1.06899e-08 
9 1.664 5.54167e-09 
9 1.668 2.32974e-09 
9 1.672 7.75177e-10 
9 1.676 1.96061e-10 
9.01 1.628 2.37603e-10 
9.01 1.632 1.25772e-09 
9.01 1.636 3.79368e-09 
9.01 1.64 9.04851e-09 
9.01 1.644 1.5586e-08 
9.01 1.648 2.03575e-08 
9.01 1.652 2.47592e-08 
9.01 1.656 2.09542e-08 
9.01 1.66 1.43756e-08 
9.01 1.664 7.48586e-09 
9.01 1.668 3.1093e-09 
9.01 1.672 1.00837e-09 
9.01 1.676 2.6144e-10 
9.02 1.628 4.68753e-10 
9.02 1.632 2.2409e-09 
9.02 1.636 5.93377e-09 
9.02 1.64 1.4743e-08 
9.02 1.644 2.3089e-08 
9.02 1.648 3.06477e-08 
9.02 1.652 3.52801e-08 
9.02 1.656 2.79137e-08 
9.02 1.66 1.9841e-08 
9.02 1.664 1.05876e-08 
9.02 1.668 4.34903e-09 
9.02 1.672 1.48004e-09 
9.02 1.676 3.57832e-10 
9.03 1.624 1.94571e-10 
9.03 1.628 9.6402e-10 
9.03 1.632 3.77154e-09 
9.03 1.636 9.82443e-09 
9.03 1.64 2.15208e-08 
9.03 1.644 3.40153e-08 
9.03 1.648 4.58045e-08 
9.03 1.652 8.66882e-08 
9.03 1.656 1.96361e-07 
9.03 1.66 1.278e-07 
9.03 1.664 9.59726e-08 
9.03 1.668 3.02252e-08 
9.03 1.672 1.18781e-08 
9.03 1.676 2.44802e-09 
9.03 1.68 5.13372e-10 
9.04 1.62 7.22834e-10 
9.04 1.624 3.03381e-08 
9.04 1.628 6.31734e-08 
9.04 1.632 2.96476e-07 
9.04 1.636 8.11681e-07 
9.04 1.64 1.24587e-06 
9.04 1.644 2.08848e-06 
9.04 1.648 2.61456e-06 
9.04 1.652 2.36116e-06 
9.04 1.656 1.97008e-06 
9.04 1.66 9.61711e-07 
9.04 1.664 5.19421e-07 
9.04 1.668 1.97551e-07 
9.04 1.672 5.36649e-08 
9.04 1.676 1.32449e-08 
9.04 1.68 2.01189e-09 
9.04 1.684 2.91806e-10 
9.05 1.608 2.15606e-10 
9.05 1.612 1.45684e-09 
9.05 1.616 8.29335e-09 
9.05 1.62 3.99461e-08 
9.05 1.624 1.48185e-07 
9.05 1.628 4.58534e-07 
9.05 1.632 1.28848e-06 
9.05 1.636 2.74134e-06 
9.05 1.64 4.60725e-06 
9.05 1.644 6.40897e-06 
9.05 1.648 7.55958e-06 
9.05 1.652 6.61163e-06 
9.05 1.656 5.22603e-06 
9.05 1.66 2.90814e-06 
9.05 1.664 1.3085e-06 
9.05 1.668 4.99058e-07 
9.05 1.672 1.26466e-07 
9.05 1.676 3.01064e-08 
9.05 1.68 5.47564e-09 
9.05 1.684 6.43374e-10 
9.06 1.608 6.69465e-10 
9.06 1.612 4.34331e-09 
9.06 1.616 2.2531e-08 
9.06 1.62 9.41496e-08 
9.06 1.624 3.54441e-07 
9.06 1.628 1.05072e-06 
9.06 1.632 2.63755e-06 
9.06 1.636 5.63669e-06 
9.06 1.64 9.10155e-06 
9.06 1.644 1.30664e-05 
9.06 1.648 1.44682e-05 
9.06 1.652 1.24903e-05 
9.06 1.656 9.47399e-06 
9.06 1.66 5.26641e-06 
9.06 1.664 2.33452e-06 
9.06 1.668 8.85785e-07 
9.06 1.672 2.44669e-07 
9.06 1.676 5.09113e-08 
9.06 1.68 9.06215e-09 
9.06 1.684 1.16149e-09 
9.06 1.688 1.06639e-10 
9.07 1.604 1.70223e-10 
9.07 1.608 1.189e-09 
9.07 1.612 7.73447e-09 
9.07 1.616 3.79418e-08 
9.07 1.62 1.56388e-07 
9.07 1.624 5.82633e-07 
9.07 1.628 1.76677e-06 
9.07 1.632 4.32062e-06 
9.07 1.636 8.92655e-06 
9.07 1.64 1.45078e-05 
9.07 1.644 2.01652e-05 
9.07 1.648 2.20602e-05 
9.07 1.652 1.94334e-05 
9.07 1.656 1.38433e-05 
9.07 1.66 7.79947e-06 
9.07 1.664 3.54923e-06 
9.07 1.668 1.23145e-06 
9.07 1.672 3.4597e-07 
9.07 1.676 7.25432e-08 
9.07 1.68 1.22535e-08 
9.07 1.684 1.62805e-09 
9.07 1.688 1.59677e-10 
9.08 1.604 2.01868e-10 
9.08 1.608 1.57363e-09 
9.08 1.612 9.46536e-09 
9.08 1.616 4.90652e-08 
9.08 1.62 2.11501e-07 
9.08 1.624 7.90083e-07 
9.08 1.628 2.28596e-06 
9.08 1.632 5.7514e-06 
9.08 1.636 1.16018e-05 
9.08 1.64 1.89646e-05 
9.08 1.644 2.57616e-05 
9.08 1.648 2.87309e-05 
9.08 1.652 2.52475e-05 
9.08 1.656 1.7879e-05 
9.08 1.66 1.00539e-05 
9.08 1.664 4.49238e-06 
9.08 1.668 1.57139e-06 
9.08 1.672 4.26183e-07 
9.08 1.676 9.41722e-08 
9.08 1.68 1.54047e-08 
9.08 1.684 1.9633e-09 
9.08 1.688 1.93655e-10 
9.09 1.604 2.65755e-10 
9.09 1.608 1.93184e-09 
9.09 1.612 1.21509e-08 
9.09 1.616 6.08659e-08 
9.09 1.62 2.68388e-07 
9.09 1.624 9.59631e-07 
9.09 1.628 2.87094e-06 
9.09 1.632 7.19699e-06 
9.09 1.636 1.44601e-05 
9.09 1.64 2.38814e-05 
9.09 1.644 3.11193e-05 
9.09 1.648 3.35709e-05 
9.09 1.652 3.04948e-05 
9.09 1.656 2.14567e-05 
9.09 1.66 1.16898e-05 
9.09 1.664 5.43792e-06 
9.09 1.668 1.85258e-06 
9.09 1.672 5.05417e-07 
9.09 1.676 1.07266e-07 
9.09 1.68 1.83204e-08 
9.09 1.684 2.28982e-09 
9.09 1.688 2.25902e-10 
9.1 1.604 3.45966e-10 
9.1 1.608 2.58071e-09 
9.1 1.612 1.57467e-08 
9.1 1.616 7.77387e-08 
9.1 1.62 3.48092e-07 
9.1 1.624 1.17948e-06 
9.1 1.628 3.60734e-06 
9.1 1.632 8.56399e-06 
9.1 1.636 1.77993e-05 
9.1 1.64 2.8782e-05 
9.1 1.644 3.88755e-05 
9.1 1.648 4.16602e-05 
9.1 1.652 3.59388e-05 
9.1 1.656 2.49401e-05 
9.1 1.66 1.38455e-05 
9.1 1.664 6.16248e-06 
9.1 1.668 2.15776e-06 
9.1 1.672 5.76789e-07 
9.1 1.676 1.25619e-07 
9.1 1.68 2.02623e-08 
9.1 1.684 2.60877e-09 
9.1 1.688 2.48413e-10 
9.11 1.604 4.76382e-10 
9.11 1.608 3.27087e-09 
9.11 1.612 1.91306e-08 
9.11 1.616 9.91259e-08 
9.11 1.62 4.3543e-07 
9.11 1.624 1.4991e-06 
9.11 1.628 4.27464e-06 
9.11 1.632 1.04894e-05 
9.11 1.636 2.09439e-05 
9.11 1.64 3.43007e-05 
9.11 1.644 4.61735e-05 
9.11 1.648 4.82314e-05 
9.11 1.652 4.23675e-05 
9.11 1.656 2.93297e-05 
9.11 1.66 1.62059e-05 
9.11 1.664 7.08897e-06 
9.11 1.668 2.41788e-06 
9.11 1.672 6.72598e-07 
9.11 1.676 1.4217e-07 
9.11 1.68 2.29629e-08 
9.11 1.684 2.90538e-09 
9.11 1.688 2.8457e-10 
9.12 1.604 5.63809e-10 
9.12 1.608 4.1048e-09 
9.12 1.612 2.46569e-08 
9.12 1.616 1.19583e-07 
9.12 1.62 5.18437e-07 
9.12 1.624 1.84348e-06 
9.12 1.628 5.27759e-06 
9.12 1.632 1.25216e-05 
9.12 1.636 2.48169e-05 
9.12 1.64 4.017e-05 
9.12 1.644 5.34966e-05 
9.12 1.648 5.74232e-05 
9.12 1.652 4.89903e-05 
9.12 1.656 3.38829e-05 
9.12 1.66 1.87289e-05 
9.12 1.664 8.03556e-06 
9.12 1.668 2.83514e-06 
9.12 1.672 7.6682e-07 
9.12 1.676 1.60302e-07 
9.12 1.68 2.66309e-08 
9.12 1.684 3.43363e-09 
9.12 1.688 3.11648e-10 
9.13 1.604 7.11331e-10 
9.13 1.608 4.95751e-09 
9.13 1.612 3.04693e-08 
9.13 1.616 1.47059e-07 
9.13 1.62 6.20184e-07 
9.13 1.624 2.13303e-06 
9.13 1.628 6.37166e-06 
9.13 1.632 1.4942e-05 
9.13 1.636 2.94316e-05 
9.13 1.64 4.78555e-05 
9.13 1.644 6.25125e-05 
9.13 1.648 6.63172e-05 
9.13 1.652 5.77954e-05 
9.13 1.656 3.9906e-05 
9.13 1.66 2.16749e-05 
9.13 1.664 9.66645e-06 
9.13 1.668 3.27337e-06 
9.13 1.672 8.75229e-07 
9.13 1.676 1.81756e-07 
9.13 1.68 3.01066e-08 
9.13 1.684 3.80791e-09 
9.13 1.688 3.79522e-10 
9.14 1.6 1.08931e-10 
9.14 1.604 9.14527e-10 
9.14 1.608 6.3796e-09 
9.14 1.612 3.67254e-08 
9.14 1.616 1.81783e-07 
9.14 1.62 7.61262e-07 
9.14 1.624 2.70662e-06 
9.14 1.628 7.42691e-06 
9.14 1.632 1.85017e-05 
9.14 1.636 3.58362e-05 
9.14 1.64 5.86949e-05 
9.14 1.644 7.36717e-05 
9.14 1.648 8.06457e-05 
9.14 1.652 6.87922e-05 
9.14 1.656 4.68791e-05 
9.14 1.66 2.5495e-05 
9.14 1.664 1.1297e-05 
9.14 1.668 3.78856e-06 
9.14 1.672 1.04418e-06 
9.14 1.676 2.15267e-07 
9.14 1.68 3.38814e-08 
9.14 1.684 4.48079e-09 
9.14 1.688 4.21388e-10 
9.15 1.6 1.37964e-10 
9.15 1.604 1.14526e-09 
9.15 1.608 8.01877e-09 
9.15 1.612 4.6851e-08 
9.15 1.616 2.28929e-07 
9.15 1.62 9.42128e-07 
9.15 1.624 3.34007e-06 
9.15 1.628 9.35683e-06 
9.15 1.632 2.2677e-05 
9.15 1.636 4.31923e-05 
9.15 1.64 6.89919e-05 
9.15 1.644 9.02594e-05 
9.15 1.648 9.40926e-05 
9.15 1.652 7.98332e-05 
9.15 1.656 5.48952e-05 
9.15 1.66 3.00548e-05 
9.15 1.664 1.28633e-05 
9.15 1.668 4.43819e-06 
9.15 1.672 1.15942e-06 
9.15 1.676 2.45125e-07 
9.15 1.68 3.948e-08 
9.15 1.684 4.81268e-09 
9.15 1.688 4.75113e-10 
9.16 1.6 1.78956e-10 
9.16 1.604 1.48404e-09 
9.16 1.608 9.6596e-09 
9.16 1.612 5.84777e-08 
9.16 1.616 2.84999e-07 
9.16 1.62 1.15066e-06 
9.16 1.624 3.98424e-06 
9.16 1.628 1.13078e-05 
9.16 1.632 2.68677e-05 
9.16 1.636 5.2554e-05 
9.16 1.64 8.17991e-05 
9.16 1.644 0.000104622 
9.16 1.648 0.000110647 
9.16 1.652 9.279e-05 
9.16 1.656 6.36555e-05 
9.16 1.66 3.45893e-05 
9.16 1.664 1.51398e-05 
9.16 1.668 4.99714e-06 
9.16 1.672 1.31593e-06 
9.16 1.676 2.73255e-07 
9.16 1.68 4.46902e-08 
9.16 1.684 5.48787e-09 
9.16 1.688 5.15144e-10 
9.17 1.6 2.23669e-10 
9.17 1.604 1.82191e-09 
9.17 1.608 1.24734e-08 
9.17 1.612 7.46711e-08 
9.17 1.616 3.43201e-07 
9.17 1.62 1.42637e-06 
9.17 1.624 4.84585e-06 
9.17 1.628 1.34524e-05 
9.17 1.632 3.26376e-05 
9.17 1.636 6.17094e-05 
9.17 1.64 9.70593e-05 
9.17 1.644 0.00012481 
9.17 1.648 0.000128327 
9.17 1.652 0.000107899 
9.17 1.656 7.36699e-05 
9.17 1.66 3.95503e-05 
9.17 1.664 1.74827e-05 
9.17 1.668 5.54095e-06 
9.17 1.672 1.5025e-06 
9.17 1.676 3.12299e-07 
9.17 1.68 4.91371e-08 
9.17 1.684 5.90521e-09 
9.17 1.688 5.79271e-10 
9.18 1.6 2.78259e-10 
9.18 1.604 2.31618e-09 
9.18 1.608 1.55487e-08 
9.18 1.612 8.76157e-08 
9.18 1.616 4.31415e-07 
9.18 1.62 1.71562e-06 
9.18 1.624 5.66486e-06 
9.18 1.628 1.67767e-05 
9.18 1.632 3.81493e-05 
9.18 1.636 7.3706e-05 
9.18 1.64 0.000114542 
9.18 1.644 0.000143897 
9.18 1.648 0.000149341 
9.18 1.652 0.000125226 
9.18 1.656 8.54573e-05 
9.18 1.66 4.4955e-05 
9.18 1.664 1.9731e-05 
9.18 1.668 6.34912e-06 
9.18 1.672 1.69395e-06 
9.18 1.676 3.46441e-07 
9.18 1.68 5.43037e-08 
9.18 1.684 6.93524e-09 
9.18 1.688 6.4398e-10 
9.19 1.6 3.7213e-10 
9.19 1.604 2.94223e-09 
9.19 1.608 1.94672e-08 
9.19 1.612 1.09948e-07 
9.19 1.616 5.17367e-07 
9.19 1.62 2.09643e-06 
9.19 1.624 7.09342e-06 
9.19 1.628 1.94222e-05 
9.19 1.632 4.60987e-05 
9.19 1.636 8.88789e-05 
9.19 1.64 0.000132527 
9.19 1.644 0.000170459 
9.19 1.648 0.000171941 
9.19 1.652 0.000144809 
9.19 1.656 9.6942e-05 
9.19 1.66 5.33831e-05 
9.19 1.664 2.2751e-05 
9.19 1.668 7.24387e-06 
9.19 1.672 1.86974e-06 
9.19 1.676 3.88563e-07 
9.19 1.68 6.20437e-08 
9.19 1.684 7.49125e-09 
9.19 1.688 6.80305e-10 
9.2 1.6 4.4551e-10 
9.2 1.604 3.60321e-09 
9.2 1.608 2.37945e-08 
9.2 1.612 1.33246e-07 
9.2 1.616 6.13462e-07 
9.2 1.62 2.48189e-06 
9.2 1.624 8.56779e-06 
9.2 1.628 2.37804e-05 
9.2 1.632 5.4201e-05 
9.2 1.636 9.9646e-05 
9.2 1.64 0.000155132 
9.2 1.644 0.00019246 
9.2 1.648 0.000200291 
9.2 1.652 0.000164575 
9.2 1.656 0.000111804 
9.2 1.66 5.89366e-05 
9.2 1.664 2.52072e-05 
9.2 1.668 7.95173e-06 
9.2 1.672 2.05191e-06 
9.2 1.676 4.38582e-07 
9.2 1.68 6.63081e-08 
9.2 1.684 8.06963e-09 
9.2 1.688 7.87145e-10 
9.21 1.6 5.57195e-10 
9.21 1.604 4.38036e-09 
9.21 1.608 2.7803e-08 
9.21 1.612 1.52231e-07 
9.21 1.616 7.42633e-07 
9.21 1.62 2.87403e-06 
9.21 1.624 1.00074e-05 
9.21 1.628 2.74138e-05 
9.21 1.632 6.13887e-05 
9.21 1.636 0.000115228 
9.21 1.64 0.000172578 
9.21 1.644 0.000221647 
9.21 1.648 0.000227535 
9.21 1.652 0.00018431 
9.21 1.656 0.000125096 
9.21 1.66 6.5986e-05 
9.21 1.664 2.74391e-05 
9.21 1.668 8.79786e-06 
9.21 1.672 2.30564e-06 
9.21 1.676 4.63189e-07 
9.21 1.68 7.39909e-08 
9.21 1.684 8.84175e-09 
9.21 1.688 8.1963e-10 
9.22 1.6 6.42356e-10 
9.22 1.604 4.81598e-09 
9.22 1.608 3.2253e-08 
9.22 1.612 1.85829e-07 
9.22 1.616 8.2678e-07 
9.22 1.62 3.51706e-06 
9.22 1.624 1.08628e-05 
9.22 1.628 3.07442e-05 
9.22 1.632 7.03991e-05 
9.22 1.636 0.000125882 
9.22 1.64 0.000200186 
9.22 1.644 0.00023865 
9.22 1.648 0.000256054 
9.22 1.652 0.000203484 
9.22 1.656 0.000137197 
9.22 1.66 7.19747e-05 
9.22 1.664 2.93668e-05 
9.22 1.668 9.64985e-06 
9.22 1.672 2.44497e-06 
9.22 1.676 5.06983e-07 
9.22 1.68 7.87222e-08 
9.22 1.684 9.52637e-09 
9.22 1.688 8.68917e-10 
9.23 1.6 7.64094e-10 
9.23 1.604 5.99959e-09 
9.23 1.608 3.73433e-08 
9.23 1.612 2.01319e-07 
9.23 1.616 9.96473e-07 
9.23 1.62 3.85192e-06 
9.23 1.624 1.26384e-05 
9.23 1.628 3.4611e-05 
9.23 1.632 7.73356e-05 
9.23 1.636 0.000141161 
9.23 1.64 0.000220569 
9.23 1.644 0.000267058 
9.23 1.648 0.000275309 
9.23 1.652 0.000224548 
9.23 1.656 0.00014994 
9.23 1.66 7.94112e-05 
9.23 1.664 3.08391e-05 
9.23 1.668 1.04274e-05 
9.23 1.672 2.71336e-06 
9.23 1.676 5.24966e-07 
9.23 1.68 8.4091e-08 
9.23 1.684 1.00299e-08 
9.23 1.688 9.27184e-10 
9.24 1.6 8.52802e-10 
9.24 1.604 6.46694e-09 
9.24 1.608 4.2228e-08 
9.24 1.612 2.4572e-07 
9.24 1.616 1.12985e-06 
9.24 1.62 4.40096e-06 
9.24 1.624 1.38557e-05 
9.24 1.628 3.79396e-05 
9.24 1.632 8.61764e-05 
9.24 1.636 0.000155631 
9.24 1.64 0.000237917 
9.24 1.644 0.000293434 
9.24 1.648 0.000297722 
9.24 1.652 0.000246748 
9.24 1.656 0.000159962 
9.24 1.66 8.25625e-05 
9.24 1.664 3.42049e-05 
9.24 1.668 1.1329e-05 
9.24 1.672 2.81975e-06 
9.24 1.676 5.63922e-07 
9.24 1.68 8.68417e-08 
9.24 1.684 1.03848e-08 
9.24 1.688 9.45727e-10 
9.25 1.596 1.12853e-10 
9.25 1.6 9.95715e-10 
9.25 1.604 7.56833e-09 
9.25 1.608 4.87803e-08 
9.25 1.612 2.70621e-07 
9.25 1.616 1.24233e-06 
9.25 1.62 4.76312e-06 
9.25 1.624 1.60788e-05 
9.25 1.628 4.25956e-05 
9.25 1.632 9.25608e-05 
9.25 1.636 0.000175594 
9.25 1.64 0.000261164 
9.25 1.644 0.000318233 
9.25 1.648 0.000324414 
9.25 1.652 0.000267528 
9.25 1.656 0.000175478 
9.25 1.66 9.09151e-05 
9.25 1.664 3.66975e-05 
9.25 1.668 1.17691e-05 
9.25 1.672 3.02993e-06 
9.25 1.676 6.02745e-07 
9.25 1.68 9.405e-08 
9.25 1.684 1.09629e-08 
9.25 1.688 9.93409e-10 
9.26 1.596 1.25856e-10 
9.26 1.6 1.08302e-09 
9.26 1.604 8.33e-09 
9.26 1.608 5.50932e-08 
9.26 1.612 3.01519e-07 
9.26 1.616 1.37871e-06 
9.26 1.62 5.32441e-06 
9.26 1.624 1.73084e-05 
9.26 1.628 4.64471e-05 
9.26 1.632 0.000101874 
9.26 1.636 0.000191573 
9.26 1.64 0.000287926 
9.26 1.644 0.00035799 
9.26 1.648 0.000356542 
9.26 1.652 0.000286448 
9.26 1.656 0.000188845 
9.26 1.66 9.62303e-05 
9.26 1.664 3.93691e-05 
9.26 1.668 1.30011e-05 
9.26 1.672 3.31521e-06 
9.26 1.676 6.38203e-07 
9.26 1.68 9.55946e-08 
9.26 1.684 1.18153e-08 
9.26 1.688 1.05964e-09 
9.27 1.596 1.46834e-10 
9.27 1.6 1.25018e-09 
9.27 1.604 9.71e-09 
9.27 1.608 6.24329e-08 
9.27 1.612 3.31533e-07 
9.27 1.616 1.49025e-06 
9.27 1.62 5.93213e-06 
9.27 1.624 1.89504e-05 
9.27 1.628 5.14862e-05 
9.27 1.632 0.000115569 
9.27 1.636 0.000213789 
9.27 1.64 0.000313381 
9.27 1.644 0.000392337 
9.27 1.648 0.000380817 
9.27 1.652 0.000314056 
9.27 1.656 0.000202712 
9.27 1.66 0.000105169 
9.27 1.664 4.25396e-05 
9.27 1.668 1.40168e-05 
9.27 1.672 3.4298e-06 
9.27 1.676 6.81704e-07 
9.27 1.68 1.02726e-07 
9.27 1.684 1.24687e-08 
9.27 1.688 1.10733e-09 
9.28 1.596 1.67916e-10 
9.28 1.6 1.42759e-09 
9.28 1.604 1.08519e-08 
9.28 1.608 7.17527e-08 
9.28 1.612 3.71623e-07 
9.28 1.616 1.75414e-06 
9.28 1.62 6.71615e-06 
9.28 1.624 2.20028e-05 
9.28 1.628 5.74949e-05 
9.28 1.632 0.000129022 
9.28 1.636 0.000236972 
9.28 1.64 0.000353414 
9.28 1.644 0.000433446 
9.28 1.648 0.000423993 
9.28 1.652 0.000348881 
9.28 1.656 0.000215783 
9.28 1.66 0.00011235 
9.28 1.664 4.65999e-05 
9.28 1.668 1.48383e-05 
9.28 1.672 3.76903e-06 
9.28 1.676 7.25105e-07 
9.28 1.68 1.11717e-07 
9.28 1.684 1.35922e-08 
9.28 1.688 1.17421e-09 
9.29 1.596 1.89651e-10 
9.29 1.6 1.76125e-09 
9.29 1.604 1.25269e-08 
9.29 1.608 8.19442e-08 
9.29 1.612 4.48585e-07 
9.29 1.616 1.98802e-06 
9.29 1.62 7.98994e-06 
9.29 1.624 2.34072e-05 
9.29 1.628 6.68608e-05 
9.29 1.632 0.000144516 
9.29 1.636 0.000259276 
9.29 1.64 0.000398594 
9.29 1.644 0.000471652 
9.29 1.648 0.000478093 
9.29 1.652 0.00037284 
9.29 1.656 0.000242961 
9.29 1.66 0.000123275 
9.29 1.664 5.09089e-05 
9.29 1.668 1.58142e-05 
9.29 1.672 4.00349e-06 
9.29 1.676 7.86769e-07 
9.29 1.68 1.18028e-07 
9.29 1.684 1.42003e-08 
9.29 1.688 1.23222e-09 
9.3 1.596 2.35981e-10 
9.3 1.6 1.97368e-09 
9.3 1.604 1.47003e-08 
9.3 1.608 9.33467e-08 
9.3 1.612 5.16766e-07 
9.3 1.616 2.23976e-06 
9.3 1.62 8.91906e-06 
9.3 1.624 2.72789e-05 
9.3 1.628 7.3866e-05 
9.3 1.632 0.000161337 
9.3 1.636 0.000296632 
9.3 1.64 0.000432007 
9.3 1.644 0.000531544 
9.3 1.648 0.00051662 
9.3 1.652 0.00041098 
9.3 1.656 0.000263812 
9.3 1.66 0.000134575 
9.3 1.664 5.46598e-05 
9.3 1.668 1.71121e-05 
9.3 1.672 4.30138e-06 
9.3 1.676 8.60582e-07 
9.3 1.68 1.25329e-07 
9.3 1.684 1.44137e-08 
9.3 1.688 1.34132e-09 
9.31 1.596 2.68454e-10 
9.31 1.6 2.3053e-09 
9.31 1.604 1.64415e-08 
9.31 1.608 1.10275e-07 
9.31 1.612 5.69531e-07 
9.31 1.616 2.57119e-06 
9.31 1.62 9.77721e-06 
9.31 1.624 3.10771e-05 
9.31 1.628 8.3207e-05 
9.31 1.632 0.000176829 
9.31 1.636 0.000329373 
9.31 1.64 0.000476453 
9.31 1.644 0.000564422 
9.31 1.648 0.00056899 
9.31 1.652 0.000447636 
9.31 1.656 0.000281129 
9.31 1.66 0.000143678 
9.31 1.664 5.75282e-05 
9.31 1.668 1.85994e-05 
9.31 1.672 4.59009e-06 
9.31 1.676 9.02475e-07 
9.31 1.68 1.31498e-07 
9.31 1.684 1.58434e-08 
9.31 1.688 1.36604e-09 
9.32 1.596 3.04255e-10 
9.32 1.6 2.61815e-09 
9.32 1.604 1.89599e-08 
9.32 1.608 1.18965e-07 
9.32 1.612 6.62116e-07 
9.32 1.616 2.91371e-06 
9.32 1.62 1.10361e-05 
9.32 1.624 3.37599e-05 
9.32 1.628 9.04444e-05 
9.32 1.632 0.000198097 
9.32 1.636 0.000358876 
9.32 1.64 0.00051526 
9.32 1.644 0.000620847 
9.32 1.648 0.00061677 
9.32 1.652 0.000477829 
9.32 1.656 0.00030023 
9.32 1.66 0.000153119 
9.32 1.664 6.09113e-05 
9.32 1.668 1.95516e-05 
9.32 1.672 4.72283e-06 
9.32 1.676 9.37411e-07 
9.32 1.68 1.37637e-07 
9.32 1.684 1.58211e-08 
9.32 1.688 1.4326e-09 
9.33 1.596 3.60798e-10 
9.33 1.6 3.0555e-09 
9.33 1.604 2.15696e-08 
9.33 1.608 1.41897e-07 
9.33 1.612 7.32477e-07 
9.33 1.616 3.23554e-06 
9.33 1.62 1.18657e-05 
9.33 1.624 3.70212e-05 
9.33 1.628 0.000101038 
9.33 1.632 0.000213516 
9.33 1.636 0.000384216 
9.33 1.64 0.000549214 
9.33 1.644 0.000664704 
9.33 1.648 0.000660615 
9.33 1.652 0.000514607 
9.33 1.656 0.000322673 
9.33 1.66 0.000163867 
9.33 1.664 6.33368e-05 
9.33 1.668 2.04269e-05 
9.33 1.672 5.05485e-06 
9.33 1.676 9.4814e-07 
9.33 1.68 1.42657e-07 
9.33 1.684 1.68062e-08 
9.33 1.688 1.41089e-09 
9.34 1.596 3.81377e-10 
9.34 1.6 3.2972e-09 
9.34 1.604 2.46788e-08 
9.34 1.608 1.49171e-07 
9.34 1.612 8.03874e-07 
9.34 1.616 3.51364e-06 
9.34 1.62 1.28467e-05 
9.34 1.624 4.13201e-05 
9.34 1.628 0.000105358 
9.34 1.632 0.000229079 
9.34 1.636 0.000408456 
9.34 1.64 0.000595575 
9.34 1.644 0.000736676 
9.34 1.648 0.000680697 
9.34 1.652 0.000539986 
9.34 1.656 0.000341234 
9.34 1.66 0.00016462 
9.34 1.664 6.60658e-05 
9.34 1.668 2.06059e-05 
9.34 1.672 5.35618e-06 
9.34 1.676 9.82937e-07 
9.34 1.68 1.44381e-07 
9.34 1.684 1.6902e-08 
9.34 1.688 1.46992e-09 
9.35 1.596 4.24375e-10 
9.35 1.6 3.70307e-09 
9.35 1.604 2.62538e-08 
9.35 1.608 1.6829e-07 
9.35 1.612 8.55392e-07 
9.35 1.616 3.82264e-06 
9.35 1.62 1.39071e-05 
9.35 1.624 4.38998e-05 
9.35 1.628 0.000114796 
9.35 1.632 0.000245615 
9.35 1.636 0.000431227 
9.35 1.64 0.00063425 
9.35 1.644 0.000750977 
9.35 1.648 0.000730969 
9.35 1.652 0.000556799 
9.35 1.656 0.000351719 
9.35 1.66 0.000174221 
9.35 1.664 6.93112e-05 
9.35 1.668 2.1928e-05 
9.35 1.672 5.38469e-06 
9.35 1.676 1.02391e-06 
9.35 1.68 1.55651e-07 
9.35 1.684 1.74022e-08 
9.35 1.688 1.50891e-09 
9.36 1.596 4.76312e-10 
9.36 1.6 3.98401e-09 
9.36 1.604 2.83612e-08 
9.36 1.608 1.80796e-07 
9.36 1.612 9.30638e-07 
9.36 1.616 4.05738e-06 
9.36 1.62 1.49069e-05 
9.36 1.624 4.62499e-05 
9.36 1.628 0.000123316 
9.36 1.632 0.000262089 
9.36 1.636 0.000458542 
9.36 1.64 0.000673414 
9.36 1.644 0.00079557 
9.36 1.648 0.00074664 
9.36 1.652 0.000591005 
9.36 1.656 0.000366846 
9.36 1.66 0.000183747 
9.36 1.664 7.20431e-05 
9.36 1.668 2.28591e-05 
9.36 1.672 5.813e-06 
9.36 1.676 1.07079e-06 
9.36 1.68 1.55318e-07 
9.36 1.684 1.74894e-08 
9.36 1.688 1.52526e-09 
9.36 1.692 1.03172e-10 
9.37 1.596 5.05241e-10 
9.37 1.6 4.30055e-09 
9.37 1.604 3.09616e-08 
9.37 1.608 1.91728e-07 
9.37 1.612 1.00853e-06 
9.37 1.616 4.39265e-06 
9.37 1.62 1.62219e-05 
9.37 1.624 5.05958e-05 
9.37 1.628 0.000129897 
9.37 1.632 0.000277653 
9.37 1.636 0.000493388 
9.37 1.64 0.000714975 
9.37 1.644 0.000845071 
9.37 1.648 0.000782521 
9.37 1.652 0.000621703 
9.37 1.656 0.000382146 
9.37 1.66 0.000195558 
9.37 1.664 7.61462e-05 
9.37 1.668 2.39716e-05 
9.37 1.672 5.94286e-06 
9.37 1.676 1.12135e-06 
9.37 1.68 1.60335e-07 
9.37 1.684 1.87867e-08 
9.37 1.688 1.59401e-09 
9.37 1.692 1.05571e-10 
9.38 1.596 5.62566e-10 
9.38 1.6 4.80929e-09 
9.38 1.604 3.46366e-08 
9.38 1.608 2.08622e-07 
9.38 1.612 1.06946e-06 
9.38 1.616 4.65634e-06 
9.38 1.62 1.72585e-05 
9.38 1.624 5.41964e-05 
9.38 1.628 0.000139712 
9.38 1.632 0.000297618 
9.38 1.636 0.00052695 
9.38 1.64 0.00075604 
9.38 1.644 0.000876723 
9.38 1.648 0.000855941 
9.38 1.652 0.000660827 
9.38 1.656 0.000407824 
9.38 1.66 0.000202612 
9.38 1.664 7.93709e-05 
9.38 1.668 2.52484e-05 
9.38 1.672 6.04121e-06 
9.38 1.676 1.15459e-06 
9.38 1.68 1.66227e-07 
9.38 1.684 1.87661e-08 
9.38 1.688 1.65641e-09 
9.38 1.692 1.08844e-10 
9.39 1.596 6.17068e-10 
9.39 1.6 5.11351e-09 
9.39 1.604 3.61379e-08 
9.39 1.608 2.19576e-07 
9.39 1.612 1.14064e-06 
9.39 1.616 4.91846e-06 
9.39 1.62 1.88478e-05 
9.39 1.624 5.73717e-05 
9.39 1.628 0.000148089 
9.39 1.632 0.0003195 
9.39 1.636 0.000558393 
9.39 1.64 0.000796804 
9.39 1.644 0.000934738 
9.39 1.648 0.000906209 
9.39 1.652 0.000707795 
9.39 1.656 0.000428602 
9.39 1.66 0.000212009 
9.39 1.664 8.4168e-05 
9.39 1.668 2.64232e-05 
9.39 1.672 6.37413e-06 
9.39 1.676 1.17847e-06 
9.39 1.68 1.74025e-07 
9.39 1.684 1.97069e-08 
9.39 1.688 1.71271e-09 
9.39 1.692 1.08893e-10 
9.4 1.596 7.0307e-10 
9.4 1.6 5.74396e-09 
9.4 1.604 4.03527e-08 
9.4 1.608 2.44169e-07 
9.4 1.612 1.29143e-06 
9.4 1.616 5.46395e-06 
9.4 1.62 2.05025e-05 
9.4 1.624 6.20099e-05 
9.4 1.628 0.00016016 
9.4 1.632 0.000342794 
9.4 1.636 0.000591661 
9.4 1.64 0.000854781 
9.4 1.644 0.00101972 
9.4 1.648 0.000966475 
9.4 1.652 0.000737217 
9.4 1.656 0.000453673 
9.4 1.66 0.00022344 
9.4 1.664 8.78998e-05 
9.4 1.668 2.72636e-05 
9.4 1.672 6.50247e-06 
9.4 1.676 1.2374e-06 
9.4 1.68 1.80485e-07 
9.4 1.684 2.0199e-08 
9.4 1.688 1.68537e-09 
9.4 1.692 1.09538e-10 
9.41 1.596 7.28182e-10 
9.41 1.6 6.02255e-09 
9.41 1.604 4.36201e-08 
9.41 1.608 2.64472e-07 
9.41 1.612 1.37983e-06 
9.41 1.616 5.97597e-06 
9.41 1.62 2.15958e-05 
9.41 1.624 6.55863e-05 
9.41 1.628 0.000169661 
9.41 1.632 0.000363444 
9.41 1.636 0.000629588 
9.41 1.64 0.00091979 
9.41 1.644 0.00110153 
9.41 1.648 0.00102754 
9.41 1.652 0.000756733 
9.41 1.656 0.00046805 
9.41 1.66 0.000230593 
9.41 1.664 9.03492e-05 
9.41 1.668 2.76027e-05 
9.41 1.672 6.94171e-06 
9.41 1.676 1.30729e-06 
9.41 1.68 1.89947e-07 
9.41 1.684 2.06322e-08 
9.41 1.688 1.70426e-09 
9.41 1.692 1.13599e-10 
9.42 1.596 8.39725e-10 
9.42 1.6 6.63911e-09 
9.42 1.604 4.70686e-08 
9.42 1.608 2.95761e-07 
9.42 1.612 1.51273e-06 
9.42 1.616 6.57196e-06 
9.42 1.62 2.3193e-05 
9.42 1.624 7.15922e-05 
9.42 1.628 0.000182146 
9.42 1.632 0.000389555 
9.42 1.636 0.000676189 
9.42 1.64 0.00098413 
9.42 1.644 0.00114633 
9.42 1.648 0.00107404 
9.42 1.652 0.000809833 
9.42 1.656 0.000485821 
9.42 1.66 0.000240653 
9.42 1.664 9.53087e-05 
9.42 1.668 2.96769e-05 
9.42 1.672 7.10831e-06 
9.42 1.676 1.38432e-06 
9.42 1.68 1.94475e-07 
9.42 1.684 2.07509e-08 
9.42 1.688 1.79796e-09 
9.42 1.692 1.1518e-10 
9.43 1.596 8.7493e-10 
9.43 1.6 7.49469e-09 
9.43 1.604 5.31245e-08 
9.43 1.608 3.25308e-07 
9.43 1.612 1.62372e-06 
9.43 1.616 6.86645e-06 
9.43 1.62 2.51804e-05 
9.43 1.624 7.62508e-05 
9.43 1.628 0.00019836 
9.43 1.632 0.000416747 
9.43 1.636 0.000733536 
9.43 1.64 0.00105102 
9.43 1.644 0.00120874 
9.43 1.648 0.0011011 
9.43 1.652 0.000846706 
9.43 1.656 0.000518882 
9.43 1.66 0.000252108 
9.43 1.664 0.000101518 
9.43 1.668 3.07189e-05 
9.43 1.672 7.39559e-06 
9.43 1.676 1.40557e-06 
9.43 1.68 1.96616e-07 
9.43 1.684 2.23819e-08 
9.43 1.688 1.8631e-09 
9.43 1.692 1.20058e-10 
9.44 1.592 1.04787e-10 
9.44 1.596 9.65244e-10 
9.44 1.6 8.2023e-09 
9.44 1.604 5.82629e-08 
9.44 1.608 3.48804e-07 
9.44 1.612 1.69299e-06 
9.44 1.616 7.39026e-06 
9.44 1.62 2.708e-05 
9.44 1.624 8.27665e-05 
9.44 1.628 0.000210262 
9.44 1.632 0.00045007 
9.44 1.636 0.000786611 
9.44 1.64 0.00110865 
9.44 1.644 0.00121874 
9.44 1.648 0.00117051 
9.44 1.652 0.000898276 
9.44 1.656 0.000534688 
9.44 1.66 0.000272435 
9.44 1.664 0.000105189 
9.44 1.668 3.109e-05 
9.44 1.672 7.79968e-06 
9.44 1.676 1.38434e-06 
9.44 1.68 1.9928e-07 
9.44 1.684 2.16715e-08 
9.44 1.688 1.92859e-09 
9.44 1.692 1.26269e-10 
9.45 1.592 1.13076e-10 
9.45 1.596 1.06231e-09 
9.45 1.6 8.9212e-09 
9.45 1.604 6.37737e-08 
9.45 1.608 3.73775e-07 
9.45 1.612 1.85898e-06 
9.45 1.616 7.93758e-06 
9.45 1.62 2.96609e-05 
9.45 1.624 8.89761e-05 
9.45 1.628 0.000226082 
9.45 1.632 0.000488743 
9.45 1.636 0.000832278 
9.45 1.64 0.00113059 
9.45 1.644 0.00129576 
9.45 1.648 0.00123196 
9.45 1.652 0.000935961 
9.45 1.656 0.000584141 
9.45 1.66 0.000277729 
9.45 1.664 0.000108466 
9.45 1.668 3.40937e-05 
9.45 1.672 7.53626e-06 
9.45 1.676 1.4432e-06 
9.45 1.68 2.06743e-07 
9.45 1.684 2.29154e-08 
9.45 1.688 1.95818e-09 
9.45 1.692 1.3294e-10 
9.46 1.592 1.25927e-10 
9.46 1.596 1.21741e-09 
9.46 1.6 9.86708e-09 
9.46 1.604 6.58593e-08 
9.46 1.608 3.84888e-07 
9.46 1.612 2.00845e-06 
9.46 1.616 8.87321e-06 
9.46 1.62 3.12067e-05 
9.46 1.624 9.58411e-05 
9.46 1.628 0.00024874 
9.46 1.632 0.000504926 
9.46 1.636 0.000854125 
9.46 1.64 0.00117561 
9.46 1.644 0.00138027 
9.46 1.648 0.001291 
9.46 1.652 0.00099522 
9.46 1.656 0.000602416 
9.46 1.66 0.000294758 
9.46 1.664 0.000114619 
9.46 1.668 3.34436e-05 
9.46 1.672 7.96004e-06 
9.46 1.676 1.45375e-06 
9.46 1.68 2.13095e-07 
9.46 1.684 2.39992e-08 
9.46 1.688 2.01648e-09 
9.46 1.692 1.31235e-10 
9.47 1.592 1.37399e-10 
9.47 1.596 1.33181e-09 
9.47 1.6 1.04783e-08 
9.47 1.604 7.10627e-08 
9.47 1.608 4.12439e-07 
9.47 1.612 2.21907e-06 
9.47 1.616 9.46474e-06 
9.47 1.62 3.50008e-05 
9.47 1.624 0.000103204 
9.47 1.628 0.00025639 
9.47 1.632 0.000538967 
9.47 1.636 0.000892488 
9.47 1.64 0.001241 
9.47 1.644 0.00145122 
9.47 1.648 0.00137796 
9.47 1.652 0.00102651 
9.47 1.656 0.000634085 
9.47 1.66 0.000308341 
9.47 1.664 0.000115105 
9.47 1.668 3.41913e-05 
9.47 1.672 7.86482e-06 
9.47 1.676 1.51176e-06 
9.47 1.68 2.18699e-07 
9.47 1.684 2.39288e-08 
9.47 1.688 1.98677e-09 
9.47 1.692 1.26913e-10 
9.48 1.592 1.4882e-10 
9.48 1.596 1.39072e-09 
9.48 1.6 1.1337e-08 
9.48 1.604 7.81912e-08 
9.48 1.608 4.73603e-07 
9.48 1.612 2.35019e-06 
9.48 1.616 1.03739e-05 
9.48 1.62 3.7219e-05 
9.48 1.624 0.000113199 
9.48 1.628 0.000277246 
9.48 1.632 0.000546734 
9.48 1.636 0.000964526 
9.48 1.64 0.00132265 
9.48 1.644 0.00155375 
9.48 1.648 0.00146347 
9.48 1.652 0.00111227 
9.48 1.656 0.000661997 
9.48 1.66 0.000314169 
9.48 1.664 0.000117453 
9.48 1.668 3.50357e-05 
9.48 1.672 8.15117e-06 
9.48 1.676 1.55788e-06 
9.48 1.68 2.2119e-07 
9.48 1.684 2.46806e-08 
9.48 1.688 2.06644e-09 
9.48 1.692 1.28308e-10 
9.49 1.592 1.58674e-10 
9.49 1.596 1.43255e-09 
9.49 1.6 1.2206e-08 
9.49 1.604 8.23062e-08 
9.49 1.608 5.18229e-07 
9.49 1.612 2.59562e-06 
9.49 1.616 1.08665e-05 
9.49 1.62 3.93719e-05 
9.49 1.624 0.000117188 
9.49 1.628 0.000280503 
9.49 1.632 0.000594084 
9.49 1.636 0.00100919 
9.49 1.64 0.00139969 
9.49 1.644 0.00163793 
9.49 1.648 0.001527 
9.49 1.652 0.00115418 
9.49 1.656 0.000675483 
9.49 1.66 0.000316846 
9.49 1.664 0.00012122 
9.49 1.668 3.70401e-05 
9.49 1.672 8.61414e-06 
9.49 1.676 1.60804e-06 
9.49 1.68 2.32432e-07 
9.49 1.684 2.56227e-08 
9.49 1.688 2.10921e-09 
9.49 1.692 1.29444e-10 
9.5 1.592 1.71764e-10 
9.5 1.596 1.59804e-09 
9.5 1.6 1.28097e-08 
9.5 1.604 9.26769e-08 
9.5 1.608 5.3928e-07 
9.5 1.612 2.81348e-06 
9.5 1.616 1.19472e-05 
9.5 1.62 4.11636e-05 
9.5 1.624 0.000120135 
9.5 1.628 0.000298475 
9.5 1.632 0.000621212 
9.5 1.636 0.00105467 
9.5 1.64 0.00148202 
9.5 1.644 0.00170673 
9.5 1.648 0.00160055 
9.5 1.652 0.00117675 
9.5 1.656 0.000680731 
9.5 1.66 0.000327369 
9.5 1.664 0.000124602 
9.5 1.668 3.65536e-05 
9.5 1.672 9.08385e-06 
9.5 1.676 1.65519e-06 
9.5 1.68 2.34495e-07 
9.5 1.684 2.58772e-08 
9.5 1.688 2.0391e-09 
9.5 1.692 1.25985e-10 
9.51 1.592 1.85255e-10 
9.51 1.596 1.76823e-09 
9.51 1.6 1.42481e-08 
9.51 1.604 9.95276e-08 
9.51 1.608 5.92002e-07 
9.51 1.612 2.96489e-06 
9.51 1.616 1.27312e-05 
9.51 1.62 4.28492e-05 
9.51 1.624 0.000127259 
9.51 1.628 0.000315998 
9.51 1.632 0.000665542 
9.51 1.636 0.00113495 
9.51 1.64 0.00155594 
9.51 1.644 0.00180515 
9.51 1.648 0.00167494 
9.51 1.652 0.0011799 
9.51 1.656 0.000699406 
9.51 1.66 0.000335726 
9.51 1.664 0.000131109 
9.51 1.668 3.85156e-05 
9.51 1.672 8.94485e-06 
9.51 1.676 1.68369e-06 
9.51 1.68 2.38115e-07 
9.51 1.684 2.52492e-08 
9.51 1.688 2.046e-09 
9.51 1.692 1.31171e-10 
9.52 1.592 2.03676e-10 
9.52 1.596 1.97101e-09 
9.52 1.6 1.59355e-08 
9.52 1.604 1.07728e-07 
9.52 1.608 6.47884e-07 
9.52 1.612 3.24996e-06 
9.52 1.616 1.30394e-05 
9.52 1.62 4.4835e-05 
9.52 1.624 0.000136902 
9.52 1.628 0.000337252 
9.52 1.632 0.000696057 
9.52 1.636 0.00118664 
9.52 1.64 0.00165166 
9.52 1.644 0.00190553 
9.52 1.648 0.00168081 
9.52 1.652 0.00121944 
9.52 1.656 0.000725037 
9.52 1.66 0.000351511 
9.52 1.664 0.000133146 
9.52 1.668 3.97739e-05 
9.52 1.672 9.59087e-06 
9.52 1.676 1.74744e-06 
9.52 1.68 2.35106e-07 
9.52 1.684 2.42024e-08 
9.52 1.688 2.07551e-09 
9.52 1.692 1.32199e-10 
9.53 1.592 2.21681e-10 
9.53 1.596 2.15207e-09 
9.53 1.6 1.68603e-08 
9.53 1.604 1.16445e-07 
9.53 1.608 6.7556e-07 
9.53 1.612 3.37548e-06 
9.53 1.616 1.35882e-05 
9.53 1.62 4.82123e-05 
9.53 1.624 0.000142531 
9.53 1.628 0.000365198 
9.53 1.632 0.000736803 
9.53 1.636 0.0012448 
9.53 1.64 0.00174051 
9.53 1.644 0.00195473 
9.53 1.648 0.00169942 
9.53 1.652 0.00126011 
9.53 1.656 0.000770797 
9.53 1.66 0.000357422 
9.53 1.664 0.000135251 
9.53 1.668 4.18556e-05 
9.53 1.672 9.35833e-06 
9.53 1.676 1.75959e-06 
9.53 1.68 2.34259e-07 
9.53 1.684 2.45142e-08 
9.53 1.688 2.11437e-09 
9.53 1.692 1.29361e-10 
9.54 1.592 2.40314e-10 
9.54 1.596 2.29419e-09 
9.54 1.6 1.77174e-08 
9.54 1.604 1.24949e-07 
9.54 1.608 7.35479e-07 
9.54 1.612 3.48314e-06 
9.54 1.616 1.47349e-05 
9.54 1.62 5.04659e-05 
9.54 1.624 0.000154812 
9.54 1.628 0.000379135 
9.54 1.632 0.000783263 
9.54 1.636 0.00128808 
9.54 1.64 0.00181791 
9.54 1.644 0.00197138 
9.54 1.648 0.00175852 
9.54 1.652 0.00129344 
9.54 1.656 0.000791811 
9.54 1.66 0.00037148 
9.54 1.664 0.000139486 
9.54 1.668 4.13308e-05 
9.54 1.672 9.73777e-06 
9.54 1.676 1.71838e-06 
9.54 1.68 2.32065e-07 
9.54 1.684 2.58397e-08 
9.54 1.688 2.10435e-09 
9.54 1.692 1.30668e-10 
9.55 1.592 2.56725e-10 
9.55 1.596 2.41238e-09 
9.55 1.6 1.93175e-08 
9.55 1.604 1.37265e-07 
9.55 1.608 7.63797e-07 
9.55 1.612 3.67673e-06 
9.55 1.616 1.52269e-05 
9.55 1.62 5.47526e-05 
9.55 1.624 0.000162809 
9.55 1.628 0.000396185 
9.55 1.632 0.000800866 
9.55 1.636 0.00137571 
9.55 1.64 0.00182805 
9.55 1.644 0.00200393 
9.55 1.648 0.00182725 
9.55 1.652 0.00135066 
9.55 1.656 0.000804367 
9.55 1.66 0.000381041 
9.55 1.664 0.000142014 
9.55 1.668 4.26376e-05 
9.55 1.672 9.93977e-06 
9.55 1.676 1.64357e-06 
9.55 1.68 2.39777e-07 
9.55 1.684 2.61591e-08 
9.55 1.688 2.16557e-09 
9.55 1.692 1.34279e-10 
9.56 1.592 2.84105e-10 
9.56 1.596 2.63681e-09 
9.56 1.6 2.08736e-08 
9.56 1.604 1.41454e-07 
9.56 1.608 7.93861e-07 
9.56 1.612 4.04763e-06 
9.56 1.616 1.64368e-05 
9.56 1.62 5.70462e-05 
9.56 1.624 0.000173903 
9.56 1.628 0.00041849 
9.56 1.632 0.00085513 
9.56 1.636 0.00142559 
9.56 1.64 0.00191213 
9.56 1.644 0.00208485 
9.56 1.648 0.00189712 
9.56 1.652 0.00140429 
9.56 1.656 0.000823094 
9.56 1.66 0.000395048 
9.56 1.664 0.000145568 
9.56 1.668 4.31588e-05 
9.56 1.672 9.83212e-06 
9.56 1.676 1.75119e-06 
9.56 1.68 2.39953e-07 
9.56 1.684 2.57183e-08 
9.56 1.688 2.10145e-09 
9.56 1.692 1.27311e-10 
9.57 1.592 3.10753e-10 
9.57 1.596 2.8608e-09 
9.57 1.6 2.29047e-08 
9.57 1.604 1.4713e-07 
9.57 1.608 8.53347e-07 
9.57 1.612 4.19804e-06 
9.57 1.616 1.72998e-05 
9.57 1.62 6.18781e-05 
9.57 1.624 0.000180566 
9.57 1.628 0.000433506 
9.57 1.632 0.000899993 
9.57 1.636 0.00149063 
9.57 1.64 0.0019365 
9.57 1.644 0.00215119 
9.57 1.648 0.0019871 
9.57 1.652 0.0014495 
9.57 1.656 0.000827336 
9.57 1.66 0.000399997 
9.57 1.664 0.000145349 
9.57 1.668 4.372e-05 
9.57 1.672 9.69038e-06 
9.57 1.676 1.70602e-06 
9.57 1.68 2.48997e-07 
9.57 1.684 2.63594e-08 
9.57 1.688 2.08716e-09 
9.57 1.692 1.27813e-10 
9.58 1.592 3.30117e-10 
9.58 1.596 2.97754e-09 
9.58 1.6 2.41671e-08 
9.58 1.604 1.56615e-07 
9.58 1.608 9.23598e-07 
9.58 1.612 4.44002e-06 
9.58 1.616 1.82888e-05 
9.58 1.62 6.53228e-05 
9.58 1.624 0.000187884 
9.58 1.628 0.000462577 
9.58 1.632 0.000914185 
9.58 1.636 0.00146914 
9.58 1.64 0.00201363 
9.58 1.644 0.00223822 
9.58 1.648 0.00204212 
9.58 1.652 0.00147509 
9.58 1.656 0.000860161 
9.58 1.66 0.000401919 
9.58 1.664 0.000150952 
9.58 1.668 4.21938e-05 
9.58 1.672 9.76127e-06 
9.58 1.676 1.7714e-06 
9.58 1.68 2.44195e-07 
9.58 1.684 2.63117e-08 
9.58 1.688 2.0446e-09 
9.58 1.692 1.3269e-10 
9.59 1.592 3.543e-10 
9.59 1.596 3.32597e-09 
9.59 1.6 2.49567e-08 
9.59 1.604 1.65034e-07 
9.59 1.608 9.41673e-07 
9.59 1.612 4.76446e-06 
9.59 1.616 1.91387e-05 
9.59 1.62 6.82867e-05 
9.59 1.624 0.000200285 
9.59 1.628 0.00047907 
9.59 1.632 0.000919194 
9.59 1.636 0.0015312 
9.59 1.64 0.00212055 
9.59 1.644 0.00231726 
9.59 1.648 0.00216114 
9.59 1.652 0.0015376 
9.59 1.656 0.000864554 
9.59 1.66 0.000422662 
9.59 1.664 0.000151336 
9.59 1.668 4.35348e-05 
9.59 1.672 1.00116e-05 
9.59 1.676 1.77753e-06 
9.59 1.68 2.5392e-07 
9.59 1.684 2.61128e-08 
9.59 1.688 2.09692e-09 
9.59 1.692 1.26219e-10 
9.6 1.592 3.8592e-10 
9.6 1.596 3.37883e-09 
9.6 1.6 2.65291e-08 
9.6 1.604 1.79022e-07 
9.6 1.608 1.0159e-06 
9.6 1.612 4.96974e-06 
9.6 1.616 2.06597e-05 
9.6 1.62 7.17746e-05 
9.6 1.624 0.000208405 
9.6 1.628 0.000491648 
9.6 1.632 0.000976849 
9.6 1.636 0.00159724 
9.6 1.64 0.00219082 
9.6 1.644 0.00244793 
9.6 1.648 0.00220314 
9.6 1.652 0.00158352 
9.6 1.656 0.000910991 
9.6 1.66 0.000422088 
9.6 1.664 0.000151442 
9.6 1.668 4.50798e-05 
9.6 1.672 9.89233e-06 
9.6 1.676 1.84374e-06 
9.6 1.68 2.51852e-07 
9.6 1.684 2.5816e-08 
9.6 1.688 2.27258e-09 
9.6 1.692 1.24444e-10 
9.61 1.592 4.08338e-10 
9.61 1.596 3.47301e-09 
9.61 1.6 2.86948e-08 
9.61 1.604 1.90341e-07 
9.61 1.608 1.10978e-06 
9.61 1.612 5.28546e-06 
9.61 1.616 2.1976e-05 
9.61 1.62 7.52971e-05 
9.61 1.624 0.000217341 
9.61 1.628 0.000502893 
9.61 1.632 0.00100038 
9.61 1.636 0.00166102 
9.61 1.64 0.00224759 
9.61 1.644 0.0024761 
9.61 1.648 0.00222248 
9.61 1.652 0.0016336 
9.61 1.656 0.000939552 
9.61 1.66 0.000418987 
9.61 1.664 0.000148985 
9.61 1.668 4.34454e-05 
9.61 1.672 1.02016e-05 
9.61 1.676 1.79824e-06 
9.61 1.68 2.52071e-07 
9.61 1.684 2.59608e-08 
9.61 1.688 2.0981e-09 
9.61 1.692 1.2666e-10 
9.62 1.592 4.18029e-10 
9.62 1.596 3.74486e-09 
9.62 1.6 3.02605e-08 
9.62 1.604 2.00918e-07 
9.62 1.608 1.17182e-06 
9.62 1.612 5.34584e-06 
9.62 1.616 2.32007e-05 
9.62 1.62 7.95681e-05 
9.62 1.624 0.000217107 
9.62 1.628 0.000517513 
9.62 1.632 0.00104115 
9.62 1.636 0.00170326 
9.62 1.64 0.00235873 
9.62 1.644 0.00253293 
9.62 1.648 0.0022613 
9.62 1.652 0.00166239 
9.62 1.656 0.000948384 
9.62 1.66 0.000416417 
9.62 1.664 0.000152373 
9.62 1.668 4.4958e-05 
9.62 1.672 1.03222e-05 
9.62 1.676 1.8183e-06 
9.62 1.68 2.41719e-07 
9.62 1.684 2.58439e-08 
9.62 1.688 2.0958e-09 
9.62 1.692 1.20478e-10 
9.63 1.592 4.57162e-10 
9.63 1.596 4.03287e-09 
9.63 1.6 3.18586e-08 
9.63 1.604 2.15845e-07 
9.63 1.608 1.21256e-06 
9.63 1.612 5.91258e-06 
9.63 1.616 2.43862e-05 
9.63 1.62 8.17584e-05 
9.63 1.624 0.00022764 
9.63 1.628 0.000553547 
9.63 1.632 0.00108767 
9.63 1.636 0.00178345 
9.63 1.64 0.00241348 
9.63 1.644 0.00263132 
9.63 1.648 0.00234199 
9.63 1.652 0.00169515 
9.63 1.656 0.0009595 
9.63 1.66 0.000438195 
9.63 1.664 0.000159401 
9.63 1.668 4.59468e-05 
9.63 1.672 1.01474e-05 
9.63 1.676 1.8013e-06 
9.63 1.68 2.42441e-07 
9.63 1.684 2.56475e-08 
9.63 1.688 2.02839e-09 
9.63 1.692 1.253e-10 
9.64 1.592 4.83302e-10 
9.64 1.596 4.41777e-09 
9.64 1.6 3.40105e-08 
9.64 1.604 2.21889e-07 
9.64 1.608 1.30745e-06 
9.64 1.612 6.34346e-06 
9.64 1.616 2.51884e-05 
9.64 1.62 8.37211e-05 
9.64 1.624 0.00023863 
9.64 1.628 0.000566623 
9.64 1.632 0.00111736 
9.64 1.636 0.00184673 
9.64 1.64 0.00245317 
9.64 1.644 0.00268778 
9.64 1.648 0.00241481 
9.64 1.652 0.00167059 
9.64 1.656 0.000947209 
9.64 1.66 0.000433577 
9.64 1.664 0.00016137 
9.64 1.668 4.60999e-05 
9.64 1.672 1.05315e-05 
9.64 1.676 1.81517e-06 
9.64 1.68 2.4568e-07 
9.64 1.684 2.59659e-08 
9.64 1.688 1.97342e-09 
9.64 1.692 1.19658e-10 
9.65 1.592 5.17682e-10 
9.65 1.596 4.71381e-09 
9.65 1.6 3.62219e-08 
9.65 1.604 2.3802e-07 
9.65 1.608 1.36391e-06 
9.65 1.612 6.55141e-06 
9.65 1.616 2.61526e-05 
9.65 1.62 8.82153e-05 
9.65 1.624 0.000243338 
9.65 1.628 0.000569107 
9.65 1.632 0.00117426 
9.65 1.636 0.00189384 
9.65 1.64 0.0024659 
9.65 1.644 0.00277314 
9.65 1.648 0.00239259 
9.65 1.652 0.00167978 
9.65 1.656 0.000959488 
9.65 1.66 0.000438676 
9.65 1.664 0.000158546 
9.65 1.668 4.60957e-05 
9.65 1.672 1.05259e-05 
9.65 1.676 1.82861e-06 
9.65 1.68 2.48717e-07 
9.65 1.684 2.5365e-08 
9.65 1.688 1.99776e-09 
9.65 1.692 1.194e-10 
9.66 1.592 5.40863e-10 
9.66 1.596 5.04993e-09 
9.66 1.6 3.80005e-08 
9.66 1.604 2.52462e-07 
9.66 1.608 1.4342e-06 
9.66 1.612 6.7394e-06 
9.66 1.616 2.73774e-05 
9.66 1.62 8.92994e-05 
9.66 1.624 0.00025604 
9.66 1.628 0.00059798 
9.66 1.632 0.00120316 
9.66 1.636 0.00192005 
9.66 1.64 0.00255121 
9.66 1.644 0.00278652 
9.66 1.648 0.00242984 
9.66 1.652 0.00164949 
9.66 1.656 0.000943465 
9.66 1.66 0.0004358 
9.66 1.664 0.000155463 
9.66 1.668 4.62387e-05 
9.66 1.672 1.02133e-05 
9.66 1.676 1.78323e-06 
9.66 1.68 2.40753e-07 
9.66 1.684 2.42996e-08 
9.66 1.688 1.97388e-09 
9.66 1.692 1.16381e-10 
9.67 1.592 5.70227e-10 
9.67 1.596 5.19845e-09 
9.67 1.6 4.05501e-08 
9.67 1.604 2.65276e-07 
9.67 1.608 1.5119e-06 
9.67 1.612 7.02071e-06 
9.67 1.616 2.75314e-05 
9.67 1.62 9.19448e-05 
9.67 1.624 0.000262909 
9.67 1.628 0.000631141 
9.67 1.632 0.00124136 
9.67 1.636 0.00196715 
9.67 1.64 0.00266012 
9.67 1.644 0.00284663 
9.67 1.648 0.00240456 
9.67 1.652 0.00168865 
9.67 1.656 0.000977531 
9.67 1.66 0.000440109 
9.67 1.664 0.000162619 
9.67 1.668 4.52896e-05 
9.67 1.672 1.01753e-05 
9.67 1.676 1.80336e-06 
9.67 1.68 2.42076e-07 
9.67 1.684 2.43377e-08 
9.67 1.688 1.92185e-09 
9.67 1.692 1.15695e-10 
9.68 1.592 6.21425e-10 
9.68 1.596 5.47749e-09 
9.68 1.6 4.22503e-08 
9.68 1.604 2.7465e-07 
9.68 1.608 1.54079e-06 
9.68 1.612 7.33105e-06 
9.68 1.616 2.84288e-05 
9.68 1.62 9.48715e-05 
9.68 1.624 0.000271128 
9.68 1.628 0.000638359 
9.68 1.632 0.00124916 
9.68 1.636 0.00204802 
9.68 1.64 0.00270365 
9.68 1.644 0.00284696 
9.68 1.648 0.00239439 
9.68 1.652 0.00173133 
9.68 1.656 0.000950698 
9.68 1.66 0.000447856 
9.68 1.664 0.000158373 
9.68 1.668 4.61543e-05 
9.68 1.672 1.0113e-05 
9.68 1.676 1.75013e-06 
9.68 1.68 2.31467e-07 
9.68 1.684 2.42581e-08 
9.68 1.688 1.87309e-09 
9.68 1.692 1.09541e-10 
9.69 1.592 6.57127e-10 
9.69 1.596 5.66325e-09 
9.69 1.6 4.51449e-08 
9.69 1.604 2.92637e-07 
9.69 1.608 1.5776e-06 
9.69 1.612 7.48331e-06 
9.69 1.616 2.95277e-05 
9.69 1.62 9.95788e-05 
9.69 1.624 0.0002788 
9.69 1.628 0.000664652 
9.69 1.632 0.00126416 
9.69 1.636 0.00209995 
9.69 1.64 0.00272437 
9.69 1.644 0.00281793 
9.69 1.648 0.00244867 
9.69 1.652 0.00170996 
9.69 1.656 0.000981627 
9.69 1.66 0.000440415 
9.69 1.664 0.000159151 
9.69 1.668 4.48095e-05 
9.69 1.672 9.86222e-06 
9.69 1.676 1.70169e-06 
9.69 1.68 2.2702e-07 
9.69 1.684 2.32596e-08 
9.69 1.688 1.75636e-09 
9.69 1.692 1.08189e-10 
9.7 1.592 6.9875e-10 
9.7 1.596 6.13688e-09 
9.7 1.6 4.67197e-08 
9.7 1.604 3.04973e-07 
9.7 1.608 1.64849e-06 
9.7 1.612 7.65603e-06 
9.7 1.616 3.06764e-05 
9.7 1.62 0.00010219 
9.7 1.624 0.000287432 
9.7 1.628 0.000679559 
9.7 1.632 0.00134054 
9.7 1.636 0.00214527 
9.7 1.64 0.00269568 
9.7 1.644 0.00287448 
9.7 1.648 0.00249119 
9.7 1.652 0.00173539 
9.7 1.656 0.00099038 
9.7 1.66 0.000442007 
9.7 1.664 0.000159534 
9.7 1.668 4.43728e-05 
9.7 1.672 9.64511e-06 
9.7 1.676 1.63866e-06 
9.7 1.68 2.17239e-07 
9.7 1.684 2.25497e-08 
9.7 1.688 1.77483e-09 
9.7 1.692 1.00854e-10 
9.71 1.592 7.1435e-10 
9.71 1.596 6.48121e-09 
9.71 1.6 4.98001e-08 
9.71 1.604 3.02983e-07 
9.71 1.608 1.6573e-06 
9.71 1.612 8.08175e-06 
9.71 1.616 3.16601e-05 
9.71 1.62 0.000103875 
9.71 1.624 0.000299744 
9.71 1.628 0.000693769 
9.71 1.632 0.00135515 
9.71 1.636 0.00211554 
9.71 1.64 0.00271335 
9.71 1.644 0.00287617 
9.71 1.648 0.00248314 
9.71 1.652 0.0017517 
9.71 1.656 0.000975862 
9.71 1.66 0.00043936 
9.71 1.664 0.000154992 
9.71 1.668 4.2798e-05 
9.71 1.672 9.40379e-06 
9.71 1.676 1.57541e-06 
9.71 1.68 2.08584e-07 
9.71 1.684 2.15372e-08 
9.71 1.688 1.63308e-09 
9.72 1.592 7.30654e-10 
9.72 1.596 6.83051e-09 
9.72 1.6 5.00138e-08 
9.72 1.604 3.08112e-07 
9.72 1.608 1.74824e-06 
9.72 1.612 8.39532e-06 
9.72 1.616 3.17916e-05 
9.72 1.62 0.000108991 
9.72 1.624 0.000311495 
9.72 1.628 0.000702383 
9.72 1.632 0.00136595 
9.72 1.636 0.00208273 
9.72 1.64 0.00273011 
9.72 1.644 0.00288559 
9.72 1.648 0.00248296 
9.72 1.652 0.00175054 
9.72 1.656 0.000977485 
9.72 1.66 0.000438721 
9.72 1.664 0.000154297 
9.72 1.668 4.20257e-05 
9.72 1.672 9.30144e-06 
9.72 1.676 1.54123e-06 
9.72 1.68 2.07016e-07 
9.72 1.684 2.09013e-08 
9.72 1.688 1.61778e-09 
9.73 1.592 8.00679e-10 
9.73 1.596 7.00016e-09 
9.73 1.6 5.11378e-08 
9.73 1.604 3.23059e-07 
9.73 1.608 1.80814e-06 
9.73 1.612 8.42513e-06 
9.73 1.616 3.33283e-05 
9.73 1.62 0.000114587 
9.73 1.624 0.000305783 
9.73 1.628 0.000723649 
9.73 1.632 0.00134498 
9.73 1.636 0.00208764 
9.73 1.64 0.00273259 
9.73 1.644 0.00290407 
9.73 1.648 0.00250248 
9.73 1.652 0.00174912 
9.73 1.656 0.000982981 
9.73 1.66 0.000438281 
9.73 1.664 0.000149287 
9.73 1.668 4.21962e-05 
9.73 1.672 8.98493e-06 
9.73 1.676 1.5187e-06 
9.73 1.68 2.0249e-07 
9.73 1.684 2.09173e-08 
9.73 1.688 1.62603e-09 
9.74 1.592 8.67627e-10 
9.74 1.596 7.17749e-09 
9.74 1.6 5.25637e-08 
9.74 1.604 3.39927e-07 
9.74 1.608 1.88249e-06 
9.74 1.612 8.66102e-06 
9.74 1.616 3.4777e-05 
9.74 1.62 0.000113581 
9.74 1.624 0.000322264 
9.74 1.628 0.000719268 
9.74 1.632 0.00134716 
9.74 1.636 0.00215743 
9.74 1.64 0.00282454 
9.74 1.644 0.00294023 
9.74 1.648 0.00254501 
9.74 1.652 0.00176353 
9.74 1.656 0.000984145 
9.74 1.66 0.00043765 
9.74 1.664 0.000149957 
9.74 1.668 4.14227e-05 
9.74 1.672 9.01659e-06 
9.74 1.676 1.51511e-06 
9.74 1.68 2.00207e-07 
9.74 1.684 2.0246e-08 
9.74 1.688 1.57743e-09 
9.75 1.592 8.90207e-10 
9.75 1.596 7.4233e-09 
9.75 1.6 5.42671e-08 
9.75 1.604 3.56982e-07 
9.75 1.608 1.92174e-06 
9.75 1.612 8.91991e-06 
9.75 1.616 3.54138e-05 
9.75 1.62 0.000118466 
9.75 1.624 0.000328598 
9.75 1.628 0.000724628 
9.75 1.632 0.00141553 
9.75 1.636 0.00224053 
9.75 1.64 0.00286146 
9.75 1.644 0.00300603 
9.75 1.648 0.00259392 
9.75 1.652 0.00180931 
9.75 1.656 0.00100075 
9.75 1.66 0.000427239 
9.75 1.664 0.000147717 
9.75 1.668 4.1367e-05 
9.75 1.672 9.08745e-06 
9.75 1.676 1.50877e-06 
9.75 1.68 1.98555e-07 
9.75 1.684 1.97746e-08 
9.75 1.688 1.56608e-09 
9.76 1.592 8.88133e-10 
9.76 1.596 7.53759e-09 
9.76 1.6 5.68815e-08 
9.76 1.604 3.60758e-07 
9.76 1.608 2.02263e-06 
9.76 1.612 9.29376e-06 
9.76 1.616 3.69876e-05 
9.76 1.62 0.000122472 
9.76 1.624 0.000333125 
9.76 1.628 0.000749525 
9.76 1.632 0.00142789 
9.76 1.636 0.00226249 
9.76 1.64 0.00283456 
9.76 1.644 0.00302336 
9.76 1.648 0.00259384 
9.76 1.652 0.0017422 
9.76 1.656 0.000972729 
9.76 1.66 0.000422167 
9.76 1.664 0.000147304 
9.76 1.668 4.17569e-05 
9.76 1.672 8.83172e-06 
9.76 1.676 1.46793e-06 
9.76 1.68 1.9666e-07 
9.76 1.684 1.9149e-08 
9.76 1.688 1.4981e-09 
9.77 1.592 9.00518e-10 
9.77 1.596 7.86528e-09 
9.77 1.6 5.87737e-08 
9.77 1.604 3.75444e-07 
9.77 1.608 2.10156e-06 
9.77 1.612 9.59727e-06 
9.77 1.616 3.71214e-05 
9.77 1.62 0.000125251 
9.77 1.624 0.000330434 
9.77 1.628 0.000756206 
9.77 1.632 0.00144348 
9.77 1.636 0.00219239 
9.77 1.64 0.00289758 
9.77 1.644 0.00292404 
9.77 1.648 0.00252008 
9.77 1.652 0.00174591 
9.77 1.656 0.000940612 
9.77 1.66 0.000414586 
9.77 1.664 0.000148525 
9.77 1.668 3.92865e-05 
9.77 1.672 8.57743e-06 
9.77 1.676 1.4488e-06 
9.77 1.68 1.89017e-07 
9.77 1.684 1.91671e-08 
9.77 1.688 1.46026e-09 
9.78 1.592 9.6028e-10 
9.78 1.596 8.2744e-09 
9.78 1.6 6.26464e-08 
9.78 1.604 3.92054e-07 
9.78 1.608 2.10835e-06 
9.78 1.612 1.00188e-05 
9.78 1.616 3.78155e-05 
9.78 1.62 0.000123222 
9.78 1.624 0.000328694 
9.78 1.628 0.000758331 
9.78 1.632 0.00140222 
9.78 1.636 0.00223305 
9.78 1.64 0.00285348 
9.78 1.644 0.00304632 
9.78 1.648 0.0025272 
9.78 1.652 0.00174113 
9.78 1.656 0.000920659 
9.78 1.66 0.000417479 
9.78 1.664 0.00014163 
9.78 1.668 3.84987e-05 
9.78 1.672 8.57833e-06 
9.78 1.676 1.43893e-06 
9.78 1.68 1.84353e-07 
9.78 1.684 1.83377e-08 
9.78 1.688 1.37991e-09 
9.79 1.592 9.59527e-10 
9.79 1.596 8.7581e-09 
9.79 1.6 6.4426e-08 
9.79 1.604 4.14916e-07 
9.79 1.608 2.11903e-06 
9.79 1.612 1.01669e-05 
9.79 1.616 3.89591e-05 
9.79 1.62 0.000123488 
9.79 1.624 0.0003312 
9.79 1.628 0.000767649 
9.79 1.632 0.00141603 
9.79 1.636 0.00228063 
9.79 1.64 0.00285119 
9.79 1.644 0.00306018 
9.79 1.648 0.00251733 
9.79 1.652 0.00175461 
9.79 1.656 0.00092908 
9.79 1.66 0.000407834 
9.79 1.664 0.00014086 
9.79 1.668 3.85425e-05 
9.79 1.672 8.53295e-06 
9.79 1.676 1.38782e-06 
9.79 1.68 1.80904e-07 
9.79 1.684 1.78064e-08 
9.79 1.688 1.36445e-09 
9.8 1.588 1.0128e-10 
9.8 1.592 1.03396e-09 
9.8 1.596 8.86905e-09 
9.8 1.6 6.38238e-08 
9.8 1.604 4.19884e-07 
9.8 1.608 2.26142e-06 
9.8 1.612 1.02648e-05 
9.8 1.616 3.89379e-05 
9.8 1.62 0.000123084 
9.8 1.624 0.000345381 
9.8 1.628 0.000778849 
9.8 1.632 0.00148984 
9.8 1.636 0.00226255 
9.8 1.64 0.00298699 
9.8 1.644 0.00308152 
9.8 1.648 0.00260085 
9.8 1.652 0.0016913 
9.8 1.656 0.000919959 
9.8 1.66 0.000399919 
9.8 1.664 0.000140384 
9.8 1.668 3.8141e-05 
9.8 1.672 8.2462e-06 
9.8 1.676 1.35188e-06 
9.8 1.68 1.76556e-07 
9.8 1.684 1.7096e-08 
9.8 1.688 1.30632e-09 
9.81 1.588 1.06916e-10 
9.81 1.592 1.0735e-09 
9.81 1.596 8.96323e-09 
9.81 1.6 6.59276e-08 
9.81 1.604 4.26197e-07 
9.81 1.608 2.31475e-06 
9.81 1.612 1.03159e-05 
9.81 1.616 3.93455e-05 
9.81 1.62 0.000126865 
9.81 1.624 0.000351762 
9.81 1.628 0.000797878 
9.81 1.632 0.00146654 
9.81 1.636 0.00237422 
9.81 1.64 0.0028594 
9.81 1.644 0.00313506 
9.81 1.648 0.00249309 
9.81 1.652 0.00168439 
9.81 1.656 0.000901244 
9.81 1.66 0.000402815 
9.81 1.664 0.000138489 
9.81 1.668 3.7535e-05 
9.81 1.672 7.88556e-06 
9.81 1.676 1.36978e-06 
9.81 1.68 1.75748e-07 
9.81 1.684 1.70291e-08 
9.81 1.688 1.24381e-09 
9.82 1.588 1.08253e-10 
9.82 1.592 1.09954e-09 
9.82 1.596 9.39719e-09 
9.82 1.6 6.79892e-08 
9.82 1.604 4.44831e-07 
9.82 1.608 2.34354e-06 
9.82 1.612 1.04822e-05 
9.82 1.616 3.95134e-05 
9.82 1.62 0.000130957 
9.82 1.624 0.000346504 
9.82 1.628 0.000792265 
9.82 1.632 0.00145138 
9.82 1.636 0.00228249 
9.82 1.64 0.00292676 
9.82 1.644 0.00294671 
9.82 1.648 0.00240113 
9.82 1.652 0.00165357 
9.82 1.656 0.000893193 
9.82 1.66 0.000389388 
9.82 1.664 0.00013555 
9.82 1.668 3.69477e-05 
9.82 1.672 8.05538e-06 
9.82 1.676 1.29628e-06 
9.82 1.68 1.63912e-07 
9.82 1.684 1.64187e-08 
9.82 1.688 1.17912e-09 
9.83 1.588 1.10823e-10 
9.83 1.592 1.17173e-09 
9.83 1.596 9.46317e-09 
9.83 1.6 7.00054e-08 
9.83 1.604 4.5412e-07 
9.83 1.608 2.42522e-06 
9.83 1.612 1.05317e-05 
9.83 1.616 3.93191e-05 
9.83 1.62 0.000126614 
9.83 1.624 0.000348527 
9.83 1.628 0.000776158 
9.83 1.632 0.00144734 
9.83 1.636 0.00226789 
9.83 1.64 0.00284632 
9.83 1.644 0.00286604 
9.83 1.648 0.00239731 
9.83 1.652 0.00159808 
9.83 1.656 0.00088922 
9.83 1.66 0.000380245 
9.83 1.664 0.000131049 
9.83 1.668 3.56336e-05 
9.83 1.672 7.68715e-06 
9.83 1.676 1.24196e-06 
9.83 1.68 1.57429e-07 
9.83 1.684 1.494e-08 
9.83 1.688 1.12711e-09 
9.84 1.588 1.17278e-10 
9.84 1.592 1.15474e-09 
9.84 1.596 9.96605e-09 
9.84 1.6 7.68493e-08 
9.84 1.604 4.53758e-07 
9.84 1.608 2.32381e-06 
9.84 1.612 1.04654e-05 
9.84 1.616 4.07516e-05 
9.84 1.62 0.000128332 
9.84 1.624 0.000340344 
9.84 1.628 0.000788788 
9.84 1.632 0.00143692 
9.84 1.636 0.00226634 
9.84 1.64 0.0028026 
9.84 1.644 0.0027888 
9.84 1.648 0.00234264 
9.84 1.652 0.0015805 
9.84 1.656 0.000864615 
9.84 1.66 0.000372346 
9.84 1.664 0.000126387 
9.84 1.668 3.48713e-05 
9.84 1.672 7.37927e-06 
9.84 1.676 1.21877e-06 
9.84 1.68 1.50588e-07 
9.84 1.684 1.46771e-08 
9.84 1.688 1.12691e-09 
9.85 1.588 1.23335e-10 
9.85 1.592 1.16268e-09 
9.85 1.596 1.0365e-08 
9.85 1.6 7.70239e-08 
9.85 1.604 4.49021e-07 
9.85 1.608 2.35473e-06 
9.85 1.612 1.03298e-05 
9.85 1.616 4.11071e-05 
9.85 1.62 0.000129851 
9.85 1.624 0.00035925 
9.85 1.628 0.000779939 
9.85 1.632 0.00143857 
9.85 1.636 0.00225145 
9.85 1.64 0.0027934 
9.85 1.644 0.00276315 
9.85 1.648 0.00231171 
9.85 1.652 0.00155465 
9.85 1.656 0.000845637 
9.85 1.66 0.000371263 
9.85 1.664 0.000122956 
9.85 1.668 3.40367e-05 
9.85 1.672 7.34363e-06 
9.85 1.676 1.16037e-06 
9.85 1.68 1.42479e-07 
9.85 1.684 1.40124e-08 
9.85 1.688 1.04572e-09 
9.86 1.588 1.21352e-10 
9.86 1.592 1.25698e-09 
9.86 1.596 1.06616e-08 
9.86 1.6 7.34233e-08 
9.86 1.604 4.61475e-07 
9.86 1.608 2.4671e-06 
9.86 1.612 1.10508e-05 
9.86 1.616 4.07446e-05 
9.86 1.62 0.000132975 
9.86 1.624 0.000357648 
9.86 1.628 0.000794134 
9.86 1.632 0.00148558 
9.86 1.636 0.00218387 
9.86 1.64 0.00273651 
9.86 1.644 0.00273673 
9.86 1.648 0.00229784 
9.86 1.652 0.00153646 
9.86 1.656 0.000846557 
9.86 1.66 0.000352377 
9.86 1.664 0.00011811 
9.86 1.668 3.24091e-05 
9.86 1.672 6.6747e-06 
9.86 1.676 1.12086e-06 
9.86 1.68 1.41317e-07 
9.86 1.684 1.33084e-08 
9.86 1.688 9.76992e-10 
9.87 1.588 1.29002e-10 
9.87 1.592 1.25575e-09 
9.87 1.596 1.08536e-08 
9.87 1.6 7.51447e-08 
9.87 1.604 4.73516e-07 
9.87 1.608 2.42928e-06 
9.87 1.612 1.12216e-05 
9.87 1.616 4.19156e-05 
9.87 1.62 0.000136231 
9.87 1.624 0.000358865 
9.87 1.628 0.00080803 
9.87 1.632 0.00146069 
9.87 1.636 0.00216715 
9.87 1.64 0.0027088 
9.87 1.644 0.00274302 
9.87 1.648 0.0022978 
9.87 1.652 0.00149185 
9.87 1.656 0.000817242 
9.87 1.66 0.000341923 
9.87 1.664 0.000117046 
9.87 1.668 2.98901e-05 
9.87 1.672 6.28371e-06 
9.87 1.676 1.05844e-06 
9.87 1.68 1.32782e-07 
9.87 1.684 1.23496e-08 
9.87 1.688 9.14985e-10 
9.88 1.588 1.33356e-10 
9.88 1.592 1.31502e-09 
9.88 1.596 1.07163e-08 
9.88 1.6 7.4703e-08 
9.88 1.604 4.78487e-07 
9.88 1.608 2.49436e-06 
9.88 1.612 1.11437e-05 
9.88 1.616 4.22949e-05 
9.88 1.62 0.000136065 
9.88 1.624 0.000356869 
9.88 1.628 0.000797088 
9.88 1.632 0.00141802 
9.88 1.636 0.00220722 
9.88 1.64 0.0026581 
9.88 1.644 0.00267679 
9.88 1.648 0.00223793 
9.88 1.652 0.00145228 
9.88 1.656 0.00079055 
9.88 1.66 0.000333157 
9.88 1.664 0.000108751 
9.88 1.668 2.90628e-05 
9.88 1.672 6.03546e-06 
9.88 1.676 1.00739e-06 
9.88 1.68 1.25503e-07 
9.88 1.684 1.2565e-08 
9.88 1.688 9.36071e-10 
9.89 1.588 1.35982e-10 
9.89 1.592 1.33314e-09 
9.89 1.596 1.07601e-08 
9.89 1.6 7.63007e-08 
9.89 1.604 4.75896e-07 
9.89 1.608 2.47328e-06 
9.89 1.612 1.1307e-05 
9.89 1.616 4.23164e-05 
9.89 1.62 0.000136214 
9.89 1.624 0.000362502 
9.89 1.628 0.000777065 
9.89 1.632 0.00145136 
9.89 1.636 0.00213645 
9.89 1.64 0.00262482 
9.89 1.644 0.00268343 
9.89 1.648 0.00220246 
9.89 1.652 0.00145122 
9.89 1.656 0.000780838 
9.89 1.66 0.000326376 
9.89 1.664 0.000104825 
9.89 1.668 2.82291e-05 
9.89 1.672 5.98721e-06 
9.89 1.676 9.47813e-07 
9.89 1.68 1.21991e-07 
9.89 1.684 1.23492e-08 
9.89 1.688 9.19984e-10 
9.9 1.588 1.38022e-10 
9.9 1.592 1.36478e-09 
9.9 1.596 1.07221e-08 
9.9 1.6 7.81871e-08 
9.9 1.604 4.76569e-07 
9.9 1.608 2.49489e-06 
9.9 1.612 1.13026e-05 
9.9 1.616 4.26016e-05 
9.9 1.62 0.000131744 
9.9 1.624 0.000356924 
9.9 1.628 0.000750263 
9.9 1.632 0.00138227 
9.9 1.636 0.00204025 
9.9 1.64 0.00254274 
9.9 1.644 0.00257188 
9.9 1.648 0.00210213 
9.9 1.652 0.00136964 
9.9 1.656 0.000753472 
9.9 1.66 0.000306124 
9.9 1.664 0.000103396 
9.9 1.668 2.76068e-05 
9.9 1.672 5.72599e-06 
9.9 1.676 9.48529e-07 
9.9 1.68 1.23203e-07 
9.9 1.684 1.12997e-08 
9.9 1.688 8.59094e-10 
9.91 1.588 1.42569e-10 
9.91 1.592 1.34791e-09 
9.91 1.596 1.11176e-08 
9.91 1.6 8.0848e-08 
9.91 1.604 4.86795e-07 
9.91 1.608 2.57035e-06 
9.91 1.612 1.11338e-05 
9.91 1.616 4.2673e-05 
9.91 1.62 0.000135058 
9.91 1.624 0.000352392 
9.91 1.628 0.000713731 
9.91 1.632 0.00137678 
9.91 1.636 0.00198891 
9.91 1.64 0.00243453 
9.91 1.644 0.00247734 
9.91 1.648 0.00208971 
9.91 1.652 0.00133201 
9.91 1.656 0.000712881 
9.91 1.66 0.000303738 
9.91 1.664 0.000102936 
9.91 1.668 2.71367e-05 
9.91 1.672 5.61027e-06 
9.91 1.676 9.04787e-07 
9.91 1.68 1.17303e-07 
9.91 1.684 1.12779e-08 
9.91 1.688 8.19252e-10 
9.92 1.588 1.38463e-10 
9.92 1.592 1.38436e-09 
9.92 1.596 1.12804e-08 
9.92 1.6 8.10974e-08 
9.92 1.604 5.09514e-07 
9.92 1.608 2.66766e-06 
9.92 1.612 1.17286e-05 
9.92 1.616 4.43014e-05 
9.92 1.62 0.000135487 
9.92 1.624 0.000337697 
9.92 1.628 0.000707751 
9.92 1.632 0.00130371 
9.92 1.636 0.00194146 
9.92 1.64 0.00239852 
9.92 1.644 0.00243348 
9.92 1.648 0.00195303 
9.92 1.652 0.00129887 
9.92 1.656 0.000705591 
9.92 1.66 0.000290798 
9.92 1.664 0.000100552 
9.92 1.668 2.6578e-05 
9.92 1.672 5.56727e-06 
9.92 1.676 9.07306e-07 
9.92 1.68 1.11362e-07 
9.92 1.684 1.0865e-08 
9.92 1.688 7.74988e-10 
9.93 1.588 1.48691e-10 
9.93 1.592 1.38732e-09 
9.93 1.596 1.15293e-08 
9.93 1.6 8.0817e-08 
9.93 1.604 5.09092e-07 
9.93 1.608 2.67895e-06 
9.93 1.612 1.17817e-05 
9.93 1.616 4.39272e-05 
9.93 1.62 0.000129594 
9.93 1.624 0.000329941 
9.93 1.628 0.000704688 
9.93 1.632 0.00130155 
9.93 1.636 0.00191056 
9.93 1.64 0.00239172 
9.93 1.644 0.00233293 
9.93 1.648 0.00199213 
9.93 1.652 0.00129249 
9.93 1.656 0.00069637 
9.93 1.66 0.000289365 
9.93 1.664 9.85192e-05 
9.93 1.668 2.54714e-05 
9.93 1.672 5.32145e-06 
9.93 1.676 8.51266e-07 
9.93 1.68 1.09025e-07 
9.93 1.684 1.04023e-08 
9.93 1.688 6.86151e-10 
9.94 1.588 1.54429e-10 
9.94 1.592 1.41763e-09 
9.94 1.596 1.19525e-08 
9.94 1.6 8.27323e-08 
9.94 1.604 4.91022e-07 
9.94 1.608 2.67371e-06 
9.94 1.612 1.15149e-05 
9.94 1.616 4.19395e-05 
9.94 1.62 0.000124123 
9.94 1.624 0.000325593 
9.94 1.628 0.000705741 
9.94 1.632 0.00128029 
9.94 1.636 0.00194022 
9.94 1.64 0.00240286 
9.94 1.644 0.00234179 
9.94 1.648 0.00193256 
9.94 1.652 0.00128253 
9.94 1.656 0.000682278 
9.94 1.66 0.000279852 
9.94 1.664 9.18132e-05 
9.94 1.668 2.40676e-05 
9.94 1.672 5.05689e-06 
9.94 1.676 8.15396e-07 
9.94 1.68 9.94697e-08 
9.94 1.684 9.23932e-09 
9.94 1.688 6.60912e-10 
9.95 1.588 1.54441e-10 
9.95 1.592 1.4432e-09 
9.95 1.596 1.17067e-08 
9.95 1.6 8.32184e-08 
9.95 1.604 5.02093e-07 
9.95 1.608 2.51176e-06 
9.95 1.612 1.10142e-05 
9.95 1.616 3.94364e-05 
9.95 1.62 0.000123025 
9.95 1.624 0.000323793 
9.95 1.628 0.000694344 
9.95 1.632 0.00129102 
9.95 1.636 0.00191664 
9.95 1.64 0.00233317 
9.95 1.644 0.00235532 
9.95 1.648 0.00192061 
9.95 1.652 0.00125026 
9.95 1.656 0.000643203 
9.95 1.66 0.000263455 
9.95 1.664 8.84222e-05 
9.95 1.668 2.32266e-05 
9.95 1.672 4.64215e-06 
9.95 1.676 7.51981e-07 
9.95 1.68 9.04917e-08 
9.95 1.684 8.31059e-09 
9.95 1.688 6.21314e-10 
9.96 1.588 1.56221e-10 
9.96 1.592 1.44379e-09 
9.96 1.596 1.17253e-08 
9.96 1.6 8.17776e-08 
9.96 1.604 4.89267e-07 
9.96 1.608 2.46479e-06 
9.96 1.612 1.07554e-05 
9.96 1.616 3.95076e-05 
9.96 1.62 0.000122942 
9.96 1.624 0.000320798 
9.96 1.628 0.000696381 
9.96 1.632 0.00129368 
9.96 1.636 0.00188088 
9.96 1.64 0.00231463 
9.96 1.644 0.00232696 
9.96 1.648 0.00184083 
9.96 1.652 0.00119443 
9.96 1.656 0.000609535 
9.96 1.66 0.000255401 
9.96 1.664 8.39471e-05 
9.96 1.668 2.14507e-05 
9.96 1.672 4.40905e-06 
9.96 1.676 7.04081e-07 
9.96 1.68 8.59919e-08 
9.96 1.684 8.15168e-09 
9.96 1.688 5.74482e-10 
9.97 1.588 1.54174e-10 
9.97 1.592 1.46016e-09 
9.97 1.596 1.19199e-08 
9.97 1.6 8.2585e-08 
9.97 1.604 4.80031e-07 
9.97 1.608 2.40122e-06 
9.97 1.612 1.06143e-05 
9.97 1.616 3.90466e-05 
9.97 1.62 0.000121757 
9.97 1.624 0.000314845 
9.97 1.628 0.000685331 
9.97 1.632 0.00124065 
9.97 1.636 0.00187061 
9.97 1.64 0.00227177 
9.97 1.644 0.00231693 
9.97 1.648 0.00180157 
9.97 1.652 0.0011341 
9.97 1.656 0.000605924 
9.97 1.66 0.000245237 
9.97 1.664 8.42829e-05 
9.97 1.668 2.06704e-05 
9.97 1.672 4.24459e-06 
9.97 1.676 6.81992e-07 
9.97 1.68 8.2783e-08 
9.97 1.684 7.77555e-09 
9.97 1.688 5.77234e-10 
9.98 1.588 1.56033e-10 
9.98 1.592 1.43744e-09 
9.98 1.596 1.20129e-08 
9.98 1.6 8.08939e-08 
9.98 1.604 4.52617e-07 
9.98 1.608 2.45139e-06 
9.98 1.612 1.04806e-05 
9.98 1.616 3.95985e-05 
9.98 1.62 0.000122278 
9.98 1.624 0.000314292 
9.98 1.628 0.000682131 
9.98 1.632 0.00125572 
9.98 1.636 0.00183004 
9.98 1.64 0.00228593 
9.98 1.644 0.00224738 
9.98 1.648 0.00173479 
9.98 1.652 0.00114839 
9.98 1.656 0.000599391 
9.98 1.66 0.000245083 
9.98 1.664 8.11141e-05 
9.98 1.668 1.99649e-05 
9.98 1.672 4.20224e-06 
9.98 1.676 6.44043e-07 
9.98 1.68 7.96942e-08 
9.98 1.684 7.55265e-09 
9.98 1.688 5.23676e-10 
9.99 1.588 1.63828e-10 
9.99 1.592 1.46677e-09 
9.99 1.596 1.19611e-08 
9.99 1.6 7.92849e-08 
9.99 1.604 4.82812e-07 
9.99 1.608 2.49908e-06 
9.99 1.612 1.0734e-05 
9.99 1.616 3.9525e-05 
9.99 1.62 0.000119227 
9.99 1.624 0.000308714 
9.99 1.628 0.00068315 
9.99 1.632 0.00122474 
9.99 1.636 0.00181567 
9.99 1.64 0.00221542 
9.99 1.644 0.00219034 
9.99 1.648 0.00174053 
9.99 1.652 0.00113298 
9.99 1.656 0.000590654 
9.99 1.66 0.000242388 
9.99 1.664 7.9407e-05 
9.99 1.668 2.01136e-05 
9.99 1.672 4.02741e-06 
9.99 1.676 6.4211e-07 
9.99 1.68 7.61078e-08 
9.99 1.684 7.48158e-09 
9.99 1.688 5.14262e-10 
10 1.588 1.52767e-10 
10 1.592 1.52101e-09 
10 1.596 1.18575e-08 
10 1.6 7.84108e-08 
10 1.604 4.78352e-07 
10 1.608 2.53722e-06 
10 1.612 1.07811e-05 
10 1.616 3.85771e-05 
10 1.62 0.000119361 
10 1.624 0.000306863 
10 1.628 0.000677197 
10 1.632 0.00121776 
10 1.636 0.00175123 
10 1.64 0.00217796 
10 1.644 0.0021498 
10 1.648 0.0017241 
10 1.652 0.00114006 
10 1.656 0.000587441 
10 1.66 0.000242807 
10 1.664 7.85197e-05 
10 1.668 1.99683e-05 
10 1.672 4.01545e-06 
10 1.676 6.17123e-07 
10 1.68 7.86302e-08 
10 1.684 7.0381e-09 
10 1.688 4.99157e-10 
10.01 1.588 1.58633e-10 
10.01 1.592 1.40897e-09 
10.01 1.596 1.14539e-08 
10.01 1.6 8.28454e-08 
10.01 1.604 4.96949e-07 
10.01 1.608 2.49206e-06 
10.01 1.612 1.07817e-05 
10.01 1.616 3.94999e-05 
10.01 1.62 0.000118812 
10.01 1.624 0.000314752 
10.01 1.628 0.000663331 
10.01 1.632 0.00117658 
10.01 1.636 0.00176421 
10.01 1.64 0.00210484 
10.01 1.644 0.00207762 
10.01 1.648 0.00171109 
10.01 1.652 0.0010968 
10.01 1.656 0.000576894 
10.01 1.66 0.000238811 
10.01 1.664 7.83617e-05 
10.01 1.668 1.94629e-05 
10.01 1.672 3.89778e-06 
10.01 1.676 5.93779e-07 
10.01 1.68 6.98994e-08 
10.01 1.684 6.50931e-09 
10.01 1.688 4.53072e-10 
10.02 1.588 1.46601e-10 
10.02 1.592 1.53628e-09 
10.02 1.596 1.19161e-08 
10.02 1.6 8.04517e-08 
10.02 1.604 4.99898e-07 
10.02 1.608 2.55433e-06 
10.02 1.612 1.06169e-05 
10.02 1.616 3.93336e-05 
10.02 1.62 0.000121745 
10.02 1.624 0.000308148 
10.02 1.628 0.000659763 
10.02 1.632 0.00115375 
10.02 1.636 0.00170596 
10.02 1.64 0.00208019 
10.02 1.644 0.00203496 
10.02 1.648 0.00161971 
10.02 1.652 0.00105139 
10.02 1.656 0.000541268 
10.02 1.66 0.000227991 
10.02 1.664 7.29453e-05 
10.02 1.668 1.76441e-05 
10.02 1.672 3.22979e-06 
10.02 1.676 4.97389e-07 
10.02 1.68 5.98243e-08 
10.02 1.684 5.37252e-09 
10.02 1.688 4.04946e-10 
10.03 1.588 1.58335e-10 
10.03 1.592 1.40097e-09 
10.03 1.596 1.19e-08 
10.03 1.6 8.60045e-08 
10.03 1.604 4.89353e-07 
10.03 1.608 2.37919e-06 
10.03 1.612 1.1135e-05 
10.03 1.616 3.95719e-05 
10.03 1.62 0.000122037 
10.03 1.624 0.000318028 
10.03 1.628 0.000646218 
10.03 1.632 0.0011358 
10.03 1.636 0.00170502 
10.03 1.64 0.00206737 
10.03 1.644 0.00198193 
10.03 1.648 0.00160976 
10.03 1.652 0.00102135 
10.03 1.656 0.000536771 
10.03 1.66 0.000220794 
10.03 1.664 6.88702e-05 
10.03 1.668 1.59286e-05 
10.03 1.672 3.00982e-06 
10.03 1.676 4.43229e-07 
10.03 1.68 5.33579e-08 
10.03 1.684 5.13596e-09 
10.03 1.688 3.64397e-10 
10.04 1.588 1.6311e-10 
10.04 1.592 1.54314e-09 
10.04 1.596 1.15414e-08 
10.04 1.6 8.25987e-08 
10.04 1.604 5.15512e-07 
10.04 1.608 2.50636e-06 
10.04 1.612 1.09121e-05 
10.04 1.616 4.06182e-05 
10.04 1.62 0.000122738 
10.04 1.624 0.000301669 
10.04 1.628 0.000641029 
10.04 1.632 0.00116884 
10.04 1.636 0.00167611 
10.04 1.64 0.00200513 
10.04 1.644 0.00199879 
10.04 1.648 0.00156235 
10.04 1.652 0.00100234 
10.04 1.656 0.000529469 
10.04 1.66 0.000213401 
10.04 1.664 6.46225e-05 
10.04 1.668 1.50133e-05 
10.04 1.672 2.83315e-06 
10.04 1.676 4.163e-07 
10.04 1.68 5.19283e-08 
10.04 1.684 4.75411e-09 
10.04 1.688 3.4965e-10 
10.05 1.588 1.56815e-10 
10.05 1.592 1.47575e-09 
10.05 1.596 1.2104e-08 
10.05 1.6 8.25261e-08 
10.05 1.604 4.82452e-07 
10.05 1.608 2.48392e-06 
10.05 1.612 1.09989e-05 
10.05 1.616 3.88854e-05 
10.05 1.62 0.000115944 
10.05 1.624 0.000301941 
10.05 1.628 0.000647494 
10.05 1.632 0.00113481 
10.05 1.636 0.00166491 
10.05 1.64 0.00200399 
10.05 1.644 0.00190147 
10.05 1.648 0.00152699 
10.05 1.652 0.000990825 
10.05 1.656 0.000504731 
10.05 1.66 0.000203939 
10.05 1.664 6.31929e-05 
10.05 1.668 1.43512e-05 
10.05 1.672 2.64411e-06 
10.05 1.676 4.01266e-07 
10.05 1.68 5.10389e-08 
10.05 1.684 4.61044e-09 
10.05 1.688 3.20337e-10 
10.06 1.588 1.63481e-10 
10.06 1.592 1.42336e-09 
10.06 1.596 1.15792e-08 
10.06 1.6 8.25635e-08 
10.06 1.604 4.92532e-07 
10.06 1.608 2.44284e-06 
10.06 1.612 1.04047e-05 
10.06 1.616 3.88561e-05 
10.06 1.62 0.000117734 
10.06 1.624 0.000294614 
10.06 1.628 0.000627476 
10.06 1.632 0.00115028 
10.06 1.636 0.00164477 
10.06 1.64 0.00187939 
10.06 1.644 0.0018472 
10.06 1.648 0.00148161 
10.06 1.652 0.000949781 
10.06 1.656 0.000490254 
10.06 1.66 0.000199543 
10.06 1.664 6.10303e-05 
10.06 1.668 1.33663e-05 
10.06 1.672 2.56015e-06 
10.06 1.676 4.09227e-07 
10.06 1.68 4.78331e-08 
10.06 1.684 4.57976e-09 
10.06 1.688 3.21629e-10 
10.07 1.588 1.61073e-10 
10.07 1.592 1.4426e-09 
10.07 1.596 1.17395e-08 
10.07 1.6 7.94104e-08 
10.07 1.604 4.81626e-07 
10.07 1.608 2.47161e-06 
10.07 1.612 1.05952e-05 
10.07 1.616 3.75689e-05 
10.07 1.62 0.000114307 
10.07 1.624 0.000299382 
10.07 1.628 0.000633661 
10.07 1.632 0.00110835 
10.07 1.636 0.00153888 
10.07 1.64 0.00182663 
10.07 1.644 0.00177755 
10.07 1.648 0.00141633 
10.07 1.652 0.000892909 
10.07 1.656 0.00046178 
10.07 1.66 0.000187974 
10.07 1.664 5.67742e-05 
10.07 1.668 1.30927e-05 
10.07 1.672 2.47339e-06 
10.07 1.676 3.90064e-07 
10.07 1.68 4.62568e-08 
10.07 1.684 4.40017e-09 
10.07 1.688 3.16457e-10 
10.08 1.588 1.53151e-10 
10.08 1.592 1.51963e-09 
10.08 1.596 1.18428e-08 
10.08 1.6 8.26329e-08 
10.08 1.604 4.73243e-07 
10.08 1.608 2.38816e-06 
10.08 1.612 1.04777e-05 
10.08 1.616 3.79291e-05 
10.08 1.62 0.000115411 
10.08 1.624 0.000294472 
10.08 1.628 0.000594095 
10.08 1.632 0.00096365 
10.08 1.636 0.00129807 
10.08 1.64 0.00150328 
10.08 1.644 0.00143758 
10.08 1.648 0.00117237 
10.08 1.652 0.000729649 
10.08 1.656 0.000365528 
10.08 1.66 0.000146156 
10.08 1.664 4.79436e-05 
10.08 1.668 1.16474e-05 
10.08 1.672 2.42025e-06 
10.08 1.676 3.66217e-07 
10.08 1.68 4.46282e-08 
10.08 1.684 4.39754e-09 
10.08 1.688 3.00189e-10 
10.09 1.588 1.56398e-10 
10.09 1.592 1.45209e-09 
10.09 1.596 1.20929e-08 
10.09 1.6 8.16718e-08 
10.09 1.604 4.72007e-07 
10.09 1.608 2.40472e-06 
10.09 1.612 1.04648e-05 
10.09 1.616 3.73032e-05 
10.09 1.62 0.000110533 
10.09 1.624 0.000285434 
10.09 1.628 0.000576264 
10.09 1.632 0.000914735 
10.09 1.636 0.00124875 
10.09 1.64 0.00147051 
10.09 1.644 0.00144702 
10.09 1.648 0.00109982 
10.09 1.652 0.000701879 
10.09 1.656 0.000362983 
10.09 1.66 0.000144948 
10.09 1.664 4.56501e-05 
10.09 1.668 1.13413e-05 
10.09 1.672 2.28405e-06 
10.09 1.676 3.70105e-07 
10.09 1.68 4.39173e-08 
10.09 1.684 4.11925e-09 
10.09 1.688 2.91627e-10 
10.1 1.588 1.62454e-10 
10.1 1.592 1.49339e-09 
10.1 1.596 1.19299e-08 
10.1 1.6 8.23539e-08 
10.1 1.604 4.75153e-07 
10.1 1.608 2.35627e-06 
10.1 1.612 1.03593e-05 
10.1 1.616 3.72382e-05 
10.1 1.62 0.000109571 
10.1 1.624 0.000275043 
10.1 1.628 0.000541931 
10.1 1.632 0.000902276 
10.1 1.636 0.00122379 
10.1 1.64 0.00145105 
10.1 1.644 0.00139913 
10.1 1.648 0.00110455 
10.1 1.652 0.000702343 
10.1 1.656 0.000355131 
10.1 1.66 0.000144184 
10.1 1.664 4.59205e-05 
10.1 1.668 1.13544e-05 
10.1 1.672 2.26602e-06 
10.1 1.676 3.41115e-07 
10.1 1.68 4.40293e-08 
10.1 1.684 3.92127e-09 
10.1 1.688 2.97098e-10 
10.11 1.588 1.66185e-10 
10.11 1.592 1.49154e-09 
10.11 1.596 1.18322e-08 
10.11 1.6 8.42656e-08 
10.11 1.604 4.85902e-07 
10.11 1.608 2.31825e-06 
10.11 1.612 9.90473e-06 
10.11 1.616 3.65433e-05 
10.11 1.62 0.000109167 
10.11 1.624 0.000265365 
10.11 1.628 0.000533045 
10.11 1.632 0.000862216 
10.11 1.636 0.00123454 
10.11 1.64 0.00143912 
10.11 1.644 0.00138729 
10.11 1.648 0.00111961 
10.11 1.652 0.00069979 
10.11 1.656 0.000359408 
10.11 1.66 0.000143307 
10.11 1.664 4.83163e-05 
10.11 1.668 1.1094e-05 
10.11 1.672 2.21764e-06 
10.11 1.676 3.46213e-07 
10.11 1.68 4.03401e-08 
10.11 1.684 3.91106e-09 
10.11 1.688 2.743e-10 
10.12 1.588 1.5863e-10 
10.12 1.592 1.46306e-09 
10.12 1.596 1.14515e-08 
10.12 1.6 8.3589e-08 
10.12 1.604 4.81186e-07 
10.12 1.608 2.3386e-06 
10.12 1.612 9.83083e-06 
10.12 1.616 3.4504e-05 
10.12 1.62 0.000108537 
10.12 1.624 0.000261212 
10.12 1.628 0.000506525 
10.12 1.632 0.000838321 
10.12 1.636 0.00123024 
10.12 1.64 0.00144358 
10.12 1.644 0.00139651 
10.12 1.648 0.00110098 
10.12 1.652 0.000693539 
10.12 1.656 0.000360754 
10.12 1.66 0.000148762 
10.12 1.664 4.62974e-05 
10.12 1.668 1.0827e-05 
10.12 1.672 2.08275e-06 
10.12 1.676 3.27217e-07 
10.12 1.68 3.96997e-08 
10.12 1.684 3.65002e-09 
10.12 1.688 2.53959e-10 
10.13 1.588 1.64662e-10 
10.13 1.592 1.41432e-09 
10.13 1.596 1.0741e-08 
10.13 1.6 7.30807e-08 
10.13 1.604 4.63939e-07 
10.13 1.608 2.16701e-06 
10.13 1.612 8.9551e-06 
10.13 1.616 3.20974e-05 
10.13 1.62 9.55411e-05 
10.13 1.624 0.000239555 
10.13 1.628 0.000487096 
10.13 1.632 0.000855666 
10.13 1.636 0.001225 
10.13 1.64 0.00146215 
10.13 1.644 0.0013967 
10.13 1.648 0.00109094 
10.13 1.652 0.000696746 
10.13 1.656 0.000351801 
10.13 1.66 0.000143234 
10.13 1.664 4.34279e-05 
10.13 1.668 9.95403e-06 
10.13 1.672 2.06225e-06 
10.13 1.676 3.05266e-07 
10.13 1.68 3.78446e-08 
10.13 1.684 3.37752e-09 
10.13 1.688 2.41505e-10 
10.14 1.588 1.63266e-10 
10.14 1.592 1.42675e-09 
10.14 1.596 1.05516e-08 
10.14 1.6 7.13463e-08 
10.14 1.604 4.15925e-07 
10.14 1.608 2.18004e-06 
10.14 1.612 9.0058e-06 
10.14 1.616 3.13858e-05 
10.14 1.62 9.35582e-05 
10.14 1.624 0.000232261 
10.14 1.628 0.000480259 
10.14 1.632 0.000826386 
10.14 1.636 0.00117062 
10.14 1.64 0.00138875 
10.14 1.644 0.00132168 
10.14 1.648 0.00106931 
10.14 1.652 0.000650913 
10.14 1.656 0.000334164 
10.14 1.66 0.000128669 
10.14 1.664 4.14767e-05 
10.14 1.668 9.81474e-06 
10.14 1.672 1.8939e-06 
10.14 1.676 2.96138e-07 
10.14 1.68 3.54891e-08 
10.14 1.684 3.11109e-09 
10.14 1.688 2.2332e-10 
