#logage logm JPDF
9.37 0.19297 1.31192e-10 
9.38 0.18497 1.0623e-10 
9.38 0.18697 1.37071e-10 
9.38 0.18897 1.69349e-10 
9.38 0.19097 1.85914e-10 
9.38 0.19297 3.01643e-10 
9.38 0.19497 2.11417e-10 
9.38 0.19697 1.81477e-10 
9.38 0.19897 1.39411e-10 
9.38 0.20097 1.01887e-10 
9.39 0.18097 2.02352e-10 
9.39 0.18297 2.64995e-10 
9.39 0.18497 3.62912e-10 
9.39 0.18697 4.35822e-10 
9.39 0.18897 4.6824e-10 
9.39 0.19097 4.67414e-10 
9.39 0.19297 7.62583e-10 
9.39 0.19497 3.97252e-10 
9.39 0.19697 3.06608e-10 
9.39 0.19897 2.16406e-10 
9.39 0.20097 1.57187e-10 
9.4 0.17697 1.7632e-10 
9.4 0.17897 4.85491e-10 
9.4 0.18097 7.0088e-10 
9.4 0.18297 9.04188e-10 
9.4 0.18497 1.06473e-09 
9.4 0.18697 1.11278e-09 
9.4 0.18897 1.70802e-09 
9.4 0.19097 1.14527e-09 
9.4 0.19297 8.5023e-10 
9.4 0.19497 6.14342e-10 
9.4 0.19697 4.40988e-10 
9.4 0.19897 3.16107e-10 
9.4 0.20097 1.34214e-10 
9.41 0.17497 8.45984e-10 
9.41 0.17697 1.26987e-09 
9.41 0.17897 1.70323e-09 
9.41 0.18097 2.16212e-09 
9.41 0.18297 2.54835e-09 
9.41 0.18497 2.55179e-09 
9.41 0.18697 4.01123e-09 
9.41 0.18897 2.36898e-09 
9.41 0.19097 1.72198e-09 
9.41 0.19297 1.22372e-09 
9.41 0.19497 8.2888e-10 
9.41 0.19697 6.04524e-10 
9.41 0.19897 2.19097e-10 
9.41 0.20097 1.19997e-10 
9.42 0.17097 7.40974e-10 
9.42 0.17297 2.05813e-09 
9.42 0.17497 3.06459e-09 
9.42 0.17697 4.04981e-09 
9.42 0.17897 4.86304e-09 
9.42 0.18097 5.57889e-09 
9.42 0.18297 8.69808e-09 
9.42 0.18497 5.77853e-09 
9.42 0.18697 4.81644e-09 
9.42 0.18897 3.39841e-09 
9.42 0.19097 2.44347e-09 
9.42 0.19297 1.64711e-09 
9.42 0.19497 9.7126e-10 
9.42 0.19697 6.19471e-10 
9.42 0.19897 2.22745e-10 
9.42 0.20097 1.04628e-10 
9.43 0.16897 3.30962e-09 
9.43 0.17097 5.0022e-09 
9.43 0.17297 7.25012e-09 
9.43 0.17497 9.24183e-09 
9.43 0.17697 1.09902e-08 
9.43 0.17897 1.21574e-08 
9.43 0.18097 1.81156e-08 
9.43 0.18297 1.105e-08 
9.43 0.18497 9.26403e-09 
9.43 0.18697 6.49413e-09 
9.43 0.18897 4.87369e-09 
9.43 0.19097 2.97486e-09 
9.43 0.19297 1.80861e-09 
9.43 0.19497 1.189e-09 
9.43 0.19697 5.02632e-10 
9.43 0.19897 1.80062e-10 
9.44 0.16497 2.6077e-09 
9.44 0.16697 7.62367e-09 
9.44 0.16897 1.20874e-08 
9.44 0.17097 1.64688e-08 
9.44 0.17297 2.03696e-08 
9.44 0.17497 2.2819e-08 
9.44 0.17697 3.78433e-08 
9.44 0.17897 2.69764e-08 
9.44 0.18097 2.0716e-08 
9.44 0.18297 1.68897e-08 
9.44 0.18497 1.26372e-08 
9.44 0.18697 8.60684e-09 
9.44 0.18897 5.35226e-09 
9.44 0.19097 3.55467e-09 
9.44 0.19297 2.02269e-09 
9.44 0.19497 6.77463e-10 
9.44 0.19697 2.98664e-10 
9.44 0.19897 1.50818e-10 
9.45 0.16297 1.11647e-08 
9.45 0.16497 1.78642e-08 
9.45 0.16697 2.62187e-08 
9.45 0.16897 3.62328e-08 
9.45 0.17097 4.35463e-08 
9.45 0.17297 4.91506e-08 
9.45 0.17497 7.84449e-08 
9.45 0.17697 5.39336e-08 
9.45 0.17897 4.17382e-08 
9.45 0.18097 3.18757e-08 
9.45 0.18297 2.21966e-08 
9.45 0.18497 1.5446e-08 
9.45 0.18697 9.60689e-09 
9.45 0.18897 5.12945e-09 
9.45 0.19097 3.33795e-09 
9.45 0.19297 1.17296e-09 
9.45 0.19497 5.92163e-10 
9.45 0.19697 2.60461e-10 
9.46 0.15897 8.55667e-09 
9.46 0.16097 2.65049e-08 
9.46 0.16297 4.1058e-08 
9.46 0.16497 5.78142e-08 
9.46 0.16697 7.18645e-08 
9.46 0.16897 9.24555e-08 
9.46 0.17097 1.48176e-07 
9.46 0.17297 1.14519e-07 
9.46 0.17497 9.79781e-08 
9.46 0.17697 7.57782e-08 
9.46 0.17897 5.55896e-08 
9.46 0.18097 3.91678e-08 
9.46 0.18297 2.75255e-08 
9.46 0.18497 1.55492e-08 
9.46 0.18697 9.20268e-09 
9.46 0.18897 5.39156e-09 
9.46 0.19097 2.08974e-09 
9.46 0.19297 1.17757e-09 
9.46 0.19497 2.65723e-10 
9.46 0.19697 1.24323e-10 
9.47 0.15697 3.52945e-08 
9.47 0.15897 5.88756e-08 
9.47 0.16097 8.78185e-08 
9.47 0.16297 1.21809e-07 
9.47 0.16497 1.51359e-07 
9.47 0.16697 1.74345e-07 
9.47 0.16897 1.8829e-07 
9.47 0.17097 2.18744e-07 
9.47 0.17297 1.87524e-07 
9.47 0.17497 2.00778e-07 
9.47 0.17697 1.03517e-07 
9.47 0.17897 6.77637e-08 
9.47 0.18097 4.56338e-08 
9.47 0.18297 2.69144e-08 
9.47 0.18497 1.47797e-08 
9.47 0.18697 8.91048e-09 
9.47 0.18897 3.98084e-09 
9.47 0.19097 1.24867e-09 
9.47 0.19297 4.27424e-10 
9.47 0.19497 2.1671e-10 
9.48 0.15297 2.593e-08 
9.48 0.15497 8.10839e-08 
9.48 0.15697 1.27562e-07 
9.48 0.15897 1.81913e-07 
9.48 0.16097 2.44519e-07 
9.48 0.16297 2.99492e-07 
9.48 0.16497 3.29249e-07 
9.48 0.16697 4.04439e-07 
9.48 0.16897 3.70804e-07 
9.48 0.17097 3.3089e-07 
9.48 0.17297 2.56679e-07 
9.48 0.17497 2.58285e-07 
9.48 0.17697 1.20598e-07 
9.48 0.17897 7.81091e-08 
9.48 0.18097 4.48405e-08 
9.48 0.18297 2.80464e-08 
9.48 0.18497 1.20661e-08 
9.48 0.18697 4.36019e-09 
9.48 0.18897 1.90342e-09 
9.48 0.19097 8.73609e-10 
9.48 0.19297 2.26603e-10 
9.49 0.15097 1.07011e-07 
9.49 0.15297 1.72013e-07 
9.49 0.15497 2.68641e-07 
9.49 0.15697 3.78445e-07 
9.49 0.15897 4.8756e-07 
9.49 0.16097 5.7293e-07 
9.49 0.16297 7.24436e-07 
9.49 0.16497 7.52608e-07 
9.49 0.16697 6.71615e-07 
9.49 0.16897 5.18601e-07 
9.49 0.17097 4.45428e-07 
9.49 0.17297 4.00855e-07 
9.49 0.17497 2.57454e-07 
9.49 0.17697 1.17146e-07 
9.49 0.17897 6.47746e-08 
9.49 0.18097 3.31526e-08 
9.49 0.18297 1.8404e-08 
9.49 0.18497 6.67332e-09 
9.49 0.18697 3.44632e-09 
9.49 0.18897 8.68423e-10 
9.49 0.19097 2.3794e-10 
9.5 0.14697 7.41262e-08 
9.5 0.14897 2.28611e-07 
9.5 0.15097 3.67278e-07 
9.5 0.15297 5.54718e-07 
9.5 0.15497 7.14807e-07 
9.5 0.15697 4.95886e-07 
9.5 0.15897 9.99108e-07 
9.5 0.16097 1.84978e-06 
9.5 0.16297 1.24916e-06 
9.5 0.16497 1.12408e-06 
9.5 0.16697 9.13871e-07 
9.5 0.16897 7.32706e-07 
9.5 0.17097 5.33922e-07 
9.5 0.17297 4.25563e-07 
9.5 0.17497 1.7429e-07 
9.5 0.17697 9.83581e-08 
9.5 0.17897 5.22895e-08 
9.5 0.18097 2.59397e-08 
9.5 0.18297 9.92029e-09 
9.5 0.18497 5.34189e-09 
9.5 0.18697 9.24942e-10 
9.5 0.18897 1.09223e-10 
9.51 0.14497 2.78962e-07 
9.51 0.14697 4.71774e-07 
9.51 0.14897 7.48933e-07 
9.51 0.15097 9.30209e-07 
9.51 0.15297 9.11633e-07 
9.51 0.15497 1.47514e-06 
9.51 0.15697 2.97286e-06 
9.51 0.15897 2.29463e-06 
9.51 0.16097 2.13154e-06 
9.51 0.16297 1.90389e-06 
9.51 0.16497 1.51104e-06 
9.51 0.16697 1.12875e-06 
9.51 0.16897 7.90529e-07 
9.51 0.17097 6.53362e-07 
9.51 0.17297 2.61512e-07 
9.51 0.17497 1.4841e-07 
9.51 0.17697 7.50869e-08 
9.51 0.17897 3.6695e-08 
9.51 0.18097 1.75347e-08 
9.51 0.18297 5.84445e-09 
9.51 0.18497 8.80257e-10 
9.52 0.14097 2.00153e-07 
9.52 0.14297 5.55194e-07 
9.52 0.14497 9.60459e-07 
9.52 0.14697 1.1949e-06 
9.52 0.14897 1.3169e-06 
9.52 0.15097 2.40154e-06 
9.52 0.15297 2.90612e-06 
9.52 0.15497 5.1389e-06 
9.52 0.15697 3.94845e-06 
9.52 0.15897 3.58099e-06 
9.52 0.16097 2.99154e-06 
9.52 0.16297 2.40141e-06 
9.52 0.16497 1.71935e-06 
9.52 0.16697 1.22933e-06 
9.52 0.16897 7.92766e-07 
9.52 0.17097 5.28606e-07 
9.52 0.17297 2.14858e-07 
9.52 0.17497 1.29011e-07 
9.52 0.17697 4.16819e-08 
9.52 0.17897 1.96891e-08 
9.52 0.18097 3.27051e-09 
9.52 0.18297 7.53474e-10 
9.53 0.13697 1.65326e-08 
9.53 0.13897 6.86076e-07 
9.53 0.14097 1.20194e-06 
9.53 0.14297 1.61278e-06 
9.53 0.14497 1.58022e-06 
9.53 0.14697 3.26021e-06 
9.53 0.14897 4.25377e-06 
9.53 0.15097 8.46535e-06 
9.53 0.15297 5.76119e-06 
9.53 0.15497 6.07802e-06 
9.53 0.15697 5.59501e-06 
9.53 0.15897 4.69712e-06 
9.53 0.16097 3.7949e-06 
9.53 0.16297 2.62513e-06 
9.53 0.16497 1.77259e-06 
9.53 0.16697 1.3427e-06 
9.53 0.16897 6.66851e-07 
9.53 0.17097 2.55728e-07 
9.53 0.17297 1.20643e-07 
9.53 0.17497 6.90881e-08 
9.53 0.17697 1.86839e-08 
9.53 0.17897 2.43168e-09 
9.53 0.18097 5.24884e-10 
9.54 0.13497 4.67092e-07 
9.54 0.13697 1.37791e-06 
9.54 0.13897 2.27031e-06 
9.54 0.14097 1.98112e-06 
9.54 0.14297 4.0991e-06 
9.54 0.14497 5.9258e-06 
9.54 0.14697 8.36303e-06 
9.54 0.14897 1.37671e-05 
9.54 0.15097 1.06102e-05 
9.54 0.15297 9.8395e-06 
9.54 0.15497 8.67231e-06 
9.54 0.15697 7.02132e-06 
9.54 0.15897 5.17195e-06 
9.54 0.16097 3.59406e-06 
9.54 0.16297 2.25016e-06 
9.54 0.16497 1.34821e-06 
9.54 0.16697 8.49345e-07 
9.54 0.16897 2.99436e-07 
9.54 0.17097 1.45789e-07 
9.54 0.17297 9.49032e-08 
9.54 0.17497 1.74421e-08 
9.54 0.17697 2.12847e-09 
9.54 0.17897 1.56361e-10 
9.55 0.13097 1.07897e-07 
9.55 0.13297 1.46692e-06 
9.55 0.13497 2.68954e-06 
9.55 0.13697 2.31316e-06 
9.55 0.13897 5.55147e-06 
9.55 0.14097 8.14235e-06 
9.55 0.14297 9.63655e-06 
9.55 0.14497 2.04926e-05 
9.55 0.14697 1.62316e-05 
9.55 0.14897 1.67007e-05 
9.55 0.15097 1.03774e-05 
9.55 0.15297 1.43907e-05 
9.55 0.15497 1.37173e-05 
9.55 0.15697 7.44735e-06 
9.55 0.15897 4.93837e-06 
9.55 0.16097 3.09602e-06 
9.55 0.16297 1.80921e-06 
9.55 0.16497 1.04233e-06 
9.55 0.16697 4.77156e-07 
9.55 0.16897 1.84841e-07 
9.55 0.17097 5.50452e-08 
9.55 0.17297 1.22706e-08 
9.55 0.17497 1.3263e-09 
9.55 0.17697 1.16551e-10 
9.56 0.12697 5.76494e-08 
9.56 0.12897 1.07253e-06 
9.56 0.13097 3.22667e-06 
9.56 0.13297 2.70869e-06 
9.56 0.13497 6.47804e-06 
9.56 0.13697 1.0187e-05 
9.56 0.13897 1.39027e-05 
9.56 0.14097 1.7861e-05 
9.56 0.14297 3.30005e-05 
9.56 0.14497 1.65836e-05 
9.56 0.14697 2.57972e-05 
9.56 0.14897 2.39234e-05 
9.56 0.15097 2.00334e-05 
9.56 0.15297 1.62665e-05 
9.56 0.15497 1.44814e-05 
9.56 0.15697 6.78685e-06 
9.56 0.15897 4.22332e-06 
9.56 0.16097 2.31905e-06 
9.56 0.16297 1.43127e-06 
9.56 0.16497 5.10277e-07 
9.56 0.16697 2.69272e-07 
9.56 0.16897 4.86659e-08 
9.56 0.17097 8.90339e-09 
9.56 0.17297 8.80213e-10 
9.57 0.12497 2.16724e-07 
9.57 0.12697 3.21253e-06 
9.57 0.12897 4.55947e-06 
9.57 0.13097 6.835e-06 
9.57 0.13297 1.15092e-05 
9.57 0.13497 1.79158e-05 
9.57 0.13697 2.75218e-05 
9.57 0.13897 4.46212e-05 
9.57 0.14097 1.92609e-05 
9.57 0.14297 3.92925e-05 
9.57 0.14497 3.8078e-05 
9.57 0.14697 3.3608e-05 
9.57 0.14897 2.74924e-05 
9.57 0.15097 2.06396e-05 
9.57 0.15297 1.4724e-05 
9.57 0.15497 1.21068e-05 
9.57 0.15697 6.14747e-06 
9.57 0.15897 2.53118e-06 
9.57 0.16097 1.22719e-06 
9.57 0.16297 6.84035e-07 
9.57 0.16497 2.16158e-07 
9.57 0.16697 3.1034e-08 
9.57 0.16897 5.95844e-09 
9.57 0.17097 5.1696e-10 
9.58 0.12097 3.30562e-07 
9.58 0.12297 1.92513e-06 
9.58 0.12497 6.25576e-06 
9.58 0.12697 5.74852e-06 
9.58 0.12897 1.45404e-05 
9.58 0.13097 1.92732e-05 
9.58 0.13297 3.1457e-05 
9.58 0.13497 4.69548e-05 
9.58 0.13697 5.18201e-05 
9.58 0.13897 5.77007e-05 
9.58 0.14097 5.71572e-05 
9.58 0.14297 4.5956e-05 
9.58 0.14497 4.77061e-05 
9.58 0.14697 3.83993e-05 
9.58 0.14897 2.85769e-05 
9.58 0.15097 2.23006e-05 
9.58 0.15297 1.24292e-05 
9.58 0.15497 6.1111e-06 
9.58 0.15697 2.85416e-06 
9.58 0.15897 1.42389e-06 
9.58 0.16097 9.15215e-07 
9.58 0.16297 1.58915e-07 
9.58 0.16497 1.93029e-08 
9.58 0.16697 3.4556e-09 
9.58 0.16897 2.31594e-10 
9.59 0.11697 1.86725e-07 
9.59 0.11897 6.9611e-07 
9.59 0.12097 5.8053e-06 
9.59 0.12297 5.94783e-06 
9.59 0.12497 1.62113e-05 
9.59 0.12697 2.56797e-05 
9.59 0.12897 3.8326e-05 
9.59 0.13097 5.2882e-05 
9.59 0.13297 6.90931e-05 
9.59 0.13497 8.25344e-05 
9.59 0.13697 8.63115e-05 
9.59 0.13897 8.34299e-05 
9.59 0.14097 7.54268e-05 
9.59 0.14297 6.22646e-05 
9.59 0.14497 4.87104e-05 
9.59 0.14697 3.42337e-05 
9.59 0.14897 2.27204e-05 
9.59 0.15097 1.37893e-05 
9.59 0.15297 9.01168e-06 
9.59 0.15497 3.20431e-06 
9.59 0.15697 1.88574e-06 
9.59 0.15897 8.22516e-07 
9.59 0.16097 1.31063e-07 
9.59 0.16297 1.60291e-08 
9.59 0.16497 9.41526e-10 
9.59 0.16697 1.08895e-10 
9.6 0.11497 6.53643e-07 
9.6 0.11697 4.39422e-06 
9.6 0.11897 6.96089e-06 
9.6 0.12097 1.48523e-05 
9.6 0.12297 2.8554e-05 
9.6 0.12497 4.48579e-05 
9.6 0.12697 6.37266e-05 
9.6 0.12897 8.24452e-05 
9.6 0.13097 0.000105108 
9.6 0.13297 0.000122309 
9.6 0.13497 0.000127216 
9.6 0.13697 0.000119004 
9.6 0.13897 0.000104461 
9.6 0.14097 8.37522e-05 
9.6 0.14297 6.19671e-05 
9.6 0.14497 4.26848e-05 
9.6 0.14697 2.72152e-05 
9.6 0.14897 1.57402e-05 
9.6 0.15097 9.77616e-06 
9.6 0.15297 4.44349e-06 
9.6 0.15497 1.86691e-06 
9.6 0.15697 5.61887e-07 
9.6 0.15897 7.57329e-08 
9.6 0.16097 7.97011e-09 
9.6 0.16297 4.25703e-10 
9.61 0.11097 3.00269e-07 
9.61 0.11297 1.13626e-06 
9.61 0.11497 6.93674e-06 
9.61 0.11697 1.83322e-05 
9.61 0.11897 3.21868e-05 
9.61 0.12097 4.27264e-05 
9.61 0.12297 7.42094e-05 
9.61 0.12497 0.000104326 
9.61 0.12697 0.000131768 
9.61 0.12897 0.00015562 
9.61 0.13097 0.000165833 
9.61 0.13297 0.000165439 
9.61 0.13497 0.000154844 
9.61 0.13697 0.000132521 
9.61 0.13897 0.000110066 
9.61 0.14097 7.97294e-05 
9.61 0.14297 5.26692e-05 
9.61 0.14497 3.23009e-05 
9.61 0.14697 1.85856e-05 
9.61 0.14897 1.00085e-05 
9.61 0.15097 6.39503e-06 
9.61 0.15297 1.60749e-06 
9.61 0.15497 4.51208e-07 
9.61 0.15697 5.3634e-08 
9.61 0.15897 3.11379e-09 
9.61 0.16097 1.79556e-10 
9.62 0.10697 3.94819e-07 
9.62 0.10897 1.54411e-06 
9.62 0.11097 1.55654e-06 
9.62 0.11297 1.66836e-05 
9.62 0.11497 3.26532e-05 
9.62 0.11697 5.63508e-05 
9.62 0.11897 7.18471e-05 
9.62 0.12097 0.000143042 
9.62 0.12297 0.000175462 
9.62 0.12497 0.000173834 
9.62 0.12697 0.000231227 
9.62 0.12897 0.000241128 
9.62 0.13097 0.000230077 
9.62 0.13297 0.000204376 
9.62 0.13497 0.000167694 
9.62 0.13697 0.000129141 
9.62 0.13897 9.27033e-05 
9.62 0.14097 5.99146e-05 
9.62 0.14297 3.80596e-05 
9.62 0.14497 2.05701e-05 
9.62 0.14697 1.23381e-05 
9.62 0.14897 5.88878e-06 
9.62 0.15097 1.43374e-06 
9.62 0.15297 2.64303e-07 
9.62 0.15497 2.57953e-08 
9.62 0.15697 1.26373e-09 
9.63 0.10497 1.36163e-06 
9.63 0.10697 3.04233e-06 
9.63 0.10897 9.33753e-06 
9.63 0.11097 2.93274e-05 
9.63 0.11297 5.43073e-05 
9.63 0.11497 9.0248e-05 
9.63 0.11697 0.000140537 
9.63 0.11897 0.000205118 
9.63 0.12097 0.000260572 
9.63 0.12297 0.000316306 
9.63 0.12497 0.000340449 
9.63 0.12697 0.000312983 
9.63 0.12897 0.000189666 
9.63 0.13097 0.000285407 
9.63 0.13297 0.000238802 
9.63 0.13497 0.000180766 
9.63 0.13697 0.000147049 
9.63 0.13897 6.98272e-05 
9.63 0.14097 4.18056e-05 
9.63 0.14297 2.22718e-05 
9.63 0.14497 1.46893e-05 
9.63 0.14697 5.08505e-06 
9.63 0.14897 1.09626e-06 
9.63 0.15097 1.3555e-07 
9.63 0.15297 1.08024e-08 
9.63 0.15497 4.58522e-10 
9.64 0.10097 7.13944e-07 
9.64 0.10297 2.76113e-06 
9.64 0.10497 5.94573e-06 
9.64 0.10697 3.1921e-05 
9.64 0.10897 4.60772e-05 
9.64 0.11097 9.03889e-05 
9.64 0.11297 0.000147173 
9.64 0.11497 0.000220122 
9.64 0.11697 0.000296237 
9.64 0.11897 0.000361269 
9.64 0.12097 0.000404478 
9.64 0.12297 0.00028524 
9.64 0.12497 0.000438954 
9.64 0.12697 0.000429285 
9.64 0.12897 0.00036092 
9.64 0.13097 0.000279243 
9.64 0.13297 0.000200061 
9.64 0.13497 0.00013217 
9.64 0.13697 9.52477e-05 
9.64 0.13897 3.70681e-05 
9.64 0.14097 1.82381e-05 
9.64 0.14297 1.10701e-05 
9.64 0.14497 4.01354e-06 
9.64 0.14697 6.16142e-07 
9.64 0.14897 6.2021e-08 
9.64 0.15097 4.48716e-09 
9.64 0.15297 1.25742e-10 
9.65 0.09697 9.16582e-07 
9.65 0.09897 1.42894e-06 
9.65 0.10097 5.35347e-06 
9.65 0.10297 2.15379e-05 
9.65 0.10497 5.63731e-05 
9.65 0.10697 0.000101313 
9.65 0.10897 0.000129059 
9.65 0.11097 0.00023438 
9.65 0.11297 0.000341655 
9.65 0.11497 0.000434798 
9.65 0.11697 0.000499699 
9.65 0.11897 0.000371682 
9.65 0.12097 0.000551807 
9.65 0.12297 0.000526518 
9.65 0.12497 0.00051957 
9.65 0.12697 0.000433349 
9.65 0.12897 0.00032988 
9.65 0.13097 0.000229258 
9.65 0.13297 0.00014762 
9.65 0.13497 9.35233e-05 
9.65 0.13697 4.83326e-05 
9.65 0.13897 2.10427e-05 
9.65 0.14097 9.4168e-06 
9.65 0.14297 2.25676e-06 
9.65 0.14497 2.7902e-07 
9.65 0.14697 2.42182e-08 
9.65 0.14897 4.98882e-10 
9.66 0.09497 2.44949e-06 
9.66 0.09697 6.34218e-06 
9.66 0.09897 1.3454e-05 
9.66 0.10097 3.97241e-05 
9.66 0.10297 9.20478e-05 
9.66 0.10497 0.000158218 
9.66 0.10697 0.000251169 
9.66 0.10897 0.000379814 
9.66 0.11097 0.000472446 
9.66 0.11297 0.000517214 
9.66 0.11497 0.000488689 
9.66 0.11697 0.000722113 
9.66 0.11897 0.000719819 
9.66 0.12097 0.000663434 
9.66 0.12297 0.000564157 
9.66 0.12497 0.000446799 
9.66 0.12697 0.00032626 
9.66 0.12897 0.000233372 
9.66 0.13097 0.00014742 
9.66 0.13297 8.33571e-05 
9.66 0.13497 6.01996e-05 
9.66 0.13697 1.76309e-05 
9.66 0.13897 6.6831e-06 
9.66 0.14097 1.71285e-06 
9.66 0.14297 1.93017e-07 
9.66 0.14497 1.03549e-08 
9.67 0.09097 1.18952e-06 
9.67 0.09297 4.55521e-06 
9.67 0.09497 1.05376e-05 
9.67 0.09697 3.71333e-05 
9.67 0.09897 9.07744e-05 
9.67 0.10097 0.000120421 
9.67 0.10297 0.000250614 
9.67 0.10497 0.000393079 
9.67 0.10697 0.000559837 
9.67 0.10897 0.000512703 
9.67 0.11097 0.000773747 
9.67 0.11297 0.000915158 
9.67 0.11497 0.000943478 
9.67 0.11697 0.000743535 
9.67 0.11897 0.000798261 
9.67 0.12097 0.00067621 
9.67 0.12297 0.000523562 
9.67 0.12497 0.00037405 
9.67 0.12697 0.000246237 
9.67 0.12897 0.000146542 
9.67 0.13097 8.51532e-05 
9.67 0.13297 5.74468e-05 
9.67 0.13497 1.29302e-05 
9.67 0.13697 5.58116e-06 
9.67 0.13897 7.93858e-07 
9.67 0.14097 7.04706e-08 
9.67 0.14297 6.91625e-10 
9.68 0.08697 1.3986e-06 
9.68 0.08897 5.58405e-06 
9.68 0.09097 5.18226e-06 
9.68 0.09297 1.8404e-05 
9.68 0.09497 8.12932e-05 
9.68 0.09697 0.000150631 
9.68 0.09897 0.000252631 
9.68 0.10097 0.000288543 
9.68 0.10297 0.000509781 
9.68 0.10497 0.000585534 
9.68 0.10697 0.000894691 
9.68 0.10897 0.00106174 
9.68 0.11097 0.00114112 
9.68 0.11297 0.00115876 
9.68 0.11497 0.0010983 
9.68 0.11697 0.000947147 
9.68 0.11897 0.000761347 
9.68 0.12097 0.000533109 
9.68 0.12297 0.000335738 
9.68 0.12497 0.000255517 
9.68 0.12697 0.00015158 
9.68 0.12897 9.22515e-05 
9.68 0.13097 3.73061e-05 
9.68 0.13297 1.66132e-05 
9.68 0.13497 2.66409e-06 
9.68 0.13697 2.93259e-07 
9.68 0.13897 1.30328e-08 
9.69 0.08497 4.30165e-06 
9.69 0.08697 1.02074e-05 
9.69 0.08897 1.46336e-05 
9.69 0.09097 4.58705e-05 
9.69 0.09297 0.000127703 
9.69 0.09497 0.000228581 
9.69 0.09697 0.000367568 
9.69 0.09897 0.000277006 
9.69 0.10097 0.000706115 
9.69 0.10297 0.000960038 
9.69 0.10497 0.00121872 
9.69 0.10697 0.00139065 
9.69 0.10897 0.00145497 
9.69 0.11097 0.00140265 
9.69 0.11297 0.00126161 
9.69 0.11497 0.00108233 
9.69 0.11697 0.000852445 
9.69 0.11897 0.000598018 
9.69 0.12097 0.000325567 
9.69 0.12297 0.000265858 
9.69 0.12497 0.000168073 
9.69 0.12697 6.9516e-05 
9.69 0.12897 2.64468e-05 
9.69 0.13097 1.3735e-05 
9.69 0.13297 2.00585e-06 
9.69 0.13497 1.96654e-07 
9.69 0.13697 1.89539e-09 
9.7 0.08097 1.98544e-06 
9.7 0.08297 7.86052e-06 
9.7 0.08497 1.78025e-05 
9.7 0.08697 3.7177e-05 
9.7 0.08897 8.77944e-05 
9.7 0.09097 0.00020281 
9.7 0.09297 0.000248761 
9.7 0.09497 0.000506279 
9.7 0.09697 0.000772943 
9.7 0.09897 0.000770009 
9.7 0.10097 0.00125564 
9.7 0.10297 0.00161631 
9.7 0.10497 0.00177002 
9.7 0.10697 0.00179578 
9.7 0.10897 0.00166016 
9.7 0.11097 0.00130055 
9.7 0.11297 0.00112696 
9.7 0.11497 0.000967861 
9.7 0.11697 0.000800449 
9.7 0.11897 0.000428242 
9.7 0.12097 0.000192452 
9.7 0.12297 0.000165541 
9.7 0.12497 5.08512e-05 
9.7 0.12697 2.36389e-05 
9.7 0.12897 6.89324e-06 
9.7 0.13097 8.58428e-07 
9.7 0.13297 4.21262e-08 
9.71 0.07697 2.2058e-06 
9.71 0.07897 3.59786e-06 
9.71 0.08097 1.38362e-05 
9.71 0.08297 3.04086e-05 
9.71 0.08497 8.70926e-05 
9.71 0.08697 0.000115242 
9.71 0.08897 0.000239991 
9.71 0.09097 0.000460446 
9.71 0.09297 0.000750323 
9.71 0.09497 0.00107363 
9.71 0.09697 0.00141612 
9.71 0.09897 0.00174748 
9.71 0.10097 0.00199024 
9.71 0.10297 0.00173924 
9.71 0.10497 0.00143815 
9.71 0.10697 0.00206884 
9.71 0.10897 0.00168427 
9.71 0.11097 0.0012816 
9.71 0.11297 0.000960965 
9.71 0.11497 0.000650946 
9.71 0.11697 0.000472024 
9.71 0.11897 0.000239187 
9.71 0.12097 0.000107215 
9.71 0.12297 3.78648e-05 
9.71 0.12497 2.17453e-05 
9.71 0.12697 3.14473e-06 
9.71 0.12897 4.45149e-07 
9.71 0.13097 1.0203e-08 
9.72 0.07497 6.52712e-06 
9.72 0.07697 6.23975e-06 
9.72 0.07897 2.32275e-05 
9.72 0.08097 4.93901e-05 
9.72 0.08297 0.000126762 
9.72 0.08497 0.00016732 
9.72 0.08697 0.000406763 
9.72 0.08897 0.000677203 
9.72 0.09097 0.00104093 
9.72 0.09297 0.00144963 
9.72 0.09497 0.001408 
9.72 0.09697 0.00267374 
9.72 0.09897 0.0018411 
9.72 0.10097 0.00241386 
9.72 0.10297 0.00217223 
9.72 0.10497 0.00193739 
9.72 0.10697 0.0013865 
9.72 0.10897 0.00141231 
9.72 0.11097 0.000998705 
9.72 0.11297 0.000671434 
9.72 0.11497 0.000414991 
9.72 0.11697 0.00028252 
9.72 0.11897 6.33869e-05 
9.72 0.12097 2.82006e-05 
9.72 0.12297 1.56168e-05 
9.72 0.12497 2.15691e-06 
9.72 0.12697 1.4235e-07 
9.73 0.07097 2.80237e-06 
9.73 0.07297 1.13154e-05 
9.73 0.07497 1.04506e-05 
9.73 0.07697 3.81526e-05 
9.73 0.07897 7.89079e-05 
9.73 0.08097 0.000224201 
9.73 0.08297 0.00025461 
9.73 0.08497 0.000582226 
9.73 0.08697 0.000927985 
9.73 0.08897 0.00118927 
9.73 0.09097 0.00164508 
9.73 0.09297 0.00264996 
9.73 0.09497 0.0022688 
9.73 0.09697 0.00272969 
9.73 0.09897 0.00267317 
9.73 0.10097 0.00252778 
9.73 0.10297 0.00221454 
9.73 0.10497 0.00175576 
9.73 0.10697 0.00107163 
9.73 0.10897 0.000990174 
9.73 0.11097 0.00064994 
9.73 0.11297 0.000401696 
9.73 0.11497 0.000186884 
9.73 0.11697 7.36737e-05 
9.73 0.11897 2.64017e-05 
9.73 0.12097 7.33708e-06 
9.73 0.12297 7.94222e-07 
9.73 0.12497 8.32682e-09 
9.74 0.06897 7.23988e-06 
9.74 0.07097 1.87282e-05 
9.74 0.07297 1.7419e-05 
9.74 0.07497 6.14224e-05 
9.74 0.07697 0.000157724 
9.74 0.07897 0.000340009 
9.74 0.08097 0.000377942 
9.74 0.08297 0.000809878 
9.74 0.08497 0.000932547 
9.74 0.08697 0.00165027 
9.74 0.08897 0.00226918 
9.74 0.09097 0.00279965 
9.74 0.09297 0.00305149 
9.74 0.09497 0.00317689 
9.74 0.09697 0.00316501 
9.74 0.09897 0.00286871 
9.74 0.10097 0.00236574 
9.74 0.10297 0.00183253 
9.74 0.10497 0.00107305 
9.74 0.10697 0.000951155 
9.74 0.10897 0.000644868 
9.74 0.11097 0.000283952 
9.74 0.11297 0.000130979 
9.74 0.11497 7.0819e-05 
9.74 0.11697 2.20349e-05 
9.74 0.11897 3.65637e-06 
9.74 0.12097 4.17176e-07 
9.75 0.06497 2.45493e-06 
9.75 0.06697 1.05771e-05 
9.75 0.06897 3.14327e-05 
9.75 0.07097 4.61237e-05 
9.75 0.07297 7.84692e-05 
9.75 0.07497 0.000277721 
9.75 0.07697 0.000503237 
9.75 0.07897 0.000716327 
9.75 0.08097 0.00104281 
9.75 0.08297 0.00173815 
9.75 0.08497 0.00235518 
9.75 0.08697 0.00266788 
9.75 0.08897 0.00300807 
9.75 0.09097 0.00316299 
9.75 0.09297 0.00381607 
9.75 0.09497 0.00356596 
9.75 0.09697 0.0031234 
9.75 0.09897 0.00249062 
9.75 0.10097 0.0018513 
9.75 0.10297 0.00104178 
9.75 0.10497 0.000880242 
9.75 0.10697 0.000583601 
9.75 0.10897 0.000201622 
9.75 0.11097 9.55406e-05 
9.75 0.11297 5.62067e-05 
9.75 0.11497 1.68379e-05 
9.75 0.11697 2.01736e-06 
9.75 0.11897 4.34014e-08 
9.76 0.06097 2.61586e-06 
9.76 0.06297 4.18847e-06 
9.76 0.06497 1.73502e-05 
9.76 0.06697 4.29839e-05 
9.76 0.06897 9.46087e-05 
9.76 0.07097 0.000125058 
9.76 0.07297 0.000407541 
9.76 0.07497 0.000565542 
9.76 0.07697 0.000993966 
9.76 0.07897 0.00148026 
9.76 0.08097 0.00199714 
9.76 0.08297 0.00277469 
9.76 0.08497 0.00343896 
9.76 0.08697 0.00401835 
9.76 0.08897 0.00390435 
9.76 0.09097 0.00382362 
9.76 0.09297 0.0021794 
9.76 0.09497 0.00302892 
9.76 0.09697 0.00248094 
9.76 0.09897 0.00187777 
9.76 0.10097 0.00130223 
9.76 0.10297 0.000905349 
9.76 0.10497 0.000394979 
9.76 0.10697 0.000154437 
9.76 0.10897 6.78496e-05 
9.76 0.11097 4.43242e-05 
9.76 0.11297 6.88438e-06 
9.76 0.11497 4.37847e-07 
9.77 0.05897 7.34843e-06 
9.77 0.06097 1.63949e-05 
9.77 0.06297 1.78097e-05 
9.77 0.06497 5.94095e-05 
9.77 0.06697 0.000120318 
9.77 0.06897 0.000185476 
9.77 0.07097 0.000402318 
9.77 0.07297 0.000787437 
9.77 0.07497 0.00120733 
9.77 0.07697 0.00196443 
9.77 0.07897 0.0027276 
9.77 0.08097 0.00284729 
9.77 0.08297 0.00473618 
9.77 0.08497 0.00401711 
9.77 0.08697 0.00314525 
9.77 0.08897 0.00402155 
9.77 0.09097 0.00313989 
9.77 0.09297 0.00290928 
9.77 0.09497 0.00247796 
9.77 0.09697 0.00173788 
9.77 0.09897 0.0011401 
9.77 0.10097 0.000843081 
9.77 0.10297 0.000336303 
9.77 0.10497 0.000115655 
9.77 0.10697 6.41632e-05 
9.77 0.10897 1.90036e-05 
9.77 0.11097 4.05214e-06 
9.77 0.11297 1.2862e-07 
9.78 0.05497 2.96034e-06 
9.78 0.05697 1.22154e-05 
9.78 0.05897 2.94255e-05 
9.78 0.06097 2.66905e-05 
9.78 0.06297 9.32939e-05 
9.78 0.06497 0.000210772 
9.78 0.06697 0.000220938 
9.78 0.06897 0.000678826 
9.78 0.07097 0.00100886 
9.78 0.07297 0.00180171 
9.78 0.07497 0.0022618 
9.78 0.07697 0.00274656 
9.78 0.07897 0.00446311 
9.78 0.08097 0.00397425 
9.78 0.08297 0.00395942 
9.78 0.08497 0.00458588 
9.78 0.08697 0.00419678 
9.78 0.08897 0.00359551 
9.78 0.09097 0.00238409 
9.78 0.09297 0.00223126 
9.78 0.09497 0.00152638 
9.78 0.09697 0.00112202 
9.78 0.09897 0.000541325 
9.78 0.10097 0.000331342 
9.78 0.10297 8.71084e-05 
9.78 0.10497 4.91073e-05 
9.78 0.10697 1.36265e-05 
9.78 0.10897 1.07599e-06 
9.78 0.11097 1.24803e-09 
9.79 0.05097 3.10414e-06 
9.79 0.05297 5.0619e-06 
9.79 0.05497 2.0288e-05 
9.79 0.05697 4.72816e-05 
9.79 0.05897 4.23274e-05 
9.79 0.06097 0.000145708 
9.79 0.06297 0.000318985 
9.79 0.06497 0.000351206 
9.79 0.06697 0.00141379 
9.79 0.06897 0.00168235 
9.79 0.07097 0.00183593 
9.79 0.07297 0.00278781 
9.79 0.07497 0.00360694 
9.79 0.07697 0.00341865 
9.79 0.07897 0.00477984 
9.79 0.08097 0.0050914 
9.79 0.08297 0.00485137 
9.79 0.08497 0.00418571 
9.79 0.08697 0.00341989 
9.79 0.08897 0.00215867 
9.79 0.09097 0.001941 
9.79 0.09297 0.00134737 
9.79 0.09497 0.000926009 
9.79 0.09697 0.000398003 
9.79 0.09897 0.000196435 
9.79 0.10097 0.000118088 
9.79 0.10297 3.87828e-05 
9.79 0.10497 4.95857e-06 
9.79 0.10697 3.56945e-07 
9.8 0.04897 8.16484e-06 
9.8 0.05097 8.0618e-06 
9.8 0.05297 3.28944e-05 
9.8 0.05497 7.28902e-05 
9.8 0.05697 6.29528e-05 
9.8 0.05897 0.000208147 
9.8 0.06097 0.000477572 
9.8 0.06297 0.000884011 
9.8 0.06497 0.00130029 
9.8 0.06697 0.00167885 
9.8 0.06897 0.00261897 
9.8 0.07097 0.00360776 
9.8 0.07297 0.00445976 
9.8 0.07497 0.00511365 
9.8 0.07697 0.00389568 
9.8 0.07897 0.00509448 
9.8 0.08097 0.00472825 
9.8 0.08297 0.00413196 
9.8 0.08497 0.00320691 
9.8 0.08697 0.00197876 
9.8 0.08897 0.00163201 
9.8 0.09097 0.00116681 
9.8 0.09297 0.000609866 
9.8 0.09497 0.000300927 
9.8 0.09697 0.000144476 
9.8 0.09897 8.81723e-05 
9.8 0.10097 2.69391e-05 
9.8 0.10297 2.43608e-06 
9.8 0.10497 7.9773e-09 
9.81 0.04497 3.05711e-06 
9.81 0.04697 1.30359e-05 
9.81 0.04897 1.33518e-05 
9.81 0.05097 4.88952e-05 
9.81 0.05297 0.000105166 
9.81 0.05497 8.80135e-05 
9.81 0.05697 0.000325343 
9.81 0.05897 0.000636895 
9.81 0.06097 0.000923299 
9.81 0.06297 0.0015756 
9.81 0.06497 0.0024219 
9.81 0.06697 0.00338891 
9.81 0.06897 0.00387957 
9.81 0.07097 0.00453443 
9.81 0.07297 0.00535002 
9.81 0.07497 0.00504917 
9.81 0.07697 0.00473127 
9.81 0.07897 0.00361683 
9.81 0.08097 0.00373082 
9.81 0.08297 0.0026733 
9.81 0.08497 0.00183808 
9.81 0.08697 0.00172834 
9.81 0.08897 0.0008634 
9.81 0.09097 0.000448147 
9.81 0.09297 0.000207392 
9.81 0.09497 9.66144e-05 
9.81 0.09697 6.41067e-05 
9.81 0.09897 8.99594e-06 
9.81 0.10097 2.87704e-07 
9.82 0.04297 5.97817e-06 
9.82 0.04497 1.5046e-05 
9.82 0.04697 1.49606e-05 
9.82 0.04897 5.33012e-05 
9.82 0.05097 0.000101854 
9.82 0.05297 0.000102839 
9.82 0.05497 0.000428488 
9.82 0.05697 0.000826456 
9.82 0.05897 0.00121262 
9.82 0.06097 0.00213952 
9.82 0.06297 0.00248613 
9.82 0.06497 0.00286926 
9.82 0.06697 0.0039539 
9.82 0.06897 0.00551046 
9.82 0.07097 0.00508732 
9.82 0.07297 0.00485978 
9.82 0.07497 0.00363282 
9.82 0.07697 0.00387848 
9.82 0.07897 0.00291285 
9.82 0.08097 0.00272086 
9.82 0.08297 0.00200199 
9.82 0.08497 0.00138944 
9.82 0.08697 0.000914654 
9.82 0.08897 0.00036521 
9.82 0.09097 0.000152946 
9.82 0.09297 7.8216e-05 
9.82 0.09497 3.71016e-05 
9.82 0.09697 4.64279e-06 
9.82 0.09897 3.01872e-08 
9.83 0.03897 2.14887e-06 
9.83 0.04097 9.47283e-06 
9.83 0.04297 2.24912e-05 
9.83 0.04497 2.10331e-05 
9.83 0.04697 7.5458e-05 
9.83 0.04897 9.04066e-05 
9.83 0.05097 0.000217186 
9.83 0.05297 0.000884075 
9.83 0.05497 0.00117292 
9.83 0.05697 0.00161318 
9.83 0.05897 0.00224835 
9.83 0.06097 0.00264464 
9.83 0.06297 0.00368113 
9.83 0.06497 0.00510124 
9.83 0.06697 0.00363841 
9.83 0.06897 0.00440028 
9.83 0.07097 0.00395169 
9.83 0.07297 0.00465585 
9.83 0.07497 0.00379424 
9.83 0.07697 0.00259161 
9.83 0.07897 0.00246426 
9.83 0.08097 0.0017825 
9.83 0.08297 0.0010411 
9.83 0.08497 0.000579793 
9.83 0.08697 0.000387747 
9.83 0.08897 0.000117904 
9.83 0.09097 6.37096e-05 
9.83 0.09297 1.68443e-05 
9.83 0.09497 6.55687e-07 
9.83 0.09697 1.41402e-09 
9.84 0.03497 1.9585e-06 
9.84 0.03697 3.23593e-06 
9.84 0.03897 1.36011e-05 
9.84 0.04097 1.53572e-05 
9.84 0.04297 4.78884e-05 
9.84 0.04497 0.000109919 
9.84 0.04697 9.52787e-05 
9.84 0.04897 0.000352506 
9.84 0.05097 0.00105573 
9.84 0.05297 0.00130362 
9.84 0.05497 0.00169544 
9.84 0.05697 0.00251756 
9.84 0.05897 0.00320728 
9.84 0.06097 0.00387927 
9.84 0.06297 0.00529657 
9.84 0.06497 0.00368726 
9.84 0.06697 0.00434017 
9.84 0.06897 0.00346717 
9.84 0.07097 0.00390327 
9.84 0.07297 0.00337094 
9.84 0.07497 0.00242102 
9.84 0.07697 0.0020902 
9.84 0.07897 0.001541 
9.84 0.08097 0.000762052 
9.84 0.08297 0.000421319 
9.84 0.08497 0.000226789 
9.84 0.08697 0.000144545 
9.84 0.08897 4.36099e-05 
9.84 0.09097 7.94653e-06 
9.84 0.09297 9.15506e-08 
9.85 0.03297 4.80608e-06 
9.85 0.03497 4.97348e-06 
9.85 0.03697 2.04462e-05 
9.85 0.03897 1.91996e-05 
9.85 0.04097 7.40101e-05 
9.85 0.04297 0.000159084 
9.85 0.04497 0.000202143 
9.85 0.04697 0.000538472 
9.85 0.04897 0.000996574 
9.85 0.05097 0.00140501 
9.85 0.05297 0.002118 
9.85 0.05497 0.00278388 
9.85 0.05697 0.00341212 
9.85 0.05897 0.00492912 
9.85 0.06097 0.00343911 
9.85 0.06297 0.00435953 
9.85 0.06497 0.00449604 
9.85 0.06697 0.00327568 
9.85 0.06897 0.00343894 
9.85 0.07097 0.00289738 
9.85 0.07297 0.0019178 
9.85 0.07497 0.00184061 
9.85 0.07697 0.00111523 
9.85 0.07897 0.000565962 
9.85 0.08097 0.000315014 
9.85 0.08297 0.000164215 
9.85 0.08497 0.000101758 
9.85 0.08697 2.91256e-05 
9.85 0.08897 1.36519e-06 
9.85 0.09097 2.27079e-10 
9.86 0.02897 1.62702e-06 
9.86 0.03097 5.11231e-06 
9.86 0.03297 9.55732e-06 
9.86 0.03497 3.0348e-05 
9.86 0.03697 5.72379e-05 
9.86 0.03897 4.13309e-05 
9.86 0.04097 0.000139848 
9.86 0.04297 0.000178979 
9.86 0.04497 0.000826833 
9.86 0.04697 0.00173391 
9.86 0.04897 0.00195448 
9.86 0.05097 0.002476 
9.86 0.05297 0.00308601 
9.86 0.05497 0.00307065 
9.86 0.05697 0.00393695 
9.86 0.05897 0.0033442 
9.86 0.06097 0.00452077 
9.86 0.06297 0.00410909 
9.86 0.06497 0.00289885 
9.86 0.06697 0.00312543 
9.86 0.06897 0.0023081 
9.86 0.07097 0.00185221 
9.86 0.07297 0.00124701 
9.86 0.07497 0.000764107 
9.86 0.07697 0.000424848 
9.86 0.07897 0.000227025 
9.86 0.08097 0.000113793 
9.86 0.08297 7.58418e-05 
9.86 0.08497 7.68784e-06 
9.86 0.08697 2.51594e-07 
9.87 0.02697 3.98032e-06 
9.87 0.02897 1.08553e-05 
9.87 0.03097 7.63664e-06 
9.87 0.03297 2.9992e-05 
9.87 0.03497 2.67611e-05 
9.87 0.03697 9.36374e-05 
9.87 0.03897 7.6003e-05 
9.87 0.04097 0.000882683 
9.87 0.04297 0.00103636 
9.87 0.04497 0.001486 
9.87 0.04697 0.00203723 
9.87 0.04897 0.00231566 
9.87 0.05097 0.00286773 
9.87 0.05297 0.00319232 
9.87 0.05497 0.00415846 
9.87 0.05697 0.00411358 
9.87 0.05897 0.00319778 
9.87 0.06097 0.0036214 
9.87 0.06297 0.00266085 
9.87 0.06497 0.00244177 
9.87 0.06697 0.00190429 
9.87 0.06897 0.00162125 
9.87 0.07097 0.00116281 
9.87 0.07297 0.000605582 
9.87 0.07497 0.000273011 
9.87 0.07697 0.00014126 
9.87 0.07897 7.71057e-05 
9.87 0.08097 3.99919e-05 
9.87 0.08297 2.32633e-06 
9.87 0.08497 1.5692e-09 
9.88 0.02297 1.29338e-06 
9.88 0.02497 4.88221e-06 
9.88 0.02697 4.30779e-06 
9.88 0.02897 1.77411e-05 
9.88 0.03097 1.65378e-05 
9.88 0.03297 6.05984e-05 
9.88 0.03497 5.06342e-05 
9.88 0.03697 0.000343716 
9.88 0.03897 0.000785061 
9.88 0.04097 0.00111272 
9.88 0.04297 0.00151069 
9.88 0.04497 0.00191651 
9.88 0.04697 0.00249074 
9.88 0.04897 0.00271308 
9.88 0.05097 0.00364346 
9.88 0.05297 0.00396587 
9.88 0.05497 0.00376456 
9.88 0.05697 0.00287981 
9.88 0.05897 0.00255961 
9.88 0.06097 0.00231278 
9.88 0.06297 0.002447 
9.88 0.06497 0.00202269 
9.88 0.06697 0.00127779 
9.88 0.06897 0.000787577 
9.88 0.07097 0.000464666 
9.88 0.07297 0.000325561 
9.88 0.07497 0.000104331 
9.88 0.07697 5.81622e-05 
9.88 0.07897 1.21708e-05 
9.88 0.08097 1.52334e-07 
9.89 0.02097 2.27992e-06 
9.89 0.02297 2.4064e-06 
9.89 0.02497 1.03061e-05 
9.89 0.02697 9.91317e-06 
9.89 0.02897 3.73522e-05 
9.89 0.03097 3.25863e-05 
9.89 0.03297 0.000110811 
9.89 0.03497 0.000978553 
9.89 0.03697 0.000885949 
9.89 0.03897 0.00114816 
9.89 0.04097 0.00173686 
9.89 0.04297 0.00208972 
9.89 0.04497 0.00220138 
9.89 0.04697 0.00242894 
9.89 0.04897 0.00309509 
9.89 0.05097 0.0035463 
9.89 0.05297 0.00236203 
9.89 0.05497 0.00285609 
9.89 0.05697 0.00300337 
9.89 0.05897 0.00218411 
9.89 0.06097 0.00220852 
9.89 0.06297 0.00153651 
9.89 0.06497 0.000934186 
9.89 0.06697 0.000580296 
9.89 0.06897 0.000335802 
9.89 0.07097 0.000190096 
9.89 0.07297 0.000116154 
9.89 0.07497 3.56553e-05 
9.89 0.07697 4.63585e-06 
9.89 0.07897 8.40866e-09 
9.9 0.01697 7.45332e-07 
9.9 0.01897 1.27376e-06 
9.9 0.02097 5.48889e-06 
9.9 0.02297 5.809e-06 
9.9 0.02497 2.2047e-05 
9.9 0.02697 2.01351e-05 
9.9 0.02897 7.1191e-05 
9.9 0.03097 0.000499894 
9.9 0.03297 0.000724562 
9.9 0.03497 0.000697244 
9.9 0.03697 0.00136462 
9.9 0.03897 0.00165949 
9.9 0.04097 0.00181772 
9.9 0.04297 0.002081 
9.9 0.04497 0.00235713 
9.9 0.04697 0.00239708 
9.9 0.04897 0.00245909 
9.9 0.05097 0.00245856 
9.9 0.05297 0.00301039 
9.9 0.05497 0.00260268 
9.9 0.05697 0.00186613 
9.9 0.05897 0.00189667 
9.9 0.06097 0.00109645 
9.9 0.06297 0.000694073 
9.9 0.06497 0.000422636 
9.9 0.06697 0.000234802 
9.9 0.06897 0.000129076 
9.9 0.07097 7.83237e-05 
9.9 0.07297 1.86277e-05 
9.9 0.07497 2.51751e-07 
9.9 0.07697 1.25095e-10 
9.91 0.01497 6.44597e-07 
9.91 0.01697 1.11213e-06 
9.91 0.01897 5.08068e-06 
9.91 0.02097 1.25607e-05 
9.91 0.02297 1.22621e-05 
9.91 0.02497 4.43591e-05 
9.91 0.02697 0.000200208 
9.91 0.02897 0.000469838 
9.91 0.03097 0.000865882 
9.91 0.03297 0.00130643 
9.91 0.03497 0.00129477 
9.91 0.03697 0.00148708 
9.91 0.03897 0.00144461 
9.91 0.04097 0.00127302 
9.91 0.04297 0.00244819 
9.91 0.04497 0.0017349 
9.91 0.04697 0.00190688 
9.91 0.04897 0.00271304 
9.91 0.05097 0.00247928 
9.91 0.05297 0.00217184 
9.91 0.05497 0.00161959 
9.91 0.05697 0.00135098 
9.91 0.05897 0.000785317 
9.91 0.06097 0.000496662 
9.91 0.06297 0.000296493 
9.91 0.06497 0.000160541 
9.91 0.06697 8.29707e-05 
9.91 0.06897 5.17082e-05 
9.91 0.07097 2.89718e-06 
9.91 0.07297 2.37892e-08 
9.92 0.01297 5.6309e-07 
9.92 0.01497 2.63073e-06 
9.92 0.01697 2.75295e-06 
9.92 0.01897 1.12192e-05 
9.92 0.02097 2.6955e-05 
9.92 0.02297 9.61769e-05 
9.92 0.02497 0.000386262 
9.92 0.02697 0.000561363 
9.92 0.02897 0.000827303 
9.92 0.03097 0.000986283 
9.92 0.03297 0.00108701 
9.92 0.03497 0.00129517 
9.92 0.03697 0.000957371 
9.92 0.03897 0.00204952 
9.92 0.04097 0.00152948 
9.92 0.04297 0.00211621 
9.92 0.04497 0.00174997 
9.92 0.04697 0.00233598 
9.92 0.04897 0.00199947 
9.92 0.05097 0.00155339 
9.92 0.05297 0.00134134 
9.92 0.05497 0.000936645 
9.92 0.05697 0.000581061 
9.92 0.05897 0.000356654 
9.92 0.06097 0.000202653 
9.92 0.06297 0.000108702 
9.92 0.06497 6.56723e-05 
9.92 0.06697 1.44989e-05 
9.92 0.06897 5.28638e-07 
9.93 0.01097 1.35276e-06 
9.93 0.01297 1.48403e-06 
9.93 0.01497 6.24192e-06 
9.93 0.01697 1.00639e-05 
9.93 0.01897 2.02443e-05 
9.93 0.02097 0.000237397 
9.93 0.02297 0.000370767 
9.93 0.02497 0.000587509 
9.93 0.02697 0.000706037 
9.93 0.02897 0.000831509 
9.93 0.03097 0.00106074 
9.93 0.03297 0.000736798 
9.93 0.03497 0.00117261 
9.93 0.03697 0.00146269 
9.93 0.03897 0.00222856 
9.93 0.04097 0.00191018 
9.93 0.04297 0.0015667 
9.93 0.04497 0.00197418 
9.93 0.04697 0.00160993 
9.93 0.04897 0.00119247 
9.93 0.05097 0.000896102 
9.93 0.05297 0.000631843 
9.93 0.05497 0.000480524 
9.93 0.05697 0.000253998 
9.93 0.05897 0.000137647 
9.93 0.06097 6.95417e-05 
9.93 0.06297 3.78225e-05 
9.93 0.06497 4.7138e-06 
9.93 0.06697 8.13294e-09 
9.94 0.00697002 4.15357e-07 
9.94 0.00896999 7.53084e-07 
9.94 0.01097 3.33942e-06 
9.94 0.01297 3.38676e-06 
9.94 0.01497 1.38419e-05 
9.94 0.01697 9.59486e-05 
9.94 0.01897 0.000331016 
9.94 0.02097 0.000480546 
9.94 0.02297 0.00060561 
9.94 0.02497 0.000687166 
9.94 0.02697 0.000466929 
9.94 0.02897 0.000466413 
9.94 0.03097 0.00108838 
9.94 0.03297 0.000841155 
9.94 0.03497 0.00211811 
9.94 0.03697 0.00174857 
9.94 0.03897 0.00161975 
9.94 0.04097 0.00141718 
9.94 0.04297 0.00145114 
9.94 0.04497 0.00106222 
9.94 0.04697 0.00100565 
9.94 0.04897 0.000727466 
9.94 0.05097 0.000501351 
9.94 0.05297 0.000335445 
9.94 0.05497 0.000221749 
9.94 0.05697 0.000113942 
9.94 0.05897 4.26293e-05 
9.94 0.06097 1.83439e-05 
9.94 0.06297 7.99494e-07 
9.94 0.06497 1.30987e-10 
9.95 0.00497001 3.69426e-07 
9.95 0.00697002 1.30729e-06 
9.95 0.00896999 2.22418e-06 
9.95 0.01097 7.57189e-06 
9.95 0.01297 7.73864e-06 
9.95 0.01497 0.000227313 
9.95 0.01697 0.000298937 
9.95 0.01897 0.000486891 
9.95 0.02097 0.00050921 
9.95 0.02297 0.000314107 
9.95 0.02497 0.000578725 
9.95 0.02697 0.000686113 
9.95 0.02897 0.000630518 
9.95 0.03097 0.00126127 
9.95 0.03297 0.00192411 
9.95 0.03497 0.00143126 
9.95 0.03697 0.00112731 
9.95 0.03897 0.00115965 
9.95 0.04097 0.00121164 
9.95 0.04297 0.000977442 
9.95 0.04497 0.000771213 
9.95 0.04697 0.000555339 
9.95 0.04897 0.000357814 
9.95 0.05097 0.000220931 
9.95 0.05297 0.000134924 
9.95 0.05497 8.5907e-05 
9.95 0.05697 2.6118e-05 
9.95 0.05897 5.64402e-06 
9.95 0.06097 1.5197e-08 
9.96 0.00297001 3.19307e-07 
9.96 0.00497001 1.44402e-06 
9.96 0.00697002 1.52598e-06 
9.96 0.00896999 6.48391e-06 
9.96 0.01097 0.000110923 
9.96 0.01297 0.000194864 
9.96 0.01497 0.000297269 
9.96 0.01697 0.000429241 
9.96 0.01897 0.000225676 
9.96 0.02097 0.000567426 
9.96 0.02297 0.000390919 
9.96 0.02497 0.00073245 
9.96 0.02697 0.000588005 
9.96 0.02897 0.00150669 
9.96 0.03097 0.00118173 
9.96 0.03297 0.00108998 
9.96 0.03497 0.00107291 
9.96 0.03697 0.00107007 
9.96 0.03897 0.000917884 
9.96 0.04097 0.000767999 
9.96 0.04297 0.000556493 
9.96 0.04497 0.000382839 
9.96 0.04697 0.000252746 
9.96 0.04897 0.000153002 
9.96 0.05097 8.59154e-05 
9.96 0.05297 4.73405e-05 
9.96 0.05497 2.24108e-05 
9.96 0.05697 3.77286e-07 
9.96 0.05897 6.36676e-10 
9.97 0.000970006 7.11508e-07 
9.97 0.00297001 7.79146e-07 
9.97 0.00497001 3.40769e-06 
9.97 0.00697002 3.74505e-05 
9.97 0.00896999 0.000117384 
9.97 0.01097 0.000198693 
9.97 0.01297 0.000292313 
9.97 0.01497 0.000212809 
9.97 0.01697 0.000413009 
9.97 0.01897 0.000251962 
9.97 0.02097 0.000610902 
9.97 0.02297 0.000457278 
9.97 0.02497 0.000696305 
9.97 0.02697 0.0012757 
9.97 0.02897 0.00120183 
9.97 0.03097 0.000946002 
9.97 0.03297 0.000882194 
9.97 0.03497 0.000874062 
9.97 0.03697 0.000643007 
9.97 0.03897 0.00052024 
9.97 0.04097 0.000381673 
9.97 0.04297 0.000275167 
9.97 0.04497 0.000171997 
9.97 0.04697 0.00010093 
9.97 0.04897 5.44144e-05 
9.97 0.05097 3.22464e-05 
9.97 0.05297 3.56978e-06 
9.97 0.05497 3.35664e-08 
9.98 -0.00303 6.52541e-09 
9.98 -0.00103 5.73853e-07 
9.98 0.000970006 1.71996e-06 
9.98 0.00297001 1.76655e-06 
9.98 0.00497001 0.000106608 
9.98 0.00697002 9.11066e-05 
9.98 0.00896999 0.000195041 
9.98 0.01097 0.00018223 
9.98 0.01297 0.000237732 
9.98 0.01497 0.000256854 
9.98 0.01697 0.000452745 
9.98 0.01897 0.000269955 
9.98 0.02097 0.000603671 
9.98 0.02297 0.000876133 
9.98 0.02497 0.00117454 
9.98 0.02697 0.000822705 
9.98 0.02897 0.000779092 
9.98 0.03097 0.000772327 
9.98 0.03297 0.00059354 
9.98 0.03497 0.000472885 
9.98 0.03697 0.000362042 
9.98 0.03897 0.000264958 
9.98 0.04097 0.000169979 
9.98 0.04297 0.0001074 
9.98 0.04497 6.52551e-05 
9.98 0.04697 3.32139e-05 
9.98 0.04897 1.29872e-05 
9.98 0.05097 6.15042e-07 
9.99 -0.00503001 1.7214e-07 
9.99 -0.00303 3.11908e-07 
9.99 -0.00103 1.42775e-06 
9.99 0.000970006 5.55772e-05 
9.99 0.00297001 4.56698e-05 
9.99 0.00497001 0.00011988 
9.99 0.00697002 0.000104488 
9.99 0.00896999 0.000153164 
9.99 0.01097 0.00025462 
9.99 0.01297 0.00017562 
9.99 0.01497 0.000371016 
9.99 0.01697 0.000465156 
9.99 0.01897 0.000519121 
9.99 0.02097 0.00078083 
9.99 0.02297 0.000990953 
9.99 0.02497 0.000638512 
9.99 0.02697 0.00059603 
9.99 0.02897 0.000477816 
9.99 0.03097 0.00046552 
9.99 0.03297 0.000410694 
9.99 0.03497 0.000332169 
9.99 0.03697 0.000203689 
9.99 0.03897 0.00011199 
9.99 0.04097 6.44942e-05 
9.99 0.04297 3.40764e-05 
9.99 0.04497 1.70344e-05 
9.99 0.04697 4.35132e-06 
9.99 0.04897 7.45215e-09 
10 -0.00703001 1.43975e-07 
10 -0.00503001 6.81081e-07 
10 -0.00303 1.81772e-05 
10 -0.00103 2.45129e-05 
10 0.000970006 7.36522e-05 
10 0.00297001 6.87155e-05 
10 0.00497001 9.68212e-05 
10 0.00697002 0.000205808 
10 0.00896999 0.000115881 
10 0.01097 0.000288723 
10 0.01297 0.000358169 
10 0.01497 0.000211261 
10 0.01697 0.000548333 
10 0.01897 0.000811942 
10 0.02097 0.000589337 
10 0.02297 0.000586006 
10 0.02497 0.000473494 
10 0.02697 0.000433039 
10 0.02897 0.000364777 
10 0.03097 0.000285808 
10 0.03297 0.000208902 
10 0.03497 0.00015072 
10 0.03697 0.000105793 
10 0.03897 4.77529e-05 
10 0.04097 1.93573e-05 
10 0.04297 7.45208e-06 
10 0.04497 1.86923e-07 
10 0.04697 2.42944e-10 
10.01 -0.00902998 1.10364e-07 
10.01 -0.00703001 5.45406e-07 
10.01 -0.00503001 1.4068e-05 
10.01 -0.00303 1.98564e-05 
10.01 -0.00103 6.14613e-05 
10.01 0.000970006 5.50745e-05 
10.01 0.00297001 0.00016832 
10.01 0.00497001 8.19493e-05 
10.01 0.00697002 0.000208804 
10.01 0.00896999 0.000127988 
10.01 0.01097 0.000296712 
10.01 0.01297 0.000351184 
10.01 0.01497 0.000432785 
10.01 0.01697 0.000649683 
10.01 0.01897 0.000548166 
10.01 0.02097 0.000428452 
10.01 0.02297 0.000341157 
10.01 0.02497 0.000332958 
10.01 0.02697 0.000265139 
10.01 0.02897 0.000206973 
10.01 0.03097 0.000147153 
10.01 0.03297 9.73966e-05 
10.01 0.03497 5.83437e-05 
10.01 0.03697 4.03201e-05 
10.01 0.03897 1.14349e-05 
10.01 0.04097 1.92949e-06 
10.01 0.04297 1.95658e-08 
10.02 -0.01103 2.38522e-07 
10.02 -0.00902998 2.87637e-07 
10.02 -0.00703001 1.15583e-05 
10.02 -0.00503001 3.71219e-05 
10.02 -0.00303 3.37562e-05 
10.02 -0.00103 4.96292e-05 
10.02 0.000970006 0.000129077 
10.02 0.00297001 0.000106764 
10.02 0.00497001 0.000131701 
10.02 0.00697002 0.000222169 
10.02 0.00896999 0.000243948 
10.02 0.01097 0.000277312 
10.02 0.01297 0.00045221 
10.02 0.01497 0.000561505 
10.02 0.01697 0.000373178 
10.02 0.01897 0.000256136 
10.02 0.02097 0.000242693 
10.02 0.02297 0.000243293 
10.02 0.02497 0.000190282 
10.02 0.02697 0.000142159 
10.02 0.02897 0.000100305 
10.02 0.03097 6.11589e-05 
10.02 0.03297 3.59978e-05 
10.02 0.03497 1.88435e-05 
10.02 0.03697 7.91194e-06 
10.02 0.03897 3.26649e-07 
10.02 0.04097 6.74191e-10 
10.03 -0.01303 1.91915e-07 
10.03 -0.01103 5.76075e-07 
10.03 -0.00902998 1.32765e-05 
10.03 -0.00703001 2.54904e-05 
10.03 -0.00503001 2.73283e-05 
10.03 -0.00303 8.47977e-05 
10.03 -0.00103 5.93883e-05 
10.03 0.000970006 0.000118218 
10.03 0.00297001 0.000159096 
10.03 0.00497001 0.000174022 
10.03 0.00697002 0.000230206 
10.03 0.00896999 0.000294839 
10.03 0.01097 0.000396198 
10.03 0.01297 0.000396232 
10.03 0.01497 0.000203838 
10.03 0.01697 0.000167272 
10.03 0.01897 0.000162839 
10.03 0.02097 0.000157036 
10.03 0.02297 0.000129517 
10.03 0.02497 0.000129017 
10.03 0.02697 8.4568e-05 
10.03 0.02897 3.9009e-05 
10.03 0.03097 2.16123e-05 
10.03 0.03297 9.39409e-06 
10.03 0.03497 2.50314e-06 
10.03 0.03697 2.91472e-08 
10.04 -0.01703 5.12973e-08 
10.04 -0.01503 1.00093e-07 
10.04 -0.01303 4.59979e-07 
10.04 -0.01103 1.70506e-05 
10.04 -0.00902998 1.58363e-05 
10.04 -0.00703001 4.33441e-05 
10.04 -0.00503001 4.47799e-05 
10.04 -0.00303 9.08901e-05 
10.04 -0.00103 5.1929e-05 
10.04 0.000970006 0.00012998 
10.04 0.00297001 0.000161628 
10.04 0.00497001 0.000165816 
10.04 0.00697002 0.000335788 
10.04 0.00896999 0.000301215 
10.04 0.01097 0.000289686 
10.04 0.01297 0.00014358 
10.04 0.01497 0.000151666 
10.04 0.01697 0.000130655 
10.04 0.01897 0.000112914 
10.04 0.02097 8.65018e-05 
10.04 0.02297 6.22053e-05 
10.04 0.02497 4.09045e-05 
10.04 0.02697 3.88091e-05 
10.04 0.02897 1.29077e-05 
10.04 0.03097 3.63781e-06 
10.04 0.03297 4.40756e-07 
10.04 0.03497 5.17055e-10 
10.05 -0.01903 3.91455e-08 
10.05 -0.01703 2.02924e-07 
10.05 -0.01503 9.17759e-07 
10.05 -0.01303 1.26154e-05 
10.05 -0.01103 1.22492e-05 
10.05 -0.00902998 4.01798e-05 
10.05 -0.00703001 3.91371e-05 
10.05 -0.00503001 6.19475e-05 
10.05 -0.00303 8.98265e-05 
10.05 -0.00103 0.000108448 
10.05 0.000970006 0.000133896 
10.05 0.00297001 0.00015814 
10.05 0.00497001 0.000262165 
10.05 0.00697002 0.000262812 
10.05 0.00896999 0.000171776 
10.05 0.01097 0.000121868 
10.05 0.01297 0.000107513 
10.05 0.01497 9.96983e-05 
10.05 0.01697 7.9696e-05 
10.05 0.01897 5.89071e-05 
10.05 0.02097 4.07513e-05 
10.05 0.02297 2.59396e-05 
10.05 0.02497 1.50832e-05 
10.05 0.02697 8.32458e-06 
10.05 0.02897 1.32144e-06 
10.05 0.03097 4.1969e-08 
10.06 -0.02103 3.98683e-08 
10.06 -0.01903 1.20801e-07 
10.06 -0.01703 4.34918e-06 
10.06 -0.01503 6.50313e-06 
10.06 -0.01303 2.07245e-05 
10.06 -0.01103 1.99375e-05 
10.06 -0.00902998 4.89144e-05 
10.06 -0.00703001 5.06866e-05 
10.06 -0.00503001 4.72139e-05 
10.06 -0.00303 9.77188e-05 
10.06 -0.00103 0.000147783 
10.06 0.000970006 0.000154022 
10.06 0.00297001 0.000208591 
10.06 0.00497001 0.000208784 
10.06 0.00697002 8.54259e-05 
10.06 0.00896999 9.06243e-05 
10.06 0.01097 7.60878e-05 
10.06 0.01297 7.00163e-05 
10.06 0.01497 5.4588e-05 
10.06 0.01697 3.99039e-05 
10.06 0.01897 2.58438e-05 
10.06 0.02097 1.55969e-05 
10.06 0.02297 8.17729e-06 
10.06 0.02497 2.8802e-06 
10.06 0.02697 4.69399e-07 
10.06 0.02897 2.18217e-09 
10.07 -0.02303 4.56074e-08 
10.07 -0.02103 1.52259e-07 
10.07 -0.01903 3.2893e-06 
10.07 -0.01703 5.21304e-06 
10.07 -0.01503 1.80188e-05 
10.07 -0.01303 1.56074e-05 
10.07 -0.01103 3.426e-05 
10.07 -0.00902998 4.61138e-05 
10.07 -0.00703001 6.22528e-05 
10.07 -0.00503001 7.18426e-05 
10.07 -0.00303 0.000121191 
10.07 -0.00103 0.000154524 
10.07 0.000970006 0.000171343 
10.07 0.00297001 9.7024e-05 
10.07 0.00497001 5.11898e-05 
10.07 0.00697002 6.10118e-05 
10.07 0.00896999 6.20001e-05 
10.07 0.01097 5.15063e-05 
10.07 0.01297 4.28323e-05 
10.07 0.01497 3.25171e-05 
10.07 0.01697 2.26057e-05 
10.07 0.01897 9.38362e-06 
10.07 0.02097 3.83889e-06 
10.07 0.02297 7.89084e-07 
10.07 0.02497 5.54222e-08 
10.08 -0.02703 7.33513e-09 
10.08 -0.02503 2.76424e-08 
10.08 -0.02303 1.07153e-07 
10.08 -0.02103 2.7246e-06 
10.08 -0.01903 8.13658e-06 
10.08 -0.01703 8.45018e-06 
10.08 -0.01503 2.13069e-05 
10.08 -0.01303 2.45383e-05 
10.08 -0.01103 2.09787e-05 
10.08 -0.00902998 4.7467e-05 
10.08 -0.00703001 5.18049e-05 
10.08 -0.00503001 9.8887e-05 
10.08 -0.00303 0.000121649 
10.08 -0.00103 9.70372e-05 
10.08 0.000970006 6.5527e-05 
10.08 0.00297001 5.27136e-05 
10.08 0.00497001 4.83002e-05 
10.08 0.00697002 4.32985e-05 
10.08 0.00896999 3.65437e-05 
10.08 0.01097 2.71284e-05 
10.08 0.01297 1.89847e-05 
10.08 0.01497 1.21507e-05 
10.08 0.01697 7.58745e-06 
10.08 0.01897 2.00252e-06 
10.08 0.02097 1.53887e-07 
10.08 0.02297 4.28245e-09 
10.09 -0.02903 8.18661e-09 
10.09 -0.02703 4.5163e-08 
10.09 -0.02503 6.23518e-08 
10.09 -0.02303 1.61398e-06 
10.09 -0.02103 7.10781e-06 
10.09 -0.01903 6.08238e-06 
10.09 -0.01703 1.61651e-05 
10.09 -0.01503 1.90167e-05 
10.09 -0.01303 2.51913e-05 
10.09 -0.01103 2.908e-05 
10.09 -0.00902998 4.44615e-05 
10.09 -0.00703001 6.82919e-05 
10.09 -0.00503001 9.97233e-05 
10.09 -0.00303 5.85214e-05 
10.09 -0.00103 3.70444e-05 
10.09 0.000970006 3.68356e-05 
10.09 0.00297001 3.53676e-05 
10.09 0.00497001 2.96442e-05 
10.09 0.00697002 2.38684e-05 
10.09 0.00896999 1.71806e-05 
10.09 0.01097 1.17436e-05 
10.09 0.01297 6.8885e-06 
10.09 0.01497 3.04147e-06 
10.09 0.01697 7.72314e-07 
10.09 0.01897 9.75747e-08 
10.1 -0.03103 5.69725e-09 
10.1 -0.02903 3.21815e-08 
10.1 -0.02703 9.77909e-08 
10.1 -0.02503 1.29824e-06 
10.1 -0.02303 4.12544e-06 
10.1 -0.02103 1.00803e-05 
10.1 -0.01903 1.27696e-05 
10.1 -0.01703 1.38417e-05 
10.1 -0.01503 2.41661e-05 
10.1 -0.01303 2.38413e-05 
10.1 -0.01103 3.4763e-05 
10.1 -0.00902998 5.47218e-05 
10.1 -0.00703001 4.88651e-05 
10.1 -0.00503001 4.34936e-05 
10.1 -0.00303 2.70252e-05 
10.1 -0.00103 2.54825e-05 
10.1 0.000970006 2.25777e-05 
10.1 0.00297001 2.05589e-05 
10.1 0.00497001 1.66559e-05 
10.1 0.00697002 1.1183e-05 
10.1 0.00896999 6.96845e-06 
10.1 0.01097 3.5454e-06 
10.1 0.01297 1.18069e-06 
10.1 0.01497 1.71808e-07 
10.1 0.01697 1.8274e-09 
10.11 -0.03303 1.19247e-08 
10.11 -0.03103 1.41635e-08 
10.11 -0.02903 6.91347e-08 
10.11 -0.02703 2.15088e-06 
10.11 -0.02503 2.13259e-06 
10.11 -0.02303 7.29623e-06 
10.11 -0.02103 8.98011e-06 
10.11 -0.01903 1.29291e-05 
10.11 -0.01703 1.64307e-05 
10.11 -0.01503 2.44952e-05 
10.11 -0.01303 3.50381e-05 
10.11 -0.01103 3.89841e-05 
10.11 -0.00902998 2.37028e-05 
10.11 -0.00703001 2.21824e-05 
10.11 -0.00503001 1.61935e-05 
10.11 -0.00303 1.89144e-05 
10.11 -0.00103 1.70756e-05 
10.11 0.000970006 1.40178e-05 
10.11 0.00297001 1.14513e-05 
10.11 0.00497001 8.22289e-06 
10.11 0.00697002 5.62253e-06 
10.11 0.00896999 1.82957e-06 
10.11 0.01097 3.01148e-07 
10.11 0.01297 2.0481e-08 
10.12 -0.03503 8.75391e-09 
10.12 -0.03303 2.87887e-08 
10.12 -0.03103 6.84185e-08 
10.12 -0.02903 1.49445e-06 
10.12 -0.02703 3.47434e-06 
10.12 -0.02503 3.86364e-06 
10.12 -0.02303 5.66025e-06 
10.12 -0.02103 1.45548e-05 
10.12 -0.01903 1.24399e-05 
10.12 -0.01703 2.02899e-05 
10.12 -0.01503 2.66599e-05 
10.12 -0.01303 1.80276e-05 
10.12 -0.01103 1.95634e-05 
10.12 -0.00902998 1.74895e-05 
10.12 -0.00703001 1.22018e-05 
10.12 -0.00503001 1.22653e-05 
10.12 -0.00303 1.13535e-05 
10.12 -0.00103 8.99171e-06 
10.12 0.000970006 6.37979e-06 
10.12 0.00297001 4.52373e-06 
10.12 0.00497001 2.58976e-06 
10.12 0.00697002 8.83338e-07 
10.12 0.00896999 1.41839e-07 
10.12 0.01097 1.21295e-09 
10.13 -0.03903 1.80828e-09 
10.13 -0.03703 3.85575e-09 
10.13 -0.03503 1.84296e-08 
10.13 -0.03303 3.7101e-07 
10.13 -0.03103 8.69733e-07 
10.13 -0.02903 2.71599e-06 
10.13 -0.02703 3.63825e-06 
10.13 -0.02503 4.98339e-06 
10.13 -0.02303 7.32596e-06 
10.13 -0.02103 1.10278e-05 
10.13 -0.01903 1.27034e-05 
10.13 -0.01703 1.86381e-05 
10.13 -0.01503 1.23429e-05 
10.13 -0.01303 1.59889e-05 
10.13 -0.01103 8.76805e-06 
10.13 -0.00902998 8.58114e-06 
10.13 -0.00703001 7.80103e-06 
10.13 -0.00503001 7.10404e-06 
10.13 -0.00303 5.43269e-06 
10.13 -0.00103 3.82827e-06 
10.13 0.000970006 2.25257e-06 
10.13 0.00297001 9.9262e-07 
10.13 0.00497001 2.5498e-07 
10.13 0.00697002 2.39681e-08 
10.14 -0.04103 1.26252e-09 
10.14 -0.03903 4.80823e-09 
10.14 -0.03703 1.60204e-08 
10.14 -0.03503 3.28201e-07 
10.14 -0.03303 7.37173e-07 
10.14 -0.03103 1.83509e-06 
10.14 -0.02903 2.34037e-06 
10.14 -0.02703 6.09157e-06 
10.14 -0.02503 5.1252e-06 
10.14 -0.02303 8.96374e-06 
10.14 -0.02103 1.22345e-05 
10.14 -0.01903 5.72489e-06 
10.14 -0.01703 8.76759e-06 
10.14 -0.01503 1.15699e-05 
10.14 -0.01303 6.25708e-06 
10.14 -0.01103 6.14485e-06 
10.14 -0.00902998 5.74494e-06 
10.14 -0.00703001 5.25965e-06 
10.14 -0.00503001 4.01268e-06 
10.14 -0.00303 2.42499e-06 
10.14 -0.00103 1.07582e-06 
10.14 0.000970006 3.35981e-07 
10.14 0.00297001 4.19536e-08 
10.14 0.00497001 1.89023e-09 
