#logage logm JPDF
9.36 0.19297 2.30789e-10 
9.36 0.19497 2.57769e-10 
9.36 0.19697 1.32622e-10 
9.37 0.18897 2.28634e-10 
9.37 0.19097 5.91024e-10 
9.37 0.19297 6.48653e-10 
9.37 0.19497 2.61768e-10 
9.37 0.19697 1.54734e-10 
9.37 0.19897 1.03832e-10 
9.38 0.18497 2.54299e-10 
9.38 0.18697 1.17679e-09 
9.38 0.18897 1.11046e-09 
9.38 0.19097 8.27355e-10 
9.38 0.19297 8.26095e-10 
9.38 0.19497 3.02092e-10 
9.38 0.19697 2.05697e-10 
9.38 0.19897 1.12055e-10 
9.39 0.18097 2.77058e-10 
9.39 0.18297 1.97032e-09 
9.39 0.18497 2.84959e-09 
9.39 0.18697 2.30647e-09 
9.39 0.18897 1.68079e-09 
9.39 0.19097 1.12985e-09 
9.39 0.19297 9.97446e-10 
9.39 0.19497 3.98485e-10 
9.39 0.19697 2.01636e-10 
9.4 0.17697 1.4995e-10 
9.4 0.17897 2.15823e-09 
9.4 0.18097 6.68146e-09 
9.4 0.18297 5.79344e-09 
9.4 0.18497 4.61487e-09 
9.4 0.18697 3.22826e-09 
9.4 0.18897 2.2005e-09 
9.4 0.19097 1.93373e-09 
9.4 0.19297 6.72563e-10 
9.4 0.19497 3.26968e-10 
9.4 0.19697 1.63661e-10 
9.41 0.17297 1.0094e-10 
9.41 0.17497 2.59827e-09 
9.41 0.17697 1.15336e-08 
9.41 0.17897 1.31505e-08 
9.41 0.18097 1.07133e-08 
9.41 0.18297 8.85754e-09 
9.41 0.18497 6.02387e-09 
9.41 0.18697 5.40305e-09 
9.41 0.18897 2.08788e-09 
9.41 0.19097 1.16349e-09 
9.41 0.19297 5.34308e-10 
9.41 0.19497 2.4525e-10 
9.41 0.19697 1.13862e-10 
9.42 0.17097 1.66858e-09 
9.42 0.17297 1.55998e-08 
9.42 0.17497 2.8314e-08 
9.42 0.17697 2.51866e-08 
9.42 0.17897 2.09085e-08 
9.42 0.18097 1.57404e-08 
9.42 0.18297 1.04478e-08 
9.42 0.18497 1.01014e-08 
9.42 0.18697 3.95353e-09 
9.42 0.18897 1.76774e-09 
9.42 0.19097 8.65847e-10 
9.42 0.19297 3.9324e-10 
9.42 0.19497 1.56749e-10 
9.43 0.16697 1.01444e-09 
9.43 0.16897 1.69956e-08 
9.43 0.17097 5.30602e-08 
9.43 0.17297 5.28931e-08 
9.43 0.17497 4.66763e-08 
9.43 0.17697 3.77596e-08 
9.43 0.17897 2.75929e-08 
9.43 0.18097 2.52043e-08 
9.43 0.18297 9.71009e-09 
9.43 0.18497 6.172e-09 
9.43 0.18697 2.88569e-09 
9.43 0.18897 1.40361e-09 
9.43 0.19097 5.90577e-10 
9.43 0.19297 2.40365e-10 
9.43 0.19497 1.03319e-10 
9.44 0.16297 7.36942e-10 
9.44 0.16497 1.38755e-08 
9.44 0.16697 7.84571e-08 
9.44 0.16897 1.10902e-07 
9.44 0.17097 9.78599e-08 
9.44 0.17297 8.35194e-08 
9.44 0.17497 6.33122e-08 
9.44 0.17697 4.72078e-08 
9.44 0.17897 4.30998e-08 
9.44 0.18097 1.64567e-08 
9.44 0.18297 8.60325e-09 
9.44 0.18497 4.4019e-09 
9.44 0.18697 2.02884e-09 
9.44 0.18897 8.50151e-10 
9.44 0.19097 3.73371e-10 
9.44 0.19297 1.33294e-10 
9.45 0.15897 3.0339e-10 
9.45 0.16097 1.1004e-08 
9.45 0.16297 8.45608e-08 
9.45 0.16497 2.01028e-07 
9.45 0.16697 1.95157e-07 
9.45 0.16897 1.80449e-07 
9.45 0.17097 1.44604e-07 
9.45 0.17297 1.09761e-07 
9.45 0.17497 1.06806e-07 
9.45 0.17697 4.75498e-08 
9.45 0.17897 2.52454e-08 
9.45 0.18097 1.28307e-08 
9.45 0.18297 6.09385e-09 
9.45 0.18497 2.81903e-09 
9.45 0.18697 1.1886e-09 
9.45 0.18897 4.43745e-10 
9.45 0.19097 1.81787e-10 
9.46 0.15497 1.3231e-10 
9.46 0.15697 7.4874e-09 
9.46 0.15897 8.62086e-08 
9.46 0.16097 3.13575e-07 
9.46 0.16297 3.68312e-07 
9.46 0.16497 3.46253e-07 
9.46 0.16697 2.99318e-07 
9.46 0.16897 2.49996e-07 
9.46 0.17097 1.75372e-07 
9.46 0.17297 1.797e-07 
9.46 0.17497 7.21798e-08 
9.46 0.17697 3.69059e-08 
9.46 0.17897 1.84986e-08 
9.46 0.18097 8.87933e-09 
9.46 0.18297 4.03778e-09 
9.46 0.18497 1.64908e-09 
9.46 0.18697 6.17426e-10 
9.46 0.18897 2.43188e-10 
9.47 0.15297 3.46759e-09 
9.47 0.15497 8.28605e-08 
9.47 0.15697 4.03612e-07 
9.47 0.15897 6.40742e-07 
9.47 0.16097 6.37426e-07 
9.47 0.16297 5.9335e-07 
9.47 0.16497 4.9137e-07 
9.47 0.16697 3.87504e-07 
9.47 0.16897 2.80555e-07 
9.47 0.17097 2.25302e-07 
9.47 0.17297 1.31428e-07 
9.47 0.17497 9.01679e-08 
9.47 0.17697 2.75262e-08 
9.47 0.17897 1.21374e-08 
9.47 0.18097 5.47833e-09 
9.47 0.18297 2.16184e-09 
9.47 0.18497 8.2665e-10 
9.47 0.18697 3.2597e-10 
9.48 0.14897 2.23176e-09 
9.48 0.15097 6.04837e-08 
9.48 0.15297 4.60504e-07 
9.48 0.15497 1.0172e-06 
9.48 0.15697 1.13017e-06 
9.48 0.15897 1.0767e-06 
9.48 0.16097 9.61607e-07 
9.48 0.16297 7.99251e-07 
9.48 0.16497 6.10931e-07 
9.48 0.16697 4.73956e-07 
9.48 0.16897 3.1594e-07 
9.48 0.17097 1.88647e-07 
9.48 0.17297 9.7704e-08 
9.48 0.17497 6.31341e-08 
9.48 0.17697 1.71077e-08 
9.48 0.17897 7.50822e-09 
9.48 0.18097 2.86956e-09 
9.48 0.18297 1.15281e-09 
9.48 0.18497 2.94883e-10 
9.49 0.14497 1.04687e-09 
9.49 0.14697 4.23508e-08 
9.49 0.14897 4.31087e-07 
9.49 0.15097 1.43903e-06 
9.49 0.15297 1.90273e-06 
9.49 0.15497 1.93098e-06 
9.49 0.15697 1.81974e-06 
9.49 0.15897 1.56495e-06 
9.49 0.16097 1.26545e-06 
9.49 0.16297 5.57427e-07 
9.49 0.16497 1.17277e-06 
9.49 0.16697 4.52234e-07 
9.49 0.16897 2.45108e-07 
9.49 0.17097 1.37384e-07 
9.49 0.17297 7.89533e-08 
9.49 0.17497 3.08207e-08 
9.49 0.17697 8.74409e-09 
9.49 0.17897 3.18207e-09 
9.49 0.18097 1.09855e-09 
9.49 0.18297 2.92318e-10 
9.5 0.14097 3.45996e-10 
9.5 0.14297 2.03136e-08 
9.5 0.14497 3.47177e-07 
9.5 0.14697 1.71919e-06 
9.5 0.14897 2.96258e-06 
9.5 0.15097 3.15951e-06 
9.5 0.15297 3.17777e-06 
9.5 0.15497 2.86936e-06 
9.5 0.15697 1.33676e-06 
9.5 0.15897 2.17147e-06 
9.5 0.16097 2.35899e-06 
9.5 0.16297 1.01881e-06 
9.5 0.16497 6.07341e-07 
9.5 0.16697 3.3172e-07 
9.5 0.16897 1.77561e-07 
9.5 0.17097 8.58994e-08 
9.5 0.17297 4.42666e-08 
9.5 0.17497 1.02641e-08 
9.5 0.17697 3.88285e-09 
9.5 0.17897 1.37733e-09 
9.5 0.18097 1.20074e-10 
9.51 0.13897 1.09962e-08 
9.51 0.14097 2.50073e-07 
9.51 0.14297 1.71251e-06 
9.51 0.14497 4.16999e-06 
9.51 0.14697 5.03024e-06 
9.51 0.14897 5.28109e-06 
9.51 0.15097 4.44207e-06 
9.51 0.15297 2.97144e-06 
9.51 0.15497 4.04655e-06 
9.51 0.15697 3.27758e-06 
9.51 0.15897 3.61406e-06 
9.51 0.16097 1.40377e-06 
9.51 0.16297 8.33836e-07 
9.51 0.16497 4.39193e-07 
9.51 0.16697 2.19136e-07 
9.51 0.16897 1.00984e-07 
9.51 0.17097 5.40724e-08 
9.51 0.17297 1.26232e-08 
9.51 0.17497 4.63689e-09 
9.51 0.17697 1.2791e-09 
9.52 0.13497 3.81984e-09 
9.52 0.13697 1.47666e-07 
9.52 0.13897 1.69949e-06 
9.52 0.14097 5.3255e-06 
9.52 0.14297 7.50009e-06 
9.52 0.14497 8.3137e-06 
9.52 0.14697 7.10268e-06 
9.52 0.14897 5.2407e-06 
9.52 0.15097 7.57912e-06 
9.52 0.15297 6.30436e-06 
9.52 0.15497 6.6045e-06 
9.52 0.15697 3.15584e-06 
9.52 0.15897 1.89965e-06 
9.52 0.16097 1.05622e-06 
9.52 0.16297 5.66615e-07 
9.52 0.16497 2.69022e-07 
9.52 0.16697 1.25395e-07 
9.52 0.16897 5.31227e-08 
9.52 0.17097 2.33325e-08 
9.52 0.17297 5.27792e-09 
9.52 0.17497 5.83868e-10 
9.53 0.13097 1.53113e-09 
9.53 0.13297 8.70676e-08 
9.53 0.13497 1.28073e-06 
9.53 0.13697 5.80077e-06 
9.53 0.13897 1.03808e-05 
9.53 0.14097 1.25226e-05 
9.53 0.14297 1.21604e-05 
9.53 0.14497 7.54134e-06 
9.53 0.14697 1.24162e-05 
9.53 0.14897 1.09962e-05 
9.53 0.15097 9.43342e-06 
9.53 0.15297 9.1256e-06 
9.53 0.15497 3.97641e-06 
9.53 0.15697 2.38143e-06 
9.53 0.15897 1.32712e-06 
9.53 0.16097 7.11844e-07 
9.53 0.16297 3.28055e-07 
9.53 0.16497 1.45571e-07 
9.53 0.16697 6.54549e-08 
9.53 0.16897 2.34165e-08 
9.53 0.17097 3.09935e-09 
9.54 0.12697 5.08656e-10 
9.54 0.12897 4.46233e-08 
9.54 0.13097 9.82889e-07 
9.54 0.13297 5.76142e-06 
9.54 0.13497 1.32385e-05 
9.54 0.13697 1.74241e-05 
9.54 0.13897 1.92471e-05 
9.54 0.14097 1.06009e-05 
9.54 0.14297 2.00095e-05 
9.54 0.14497 1.87875e-05 
9.54 0.14697 1.56456e-05 
9.54 0.14897 1.76333e-05 
9.54 0.15097 8.09799e-06 
9.54 0.15297 5.00324e-06 
9.54 0.15497 2.90268e-06 
9.54 0.15697 1.55114e-06 
9.54 0.15897 7.53421e-07 
9.54 0.16097 3.48682e-07 
9.54 0.16297 1.45207e-07 
9.54 0.16497 5.84089e-08 
9.54 0.16697 2.40903e-08 
9.55 0.12297 1.11599e-10 
9.55 0.12497 1.88896e-08 
9.55 0.12697 5.21038e-07 
9.55 0.12897 4.78314e-06 
9.55 0.13097 1.52648e-05 
9.55 0.13297 2.36543e-05 
9.55 0.13497 2.75087e-05 
9.55 0.13697 1.54592e-05 
9.55 0.13897 3.01243e-05 
9.55 0.14097 3.05956e-05 
9.55 0.14297 2.6232e-05 
9.55 0.14497 2.30953e-05 
9.55 0.14697 2.30302e-05 
9.55 0.14897 1.03225e-05 
9.55 0.15097 4.12411e-06 
9.55 0.15297 4.56144e-06 
9.55 0.15497 2.89634e-06 
9.55 0.15697 8.79938e-07 
9.55 0.15897 3.82332e-07 
9.55 0.16097 1.58609e-07 
9.55 0.16297 6.14098e-08 
9.55 0.16497 1.8319e-08 
9.56 0.12097 5.5569e-09 
9.56 0.12297 3.38737e-07 
9.56 0.12497 3.75788e-06 
9.56 0.12697 1.60458e-05 
9.56 0.12897 3.00392e-05 
9.56 0.13097 3.94127e-05 
9.56 0.13297 2.49859e-05 
9.56 0.13497 4.21259e-05 
9.56 0.13697 4.64153e-05 
9.56 0.13897 4.31595e-05 
9.56 0.14097 3.63206e-05 
9.56 0.14297 4.12511e-05 
9.56 0.14497 1.1957e-05 
9.56 0.14697 1.52286e-05 
9.56 0.14897 9.32433e-06 
9.56 0.15097 5.17574e-06 
9.56 0.15297 2.81284e-06 
9.56 0.15497 1.64011e-06 
9.56 0.15697 4.16078e-07 
9.56 0.15897 1.71142e-07 
9.56 0.16097 6.20013e-08 
9.56 0.16297 9.18459e-09 
9.57 0.11697 2.38244e-09 
9.57 0.11897 1.69462e-07 
9.57 0.12097 2.9657e-06 
9.57 0.12297 1.45165e-05 
9.57 0.12497 3.59034e-05 
9.57 0.12697 4.83331e-05 
9.57 0.12897 4.67272e-05 
9.57 0.13097 4.67041e-05 
9.57 0.13297 6.87923e-05 
9.57 0.13497 6.77673e-05 
9.57 0.13697 6.06198e-05 
9.57 0.13897 5.19135e-05 
9.57 0.14097 3.76303e-05 
9.57 0.14297 2.89115e-05 
9.57 0.14497 1.85343e-05 
9.57 0.14697 1.08559e-05 
9.57 0.14897 5.90966e-06 
9.57 0.15097 2.92998e-06 
9.57 0.15297 1.38026e-06 
9.57 0.15497 7.27082e-07 
9.57 0.15697 1.8048e-07 
9.57 0.15897 4.04404e-08 
9.58 0.11297 4.90881e-10 
9.58 0.11497 5.7117e-08 
9.58 0.11697 1.64966e-06 
9.58 0.11897 1.23939e-05 
9.58 0.12097 3.89627e-05 
9.58 0.12297 6.31001e-05 
9.58 0.12497 7.78966e-05 
9.58 0.12697 4.42881e-05 
9.58 0.12897 9.55615e-05 
9.58 0.13097 9.4056e-05 
9.58 0.13297 9.71377e-05 
9.58 0.13497 8.67217e-05 
9.58 0.13697 6.53609e-05 
9.58 0.13897 5.01119e-05 
9.58 0.14097 3.28844e-05 
9.58 0.14297 1.94844e-05 
9.58 0.14497 1.23135e-05 
9.58 0.14697 6.58911e-06 
9.58 0.14897 3.23031e-06 
9.58 0.15097 1.52142e-06 
9.58 0.15297 6.33922e-07 
9.58 0.15497 1.6943e-07 
9.58 0.15697 2.35833e-08 
9.59 0.11097 1.63264e-08 
9.59 0.11297 9.16223e-07 
9.59 0.11497 1.02996e-05 
9.59 0.11697 3.97461e-05 
9.59 0.11897 6.97692e-05 
9.59 0.12097 9.24549e-05 
9.59 0.12297 5.49881e-05 
9.59 0.12497 0.000129908 
9.59 0.12697 0.000140322 
9.59 0.12897 0.000138116 
9.59 0.13097 0.000118922 
9.59 0.13297 0.000116402 
9.59 0.13497 8.53614e-05 
9.59 0.13697 6.06614e-05 
9.59 0.13897 3.89213e-05 
9.59 0.14097 2.31045e-05 
9.59 0.14297 1.26232e-05 
9.59 0.14497 6.5862e-06 
9.59 0.14697 3.07524e-06 
9.59 0.14897 1.36178e-06 
9.59 0.15097 5.52967e-07 
9.59 0.15297 2.11406e-07 
9.6 0.10697 4.07342e-09 
9.6 0.10897 3.69729e-07 
9.6 0.11097 5.7288e-06 
9.6 0.11297 3.48945e-05 
9.6 0.11497 7.94182e-05 
9.6 0.11697 0.00011386 
9.6 0.11897 7.08801e-05 
9.6 0.12097 0.000156331 
9.6 0.12297 0.000188521 
9.6 0.12497 0.000200833 
9.6 0.12697 0.000190303 
9.6 0.12897 0.000163884 
9.6 0.13097 0.000135972 
9.6 0.13297 0.000103112 
9.6 0.13497 7.1506e-05 
9.6 0.13697 4.44716e-05 
9.6 0.13897 2.56336e-05 
9.6 0.14097 1.36558e-05 
9.6 0.14297 6.7068e-06 
9.6 0.14497 3.06337e-06 
9.6 0.14697 1.28237e-06 
9.6 0.14897 4.66564e-07 
9.6 0.15097 1.4431e-07 
9.61 0.10297 1.21726e-09 
9.61 0.10497 1.56355e-07 
9.61 0.10697 3.43754e-06 
9.61 0.10897 2.78628e-05 
9.61 0.11097 7.77334e-05 
9.61 0.11297 0.00013238 
9.61 0.11497 8.72603e-05 
9.61 0.11697 0.000200562 
9.61 0.11897 0.000241685 
9.61 0.12097 0.000251887 
9.61 0.12297 0.000268568 
9.61 0.12497 0.000252243 
9.61 0.12697 0.000211086 
9.61 0.12897 0.000163452 
9.61 0.13097 0.000116059 
9.61 0.13297 7.62597e-05 
9.61 0.13497 4.6304e-05 
9.61 0.13697 2.71553e-05 
9.61 0.13897 1.42493e-05 
9.61 0.14097 6.89267e-06 
9.61 0.14297 3.02378e-06 
9.61 0.14497 1.23286e-06 
9.61 0.14697 3.75625e-07 
9.61 0.14897 8.16326e-08 
9.62 0.09897 2.64322e-10 
9.62 0.10097 4.48339e-08 
9.62 0.10297 1.8853e-06 
9.62 0.10497 2.03076e-05 
9.62 0.10697 7.1447e-05 
9.62 0.10897 0.000136819 
9.62 0.11097 9.66224e-05 
9.62 0.11297 0.000227069 
9.62 0.11497 0.000305644 
9.62 0.11697 0.000349658 
9.62 0.11897 0.000347072 
9.62 0.12097 0.000348078 
9.62 0.12297 0.000342127 
9.62 0.12497 0.000249574 
9.62 0.12697 0.000196692 
9.62 0.12897 0.000133863 
9.62 0.13097 8.47569e-05 
9.62 0.13297 4.93659e-05 
9.62 0.13497 2.67812e-05 
9.62 0.13697 1.34275e-05 
9.62 0.13897 6.63459e-06 
9.62 0.14097 2.84283e-06 
9.62 0.14297 1.06045e-06 
9.62 0.14497 3.33063e-07 
9.63 0.09697 1.1637e-08 
9.63 0.09897 6.93188e-07 
9.63 0.10097 1.13828e-05 
9.63 0.10297 6.40544e-05 
9.63 0.10497 0.000144109 
9.63 0.10697 0.000110103 
9.63 0.10897 0.000249905 
9.63 0.11097 0.00033959 
9.63 0.11297 0.000427462 
9.63 0.11497 0.000475725 
9.63 0.11697 0.000479411 
9.63 0.11897 0.000451113 
9.63 0.12097 0.000382432 
9.63 0.12297 0.00031519 
9.63 0.12497 0.000223465 
9.63 0.12697 0.000135834 
9.63 0.12897 6.18043e-05 
9.63 0.13097 6.68555e-05 
9.63 0.13297 3.6861e-05 
9.63 0.13497 1.88472e-05 
9.63 0.13697 1.02065e-05 
9.63 0.13897 2.54555e-06 
9.63 0.14097 8.2943e-07 
9.63 0.14297 1.8515e-07 
9.64 0.09297 2.88053e-09 
9.64 0.09497 2.9807e-07 
9.64 0.09697 5.917e-06 
9.64 0.09897 4.45724e-05 
9.64 0.10097 0.00012833 
9.64 0.10297 0.000131616 
9.64 0.10497 0.000265521 
9.64 0.10697 0.000407435 
9.64 0.10897 0.000488756 
9.64 0.11097 0.000579069 
9.64 0.11297 0.000628849 
9.64 0.11497 0.000623723 
9.64 0.11697 0.000559406 
9.64 0.11897 0.000454171 
9.64 0.12097 0.000331896 
9.64 0.12297 0.000139003 
9.64 0.12497 0.000185813 
9.64 0.12697 0.000120043 
9.64 0.12897 6.77884e-05 
9.64 0.13097 3.54672e-05 
9.64 0.13297 1.7218e-05 
9.64 0.13497 7.73698e-06 
9.64 0.13697 3.5272e-06 
9.64 0.13897 6.55457e-07 
9.65 0.08897 5.545e-10 
9.65 0.09097 8.5679e-08 
9.65 0.09297 3.10897e-06 
9.65 0.09497 3.22182e-05 
9.65 0.09697 0.000118409 
9.65 0.09897 0.000129035 
9.65 0.10097 0.00025674 
9.65 0.10297 0.000446287 
9.65 0.10497 0.000601052 
9.65 0.10697 0.000719202 
9.65 0.10897 0.000740239 
9.65 0.11097 0.000792815 
9.65 0.11297 0.000787116 
9.65 0.11497 0.000673226 
9.65 0.11697 0.000521186 
9.65 0.11897 0.000219234 
9.65 0.12097 0.000296243 
9.65 0.12297 0.000189205 
9.65 0.12497 0.000113424 
9.65 0.12697 6.52441e-05 
9.65 0.12897 3.42658e-05 
9.65 0.13097 1.60956e-05 
9.65 0.13297 6.73844e-06 
9.65 0.13497 2.79686e-06 
9.65 0.13697 6.49168e-07 
9.66 0.08497 1.15241e-10 
9.66 0.08697 1.91329e-08 
9.66 0.08897 1.22567e-06 
9.66 0.09097 1.86717e-05 
9.66 0.09297 9.59943e-05 
9.66 0.09497 0.00013576 
9.66 0.09697 0.000256469 
9.66 0.09897 0.000457265 
9.66 0.10097 0.000597131 
9.66 0.10297 0.000832916 
9.66 0.10497 0.000959795 
9.66 0.10697 0.00101039 
9.66 0.10897 0.000986287 
9.66 0.11097 0.000868479 
9.66 0.11297 0.000475483 
9.66 0.11497 0.000625881 
9.66 0.11697 0.00047373 
9.66 0.11897 0.000316184 
9.66 0.12097 0.000195103 
9.66 0.12297 0.000112004 
9.66 0.12497 5.93911e-05 
9.66 0.12697 2.91234e-05 
9.66 0.12897 1.42764e-05 
9.66 0.13097 5.47639e-06 
9.66 0.13297 2.1247e-06 
9.66 0.13497 4.80257e-07 
9.67 0.08297 6.6017e-09 
9.67 0.08497 3.5885e-07 
9.67 0.08697 9.84801e-06 
9.67 0.08897 6.96804e-05 
9.67 0.09097 0.000155701 
9.67 0.09297 0.000208702 
9.67 0.09497 0.00046435 
9.67 0.09697 0.000681485 
9.67 0.09897 0.000890245 
9.67 0.10097 0.00101197 
9.67 0.10297 0.00125486 
9.67 0.10497 0.00127262 
9.67 0.10697 0.00121642 
9.67 0.10897 0.000676024 
9.67 0.11097 0.000852907 
9.67 0.11297 0.000711709 
9.67 0.11497 0.000494987 
9.67 0.11697 0.000312071 
9.67 0.11897 0.000192361 
9.67 0.12097 0.000108707 
9.67 0.12297 5.60596e-05 
9.67 0.12497 2.67898e-05 
9.67 0.12697 1.13547e-05 
9.67 0.12897 4.28385e-06 
9.67 0.13097 1.73875e-06 
9.68 0.07097 6.38413e-09 
9.68 0.07897 1.69788e-09 
9.68 0.08097 1.49897e-07 
9.68 0.08297 4.28219e-06 
9.68 0.08497 4.30086e-05 
9.68 0.08697 0.000128751 
9.68 0.08897 0.000168353 
9.68 0.09097 0.000433202 
9.68 0.09297 0.000703153 
9.68 0.09497 0.000963127 
9.68 0.09697 0.00122427 
9.68 0.09897 0.0013984 
9.68 0.10097 0.00130484 
9.68 0.10297 0.0013404 
9.68 0.10497 0.0008928 
9.68 0.10697 0.00120207 
9.68 0.10897 0.000967384 
9.68 0.11097 0.000711317 
9.68 0.11297 0.000492159 
9.68 0.11497 0.00032129 
9.68 0.11697 0.000186189 
9.68 0.11897 0.000100342 
9.68 0.12097 4.91663e-05 
9.68 0.12297 2.27229e-05 
9.68 0.12497 8.9241e-06 
9.68 0.12697 3.52192e-06 
9.68 0.12897 8.06707e-07 
9.69 0.07497 2.43713e-10 
9.69 0.07697 3.60915e-08 
9.69 0.07897 1.90251e-06 
9.69 0.08097 2.57151e-05 
9.69 0.08297 0.000111804 
9.69 0.08497 0.000139883 
9.69 0.08697 0.000404158 
9.69 0.08897 0.000644963 
9.69 0.09097 0.00092692 
9.69 0.09297 0.00124858 
9.69 0.09497 0.00148629 
9.69 0.09697 0.0016157 
9.69 0.09897 0.000864306 
9.69 0.10097 0.00164742 
9.69 0.10297 0.00154398 
9.69 0.10497 0.00133465 
9.69 0.10697 0.00105841 
9.69 0.10897 0.000747725 
9.69 0.11097 0.000484357 
9.69 0.11297 0.000290817 
9.69 0.11497 0.000168805 
9.69 0.11697 9.18801e-05 
9.69 0.11897 4.39695e-05 
9.69 0.12097 1.79982e-05 
9.69 0.12297 7.32569e-06 
9.69 0.12497 2.80679e-06 
9.7 0.06497 8.48556e-08 
9.7 0.07297 8.6705e-09 
9.7 0.07497 5.96742e-07 
9.7 0.07697 1.23282e-05 
9.7 0.07897 8.36912e-05 
9.7 0.08097 9.82255e-05 
9.7 0.08297 0.000332174 
9.7 0.08497 0.000597933 
9.7 0.08697 0.000950874 
9.7 0.08897 0.001244 
9.7 0.09097 0.00162862 
9.7 0.09297 0.00107913 
9.7 0.09497 0.00189576 
9.7 0.09697 0.00200707 
9.7 0.09897 0.00179332 
9.7 0.10097 0.00164367 
9.7 0.10297 0.00140406 
9.7 0.10497 0.00110566 
9.7 0.10697 0.000755981 
9.7 0.10897 0.00046706 
9.7 0.11097 0.000232061 
9.7 0.11297 0.000155375 
9.7 0.11497 0.000103842 
9.7 0.11697 5.8955e-05 
9.7 0.11897 1.5939e-05 
9.7 0.12097 5.87691e-06 
9.7 0.12297 1.35553e-06 
9.71 0.06097 5.97702e-08 
9.71 0.06297 1.61239e-07 
9.71 0.06897 1.67442e-10 
9.71 0.07097 1.65068e-07 
9.71 0.07297 4.634e-06 
9.71 0.07497 3.22321e-05 
9.71 0.07697 8.59645e-05 
9.71 0.07897 0.000279686 
9.71 0.08097 0.000527604 
9.71 0.08297 0.000848455 
9.71 0.08497 0.00126725 
9.71 0.08697 0.00133297 
9.71 0.08897 0.00135414 
9.71 0.09097 0.00221694 
9.71 0.09297 0.00236762 
9.71 0.09497 0.00232345 
9.71 0.09697 0.00211225 
9.71 0.09897 0.00174086 
9.71 0.10097 0.00144463 
9.71 0.10297 0.000790019 
9.71 0.10497 0.000630313 
9.71 0.10697 0.000575439 
9.71 0.10897 0.000335915 
9.71 0.11097 0.00017967 
9.71 0.11297 9.01069e-05 
9.71 0.11497 3.95503e-05 
9.71 0.11697 2.03347e-05 
9.71 0.11897 5.36452e-06 
9.72 0.05897 1.14121e-07 
9.72 0.06097 7.17364e-08 
9.72 0.06697 6.78711e-09 
9.72 0.06897 1.8736e-06 
9.72 0.07097 1.39549e-05 
9.72 0.07297 6.2816e-05 
9.72 0.07497 0.000232641 
9.72 0.07697 0.000447073 
9.72 0.07897 0.000778797 
9.72 0.08097 0.00118433 
9.72 0.08297 0.000951268 
9.72 0.08497 0.00165196 
9.72 0.08697 0.00228306 
9.72 0.08897 0.00263727 
9.72 0.09097 0.0027735 
9.72 0.09297 0.00262385 
9.72 0.09497 0.0013659 
9.72 0.09697 0.00281606 
9.72 0.09897 0.000864869 
9.72 0.10097 0.00118587 
9.72 0.10297 0.00077914 
9.72 0.10497 0.000479223 
9.72 0.10697 0.000276599 
9.72 0.10897 0.000158677 
9.72 0.11097 7.49604e-05 
9.72 0.11297 3.22598e-05 
9.72 0.11497 1.35472e-05 
9.72 0.11697 5.15782e-06 
9.73 0.05497 7.76644e-08 
9.73 0.05697 1.08253e-07 
9.73 0.06297 1.01207e-09 
9.73 0.06497 1.46519e-07 
9.73 0.06697 6.63747e-06 
9.73 0.06897 3.22228e-05 
9.73 0.07097 0.000163432 
9.73 0.07297 0.000391317 
9.73 0.07497 0.000651475 
9.73 0.07697 0.001055 
9.73 0.07897 0.000904412 
9.73 0.08097 0.00185134 
9.73 0.08297 0.00216544 
9.73 0.08497 0.00269865 
9.73 0.08697 0.00301829 
9.73 0.08897 0.00248193 
9.73 0.09097 0.00227772 
9.73 0.09297 0.00265363 
9.73 0.09497 0.00218969 
9.73 0.09697 0.00166374 
9.73 0.09897 0.00114289 
9.73 0.10097 0.000731106 
9.73 0.10297 0.000433694 
9.73 0.10497 0.00023813 
9.73 0.10697 0.000119168 
9.73 0.10897 5.65154e-05 
9.73 0.11097 2.56931e-05 
9.73 0.11297 1.03187e-05 
9.73 0.11497 2.39909e-06 
9.74 0.05097 2.81845e-08 
9.74 0.05297 1.17752e-07 
9.74 0.06097 3.79496e-08 
9.74 0.06297 2.86713e-06 
9.74 0.06497 1.67192e-05 
9.74 0.06697 0.000102159 
9.74 0.06897 0.000284865 
9.74 0.07097 0.00060015 
9.74 0.07297 0.000693203 
9.74 0.07497 0.00101696 
9.74 0.07697 0.00181699 
9.74 0.07897 0.00235763 
9.74 0.08097 0.00264865 
9.74 0.08297 0.00316722 
9.74 0.08497 0.00185049 
9.74 0.08697 0.00323634 
9.74 0.08897 0.00312715 
9.74 0.09097 0.0027608 
9.74 0.09297 0.00224776 
9.74 0.09497 0.00161704 
9.74 0.09697 0.00108166 
9.74 0.09897 0.000668502 
9.74 0.10097 0.000381055 
9.74 0.10297 0.00020085 
9.74 0.10497 9.26454e-05 
9.74 0.10697 4.23341e-05 
9.74 0.10897 1.83062e-05 
9.74 0.11097 7.3658e-06 
9.75 0.04697 1.82593e-08 
9.75 0.04897 8.0169e-08 
9.75 0.05097 3.24929e-08 
9.75 0.05697 4.42564e-09 
9.75 0.05897 3.85653e-07 
9.75 0.06097 7.65554e-06 
9.75 0.06297 6.05969e-05 
9.75 0.06497 0.000195112 
9.75 0.06697 0.000442559 
9.75 0.06897 0.000531268 
9.75 0.07097 0.00101636 
9.75 0.07297 0.00158649 
9.75 0.07497 0.00230807 
9.75 0.07697 0.00293205 
9.75 0.07897 0.00251191 
9.75 0.08097 0.00291681 
9.75 0.08297 0.0036856 
9.75 0.08497 0.00353203 
9.75 0.08697 0.00306189 
9.75 0.08897 0.00266377 
9.75 0.09097 0.00213958 
9.75 0.09297 0.00154213 
9.75 0.09497 0.000991961 
9.75 0.09697 0.000590268 
9.75 0.09897 0.0003246 
9.75 0.10097 0.00016078 
9.75 0.10297 7.3449e-05 
9.75 0.10497 3.22273e-05 
9.75 0.10697 1.29655e-05 
9.75 0.10897 3.01006e-06 
9.76 0.04497 5.15595e-08 
9.76 0.04697 4.64586e-08 
9.76 0.05297 3.5424e-10 
9.76 0.05497 1.25694e-07 
9.76 0.05697 3.26577e-06 
9.76 0.05897 3.15954e-05 
9.76 0.06097 0.000140069 
9.76 0.06297 0.000317834 
9.76 0.06497 0.000348337 
9.76 0.06697 0.000842474 
9.76 0.06897 0.00140612 
9.76 0.07097 0.00196637 
9.76 0.07297 0.00284986 
9.76 0.07497 0.00200474 
9.76 0.07697 0.00364764 
9.76 0.07897 0.00400779 
9.76 0.08097 0.00397363 
9.76 0.08297 0.0037091 
9.76 0.08497 0.0024867 
9.76 0.08697 0.00330966 
9.76 0.08897 0.00190422 
9.76 0.09097 0.00134619 
9.76 0.09297 0.000582027 
9.76 0.09497 0.000596675 
9.76 0.09697 0.000354916 
9.76 0.09897 0.000181994 
9.76 0.10097 9.78641e-05 
9.76 0.10297 2.57759e-05 
9.76 0.10497 9.29618e-06 
9.77 0.04097 3.22813e-08 
9.77 0.04297 3.08625e-08 
9.77 0.04497 2.60349e-07 
9.77 0.05097 3.21405e-08 
9.77 0.05297 1.06182e-06 
9.77 0.05497 1.45505e-05 
9.77 0.05697 8.67616e-05 
9.77 0.05897 0.000260743 
9.77 0.06097 0.000293248 
9.77 0.06297 0.000647213 
9.77 0.06497 0.00116382 
9.77 0.06697 0.00173579 
9.77 0.06897 0.00216964 
9.77 0.07097 0.00171026 
9.77 0.07297 0.00371599 
9.77 0.07497 0.00416322 
9.77 0.07697 0.00443505 
9.77 0.07897 0.00427806 
9.77 0.08097 0.00220814 
9.77 0.08297 0.00481434 
9.77 0.08497 0.0024195 
9.77 0.08697 0.00103727 
9.77 0.08897 0.0013766 
9.77 0.09097 0.000880335 
9.77 0.09297 0.00052509 
9.77 0.09497 0.000288358 
9.77 0.09697 0.000139813 
9.77 0.09897 6.40022e-05 
9.77 0.10097 3.21928e-05 
9.77 0.10297 5.47657e-06 
9.78 0.03697 1.38865e-08 
9.78 0.03897 1.92437e-08 
9.78 0.04097 2.95344e-07 
9.78 0.04897 3.63576e-07 
9.78 0.05097 7.67117e-06 
9.78 0.05297 5.41518e-05 
9.78 0.05497 0.000169305 
9.78 0.05697 0.000218485 
9.78 0.05897 0.000601937 
9.78 0.06097 0.000900437 
9.78 0.06297 0.0015236 
9.78 0.06497 0.00187191 
9.78 0.06697 0.0016983 
9.78 0.06897 0.00327785 
9.78 0.07097 0.00390332 
9.78 0.07297 0.00454 
9.78 0.07497 0.00351797 
9.78 0.07697 0.00376534 
9.78 0.07897 0.00409216 
9.78 0.08097 0.00442538 
9.78 0.08297 0.0016468 
9.78 0.08497 0.00184962 
9.78 0.08697 0.00119828 
9.78 0.08897 0.000717695 
9.78 0.09097 0.000420178 
9.78 0.09297 0.000213613 
9.78 0.09497 0.000103838 
9.78 0.09697 4.70781e-05 
9.78 0.09897 1.92993e-05 
9.78 0.10097 4.53884e-06 
9.79 0.03297 7.86954e-09 
9.79 0.03497 1.12312e-08 
9.79 0.03697 4.71783e-07 
9.79 0.04497 3.01079e-08 
9.79 0.04697 2.85769e-06 
9.79 0.04897 2.62537e-05 
9.79 0.05097 0.000125529 
9.79 0.05297 0.000140386 
9.79 0.05497 0.000452712 
9.79 0.05697 0.000833668 
9.79 0.05897 0.00118698 
9.79 0.06097 0.00146317 
9.79 0.06297 0.00198803 
9.79 0.06497 0.00289533 
9.79 0.06697 0.00414682 
9.79 0.06897 0.00444108 
9.79 0.07097 0.00254867 
9.79 0.07297 0.00457759 
9.79 0.07497 0.00429781 
9.79 0.07697 0.0043012 
9.79 0.07897 0.00291958 
9.79 0.08097 0.00240805 
9.79 0.08297 0.00162422 
9.79 0.08497 0.00101395 
9.79 0.08697 0.000588308 
9.79 0.08897 0.000306124 
9.79 0.09097 0.000151874 
9.79 0.09297 7.67879e-05 
9.79 0.09497 3.27188e-05 
9.79 0.09697 1.29931e-05 
9.8 0.02897 2.45682e-09 
9.8 0.03097 6.40281e-09 
9.8 0.03297 1.74626e-07 
9.8 0.03497 2.78875e-07 
9.8 0.04297 5.49106e-07 
9.8 0.04497 1.34504e-05 
9.8 0.04697 7.2153e-05 
9.8 0.04897 0.000127701 
9.8 0.05097 0.000293351 
9.8 0.05297 0.000656168 
9.8 0.05497 0.00109821 
9.8 0.05697 0.000964269 
9.8 0.05897 0.00188579 
9.8 0.06097 0.00286417 
9.8 0.06297 0.00338424 
9.8 0.06497 0.00428919 
9.8 0.06697 0.00298601 
9.8 0.06897 0.00482878 
9.8 0.07097 0.00474521 
9.8 0.07297 0.00430467 
9.8 0.07497 0.00373188 
9.8 0.07697 0.00291444 
9.8 0.07897 0.00210768 
9.8 0.08097 0.00138129 
9.8 0.08297 0.000841051 
9.8 0.08497 0.000462913 
9.8 0.08697 0.000235864 
9.8 0.08897 0.000113199 
9.8 0.09097 5.05447e-05 
9.8 0.09297 2.06197e-05 
9.8 0.09497 5.43845e-06 
9.81 0.02497 1.32189e-09 
9.81 0.02897 1.06781e-07 
9.81 0.03097 4.35124e-07 
9.81 0.03897 7.18405e-08 
9.81 0.04097 4.49796e-06 
9.81 0.04297 3.45231e-05 
9.81 0.04497 8.28191e-05 
9.81 0.04697 0.000239482 
9.81 0.04897 0.000391751 
9.81 0.05097 0.000870622 
9.81 0.05297 0.000934956 
9.81 0.05497 0.00143458 
9.81 0.05697 0.00243498 
9.81 0.05897 0.00308347 
9.81 0.06097 0.00248811 
9.81 0.06297 0.0044025 
9.81 0.06497 0.00495064 
9.81 0.06697 0.0050456 
9.81 0.06897 0.0045986 
9.81 0.07097 0.00236844 
9.81 0.07297 0.00518354 
9.81 0.07497 0.00256079 
9.81 0.07697 0.00178886 
9.81 0.07897 0.00112179 
9.81 0.08097 0.000651851 
9.81 0.08297 0.000325002 
9.81 0.08497 0.000208296 
9.81 0.08697 9.60557e-05 
9.81 0.08897 3.54573e-05 
9.81 0.09097 1.41049e-05 
9.82 0.02297 1.5208e-09 
9.82 0.02697 2.56376e-07 
9.82 0.02897 2.4329e-07 
9.82 0.03497 1.83046e-08 
9.82 0.03697 7.31565e-07 
9.82 0.03897 1.67687e-05 
9.82 0.04097 5.22065e-05 
9.82 0.04297 0.000135425 
9.82 0.04497 0.000325347 
9.82 0.04697 0.000502551 
9.82 0.04897 0.000568032 
9.82 0.05097 0.00121146 
9.82 0.05297 0.00172243 
9.82 0.05497 0.00264058 
9.82 0.05697 0.00199531 
9.82 0.05897 0.00386128 
9.82 0.06097 0.00496448 
9.82 0.06297 0.00505579 
9.82 0.06497 0.00306898 
9.82 0.06697 0.00428366 
9.82 0.06897 0.00576107 
9.82 0.07097 0.0030623 
9.82 0.07297 0.0021876 
9.82 0.07497 0.00102013 
9.82 0.07697 0.00095914 
9.82 0.07897 0.000675638 
9.82 0.08097 0.000369309 
9.82 0.08297 0.000186303 
9.82 0.08497 8.86075e-05 
9.82 0.08697 4.40273e-05 
9.82 0.08897 7.12211e-06 
9.83 0.02297 8.70999e-08 
9.83 0.02497 3.51786e-07 
9.83 0.03297 3.67043e-07 
9.83 0.03497 3.80986e-06 
9.83 0.03697 4.80943e-05 
9.83 0.03897 6.46642e-05 
9.83 0.04097 0.000226054 
9.83 0.04297 0.000435229 
9.83 0.04497 0.000337164 
9.83 0.04697 0.000982551 
9.83 0.04897 0.00144621 
9.83 0.05097 0.00176988 
9.83 0.05297 0.00209929 
9.83 0.05497 0.00384119 
9.83 0.05697 0.0041296 
9.83 0.05897 0.00434764 
9.83 0.06097 0.00314734 
9.83 0.06297 0.00486326 
9.83 0.06497 0.00435576 
9.83 0.06697 0.00503168 
9.83 0.06897 0.00233777 
9.83 0.07097 0.00127145 
9.83 0.07297 0.00150232 
9.83 0.07497 0.000913355 
9.83 0.07697 0.000518 
9.83 0.07897 0.000276598 
9.83 0.08097 0.000134503 
9.83 0.08297 6.10057e-05 
9.83 0.08497 2.55339e-05 
9.83 0.08697 6.0758e-06 
9.84 0.01897 4.86351e-08 
9.84 0.02097 2.04162e-07 
9.84 0.02297 1.86931e-07 
9.84 0.02897 7.6654e-08 
9.84 0.03097 1.29308e-06 
9.84 0.03297 1.48743e-05 
9.84 0.03497 6.52964e-05 
9.84 0.03697 0.000133179 
9.84 0.03897 0.00031218 
9.84 0.04097 0.000267037 
9.84 0.04297 0.000739753 
9.84 0.04497 0.00124007 
9.84 0.04697 0.000920283 
9.84 0.04897 0.00220029 
9.84 0.05097 0.00321541 
9.84 0.05297 0.00378576 
9.84 0.05497 0.002513 
9.84 0.05697 0.00441544 
9.84 0.05897 0.00463628 
9.84 0.06097 0.00465588 
9.84 0.06297 0.00566844 
9.84 0.06497 0.00193276 
9.84 0.06697 0.00205858 
9.84 0.06897 0.0016609 
9.84 0.07097 0.00113835 
9.84 0.07297 0.000710316 
9.84 0.07497 0.000395057 
9.84 0.07697 0.000199024 
9.84 0.07897 9.46819e-05 
9.84 0.08097 4.08131e-05 
9.84 0.08297 1.65279e-05 
9.85 0.01697 1.14807e-07 
9.85 0.01897 2.70159e-07 
9.85 0.02697 5.25657e-07 
9.85 0.02897 5.38369e-06 
9.85 0.03097 3.38185e-05 
9.85 0.03297 0.000100192 
9.85 0.03497 0.000161241 
9.85 0.03697 0.000224841 
9.85 0.03897 0.00049471 
9.85 0.04097 0.000948333 
9.85 0.04297 0.000857812 
9.85 0.04497 0.00175556 
9.85 0.04697 0.00227856 
9.85 0.04897 0.00331689 
9.85 0.05097 0.00234811 
9.85 0.05297 0.00423249 
9.85 0.05497 0.00459767 
9.85 0.05697 0.00453045 
9.85 0.05897 0.00420419 
9.85 0.06097 0.00370153 
9.85 0.06297 0.00270152 
9.85 0.06497 0.00203538 
9.85 0.06697 0.00135379 
9.85 0.06897 0.000838527 
9.85 0.07097 0.000478315 
9.85 0.07297 0.000268611 
9.85 0.07497 0.000140716 
9.85 0.07697 6.47583e-05 
9.85 0.07897 2.69707e-05 
9.85 0.08097 6.55864e-06 
9.86 0.01297 6.25615e-08 
9.86 0.01497 2.84202e-07 
9.86 0.01697 6.51926e-08 
9.86 0.02297 6.64574e-08 
9.86 0.02497 3.2539e-06 
9.86 0.02697 1.5787e-05 
9.86 0.02897 5.83638e-05 
9.86 0.03097 0.00011646 
9.86 0.03297 0.000143017 
9.86 0.03497 0.000384578 
9.86 0.03697 0.000633729 
9.86 0.03897 0.000445984 
9.86 0.04097 0.00138021 
9.86 0.04297 0.00185232 
9.86 0.04497 0.00192988 
9.86 0.04697 0.00317172 
9.86 0.04897 0.00376203 
9.86 0.05097 0.00408601 
9.86 0.05297 0.00445315 
9.86 0.05497 0.00275339 
9.86 0.05697 0.00355219 
9.86 0.05897 0.0048614 
9.86 0.06097 0.00238408 
9.86 0.06297 0.00166398 
9.86 0.06497 0.00106364 
9.86 0.06697 0.000639685 
9.86 0.06897 0.000352692 
9.86 0.07097 0.000181612 
9.86 0.07297 8.57996e-05 
9.86 0.07497 4.08769e-05 
9.86 0.07697 1.74077e-05 
9.87 0.00896999 2.04441e-08 
9.87 0.01097 1.5558e-07 
9.87 0.01297 1.03631e-07 
9.87 0.01897 1.0268e-07 
9.87 0.02097 7.55441e-07 
9.87 0.02297 9.01432e-06 
9.87 0.02497 2.89162e-05 
9.87 0.02697 8.11277e-05 
9.87 0.02897 0.000132305 
9.87 0.03097 0.000206268 
9.87 0.03297 0.00040682 
9.87 0.03497 0.000352732 
9.87 0.03697 0.000944575 
9.87 0.03897 0.00130494 
9.87 0.04097 0.00140367 
9.87 0.04297 0.00286986 
9.87 0.04497 0.0033284 
9.87 0.04697 0.00376868 
9.87 0.04897 0.00260837 
9.87 0.05097 0.00340329 
9.87 0.05297 0.00411119 
9.87 0.05497 0.00518491 
9.87 0.05697 0.00267097 
9.87 0.05897 0.00193704 
9.87 0.06097 0.00132368 
9.87 0.06297 0.000809009 
9.87 0.06497 0.000430189 
9.87 0.06697 0.000244781 
9.87 0.06897 0.000158376 
9.87 0.07097 8.40584e-05 
9.87 0.07297 3.00611e-05 
9.87 0.07497 5.97681e-06 
9.88 0.00497001 1.03379e-08 
9.88 0.00697002 8.29677e-08 
9.88 0.00896999 1.4134e-07 
9.88 0.01697 1.53864e-07 
9.88 0.01897 3.38277e-06 
9.88 0.02097 1.91299e-05 
9.88 0.02297 4.18789e-05 
9.88 0.02497 7.63267e-05 
9.88 0.02697 0.000135015 
9.88 0.02897 0.000252335 
9.88 0.03097 0.000280164 
9.88 0.03297 0.000693679 
9.88 0.03497 0.000979311 
9.88 0.03697 0.000880405 
9.88 0.03897 0.00227992 
9.88 0.04097 0.00272994 
9.88 0.04297 0.0030345 
9.88 0.04497 0.00227047 
9.88 0.04697 0.00370796 
9.88 0.04897 0.00362351 
9.88 0.05097 0.00352228 
9.88 0.05297 0.00455796 
9.88 0.05497 0.0022199 
9.88 0.05697 0.00153597 
9.88 0.05897 0.000711993 
9.88 0.06097 0.000676982 
9.88 0.06297 0.000459577 
9.88 0.06497 0.000248878 
9.88 0.06697 0.000123045 
9.88 0.06897 5.66262e-05 
9.88 0.07097 2.43594e-05 
9.88 0.07297 5.26805e-06 
9.89 0.00297001 4.31669e-08 
9.89 0.00497001 7.32757e-08 
9.89 0.00697002 6.55079e-08 
9.89 0.01297 5.40516e-07 
9.89 0.01497 7.52431e-07 
9.89 0.01697 7.79771e-06 
9.89 0.01897 1.62137e-05 
9.89 0.02097 5.05986e-05 
9.89 0.02297 8.56587e-05 
9.89 0.02497 0.000143263 
9.89 0.02697 0.000215683 
9.89 0.02897 0.000497362 
9.89 0.03097 0.000600545 
9.89 0.03297 0.000792026 
9.89 0.03497 0.00190088 
9.89 0.03697 0.00227524 
9.89 0.03897 0.00160001 
9.89 0.04097 0.00272483 
9.89 0.04297 0.00337214 
9.89 0.04497 0.00341881 
9.89 0.04697 0.00326255 
9.89 0.04897 0.00437457 
9.89 0.05097 0.00243371 
9.89 0.05297 0.00149532 
9.89 0.05497 0.000988176 
9.89 0.05697 0.000969163 
9.89 0.05897 0.000588168 
9.89 0.06097 0.000331854 
9.89 0.06297 0.000172243 
9.89 0.06497 8.14375e-05 
9.89 0.06697 3.61989e-05 
9.89 0.06897 1.48467e-05 
9.9 -0.00103 1.74014e-08 
9.9 0.000970006 3.83738e-08 
9.9 0.00297001 8.40905e-08 
9.9 0.01097 1.43276e-07 
9.9 0.01297 2.7838e-06 
9.9 0.01497 8.58921e-06 
9.9 0.01697 2.97435e-05 
9.9 0.01897 5.07989e-05 
9.9 0.02097 8.45248e-05 
9.9 0.02297 0.000148987 
9.9 0.02497 0.000331195 
9.9 0.02697 0.00032432 
9.9 0.02897 0.000668942 
9.9 0.03097 0.00133191 
9.9 0.03297 0.00192 
9.9 0.03497 0.00117618 
9.9 0.03697 0.00248198 
9.9 0.03897 0.00286072 
9.9 0.04097 0.0031211 
9.9 0.04297 0.00311788 
9.9 0.04497 0.0014371 
9.9 0.04697 0.00473051 
9.9 0.04897 0.00109731 
9.9 0.05097 0.00152791 
9.9 0.05297 0.00115141 
9.9 0.05497 0.000729176 
9.9 0.05697 0.000426673 
9.9 0.05897 0.000228825 
9.9 0.06097 0.000115353 
9.9 0.06297 5.29453e-05 
9.9 0.06497 2.24229e-05 
9.9 0.06697 5.43913e-06 
9.91 -0.00503001 3.34116e-09 
9.91 -0.00303 2.61815e-08 
9.91 -0.00103 2.15935e-08 
9.91 0.000970006 9.30396e-09 
9.91 0.00896999 6.32647e-07 
9.91 0.01097 2.0836e-06 
9.91 0.01297 1.61112e-05 
9.91 0.01497 3.30724e-05 
9.91 0.01697 3.60794e-05 
9.91 0.01897 0.000110016 
9.91 0.02097 0.000220807 
9.91 0.02297 0.000188764 
9.91 0.02497 0.000497516 
9.91 0.02697 0.000816586 
9.91 0.02897 0.00120336 
9.91 0.03097 0.00137946 
9.91 0.03297 0.0020542 
9.91 0.03497 0.00242649 
9.91 0.03697 0.00269143 
9.91 0.03897 0.00154128 
9.91 0.04097 0.00250664 
9.91 0.04297 0.0034104 
9.91 0.04497 0.00212066 
9.91 0.04697 0.00155945 
9.91 0.04897 0.00114383 
9.91 0.05097 0.0007959 
9.91 0.05297 0.000524161 
9.91 0.05497 0.0002969 
9.91 0.05697 0.000155164 
9.91 0.05897 7.33795e-05 
9.91 0.06097 3.25075e-05 
9.91 0.06297 1.33976e-05 
9.92 -0.00703001 7.14594e-09 
9.92 -0.00503001 8.71935e-09 
9.92 -0.00303 1.32649e-08 
9.92 0.00497001 1.08131e-07 
9.92 0.00697002 6.94177e-07 
9.92 0.00896999 3.92036e-06 
9.92 0.01097 1.70928e-05 
9.92 0.01297 2.45355e-05 
9.92 0.01497 6.80064e-05 
9.92 0.01697 0.00011967 
9.92 0.01897 0.000138749 
9.92 0.02097 0.000356923 
9.92 0.02297 0.000522099 
9.92 0.02497 0.00071889 
9.92 0.02697 0.00117066 
9.92 0.02897 0.00157415 
9.92 0.03097 0.00202333 
9.92 0.03297 0.0015013 
9.92 0.03497 0.0019402 
9.92 0.03697 0.00234065 
9.92 0.03897 0.00230284 
9.92 0.04097 0.00210619 
9.92 0.04297 0.00265921 
9.92 0.04497 0.00123774 
9.92 0.04697 0.000859971 
9.92 0.04897 0.000546488 
9.92 0.05097 0.000319375 
9.92 0.05297 0.000200336 
9.92 0.05497 0.000100597 
9.92 0.05697 4.65277e-05 
9.92 0.05897 1.97397e-05 
9.92 0.06097 4.74068e-06 
9.93 -0.01103 1.35918e-09 
9.93 -0.00902998 2.1541e-09 
9.93 -0.00703001 6.47643e-09 
9.93 -0.00503001 8.87908e-09 
9.93 -0.00103 6.5606e-08 
9.93 0.00297001 1.30728e-07 
9.93 0.00497001 1.63922e-06 
9.93 0.00697002 6.62064e-06 
9.93 0.00896999 1.4077e-05 
9.93 0.01097 3.61977e-05 
9.93 0.01297 6.36101e-05 
9.93 0.01497 8.17692e-05 
9.93 0.01697 0.000217877 
9.93 0.01897 0.000374598 
9.93 0.02097 0.000426681 
9.93 0.02297 0.000921441 
9.93 0.02497 0.00126859 
9.93 0.02697 0.00135029 
9.93 0.02897 0.00101827 
9.93 0.03097 0.00191765 
9.93 0.03297 0.00203691 
9.93 0.03497 0.00117688 
9.93 0.03697 0.00212277 
9.93 0.03897 0.0036159 
9.93 0.04097 0.00132417 
9.93 0.04297 0.000948682 
9.93 0.04497 0.000628432 
9.93 0.04697 0.000383523 
9.93 0.04897 0.000209121 
9.93 0.05097 0.000119841 
9.93 0.05297 6.19696e-05 
9.93 0.05497 3.28945e-05 
9.93 0.05697 1.17123e-05 
9.93 0.05897 2.39481e-10 
9.94 -0.00902998 1.43643e-08 
9.94 0.000970006 1.51916e-07 
9.94 0.00297001 3.11477e-06 
9.94 0.00497001 7.01672e-06 
9.94 0.00697002 2.00605e-05 
9.94 0.00896999 3.77132e-05 
9.94 0.01097 5.14425e-05 
9.94 0.01297 0.000112921 
9.94 0.01497 0.000236473 
9.94 0.01697 0.000221411 
9.94 0.01897 0.000686765 
9.94 0.02097 0.000958727 
9.94 0.02297 0.000758618 
9.94 0.02497 0.0012538 
9.94 0.02697 0.00154743 
9.94 0.02897 0.000898744 
9.94 0.03097 0.00191858 
9.94 0.03297 0.00195852 
9.94 0.03497 0.0024929 
9.94 0.03697 0.00232324 
9.94 0.03897 0.00101653 
9.94 0.04097 0.000689874 
9.94 0.04297 0.000353431 
9.94 0.04497 0.000267464 
9.94 0.04697 0.00019224 
9.94 0.04897 0.000104218 
9.94 0.05097 5.06283e-05 
9.94 0.05297 2.35929e-05 
9.94 0.05497 8.04136e-06 
9.95 -0.01303 1.42601e-09 
9.95 -0.01103 1.15098e-08 
9.95 -0.00902998 2.80359e-08 
9.95 -0.00303 4.53097e-09 
9.95 -0.00103 6.34026e-07 
9.95 0.000970006 3.5483e-06 
9.95 0.00297001 1.08343e-05 
9.95 0.00497001 2.18259e-05 
9.95 0.00697002 2.74629e-05 
9.95 0.00896999 7.1421e-05 
9.95 0.01097 0.00014888 
9.95 0.01297 0.000118928 
9.95 0.01497 0.000448008 
9.95 0.01697 0.000683557 
9.95 0.01897 0.000577416 
9.95 0.02097 0.00106315 
9.95 0.02297 0.000765499 
9.95 0.02497 0.00124583 
9.95 0.02697 0.0016265 
9.95 0.02897 0.00121696 
9.95 0.03097 0.0014295 
9.95 0.03297 0.00289311 
9.95 0.03497 0.0017566 
9.95 0.03697 0.000568841 
9.95 0.03897 0.0004431 
9.95 0.04097 0.000396494 
9.95 0.04297 0.000238946 
9.95 0.04497 0.000130115 
9.95 0.04697 6.67494e-05 
9.95 0.04897 3.08558e-05 
9.95 0.05097 1.32022e-05 
9.95 0.05297 3.26258e-06 
9.96 -0.01503 3.07815e-09 
9.96 -0.01303 1.76268e-08 
9.96 -0.01103 2.31298e-08 
9.96 -0.00503001 8.68157e-08 
9.96 -0.00303 1.15519e-06 
9.96 -0.00103 4.06036e-06 
9.96 0.000970006 1.38918e-05 
9.96 0.00297001 1.24152e-05 
9.96 0.00497001 4.46191e-05 
9.96 0.00697002 7.69745e-05 
9.96 0.00896999 8.89415e-05 
9.96 0.01097 0.000260718 
9.96 0.01297 0.000318348 
9.96 0.01497 0.000459982 
9.96 0.01697 0.000791676 
9.96 0.01897 0.000525802 
9.96 0.02097 0.00112974 
9.96 0.02297 0.00119759 
9.96 0.02497 0.000917096 
9.96 0.02697 0.0015516 
9.96 0.02897 0.00204855 
9.96 0.03097 0.0018539 
9.96 0.03297 0.000867315 
9.96 0.03497 0.000581313 
9.96 0.03697 0.000414275 
9.96 0.03897 0.00026272 
9.96 0.04097 0.000152658 
9.96 0.04297 8.2846e-05 
9.96 0.04497 4.04422e-05 
9.96 0.04697 1.83244e-05 
9.96 0.04897 7.55068e-06 
9.97 -0.01903 3.90127e-10 
9.97 -0.01703 5.56543e-09 
9.97 -0.01503 1.13069e-08 
9.97 -0.01103 1.071e-07 
9.97 -0.00902998 8.44822e-08 
9.97 -0.00703001 4.21861e-07 
9.97 -0.00503001 1.45416e-06 
9.97 -0.00303 4.64456e-06 
9.97 -0.00103 8.84623e-06 
9.97 0.000970006 2.47679e-05 
9.97 0.00297001 4.4481e-05 
9.97 0.00497001 5.21021e-05 
9.97 0.00697002 0.00012194 
9.97 0.00896999 0.000186852 
9.97 0.01097 0.000376424 
9.97 0.01297 0.000385447 
9.97 0.01497 0.00053562 
9.97 0.01697 0.000714381 
9.97 0.01897 0.000425238 
9.97 0.02097 0.00120155 
9.97 0.02297 0.00132737 
9.97 0.02497 0.000724643 
9.97 0.02697 0.00180783 
9.97 0.02897 0.00201877 
9.97 0.03097 0.000600617 
9.97 0.03297 0.000420946 
9.97 0.03497 0.000270468 
9.97 0.03697 0.000165147 
9.97 0.03897 9.3601e-05 
9.97 0.04097 4.70665e-05 
9.97 0.04297 2.41159e-05 
9.97 0.04497 1.05184e-05 
9.97 0.04697 2.58326e-06 
9.98 -0.02303 4.95222e-10 
9.98 -0.02103 1.37348e-09 
9.98 -0.01903 4.23126e-09 
9.98 -0.01503 2.33395e-08 
9.98 -0.01303 8.33109e-08 
9.98 -0.01103 2.08768e-08 
9.98 -0.00902998 4.47205e-07 
9.98 -0.00703001 1.75602e-06 
9.98 -0.00503001 5.17089e-06 
9.98 -0.00303 1.0604e-05 
9.98 -0.00103 2.33611e-05 
9.98 0.000970006 3.2971e-05 
9.98 0.00297001 6.99342e-05 
9.98 0.00497001 0.000126862 
9.98 0.00697002 0.000237037 
9.98 0.00896999 0.000235484 
9.98 0.01097 0.00043617 
9.98 0.01297 0.000429317 
9.98 0.01497 0.000479628 
9.98 0.01697 0.000777202 
9.98 0.01897 0.000457492 
9.98 0.02097 0.00104625 
9.98 0.02297 0.00120541 
9.98 0.02497 0.00189134 
9.98 0.02697 0.00111342 
9.98 0.02897 0.000436231 
9.98 0.03097 0.000295426 
9.98 0.03297 0.000183661 
9.98 0.03497 0.000104425 
9.98 0.03697 5.55974e-05 
9.98 0.03897 2.756e-05 
9.98 0.04097 1.2306e-05 
9.98 0.04297 5.39397e-06 
9.99 -0.02503 4.48e-10 
9.99 -0.02303 5.13871e-09 
9.99 -0.02103 7.769e-09 
9.99 -0.01903 2.13803e-10 
9.99 -0.01703 4.93153e-10 
9.99 -0.01503 3.42656e-09 
9.99 -0.01303 8.78289e-08 
9.99 -0.01103 4.42314e-07 
9.99 -0.00902998 2.75492e-06 
9.99 -0.00703001 5.06785e-06 
9.99 -0.00503001 9.02575e-06 
9.99 -0.00303 1.67523e-05 
9.99 -0.00103 3.94942e-05 
9.99 0.000970006 7.53497e-05 
9.99 0.00297001 0.000135535 
9.99 0.00497001 0.000158856 
9.99 0.00697002 0.000297176 
9.99 0.00896999 0.000244522 
9.99 0.01097 0.000495605 
9.99 0.01297 0.000514025 
9.99 0.01497 0.000435735 
9.99 0.01697 0.000784625 
9.99 0.01897 0.000820698 
9.99 0.02097 0.000890363 
9.99 0.02297 0.00155209 
9.99 0.02497 0.000859954 
9.99 0.02697 0.000269611 
9.99 0.02897 0.000194041 
9.99 0.03097 0.00014582 
9.99 0.03297 8.99259e-05 
9.99 0.03497 4.64169e-05 
9.99 0.03697 1.88105e-05 
9.99 0.03897 6.88676e-06 
9.99 0.04097 1.6715e-06 
10 -0.02703 9.16452e-10 
10 -0.02503 3.93054e-09 
10 -0.02103 1.02974e-10 
10 -0.01903 1.57021e-09 
10 -0.01703 3.51336e-09 
10 -0.01503 1.74158e-07 
10 -0.01303 7.35497e-07 
10 -0.01103 2.30749e-06 
10 -0.00902998 4.38725e-06 
10 -0.00703001 1.03159e-05 
10 -0.00503001 1.40027e-05 
10 -0.00303 3.19903e-05 
10 -0.00103 7.1834e-05 
10 0.000970006 0.000121333 
10 0.00297001 0.000194775 
10 0.00497001 0.000176243 
10 0.00697002 0.000389314 
10 0.00896999 0.000208032 
10 0.01097 0.000509162 
10 0.01297 0.000617706 
10 0.01497 0.000354019 
10 0.01697 0.000729614 
10 0.01897 0.00115723 
10 0.02097 0.00107024 
10 0.02297 0.000366042 
10 0.02497 0.00026195 
10 0.02697 0.0001702 
10 0.02897 0.000101775 
10 0.03097 5.58886e-05 
10 0.03297 2.81529e-05 
10 0.03497 1.40228e-05 
10 0.03697 6.22337e-06 
10 0.03897 2.66722e-07 
10.01 -0.02903 7.17975e-10 
10.01 -0.02703 6.63466e-10 
10.01 -0.02303 1.09499e-10 
10.01 -0.02103 7.82811e-10 
10.01 -0.01903 1.91008e-08 
10.01 -0.01703 1.20097e-07 
10.01 -0.01503 9.99984e-07 
10.01 -0.01303 2.02026e-06 
10.01 -0.01103 5.44664e-06 
10.01 -0.00902998 5.3725e-06 
10.01 -0.00703001 2.02826e-05 
10.01 -0.00503001 2.1902e-05 
10.01 -0.00303 6.91462e-05 
10.01 -0.00103 9.3893e-05 
10.01 0.000970006 0.000153259 
10.01 0.00297001 0.000282761 
10.01 0.00497001 0.000181208 
10.01 0.00697002 0.000373756 
10.01 0.00896999 0.00022819 
10.01 0.01097 0.000526862 
10.01 0.01297 0.000599604 
10.01 0.01497 0.000486395 
10.01 0.01697 0.00082815 
10.01 0.01897 0.000864661 
10.01 0.02097 0.000261105 
10.01 0.02297 0.00017771 
10.01 0.02497 0.00011133 
10.01 0.02697 6.32856e-05 
10.01 0.02897 3.40507e-05 
10.01 0.03097 1.65727e-05 
10.01 0.03297 7.61544e-06 
10.01 0.03497 3.10991e-06 
10.02 -0.03103 6.24057e-10 
10.02 -0.02503 3.34581e-10 
10.02 -0.02303 5.32035e-10 
10.02 -0.02103 4.6642e-08 
10.02 -0.01903 1.86795e-07 
10.02 -0.01703 8.23974e-07 
10.02 -0.01503 2.95364e-06 
10.02 -0.01303 2.61439e-06 
10.02 -0.01103 1.04176e-05 
10.02 -0.00902998 9.47132e-06 
10.02 -0.00703001 3.38858e-05 
10.02 -0.00503001 5.62837e-05 
10.02 -0.00303 0.000102938 
10.02 -0.00103 9.61735e-05 
10.02 0.000970006 0.000222906 
10.02 0.00297001 0.000268405 
10.02 0.00497001 0.000185704 
10.02 0.00697002 0.000399388 
10.02 0.00896999 0.000310487 
10.02 0.01097 0.000427201 
10.02 0.01297 0.000686786 
10.02 0.01497 0.000782086 
10.02 0.01697 0.000440141 
10.02 0.01897 0.000145371 
10.02 0.02097 0.000104428 
10.02 0.02297 7.03595e-05 
10.02 0.02497 3.84477e-05 
10.02 0.02697 1.9774e-05 
10.02 0.02897 9.45036e-06 
10.02 0.03097 4.04227e-06 
10.02 0.03297 1.00559e-06 
10.03 -0.03303 2.50314e-10 
10.03 -0.02703 3.43399e-10 
10.03 -0.02503 3.04812e-09 
10.03 -0.02303 3.41222e-08 
10.03 -0.02103 2.78573e-07 
10.03 -0.01903 6.46648e-07 
10.03 -0.01703 1.91572e-06 
10.03 -0.01503 4.4449e-06 
10.03 -0.01303 5.61702e-06 
10.03 -0.01103 1.80635e-05 
10.03 -0.00902998 2.24777e-05 
10.03 -0.00703001 6.25162e-05 
10.03 -0.00503001 5.90906e-05 
10.03 -0.00303 0.000156458 
10.03 -0.00103 0.000114648 
10.03 0.000970006 0.000217759 
10.03 0.00297001 0.000288908 
10.03 0.00497001 0.000184694 
10.03 0.00697002 0.000393316 
10.03 0.00896999 0.000433023 
10.03 0.01097 0.00051124 
10.03 0.01297 0.000566602 
10.03 0.01497 0.000314727 
10.03 0.01697 8.85e-05 
10.03 0.01897 7.04692e-05 
10.03 0.02097 4.55609e-05 
10.03 0.02297 2.65249e-05 
10.03 0.02497 1.71577e-05 
10.03 0.02697 6.86787e-06 
10.03 0.02897 2.13407e-06 
10.04 -0.02903 3.33869e-10 
10.04 -0.02703 1.17968e-08 
10.04 -0.02503 5.78001e-08 
10.04 -0.02303 2.78882e-07 
10.04 -0.02103 8.63439e-07 
10.04 -0.01903 2.02232e-06 
10.04 -0.01703 2.5546e-06 
10.04 -0.01503 8.29603e-06 
10.04 -0.01303 9.89737e-06 
10.04 -0.01103 3.54918e-05 
10.04 -0.00902998 3.52605e-05 
10.04 -0.00703001 9.04514e-05 
10.04 -0.00503001 7.57548e-05 
10.04 -0.00303 0.000171732 
10.04 -0.00103 9.57502e-05 
10.04 0.000970006 0.000237342 
10.04 0.00297001 0.000299097 
10.04 0.00497001 0.000172297 
10.04 0.00697002 0.000451267 
10.04 0.00896999 0.000478382 
10.04 0.01097 0.000470308 
10.04 0.01297 0.000114012 
10.04 0.01497 7.7919e-05 
10.04 0.01697 4.90776e-05 
10.04 0.01897 2.80848e-05 
10.04 0.02097 1.49465e-05 
10.04 0.02297 7.39298e-06 
10.04 0.02497 3.38157e-06 
10.04 0.02697 1.64618e-06 
10.05 -0.03303 1.38822e-10 
10.05 -0.03103 2.25589e-10 
10.05 -0.02903 9.96066e-09 
10.05 -0.02703 8.61368e-08 
10.05 -0.02503 1.98543e-07 
10.05 -0.02303 1.09363e-06 
10.05 -0.02103 9.99403e-07 
10.05 -0.01903 3.58729e-06 
10.05 -0.01703 4.61765e-06 
10.05 -0.01503 1.39832e-05 
10.05 -0.01303 1.69215e-05 
10.05 -0.01103 4.55201e-05 
10.05 -0.00902998 5.69877e-05 
10.05 -0.00703001 0.000106609 
10.05 -0.00503001 8.15167e-05 
10.05 -0.00303 0.000165169 
10.05 -0.00103 0.000113175 
10.05 0.000970006 0.000234627 
10.05 0.00297001 0.000278971 
10.05 0.00497001 0.000369833 
10.05 0.00697002 0.000332371 
10.05 0.00896999 0.000335962 
10.05 0.01097 7.57307e-05 
10.05 0.01297 4.962e-05 
10.05 0.01497 3.0161e-05 
10.05 0.01697 1.68013e-05 
10.05 0.01897 8.60311e-06 
10.05 0.02097 4.08059e-06 
10.05 0.02297 1.78132e-06 
10.05 0.02497 4.41455e-07 
10.06 -0.03503 1.4604e-10 
10.06 -0.03303 2.30364e-09 
10.06 -0.03103 1.47053e-08 
10.06 -0.02903 9.69905e-08 
10.06 -0.02703 2.57188e-07 
10.06 -0.02503 6.16037e-07 
10.06 -0.02303 1.61763e-06 
10.06 -0.02103 1.96152e-06 
10.06 -0.01903 5.07071e-06 
10.06 -0.01703 7.72547e-06 
10.06 -0.01503 1.88119e-05 
10.06 -0.01303 3.43502e-05 
10.06 -0.01103 5.36236e-05 
10.06 -0.00902998 6.14298e-05 
10.06 -0.00703001 9.64058e-05 
10.06 -0.00503001 7.06911e-05 
10.06 -0.00303 0.000166264 
10.06 -0.00103 0.000196451 
10.06 0.000970006 0.000134109 
10.06 0.00297001 0.000356122 
10.06 0.00497001 0.000326251 
10.06 0.00697002 0.000178514 
10.06 0.00896999 4.84346e-05 
10.06 0.01097 3.02573e-05 
10.06 0.01297 1.81857e-05 
10.06 0.01497 9.9352e-06 
10.06 0.01697 4.78943e-06 
10.06 0.01897 2.15488e-06 
10.06 0.02097 9.03249e-07 
10.07 -0.03703 1.33118e-10 
10.07 -0.03503 2.12936e-09 
10.07 -0.03303 2.37644e-08 
10.07 -0.03103 6.03298e-08 
10.07 -0.02903 3.39347e-07 
10.07 -0.02703 6.65571e-07 
10.07 -0.02503 8.24212e-07 
10.07 -0.02303 1.46903e-06 
10.07 -0.02103 5.0432e-06 
10.07 -0.01903 4.54185e-06 
10.07 -0.01703 1.83959e-05 
10.07 -0.01503 2.50179e-05 
10.07 -0.01303 4.34989e-05 
10.07 -0.01103 5.14239e-05 
10.07 -0.00902998 6.32183e-05 
10.07 -0.00703001 0.000105911 
10.07 -0.00503001 7.06551e-05 
10.07 -0.00303 0.000152782 
10.07 -0.00103 0.000210169 
10.07 0.000970006 0.000264972 
10.07 0.00297001 0.000216603 
10.07 0.00497001 6.12377e-05 
10.07 0.00697002 3.37389e-05 
10.07 0.00896999 2.34602e-05 
10.07 0.01097 1.40665e-05 
10.07 0.01297 7.74284e-06 
10.07 0.01497 3.94241e-06 
10.07 0.01697 1.69214e-06 
10.07 0.01897 2.98116e-07 
10.08 -0.03903 3.55238e-10 
10.08 -0.03703 3.36289e-09 
10.08 -0.03503 2.55183e-08 
10.08 -0.03303 7.01998e-08 
10.08 -0.03103 3.1303e-07 
10.08 -0.02903 3.96839e-07 
10.08 -0.02703 6.40588e-07 
10.08 -0.02503 2.11588e-06 
10.08 -0.02303 2.43111e-06 
10.08 -0.02103 8.01865e-06 
10.08 -0.01903 1.24818e-05 
10.08 -0.01703 2.49639e-05 
10.08 -0.01503 2.52727e-05 
10.08 -0.01303 4.88797e-05 
10.08 -0.01103 3.8648e-05 
10.08 -0.00902998 7.38031e-05 
10.08 -0.00703001 0.000104186 
10.08 -0.00503001 6.57907e-05 
10.08 -0.00303 0.000180662 
10.08 -0.00103 0.000165366 
10.08 0.000970006 0.000161652 
10.08 0.00297001 3.56649e-05 
10.08 0.00497001 2.35997e-05 
10.08 0.00697002 1.4431e-05 
10.08 0.00896999 8.04974e-06 
10.08 0.01097 4.1331e-06 
10.08 0.01297 1.98302e-06 
10.08 0.01497 8.82752e-07 
10.08 0.01697 2.04232e-07 
10.09 -0.04103 9.66961e-10 
10.09 -0.03903 4.33876e-09 
10.09 -0.03703 1.49584e-08 
10.09 -0.03503 8.40143e-08 
10.09 -0.03303 2.09624e-07 
10.09 -0.03103 2.29342e-07 
10.09 -0.02903 9.79363e-07 
10.09 -0.02703 1.16735e-06 
10.09 -0.02503 3.614e-06 
10.09 -0.02303 3.85093e-06 
10.09 -0.02103 1.62317e-05 
10.09 -0.01903 1.23876e-05 
10.09 -0.01703 3.32056e-05 
10.09 -0.01503 2.14103e-05 
10.09 -0.01303 5.09568e-05 
10.09 -0.01103 5.01797e-05 
10.09 -0.00902998 6.14559e-05 
10.09 -0.00703001 9.52441e-05 
10.09 -0.00503001 0.000145667 
10.09 -0.00303 0.000133346 
10.09 -0.00103 7.52473e-05 
10.09 0.000970006 2.20647e-05 
10.09 0.00297001 1.41382e-05 
10.09 0.00497001 8.31956e-06 
10.09 0.00697002 4.49094e-06 
10.09 0.00896999 2.25589e-06 
10.09 0.01097 1.01536e-06 
10.09 0.01297 4.3078e-07 
10.1 -0.04303 7.38411e-10 
10.1 -0.04103 6.76808e-09 
10.1 -0.03903 1.66482e-08 
10.1 -0.03703 8.51968e-08 
10.1 -0.03503 9.69586e-08 
10.1 -0.03303 4.04875e-07 
10.1 -0.03103 4.36621e-07 
10.1 -0.02903 1.71521e-06 
10.1 -0.02703 1.93192e-06 
10.1 -0.02503 6.08263e-06 
10.1 -0.02303 7.73212e-06 
10.1 -0.02103 1.98277e-05 
10.1 -0.01903 1.5493e-05 
10.1 -0.01703 3.17409e-05 
10.1 -0.01503 2.24855e-05 
10.1 -0.01303 5.08982e-05 
10.1 -0.01103 6.16398e-05 
10.1 -0.00902998 5.2557e-05 
10.1 -0.00703001 0.000110116 
10.1 -0.00503001 9.86436e-05 
10.1 -0.00303 5.27055e-05 
10.1 -0.00103 1.29966e-05 
10.1 0.000970006 8.14561e-06 
10.1 0.00297001 4.88998e-06 
10.1 0.00497001 2.70796e-06 
10.1 0.00697002 1.20471e-06 
10.1 0.00896999 5.18932e-07 
10.1 0.01097 1.27942e-07 
10.11 -0.04703 1.66695e-10 
10.11 -0.04503 1.06943e-09 
10.11 -0.04303 3.69748e-09 
10.11 -0.04103 2.19626e-08 
10.11 -0.03903 5.52263e-08 
10.11 -0.03703 1.45359e-07 
10.11 -0.03503 1.96065e-07 
10.11 -0.03303 7.6658e-07 
10.11 -0.03103 7.52546e-07 
10.11 -0.02903 2.75226e-06 
10.11 -0.02703 3.88271e-06 
10.11 -0.02503 8.10467e-06 
10.11 -0.02303 1.15393e-05 
10.11 -0.02103 1.97638e-05 
10.11 -0.01903 1.46881e-05 
10.11 -0.01703 3.30713e-05 
10.11 -0.01503 2.09719e-05 
10.11 -0.01303 4.61948e-05 
10.11 -0.01103 7.39412e-05 
10.11 -0.00902998 7.1856e-05 
10.11 -0.00703001 6.95823e-05 
10.11 -0.00503001 1.2039e-05 
10.11 -0.00303 9.79214e-06 
10.11 -0.00103 5.98789e-06 
10.11 0.000970006 3.32524e-06 
10.11 0.00297001 1.85042e-06 
10.11 0.00497001 9.13076e-07 
10.11 0.00697002 4.11306e-07 
10.11 0.00896999 1.57619e-08 
10.12 -0.04903 1.30286e-10 
10.12 -0.04703 1.46498e-09 
10.12 -0.04503 4.29984e-09 
10.12 -0.04303 2.19388e-08 
10.12 -0.04103 5.64035e-08 
10.12 -0.03903 6.25048e-08 
10.12 -0.03703 2.57378e-07 
10.12 -0.03503 3.3141e-07 
10.12 -0.03303 9.58428e-07 
10.12 -0.03103 1.34135e-06 
10.12 -0.02903 2.23095e-06 
10.12 -0.02703 7.01647e-06 
10.12 -0.02503 7.15772e-06 
10.12 -0.02303 1.39165e-05 
10.12 -0.02103 1.91045e-05 
10.12 -0.01903 1.54205e-05 
10.12 -0.01703 3.15148e-05 
10.12 -0.01503 2.71943e-05 
10.12 -0.01303 4.77823e-05 
10.12 -0.01103 5.53498e-05 
10.12 -0.00902998 4.9263e-05 
10.12 -0.00703001 8.00658e-06 
10.12 -0.00503001 5.3564e-06 
10.12 -0.00303 3.34353e-06 
10.12 -0.00103 1.75267e-06 
10.12 0.000970006 8.55121e-07 
10.12 0.00297001 4.09493e-07 
10.12 0.00497001 1.84648e-07 
10.13 -0.05103 1.98647e-10 
10.13 -0.04903 8.84138e-10 
10.13 -0.04703 5.28064e-09 
10.13 -0.04503 1.24991e-08 
10.13 -0.04303 3.22204e-08 
10.13 -0.04103 1.01589e-07 
10.13 -0.03903 1.23733e-07 
10.13 -0.03703 1.93711e-07 
10.13 -0.03503 7.34613e-07 
10.13 -0.03303 7.23943e-07 
10.13 -0.03103 3.02674e-06 
10.13 -0.02903 3.7843e-06 
10.13 -0.02703 7.56118e-06 
10.13 -0.02503 5.34219e-06 
10.13 -0.02303 1.30214e-05 
10.13 -0.02103 1.83199e-05 
10.13 -0.01903 1.33097e-05 
10.13 -0.01703 3.38922e-05 
10.13 -0.01503 4.17144e-05 
10.13 -0.01303 3.90812e-05 
10.13 -0.01103 2.06782e-05 
10.13 -0.00902998 4.68412e-06 
10.13 -0.00703001 2.91177e-06 
10.13 -0.00503001 1.75649e-06 
10.13 -0.00303 9.04004e-07 
10.13 -0.00103 4.18282e-07 
10.13 0.000970006 1.79637e-07 
10.13 0.00297001 4.42425e-08 
10.14 -0.05303 2.68528e-10 
10.14 -0.05103 8.93738e-10 
10.14 -0.04903 5.40665e-09 
10.14 -0.04703 1.27053e-08 
10.14 -0.04503 3.32859e-08 
10.14 -0.04303 4.45662e-08 
10.14 -0.04103 8.43007e-08 
10.14 -0.03903 2.93644e-07 
10.14 -0.03703 3.18298e-07 
10.14 -0.03503 1.13456e-06 
10.14 -0.03303 1.70563e-06 
10.14 -0.03103 4.1955e-06 
10.14 -0.02903 3.28525e-06 
10.14 -0.02703 8.07282e-06 
10.14 -0.02503 5.5593e-06 
10.14 -0.02303 1.32009e-05 
10.14 -0.02103 1.73935e-05 
10.14 -0.01903 1.46102e-05 
10.14 -0.01703 3.00667e-05 
10.14 -0.01503 2.85848e-05 
10.14 -0.01303 1.52143e-05 
10.14 -0.01103 3.36687e-06 
10.14 -0.00902998 2.15343e-06 
10.14 -0.00703001 1.32836e-06 
10.14 -0.00503001 6.03744e-07 
10.14 -0.00303 2.31404e-07 
10.14 -0.00103 8.33365e-08 
