#logage logm JPDF
9.31 0.19297 1.03787e-10 
9.32 0.18697 1.20346e-10 
9.32 0.18897 2.70168e-10 
9.32 0.19097 2.14641e-10 
9.32 0.19297 1.51693e-10 
9.33 0.18297 1.67613e-10 
9.33 0.18497 5.98023e-10 
9.33 0.18697 5.76979e-10 
9.33 0.18897 4.33317e-10 
9.33 0.19097 2.93327e-10 
9.33 0.19297 1.83216e-10 
9.33 0.19497 1.03831e-10 
9.34 0.17897 1.72495e-10 
9.34 0.18097 1.11289e-09 
9.34 0.18297 1.53771e-09 
9.34 0.18497 1.22031e-09 
9.34 0.18697 8.5885e-10 
9.34 0.18897 5.70554e-10 
9.34 0.19097 3.40509e-10 
9.34 0.19297 1.85735e-10 
9.34 0.19497 1.15303e-10 
9.35 0.17697 1.45505e-09 
9.35 0.17897 3.90116e-09 
9.35 0.18097 2.77216e-09 
9.35 0.18297 2.48055e-09 
9.35 0.18497 1.58948e-09 
9.35 0.18697 1.06352e-09 
9.35 0.18897 6.23454e-10 
9.35 0.19097 3.37717e-10 
9.35 0.19297 1.6688e-10 
9.36 0.17297 1.73557e-09 
9.36 0.17497 6.53076e-09 
9.36 0.17697 8.83813e-09 
9.36 0.17897 4.93369e-09 
9.36 0.18097 4.71608e-09 
9.36 0.18297 2.96187e-09 
9.36 0.18497 1.86266e-09 
9.36 0.18697 1.07205e-09 
9.36 0.18897 5.98456e-10 
9.36 0.19097 2.87391e-10 
9.36 0.19297 1.26884e-10 
9.37 0.16897 4.19863e-10 
9.37 0.17097 9.88669e-09 
9.37 0.17297 2.29163e-08 
9.37 0.17497 7.3937e-09 
9.37 0.17697 1.10056e-08 
9.37 0.17897 8.50461e-09 
9.37 0.18097 5.6267e-09 
9.37 0.18297 3.30648e-09 
9.37 0.18497 1.87712e-09 
9.37 0.18697 9.41572e-10 
9.37 0.18897 4.23012e-10 
9.37 0.19097 1.9785e-10 
9.38 0.16497 2.04184e-10 
9.38 0.16697 1.20506e-08 
9.38 0.16897 2.89599e-08 
9.38 0.17097 3.68702e-08 
9.38 0.17297 1.83058e-08 
9.38 0.17497 1.98157e-08 
9.38 0.17697 1.41081e-08 
9.38 0.17897 8.93062e-09 
9.38 0.18097 5.66156e-09 
9.38 0.18297 2.99724e-09 
9.38 0.18497 1.38845e-09 
9.38 0.18697 6.22273e-10 
9.38 0.18897 2.55259e-10 
9.39 0.16097 1.67778e-10 
9.39 0.16297 3.49027e-09 
9.39 0.16497 5.43732e-08 
9.39 0.16697 6.13145e-08 
9.39 0.16897 5.48768e-08 
9.39 0.17097 4.56925e-08 
9.39 0.17297 3.41167e-08 
9.39 0.17497 2.27402e-08 
9.39 0.17697 1.51081e-08 
9.39 0.17897 8.61236e-09 
9.39 0.18097 4.84161e-09 
9.39 0.18297 2.12559e-09 
9.39 0.18497 9.64431e-10 
9.39 0.18697 3.79831e-10 
9.39 0.18897 1.39239e-10 
9.4 0.15897 3.00984e-09 
9.4 0.16097 6.89752e-08 
9.4 0.16297 1.17086e-07 
9.4 0.16497 1.16551e-07 
9.4 0.16697 9.88627e-08 
9.4 0.16897 7.77504e-08 
9.4 0.17097 5.63588e-08 
9.4 0.17297 3.758e-08 
9.4 0.17497 2.38076e-08 
9.4 0.17697 1.39637e-08 
9.4 0.17897 6.95843e-09 
9.4 0.18097 3.27988e-09 
9.4 0.18297 1.3907e-09 
9.4 0.18497 5.56096e-10 
9.4 0.18697 1.39549e-10 
9.41 0.15497 1.64043e-09 
9.41 0.15697 2.70727e-08 
9.41 0.15897 2.39117e-07 
9.41 0.16097 2.13685e-07 
9.41 0.16297 2.10324e-07 
9.41 0.16497 1.68073e-07 
9.41 0.16697 1.29014e-07 
9.41 0.16897 9.44284e-08 
9.41 0.17097 6.195e-08 
9.41 0.17297 3.6465e-08 
9.41 0.17497 2.0346e-08 
9.41 0.17697 9.84971e-09 
9.41 0.17897 4.67864e-09 
9.41 0.18097 2.02383e-09 
9.41 0.18297 7.8948e-10 
9.42 0.15097 1.66682e-10 
9.42 0.15297 2.59853e-08 
9.42 0.15497 1.46639e-07 
9.42 0.15697 5.43756e-07 
9.42 0.15897 3.95144e-07 
9.42 0.16097 3.49851e-07 
9.42 0.16297 2.85671e-07 
9.42 0.16497 2.09357e-07 
9.42 0.16697 1.48914e-07 
9.42 0.16897 9.68501e-08 
9.42 0.17097 5.37032e-08 
9.42 0.17297 2.87574e-08 
9.42 0.17497 1.38877e-08 
9.42 0.17697 6.08054e-09 
9.42 0.17897 2.37044e-09 
9.42 0.18097 7.69741e-10 
9.42 0.18297 1.22761e-10 
9.43 0.14897 2.00485e-08 
9.43 0.15097 1.64341e-07 
9.43 0.15297 8.30879e-07 
9.43 0.15497 6.92339e-07 
9.43 0.15697 6.77155e-07 
9.43 0.15897 5.62887e-07 
9.43 0.16097 4.58863e-07 
9.43 0.16297 3.36154e-07 
9.43 0.16497 2.30945e-07 
9.43 0.16697 1.40722e-07 
9.43 0.16897 8.19643e-08 
9.43 0.17097 4.02001e-08 
9.43 0.17297 1.93246e-08 
9.43 0.17497 8.38565e-09 
9.43 0.17697 3.35566e-09 
9.43 0.17897 2.75568e-10 
9.44 0.14497 2.1189e-09 
9.44 0.14697 1.61115e-07 
9.44 0.14897 5.89082e-07 
9.44 0.15097 1.70646e-06 
9.44 0.15297 1.19377e-06 
9.44 0.15497 1.08408e-06 
9.44 0.15697 9.18283e-07 
9.44 0.15897 6.97615e-07 
9.44 0.16097 5.15631e-07 
9.44 0.16297 3.34827e-07 
9.44 0.16497 1.92402e-07 
9.44 0.16697 1.09108e-07 
9.44 0.16897 5.66325e-08 
9.44 0.17097 2.56655e-08 
9.44 0.17297 1.07011e-08 
9.44 0.17497 2.90399e-09 
9.44 0.17697 2.52239e-10 
9.45 0.14097 1.09128e-09 
9.45 0.14297 1.36607e-07 
9.45 0.14497 7.7771e-07 
9.45 0.14697 2.51455e-06 
9.45 0.14897 1.99353e-06 
9.45 0.15097 1.9828e-06 
9.45 0.15297 1.70965e-06 
9.45 0.15497 1.43262e-06 
9.45 0.15697 1.08978e-06 
9.45 0.15897 7.39315e-07 
9.45 0.16097 4.74023e-07 
9.45 0.16297 2.72091e-07 
9.45 0.16497 1.38308e-07 
9.45 0.16697 7.04488e-08 
9.45 0.16897 3.29473e-08 
9.45 0.17097 1.34584e-08 
9.45 0.17297 1.34946e-09 
9.46 0.13697 5.21328e-10 
9.46 0.13897 3.79981e-08 
9.46 0.14097 8.45175e-07 
9.46 0.14297 2.16976e-06 
9.46 0.14497 4.61012e-06 
9.46 0.14697 3.32524e-06 
9.46 0.14897 3.08898e-06 
9.46 0.15097 2.6304e-06 
9.46 0.15297 2.17842e-06 
9.46 0.15497 1.60196e-06 
9.46 0.15697 1.04754e-06 
9.46 0.15897 6.39306e-07 
9.46 0.16097 3.62548e-07 
9.46 0.16297 1.85339e-07 
9.46 0.16497 8.60448e-08 
9.46 0.16697 3.43939e-08 
9.46 0.16897 1.16587e-08 
9.46 0.17097 1.16477e-09 
9.47 0.13297 1.93017e-10 
9.47 0.13497 1.15573e-08 
9.47 0.13697 7.61426e-07 
9.47 0.13897 2.63359e-06 
9.47 0.14097 7.11859e-06 
9.47 0.14297 5.37036e-06 
9.47 0.14497 5.40074e-06 
9.47 0.14697 4.87286e-06 
9.47 0.14897 4.091e-06 
9.47 0.15097 3.11435e-06 
9.47 0.15297 2.20618e-06 
9.47 0.15497 1.46369e-06 
9.47 0.15697 8.72985e-07 
9.47 0.15897 4.63325e-07 
9.47 0.16097 2.27448e-07 
9.47 0.16297 1.04985e-07 
9.47 0.16497 4.36032e-08 
9.47 0.16697 2.04437e-09 
9.48 0.13097 5.50591e-09 
9.48 0.13297 5.73557e-07 
9.48 0.13497 3.05208e-06 
9.48 0.13697 6.2314e-06 
9.48 0.13897 1.2271e-05 
9.48 0.14097 9.04294e-06 
9.48 0.14297 8.63485e-06 
9.48 0.14497 7.56272e-06 
9.48 0.14697 6.07797e-06 
9.48 0.14897 4.48854e-06 
9.48 0.15097 3.00623e-06 
9.48 0.15297 1.82359e-06 
9.48 0.15497 1.12451e-06 
9.48 0.15697 5.78213e-07 
9.48 0.15897 2.75046e-07 
9.48 0.16097 1.22599e-07 
9.48 0.16297 3.54902e-08 
9.49 0.12697 2.37835e-09 
9.49 0.12897 4.6942e-07 
9.49 0.13097 2.85901e-06 
9.49 0.13297 8.20767e-06 
9.49 0.13497 1.80272e-05 
9.49 0.13697 1.35324e-05 
9.49 0.13897 1.35542e-05 
9.49 0.14097 1.23572e-05 
9.49 0.14297 1.10706e-05 
9.49 0.14497 8.74981e-06 
9.49 0.14697 6.15048e-06 
9.49 0.14897 4.02632e-06 
9.49 0.15097 2.47554e-06 
9.49 0.15297 1.29906e-06 
9.49 0.15497 7.08147e-07 
9.49 0.15697 3.26122e-07 
9.49 0.15897 1.39152e-07 
9.49 0.16097 8.04184e-09 
9.5 0.12297 1.2341e-09 
9.5 0.12497 3.58006e-07 
9.5 0.12697 2.9337e-06 
9.5 0.12897 9.68295e-06 
9.5 0.13097 1.83618e-05 
9.5 0.13297 2.67277e-05 
9.5 0.13497 2.12762e-05 
9.5 0.13697 2.11956e-05 
9.5 0.13897 1.89223e-05 
9.5 0.14097 1.51893e-05 
9.5 0.14297 1.17601e-05 
9.5 0.14497 8.21963e-06 
9.5 0.14697 5.22336e-06 
9.5 0.14897 2.98133e-06 
9.5 0.15097 1.60277e-06 
9.5 0.15297 7.94425e-07 
9.5 0.15497 3.25515e-07 
9.5 0.15697 1.11893e-07 
9.51 0.11897 4.29607e-10 
9.51 0.12097 1.7488e-07 
9.51 0.12297 2.36805e-06 
9.51 0.12497 9.62086e-06 
9.51 0.12697 1.98415e-05 
9.51 0.12897 4.17096e-05 
9.51 0.13097 3.15557e-05 
9.51 0.13297 3.26319e-05 
9.51 0.13497 3.15787e-05 
9.51 0.13697 2.71087e-05 
9.51 0.13897 2.14061e-05 
9.51 0.14097 1.52771e-05 
9.51 0.14297 9.99613e-06 
9.51 0.14497 6.46051e-06 
9.51 0.14697 3.58079e-06 
9.51 0.14897 1.85377e-06 
9.51 0.15097 7.87613e-07 
9.51 0.15297 3.53705e-07 
9.51 0.15497 1.22095e-07 
9.52 0.11497 4.66854e-10 
9.52 0.11697 8.82931e-08 
9.52 0.11897 1.76162e-06 
9.52 0.12097 9.9686e-06 
9.52 0.12297 2.36509e-05 
9.52 0.12497 5.59565e-05 
9.52 0.12697 4.39177e-05 
9.52 0.12897 4.93295e-05 
9.52 0.13097 4.71027e-05 
9.52 0.13297 4.35849e-05 
9.52 0.13497 3.75911e-05 
9.52 0.13697 2.85779e-05 
9.52 0.13897 1.97928e-05 
9.52 0.14097 1.27318e-05 
9.52 0.14297 7.07633e-06 
9.52 0.14497 4.15174e-06 
9.52 0.14697 1.77442e-06 
9.52 0.14897 9.3266e-07 
9.52 0.15097 5.61033e-07 
9.53 0.11097 5.25613e-10 
9.53 0.11297 4.05587e-08 
9.53 0.11497 1.14876e-06 
9.53 0.11697 8.55328e-06 
9.53 0.11897 2.5299e-05 
9.53 0.12097 5.20125e-05 
9.53 0.12297 7.88187e-05 
9.53 0.12497 6.7945e-05 
9.53 0.12697 7.28071e-05 
9.53 0.12897 7.01551e-05 
9.53 0.13097 5.85805e-05 
9.53 0.13297 4.80168e-05 
9.53 0.13497 3.55755e-05 
9.53 0.13697 2.4549e-05 
9.53 0.13897 1.4993e-05 
9.53 0.14097 8.61102e-06 
9.53 0.14297 3.87564e-06 
9.53 0.14497 1.84778e-06 
9.53 0.14697 1.4194e-06 
9.53 0.14897 3.13182e-07 
9.54 0.10697 1.78997e-10 
9.54 0.10897 2.18046e-08 
9.54 0.11097 5.40277e-07 
9.54 0.11297 7.52613e-06 
9.54 0.11497 2.70014e-05 
9.54 0.11697 5.33667e-05 
9.54 0.11897 0.000115489 
9.54 0.12097 9.25158e-05 
9.54 0.12297 0.000100505 
9.54 0.12497 9.98897e-05 
9.54 0.12697 9.67203e-05 
9.54 0.12897 8.02638e-05 
9.54 0.13097 6.2197e-05 
9.54 0.13297 4.21768e-05 
9.54 0.13497 2.81635e-05 
9.54 0.13697 1.73064e-05 
9.54 0.13897 9.32614e-06 
9.54 0.14097 3.26819e-06 
9.54 0.14297 3.05302e-06 
9.54 0.14497 1.37929e-06 
9.55 0.10497 7.98382e-09 
9.55 0.10697 3.06021e-07 
9.55 0.10897 4.65251e-06 
9.55 0.11097 2.51178e-05 
9.55 0.11297 6.0571e-05 
9.55 0.11497 0.000141667 
9.55 0.11697 0.000120534 
9.55 0.11897 0.000136239 
9.55 0.12097 0.000145793 
9.55 0.12297 0.000140056 
9.55 0.12497 0.000123821 
9.55 0.12697 0.000103358 
9.55 0.12897 7.5695e-05 
9.55 0.13097 5.20645e-05 
9.55 0.13297 3.13174e-05 
9.55 0.13497 1.89985e-05 
9.55 0.13697 6.54501e-06 
9.55 0.13897 6.83587e-06 
9.55 0.14097 3.08026e-06 
9.55 0.14297 7.49736e-07 
9.56 0.10097 7.84123e-10 
9.56 0.10297 1.46001e-07 
9.56 0.10497 2.68349e-06 
9.56 0.10697 2.01797e-05 
9.56 0.10897 6.24455e-05 
9.56 0.11097 0.00015479 
9.56 0.11297 0.000171291 
9.56 0.11497 0.000178769 
9.56 0.11697 0.000197073 
9.56 0.11897 0.000211902 
9.56 0.12097 0.000191286 
9.56 0.12297 0.000156918 
9.56 0.12497 0.000123981 
9.56 0.12697 8.93836e-05 
9.56 0.12897 5.92842e-05 
9.56 0.13097 3.69219e-05 
9.56 0.13297 1.23772e-05 
9.56 0.13497 1.38123e-05 
9.56 0.13697 7.03032e-06 
9.56 0.13897 2.73836e-06 
9.57 0.09697 1.33517e-08 
9.57 0.09897 3.59779e-08 
9.57 0.10097 1.89094e-06 
9.57 0.10297 1.66791e-05 
9.57 0.10497 5.64292e-05 
9.57 0.10697 0.000108054 
9.57 0.10897 0.000260072 
9.57 0.11097 0.000227631 
9.57 0.11297 0.000262073 
9.57 0.11497 0.000276502 
9.57 0.11697 0.000274551 
9.57 0.11897 0.000248327 
9.57 0.12097 0.000200826 
9.57 0.12297 0.000144024 
9.57 0.12497 0.000102895 
9.57 0.12697 6.44514e-05 
9.57 0.12897 2.96666e-05 
9.57 0.13097 2.20167e-05 
9.57 0.13297 1.40636e-05 
9.57 0.13497 6.63916e-06 
9.57 0.13697 1.60799e-06 
9.58 0.09497 1.41794e-09 
9.58 0.09697 9.45094e-07 
9.58 0.09897 9.90047e-06 
9.58 0.10097 5.1625e-05 
9.58 0.10297 0.000116764 
9.58 0.10497 0.00019861 
9.58 0.10697 0.000356534 
9.58 0.10897 0.000332928 
9.58 0.11097 0.000372837 
9.58 0.11297 0.000365873 
9.58 0.11497 0.000346984 
9.58 0.11697 0.000295108 
9.58 0.11897 0.000237147 
9.58 0.12097 0.00017414 
9.58 0.12297 0.000113429 
9.58 0.12497 7.07949e-05 
9.58 0.12697 2.4559e-05 
9.58 0.12897 2.7875e-05 
9.58 0.13097 1.3251e-05 
9.58 0.13297 5.93594e-06 
9.59 0.08897 2.38529e-07 
9.59 0.09097 5.00057e-10 
9.59 0.09297 4.68643e-08 
9.59 0.09497 6.03539e-06 
9.59 0.09697 3.97552e-05 
9.59 0.09897 0.00012242 
9.59 0.10097 0.000196488 
9.59 0.10297 0.000431266 
9.59 0.10497 0.000380792 
9.59 0.10697 0.000438133 
9.59 0.10897 0.000480772 
9.59 0.11097 0.000466562 
9.59 0.11297 0.000418235 
9.59 0.11497 0.000358116 
9.59 0.11697 0.000269491 
9.59 0.11897 0.000184899 
9.59 0.12097 0.000114494 
9.59 0.12297 4.45073e-05 
9.59 0.12497 5.39868e-05 
9.59 0.12697 2.77828e-05 
9.59 0.12897 1.19521e-05 
9.59 0.13097 3.13084e-06 
9.6 0.08497 2.28836e-07 
9.6 0.08697 3.20295e-07 
9.6 0.08897 7.54612e-07 
9.6 0.09097 8.58259e-07 
9.6 0.09297 3.11017e-05 
9.6 0.09497 0.000101971 
9.6 0.09697 0.000205164 
9.6 0.09897 0.000314582 
9.6 0.10097 0.000652418 
9.6 0.10297 0.000537012 
9.6 0.10497 0.000598 
9.6 0.10697 0.00062345 
9.6 0.10897 0.000580656 
9.6 0.11097 0.000487696 
9.6 0.11297 0.000411834 
9.6 0.11497 0.000303575 
9.6 0.11697 0.000202166 
9.6 0.11897 7.6089e-05 
9.6 0.12097 8.96837e-05 
9.6 0.12297 5.27791e-05 
9.6 0.12497 2.59958e-05 
9.6 0.12697 1.1166e-05 
9.61 0.08297 4.33384e-07 
9.61 0.08497 5.52248e-09 
9.61 0.08697 3.24152e-07 
9.61 0.08897 8.25675e-06 
9.61 0.09097 0.00010533 
9.61 0.09297 0.000197492 
9.61 0.09497 0.000309012 
9.61 0.09697 0.000506373 
9.61 0.09897 0.000866063 
9.61 0.10097 0.000746412 
9.61 0.10297 0.000780337 
9.61 0.10497 0.00078378 
9.61 0.10697 0.000701666 
9.61 0.10897 0.000579523 
9.61 0.11097 0.000429177 
9.61 0.11297 0.000327686 
9.61 0.11497 0.000130622 
9.61 0.11697 0.000163574 
9.61 0.11897 9.28601e-05 
9.61 0.12097 4.68772e-05 
9.61 0.12297 2.20372e-05 
9.61 0.12497 6.10347e-06 
9.62 0.08097 1.87418e-09 
9.62 0.08297 1.13375e-07 
9.62 0.08497 3.61076e-06 
9.62 0.08697 5.55538e-05 
9.62 0.08897 0.000210023 
9.62 0.09097 0.000318558 
9.62 0.09297 0.000470859 
9.62 0.09497 0.000986824 
9.62 0.09697 0.000887106 
9.62 0.09897 0.00100197 
9.62 0.10097 0.000958175 
9.62 0.10297 0.000974364 
9.62 0.10497 0.00083483 
9.62 0.10697 0.000656038 
9.62 0.10897 0.000476892 
9.62 0.11097 0.000186754 
9.62 0.11297 0.00026198 
9.62 0.11497 0.000164883 
9.62 0.11697 9.07031e-05 
9.62 0.11897 4.20164e-05 
9.62 0.12097 1.93941e-05 
9.63 0.07097 5.75494e-09 
9.63 0.07697 2.01585e-10 
9.63 0.07897 3.73667e-08 
9.63 0.08097 1.40156e-06 
9.63 0.08297 2.0117e-05 
9.63 0.08497 0.000179903 
9.63 0.08697 0.000318997 
9.63 0.08897 0.000508692 
9.63 0.09097 0.000705299 
9.63 0.09297 0.00137053 
9.63 0.09497 0.00112643 
9.63 0.09697 0.00119173 
9.63 0.09897 0.0011893 
9.63 0.10097 0.00104833 
9.63 0.10297 0.000946844 
9.63 0.10497 0.000726482 
9.63 0.10697 0.000306819 
9.63 0.10897 0.000396089 
9.63 0.11097 0.000260763 
9.63 0.11297 0.000154784 
9.63 0.11497 8.23373e-05 
9.63 0.11697 3.81836e-05 
9.63 0.11897 1.03134e-05 
9.64 0.07297 5.47654e-07 
9.64 0.07497 1.27874e-08 
9.64 0.07697 1.9618e-06 
9.64 0.07897 1.11973e-05 
9.64 0.08097 7.58797e-05 
9.64 0.08297 0.000360108 
9.64 0.08497 0.000468062 
9.64 0.08697 0.000746483 
9.64 0.08897 0.00114557 
9.64 0.09097 0.00165904 
9.64 0.09297 0.00145026 
9.64 0.09497 0.00151088 
9.64 0.09697 0.00140654 
9.64 0.09897 0.00121196 
9.64 0.10097 0.000949768 
9.64 0.10297 0.000493286 
9.64 0.10497 0.00060734 
9.64 0.10697 0.000422852 
9.64 0.10897 0.000247424 
9.64 0.11097 0.000143157 
9.64 0.11297 6.90983e-05 
9.64 0.11497 3.37482e-05 
9.65 0.06497 6.63021e-08 
9.65 0.06697 7.67615e-08 
9.65 0.06897 6.09479e-07 
9.65 0.07097 7.68483e-07 
9.65 0.07297 1.79073e-07 
9.65 0.07497 5.04768e-06 
9.65 0.07697 4.76461e-05 
9.65 0.07897 0.000211379 
9.65 0.08097 0.000570317 
9.65 0.08297 0.000700894 
9.65 0.08497 0.000981916 
9.65 0.08697 0.00201643 
9.65 0.08897 0.00169038 
9.65 0.09097 0.00174951 
9.65 0.09297 0.0017917 
9.65 0.09497 0.00163273 
9.65 0.09697 0.001368 
9.65 0.09897 0.000631576 
9.65 0.10097 0.000846457 
9.65 0.10297 0.00066472 
9.65 0.10497 0.000418935 
9.65 0.10697 0.000243197 
9.65 0.10897 0.000121032 
9.65 0.11097 5.93831e-05 
9.65 0.11297 1.74332e-05 
9.66 0.06297 1.97473e-07 
9.66 0.06497 7.47282e-07 
9.66 0.06697 3.13711e-10 
9.66 0.06897 5.3416e-08 
9.66 0.07097 3.7825e-06 
9.66 0.07297 2.60885e-05 
9.66 0.07497 0.0001179 
9.66 0.07697 0.000478605 
9.66 0.07897 0.000753958 
9.66 0.08097 0.000994115 
9.66 0.08297 0.00132994 
9.66 0.08497 0.00250175 
9.66 0.08697 0.00208559 
9.66 0.08897 0.00206975 
9.66 0.09097 0.00200767 
9.66 0.09297 0.0018235 
9.66 0.09497 0.000966935 
9.66 0.09697 0.00113919 
9.66 0.09897 0.000920742 
9.66 0.10097 0.000589724 
9.66 0.10297 0.000398731 
9.66 0.10497 0.00021756 
9.66 0.10697 0.000107848 
9.66 0.10897 5.1093e-05 
9.67 0.05697 4.30906e-08 
9.67 0.05897 1.05513e-07 
9.67 0.06097 1.20366e-07 
9.67 0.06297 1.98428e-06 
9.67 0.06497 4.06625e-06 
9.67 0.06697 9.38003e-07 
9.67 0.06897 1.39367e-05 
9.67 0.07097 8.42291e-05 
9.67 0.07297 0.000257142 
9.67 0.07497 0.000817106 
9.67 0.07697 0.00101571 
9.67 0.07897 0.00139337 
9.67 0.08097 0.00203245 
9.67 0.08297 0.00285653 
9.67 0.08497 0.00236688 
9.67 0.08697 0.00237183 
9.67 0.08897 0.00223778 
9.67 0.09097 0.00137254 
9.67 0.09297 0.00144208 
9.67 0.09497 0.00132518 
9.67 0.09697 0.000915482 
9.67 0.09897 0.000579326 
9.67 0.10097 0.000331821 
9.67 0.10297 0.000187962 
9.67 0.10497 9.32807e-05 
9.67 0.10697 2.54998e-05 
9.68 0.05497 7.72322e-08 
9.68 0.05697 9.18689e-08 
9.68 0.05897 1.56918e-06 
9.68 0.06097 3.28995e-06 
9.68 0.06297 6.3696e-06 
9.68 0.06497 2.27165e-05 
9.68 0.06697 5.27327e-05 
9.68 0.06897 0.000200419 
9.68 0.07097 0.000431519 
9.68 0.07297 0.00115512 
9.68 0.07497 0.00133163 
9.68 0.07697 0.0018204 
9.68 0.07897 0.00340803 
9.68 0.08097 0.00266053 
9.68 0.08297 0.00279244 
9.68 0.08497 0.00268231 
9.68 0.08697 0.00176955 
9.68 0.08897 0.00166791 
9.68 0.09097 0.0017147 
9.68 0.09297 0.00132912 
9.68 0.09497 0.000883417 
9.68 0.09697 0.000541819 
9.68 0.09897 0.000290149 
9.68 0.10097 0.000143054 
9.68 0.10297 6.32148e-05 
9.68 0.10497 9.54574e-06 
9.69 0.05097 5.4003e-08 
9.69 0.05297 6.75835e-08 
9.69 0.05497 7.54578e-07 
9.69 0.05697 2.56831e-06 
9.69 0.05897 5.08575e-06 
9.69 0.06097 1.64869e-05 
9.69 0.06297 4.11324e-05 
9.69 0.06497 0.000144038 
9.69 0.06697 0.000340849 
9.69 0.06897 0.000723638 
9.69 0.07097 0.00160572 
9.69 0.07297 0.00160109 
9.69 0.07497 0.00217719 
9.69 0.07697 0.00423581 
9.69 0.07897 0.0031888 
9.69 0.08097 0.00309662 
9.69 0.08297 0.00234227 
9.69 0.08497 0.00203644 
9.69 0.08697 0.0022534 
9.69 0.08897 0.00169452 
9.69 0.09097 0.00122113 
9.69 0.09297 0.000782654 
9.69 0.09497 0.000448305 
9.69 0.09697 0.000227221 
9.69 0.09897 7.53485e-05 
9.69 0.10097 7.8878e-05 
9.7 0.04697 2.00843e-08 
9.7 0.04897 4.87115e-08 
9.7 0.05097 5.50387e-07 
9.7 0.05297 1.96882e-06 
9.7 0.05497 6.97708e-06 
9.7 0.05697 9.45987e-06 
9.7 0.05897 2.58024e-05 
9.7 0.06097 0.00010215 
9.7 0.06297 0.000294484 
9.7 0.06497 0.000535264 
9.7 0.06697 0.00105117 
9.7 0.06897 0.00207292 
9.7 0.07097 0.00218363 
9.7 0.07297 0.00293353 
9.7 0.07497 0.00441291 
9.7 0.07697 0.00342856 
9.7 0.07897 0.00260799 
9.7 0.08097 0.00235125 
9.7 0.08297 0.00275602 
9.7 0.08497 0.00218174 
9.7 0.08697 0.00164566 
9.7 0.08897 0.00111343 
9.7 0.09097 0.000699811 
9.7 0.09297 0.000220618 
9.7 0.09497 0.000268944 
9.7 0.09697 0.000135537 
9.7 0.09897 3.72079e-05 
9.71 0.04297 1.32882e-08 
9.71 0.04497 3.33025e-08 
9.71 0.04697 3.84654e-08 
9.71 0.04897 2.68921e-06 
9.71 0.05097 4.12099e-06 
9.71 0.05297 7.18921e-06 
9.71 0.05497 1.7317e-05 
9.71 0.05697 6.51854e-05 
9.71 0.05897 0.000214861 
9.71 0.06097 0.000439795 
9.71 0.06297 0.000753841 
9.71 0.06497 0.00164426 
9.71 0.06697 0.0023904 
9.71 0.06897 0.00272062 
9.71 0.07097 0.00442712 
9.71 0.07297 0.00413481 
9.71 0.07497 0.0023189 
9.71 0.07697 0.00350875 
9.71 0.07897 0.0032879 
9.71 0.08097 0.0027777 
9.71 0.08297 0.00208397 
9.71 0.08497 0.00148062 
9.71 0.08697 0.000767467 
9.71 0.08897 0.000533389 
9.71 0.09097 0.00042943 
9.71 0.09297 0.000223575 
9.71 0.09497 0.000107305 
9.72 0.03897 1.03009e-08 
9.72 0.04097 2.51255e-08 
9.72 0.04297 4.08436e-07 
9.72 0.04497 1.51586e-06 
9.72 0.04697 3.04329e-06 
9.72 0.04897 5.44192e-06 
9.72 0.05097 1.06338e-05 
9.72 0.05297 4.06724e-05 
9.72 0.05497 0.000151515 
9.72 0.05697 0.000344939 
9.72 0.05897 0.000682802 
9.72 0.06097 0.00102285 
9.72 0.06297 0.00209816 
9.72 0.06497 0.00273184 
9.72 0.06697 0.00327945 
9.72 0.06897 0.00554577 
9.72 0.07097 0.00247524 
9.72 0.07297 0.00417327 
9.72 0.07497 0.00401251 
9.72 0.07697 0.00335608 
9.72 0.07897 0.00271968 
9.72 0.08097 0.00196327 
9.72 0.08297 0.000792079 
9.72 0.08497 0.000993191 
9.72 0.08697 0.000605815 
9.72 0.08897 0.000344787 
9.72 0.09097 0.000178029 
9.72 0.09297 4.94721e-05 
9.73 0.03497 6.49977e-09 
9.73 0.03697 1.63176e-08 
9.73 0.03897 1.91771e-08 
9.73 0.04097 1.04597e-06 
9.73 0.04297 2.19162e-06 
9.73 0.04497 4.06038e-06 
9.73 0.04697 7.43101e-06 
9.73 0.04897 2.0819e-05 
9.73 0.05097 0.000102117 
9.73 0.05297 0.000264141 
9.73 0.05497 0.000553448 
9.73 0.05697 0.000903951 
9.73 0.05897 0.00135721 
9.73 0.06097 0.00287585 
9.73 0.06297 0.00296082 
9.73 0.06497 0.00364767 
9.73 0.06697 0.0043467 
9.73 0.06897 0.00429018 
9.73 0.07097 0.00453998 
9.73 0.07297 0.00410061 
9.73 0.07497 0.00327693 
9.73 0.07697 0.00235866 
9.73 0.07897 0.00125412 
9.73 0.08097 0.00144017 
9.73 0.08297 0.000859152 
9.73 0.08497 0.000490029 
9.73 0.08697 0.000266713 
9.73 0.08897 9.93559e-05 
9.73 0.09097 3.64853e-05 
9.74 0.03297 1.04225e-08 
9.74 0.03497 1.2915e-08 
9.74 0.03697 6.78907e-07 
9.74 0.03897 1.49686e-06 
9.74 0.04097 2.87562e-06 
9.74 0.04297 5.00912e-06 
9.74 0.04497 1.33445e-05 
9.74 0.04697 4.20051e-05 
9.74 0.04897 0.000170622 
9.74 0.05097 0.00044133 
9.74 0.05297 0.00076085 
9.74 0.05497 0.00116868 
9.74 0.05697 0.00173975 
9.74 0.05897 0.00359602 
9.74 0.06097 0.00341761 
9.74 0.06297 0.00402001 
9.74 0.06497 0.00436152 
9.74 0.06697 0.00450467 
9.74 0.06897 0.00435715 
9.74 0.07097 0.00393522 
9.74 0.07297 0.0022192 
9.74 0.07497 0.00225259 
9.74 0.07697 0.00194856 
9.74 0.07897 0.00123393 
9.74 0.08097 0.000720371 
9.74 0.08297 0.000392704 
9.74 0.08497 0.000122154 
9.74 0.08697 0.000138224 
9.75 0.02897 6.40128e-09 
9.75 0.03097 4.02018e-09 
9.75 0.03297 2.49507e-07 
9.75 0.03497 9.90057e-07 
9.75 0.03697 1.97198e-06 
9.75 0.03897 3.6549e-06 
9.75 0.04097 9.15456e-06 
9.75 0.04297 1.84367e-05 
9.75 0.04497 8.09068e-05 
9.75 0.04697 0.000294978 
9.75 0.04897 0.000609279 
9.75 0.05097 0.000973311 
9.75 0.05297 0.00151037 
9.75 0.05497 0.00222325 
9.75 0.05697 0.0044311 
9.75 0.05897 0.00381809 
9.75 0.06097 0.004388 
9.75 0.06297 0.00476053 
9.75 0.06497 0.0044982 
9.75 0.06697 0.0042715 
9.75 0.06897 0.00219355 
9.75 0.07097 0.00306425 
9.75 0.07297 0.0024404 
9.75 0.07497 0.00170109 
9.75 0.07697 0.00102175 
9.75 0.07897 0.000439295 
9.75 0.08097 0.000330237 
9.75 0.08297 0.000219764 
9.75 0.08497 6.16688e-05 
9.76 0.02897 1.60415e-07 
9.76 0.03097 1.17192e-06 
9.76 0.03297 1.81386e-06 
9.76 0.03497 3.10855e-06 
9.76 0.03697 4.83921e-06 
9.76 0.03897 1.0667e-05 
9.76 0.04097 4.27215e-05 
9.76 0.04297 0.000150128 
9.76 0.04497 0.000528696 
9.76 0.04697 0.000819273 
9.76 0.04897 0.00112397 
9.76 0.05097 0.00180765 
9.76 0.05297 0.00282598 
9.76 0.05497 0.00499887 
9.76 0.05697 0.00423086 
9.76 0.05897 0.00479117 
9.76 0.06097 0.00492217 
9.76 0.06297 0.00451357 
9.76 0.06497 0.00227895 
9.76 0.06697 0.00354084 
9.76 0.06897 0.00287384 
9.76 0.07097 0.00211531 
9.76 0.07297 0.00139645 
9.76 0.07497 0.000479007 
9.76 0.07697 0.00062534 
9.76 0.07897 0.000336899 
9.76 0.08097 0.000165002 
9.77 0.02497 1.51104e-07 
9.77 0.02697 5.7348e-07 
9.77 0.02897 1.15029e-06 
9.77 0.03097 2.11304e-06 
9.77 0.03297 3.37919e-06 
9.77 0.03497 6.23662e-06 
9.77 0.03697 2.87997e-05 
9.77 0.03897 0.000113277 
9.77 0.04097 0.000268874 
9.77 0.04297 0.000637035 
9.77 0.04497 0.00105221 
9.77 0.04697 0.00145233 
9.77 0.04897 0.00196798 
9.77 0.05097 0.00385969 
9.77 0.05297 0.0051482 
9.77 0.05497 0.00459436 
9.77 0.05697 0.00506155 
9.77 0.05897 0.00498833 
9.77 0.06097 0.00244156 
9.77 0.06297 0.00405882 
9.77 0.06497 0.00333041 
9.77 0.06697 0.00246352 
9.77 0.06897 0.00159983 
9.77 0.07097 0.000641444 
9.77 0.07297 0.000881448 
9.77 0.07497 0.000493632 
9.77 0.07697 0.00025503 
9.77 0.07897 7.23463e-05 
9.78 0.02297 3.48899e-07 
9.78 0.02497 7.328e-07 
9.78 0.02697 1.40802e-06 
9.78 0.02897 2.3364e-06 
9.78 0.03097 4.19022e-06 
9.78 0.03297 1.44346e-05 
9.78 0.03497 6.4644e-05 
9.78 0.03697 0.000166666 
9.78 0.03897 0.000372681 
9.78 0.04097 0.000843566 
9.78 0.04297 0.00130521 
9.78 0.04497 0.001778 
9.78 0.04697 0.00233045 
9.78 0.04897 0.00467713 
9.78 0.05097 0.00498937 
9.78 0.05297 0.00501467 
9.78 0.05497 0.00500865 
9.78 0.05697 0.00265613 
9.78 0.05897 0.00454464 
9.78 0.06097 0.00379449 
9.78 0.06297 0.00299315 
9.78 0.06497 0.00171302 
9.78 0.06697 0.00117985 
9.78 0.06897 0.00107481 
9.78 0.07097 0.000627489 
9.78 0.07297 0.000355771 
9.78 0.07497 0.000129678 
9.78 0.07697 5.79606e-05 
9.79 0.01897 2.03284e-07 
9.79 0.02097 4.77128e-07 
9.79 0.02297 9.68702e-07 
9.79 0.02497 1.64692e-06 
9.79 0.02697 2.62146e-06 
9.79 0.02897 1.06265e-05 
9.79 0.03097 3.62805e-05 
9.79 0.03297 0.000126445 
9.79 0.03497 0.000242039 
9.79 0.03697 0.000477769 
9.79 0.03897 0.00101484 
9.79 0.04097 0.00147781 
9.79 0.04297 0.00211032 
9.79 0.04497 0.00283497 
9.79 0.04697 0.00519172 
9.79 0.04897 0.00468889 
9.79 0.05097 0.00491985 
9.79 0.05297 0.00254233 
9.79 0.05497 0.00469403 
9.79 0.05697 0.00428648 
9.79 0.05897 0.0034293 
9.79 0.06097 0.00175235 
9.79 0.06297 0.00185122 
9.79 0.06497 0.00140569 
9.79 0.06697 0.000860237 
9.79 0.06897 0.000481075 
9.79 0.07097 0.000150113 
9.79 0.07297 0.000179671 
9.8 0.01497 6.83624e-08 
9.8 0.01697 2.77567e-07 
9.8 0.01897 5.84909e-07 
9.8 0.02097 1.13247e-06 
9.8 0.02297 2.31909e-06 
9.8 0.02497 6.6733e-06 
9.8 0.02697 2.30192e-05 
9.8 0.02897 7.46203e-05 
9.8 0.03097 0.000173872 
9.8 0.03297 0.000331474 
9.8 0.03497 0.000532295 
9.8 0.03697 0.00126402 
9.8 0.03897 0.00176079 
9.8 0.04097 0.00237512 
9.8 0.04297 0.00315008 
9.8 0.04497 0.0056924 
9.8 0.04697 0.00465444 
9.8 0.04897 0.00266485 
9.8 0.05097 0.00468288 
9.8 0.05297 0.00452644 
9.8 0.05497 0.00385117 
9.8 0.05697 0.00182065 
9.8 0.05897 0.00240198 
9.8 0.06097 0.00176811 
9.8 0.06297 0.00113235 
9.8 0.06497 0.000586149 
9.8 0.06697 0.000311063 
9.8 0.06897 0.00026421 
9.8 0.07097 7.51718e-05 
9.81 0.01297 1.58088e-07 
9.81 0.01497 3.46518e-07 
9.81 0.01697 7.04615e-07 
9.81 0.01897 2.14524e-06 
9.81 0.02097 3.11625e-06 
9.81 0.02297 1.12229e-05 
9.81 0.02497 4.57065e-05 
9.81 0.02697 0.00011432 
9.81 0.02897 0.000276967 
9.81 0.03097 0.000373429 
9.81 0.03297 0.000629992 
9.81 0.03497 0.00146656 
9.81 0.03697 0.00200912 
9.81 0.03897 0.0026378 
9.81 0.04097 0.00348199 
9.81 0.04297 0.00574183 
9.81 0.04497 0.00250461 
9.81 0.04697 0.00426997 
9.81 0.04897 0.00412379 
9.81 0.05097 0.00418495 
9.81 0.05297 0.00206838 
9.81 0.05497 0.00277838 
9.81 0.05697 0.00209004 
9.81 0.05897 0.00129105 
9.81 0.06097 0.000527498 
9.81 0.06297 0.000675201 
9.81 0.06497 0.000376294 
9.81 0.06697 0.00018724 
9.82 0.00697002 3.28565e-08 
9.82 0.00896999 5.22287e-08 
9.82 0.01097 3.62535e-07 
9.82 0.01297 5.75749e-07 
9.82 0.01497 1.03248e-06 
9.82 0.01697 1.88796e-06 
9.82 0.01897 4.57666e-06 
9.82 0.02097 2.4738e-05 
9.82 0.02297 7.61391e-05 
9.82 0.02497 0.0001724 
9.82 0.02697 0.000309748 
9.82 0.02897 0.00049254 
9.82 0.03097 0.000711596 
9.82 0.03297 0.00139955 
9.82 0.03497 0.00250976 
9.82 0.03697 0.00272647 
9.82 0.03897 0.00382131 
9.82 0.04097 0.0039082 
9.82 0.04297 0.00372839 
9.82 0.04497 0.00418691 
9.82 0.04697 0.00381456 
9.82 0.04897 0.00187713 
9.82 0.05097 0.00294706 
9.82 0.05297 0.00228461 
9.82 0.05497 0.00155413 
9.82 0.05697 0.000603171 
9.82 0.05897 0.00079725 
9.82 0.06097 0.000513778 
9.82 0.06297 0.000268305 
9.82 0.06497 7.73838e-05 
9.83 0.00497001 7.13372e-08 
9.83 0.00697002 1.58298e-07 
9.83 0.00896999 3.39048e-07 
9.83 0.01097 6.36274e-07 
9.83 0.01297 1.14939e-06 
9.83 0.01497 3.68378e-06 
9.83 0.01697 1.18318e-05 
9.83 0.01897 4.15157e-05 
9.83 0.02097 8.18253e-05 
9.83 0.02297 0.000184425 
9.83 0.02497 0.000407071 
9.83 0.02697 0.000597788 
9.83 0.02897 0.000856501 
9.83 0.03097 0.00141768 
9.83 0.03297 0.00286093 
9.83 0.03497 0.00275926 
9.83 0.03697 0.00424994 
9.83 0.03897 0.00295191 
9.83 0.04097 0.00404422 
9.83 0.04297 0.0039172 
9.83 0.04497 0.00184988 
9.83 0.04697 0.00326244 
9.83 0.04897 0.00258069 
9.83 0.05097 0.00140698 
9.83 0.05297 0.00118004 
9.83 0.05497 0.00100909 
9.83 0.05697 0.000604223 
9.83 0.05897 0.00028425 
9.83 0.06097 0.000157305 
9.83 0.06297 7.62981e-05 
9.84 0.000970006 3.73323e-08 
9.84 0.00297001 8.67652e-08 
9.84 0.00497001 1.87065e-07 
9.84 0.00697002 3.79174e-07 
9.84 0.00896999 7.20375e-07 
9.84 0.01097 1.29793e-06 
9.84 0.01297 5.75362e-06 
9.84 0.01497 2.46223e-05 
9.84 0.01697 5.33156e-05 
9.84 0.01897 0.000129493 
9.84 0.02097 0.000188234 
9.84 0.02297 0.000408119 
9.84 0.02497 0.000775353 
9.84 0.02697 0.000983512 
9.84 0.02897 0.0015146 
9.84 0.03097 0.00298079 
9.84 0.03297 0.00268016 
9.84 0.03497 0.00332999 
9.84 0.03697 0.00371942 
9.84 0.03897 0.00381218 
9.84 0.04097 0.00194189 
9.84 0.04297 0.00340737 
9.84 0.04497 0.00283594 
9.84 0.04697 0.00120732 
9.84 0.04897 0.00176378 
9.84 0.05097 0.00121891 
9.84 0.05297 0.000769128 
9.84 0.05497 0.000258498 
9.84 0.05697 0.000321028 
9.84 0.05897 0.000164734 
9.85 -0.00303 1.17277e-08 
9.85 -0.00103 4.70601e-08 
9.85 0.000970006 1.03601e-07 
9.85 0.00297001 2.19551e-07 
9.85 0.00497001 1.94579e-07 
9.85 0.00697002 6.48353e-07 
9.85 0.00896999 2.80687e-06 
9.85 0.01097 1.37701e-05 
9.85 0.01297 3.54789e-05 
9.85 0.01497 8.31904e-05 
9.85 0.01697 0.000134662 
9.85 0.01897 0.000210624 
9.85 0.02097 0.000368741 
9.85 0.02297 0.000961835 
9.85 0.02497 0.00111213 
9.85 0.02697 0.0016175 
9.85 0.02897 0.0030574 
9.85 0.03097 0.00273819 
9.85 0.03297 0.00295786 
9.85 0.03497 0.00288559 
9.85 0.03697 0.00182948 
9.85 0.03897 0.00339896 
9.85 0.04097 0.00299106 
9.85 0.04297 0.00130632 
9.85 0.04497 0.00202636 
9.85 0.04697 0.0014344 
9.85 0.04897 0.000838899 
9.85 0.05097 0.000408524 
9.85 0.05297 0.000421155 
9.85 0.05497 0.000227653 
9.85 0.05697 6.61446e-05 
9.86 -0.00503001 9.68969e-09 
9.86 -0.00303 6.85271e-08 
9.86 -0.00103 7.013e-08 
9.86 0.000970006 1.07272e-07 
9.86 0.00297001 3.6103e-07 
9.86 0.00497001 1.33781e-06 
9.86 0.00697002 7.67242e-06 
9.86 0.00896999 2.64021e-05 
9.86 0.01097 4.76241e-05 
9.86 0.01297 8.86512e-05 
9.86 0.01497 0.000161385 
9.86 0.01697 0.000220258 
9.86 0.01897 0.000418275 
9.86 0.02097 0.000986182 
9.86 0.02297 0.00129598 
9.86 0.02497 0.00169503 
9.86 0.02697 0.00295826 
9.86 0.02897 0.00281638 
9.86 0.03097 0.00227219 
9.86 0.03297 0.00206847 
9.86 0.03497 0.00288162 
9.86 0.03697 0.002533 
9.86 0.03897 0.00123098 
9.86 0.04097 0.00221998 
9.86 0.04297 0.00162755 
9.86 0.04497 0.000660939 
9.86 0.04697 0.000832611 
9.86 0.04897 0.000526485 
9.86 0.05097 0.000287716 
9.86 0.05297 0.000152984 
9.86 0.05497 1.69826e-06 
9.87 -0.00902998 4.79363e-09 
9.87 -0.00703001 1.91779e-08 
9.87 -0.00503001 1.0117e-08 
9.87 -0.00303 5.52371e-08 
9.87 -0.00103 2.03118e-07 
9.87 0.000970006 1.22679e-06 
9.87 0.00297001 4.72935e-06 
9.87 0.00497001 1.28629e-05 
9.87 0.00697002 2.87615e-05 
9.87 0.00896999 5.57077e-05 
9.87 0.01097 0.000105764 
9.87 0.01297 0.000178243 
9.87 0.01497 0.000259407 
9.87 0.01697 0.000480777 
9.87 0.01897 0.000889983 
9.87 0.02097 0.00148455 
9.87 0.02297 0.00174787 
9.87 0.02497 0.00261748 
9.87 0.02697 0.00233287 
9.87 0.02897 0.00207064 
9.87 0.03097 0.00266916 
9.87 0.03297 0.00222508 
9.87 0.03497 0.00149831 
9.87 0.03697 0.00203097 
9.87 0.03897 0.00154854 
9.87 0.04097 0.000698763 
9.87 0.04297 0.0010305 
9.87 0.04497 0.000643136 
9.87 0.04697 0.00036796 
9.87 0.04897 0.000125531 
9.87 0.05097 0.000123675 
9.88 -0.01103 1.89393e-09 
9.88 -0.00703001 3.39202e-08 
9.88 -0.00503001 1.07591e-07 
9.88 -0.00303 3.75532e-07 
9.88 -0.00103 2.50794e-06 
9.88 0.000970006 6.74491e-06 
9.88 0.00297001 1.45862e-05 
9.88 0.00497001 3.41518e-05 
9.88 0.00697002 7.51658e-05 
9.88 0.00896999 0.000104606 
9.88 0.01097 0.00020615 
9.88 0.01297 0.000300329 
9.88 0.01497 0.000537877 
9.88 0.01697 0.000812285 
9.88 0.01897 0.00170389 
9.88 0.02097 0.00167059 
9.88 0.02297 0.00230891 
9.88 0.02497 0.00187665 
9.88 0.02697 0.00239431 
9.88 0.02897 0.00178512 
9.88 0.03097 0.00178087 
9.88 0.03297 0.00205955 
9.88 0.03497 0.00159388 
9.88 0.03697 0.000727117 
9.88 0.03897 0.00102876 
9.88 0.04097 0.000713744 
9.88 0.04297 0.000392602 
9.88 0.04497 0.000206588 
9.88 0.04697 0.000178423 
9.88 0.04897 5.15514e-05 
9.89 -0.01103 2.46779e-09 
9.89 -0.00902998 2.92233e-08 
9.89 -0.00703001 2.13133e-07 
9.89 -0.00503001 7.56773e-07 
9.89 -0.00303 3.58414e-06 
9.89 -0.00103 7.85599e-06 
9.89 0.000970006 2.31914e-05 
9.89 0.00297001 3.82603e-05 
9.89 0.00497001 6.47909e-05 
9.89 0.00697002 0.000108304 
9.89 0.00896999 0.000244751 
9.89 0.01097 0.000347599 
9.89 0.01297 0.000587626 
9.89 0.01497 0.000817375 
9.89 0.01697 0.00175658 
9.89 0.01897 0.00162622 
9.89 0.02097 0.00184252 
9.89 0.02297 0.00209739 
9.89 0.02497 0.00134189 
9.89 0.02697 0.00193542 
9.89 0.02897 0.00201819 
9.89 0.03097 0.00128163 
9.89 0.03297 0.00112732 
9.89 0.03497 0.00112445 
9.89 0.03697 0.000775094 
9.89 0.03897 0.00029221 
9.89 0.04097 0.000364051 
9.89 0.04297 0.000227612 
9.89 0.04497 0.000115688 
9.9 -0.01303 7.0842e-09 
9.9 -0.01103 4.31455e-08 
9.9 -0.00902998 3.22273e-07 
9.9 -0.00703001 8.23654e-07 
9.9 -0.00503001 4.94357e-06 
9.9 -0.00303 1.27926e-05 
9.9 -0.00103 2.23156e-05 
9.9 0.000970006 3.71622e-05 
9.9 0.00297001 7.1268e-05 
9.9 0.00497001 9.82105e-05 
9.9 0.00697002 0.000246759 
9.9 0.00896999 0.000407072 
9.9 0.01097 0.000558249 
9.9 0.01297 0.00086459 
9.9 0.01497 0.00164044 
9.9 0.01697 0.00167057 
9.9 0.01897 0.00172451 
9.9 0.02097 0.00108422 
9.9 0.02297 0.00184986 
9.9 0.02497 0.00187352 
9.9 0.02697 0.00099182 
9.9 0.02897 0.00138458 
9.9 0.03097 0.00118593 
9.9 0.03297 0.000822512 
9.9 0.03497 0.000349482 
9.9 0.03697 0.000447919 
9.9 0.03897 0.000262945 
9.9 0.04097 0.000143615 
9.9 0.04297 4.28298e-05 
9.91 -0.01703 3.28946e-09 
9.91 -0.01503 1.30439e-08 
9.91 -0.01303 4.30679e-08 
9.91 -0.01103 2.25269e-07 
9.91 -0.00902998 1.36433e-06 
9.91 -0.00703001 6.04897e-06 
9.91 -0.00503001 1.28102e-05 
9.91 -0.00303 2.38943e-05 
9.91 -0.00103 3.71139e-05 
9.91 0.000970006 5.8202e-05 
9.91 0.00297001 0.000120236 
9.91 0.00497001 0.000195761 
9.91 0.00697002 0.00044737 
9.91 0.00896999 0.000595906 
9.91 0.01097 0.000794227 
9.91 0.01297 0.00142828 
9.91 0.01497 0.00172923 
9.91 0.01697 0.000866248 
9.91 0.01897 0.00165839 
9.91 0.02097 0.0017117 
9.91 0.02297 0.000840822 
9.91 0.02497 0.00142859 
9.91 0.02697 0.00117049 
9.91 0.02897 0.000667715 
9.91 0.03097 0.000543864 
9.91 0.03297 0.000510742 
9.91 0.03497 0.000312598 
9.91 0.03697 0.000169272 
9.91 0.03897 6.04089e-05 
9.91 0.04097 3.34788e-05 
9.92 -0.02103 2.14515e-09 
9.92 -0.01903 6.27654e-09 
9.92 -0.01703 2.16513e-08 
9.92 -0.01503 6.35294e-08 
9.92 -0.01303 2.86585e-07 
9.92 -0.01103 1.3257e-06 
9.92 -0.00902998 5.3071e-06 
9.92 -0.00703001 1.65811e-05 
9.92 -0.00503001 2.12051e-05 
9.92 -0.00303 3.08136e-05 
9.92 -0.00103 6.70758e-05 
9.92 0.000970006 0.000112317 
9.92 0.00297001 0.000196937 
9.92 0.00497001 0.000419114 
9.92 0.00697002 0.000657181 
9.92 0.00896999 0.000727206 
9.92 0.01097 0.00106273 
9.92 0.01297 0.00109526 
9.92 0.01497 0.00140931 
9.92 0.01697 0.00148758 
9.92 0.01897 0.000762035 
9.92 0.02097 0.00136773 
9.92 0.02297 0.00115071 
9.92 0.02497 0.000513889 
9.92 0.02697 0.000727224 
9.92 0.02897 0.000516191 
9.92 0.03097 0.000339022 
9.92 0.03297 0.000133869 
9.92 0.03497 0.00012786 
9.92 0.03697 7.40107e-05 
9.93 -0.02303 2.36125e-09 
9.93 -0.02103 6.04465e-09 
9.93 -0.01903 4.05021e-08 
9.93 -0.01703 8.45982e-08 
9.93 -0.01503 2.05219e-07 
9.93 -0.01303 1.58041e-06 
9.93 -0.01103 4.69964e-06 
9.93 -0.00902998 1.24574e-05 
9.93 -0.00703001 2.33106e-05 
9.93 -0.00503001 4.11985e-05 
9.93 -0.00303 6.39781e-05 
9.93 -0.00103 0.000115105 
9.93 0.000970006 0.000215888 
9.93 0.00297001 0.000339426 
9.93 0.00497001 0.000702827 
9.93 0.00697002 0.000716801 
9.93 0.00896999 0.000854412 
9.93 0.01097 0.00093334 
9.93 0.01297 0.00106563 
9.93 0.01497 0.000572796 
9.93 0.01697 0.00123899 
9.93 0.01897 0.00109527 
9.93 0.02097 0.000491071 
9.93 0.02297 0.000758787 
9.93 0.02497 0.000546689 
9.93 0.02697 0.000313893 
9.93 0.02897 0.00016926 
9.93 0.03097 0.000167951 
9.93 0.03297 8.72967e-05 
9.93 0.03497 3.16074e-05 
9.94 -0.02703 3.40041e-10 
9.94 -0.02503 3.76151e-09 
9.94 -0.02303 8.48059e-09 
9.94 -0.02103 3.53358e-08 
9.94 -0.01903 1.0506e-07 
9.94 -0.01703 2.33217e-07 
9.94 -0.01503 1.72889e-06 
9.94 -0.01303 3.93746e-06 
9.94 -0.01103 1.25998e-05 
9.94 -0.00902998 1.55632e-05 
9.94 -0.00703001 4.84297e-05 
9.94 -0.00503001 7.43353e-05 
9.94 -0.00303 0.000124391 
9.94 -0.00103 0.000215002 
9.94 0.000970006 0.000313353 
9.94 0.00297001 0.000667508 
9.94 0.00497001 0.0006895 
9.94 0.00697002 0.000750327 
9.94 0.00896999 0.000867176 
9.94 0.01097 0.000485217 
9.94 0.01297 0.000922783 
9.94 0.01497 0.000877323 
9.94 0.01697 0.000409491 
9.94 0.01897 0.000711805 
9.94 0.02097 0.000559854 
9.94 0.02297 0.000212383 
9.94 0.02497 0.000309434 
9.94 0.02697 0.000194355 
9.94 0.02897 6.39956e-05 
9.94 0.03097 8.13018e-05 
9.94 0.03297 2.40332e-05 
9.95 -0.02903 3.17954e-10 
9.95 -0.02703 3.33061e-09 
9.95 -0.02503 7.19509e-09 
9.95 -0.02303 1.77646e-09 
9.95 -0.02103 7.07261e-08 
9.95 -0.01903 3.3202e-07 
9.95 -0.01703 1.57089e-06 
9.95 -0.01503 4.81869e-06 
9.95 -0.01303 1.09378e-05 
9.95 -0.01103 1.98819e-05 
9.95 -0.00902998 3.09699e-05 
9.95 -0.00703001 8.57764e-05 
9.95 -0.00503001 0.000145029 
9.95 -0.00303 0.000204895 
9.95 -0.00103 0.000311507 
9.95 0.000970006 0.00055677 
9.95 0.00297001 0.000686624 
9.95 0.00497001 0.000674959 
9.95 0.00697002 0.000388766 
9.95 0.00896999 0.000784709 
9.95 0.01097 0.00076233 
9.95 0.01297 0.000380095 
9.95 0.01497 0.000647288 
9.95 0.01697 0.00051246 
9.95 0.01897 0.000230075 
9.95 0.02097 0.000333961 
9.95 0.02297 0.000132972 
9.95 0.02497 0.000158189 
9.95 0.02697 9.76348e-05 
9.95 0.02897 3.51187e-05 
9.95 0.03097 1.61564e-05 
9.96 -0.03103 2.76161e-10 
9.96 -0.02903 2.85843e-09 
9.96 -0.02703 1.69066e-10 
9.96 -0.02503 1.82707e-09 
9.96 -0.02303 1.24224e-08 
9.96 -0.02103 2.33577e-07 
9.96 -0.01903 1.31976e-06 
9.96 -0.01703 3.73706e-06 
9.96 -0.01503 1.26514e-05 
9.96 -0.01303 1.94414e-05 
9.96 -0.01103 3.34652e-05 
9.96 -0.00902998 6.48103e-05 
9.96 -0.00703001 0.000160339 
9.96 -0.00503001 0.000208867 
9.96 -0.00303 0.000300763 
9.96 -0.00103 0.000428575 
9.96 0.000970006 0.000682367 
9.96 0.00297001 0.000300001 
9.96 0.00497001 0.000643226 
9.96 0.00697002 0.000621309 
9.96 0.00896999 0.000363678 
9.96 0.01097 0.000567416 
9.96 0.01297 0.000272961 
9.96 0.01497 0.000354832 
9.96 0.01697 0.000307926 
9.96 0.01897 0.000132993 
9.96 0.02097 0.00018826 
9.96 0.02297 9.60905e-05 
9.96 0.02497 5.34785e-05 
9.96 0.02697 4.45866e-05 
9.97 -0.03303 8.24509e-10 
9.97 -0.03103 7.3672e-10 
9.97 -0.02903 1.86762e-10 
9.97 -0.02703 1.85806e-09 
9.97 -0.02503 2.15843e-08 
9.97 -0.02303 5.33636e-07 
9.97 -0.02103 1.66583e-06 
9.97 -0.01903 4.07053e-06 
9.97 -0.01703 9.42408e-06 
9.97 -0.01503 1.40575e-05 
9.97 -0.01303 4.35954e-05 
9.97 -0.01103 6.80275e-05 
9.97 -0.00902998 0.000103573 
9.97 -0.00703001 0.000260887 
9.97 -0.00503001 0.000272399 
9.97 -0.00303 0.000352908 
9.97 -0.00103 0.000405382 
9.97 0.000970006 0.00049217 
9.97 0.00297001 0.000497624 
9.97 0.00497001 0.000300118 
9.97 0.00697002 0.000476435 
9.97 0.00896999 0.000225612 
9.97 0.01097 0.000376546 
9.97 0.01297 0.00017492 
9.97 0.01497 0.000215813 
9.97 0.01697 0.000162345 
9.97 0.01897 7.14821e-05 
9.97 0.02097 9.68552e-05 
9.97 0.02297 5.35298e-05 
9.97 0.02497 1.58384e-05 
9.98 -0.03503 3.24594e-10 
9.98 -0.03103 1.68043e-10 
9.98 -0.02903 1.90725e-09 
9.98 -0.02703 6.45276e-08 
9.98 -0.02503 3.7893e-07 
9.98 -0.02303 1.60006e-06 
9.98 -0.02103 4.49391e-06 
9.98 -0.01903 9.15137e-06 
9.98 -0.01703 1.39359e-05 
9.98 -0.01503 3.03861e-05 
9.98 -0.01303 8.45076e-05 
9.98 -0.01103 0.000105516 
9.98 -0.00902998 0.000194408 
9.98 -0.00703001 0.000285803 
9.98 -0.00503001 0.000309275 
9.98 -0.00303 0.000352831 
9.98 -0.00103 0.000332674 
9.98 0.000970006 0.000294212 
9.98 0.00297001 0.000399323 
9.98 0.00497001 0.00020667 
9.98 0.00697002 0.000346453 
9.98 0.00896999 0.000148173 
9.98 0.01097 0.000235592 
9.98 0.01297 0.000114388 
9.98 0.01497 0.00011572 
9.98 0.01697 8.64488e-05 
9.98 0.01897 2.87856e-05 
9.98 0.02097 4.04128e-05 
9.98 0.02297 1.36083e-05 
9.99 -0.03303 4.36556e-10 
9.99 -0.03103 4.43113e-09 
9.99 -0.02903 1.04958e-07 
9.99 -0.02703 4.90007e-07 
9.99 -0.02503 1.50267e-06 
9.99 -0.02303 3.63576e-06 
9.99 -0.02103 8.86025e-06 
9.99 -0.01903 1.66849e-05 
9.99 -0.01703 2.67307e-05 
9.99 -0.01503 5.81984e-05 
9.99 -0.01303 0.000130011 
9.99 -0.01103 0.000139744 
9.99 -0.00902998 0.000298147 
9.99 -0.00703001 0.000247073 
9.99 -0.00503001 0.0001627 
9.99 -0.00303 0.000284306 
9.99 -0.00103 0.000263765 
9.99 0.000970006 0.000248422 
9.99 0.00297001 0.00029462 
9.99 0.00497001 0.000148736 
9.99 0.00697002 0.000227353 
9.99 0.00896999 9.0593e-05 
9.99 0.01097 0.000140494 
9.99 0.01297 7.73912e-05 
9.99 0.01497 4.69709e-05 
9.99 0.01697 4.22186e-05 
9.99 0.01897 2.10029e-05 
9.99 0.02097 1.40627e-06 
10 -0.03503 4.56001e-10 
10 -0.03303 1.18259e-08 
10 -0.03103 1.2094e-07 
10 -0.02903 4.60761e-07 
10 -0.02703 1.4905e-06 
10 -0.02503 3.35892e-06 
10 -0.02303 6.00127e-06 
10 -0.02103 1.58506e-05 
10 -0.01903 3.09719e-05 
10 -0.01703 4.69185e-05 
10 -0.01503 0.000112593 
10 -0.01303 0.0001453 
10 -0.01103 0.00019393 
10 -0.00902998 0.000174057 
10 -0.00703001 0.000231492 
10 -0.00503001 0.000133125 
10 -0.00303 0.000247362 
10 -0.00103 0.000178003 
10 0.000970006 0.000195786 
10 0.00297001 0.000198719 
10 0.00497001 9.69498e-05 
10 0.00697002 0.000138415 
10 0.00896999 5.25297e-05 
10 0.01097 7.66158e-05 
10 0.01297 4.56854e-05 
10 0.01497 1.61706e-05 
10 0.01697 1.8794e-05 
10.01 -0.03703 4.324e-10 
10.01 -0.03503 2.24386e-08 
10.01 -0.03303 9.41699e-08 
10.01 -0.03103 4.17054e-07 
10.01 -0.02903 1.21298e-06 
10.01 -0.02703 3.80619e-06 
10.01 -0.02503 6.30841e-06 
10.01 -0.02303 1.10627e-05 
10.01 -0.02103 2.93817e-05 
10.01 -0.01903 4.93009e-05 
10.01 -0.01703 6.41257e-05 
10.01 -0.01503 0.000160427 
10.01 -0.01303 0.00014124 
10.01 -0.01103 0.000168682 
10.01 -0.00902998 9.56705e-05 
10.01 -0.00703001 0.000205142 
10.01 -0.00503001 0.000107416 
10.01 -0.00303 0.000200115 
10.01 -0.00103 0.000106973 
10.01 0.000970006 0.000158464 
10.01 0.00297001 0.000122185 
10.01 0.00497001 5.97632e-05 
10.01 0.00697002 7.86567e-05 
10.01 0.00896999 2.80114e-05 
10.01 0.01097 3.87613e-05 
10.01 0.01297 2.17025e-05 
10.01 0.01497 6.5184e-06 
10.02 -0.03903 1.8378e-09 
10.02 -0.03703 3.5982e-08 
10.02 -0.03503 1.16644e-07 
10.02 -0.03303 3.99231e-07 
10.02 -0.03103 1.04578e-06 
10.02 -0.02903 2.22831e-06 
10.02 -0.02703 7.50683e-06 
10.02 -0.02503 1.1315e-05 
10.02 -0.02303 2.05046e-05 
10.02 -0.02103 5.21067e-05 
10.02 -0.01903 6.26118e-05 
10.02 -0.01703 0.000102295 
10.02 -0.01503 0.000151483 
10.02 -0.01303 6.55326e-05 
10.02 -0.01103 0.000150903 
10.02 -0.00902998 8.15538e-05 
10.02 -0.00703001 0.000166728 
10.02 -0.00503001 8.31828e-05 
10.02 -0.00303 0.00014648 
10.02 -0.00103 6.47262e-05 
10.02 0.000970006 0.000105374 
10.02 0.00297001 7.08582e-05 
10.02 0.00497001 3.54279e-05 
10.02 0.00697002 4.09701e-05 
10.02 0.00896999 1.56428e-05 
10.02 0.01097 1.59183e-05 
10.02 0.01297 5.33893e-06 
10.03 -0.04103 4.7967e-09 
10.03 -0.03903 2.28187e-08 
10.03 -0.03703 1.14964e-07 
10.03 -0.03503 4.72057e-07 
10.03 -0.03303 1.02482e-06 
10.03 -0.03103 2.37165e-06 
10.03 -0.02903 4.16529e-06 
10.03 -0.02703 1.3897e-05 
10.03 -0.02503 1.9827e-05 
10.03 -0.02303 2.93401e-05 
10.03 -0.02103 7.2634e-05 
10.03 -0.01903 6.57751e-05 
10.03 -0.01703 8.74378e-05 
10.03 -0.01503 0.000102136 
10.03 -0.01303 6.18471e-05 
10.03 -0.01103 0.000126705 
10.03 -0.00902998 6.69645e-05 
10.03 -0.00703001 0.000120818 
10.03 -0.00503001 5.82999e-05 
10.03 -0.00303 9.63598e-05 
10.03 -0.00103 3.93306e-05 
10.03 0.000970006 6.23874e-05 
10.03 0.00297001 4.07533e-05 
10.03 0.00497001 1.56012e-05 
10.03 0.00697002 1.95048e-05 
10.03 0.00896999 1.04562e-05 
10.03 0.01097 9.92437e-09 
10.04 -0.04303 8.18403e-09 
10.04 -0.04103 2.94625e-08 
10.04 -0.03903 1.0443e-07 
10.04 -0.03703 3.0255e-07 
10.04 -0.03503 7.7861e-07 
10.04 -0.03303 2.51772e-06 
10.04 -0.03103 4.12214e-06 
10.04 -0.02903 8.37588e-06 
10.04 -0.02703 2.31851e-05 
10.04 -0.02503 2.7582e-05 
10.04 -0.02303 5.08546e-05 
10.04 -0.02103 6.50822e-05 
10.04 -0.01903 6.45467e-05 
10.04 -0.01703 4.38133e-05 
10.04 -0.01503 9.12084e-05 
10.04 -0.01303 5.2075e-05 
10.04 -0.01103 9.82663e-05 
10.04 -0.00902998 4.86175e-05 
10.04 -0.00703001 8.44167e-05 
10.04 -0.00503001 3.5396e-05 
10.04 -0.00303 5.78531e-05 
10.04 -0.00103 2.25218e-05 
10.04 0.000970006 3.348e-05 
10.04 0.00297001 2.06063e-05 
10.04 0.00497001 6.77514e-06 
10.04 0.00697002 8.44937e-06 
10.05 -0.04703 3.00289e-10 
10.05 -0.04503 1.25045e-08 
10.05 -0.04303 3.74739e-08 
10.05 -0.04103 1.16819e-07 
10.05 -0.03903 2.74047e-07 
10.05 -0.03703 7.12818e-07 
10.05 -0.03503 1.40954e-06 
10.05 -0.03303 5.00337e-06 
10.05 -0.03103 7.66037e-06 
10.05 -0.02903 1.23006e-05 
10.05 -0.02703 3.15601e-05 
10.05 -0.02503 3.16181e-05 
10.05 -0.02303 6.34381e-05 
10.05 -0.02103 2.54977e-05 
10.05 -0.01903 5.71648e-05 
10.05 -0.01703 3.45077e-05 
10.05 -0.01503 6.4752e-05 
10.05 -0.01303 3.57111e-05 
10.05 -0.01103 6.46534e-05 
10.05 -0.00902998 3.34633e-05 
10.05 -0.00703001 5.23371e-05 
10.05 -0.00503001 2.10433e-05 
10.05 -0.00303 3.24382e-05 
10.05 -0.00103 1.20728e-05 
10.05 0.000970006 1.62347e-05 
10.05 0.00297001 9.28374e-06 
10.05 0.00497001 2.81557e-06 
10.06 -0.04903 6.29769e-10 
10.06 -0.04703 7.33971e-09 
10.06 -0.04503 2.29756e-08 
10.06 -0.04303 7.49012e-08 
10.06 -0.04103 3.3654e-07 
10.06 -0.03903 6.43605e-07 
10.06 -0.03703 1.30842e-06 
10.06 -0.03503 2.65858e-06 
10.06 -0.03303 8.75468e-06 
10.06 -0.03103 1.12236e-05 
10.06 -0.02903 2.50406e-05 
10.06 -0.02703 2.90134e-05 
10.06 -0.02503 3.12579e-05 
10.06 -0.02303 3.58254e-05 
10.06 -0.02103 2.626e-05 
10.06 -0.01903 3.55035e-05 
10.06 -0.01703 3.88831e-05 
10.06 -0.01503 3.37279e-05 
10.06 -0.01303 3.88738e-05 
10.06 -0.01103 3.37667e-05 
10.06 -0.00902998 2.27718e-05 
10.06 -0.00703001 2.65093e-05 
10.06 -0.00503001 1.13803e-05 
10.06 -0.00303 1.61362e-05 
10.06 -0.00103 8.47343e-06 
10.06 0.000970006 4.24651e-06 
10.06 0.00297001 2.24611e-06 
10.07 -0.05103 1.16524e-09 
10.07 -0.04903 8.19336e-09 
10.07 -0.04703 2.49154e-08 
10.07 -0.04503 6.79645e-08 
10.07 -0.04303 1.88762e-07 
10.07 -0.04103 7.16525e-07 
10.07 -0.03903 1.37764e-06 
10.07 -0.03703 2.37026e-06 
10.07 -0.03503 4.37196e-06 
10.07 -0.03303 1.25756e-05 
10.07 -0.03103 1.39981e-05 
10.07 -0.02903 2.89168e-05 
10.07 -0.02703 2.14983e-05 
10.07 -0.02503 1.85767e-05 
10.07 -0.02303 1.70366e-05 
10.07 -0.02103 3.60761e-05 
10.07 -0.01903 1.89489e-05 
10.07 -0.01703 3.67494e-05 
10.07 -0.01503 1.84242e-05 
10.07 -0.01303 2.97548e-05 
10.07 -0.01103 1.55261e-05 
10.07 -0.00902998 1.75517e-05 
10.07 -0.00703001 1.39858e-05 
10.07 -0.00503001 5.45803e-06 
10.07 -0.00303 7.31039e-06 
10.07 -0.00103 3.83213e-06 
10.08 -0.05303 1.51768e-09 
10.08 -0.05103 4.6646e-09 
10.08 -0.04903 2.99342e-08 
10.08 -0.04703 6.75386e-08 
10.08 -0.04503 1.85489e-07 
10.08 -0.04303 4.27514e-07 
10.08 -0.04103 1.1611e-06 
10.08 -0.03903 2.49268e-06 
10.08 -0.03703 3.81503e-06 
10.08 -0.03503 9.35521e-06 
10.08 -0.03303 1.17343e-05 
10.08 -0.03103 1.95355e-05 
10.08 -0.02903 1.26767e-05 
10.08 -0.02703 1.0902e-05 
10.08 -0.02503 2.3811e-05 
10.08 -0.02303 1.36964e-05 
10.08 -0.02103 2.75174e-05 
10.08 -0.01903 1.4048e-05 
10.08 -0.01703 2.49535e-05 
10.08 -0.01503 1.07468e-05 
10.08 -0.01303 1.7953e-05 
10.08 -0.01103 7.79394e-06 
10.08 -0.00902998 1.00606e-05 
10.08 -0.00703001 6.80223e-06 
10.08 -0.00503001 2.41043e-06 
10.08 -0.00303 2.8969e-06 
10.09 -0.05703 2.16452e-10 
10.09 -0.05503 1.81797e-09 
10.09 -0.05303 5.16765e-09 
10.09 -0.05103 1.45678e-08 
10.09 -0.04903 4.61428e-08 
10.09 -0.04703 2.23411e-07 
10.09 -0.04503 4.14059e-07 
10.09 -0.04303 7.69306e-07 
10.09 -0.04103 2.23032e-06 
10.09 -0.03903 3.48161e-06 
10.09 -0.03703 4.87196e-06 
10.09 -0.03503 1.11693e-05 
10.09 -0.03303 1.08101e-05 
10.09 -0.03103 6.47539e-06 
10.09 -0.02903 1.55617e-05 
10.09 -0.02703 9.29142e-06 
10.09 -0.02503 1.9107e-05 
10.09 -0.02303 1.0461e-05 
10.09 -0.02103 1.96592e-05 
10.09 -0.01903 8.83384e-06 
10.09 -0.01703 1.50636e-05 
10.09 -0.01503 6.25576e-06 
10.09 -0.01303 9.75646e-06 
10.09 -0.01103 4.53755e-06 
10.09 -0.00902998 4.07843e-06 
10.09 -0.00703001 2.98179e-06 
10.09 -0.00503001 9.0869e-07 
10.1 -0.05903 3.0366e-10 
10.1 -0.05703 1.98158e-09 
10.1 -0.05503 4.88594e-09 
10.1 -0.05303 1.46215e-08 
10.1 -0.05103 4.06295e-08 
10.1 -0.04903 1.15793e-07 
10.1 -0.04703 4.58397e-07 
10.1 -0.04503 6.87399e-07 
10.1 -0.04303 1.30334e-06 
10.1 -0.04103 3.5577e-06 
10.1 -0.03903 3.98344e-06 
10.1 -0.03703 7.62044e-06 
10.1 -0.03503 4.59446e-06 
10.1 -0.03303 9.61255e-06 
10.1 -0.03103 5.80271e-06 
10.1 -0.02903 1.30724e-05 
10.1 -0.02703 7.45177e-06 
10.1 -0.02503 1.44079e-05 
10.1 -0.02303 7.09928e-06 
10.1 -0.02103 1.22777e-05 
10.1 -0.01903 5.2517e-06 
10.1 -0.01703 8.59728e-06 
10.1 -0.01503 3.29156e-06 
10.1 -0.01303 4.74466e-06 
10.1 -0.01103 2.77416e-06 
10.1 -0.00902998 9.3007e-07 
10.1 -0.00703001 6.42142e-07 
10.11 -0.06103 3.61495e-10 
10.11 -0.05903 9.67301e-10 
10.11 -0.05703 2.99881e-09 
10.11 -0.05503 1.84741e-08 
10.11 -0.05303 3.89823e-08 
10.11 -0.05103 1.06751e-07 
10.11 -0.04903 2.36671e-07 
10.11 -0.04703 7.94682e-07 
10.11 -0.04503 1.11258e-06 
10.11 -0.04303 1.68897e-06 
10.11 -0.04103 4.25807e-06 
10.11 -0.03903 4.23357e-06 
10.11 -0.03703 5.26277e-06 
10.11 -0.03503 3.64214e-06 
10.11 -0.03303 8.38447e-06 
10.11 -0.03103 4.81173e-06 
10.11 -0.02903 9.86961e-06 
10.11 -0.02703 5.68877e-06 
10.11 -0.02503 7.86008e-06 
10.11 -0.02303 5.87772e-06 
10.11 -0.02103 6.93058e-06 
10.11 -0.01903 3.21514e-06 
10.11 -0.01703 4.37103e-06 
10.11 -0.01503 1.54579e-06 
10.11 -0.01303 2.10811e-06 
10.11 -0.01103 1.14022e-06 
10.12 -0.06303 3.48234e-10 
10.12 -0.06103 9.18447e-10 
10.12 -0.05903 3.02131e-09 
10.12 -0.05703 9.35218e-09 
10.12 -0.05503 2.50474e-08 
10.12 -0.05303 1.06688e-07 
10.12 -0.05103 1.90375e-07 
10.12 -0.04903 3.8897e-07 
10.12 -0.04703 1.19759e-06 
10.12 -0.04503 1.45544e-06 
10.12 -0.04303 2.89783e-06 
10.12 -0.04103 3.25371e-06 
10.12 -0.03903 1.76687e-06 
10.12 -0.03703 4.34825e-06 
10.12 -0.03503 2.81903e-06 
10.12 -0.03303 4.59208e-06 
10.12 -0.03103 4.3061e-06 
10.12 -0.02903 3.08219e-06 
10.12 -0.02703 5.82594e-06 
10.12 -0.02503 3.06405e-06 
10.12 -0.02303 5.20144e-06 
10.12 -0.02103 3.23384e-06 
10.12 -0.01903 2.03963e-06 
10.12 -0.01703 2.01037e-06 
10.12 -0.01503 8.30651e-07 
10.12 -0.01303 6.62337e-07 
10.13 -0.06503 1.50541e-10 
10.13 -0.06303 1.183e-09 
10.13 -0.06103 3.04352e-09 
10.13 -0.05903 9.11224e-09 
10.13 -0.05703 2.32664e-08 
10.13 -0.05503 5.14928e-08 
10.13 -0.05303 1.96285e-07 
10.13 -0.05103 3.05583e-07 
10.13 -0.04903 5.86614e-07 
10.13 -0.04703 1.47832e-06 
10.13 -0.04503 1.4691e-06 
10.13 -0.04303 1.80808e-06 
10.13 -0.04103 2.5054e-06 
10.13 -0.03903 1.60701e-06 
10.13 -0.03703 1.75493e-06 
10.13 -0.03503 3.97421e-06 
10.13 -0.03303 2.11755e-06 
10.13 -0.03103 4.24562e-06 
10.13 -0.02903 2.02428e-06 
10.13 -0.02703 3.51889e-06 
10.13 -0.02503 1.49546e-06 
10.13 -0.02303 2.39154e-06 
10.13 -0.02103 1.57325e-06 
10.13 -0.01903 7.79458e-07 
10.13 -0.01703 8.34654e-07 
10.13 -0.01503 2.52034e-07 
10.14 -0.06703 1.58821e-10 
10.14 -0.06503 5.48499e-10 
10.14 -0.06303 1.70931e-09 
10.14 -0.06103 1.03942e-08 
10.14 -0.05903 2.13018e-08 
10.14 -0.05703 4.68446e-08 
10.14 -0.05503 9.65559e-08 
10.14 -0.05303 3.17434e-07 
10.14 -0.05103 4.19617e-07 
10.14 -0.04903 1.04748e-06 
10.14 -0.04703 1.10232e-06 
10.14 -0.04503 1.29221e-06 
10.14 -0.04303 8.96466e-07 
10.14 -0.04103 1.09249e-06 
10.14 -0.03903 2.38526e-06 
10.14 -0.03703 1.44141e-06 
10.14 -0.03503 2.84683e-06 
10.14 -0.03303 1.51786e-06 
10.14 -0.03103 2.62947e-06 
10.14 -0.02903 1.16772e-06 
10.14 -0.02703 1.99746e-06 
10.14 -0.02503 8.03889e-07 
10.14 -0.02303 1.17571e-06 
10.14 -0.02103 7.454e-07 
10.14 -0.01903 2.40928e-07 
10.14 -0.01703 1.77582e-07 
