#logm logr JPDF
-0.05303 1.612 1.64298e-10 
-0.05103 1.608 1.52144e-10 
-0.05103 1.612 6.08311e-10 
-0.05103 1.616 3.0428e-10 
-0.04903 1.604 1.11044e-10 
-0.04903 1.608 6.43915e-10 
-0.04903 1.612 2.29567e-09 
-0.04903 1.616 3.35844e-09 
-0.04703 1.604 4.50738e-10 
-0.04703 1.608 1.76239e-09 
-0.04703 1.612 5.15236e-09 
-0.04703 1.616 1.13208e-08 
-0.04703 1.62 8.44859e-10 
-0.04503 1.6 1.47771e-10 
-0.04503 1.604 7.57195e-10 
-0.04503 1.608 3.28603e-09 
-0.04503 1.612 9.6105e-09 
-0.04503 1.616 2.59459e-08 
-0.04503 1.62 1.14384e-08 
-0.04303 1.6 1.83674e-10 
-0.04303 1.604 9.61863e-10 
-0.04303 1.608 4.55762e-09 
-0.04303 1.612 1.61163e-08 
-0.04303 1.616 4.18156e-08 
-0.04303 1.62 3.95571e-08 
-0.04103 1.6 3.71862e-10 
-0.04103 1.604 2.3065e-09 
-0.04103 1.608 9.61752e-09 
-0.04103 1.612 3.42162e-08 
-0.04103 1.616 8.84998e-08 
-0.04103 1.62 1.33758e-07 
-0.04103 1.624 3.22264e-09 
-0.03903 1.6 5.89467e-10 
-0.03903 1.604 3.687e-09 
-0.03903 1.608 1.48474e-08 
-0.03903 1.612 5.69407e-08 
-0.03903 1.616 1.38471e-07 
-0.03903 1.62 2.92254e-07 
-0.03903 1.624 4.96045e-08 
-0.03703 1.6 8.84628e-10 
-0.03703 1.604 4.90049e-09 
-0.03703 1.608 2.44896e-08 
-0.03703 1.612 7.72005e-08 
-0.03703 1.616 2.30888e-07 
-0.03703 1.62 4.37283e-07 
-0.03703 1.624 2.42745e-07 
-0.03503 1.596 1.51463e-10 
-0.03503 1.6 1.60012e-09 
-0.03503 1.604 9.0594e-09 
-0.03503 1.608 4.92518e-08 
-0.03503 1.612 1.6491e-07 
-0.03503 1.616 4.73833e-07 
-0.03503 1.62 8.83282e-07 
-0.03503 1.624 1.0234e-06 
-0.03303 1.596 1.86772e-10 
-0.03303 1.6 1.68741e-09 
-0.03303 1.604 1.25327e-08 
-0.03303 1.608 5.77636e-08 
-0.03303 1.612 2.31968e-07 
-0.03303 1.616 6.53039e-07 
-0.03303 1.62 1.45186e-06 
-0.03303 1.624 2.20261e-06 
-0.03303 1.628 2.54147e-07 
-0.03103 1.596 3.39844e-10 
-0.03103 1.6 3.0713e-09 
-0.03103 1.604 2.29807e-08 
-0.03103 1.608 1.15308e-07 
-0.03103 1.612 4.67727e-07 
-0.03103 1.616 1.24343e-06 
-0.03103 1.62 2.80887e-06 
-0.03103 1.624 3.98397e-06 
-0.03103 1.628 1.72541e-06 
-0.02903 1.596 2.82792e-10 
-0.02903 1.6 3.1007e-09 
-0.02903 1.604 2.15105e-08 
-0.02903 1.608 1.18304e-07 
-0.02903 1.612 5.10655e-07 
-0.02903 1.616 1.5872e-06 
-0.02903 1.62 3.53961e-06 
-0.02903 1.624 5.81638e-06 
-0.02903 1.628 3.99453e-06 
-0.02703 1.596 5.00408e-10 
-0.02703 1.6 4.59023e-09 
-0.02703 1.604 3.8305e-08 
-0.02703 1.608 2.04773e-07 
-0.02703 1.612 9.09673e-07 
-0.02703 1.616 2.6055e-06 
-0.02703 1.62 5.87922e-06 
-0.02703 1.624 1.0321e-05 
-0.02703 1.628 1.08114e-05 
-0.02703 1.632 5.20755e-07 
-0.02503 1.596 3.5383e-10 
-0.02503 1.6 3.90617e-09 
-0.02503 1.604 3.3876e-08 
-0.02503 1.608 1.99435e-07 
-0.02503 1.612 8.83906e-07 
-0.02503 1.616 2.63746e-06 
-0.02503 1.62 6.26429e-06 
-0.02503 1.624 1.19603e-05 
-0.02503 1.628 1.48172e-05 
-0.02503 1.632 2.88001e-06 
-0.02303 1.596 5.51344e-10 
-0.02303 1.6 6.38027e-09 
-0.02303 1.604 5.03833e-08 
-0.02303 1.608 3.19619e-07 
-0.02303 1.612 1.34542e-06 
-0.02303 1.616 4.55434e-06 
-0.02303 1.62 1.09463e-05 
-0.02303 1.624 1.85088e-05 
-0.02303 1.628 2.39922e-05 
-0.02303 1.632 1.04679e-05 
-0.02103 1.596 4.67736e-10 
-0.02103 1.6 5.41683e-09 
-0.02103 1.604 5.41075e-08 
-0.02103 1.608 3.26104e-07 
-0.02103 1.612 1.62693e-06 
-0.02103 1.616 5.47252e-06 
-0.02103 1.62 1.5832e-05 
-0.02103 1.624 3.05191e-05 
-0.02103 1.628 4.22126e-05 
-0.02103 1.632 3.1427e-05 
-0.02103 1.636 3.86294e-07 
-0.01903 1.596 5.58122e-10 
-0.01903 1.6 7.33709e-09 
-0.01903 1.604 6.21167e-08 
-0.01903 1.608 3.86408e-07 
-0.01903 1.612 1.84958e-06 
-0.01903 1.616 6.2017e-06 
-0.01903 1.62 1.42748e-05 
-0.01903 1.624 2.43323e-05 
-0.01903 1.628 3.43137e-05 
-0.01903 1.632 2.95943e-05 
-0.01903 1.636 3.44911e-06 
-0.01703 1.596 7.43767e-10 
-0.01703 1.6 9.30695e-09 
-0.01703 1.604 8.90552e-08 
-0.01703 1.608 5.92903e-07 
-0.01703 1.612 2.81542e-06 
-0.01703 1.616 1.03791e-05 
-0.01703 1.62 2.63483e-05 
-0.01703 1.624 5.27006e-05 
-0.01703 1.628 6.92202e-05 
-0.01703 1.632 7.38995e-05 
-0.01703 1.636 1.85632e-05 
-0.01503 1.596 4.73534e-10 
-0.01503 1.6 6.45001e-09 
-0.01503 1.604 6.19866e-08 
-0.01503 1.608 4.41302e-07 
-0.01503 1.612 2.30283e-06 
-0.01503 1.616 8.50379e-06 
-0.01503 1.62 2.36245e-05 
-0.01503 1.624 4.59428e-05 
-0.01503 1.628 6.98771e-05 
-0.01503 1.632 7.49463e-05 
-0.01503 1.636 3.64212e-05 
-0.01503 1.64 2.28086e-07 
-0.01303 1.596 6.05383e-10 
-0.01303 1.6 9.26358e-09 
-0.01303 1.604 8.55377e-08 
-0.01303 1.608 6.48611e-07 
-0.01303 1.612 3.21562e-06 
-0.01303 1.616 1.31881e-05 
-0.01303 1.62 3.53619e-05 
-0.01303 1.624 7.39539e-05 
-0.01303 1.628 0.000107461 
-0.01303 1.632 0.000108123 
-0.01303 1.636 6.98386e-05 
-0.01303 1.64 2.96756e-06 
-0.01103 1.596 4.07581e-10 
-0.01103 1.6 6.01968e-09 
-0.01103 1.604 6.85509e-08 
-0.01103 1.608 4.80391e-07 
-0.01103 1.612 2.76969e-06 
-0.01103 1.616 1.12451e-05 
-0.01103 1.62 3.39563e-05 
-0.01103 1.624 7.3208e-05 
-0.01103 1.628 0.0001176 
-0.01103 1.632 0.000148094 
-0.01103 1.636 0.000123273 
-0.01103 1.64 1.60027e-05 
-0.00902998 1.596 4.796e-10 
-0.00902998 1.6 7.541e-09 
-0.00902998 1.604 8.40483e-08 
-0.00902998 1.608 6.20176e-07 
-0.00902998 1.612 3.65519e-06 
-0.00902998 1.616 1.41497e-05 
-0.00902998 1.62 4.15621e-05 
-0.00902998 1.624 8.75629e-05 
-0.00902998 1.628 0.000140816 
-0.00902998 1.632 0.000140228 
-0.00902998 1.636 0.000118825 
-0.00902998 1.64 3.0179e-05 
-0.00902998 1.644 1.86516e-08 
-0.00703001 1.596 3.43325e-10 
-0.00703001 1.6 6.13955e-09 
-0.00703001 1.604 6.52868e-08 
-0.00703001 1.608 6.11874e-07 
-0.00703001 1.612 3.70939e-06 
-0.00703001 1.616 1.69764e-05 
-0.00703001 1.62 5.01925e-05 
-0.00703001 1.624 0.000119421 
-0.00703001 1.628 0.000195534 
-0.00703001 1.632 0.000241227 
-0.00703001 1.636 0.000206917 
-0.00703001 1.64 8.96474e-05 
-0.00703001 1.644 7.02351e-07 
-0.00503001 1.596 3.31822e-10 
-0.00503001 1.6 5.04134e-09 
-0.00503001 1.604 6.4893e-08 
-0.00503001 1.608 4.70031e-07 
-0.00503001 1.612 2.92341e-06 
-0.00503001 1.616 1.25678e-05 
-0.00503001 1.62 4.33229e-05 
-0.00503001 1.624 9.63763e-05 
-0.00503001 1.628 0.000167107 
-0.00503001 1.632 0.000192393 
-0.00503001 1.636 0.000180972 
-0.00503001 1.64 9.48075e-05 
-0.00503001 1.644 4.50204e-06 
-0.00303 1.596 3.11572e-10 
-0.00303 1.6 5.83455e-09 
-0.00303 1.604 7.08989e-08 
-0.00303 1.608 6.13598e-07 
-0.00303 1.612 3.99618e-06 
-0.00303 1.616 1.88373e-05 
-0.00303 1.62 6.44622e-05 
-0.00303 1.624 0.000159893 
-0.00303 1.628 0.000275963 
-0.00303 1.632 0.000362527 
-0.00303 1.636 0.000324341 
-0.00303 1.64 0.000203019 
-0.00303 1.644 1.69366e-05 
-0.00303 1.648 4.49874e-10 
-0.00103 1.596 1.77974e-10 
-0.00103 1.6 3.32021e-09 
-0.00103 1.604 4.78574e-08 
-0.00103 1.608 4.46967e-07 
-0.00103 1.612 2.96435e-06 
-0.00103 1.616 1.4938e-05 
-0.00103 1.62 4.87117e-05 
-0.00103 1.624 0.000125755 
-0.00103 1.628 0.000243493 
-0.00103 1.632 0.000314071 
-0.00103 1.636 0.000310313 
-0.00103 1.64 0.000215037 
-0.00103 1.644 5.46214e-05 
-0.00103 1.648 4.2327e-08 
0.000970006 1.596 2.17958e-10 
0.000970006 1.6 3.91201e-09 
0.000970006 1.604 5.44701e-08 
0.000970006 1.608 5.28491e-07 
0.000970006 1.612 3.74996e-06 
0.000970006 1.616 1.87039e-05 
0.000970006 1.62 7.07782e-05 
0.000970006 1.624 0.000183273 
0.000970006 1.628 0.000347475 
0.000970006 1.632 0.000430869 
0.000970006 1.636 0.000464205 
0.000970006 1.64 0.000305513 
0.000970006 1.644 0.000107695 
0.000970006 1.648 4.09359e-07 
0.00297001 1.596 1.41277e-10 
0.00297001 1.6 2.54978e-09 
0.00297001 1.604 3.81347e-08 
0.00297001 1.608 4.14194e-07 
0.00297001 1.612 3.06423e-06 
0.00297001 1.616 1.66709e-05 
0.00297001 1.62 6.2911e-05 
0.00297001 1.624 0.000193615 
0.00297001 1.628 0.000377229 
0.00297001 1.632 0.000597349 
0.00297001 1.636 0.000588639 
0.00297001 1.64 0.000463104 
0.00297001 1.644 0.000208883 
0.00297001 1.648 7.2912e-06 
0.00497001 1.596 1.30879e-10 
0.00497001 1.6 3.03256e-09 
0.00497001 1.604 4.43335e-08 
0.00497001 1.608 4.83323e-07 
0.00497001 1.612 3.4655e-06 
0.00497001 1.616 1.87089e-05 
0.00497001 1.62 6.66087e-05 
0.00497001 1.624 0.000170518 
0.00497001 1.628 0.00032588 
0.00497001 1.632 0.000445404 
0.00497001 1.636 0.000495587 
0.00497001 1.64 0.000363371 
0.00497001 1.644 0.000199161 
0.00497001 1.648 1.70702e-05 
0.00497001 1.652 6.92499e-10 
0.00697002 1.6 2.20842e-09 
0.00697002 1.604 4.02032e-08 
0.00697002 1.608 4.65159e-07 
0.00697002 1.612 3.64702e-06 
0.00697002 1.616 2.00584e-05 
0.00697002 1.62 8.09706e-05 
0.00697002 1.624 0.00022607 
0.00697002 1.628 0.000471749 
0.00697002 1.632 0.000714197 
0.00697002 1.636 0.000764945 
0.00697002 1.64 0.000648596 
0.00697002 1.644 0.000361855 
0.00697002 1.648 6.76788e-05 
0.00697002 1.652 4.32617e-08 
0.00896999 1.6 1.90567e-09 
0.00896999 1.604 2.63721e-08 
0.00896999 1.608 3.06651e-07 
0.00896999 1.612 2.58243e-06 
0.00896999 1.616 1.61425e-05 
0.00896999 1.62 6.30138e-05 
0.00896999 1.624 0.000188847 
0.00896999 1.628 0.000385399 
0.00896999 1.632 0.000606001 
0.00896999 1.636 0.000680891 
0.00896999 1.64 0.000560116 
0.00896999 1.644 0.000352962 
0.00896999 1.648 0.000103692 
0.00896999 1.652 5.57264e-07 
0.01097 1.6 1.90219e-09 
0.01097 1.604 3.3082e-08 
0.01097 1.608 4.08748e-07 
0.01097 1.612 3.41163e-06 
0.01097 1.616 1.88015e-05 
0.01097 1.62 8.35406e-05 
0.01097 1.624 0.000251496 
0.01097 1.628 0.000562008 
0.01097 1.632 0.000868677 
0.01097 1.636 0.00107349 
0.01097 1.64 0.000807345 
0.01097 1.644 0.000532714 
0.01097 1.648 0.000188262 
0.01097 1.652 4.82607e-06 
0.01297 1.6 1.08345e-09 
0.01297 1.604 2.14248e-08 
0.01297 1.608 2.51455e-07 
0.01297 1.612 2.29803e-06 
0.01297 1.616 1.35824e-05 
0.01297 1.62 6.30784e-05 
0.01297 1.624 0.000204755 
0.01297 1.628 0.000483847 
0.01297 1.632 0.000887469 
0.01297 1.636 0.00104246 
0.01297 1.64 0.001034 
0.01297 1.644 0.000621064 
0.01297 1.648 0.000275845 
0.01297 1.652 2.07308e-05 
0.01297 1.656 1.97671e-10 
0.01497 1.6 1.21089e-09 
0.01497 1.604 2.1869e-08 
0.01497 1.608 2.86875e-07 
0.01497 1.612 2.56443e-06 
0.01497 1.616 1.7945e-05 
0.01497 1.62 7.72737e-05 
0.01497 1.624 0.000240497 
0.01497 1.628 0.000552937 
0.01497 1.632 0.000915771 
0.01497 1.636 0.00113987 
0.01497 1.64 0.000953572 
0.01497 1.644 0.000628049 
0.01497 1.648 0.00027034 
0.01497 1.652 4.88446e-05 
0.01497 1.656 1.68922e-08 
0.01697 1.6 7.46467e-10 
0.01697 1.604 1.56606e-08 
0.01697 1.608 2.21602e-07 
0.01697 1.612 2.28285e-06 
0.01697 1.616 1.56326e-05 
0.01697 1.62 7.60623e-05 
0.01697 1.624 0.000269876 
0.01697 1.628 0.000696461 
0.01697 1.632 0.0011789 
0.01697 1.636 0.00154343 
0.01697 1.64 0.00132591 
0.01697 1.644 0.00089427 
0.01697 1.648 0.000440587 
0.01697 1.652 9.91591e-05 
0.01697 1.656 5.1315e-07 
0.01897 1.6 6.81353e-10 
0.01897 1.604 1.37138e-08 
0.01897 1.608 1.92182e-07 
0.01897 1.612 1.91475e-06 
0.01897 1.616 1.32346e-05 
0.01897 1.62 6.41578e-05 
0.01897 1.624 0.000222387 
0.01897 1.628 0.000583672 
0.01897 1.632 0.00111392 
0.01897 1.636 0.00143668 
0.01897 1.64 0.00145128 
0.01897 1.644 0.0009348 
0.01897 1.648 0.000479017 
0.01897 1.652 0.000160047 
0.01897 1.656 3.14009e-06 
0.02097 1.6 5.06232e-10 
0.02097 1.604 1.1543e-08 
0.02097 1.608 1.83789e-07 
0.02097 1.612 1.94689e-06 
0.02097 1.616 1.57543e-05 
0.02097 1.62 7.80982e-05 
0.02097 1.624 0.000306312 
0.02097 1.628 0.000781537 
0.02097 1.632 0.00152748 
0.02097 1.636 0.00204208 
0.02097 1.64 0.00189847 
0.02097 1.644 0.00139594 
0.02097 1.648 0.000655796 
0.02097 1.652 0.000234636 
0.02097 1.656 1.24314e-05 
0.02097 1.66 1.35148e-10 
0.02297 1.6 3.29762e-10 
0.02297 1.604 7.39554e-09 
0.02297 1.608 1.23021e-07 
0.02297 1.612 1.26887e-06 
0.02297 1.616 1.07666e-05 
0.02297 1.62 6.3101e-05 
0.02297 1.624 0.000243126 
0.02297 1.628 0.000699761 
0.02297 1.632 0.00140883 
0.02297 1.636 0.00212348 
0.02297 1.64 0.0020981 
0.02297 1.644 0.00155098 
0.02297 1.648 0.000841448 
0.02297 1.652 0.000289941 
0.02297 1.656 4.36208e-05 
0.02297 1.66 9.00215e-09 
0.02497 1.6 2.75115e-10 
0.02497 1.604 7.49595e-09 
0.02497 1.608 1.22995e-07 
0.02497 1.612 1.44323e-06 
0.02497 1.616 1.18128e-05 
0.02497 1.62 6.5728e-05 
0.02497 1.624 0.000269377 
0.02497 1.628 0.000777479 
0.02497 1.632 0.00166098 
0.02497 1.636 0.00224969 
0.02497 1.64 0.00243509 
0.02497 1.644 0.00163702 
0.02497 1.648 0.000890862 
0.02497 1.652 0.000330039 
0.02497 1.656 6.37704e-05 
0.02497 1.66 2.45697e-07 
0.02697 1.6 1.84201e-10 
0.02697 1.604 5.28091e-09 
0.02697 1.608 9.04538e-08 
0.02697 1.612 1.14571e-06 
0.02697 1.616 9.78699e-06 
0.02697 1.62 6.43473e-05 
0.02697 1.624 0.000255746 
0.02697 1.628 0.000803082 
0.02697 1.632 0.00171955 
0.02697 1.636 0.00271059 
0.02697 1.64 0.00279058 
0.02697 1.644 0.00225116 
0.02697 1.648 0.00112956 
0.02697 1.652 0.000448241 
0.02697 1.656 0.000103447 
0.02697 1.66 1.09583e-06 
0.02897 1.6 1.33018e-10 
0.02897 1.604 3.65078e-09 
0.02897 1.608 6.57698e-08 
0.02897 1.612 9.66514e-07 
0.02897 1.616 8.15979e-06 
0.02897 1.62 5.22318e-05 
0.02897 1.624 0.00022349 
0.02897 1.628 0.000730221 
0.02897 1.632 0.00159157 
0.02897 1.636 0.00252385 
0.02897 1.64 0.00289462 
0.02897 1.644 0.00232063 
0.02897 1.648 0.00135405 
0.02897 1.652 0.000514935 
0.02897 1.656 0.000148591 
0.02897 1.66 8.2268e-06 
0.03097 1.604 2.959e-09 
0.03097 1.608 6.08406e-08 
0.03097 1.612 7.95213e-07 
0.03097 1.616 7.42058e-06 
0.03097 1.62 4.92859e-05 
0.03097 1.624 0.000242643 
0.03097 1.628 0.000756409 
0.03097 1.632 0.00179652 
0.03097 1.636 0.00284061 
0.03097 1.64 0.00339077 
0.03097 1.644 0.00268677 
0.03097 1.648 0.00157996 
0.03097 1.652 0.000653827 
0.03097 1.656 0.000186949 
0.03097 1.66 1.96455e-05 
0.03097 1.664 1.02904e-08 
0.03297 1.604 2.10298e-09 
0.03297 1.608 4.69624e-08 
0.03297 1.612 6.49274e-07 
0.03297 1.616 6.53743e-06 
0.03297 1.62 4.23299e-05 
0.03297 1.624 0.000208904 
0.03297 1.628 0.000751362 
0.03297 1.632 0.00194792 
0.03297 1.636 0.00308926 
0.03297 1.64 0.00374028 
0.03297 1.644 0.00322877 
0.03297 1.648 0.00197322 
0.03297 1.652 0.000827952 
0.03297 1.656 0.000254781 
0.03297 1.66 4.17356e-05 
0.03297 1.664 6.21684e-08 
0.03497 1.604 1.65449e-09 
0.03497 1.608 3.78262e-08 
0.03497 1.612 5.43528e-07 
0.03497 1.616 5.56152e-06 
0.03497 1.62 3.99891e-05 
0.03497 1.624 0.000206895 
0.03497 1.628 0.000714788 
0.03497 1.632 0.00164961 
0.03497 1.636 0.00301759 
0.03497 1.64 0.00386349 
0.03497 1.644 0.00319617 
0.03497 1.648 0.00195739 
0.03497 1.652 0.00084057 
0.03497 1.656 0.000284177 
0.03497 1.66 5.93385e-05 
0.03497 1.664 1.01645e-06 
0.03697 1.604 1.22089e-09 
0.03697 1.608 2.80506e-08 
0.03697 1.612 4.49107e-07 
0.03697 1.616 4.84505e-06 
0.03697 1.62 4.0342e-05 
0.03697 1.624 0.000194042 
0.03697 1.628 0.000715753 
0.03697 1.632 0.00184547 
0.03697 1.636 0.00323545 
0.03697 1.64 0.00435603 
0.03697 1.644 0.00380747 
0.03697 1.648 0.00251482 
0.03697 1.652 0.00115383 
0.03697 1.656 0.000380742 
0.03697 1.66 7.78546e-05 
0.03697 1.664 3.11212e-06 
0.03897 1.604 8.68191e-10 
0.03897 1.608 2.15383e-08 
0.03897 1.612 3.41206e-07 
0.03897 1.616 4.19828e-06 
0.03897 1.62 3.08489e-05 
0.03897 1.624 0.000166004 
0.03897 1.628 0.000625832 
0.03897 1.632 0.00172462 
0.03897 1.636 0.00319534 
0.03897 1.64 0.00432006 
0.03897 1.644 0.00394127 
0.03897 1.648 0.00273485 
0.03897 1.652 0.00133532 
0.03897 1.656 0.000489099 
0.03897 1.66 0.000111347 
0.03897 1.664 1.15163e-05 
0.03897 1.668 1.19837e-09 
0.04097 1.604 4.73078e-10 
0.04097 1.608 1.57918e-08 
0.04097 1.612 2.89613e-07 
0.04097 1.616 3.62665e-06 
0.04097 1.62 2.95668e-05 
0.04097 1.624 0.000164167 
0.04097 1.628 0.000605195 
0.04097 1.632 0.0017482 
0.04097 1.636 0.00344023 
0.04097 1.64 0.0045721 
0.04097 1.644 0.00447678 
0.04097 1.648 0.00303334 
0.04097 1.652 0.00142916 
0.04097 1.656 0.000453297 
0.04097 1.66 0.000122215 
0.04097 1.664 1.70583e-05 
0.04097 1.668 3.42502e-08 
0.04297 1.604 2.63343e-10 
0.04297 1.608 1.19774e-08 
0.04297 1.612 2.11836e-07 
0.04297 1.616 2.61662e-06 
0.04297 1.62 2.26686e-05 
0.04297 1.624 0.000139851 
0.04297 1.628 0.000602803 
0.04297 1.632 0.00180251 
0.04297 1.636 0.00375023 
0.04297 1.64 0.00546838 
0.04297 1.644 0.00559741 
0.04297 1.648 0.00402658 
0.04297 1.652 0.0018967 
0.04297 1.656 0.000676655 
0.04297 1.66 0.00016025 
0.04297 1.664 2.58948e-05 
0.04297 1.668 2.70016e-07 
0.04497 1.608 9.46974e-09 
0.04497 1.612 1.84538e-07 
0.04497 1.616 2.3647e-06 
0.04497 1.62 2.15847e-05 
0.04497 1.624 0.00013282 
0.04497 1.628 0.000562965 
0.04497 1.632 0.00163881 
0.04497 1.636 0.0030716 
0.04497 1.64 0.00441944 
0.04497 1.644 0.0045027 
0.04497 1.648 0.00350256 
0.04497 1.652 0.0017785 
0.04497 1.656 0.000714856 
0.04497 1.66 0.000187682 
0.04497 1.664 3.74092e-05 
0.04497 1.668 1.28612e-06 
0.04697 1.608 5.843e-09 
0.04697 1.612 1.21348e-07 
0.04697 1.616 1.65401e-06 
0.04697 1.62 1.71823e-05 
0.04697 1.624 0.000117427 
0.04697 1.628 0.00056075 
0.04697 1.632 0.00173515 
0.04697 1.636 0.00376457 
0.04697 1.64 0.0060255 
0.04697 1.644 0.00630719 
0.04697 1.648 0.00463416 
0.04697 1.652 0.00242437 
0.04697 1.656 0.000867425 
0.04697 1.66 0.000223869 
0.04697 1.664 4.05701e-05 
0.04697 1.668 2.79669e-06 
0.04697 1.672 6.45432e-10 
0.04897 1.608 3.58925e-09 
0.04897 1.612 9.60037e-08 
0.04897 1.616 1.48349e-06 
0.04897 1.62 1.35032e-05 
0.04897 1.624 9.63225e-05 
0.04897 1.628 0.000424437 
0.04897 1.632 0.00138676 
0.04897 1.636 0.00318419 
0.04897 1.64 0.00544747 
0.04897 1.644 0.00596475 
0.04897 1.648 0.00478813 
0.04897 1.652 0.00280347 
0.04897 1.656 0.00111586 
0.04897 1.66 0.000298956 
0.04897 1.664 5.42335e-05 
0.04897 1.668 5.78576e-06 
0.04897 1.672 7.23738e-09 
0.05097 1.608 2.03258e-09 
0.05097 1.612 7.04828e-08 
0.05097 1.616 1.03448e-06 
0.05097 1.62 1.12511e-05 
0.05097 1.624 8.56592e-05 
0.05097 1.628 0.000409603 
0.05097 1.632 0.00141694 
0.05097 1.636 0.00338964 
0.05097 1.64 0.00547303 
0.05097 1.644 0.0063425 
0.05097 1.648 0.00498625 
0.05097 1.652 0.00259096 
0.05097 1.656 0.00105313 
0.05097 1.66 0.000292153 
0.05097 1.664 5.44773e-05 
0.05097 1.668 7.47544e-06 
0.05097 1.672 8.27946e-08 
0.05297 1.608 6.23274e-10 
0.05297 1.612 4.77496e-08 
0.05297 1.616 7.69395e-07 
0.05297 1.62 8.65649e-06 
0.05297 1.624 6.87145e-05 
0.05297 1.628 0.000353069 
0.05297 1.632 0.00137368 
0.05297 1.636 0.00340924 
0.05297 1.64 0.00597032 
0.05297 1.644 0.00726226 
0.05297 1.648 0.00607202 
0.05297 1.652 0.00357725 
0.05297 1.656 0.0015854 
0.05297 1.66 0.000427405 
0.05297 1.664 8.79808e-05 
0.05297 1.668 1.19129e-05 
0.05297 1.672 4.31944e-07 
0.05497 1.608 1.20178e-10 
0.05497 1.612 3.54283e-08 
0.05497 1.616 6.28019e-07 
0.05497 1.62 7.6073e-06 
0.05497 1.624 5.62337e-05 
0.05497 1.628 0.000306946 
0.05497 1.632 0.00114591 
0.05497 1.636 0.00300451 
0.05497 1.64 0.00565801 
0.05497 1.644 0.0066097 
0.05497 1.648 0.00606167 
0.05497 1.652 0.00382848 
0.05497 1.656 0.00172474 
0.05497 1.66 0.000542928 
0.05497 1.664 0.000111535 
0.05497 1.668 1.59558e-05 
0.05497 1.672 1.09591e-06 
0.05497 1.676 2.64886e-10 
0.05697 1.612 2.08608e-08 
0.05697 1.616 4.36286e-07 
0.05697 1.62 5.66015e-06 
0.05697 1.624 4.58133e-05 
0.05697 1.628 0.000267812 
0.05697 1.632 0.000991933 
0.05697 1.636 0.00291057 
0.05697 1.64 0.0053177 
0.05697 1.644 0.00681501 
0.05697 1.648 0.00629058 
0.05697 1.652 0.00401798 
0.05697 1.656 0.00167801 
0.05697 1.66 0.000496369 
0.05697 1.664 0.000122406 
0.05697 1.668 1.87686e-05 
0.05697 1.672 1.6397e-06 
0.05697 1.676 7.93879e-10 
0.05897 1.612 8.55969e-09 
0.05897 1.616 3.18717e-07 
0.05897 1.62 4.40568e-06 
0.05897 1.624 3.86006e-05 
0.05897 1.628 0.00023688 
0.05897 1.632 0.000991416 
0.05897 1.636 0.00277987 
0.05897 1.64 0.00565857 
0.05897 1.644 0.00761895 
0.05897 1.648 0.00736893 
0.05897 1.652 0.00477354 
0.05897 1.656 0.00219463 
0.05897 1.66 0.000691845 
0.05897 1.664 0.000139433 
0.05897 1.668 2.13606e-05 
0.05897 1.672 2.18308e-06 
0.05897 1.676 1.82857e-08 
0.06097 1.612 3.43555e-09 
0.06097 1.616 2.53247e-07 
0.06097 1.62 3.68622e-06 
0.06097 1.624 3.5075e-05 
0.06097 1.628 0.000206872 
0.06097 1.632 0.000858289 
0.06097 1.636 0.0024709 
0.06097 1.64 0.00507559 
0.06097 1.644 0.00673368 
0.06097 1.648 0.00648917 
0.06097 1.652 0.00442254 
0.06097 1.656 0.00221875 
0.06097 1.66 0.000772498 
0.06097 1.664 0.000176155 
0.06097 1.668 2.85517e-05 
0.06097 1.672 3.36172e-06 
0.06097 1.676 8.56527e-08 
0.06297 1.612 5.7697e-10 
0.06297 1.616 1.60042e-07 
0.06297 1.62 2.57114e-06 
0.06297 1.624 2.87734e-05 
0.06297 1.628 0.000183698 
0.06297 1.632 0.000832731 
0.06297 1.636 0.0026278 
0.06297 1.64 0.00551797 
0.06297 1.644 0.00773538 
0.06297 1.648 0.00786689 
0.06297 1.652 0.00548846 
0.06297 1.656 0.00250983 
0.06297 1.66 0.000775627 
0.06297 1.664 0.000183311 
0.06297 1.668 3.03335e-05 
0.06297 1.672 3.49268e-06 
0.06297 1.676 1.63611e-07 
0.06497 1.616 9.24452e-08 
0.06497 1.62 1.80541e-06 
0.06497 1.624 1.64333e-05 
0.06497 1.628 0.000116661 
0.06497 1.632 0.000562223 
0.06497 1.636 0.00175077 
0.06497 1.64 0.00394836 
0.06497 1.644 0.00646295 
0.06497 1.648 0.00688324 
0.06497 1.652 0.00511965 
0.06497 1.656 0.00284701 
0.06497 1.66 0.000976236 
0.06497 1.664 0.000239442 
0.06497 1.668 4.04987e-05 
0.06497 1.672 5.01069e-06 
0.06497 1.676 3.41326e-07 
0.06497 1.68 2.19541e-10 
0.06697 1.616 5.37391e-08 
0.06697 1.62 1.54283e-06 
0.06697 1.624 1.67816e-05 
0.06697 1.628 0.000126518 
0.06697 1.632 0.000609855 
0.06697 1.636 0.00207215 
0.06697 1.64 0.00462946 
0.06697 1.644 0.00701776 
0.06697 1.648 0.00725548 
0.06697 1.652 0.00529666 
0.06697 1.656 0.00256022 
0.06697 1.66 0.000916054 
0.06697 1.664 0.000234582 
0.06697 1.668 4.05448e-05 
0.06697 1.672 5.09211e-06 
0.06697 1.676 4.63341e-07 
0.06697 1.68 4.0046e-09 
0.06897 1.616 1.29823e-08 
0.06897 1.62 8.1602e-07 
0.06897 1.624 9.82046e-06 
0.06897 1.628 8.05821e-05 
0.06897 1.632 0.00044082 
0.06897 1.636 0.00165044 
0.06897 1.64 0.00410205 
0.06897 1.644 0.00724727 
0.06897 1.648 0.00783538 
0.06897 1.652 0.00623487 
0.06897 1.656 0.00344228 
0.06897 1.66 0.00130114 
0.06897 1.664 0.000338795 
0.06897 1.668 6.05625e-05 
0.06897 1.672 7.67829e-06 
0.06897 1.676 5.85739e-07 
0.06897 1.68 1.33801e-08 
0.07097 1.616 1.72854e-09 
0.07097 1.62 6.35425e-07 
0.07097 1.624 9.36604e-06 
0.07097 1.628 7.66152e-05 
0.07097 1.632 0.000356578 
0.07097 1.636 0.00124511 
0.07097 1.64 0.00297113 
0.07097 1.644 0.0051905 
0.07097 1.648 0.00613324 
0.07097 1.652 0.00495814 
0.07097 1.656 0.00274994 
0.07097 1.66 0.00117005 
0.07097 1.664 0.0003364 
0.07097 1.668 6.94345e-05 
0.07097 1.672 8.81268e-06 
0.07097 1.676 8.16495e-07 
0.07097 1.68 3.09975e-08 
0.07297 1.62 3.91207e-07 
0.07297 1.624 6.24324e-06 
0.07297 1.628 5.7784e-05 
0.07297 1.632 0.000349758 
0.07297 1.636 0.00132252 
0.07297 1.64 0.00345695 
0.07297 1.644 0.00640221 
0.07297 1.648 0.00818076 
0.07297 1.652 0.00684285 
0.07297 1.656 0.00399017 
0.07297 1.66 0.00159607 
0.07297 1.664 0.000409556 
0.07297 1.668 7.42895e-05 
0.07297 1.672 9.66134e-06 
0.07297 1.676 8.46924e-07 
0.07297 1.68 4.52197e-08 
0.07497 1.62 1.89229e-07 
0.07497 1.624 4.46689e-06 
0.07497 1.628 3.85964e-05 
0.07497 1.632 0.00022461 
0.07497 1.636 0.000968747 
0.07497 1.64 0.00267558 
0.07497 1.644 0.00487583 
0.07497 1.648 0.00631498 
0.07497 1.652 0.00598554 
0.07497 1.656 0.00374076 
0.07497 1.66 0.00161343 
0.07497 1.664 0.000480305 
0.07497 1.668 9.70437e-05 
0.07497 1.672 1.31005e-05 
0.07497 1.676 1.25414e-06 
0.07497 1.68 7.0069e-08 
0.07497 1.684 3.00138e-10 
0.07697 1.62 6.29847e-08 
0.07697 1.624 3.44883e-06 
0.07697 1.628 3.36095e-05 
0.07697 1.632 0.000222097 
0.07697 1.636 0.00094085 
0.07697 1.64 0.00273812 
0.07697 1.644 0.00544498 
0.07697 1.648 0.00709738 
0.07697 1.652 0.00612858 
0.07697 1.656 0.00402721 
0.07697 1.66 0.00172933 
0.07697 1.664 0.000480595 
0.07697 1.668 9.89788e-05 
0.07697 1.672 1.36149e-05 
0.07697 1.676 1.35231e-06 
0.07697 1.68 8.94691e-08 
0.07697 1.684 1.40674e-09 
0.07897 1.62 5.84737e-09 
0.07897 1.624 2.1637e-06 
0.07897 1.628 2.34353e-05 
0.07897 1.632 0.000153953 
0.07897 1.636 0.000707161 
0.07897 1.64 0.00222071 
0.07897 1.644 0.00450133 
0.07897 1.648 0.00634093 
0.07897 1.652 0.00628626 
0.07897 1.656 0.00388705 
0.07897 1.66 0.00174447 
0.07897 1.664 0.00052505 
0.07897 1.668 0.000108059 
0.07897 1.672 1.66234e-05 
0.07897 1.676 1.68715e-06 
0.07897 1.68 1.11183e-07 
0.07897 1.684 2.6455e-09 
0.08097 1.624 1.38104e-06 
0.08097 1.628 1.93858e-05 
0.08097 1.632 0.000136477 
0.08097 1.636 0.000622873 
0.08097 1.64 0.00188058 
0.08097 1.644 0.0040039 
0.08097 1.648 0.0060889 
0.08097 1.652 0.00578781 
0.08097 1.656 0.00382229 
0.08097 1.66 0.00174927 
0.08097 1.664 0.000592474 
0.08097 1.668 0.000125607 
0.08097 1.672 1.92992e-05 
0.08097 1.676 1.94822e-06 
0.08097 1.68 1.39569e-07 
0.08097 1.684 5.83198e-09 
0.08297 1.624 5.99236e-07 
0.08297 1.628 1.34721e-05 
0.08297 1.632 9.91426e-05 
0.08297 1.636 0.000528062 
0.08297 1.64 0.00174125 
0.08297 1.644 0.00385643 
0.08297 1.648 0.00552407 
0.08297 1.652 0.00573883 
0.08297 1.656 0.00410162 
0.08297 1.66 0.00204888 
0.08297 1.664 0.000665891 
0.08297 1.668 0.000147965 
0.08297 1.672 2.18159e-05 
0.08297 1.676 2.35649e-06 
0.08297 1.68 1.81028e-07 
0.08297 1.684 7.83528e-09 
0.08497 1.624 2.20956e-07 
0.08497 1.628 8.84008e-06 
0.08497 1.632 6.81698e-05 
0.08497 1.636 0.00033456 
0.08497 1.64 0.00122979 
0.08497 1.644 0.00285253 
0.08497 1.648 0.00436037 
0.08497 1.652 0.00510837 
0.08497 1.656 0.00372636 
0.08497 1.66 0.00184223 
0.08497 1.664 0.000623937 
0.08497 1.668 0.000152855 
0.08497 1.672 2.55638e-05 
0.08497 1.676 2.6938e-06 
0.08497 1.68 1.86437e-07 
0.08497 1.684 1.02642e-08 
0.08497 1.688 1.47812e-10 
0.08697 1.624 3.58261e-08 
0.08697 1.628 6.17274e-06 
0.08697 1.632 5.85406e-05 
0.08697 1.636 0.000325562 
0.08697 1.64 0.00112166 
0.08697 1.644 0.00278978 
0.08697 1.648 0.00468098 
0.08697 1.652 0.00512957 
0.08697 1.656 0.00383116 
0.08697 1.66 0.00204376 
0.08697 1.664 0.000741518 
0.08697 1.668 0.00018182 
0.08697 1.672 2.77365e-05 
0.08697 1.676 3.17419e-06 
0.08697 1.68 2.55238e-07 
0.08697 1.684 1.24743e-08 
0.08697 1.688 2.9579e-10 
0.08897 1.628 3.34588e-06 
0.08897 1.632 3.83357e-05 
0.08897 1.636 0.00022644 
0.08897 1.64 0.000842353 
0.08897 1.644 0.00225965 
0.08897 1.648 0.00398008 
0.08897 1.652 0.00463181 
0.08897 1.656 0.00379544 
0.08897 1.66 0.00212102 
0.08897 1.664 0.000733114 
0.08897 1.668 0.000184791 
0.08897 1.672 3.23586e-05 
0.08897 1.676 3.81247e-06 
0.08897 1.68 3.24097e-07 
0.08897 1.684 1.66132e-08 
0.08897 1.688 5.11188e-10 
0.09097 1.628 1.52532e-06 
0.09097 1.632 2.9749e-05 
0.09097 1.636 0.000186437 
0.09097 1.64 0.000769445 
0.09097 1.644 0.00219699 
0.09097 1.648 0.00379731 
0.09097 1.652 0.00456816 
0.09097 1.656 0.00358094 
0.09097 1.66 0.00202628 
0.09097 1.664 0.000790992 
0.09097 1.668 0.000207429 
0.09097 1.672 3.51823e-05 
0.09097 1.676 4.18481e-06 
0.09097 1.68 3.20545e-07 
0.09097 1.684 2.00771e-08 
0.09097 1.688 7.03722e-10 
0.09297 1.628 5.84305e-07 
0.09297 1.632 2.12034e-05 
0.09297 1.636 0.000142022 
0.09297 1.64 0.000613645 
0.09297 1.644 0.00163428 
0.09297 1.648 0.00315145 
0.09297 1.652 0.00400576 
0.09297 1.656 0.00345508 
0.09297 1.66 0.0020282 
0.09297 1.664 0.000861492 
0.09297 1.668 0.000229204 
0.09297 1.672 4.34841e-05 
0.09297 1.676 4.93682e-06 
0.09297 1.68 4.32551e-07 
0.09297 1.684 2.35143e-08 
0.09297 1.688 8.87229e-10 
0.09497 1.628 7.24068e-08 
0.09497 1.632 1.33336e-05 
0.09497 1.636 0.000102407 
0.09497 1.64 0.000454528 
0.09497 1.644 0.0013801 
0.09497 1.648 0.0026734 
0.09497 1.652 0.0036361 
0.09497 1.656 0.00322821 
0.09497 1.66 0.0019499 
0.09497 1.664 0.000784196 
0.09497 1.668 0.000221443 
0.09497 1.672 4.31372e-05 
0.09497 1.676 5.5539e-06 
0.09497 1.68 4.64431e-07 
0.09497 1.684 2.88347e-08 
0.09497 1.688 1.10661e-09 
0.09697 1.632 7.86356e-06 
0.09697 1.636 7.60442e-05 
0.09697 1.64 0.000357491 
0.09697 1.644 0.00123596 
0.09697 1.648 0.00262376 
0.09697 1.652 0.00362499 
0.09697 1.656 0.00345853 
0.09697 1.66 0.00215309 
0.09697 1.664 0.000887248 
0.09697 1.668 0.00024706 
0.09697 1.672 4.907e-05 
0.09697 1.676 6.40042e-06 
0.09697 1.68 5.81085e-07 
0.09697 1.684 3.53896e-08 
0.09697 1.688 1.34908e-09 
0.09897 1.632 3.69476e-06 
0.09897 1.636 5.21552e-05 
0.09897 1.64 0.000262019 
0.09897 1.644 0.000811771 
0.09897 1.648 0.00173545 
0.09897 1.652 0.00251663 
0.09897 1.656 0.0024893 
0.09897 1.66 0.00166475 
0.09897 1.664 0.000760638 
0.09897 1.668 0.000232857 
0.09897 1.672 4.80394e-05 
0.09897 1.676 6.86577e-06 
0.09897 1.68 6.42979e-07 
0.09897 1.684 3.99906e-08 
0.09897 1.688 1.81984e-09 
0.10097 1.632 9.99943e-07 
0.10097 1.636 4.2484e-05 
0.10097 1.64 0.000225484 
0.10097 1.644 0.000732333 
0.10097 1.648 0.00164664 
0.10097 1.652 0.00251214 
0.10097 1.656 0.0026151 
0.10097 1.66 0.00174058 
0.10097 1.664 0.000819518 
0.10097 1.668 0.000246397 
0.10097 1.672 5.06883e-05 
0.10097 1.676 6.49713e-06 
0.10097 1.68 6.53201e-07 
0.10097 1.684 4.47173e-08 
0.10097 1.688 1.74943e-09 
0.10297 1.632 1.90634e-07 
0.10297 1.636 2.25086e-05 
0.10297 1.64 0.000144362 
0.10297 1.644 0.000514918 
0.10297 1.648 0.00125818 
0.10297 1.652 0.00209946 
0.10297 1.656 0.00232277 
0.10297 1.66 0.00178239 
0.10297 1.664 0.000830783 
0.10297 1.668 0.000282588 
0.10297 1.672 6.05518e-05 
0.10297 1.676 8.83122e-06 
0.10297 1.68 8.68988e-07 
0.10297 1.684 5.59798e-08 
0.10297 1.688 2.40244e-09 
0.10497 1.636 1.47195e-05 
0.10497 1.64 0.000117962 
0.10497 1.644 0.000457798 
0.10497 1.648 0.00116584 
0.10497 1.652 0.00182662 
0.10497 1.656 0.00198457 
0.10497 1.66 0.00146197 
0.10497 1.664 0.000735591 
0.10497 1.668 0.00024665 
0.10497 1.672 5.74209e-05 
0.10497 1.676 8.37673e-06 
0.10497 1.68 9.1019e-07 
0.10497 1.684 6.6581e-08 
0.10497 1.688 3.08187e-09 
0.10697 1.636 6.54675e-06 
0.10697 1.64 8.61631e-05 
0.10697 1.644 0.000344865 
0.10697 1.648 0.000912992 
0.10697 1.652 0.00163473 
0.10697 1.656 0.0019155 
0.10697 1.66 0.00152722 
0.10697 1.664 0.000800692 
0.10697 1.668 0.000277241 
0.10697 1.672 6.45303e-05 
0.10697 1.676 9.79979e-06 
0.10697 1.68 1.06609e-06 
0.10697 1.684 7.32414e-08 
0.10697 1.688 3.34424e-09 
0.10697 1.692 1.0367e-10 
0.10897 1.636 1.58676e-06 
0.10897 1.64 5.00629e-05 
0.10897 1.644 0.000226932 
0.10897 1.648 0.000659237 
0.10897 1.652 0.001242 
0.10897 1.656 0.00153005 
0.10897 1.66 0.00125473 
0.10897 1.664 0.000747452 
0.10897 1.668 0.000271716 
0.10897 1.672 6.55513e-05 
0.10897 1.676 1.03366e-05 
0.10897 1.68 1.11962e-06 
0.10897 1.684 8.43335e-08 
0.10897 1.688 4.33109e-09 
0.10897 1.692 1.32991e-10 
0.11097 1.636 3.33362e-07 
0.11097 1.64 3.47044e-05 
0.11097 1.644 0.000186939 
0.11097 1.648 0.000538533 
0.11097 1.652 0.0010374 
0.11097 1.656 0.00137568 
0.11097 1.66 0.0012073 
0.11097 1.664 0.000626057 
0.11097 1.668 0.000248439 
0.11097 1.672 6.11172e-05 
0.11097 1.676 1.06264e-05 
0.11097 1.68 1.16178e-06 
0.11097 1.684 8.61877e-08 
0.11097 1.688 4.50039e-09 
0.11097 1.692 1.60707e-10 
0.11297 1.64 2.03798e-05 
0.11297 1.644 0.000135964 
0.11297 1.648 0.000408875 
0.11297 1.652 0.000861965 
0.11297 1.656 0.00113126 
0.11297 1.66 0.000983605 
0.11297 1.664 0.000617612 
0.11297 1.668 0.000256939 
0.11297 1.672 6.72686e-05 
0.11297 1.676 1.15616e-05 
0.11297 1.68 1.37574e-06 
0.11297 1.684 1.05674e-07 
0.11297 1.688 5.76806e-09 
0.11297 1.692 1.81577e-10 
0.11497 1.64 9.76913e-06 
0.11497 1.644 9.9301e-05 
0.11497 1.648 0.000338651 
0.11497 1.652 0.000704395 
0.11497 1.656 0.00102616 
0.11497 1.66 0.000971237 
0.11497 1.664 0.0005729 
0.11497 1.668 0.000226403 
0.11497 1.672 6.37333e-05 
0.11497 1.676 1.16246e-05 
0.11497 1.68 1.36247e-06 
0.11497 1.684 1.14622e-07 
0.11497 1.688 6.36179e-09 
0.11497 1.692 2.43521e-10 
0.11697 1.64 3.00918e-06 
0.11697 1.644 7.08187e-05 
0.11697 1.648 0.000254437 
0.11697 1.652 0.00055489 
0.11697 1.656 0.000845506 
0.11697 1.66 0.000830299 
0.11697 1.664 0.000535878 
0.11697 1.668 0.000238414 
0.11697 1.672 6.68049e-05 
0.11697 1.676 1.20963e-05 
0.11697 1.68 1.51061e-06 
0.11697 1.684 1.2915e-07 
0.11697 1.688 6.85275e-09 
0.11697 1.692 2.47542e-10 
0.11897 1.64 4.11222e-07 
0.11897 1.644 3.64218e-05 
0.11897 1.648 0.00016348 
0.11897 1.652 0.000382304 
0.11897 1.656 0.000625297 
0.11897 1.66 0.000637152 
0.11897 1.664 0.000430074 
0.11897 1.668 0.000193886 
0.11897 1.672 5.8335e-05 
0.11897 1.676 1.1609e-05 
0.11897 1.68 1.52679e-06 
0.11897 1.684 1.41033e-07 
0.11897 1.688 7.98118e-09 
0.11897 1.692 2.99003e-10 
0.12097 1.644 2.58667e-05 
0.12097 1.648 0.000132669 
0.12097 1.652 0.000325768 
0.12097 1.656 0.000544171 
0.12097 1.66 0.000566436 
0.12097 1.664 0.000413393 
0.12097 1.668 0.000196932 
0.12097 1.672 5.9126e-05 
0.12097 1.676 1.19341e-05 
0.12097 1.68 1.66864e-06 
0.12097 1.684 1.34391e-07 
0.12097 1.688 7.8774e-09 
0.12097 1.692 3.18644e-10 
0.12297 1.644 9.1111e-06 
0.12297 1.648 8.93352e-05 
0.12297 1.652 0.000234257 
0.12297 1.656 0.000404175 
0.12297 1.66 0.000461214 
0.12297 1.664 0.000341755 
0.12297 1.668 0.000167503 
0.12297 1.672 5.36041e-05 
0.12297 1.676 1.21516e-05 
0.12297 1.68 1.74346e-06 
0.12297 1.684 1.65288e-07 
0.12297 1.688 9.86757e-09 
0.12297 1.692 3.94063e-10 
0.12497 1.644 2.72439e-06 
0.12497 1.648 6.7466e-05 
0.12497 1.652 0.000194706 
0.12497 1.656 0.000345658 
0.12497 1.66 0.000406131 
0.12497 1.664 0.000321687 
0.12497 1.668 0.000164978 
0.12497 1.672 5.41801e-05 
0.12497 1.676 1.14148e-05 
0.12497 1.68 1.63e-06 
0.12497 1.684 1.63486e-07 
0.12497 1.688 9.92427e-09 
0.12497 1.692 4.08207e-10 
0.12697 1.644 4.64469e-07 
0.12697 1.648 3.67884e-05 
0.12697 1.652 0.000127554 
0.12697 1.656 0.000259259 
0.12697 1.66 0.000318051 
0.12697 1.664 0.000264192 
0.12697 1.668 0.000143119 
0.12697 1.672 4.98609e-05 
0.12697 1.676 1.15256e-05 
0.12697 1.68 1.70633e-06 
0.12697 1.684 1.79999e-07 
0.12697 1.688 1.19367e-08 
0.12697 1.692 5.12969e-10 
0.12897 1.648 2.21433e-05 
0.12897 1.652 9.75125e-05 
0.12897 1.656 0.000198138 
0.12897 1.66 0.000248815 
0.12897 1.664 0.000217794 
0.12897 1.668 0.000117229 
0.12897 1.672 4.48168e-05 
0.12897 1.676 1.12667e-05 
0.12897 1.68 1.7824e-06 
0.12897 1.684 1.85467e-07 
0.12897 1.688 1.22464e-08 
0.12897 1.692 5.36183e-10 
0.13097 1.648 9.28334e-06 
0.13097 1.652 7.1288e-05 
0.13097 1.656 0.000153788 
0.13097 1.66 0.000202997 
0.13097 1.664 0.00017998 
0.13097 1.668 0.000107373 
0.13097 1.672 4.10796e-05 
0.13097 1.676 1.01804e-05 
0.13097 1.68 1.6111e-06 
0.13097 1.684 1.71863e-07 
0.13097 1.688 1.31762e-08 
0.13097 1.692 6.12581e-10 
0.13297 1.648 2.59384e-06 
0.13297 1.652 4.96182e-05 
0.13297 1.656 0.000114743 
0.13297 1.66 0.000168033 
0.13297 1.664 0.000149775 
0.13297 1.668 9.34089e-05 
0.13297 1.672 3.84833e-05 
0.13297 1.676 9.92812e-06 
0.13297 1.68 1.71033e-06 
0.13297 1.684 1.9133e-07 
0.13297 1.688 1.4137e-08 
0.13297 1.692 6.32718e-10 
0.13497 1.648 2.91807e-07 
0.13497 1.652 3.07965e-05 
0.13497 1.656 8.58233e-05 
0.13497 1.66 0.000128465 
0.13497 1.664 0.000127508 
0.13497 1.668 8.12489e-05 
0.13497 1.672 3.32848e-05 
0.13497 1.676 9.17933e-06 
0.13497 1.68 1.6617e-06 
0.13497 1.684 1.87144e-07 
0.13497 1.688 1.37528e-08 
0.13497 1.692 6.92363e-10 
0.13697 1.652 1.54683e-05 
0.13697 1.656 5.8336e-05 
0.13697 1.66 9.66752e-05 
0.13697 1.664 9.84987e-05 
0.13697 1.668 6.42226e-05 
0.13697 1.672 2.80525e-05 
0.13697 1.676 8.30397e-06 
0.13697 1.68 1.56766e-06 
0.13697 1.684 1.85973e-07 
0.13697 1.688 1.46763e-08 
0.13697 1.692 7.9286e-10 
0.13897 1.652 7.46457e-06 
0.13897 1.656 4.43686e-05 
0.13897 1.66 7.20207e-05 
0.13897 1.664 8.03678e-05 
0.13897 1.668 5.60204e-05 
0.13897 1.672 2.60182e-05 
0.13897 1.676 7.37334e-06 
0.13897 1.68 1.4553e-06 
0.13897 1.684 1.83053e-07 
0.13897 1.688 1.47149e-08 
0.13897 1.692 7.60912e-10 
0.14097 1.652 1.83621e-06 
0.14097 1.656 2.75429e-05 
0.14097 1.66 5.18659e-05 
0.14097 1.664 5.99685e-05 
0.14097 1.668 4.35919e-05 
0.14097 1.672 2.06075e-05 
0.14097 1.676 6.50235e-06 
0.14097 1.68 1.34647e-06 
0.14097 1.684 1.76825e-07 
0.14097 1.688 1.60827e-08 
0.14097 1.692 8.90993e-10 
0.14297 1.652 2.41023e-07 
0.14297 1.656 1.86977e-05 
0.14297 1.66 4.22781e-05 
0.14297 1.664 5.21072e-05 
0.14297 1.668 3.95361e-05 
0.14297 1.672 1.99391e-05 
0.14297 1.676 6.51691e-06 
0.14297 1.68 1.36296e-06 
0.14297 1.684 1.85989e-07 
0.14297 1.688 1.51315e-08 
0.14297 1.692 8.56333e-10 
0.14497 1.656 8.98106e-06 
0.14497 1.66 2.69154e-05 
0.14497 1.664 3.31845e-05 
0.14497 1.668 2.67553e-05 
0.14497 1.672 1.44923e-05 
0.14497 1.676 4.6977e-06 
0.14497 1.68 1.06618e-06 
0.14497 1.684 1.67661e-07 
0.14497 1.688 1.52878e-08 
0.14497 1.692 9.52715e-10 
0.14697 1.656 4.16991e-06 
0.14697 1.66 2.14957e-05 
0.14697 1.664 3.10571e-05 
0.14697 1.668 2.52975e-05 
0.14697 1.672 1.40387e-05 
0.14697 1.676 5.07015e-06 
0.14697 1.68 1.08774e-06 
0.14697 1.684 1.60884e-07 
0.14697 1.688 1.45561e-08 
0.14697 1.692 9.12344e-10 
0.14897 1.656 1.31569e-06 
0.14897 1.66 1.52702e-05 
0.14897 1.664 2.07665e-05 
0.14897 1.668 1.95747e-05 
0.14897 1.672 1.11308e-05 
0.14897 1.676 4.04937e-06 
0.14897 1.68 9.67586e-07 
0.14897 1.684 1.52721e-07 
0.14897 1.688 1.54259e-08 
0.14897 1.692 9.83602e-10 
0.15097 1.656 5.08302e-08 
0.15097 1.66 7.66828e-06 
0.15097 1.664 1.43921e-05 
0.15097 1.668 1.39979e-05 
0.15097 1.672 8.26328e-06 
0.15097 1.676 3.28216e-06 
0.15097 1.68 8.55685e-07 
0.15097 1.684 1.3531e-07 
0.15097 1.688 1.37023e-08 
0.15097 1.692 9.10414e-10 
0.15297 1.66 5.01304e-06 
0.15297 1.664 1.1449e-05 
0.15297 1.668 1.11019e-05 
0.15297 1.672 7.2449e-06 
0.15297 1.676 2.85682e-06 
0.15297 1.68 7.42538e-07 
0.15297 1.684 1.24994e-07 
0.15297 1.688 1.46606e-08 
0.15297 1.692 1.02876e-09 
0.15497 1.66 1.79529e-06 
0.15497 1.664 8.38396e-06 
0.15497 1.668 9.42273e-06 
0.15497 1.672 5.92123e-06 
0.15497 1.676 2.52447e-06 
0.15497 1.68 6.85666e-07 
0.15497 1.684 1.16194e-07 
0.15497 1.688 1.31839e-08 
0.15497 1.692 8.80275e-10 
0.15697 1.66 3.65503e-07 
0.15697 1.664 4.63448e-06 
0.15697 1.668 5.46178e-06 
0.15697 1.672 3.78975e-06 
0.15697 1.676 1.68173e-06 
0.15697 1.68 5.20471e-07 
0.15697 1.684 9.79091e-08 
0.15697 1.688 1.12743e-08 
0.15697 1.692 9.00666e-10 
0.15897 1.66 5.32837e-08 
0.15897 1.664 3.26283e-06 
0.15897 1.668 4.67201e-06 
0.15897 1.672 3.515e-06 
0.15897 1.676 1.67584e-06 
0.15897 1.68 4.50784e-07 
0.15897 1.684 8.6684e-08 
0.15897 1.688 1.12629e-08 
0.15897 1.692 7.97316e-10 
0.16097 1.664 1.53366e-06 
0.16097 1.668 3.36997e-06 
0.16097 1.672 2.61229e-06 
0.16097 1.676 1.25773e-06 
0.16097 1.68 4.24989e-07 
0.16097 1.684 7.93508e-08 
0.16097 1.688 1.02976e-08 
0.16097 1.692 8.6028e-10 
0.16297 1.664 5.18383e-07 
0.16297 1.668 1.9908e-06 
0.16297 1.672 1.6167e-06 
0.16297 1.676 8.99902e-07 
0.16297 1.68 2.68757e-07 
0.16297 1.684 6.27516e-08 
0.16297 1.688 8.68177e-09 
0.16297 1.692 7.3846e-10 
0.16497 1.664 1.72954e-07 
0.16497 1.668 1.60249e-06 
0.16497 1.672 1.44663e-06 
0.16497 1.676 8.00339e-07 
0.16497 1.68 2.85372e-07 
0.16497 1.684 5.75788e-08 
0.16497 1.688 7.99241e-09 
0.16497 1.692 7.00369e-10 
0.16697 1.664 1.47134e-08 
0.16697 1.668 8.05735e-07 
0.16697 1.672 9.9613e-07 
0.16697 1.676 5.79123e-07 
0.16697 1.68 2.0148e-07 
0.16697 1.684 4.88566e-08 
0.16697 1.688 6.72144e-09 
0.16697 1.692 6.38142e-10 
0.16897 1.668 4.30046e-07 
0.16897 1.672 6.793e-07 
0.16897 1.676 4.3055e-07 
0.16897 1.68 1.70443e-07 
0.16897 1.684 3.82352e-08 
0.16897 1.688 5.83866e-09 
0.16897 1.692 6.16087e-10 
0.17097 1.668 1.69462e-07 
0.17097 1.672 5.21559e-07 
0.17097 1.676 3.27527e-07 
0.17097 1.68 1.31929e-07 
0.17097 1.684 3.41833e-08 
0.17097 1.688 5.12308e-09 
0.17097 1.692 4.89494e-10 
0.17297 1.668 5.25134e-08 
0.17297 1.672 3.49138e-07 
0.17297 1.676 2.64314e-07 
0.17297 1.68 1.10597e-07 
0.17297 1.684 2.97633e-08 
0.17297 1.688 4.91654e-09 
0.17297 1.692 5.47439e-10 
0.17497 1.668 5.10975e-09 
0.17497 1.672 1.99297e-07 
0.17497 1.676 2.00612e-07 
0.17497 1.68 8.54709e-08 
0.17497 1.684 2.40953e-08 
0.17497 1.688 4.41353e-09 
0.17497 1.692 4.6545e-10 
0.17697 1.672 7.91257e-08 
0.17697 1.676 1.12728e-07 
0.17697 1.68 5.4202e-08 
0.17697 1.684 1.54816e-08 
0.17697 1.688 2.92421e-09 
0.17697 1.692 3.45486e-10 
0.17897 1.672 3.04954e-08 
0.17897 1.676 8.44286e-08 
0.17897 1.68 4.38894e-08 
0.17897 1.684 1.32068e-08 
0.17897 1.688 2.50239e-09 
0.17897 1.692 3.16152e-10 
0.18097 1.672 7.57495e-09 
0.18097 1.676 5.4185e-08 
0.18097 1.68 3.19273e-08 
0.18097 1.684 1.02391e-08 
0.18097 1.688 2.13038e-09 
0.18097 1.692 2.69933e-10 
0.18297 1.672 8.5717e-10 
0.18297 1.676 2.79031e-08 
0.18297 1.68 2.13422e-08 
0.18297 1.684 7.24446e-09 
0.18297 1.688 1.5506e-09 
0.18297 1.692 2.12851e-10 
0.18497 1.676 1.60072e-08 
0.18497 1.68 1.63139e-08 
0.18497 1.684 6.1531e-09 
0.18497 1.688 1.32909e-09 
0.18497 1.692 1.86274e-10 
0.18697 1.676 5.79635e-09 
0.18697 1.68 1.17536e-08 
0.18697 1.684 4.39113e-09 
0.18697 1.688 1.0519e-09 
0.18697 1.692 1.48506e-10 
0.18897 1.676 1.26889e-09 
0.18897 1.68 6.92048e-09 
0.18897 1.684 3.0225e-09 
0.18897 1.688 7.39357e-10 
0.18897 1.692 1.13088e-10 
0.19097 1.676 2.12205e-10 
0.19097 1.68 4.37903e-09 
0.19097 1.684 2.39886e-09 
0.19097 1.688 6.24193e-10 
0.19097 1.692 1.02032e-10 
0.19297 1.68 2.2323e-09 
0.19297 1.684 1.87138e-09 
0.19297 1.688 5.25321e-10 
0.19497 1.68 6.87749e-10 
0.19497 1.684 1.08331e-09 
0.19497 1.688 3.26573e-10 
0.19697 1.68 1.1777e-10 
0.19697 1.684 7.48644e-10 
0.19697 1.688 2.42421e-10 
0.19897 1.684 4.0161e-10 
0.19897 1.688 1.79264e-10 
0.20097 1.684 1.72822e-10 
0.20097 1.688 1.24444e-10 
