#logm logr JPDF
-0.04103 1.612 2.29817e-10 
-0.04103 1.616 4.21244e-10 
-0.04103 1.62 5.23558e-10 
-0.03903 1.608 2.27786e-10 
-0.03903 1.612 8.54401e-10 
-0.03903 1.616 2.06515e-09 
-0.03903 1.62 3.05435e-09 
-0.03903 1.624 3.26494e-10 
-0.03703 1.604 2.43503e-10 
-0.03703 1.608 9.7833e-10 
-0.03703 1.612 2.21337e-09 
-0.03703 1.616 4.74556e-09 
-0.03703 1.62 7.77907e-09 
-0.03703 1.624 3.87178e-09 
-0.03503 1.6 3.35933e-10 
-0.03503 1.604 1.92889e-09 
-0.03503 1.608 1.00938e-08 
-0.03503 1.612 3.00972e-08 
-0.03503 1.616 6.64888e-08 
-0.03503 1.62 1.14229e-07 
-0.03503 1.624 1.32168e-07 
-0.03303 1.6 5.69968e-10 
-0.03303 1.604 3.43282e-09 
-0.03303 1.608 1.43465e-08 
-0.03303 1.612 5.0527e-08 
-0.03303 1.616 1.6872e-07 
-0.03303 1.62 3.26673e-07 
-0.03303 1.624 4.51161e-07 
-0.03303 1.628 1.33391e-07 
-0.03103 1.596 2.54149e-10 
-0.03103 1.6 1.97258e-09 
-0.03103 1.604 1.31005e-08 
-0.03103 1.608 5.79628e-08 
-0.03103 1.612 1.95327e-07 
-0.03103 1.616 4.31787e-07 
-0.03103 1.62 7.53771e-07 
-0.03103 1.624 9.81851e-07 
-0.03103 1.628 3.5705e-07 
-0.02903 1.596 3.28372e-10 
-0.02903 1.6 3.00721e-09 
-0.02903 1.604 1.87443e-08 
-0.02903 1.608 9.19462e-08 
-0.02903 1.612 3.24216e-07 
-0.02903 1.616 8.41558e-07 
-0.02903 1.62 1.56037e-06 
-0.02903 1.624 2.22037e-06 
-0.02903 1.628 1.59974e-06 
-0.02703 1.596 4.84397e-10 
-0.02703 1.6 4.54947e-09 
-0.02703 1.604 3.24595e-08 
-0.02703 1.608 1.63727e-07 
-0.02703 1.612 6.02011e-07 
-0.02703 1.616 1.65103e-06 
-0.02703 1.62 3.3601e-06 
-0.02703 1.624 4.69536e-06 
-0.02703 1.628 4.67493e-06 
-0.02703 1.632 3.20641e-07 
-0.02503 1.596 5.88304e-10 
-0.02503 1.6 5.42787e-09 
-0.02503 1.604 3.30796e-08 
-0.02503 1.608 1.61937e-07 
-0.02503 1.612 6.17714e-07 
-0.02503 1.616 1.68873e-06 
-0.02503 1.62 3.36495e-06 
-0.02503 1.624 5.00194e-06 
-0.02503 1.628 5.09516e-06 
-0.02503 1.632 1.52347e-06 
-0.02303 1.596 8.53267e-10 
-0.02303 1.6 8.02035e-09 
-0.02303 1.604 5.41986e-08 
-0.02303 1.608 2.83079e-07 
-0.02303 1.612 1.06771e-06 
-0.02303 1.616 2.96744e-06 
-0.02303 1.62 6.291e-06 
-0.02303 1.624 9.52129e-06 
-0.02303 1.628 1.00838e-05 
-0.02303 1.632 4.86092e-06 
-0.02103 1.596 9.09457e-10 
-0.02103 1.6 9.75431e-09 
-0.02103 1.604 7.74004e-08 
-0.02103 1.608 4.16585e-07 
-0.02103 1.612 1.70892e-06 
-0.02103 1.616 4.93976e-06 
-0.02103 1.62 1.05388e-05 
-0.02103 1.624 1.73712e-05 
-0.02103 1.628 1.91524e-05 
-0.02103 1.632 1.21001e-05 
-0.02103 1.636 5.86264e-07 
-0.01903 1.596 9.2874e-10 
-0.01903 1.6 9.1677e-09 
-0.01903 1.604 6.89164e-08 
-0.01903 1.608 4.08545e-07 
-0.01903 1.612 1.58343e-06 
-0.01903 1.616 4.66961e-06 
-0.01903 1.62 1.12623e-05 
-0.01903 1.624 1.92301e-05 
-0.01903 1.628 2.07171e-05 
-0.01903 1.632 1.43479e-05 
-0.01903 1.636 1.93703e-06 
-0.01703 1.596 1.21377e-09 
-0.01703 1.6 1.29694e-08 
-0.01703 1.604 1.06634e-07 
-0.01703 1.608 5.98185e-07 
-0.01703 1.612 2.49037e-06 
-0.01703 1.616 8.01539e-06 
-0.01703 1.62 1.66815e-05 
-0.01703 1.624 2.50987e-05 
-0.01703 1.628 2.92043e-05 
-0.01703 1.632 2.28356e-05 
-0.01703 1.636 7.35479e-06 
-0.01503 1.596 1.21998e-09 
-0.01503 1.6 1.37659e-08 
-0.01503 1.604 1.21207e-07 
-0.01503 1.608 7.47118e-07 
-0.01503 1.612 3.19101e-06 
-0.01503 1.616 1.05544e-05 
-0.01503 1.62 2.40519e-05 
-0.01503 1.624 3.76026e-05 
-0.01503 1.628 4.09473e-05 
-0.01503 1.632 3.19343e-05 
-0.01503 1.636 1.56823e-05 
-0.01503 1.64 2.50186e-07 
-0.01303 1.596 8.80568e-10 
-0.01303 1.6 1.14573e-08 
-0.01303 1.604 1.06216e-07 
-0.01303 1.608 5.93494e-07 
-0.01303 1.612 3.03555e-06 
-0.01303 1.616 1.08755e-05 
-0.01303 1.62 2.58947e-05 
-0.01303 1.624 4.25567e-05 
-0.01303 1.628 4.93922e-05 
-0.01303 1.632 4.03291e-05 
-0.01303 1.636 2.44239e-05 
-0.01303 1.64 1.26194e-06 
-0.01103 1.596 9.53493e-10 
-0.01103 1.6 1.22557e-08 
-0.01103 1.604 1.12701e-07 
-0.01103 1.608 7.35099e-07 
-0.01103 1.612 3.25302e-06 
-0.01103 1.616 1.10525e-05 
-0.01103 1.62 2.66311e-05 
-0.01103 1.624 4.58023e-05 
-0.01103 1.628 5.59635e-05 
-0.01103 1.632 5.36582e-05 
-0.01103 1.636 3.93308e-05 
-0.01103 1.64 6.04137e-06 
-0.00902998 1.596 9.0159e-10 
-0.00902998 1.6 1.24544e-08 
-0.00902998 1.604 1.26625e-07 
-0.00902998 1.608 8.51512e-07 
-0.00902998 1.612 4.37012e-06 
-0.00902998 1.616 1.52088e-05 
-0.00902998 1.62 3.85669e-05 
-0.00902998 1.624 6.80194e-05 
-0.00902998 1.628 8.26159e-05 
-0.00902998 1.632 7.93846e-05 
-0.00902998 1.636 5.97049e-05 
-0.00902998 1.64 1.79603e-05 
-0.00902998 1.644 6.52583e-08 
-0.00703001 1.596 7.27334e-10 
-0.00703001 1.6 1.072e-08 
-0.00703001 1.604 9.63347e-08 
-0.00703001 1.608 6.66476e-07 
-0.00703001 1.612 3.5115e-06 
-0.00703001 1.616 1.32329e-05 
-0.00703001 1.62 3.49237e-05 
-0.00703001 1.624 7.07908e-05 
-0.00703001 1.628 0.000102022 
-0.00703001 1.632 0.000107096 
-0.00703001 1.636 8.02596e-05 
-0.00703001 1.64 3.63129e-05 
-0.00703001 1.644 6.42185e-07 
-0.00503001 1.596 7.09747e-10 
-0.00503001 1.6 1.01792e-08 
-0.00503001 1.604 1.07571e-07 
-0.00503001 1.608 8.13507e-07 
-0.00503001 1.612 4.46866e-06 
-0.00503001 1.616 1.69474e-05 
-0.00503001 1.62 4.75514e-05 
-0.00503001 1.624 9.37196e-05 
-0.00503001 1.628 0.000129273 
-0.00503001 1.632 0.000131431 
-0.00503001 1.636 0.000105101 
-0.00503001 1.64 5.38367e-05 
-0.00503001 1.644 3.57417e-06 
-0.00303 1.596 6.25674e-10 
-0.00303 1.6 9.64082e-09 
-0.00303 1.604 1.02806e-07 
-0.00303 1.608 8.00552e-07 
-0.00303 1.612 4.32427e-06 
-0.00303 1.616 1.75417e-05 
-0.00303 1.62 5.13737e-05 
-0.00303 1.624 0.000111479 
-0.00303 1.628 0.000170582 
-0.00303 1.632 0.000185114 
-0.00303 1.636 0.00015387 
-0.00303 1.64 9.27963e-05 
-0.00303 1.644 1.38591e-05 
-0.00303 1.648 4.97451e-10 
-0.00103 1.596 4.65526e-10 
-0.00103 1.6 7.98219e-09 
-0.00103 1.604 8.78485e-08 
-0.00103 1.608 7.05697e-07 
-0.00103 1.612 4.19084e-06 
-0.00103 1.616 1.74055e-05 
-0.00103 1.62 5.23663e-05 
-0.00103 1.624 0.000113352 
-0.00103 1.628 0.000181295 
-0.00103 1.632 0.000197434 
-0.00103 1.636 0.000163966 
-0.00103 1.64 9.31826e-05 
-0.00103 1.644 2.61479e-05 
-0.00103 1.648 7.04307e-08 
0.000970006 1.596 4.01333e-10 
0.000970006 1.6 7.09885e-09 
0.000970006 1.604 8.36894e-08 
0.000970006 1.608 7.16093e-07 
0.000970006 1.612 4.26643e-06 
0.000970006 1.616 1.90077e-05 
0.000970006 1.62 5.97974e-05 
0.000970006 1.624 0.000139657 
0.000970006 1.628 0.000228305 
0.000970006 1.632 0.000278615 
0.000970006 1.636 0.000240341 
0.000970006 1.64 0.000146912 
0.000970006 1.644 5.28099e-05 
0.000970006 1.648 6.77805e-07 
0.00297001 1.596 3.34648e-10 
0.00297001 1.6 5.87431e-09 
0.00297001 1.604 7.59569e-08 
0.00297001 1.608 6.88503e-07 
0.00297001 1.612 4.18674e-06 
0.00297001 1.616 1.95778e-05 
0.00297001 1.62 6.39103e-05 
0.00297001 1.624 0.000141467 
0.00297001 1.628 0.000235966 
0.00297001 1.632 0.000300832 
0.00297001 1.636 0.000271412 
0.00297001 1.64 0.000180771 
0.00297001 1.644 7.81861e-05 
0.00297001 1.648 5.38387e-06 
0.00497001 1.596 2.81015e-10 
0.00497001 1.6 5.23892e-09 
0.00497001 1.604 6.91244e-08 
0.00497001 1.608 6.26722e-07 
0.00497001 1.612 4.02809e-06 
0.00497001 1.616 1.91826e-05 
0.00497001 1.62 6.32904e-05 
0.00497001 1.624 0.000158773 
0.00497001 1.628 0.000279687 
0.00497001 1.632 0.00035693 
0.00497001 1.636 0.000313123 
0.00497001 1.64 0.00020054 
0.00497001 1.644 0.000100278 
0.00497001 1.648 1.32956e-05 
0.00697002 1.596 2.53716e-10 
0.00697002 1.6 5.12264e-09 
0.00697002 1.604 6.58694e-08 
0.00697002 1.608 6.44466e-07 
0.00697002 1.612 4.55307e-06 
0.00697002 1.616 2.23919e-05 
0.00697002 1.62 7.76078e-05 
0.00697002 1.624 0.000192679 
0.00697002 1.628 0.000341596 
0.00697002 1.632 0.000437493 
0.00697002 1.636 0.000400875 
0.00697002 1.64 0.000285689 
0.00697002 1.644 0.000139221 
0.00697002 1.648 3.02846e-05 
0.00697002 1.652 9.24117e-08 
0.00896999 1.596 1.80047e-10 
0.00896999 1.6 3.62451e-09 
0.00896999 1.604 5.39211e-08 
0.00896999 1.608 5.25654e-07 
0.00896999 1.612 3.75666e-06 
0.00896999 1.616 1.92495e-05 
0.00896999 1.62 6.87517e-05 
0.00896999 1.624 0.000174164 
0.00896999 1.628 0.000326258 
0.00896999 1.632 0.000429934 
0.00896999 1.636 0.000429051 
0.00896999 1.64 0.000296745 
0.00896999 1.644 0.000152793 
0.00896999 1.648 4.40262e-05 
0.00896999 1.652 6.72726e-07 
0.01097 1.596 1.67097e-10 
0.01097 1.6 3.41617e-09 
0.01097 1.604 5.35036e-08 
0.01097 1.608 5.56969e-07 
0.01097 1.612 4.21863e-06 
0.01097 1.616 2.20286e-05 
0.01097 1.62 8.06355e-05 
0.01097 1.624 0.000221877 
0.01097 1.628 0.000410444 
0.01097 1.632 0.000574825 
0.01097 1.636 0.000577561 
0.01097 1.64 0.000414514 
0.01097 1.644 0.000213914 
0.01097 1.648 7.44949e-05 
0.01097 1.652 4.41579e-06 
0.01297 1.596 1.14999e-10 
0.01297 1.6 2.50852e-09 
0.01297 1.604 4.35387e-08 
0.01297 1.608 4.54504e-07 
0.01297 1.612 3.46013e-06 
0.01297 1.616 1.85511e-05 
0.01297 1.62 7.248e-05 
0.01297 1.624 0.000203248 
0.01297 1.628 0.000419524 
0.01297 1.632 0.000612749 
0.01297 1.636 0.000659136 
0.01297 1.64 0.000494346 
0.01297 1.644 0.000264327 
0.01297 1.648 0.000101792 
0.01297 1.652 1.2399e-05 
0.01497 1.596 1.01141e-10 
0.01497 1.6 2.50935e-09 
0.01497 1.604 3.88414e-08 
0.01497 1.608 4.54421e-07 
0.01497 1.612 3.67507e-06 
0.01497 1.616 2.03945e-05 
0.01497 1.62 8.03987e-05 
0.01497 1.624 0.000230472 
0.01497 1.628 0.000450487 
0.01497 1.632 0.000656945 
0.01497 1.636 0.000702335 
0.01497 1.64 0.000544016 
0.01497 1.644 0.000304949 
0.01497 1.648 0.000130925 
0.01497 1.652 2.67017e-05 
0.01497 1.656 4.6608e-08 
0.01697 1.6 1.7626e-09 
0.01697 1.604 3.1146e-08 
0.01697 1.608 3.97509e-07 
0.01697 1.612 3.44425e-06 
0.01697 1.616 2.05789e-05 
0.01697 1.62 8.68529e-05 
0.01697 1.624 0.000269748 
0.01697 1.628 0.000579358 
0.01697 1.632 0.000880945 
0.01697 1.636 0.000963026 
0.01697 1.64 0.000740253 
0.01697 1.644 0.000423405 
0.01697 1.648 0.000177938 
0.01697 1.652 4.26166e-05 
0.01697 1.656 8.04711e-07 
0.01897 1.6 1.50126e-09 
0.01897 1.604 2.6816e-08 
0.01897 1.608 3.2346e-07 
0.01897 1.612 3.01675e-06 
0.01897 1.616 1.79071e-05 
0.01897 1.62 7.7629e-05 
0.01897 1.624 0.000235854 
0.01897 1.628 0.000508292 
0.01897 1.632 0.00081614 
0.01897 1.636 0.000945188 
0.01897 1.64 0.000801624 
0.01897 1.644 0.000451303 
0.01897 1.648 0.000192647 
0.01897 1.652 5.82277e-05 
0.01897 1.656 2.49245e-06 
0.02097 1.6 1.2404e-09 
0.02097 1.604 2.29324e-08 
0.02097 1.608 3.28084e-07 
0.02097 1.612 2.88623e-06 
0.02097 1.616 1.92191e-05 
0.02097 1.62 8.81562e-05 
0.02097 1.624 0.000286661 
0.02097 1.628 0.00064458 
0.02097 1.632 0.00109561 
0.02097 1.636 0.00122444 
0.02097 1.64 0.00103504 
0.02097 1.644 0.000638497 
0.02097 1.648 0.000272365 
0.02097 1.652 8.45015e-05 
0.02097 1.656 9.33176e-06 
0.02297 1.6 8.27359e-10 
0.02297 1.604 1.56449e-08 
0.02297 1.608 2.24683e-07 
0.02297 1.612 2.1306e-06 
0.02297 1.616 1.47762e-05 
0.02297 1.62 7.34087e-05 
0.02297 1.624 0.000243784 
0.02297 1.628 0.00060273 
0.02297 1.632 0.00104069 
0.02297 1.636 0.0012879 
0.02297 1.64 0.00111705 
0.02297 1.644 0.00070555 
0.02297 1.648 0.000319744 
0.02297 1.652 9.69174e-05 
0.02297 1.656 1.5849e-05 
0.02297 1.66 2.65752e-08 
0.02497 1.6 6.3096e-10 
0.02497 1.604 1.40628e-08 
0.02497 1.608 2.0613e-07 
0.02497 1.612 2.04791e-06 
0.02497 1.616 1.56369e-05 
0.02497 1.62 7.87374e-05 
0.02497 1.624 0.000268083 
0.02497 1.628 0.00065416 
0.02497 1.632 0.00120187 
0.02497 1.636 0.0015598 
0.02497 1.64 0.00144645 
0.02497 1.644 0.000909513 
0.02497 1.648 0.000436973 
0.02497 1.652 0.000143533 
0.02497 1.656 3.03026e-05 
0.02497 1.66 4.06581e-07 
0.02697 1.6 5.4548e-10 
0.02697 1.604 1.17957e-08 
0.02697 1.608 1.82021e-07 
0.02697 1.612 1.97482e-06 
0.02697 1.616 1.38295e-05 
0.02697 1.62 7.41546e-05 
0.02697 1.624 0.0002592 
0.02697 1.628 0.000694784 
0.02697 1.632 0.00125414 
0.02697 1.636 0.00154636 
0.02697 1.64 0.00145134 
0.02697 1.644 0.000992098 
0.02697 1.648 0.000442027 
0.02697 1.652 0.000148192 
0.02697 1.656 3.42226e-05 
0.02697 1.66 1.41376e-06 
0.02897 1.6 3.34431e-10 
0.02897 1.604 8.31783e-09 
0.02897 1.608 1.4008e-07 
0.02897 1.612 1.5435e-06 
0.02897 1.616 1.24967e-05 
0.02897 1.62 6.58984e-05 
0.02897 1.624 0.000252244 
0.02897 1.628 0.000677867 
0.02897 1.632 0.00135645 
0.02897 1.636 0.00184627 
0.02897 1.64 0.0017342 
0.02897 1.644 0.00121726 
0.02897 1.648 0.000624369 
0.02897 1.652 0.000207778 
0.02897 1.656 5.34517e-05 
0.02897 1.66 5.09827e-06 
0.03097 1.6 2.76695e-10 
0.03097 1.604 7.92902e-09 
0.03097 1.608 1.33251e-07 
0.03097 1.612 1.43301e-06 
0.03097 1.616 1.30054e-05 
0.03097 1.62 7.05939e-05 
0.03097 1.624 0.000283562 
0.03097 1.628 0.000814137 
0.03097 1.632 0.00150744 
0.03097 1.636 0.00213138 
0.03097 1.64 0.00225159 
0.03097 1.644 0.00150886 
0.03097 1.648 0.000774388 
0.03097 1.652 0.000276014 
0.03097 1.656 6.75679e-05 
0.03097 1.66 9.17833e-06 
0.03097 1.664 2.10604e-08 
0.03297 1.6 1.17803e-10 
0.03297 1.604 4.91587e-09 
0.03297 1.608 9.4841e-08 
0.03297 1.612 1.15767e-06 
0.03297 1.616 1.02105e-05 
0.03297 1.62 6.18848e-05 
0.03297 1.624 0.000259983 
0.03297 1.628 0.00074526 
0.03297 1.632 0.00158882 
0.03297 1.636 0.00226505 
0.03297 1.64 0.00233577 
0.03297 1.644 0.00166898 
0.03297 1.648 0.000830978 
0.03297 1.652 0.000300031 
0.03297 1.656 8.21445e-05 
0.03297 1.66 1.38299e-05 
0.03297 1.664 1.59112e-07 
0.03497 1.604 4.65961e-09 
0.03497 1.608 9.40456e-08 
0.03497 1.612 1.16373e-06 
0.03497 1.616 1.06659e-05 
0.03497 1.62 6.28903e-05 
0.03497 1.624 0.000271956 
0.03497 1.628 0.000837183 
0.03497 1.632 0.00169093 
0.03497 1.636 0.00266666 
0.03497 1.64 0.00283503 
0.03497 1.644 0.0020133 
0.03497 1.648 0.00113327 
0.03497 1.652 0.000425841 
0.03497 1.656 0.000114583 
0.03497 1.66 2.04767e-05 
0.03497 1.664 7.94827e-07 
0.03697 1.604 2.88187e-09 
0.03697 1.608 6.46052e-08 
0.03697 1.612 8.92415e-07 
0.03697 1.616 8.4302e-06 
0.03697 1.62 5.80538e-05 
0.03697 1.624 0.000248303 
0.03697 1.628 0.000721882 
0.03697 1.632 0.00168726 
0.03697 1.636 0.00245416 
0.03697 1.64 0.00279965 
0.03697 1.644 0.00220008 
0.03697 1.648 0.00117551 
0.03697 1.652 0.000477591 
0.03697 1.656 0.000126242 
0.03697 1.66 2.4869e-05 
0.03697 1.664 1.73766e-06 
0.03897 1.604 2.03587e-09 
0.03897 1.608 5.26939e-08 
0.03897 1.612 7.80545e-07 
0.03897 1.616 7.35156e-06 
0.03897 1.62 4.82342e-05 
0.03897 1.624 0.000227615 
0.03897 1.628 0.000707076 
0.03897 1.632 0.00168911 
0.03897 1.636 0.00302245 
0.03897 1.64 0.00337714 
0.03897 1.644 0.0026501 
0.03897 1.648 0.00152716 
0.03897 1.652 0.000636483 
0.03897 1.656 0.000185973 
0.03897 1.66 3.76895e-05 
0.03897 1.664 4.44233e-06 
0.03897 1.668 6.45663e-09 
0.04097 1.604 1.22582e-09 
0.04097 1.608 4.09872e-08 
0.04097 1.612 6.40796e-07 
0.04097 1.616 6.40409e-06 
0.04097 1.62 4.70108e-05 
0.04097 1.624 0.000225457 
0.04097 1.628 0.000736745 
0.04097 1.632 0.00184627 
0.04097 1.636 0.00285456 
0.04097 1.64 0.00336399 
0.04097 1.644 0.00280878 
0.04097 1.648 0.0017002 
0.04097 1.652 0.000703548 
0.04097 1.656 0.000197268 
0.04097 1.66 3.93518e-05 
0.04097 1.664 5.26768e-06 
0.04097 1.668 7.17055e-08 
0.04297 1.604 4.44197e-10 
0.04297 1.608 3.15875e-08 
0.04297 1.612 4.75236e-07 
0.04297 1.616 5.36593e-06 
0.04297 1.62 4.03038e-05 
0.04297 1.624 0.000202948 
0.04297 1.628 0.000673302 
0.04297 1.632 0.00180193 
0.04297 1.636 0.00311979 
0.04297 1.64 0.00397382 
0.04297 1.644 0.00348163 
0.04297 1.648 0.00209143 
0.04297 1.652 0.000926096 
0.04297 1.656 0.000284918 
0.04297 1.66 6.1172e-05 
0.04297 1.664 9.00604e-06 
0.04297 1.668 2.55295e-07 
0.04497 1.604 1.55756e-10 
0.04497 1.608 2.10529e-08 
0.04497 1.612 3.93691e-07 
0.04497 1.616 4.62994e-06 
0.04497 1.62 3.6754e-05 
0.04497 1.624 0.00019669 
0.04497 1.628 0.00069207 
0.04497 1.632 0.00174069 
0.04497 1.636 0.00316835 
0.04497 1.64 0.00407628 
0.04497 1.644 0.00351266 
0.04497 1.648 0.00223845 
0.04497 1.652 0.000991823 
0.04497 1.656 0.000323064 
0.04497 1.66 7.44868e-05 
0.04497 1.664 1.17419e-05 
0.04497 1.668 7.38775e-07 
0.04697 1.608 1.21269e-08 
0.04697 1.612 2.87079e-07 
0.04697 1.616 3.51735e-06 
0.04697 1.62 2.81849e-05 
0.04697 1.624 0.000151924 
0.04697 1.628 0.000637306 
0.04697 1.632 0.00179427 
0.04697 1.636 0.00341593 
0.04697 1.64 0.00457251 
0.04697 1.644 0.00439516 
0.04697 1.648 0.00281632 
0.04697 1.652 0.00130395 
0.04697 1.656 0.00041047 
0.04697 1.66 8.485e-05 
0.04697 1.664 1.4187e-05 
0.04697 1.668 1.24313e-06 
0.04697 1.672 1.82483e-09 
0.04897 1.608 7.95269e-09 
0.04897 1.612 2.45772e-07 
0.04897 1.616 3.23873e-06 
0.04897 1.62 2.68201e-05 
0.04897 1.624 0.000167542 
0.04897 1.628 0.000635712 
0.04897 1.632 0.00176528 
0.04897 1.636 0.0036181 
0.04897 1.64 0.0047947 
0.04897 1.644 0.00478581 
0.04897 1.648 0.00319314 
0.04897 1.652 0.00160884 
0.04897 1.656 0.000531203 
0.04897 1.66 0.000112512 
0.04897 1.664 1.72476e-05 
0.04897 1.668 1.92764e-06 
0.04897 1.672 1.77426e-08 
0.05097 1.608 3.21597e-09 
0.05097 1.612 1.73828e-07 
0.05097 1.616 2.42084e-06 
0.05097 1.62 2.26399e-05 
0.05097 1.624 0.00014503 
0.05097 1.628 0.000601957 
0.05097 1.632 0.00187287 
0.05097 1.636 0.00371544 
0.05097 1.64 0.00544478 
0.05097 1.644 0.00540076 
0.05097 1.648 0.00381144 
0.05097 1.652 0.0017892 
0.05097 1.656 0.000622242 
0.05097 1.66 0.000147373 
0.05097 1.664 2.2735e-05 
0.05097 1.668 2.58668e-06 
0.05097 1.672 6.44554e-08 
0.05297 1.608 7.43027e-10 
0.05297 1.612 1.18136e-07 
0.05297 1.616 1.81868e-06 
0.05297 1.62 1.67578e-05 
0.05297 1.624 0.000114807 
0.05297 1.628 0.000528916 
0.05297 1.632 0.00174037 
0.05297 1.636 0.00355717 
0.05297 1.64 0.00544647 
0.05297 1.644 0.00601326 
0.05297 1.648 0.0043224 
0.05297 1.652 0.00211091 
0.05297 1.656 0.000763176 
0.05297 1.66 0.000183113 
0.05297 1.664 3.11561e-05 
0.05297 1.668 3.93142e-06 
0.05297 1.672 1.86113e-07 
0.05497 1.612 8.36261e-08 
0.05497 1.616 1.46668e-06 
0.05497 1.62 1.5144e-05 
0.05497 1.624 0.000106573 
0.05497 1.628 0.000511109 
0.05497 1.632 0.00166387 
0.05497 1.636 0.00369964 
0.05497 1.64 0.00590418 
0.05497 1.644 0.00598707 
0.05497 1.648 0.00451202 
0.05497 1.652 0.00249145 
0.05497 1.656 0.000923883 
0.05497 1.66 0.000222158 
0.05497 1.664 4.02085e-05 
0.05497 1.668 4.94321e-06 
0.05497 1.672 3.59778e-07 
0.05497 1.676 4.50926e-10 
0.05697 1.612 3.55743e-08 
0.05697 1.616 9.68596e-07 
0.05697 1.62 1.07953e-05 
0.05697 1.624 8.08592e-05 
0.05697 1.628 0.000405186 
0.05697 1.632 0.00138834 
0.05697 1.636 0.00337567 
0.05697 1.64 0.00574948 
0.05697 1.644 0.00657181 
0.05697 1.648 0.00513994 
0.05697 1.652 0.00286727 
0.05697 1.656 0.00102758 
0.05697 1.66 0.000269897 
0.05697 1.664 4.88428e-05 
0.05697 1.668 6.19125e-06 
0.05697 1.672 5.29333e-07 
0.05697 1.676 2.658e-09 
0.05897 1.612 1.74456e-08 
0.05897 1.616 8.40544e-07 
0.05897 1.62 9.78486e-06 
0.05897 1.624 7.59646e-05 
0.05897 1.628 0.000407395 
0.05897 1.632 0.00150153 
0.05897 1.636 0.00340481 
0.05897 1.64 0.00561185 
0.05897 1.644 0.00629359 
0.05897 1.648 0.00518827 
0.05897 1.652 0.00296919 
0.05897 1.656 0.00117333 
0.05897 1.66 0.000326879 
0.05897 1.664 5.97513e-05 
0.05897 1.668 7.85116e-06 
0.05897 1.672 7.06897e-07 
0.05897 1.676 1.38018e-08 
0.06097 1.612 4.10171e-09 
0.06097 1.616 5.90573e-07 
0.06097 1.62 7.86241e-06 
0.06097 1.624 6.43496e-05 
0.06097 1.628 0.000319589 
0.06097 1.632 0.00125604 
0.06097 1.636 0.00315072 
0.06097 1.64 0.00569845 
0.06097 1.644 0.00684886 
0.06097 1.648 0.0057932 
0.06097 1.652 0.00327421 
0.06097 1.656 0.00136369 
0.06097 1.66 0.000379802 
0.06097 1.664 7.34939e-05 
0.06097 1.668 1.00335e-05 
0.06097 1.672 1.01129e-06 
0.06097 1.676 4.03073e-08 
0.06297 1.612 6.2354e-10 
0.06297 1.616 4.01823e-07 
0.06297 1.62 6.25341e-06 
0.06297 1.624 5.32671e-05 
0.06297 1.628 0.000310876 
0.06297 1.632 0.00116363 
0.06297 1.636 0.00324554 
0.06297 1.64 0.00576461 
0.06297 1.644 0.007403 
0.06297 1.648 0.00657192 
0.06297 1.652 0.00389205 
0.06297 1.656 0.00163575 
0.06297 1.66 0.000458686 
0.06297 1.664 8.85764e-05 
0.06297 1.668 1.2732e-05 
0.06297 1.672 1.24443e-06 
0.06297 1.676 7.17168e-08 
0.06497 1.616 2.10973e-07 
0.06497 1.62 4.77976e-06 
0.06497 1.624 3.98838e-05 
0.06497 1.628 0.000245688 
0.06497 1.632 0.00101795 
0.06497 1.636 0.00280518 
0.06497 1.64 0.0051899 
0.06497 1.644 0.00694713 
0.06497 1.648 0.00639972 
0.06497 1.652 0.00420654 
0.06497 1.656 0.00192084 
0.06497 1.66 0.000557358 
0.06497 1.664 0.000113874 
0.06497 1.668 1.73248e-05 
0.06497 1.672 1.72143e-06 
0.06497 1.676 1.18061e-07 
0.06497 1.68 5.63675e-10 
0.06697 1.616 8.62171e-08 
0.06697 1.62 3.28838e-06 
0.06697 1.624 3.41889e-05 
0.06697 1.628 0.000211772 
0.06697 1.632 0.000876721 
0.06697 1.636 0.00262851 
0.06697 1.64 0.00512937 
0.06697 1.644 0.00711925 
0.06697 1.648 0.00641274 
0.06697 1.652 0.00424093 
0.06697 1.656 0.00191676 
0.06697 1.66 0.000585556 
0.06697 1.664 0.00012491 
0.06697 1.668 1.83856e-05 
0.06697 1.672 2.00571e-06 
0.06697 1.676 1.39172e-07 
0.06697 1.68 2.91151e-09 
0.06897 1.616 1.40057e-08 
0.06897 1.62 2.49957e-06 
0.06897 1.624 2.46092e-05 
0.06897 1.628 0.000176365 
0.06897 1.632 0.0007894 
0.06897 1.636 0.00239666 
0.06897 1.64 0.00501661 
0.06897 1.644 0.00744687 
0.06897 1.648 0.0072965 
0.06897 1.652 0.00488615 
0.06897 1.656 0.00224873 
0.06897 1.66 0.000746179 
0.06897 1.664 0.000170466 
0.06897 1.668 2.54386e-05 
0.06897 1.672 2.66894e-06 
0.06897 1.676 1.92176e-07 
0.06897 1.68 5.91085e-09 
0.07097 1.616 2.84879e-09 
0.07097 1.62 1.65446e-06 
0.07097 1.624 2.17131e-05 
0.07097 1.628 0.000153917 
0.07097 1.632 0.000735638 
0.07097 1.636 0.00230429 
0.07097 1.64 0.00500254 
0.07097 1.644 0.00708032 
0.07097 1.648 0.00737755 
0.07097 1.652 0.00496682 
0.07097 1.656 0.00248819 
0.07097 1.66 0.000815073 
0.07097 1.664 0.000188646 
0.07097 1.668 3.25339e-05 
0.07097 1.672 3.50602e-06 
0.07097 1.676 2.76445e-07 
0.07097 1.68 1.19697e-08 
0.07297 1.616 1.20097e-10 
0.07297 1.62 7.97425e-07 
0.07297 1.624 1.46591e-05 
0.07297 1.628 0.000118615 
0.07297 1.632 0.000626637 
0.07297 1.636 0.00206142 
0.07297 1.64 0.00467809 
0.07297 1.644 0.00732601 
0.07297 1.648 0.00809322 
0.07297 1.652 0.00570394 
0.07297 1.656 0.00287943 
0.07297 1.66 0.00103192 
0.07297 1.664 0.000240701 
0.07297 1.668 3.8703e-05 
0.07297 1.672 4.36931e-06 
0.07297 1.676 3.16739e-07 
0.07297 1.68 1.59146e-08 
0.07497 1.62 2.64733e-07 
0.07497 1.624 1.12414e-05 
0.07497 1.628 9.16132e-05 
0.07497 1.632 0.000454417 
0.07497 1.636 0.00173043 
0.07497 1.64 0.00414289 
0.07497 1.644 0.00667711 
0.07497 1.648 0.00762413 
0.07497 1.652 0.00566325 
0.07497 1.656 0.00319822 
0.07497 1.66 0.0011008 
0.07497 1.664 0.000277842 
0.07497 1.668 4.85998e-05 
0.07497 1.672 5.31572e-06 
0.07497 1.676 4.4781e-07 
0.07497 1.68 2.19457e-08 
0.07497 1.684 3.03677e-10 
0.07697 1.62 8.40849e-08 
0.07697 1.624 7.80656e-06 
0.07697 1.628 7.15628e-05 
0.07697 1.632 0.000393738 
0.07697 1.636 0.00148638 
0.07697 1.64 0.00356883 
0.07697 1.644 0.00623627 
0.07697 1.648 0.00704363 
0.07697 1.652 0.00546473 
0.07697 1.656 0.00300528 
0.07697 1.66 0.00112973 
0.07697 1.664 0.000292963 
0.07697 1.668 5.46648e-05 
0.07697 1.672 6.29223e-06 
0.07697 1.676 5.40438e-07 
0.07697 1.68 3.19049e-08 
0.07697 1.684 7.62849e-10 
0.07897 1.62 3.06771e-09 
0.07897 1.624 5.35934e-06 
0.07897 1.628 5.86156e-05 
0.07897 1.632 0.00034157 
0.07897 1.636 0.00137682 
0.07897 1.64 0.00363988 
0.07897 1.644 0.00647446 
0.07897 1.648 0.00776353 
0.07897 1.652 0.00639062 
0.07897 1.656 0.00335837 
0.07897 1.66 0.00130738 
0.07897 1.664 0.000341387 
0.07897 1.668 5.89189e-05 
0.07897 1.672 7.02884e-06 
0.07897 1.676 6.08971e-07 
0.07897 1.68 3.46889e-08 
0.07897 1.684 1.1383e-09 
0.08097 1.62 2.17839e-10 
0.08097 1.624 2.83874e-06 
0.08097 1.628 4.58435e-05 
0.08097 1.632 0.000268193 
0.08097 1.636 0.00112615 
0.08097 1.64 0.00304427 
0.08097 1.644 0.00595346 
0.08097 1.648 0.00739365 
0.08097 1.652 0.00633917 
0.08097 1.656 0.00367227 
0.08097 1.66 0.00147084 
0.08097 1.664 0.000413239 
0.08097 1.668 7.25951e-05 
0.08097 1.672 1.02586e-05 
0.08097 1.676 8.41871e-07 
0.08097 1.68 4.97301e-08 
0.08097 1.684 1.96988e-09 
0.08297 1.624 9.22017e-07 
0.08297 1.628 3.67505e-05 
0.08297 1.632 0.000232549 
0.08297 1.636 0.00103819 
0.08297 1.64 0.00296597 
0.08297 1.644 0.00553676 
0.08297 1.648 0.00737964 
0.08297 1.652 0.00653602 
0.08297 1.656 0.00385343 
0.08297 1.66 0.00165586 
0.08297 1.664 0.000460716 
0.08297 1.668 9.15455e-05 
0.08297 1.672 1.1873e-05 
0.08297 1.676 1.07508e-06 
0.08297 1.68 7.00796e-08 
0.08297 1.684 2.7595e-09 
0.08497 1.624 1.83695e-07 
0.08497 1.628 2.29281e-05 
0.08497 1.632 0.000168926 
0.08497 1.636 0.000811151 
0.08497 1.64 0.0024277 
0.08497 1.644 0.00499388 
0.08497 1.648 0.00675198 
0.08497 1.652 0.00626681 
0.08497 1.656 0.0039376 
0.08497 1.66 0.00170098 
0.08497 1.664 0.000524167 
0.08497 1.668 0.000102837 
0.08497 1.672 1.41188e-05 
0.08497 1.676 1.26167e-06 
0.08497 1.68 7.63371e-08 
0.08497 1.684 3.59563e-09 
0.08697 1.624 1.95356e-08 
0.08697 1.628 1.32645e-05 
0.08697 1.632 0.00013132 
0.08697 1.636 0.000658716 
0.08697 1.64 0.00196947 
0.08697 1.644 0.00447194 
0.08697 1.648 0.0061168 
0.08697 1.652 0.00605066 
0.08697 1.656 0.00388972 
0.08697 1.66 0.00178495 
0.08697 1.664 0.000558036 
0.08697 1.668 0.000117661 
0.08697 1.672 1.6413e-05 
0.08697 1.676 1.53352e-06 
0.08697 1.68 1.08684e-07 
0.08697 1.684 4.4909e-09 
0.08697 1.688 1.21921e-10 
0.08897 1.624 9.59304e-10 
0.08897 1.628 6.76952e-06 
0.08897 1.632 9.5889e-05 
0.08897 1.636 0.000518449 
0.08897 1.64 0.00162924 
0.08897 1.644 0.00368199 
0.08897 1.648 0.00566036 
0.08897 1.652 0.00592151 
0.08897 1.656 0.00404226 
0.08897 1.66 0.00193596 
0.08897 1.664 0.000560711 
0.08897 1.668 0.000122156 
0.08897 1.672 1.80839e-05 
0.08897 1.676 1.80664e-06 
0.08897 1.68 1.29472e-07 
0.08897 1.684 6.05265e-09 
0.08897 1.688 1.7592e-10 
0.09097 1.628 2.30161e-06 
0.09097 1.632 7.09982e-05 
0.09097 1.636 0.000384637 
0.09097 1.64 0.00136656 
0.09097 1.644 0.00345852 
0.09097 1.648 0.00514933 
0.09097 1.652 0.00549432 
0.09097 1.656 0.00390404 
0.09097 1.66 0.00187087 
0.09097 1.664 0.000626363 
0.09097 1.668 0.000141401 
0.09097 1.672 2.0588e-05 
0.09097 1.676 2.21687e-06 
0.09097 1.68 1.46892e-07 
0.09097 1.684 7.37804e-09 
0.09097 1.688 2.32113e-10 
0.09297 1.628 5.2975e-07 
0.09297 1.632 5.4327e-05 
0.09297 1.636 0.000335399 
0.09297 1.64 0.00122374 
0.09297 1.644 0.00284076 
0.09297 1.648 0.00484412 
0.09297 1.652 0.00547978 
0.09297 1.656 0.00395415 
0.09297 1.66 0.00208352 
0.09297 1.664 0.000690538 
0.09297 1.668 0.00016178 
0.09297 1.672 2.51248e-05 
0.09297 1.676 2.64674e-06 
0.09297 1.68 1.8805e-07 
0.09297 1.684 8.49087e-09 
0.09297 1.688 2.84701e-10 
0.09497 1.628 4.2193e-08 
0.09497 1.632 3.39526e-05 
0.09497 1.636 0.000260579 
0.09497 1.64 0.0010536 
0.09497 1.644 0.00261334 
0.09497 1.648 0.00455854 
0.09497 1.652 0.00525722 
0.09497 1.656 0.00399042 
0.09497 1.66 0.00202078 
0.09497 1.664 0.000718593 
0.09497 1.668 0.000178239 
0.09497 1.672 2.83719e-05 
0.09497 1.676 3.07877e-06 
0.09497 1.68 2.29382e-07 
0.09497 1.684 1.1677e-08 
0.09497 1.688 3.90119e-10 
0.09697 1.628 1.51601e-09 
0.09697 1.632 1.56957e-05 
0.09697 1.636 0.00019727 
0.09697 1.64 0.000823183 
0.09697 1.644 0.00238914 
0.09697 1.648 0.00425895 
0.09697 1.652 0.0051459 
0.09697 1.656 0.00423681 
0.09697 1.66 0.00229219 
0.09697 1.664 0.000801588 
0.09697 1.668 0.000197281 
0.09697 1.672 3.34775e-05 
0.09697 1.676 3.75698e-06 
0.09697 1.68 3.05266e-07 
0.09697 1.684 1.53467e-08 
0.09697 1.688 4.77235e-10 
0.09897 1.632 5.58406e-06 
0.09897 1.636 0.000143434 
0.09897 1.64 0.00064246 
0.09897 1.644 0.00173061 
0.09897 1.648 0.00336393 
0.09897 1.652 0.00424242 
0.09897 1.656 0.00365105 
0.09897 1.66 0.00205189 
0.09897 1.664 0.000805339 
0.09897 1.668 0.000202952 
0.09897 1.672 3.48727e-05 
0.09897 1.676 4.29662e-06 
0.09897 1.68 3.61299e-07 
0.09897 1.684 1.87259e-08 
0.09897 1.688 7.11305e-10 
0.10097 1.632 1.15777e-06 
0.10097 1.636 9.42383e-05 
0.10097 1.64 0.000496074 
0.10097 1.644 0.00153107 
0.10097 1.648 0.00306082 
0.10097 1.652 0.00411149 
0.10097 1.656 0.00361234 
0.10097 1.66 0.0021834 
0.10097 1.664 0.000836491 
0.10097 1.668 0.000216501 
0.10097 1.672 3.90276e-05 
0.10097 1.676 4.40473e-06 
0.10097 1.68 3.54851e-07 
0.10097 1.684 2.11657e-08 
0.10097 1.688 7.26675e-10 
0.10297 1.632 9.39699e-08 
0.10297 1.636 5.21236e-05 
0.10297 1.64 0.000371461 
0.10297 1.644 0.00117803 
0.10297 1.648 0.00243518 
0.10297 1.652 0.00331117 
0.10297 1.656 0.00328104 
0.10297 1.66 0.00206138 
0.10297 1.664 0.000836087 
0.10297 1.668 0.00024463 
0.10297 1.672 4.5897e-05 
0.10297 1.676 5.79516e-06 
0.10297 1.68 4.69837e-07 
0.10297 1.684 2.66968e-08 
0.10297 1.688 1.02137e-09 
0.10497 1.632 3.60172e-09 
0.10497 1.636 2.51608e-05 
0.10497 1.64 0.000278806 
0.10497 1.644 0.000928202 
0.10497 1.648 0.0020449 
0.10497 1.652 0.00293676 
0.10497 1.656 0.00280877 
0.10497 1.66 0.00176041 
0.10497 1.664 0.000778184 
0.10497 1.668 0.000224278 
0.10497 1.672 4.62802e-05 
0.10497 1.676 6.20113e-06 
0.10497 1.68 5.67818e-07 
0.10497 1.684 3.49288e-08 
0.10497 1.688 1.3261e-09 
0.10697 1.636 9.19708e-06 
0.10697 1.64 0.00021145 
0.10697 1.644 0.000769104 
0.10697 1.648 0.00177744 
0.10697 1.652 0.00273518 
0.10697 1.656 0.00276338 
0.10697 1.66 0.00188554 
0.10697 1.664 0.000860107 
0.10697 1.668 0.000255036 
0.10697 1.672 4.93857e-05 
0.10697 1.676 6.6749e-06 
0.10697 1.68 5.8997e-07 
0.10697 1.684 3.68646e-08 
0.10697 1.688 1.58101e-09 
0.10897 1.636 1.34605e-06 
0.10897 1.64 0.000135799 
0.10897 1.644 0.000586235 
0.10897 1.648 0.00148514 
0.10897 1.652 0.00243152 
0.10897 1.656 0.00255108 
0.10897 1.66 0.00185732 
0.10897 1.664 0.000884808 
0.10897 1.668 0.000277873 
0.10897 1.672 5.68833e-05 
0.10897 1.676 7.78244e-06 
0.10897 1.68 7.48411e-07 
0.10897 1.684 4.75436e-08 
0.10897 1.688 2.05126e-09 
0.11097 1.636 2.08772e-07 
0.11097 1.64 8.49346e-05 
0.11097 1.644 0.000487777 
0.11097 1.648 0.00117379 
0.11097 1.652 0.00191603 
0.11097 1.656 0.00227753 
0.11097 1.66 0.00169228 
0.11097 1.664 0.000829616 
0.11097 1.668 0.000273752 
0.11097 1.672 5.92229e-05 
0.11097 1.676 8.56035e-06 
0.11097 1.68 8.31e-07 
0.11097 1.684 5.48271e-08 
0.11097 1.688 2.31615e-09 
0.11297 1.636 8.86666e-09 
0.11297 1.64 3.65535e-05 
0.11297 1.644 0.000362918 
0.11297 1.648 0.000963424 
0.11297 1.652 0.00179495 
0.11297 1.656 0.00196869 
0.11297 1.66 0.00150836 
0.11297 1.664 0.000779931 
0.11297 1.668 0.000279982 
0.11297 1.672 6.34941e-05 
0.11297 1.676 9.59873e-06 
0.11297 1.68 9.69268e-07 
0.11297 1.684 6.35142e-08 
0.11297 1.688 3.02036e-09 
0.11497 1.64 1.18712e-05 
0.11497 1.644 0.000257162 
0.11497 1.648 0.000754877 
0.11497 1.652 0.00139334 
0.11497 1.656 0.00173695 
0.11497 1.66 0.00142109 
0.11497 1.664 0.000784481 
0.11497 1.668 0.000271219 
0.11497 1.672 6.44781e-05 
0.11497 1.676 1.03691e-05 
0.11497 1.68 1.06257e-06 
0.11497 1.684 7.70191e-08 
0.11497 1.688 3.63819e-09 
0.11497 1.692 1.09609e-10 
0.11697 1.64 2.91373e-06 
0.11697 1.644 0.000163662 
0.11697 1.648 0.00060267 
0.11697 1.652 0.00117389 
0.11697 1.656 0.00156129 
0.11697 1.66 0.00132461 
0.11697 1.664 0.000743406 
0.11697 1.668 0.000279424 
0.11697 1.672 6.94142e-05 
0.11697 1.676 1.11532e-05 
0.11697 1.68 1.19047e-06 
0.11697 1.684 8.40884e-08 
0.11697 1.688 3.99997e-09 
0.11697 1.692 1.26701e-10 
0.11897 1.64 2.70227e-07 
0.11897 1.644 9.13078e-05 
0.11897 1.648 0.000452605 
0.11897 1.652 0.000895066 
0.11897 1.656 0.00121581 
0.11897 1.66 0.00108141 
0.11897 1.664 0.000633725 
0.11897 1.668 0.000243449 
0.11897 1.672 6.2655e-05 
0.11897 1.676 1.05177e-05 
0.11897 1.68 1.20587e-06 
0.11897 1.684 9.72453e-08 
0.11897 1.688 4.59538e-09 
0.11897 1.692 1.55981e-10 
0.12097 1.64 1.36059e-09 
0.12097 1.644 4.28589e-05 
0.12097 1.648 0.000320982 
0.12097 1.652 0.000698795 
0.12097 1.656 0.00102614 
0.12097 1.66 0.000939709 
0.12097 1.664 0.000604354 
0.12097 1.668 0.00024749 
0.12097 1.672 6.40272e-05 
0.12097 1.676 1.1676e-05 
0.12097 1.68 1.42283e-06 
0.12097 1.684 9.88032e-08 
0.12097 1.688 4.96705e-09 
0.12097 1.692 1.83294e-10 
0.12297 1.644 1.35463e-05 
0.12297 1.648 0.000236053 
0.12297 1.652 0.000581395 
0.12297 1.656 0.000822522 
0.12297 1.66 0.000833673 
0.12297 1.664 0.000534473 
0.12297 1.668 0.000223267 
0.12297 1.672 6.45553e-05 
0.12297 1.676 1.22228e-05 
0.12297 1.68 1.46342e-06 
0.12297 1.684 1.17518e-07 
0.12297 1.688 6.22537e-09 
0.12297 1.692 2.17451e-10 
0.12497 1.644 2.11806e-06 
0.12497 1.648 0.000162731 
0.12497 1.652 0.000476737 
0.12497 1.656 0.000731035 
0.12497 1.66 0.000770379 
0.12497 1.664 0.000515157 
0.12497 1.668 0.000227116 
0.12497 1.672 6.51574e-05 
0.12497 1.676 1.17859e-05 
0.12497 1.68 1.52043e-06 
0.12497 1.684 1.31381e-07 
0.12497 1.688 6.67883e-09 
0.12497 1.692 2.51946e-10 
0.12697 1.644 4.14612e-07 
0.12697 1.648 9.0041e-05 
0.12697 1.652 0.000349457 
0.12697 1.656 0.000604521 
0.12697 1.66 0.000653043 
0.12697 1.664 0.000467456 
0.12697 1.668 0.000213948 
0.12697 1.672 6.42004e-05 
0.12697 1.676 1.2622e-05 
0.12697 1.68 1.70266e-06 
0.12697 1.684 1.4314e-07 
0.12697 1.688 8.04422e-09 
0.12697 1.692 2.98724e-10 
0.12897 1.644 3.45599e-09 
0.12897 1.648 4.31117e-05 
0.12897 1.652 0.000271064 
0.12897 1.656 0.000459218 
0.12897 1.66 0.000508991 
0.12897 1.664 0.000383842 
0.12897 1.668 0.00018382 
0.12897 1.672 5.95545e-05 
0.12897 1.676 1.25906e-05 
0.12897 1.68 1.74736e-06 
0.12897 1.684 1.56484e-07 
0.12897 1.688 9.38793e-09 
0.12897 1.692 3.61354e-10 
0.13097 1.648 1.37382e-05 
0.13097 1.652 0.000200469 
0.13097 1.656 0.000387291 
0.13097 1.66 0.00046119 
0.13097 1.664 0.000349267 
0.13097 1.668 0.000178637 
0.13097 1.672 5.6578e-05 
0.13097 1.676 1.26984e-05 
0.13097 1.68 1.69688e-06 
0.13097 1.684 1.57952e-07 
0.13097 1.688 1.04127e-08 
0.13097 1.692 4.11425e-10 
0.13297 1.648 2.30852e-06 
0.13297 1.652 0.000128716 
0.13297 1.656 0.000307027 
0.13297 1.66 0.000380172 
0.13297 1.664 0.000306138 
0.13297 1.668 0.000159036 
0.13297 1.672 5.66797e-05 
0.13297 1.676 1.22696e-05 
0.13297 1.68 1.77581e-06 
0.13297 1.684 1.73968e-07 
0.13297 1.688 1.09755e-08 
0.13297 1.692 4.6948e-10 
0.13497 1.648 3.22139e-07 
0.13497 1.652 7.43989e-05 
0.13497 1.656 0.000229875 
0.13497 1.66 0.000306997 
0.13497 1.664 0.000260814 
0.13497 1.668 0.000148074 
0.13497 1.672 5.32575e-05 
0.13497 1.676 1.31882e-05 
0.13497 1.68 2.0982e-06 
0.13497 1.684 2.05927e-07 
0.13497 1.688 1.31757e-08 
0.13497 1.692 5.36822e-10 
0.13697 1.648 1.10283e-08 
0.13697 1.652 3.02647e-05 
0.13697 1.656 0.00017801 
0.13697 1.66 0.000252263 
0.13697 1.664 0.000223507 
0.13697 1.668 0.000128811 
0.13697 1.672 4.75592e-05 
0.13697 1.676 1.19026e-05 
0.13697 1.68 1.82048e-06 
0.13697 1.684 1.88905e-07 
0.13697 1.688 1.24138e-08 
0.13697 1.692 5.70649e-10 
0.13897 1.652 1.05479e-05 
0.13897 1.656 0.000120183 
0.13897 1.66 0.000180696 
0.13897 1.664 0.000175569 
0.13897 1.668 0.000107574 
0.13897 1.672 4.30892e-05 
0.13897 1.676 1.10178e-05 
0.13897 1.68 1.9198e-06 
0.13897 1.684 2.0826e-07 
0.13897 1.688 1.42846e-08 
0.13897 1.692 6.41565e-10 
0.14097 1.652 1.43591e-06 
0.14097 1.656 6.9957e-05 
0.14097 1.66 0.000135096 
0.14097 1.664 0.000135243 
0.14097 1.668 8.668e-05 
0.14097 1.672 3.53923e-05 
0.14097 1.676 1.01023e-05 
0.14097 1.68 1.75512e-06 
0.14097 1.684 1.95182e-07 
0.14097 1.688 1.45536e-08 
0.14097 1.692 6.56159e-10 
0.14297 1.652 2.04782e-07 
0.14297 1.656 3.83557e-05 
0.14297 1.66 0.000111638 
0.14297 1.664 0.000112202 
0.14297 1.668 7.77914e-05 
0.14297 1.672 3.32354e-05 
0.14297 1.676 9.47743e-06 
0.14297 1.68 1.77816e-06 
0.14297 1.684 2.05761e-07 
0.14297 1.688 1.59868e-08 
0.14297 1.692 7.46533e-10 
0.14497 1.652 1.04234e-08 
0.14497 1.656 1.71741e-05 
0.14497 1.66 8.21072e-05 
0.14497 1.664 9.05658e-05 
0.14497 1.668 6.44215e-05 
0.14497 1.672 2.99774e-05 
0.14497 1.676 8.71882e-06 
0.14497 1.68 1.65779e-06 
0.14497 1.684 2.13215e-07 
0.14497 1.688 1.68248e-08 
0.14497 1.692 8.78218e-10 
0.14697 1.656 5.43721e-06 
0.14697 1.66 5.80523e-05 
0.14697 1.664 7.29435e-05 
0.14697 1.668 5.32059e-05 
0.14697 1.672 2.6345e-05 
0.14697 1.676 7.70672e-06 
0.14697 1.68 1.59339e-06 
0.14697 1.684 1.97001e-07 
0.14697 1.688 1.62332e-08 
0.14697 1.692 8.61383e-10 
0.14897 1.656 1.0755e-06 
0.14897 1.66 3.77869e-05 
0.14897 1.664 5.66287e-05 
0.14897 1.668 4.56566e-05 
0.14897 1.672 2.23709e-05 
0.14897 1.676 7.28019e-06 
0.14897 1.68 1.51238e-06 
0.14897 1.684 1.95862e-07 
0.14897 1.688 1.75189e-08 
0.14897 1.692 1.00163e-09 
0.15097 1.656 7.97034e-08 
0.15097 1.66 1.89194e-05 
0.15097 1.664 4.47012e-05 
0.15097 1.668 3.67367e-05 
0.15097 1.672 1.9017e-05 
0.15097 1.676 6.64951e-06 
0.15097 1.68 1.43928e-06 
0.15097 1.684 2.05002e-07 
0.15097 1.688 1.7954e-08 
0.15097 1.692 1.02277e-09 
0.15297 1.656 2.78334e-09 
0.15297 1.66 8.26975e-06 
0.15297 1.664 3.24791e-05 
0.15297 1.668 2.8749e-05 
0.15297 1.672 1.64196e-05 
0.15297 1.676 5.93416e-06 
0.15297 1.68 1.24936e-06 
0.15297 1.684 1.96491e-07 
0.15297 1.688 1.80768e-08 
0.15297 1.692 1.09118e-09 
0.15497 1.656 1.6759e-10 
0.15497 1.66 2.34428e-06 
0.15497 1.664 2.56994e-05 
0.15497 1.668 2.55528e-05 
0.15497 1.672 1.41894e-05 
0.15497 1.676 5.18843e-06 
0.15497 1.68 1.21544e-06 
0.15497 1.684 1.84417e-07 
0.15497 1.688 1.87952e-08 
0.15497 1.692 1.02681e-09 
0.15697 1.66 4.43358e-07 
0.15697 1.664 1.32466e-05 
0.15697 1.668 1.70403e-05 
0.15697 1.672 1.02691e-05 
0.15697 1.676 4.0957e-06 
0.15697 1.68 1.03371e-06 
0.15697 1.684 1.67256e-07 
0.15697 1.688 1.60194e-08 
0.15697 1.692 1.07337e-09 
0.15897 1.66 2.73591e-08 
0.15897 1.664 6.63769e-06 
0.15897 1.668 1.24098e-05 
0.15897 1.672 8.04797e-06 
0.15897 1.676 3.3986e-06 
0.15897 1.68 8.20439e-07 
0.15897 1.684 1.39925e-07 
0.15897 1.688 1.60258e-08 
0.15897 1.692 1.00245e-09 
0.16097 1.66 1.77192e-09 
0.16097 1.664 2.86512e-06 
0.16097 1.668 9.67563e-06 
0.16097 1.672 6.67279e-06 
0.16097 1.676 2.81838e-06 
0.16097 1.68 8.05994e-07 
0.16097 1.684 1.35226e-07 
0.16097 1.688 1.42516e-08 
0.16097 1.692 1.06194e-09 
0.16297 1.664 8.25349e-07 
0.16297 1.668 6.50641e-06 
0.16297 1.672 5.20367e-06 
0.16297 1.676 2.39301e-06 
0.16297 1.68 6.57128e-07 
0.16297 1.684 1.26391e-07 
0.16297 1.688 1.45537e-08 
0.16297 1.692 1.04176e-09 
0.16497 1.664 1.67789e-07 
0.16497 1.668 3.85026e-06 
0.16497 1.672 3.97965e-06 
0.16497 1.676 1.88035e-06 
0.16497 1.68 5.80807e-07 
0.16497 1.684 1.03058e-07 
0.16497 1.688 1.28641e-08 
0.16497 1.692 9.88451e-10 
0.16697 1.664 8.3818e-09 
0.16697 1.668 2.09464e-06 
0.16697 1.672 3.276e-06 
0.16697 1.676 1.62138e-06 
0.16697 1.68 4.87257e-07 
0.16697 1.684 9.99489e-08 
0.16697 1.688 1.24861e-08 
0.16697 1.692 9.87528e-10 
0.16897 1.664 6.59072e-10 
0.16897 1.668 8.54344e-07 
0.16897 1.672 2.16536e-06 
0.16897 1.676 1.2155e-06 
0.16897 1.68 4.12648e-07 
0.16897 1.684 8.36332e-08 
0.16897 1.688 1.06006e-08 
0.16897 1.692 9.68336e-10 
0.17097 1.668 2.61107e-07 
0.17097 1.672 1.6649e-06 
0.17097 1.676 1.02142e-06 
0.17097 1.68 3.54096e-07 
0.17097 1.684 7.82529e-08 
0.17097 1.688 1.0225e-08 
0.17097 1.692 8.32274e-10 
0.17297 1.668 4.00863e-08 
0.17297 1.672 9.67333e-07 
0.17297 1.676 7.82301e-07 
0.17297 1.68 3.0342e-07 
0.17297 1.684 6.54778e-08 
0.17297 1.688 9.5282e-09 
0.17297 1.692 8.6056e-10 
0.17497 1.668 3.89026e-09 
0.17497 1.672 5.2713e-07 
0.17497 1.676 6.27766e-07 
0.17497 1.68 2.41504e-07 
0.17497 1.684 5.84291e-08 
0.17497 1.688 8.9483e-09 
0.17497 1.692 8.21279e-10 
0.17697 1.672 1.58544e-07 
0.17697 1.676 3.86272e-07 
0.17697 1.68 1.6706e-07 
0.17697 1.684 4.22398e-08 
0.17697 1.688 6.49453e-09 
0.17697 1.692 6.80008e-10 
0.17897 1.672 3.79767e-08 
0.17897 1.676 2.58733e-07 
0.17897 1.68 1.2718e-07 
0.17897 1.684 3.51419e-08 
0.17897 1.688 5.7522e-09 
0.17897 1.692 6.03822e-10 
0.18097 1.672 6.44373e-09 
0.18097 1.676 1.49726e-07 
0.18097 1.68 9.87972e-08 
0.18097 1.684 2.87804e-08 
0.18097 1.688 5.10282e-09 
0.18097 1.692 5.52074e-10 
0.18297 1.672 5.83732e-10 
0.18297 1.676 7.39439e-08 
0.18297 1.68 7.74104e-08 
0.18297 1.684 2.32456e-08 
0.18297 1.688 4.31076e-09 
0.18297 1.692 5.10831e-10 
0.18497 1.676 2.60324e-08 
0.18497 1.68 5.48939e-08 
0.18497 1.684 1.76917e-08 
0.18497 1.688 3.44872e-09 
0.18497 1.692 4.2629e-10 
0.18697 1.676 8.19792e-09 
0.18697 1.68 3.65461e-08 
0.18697 1.684 1.42125e-08 
0.18697 1.688 2.8312e-09 
0.18697 1.692 3.82404e-10 
0.18897 1.676 1.0638e-09 
0.18897 1.68 2.10189e-08 
0.18897 1.684 1.09969e-08 
0.18897 1.688 2.37703e-09 
0.18897 1.692 3.15131e-10 
0.19097 1.676 1.00224e-10 
0.19097 1.68 9.95471e-09 
0.19097 1.684 8.17313e-09 
0.19097 1.688 1.87713e-09 
0.19097 1.692 2.68335e-10 
0.19297 1.68 4.07535e-09 
0.19297 1.684 5.96913e-09 
0.19297 1.688 1.52534e-09 
0.19297 1.692 2.21107e-10 
0.19497 1.68 1.01685e-09 
0.19497 1.684 3.83796e-09 
0.19497 1.688 1.10582e-09 
0.19497 1.692 1.70391e-10 
0.19697 1.68 1.66693e-10 
0.19697 1.684 2.29409e-09 
0.19697 1.688 9.01096e-10 
0.19697 1.692 1.35996e-10 
0.19897 1.684 9.43814e-10 
0.19897 1.688 6.22455e-10 
0.19897 1.692 1.04461e-10 
0.20097 1.684 3.6488e-10 
0.20097 1.688 4.52874e-10 
0.20297 1.688 2.92268e-10 
0.20497 1.688 1.54533e-10 
