#logTeff PDF
3.571 1.93331e-08
3.572 1.63529e-07
3.573 9.67833e-07
3.574 4.48886e-06
3.575 1.67824e-05
3.576 5.24162e-05
3.577 0.000146048
3.578 0.000358066
3.579 0.000824285
3.58 0.00173376
3.581 0.00341331
3.582 0.00634819
3.583 0.0111107
3.584 0.0180837
3.585 0.0276655
3.586 0.0402109
3.587 0.0545292
3.588 0.0690861
3.589 0.0814244
3.59 0.0916417
3.591 0.0963811
3.592 0.0962334
3.593 0.0902017
3.594 0.0799777
3.595 0.0667836
3.596 0.0527544
3.597 0.0394004
3.598 0.0279314
3.599 0.018395
3.6 0.0116176
3.601 0.00695993
3.602 0.00393536
3.603 0.00210325
3.604 0.000674663
