#logTeff PDF
3.574 0.000175771
3.575 0.000548137
3.576 0.00117315
3.577 0.00238886
3.578 0.00448938
3.579 0.00799138
3.58 0.0131606
3.581 0.020444
3.582 0.0302093
3.583 0.0424632
3.584 0.0556018
3.585 0.0694751
3.586 0.0818022
3.587 0.0908449
3.588 0.0940197
3.589 0.0932695
3.59 0.0886022
3.591 0.0790462
3.592 0.0667849
3.593 0.0524919
3.594 0.0389478
3.595 0.0267823
3.596 0.017121
3.597 0.0103859
3.598 0.00585521
3.599 0.00306525
3.6 0.00156875
3.601 0.000761877
3.602 0.000340588
3.603 0.000134778
3.604 4.31585e-05
3.605 9.70989e-06
3.606 1.45409e-06
3.607 1.12183e-07
