#logTeff PDF
3.574 1.45086e-05
3.575 5.30443e-05
3.576 0.000137549
3.577 0.000333706
3.578 0.000751276
3.579 0.00159434
3.58 0.00314619
3.581 0.00579885
3.582 0.0100795
3.583 0.0165568
3.584 0.0255095
3.585 0.0367119
3.586 0.0500135
3.587 0.0643573
3.588 0.0771746
3.589 0.087016
3.59 0.0938296
3.591 0.0953646
3.592 0.0917853
3.593 0.083013
3.594 0.0714798
3.595 0.0577056
3.596 0.0434536
3.597 0.0313481
3.598 0.0214585
3.599 0.0134984
3.6 0.00820085
3.601 0.00473443
3.602 0.00256902
3.603 0.00129188
3.604 0.000606567
3.605 0.000267337
3.606 0.000108961
3.607 3.58721e-05
