#logage PDFlogage age(Gyr) PDF
8.95 1.02867e-08 0.891251 5.01257e-09
8.96 1.41733e-08 0.912011 6.74927e-09
8.97 1.98978e-08 0.933255 9.25954e-09
8.98 3.36887e-08 0.954992 1.53204e-08
8.99 5.90124e-08 0.977237 2.62258e-08
9 8.87396e-08 1 3.85391e-08
9.01 1.22298e-07 1.02329 5.19044e-08
9.02 1.77072e-07 1.04713 7.34403e-08
9.03 6.68076e-07 1.07152 2.70776e-07
9.04 1.32306e-05 1.09648 5.24038e-06
9.05 3.99787e-05 1.12202 1.54744e-05
9.06 7.7195e-05 1.14815 2.91994e-05
9.07 0.000118824 1.1749 4.39226e-05
9.08 0.000153942 1.20226 5.56084e-05
9.09 0.00018597 1.23027 6.56488e-05
9.1 0.000224684 1.25893 7.75097e-05
9.11 0.000264723 1.28825 8.92435e-05
9.12 0.00030965 1.31826 0.000102013
9.13 0.000363778 1.34896 0.000117117
9.14 0.000436023 1.38038 0.000137181
9.15 0.000516674 1.41254 0.000158855
9.16 0.000606101 1.44544 0.000182108
9.17 0.000710716 1.47911 0.00020868
9.18 0.000828153 1.51356 0.000237626
9.19 0.000966628 1.54882 0.000271047
9.2 0.00110838 1.58489 0.000303719
9.21 0.00125409 1.62181 0.000335824
9.22 0.00139207 1.65959 0.000364287
9.23 0.00153228 1.69824 0.000391853
9.24 0.0016668 1.7378 0.00041655
9.25 0.00182311 1.77828 0.000445242
9.26 0.00199469 1.8197 0.000476059
9.27 0.00217689 1.86209 0.000507714
9.28 0.00240836 1.90546 0.000548915
9.29 0.00266366 1.94984 0.000593285
9.3 0.00293752 1.99526 0.000639389
9.31 0.00319762 2.04174 0.000680162
9.32 0.00346627 2.08929 0.000720522
9.33 0.00371739 2.13796 0.000755131
9.34 0.00395352 2.18776 0.000784816
9.35 0.0041511 2.23872 0.000805281
9.36 0.00436949 2.29087 0.000828354
9.37 0.00462274 2.34423 0.000856415
9.38 0.00491369 2.39883 0.000889595
9.39 0.00521303 2.45471 0.000922307
9.4 0.00556262 2.51188 0.000961755
9.41 0.00588823 2.57039 0.000994877
9.42 0.00622564 2.63027 0.00102794
9.43 0.00657878 2.69154 0.00106152
9.44 0.00691526 2.75423 0.00109042
9.45 0.00728391 2.81838 0.0011224
9.46 0.00764318 2.88403 0.00115095
9.47 0.00803627 2.95121 0.0011826
9.48 0.00854299 3.01995 0.00122856
9.49 0.00893432 3.09029 0.00125559
9.5 0.00929741 3.16228 0.00127687
9.51 0.0097346 3.23594 0.00130648
9.52 0.0101373 3.31131 0.00132955
9.53 0.0105268 3.38844 0.00134922
9.54 0.0108719 3.46737 0.00136173
9.55 0.011202 3.54814 0.00137113
9.56 0.0116688 3.63078 0.00139576
9.57 0.0120415 3.71535 0.00140755
9.58 0.0123591 3.80189 0.00141179
9.59 0.0128537 3.89045 0.00143487
9.6 0.0133398 3.98108 0.00145524
9.61 0.0136285 4.0738 0.00145289
9.62 0.0139784 4.16869 0.00145627
9.63 0.0144631 4.2658 0.00147246
9.64 0.0147134 4.36515 0.00146385
9.65 0.0149299 4.46683 0.00145158
9.66 0.0151126 4.57088 0.0014359
9.67 0.0154687 4.67735 0.00143627
9.68 0.0156306 4.7863 0.00141828
9.69 0.0157848 4.89778 0.00139966
9.7 0.0160399 5.01187 0.00138991
9.71 0.0160584 5.12861 0.00135984
9.72 0.0160866 5.24808 0.00133122
9.73 0.0161323 5.37031 0.00130461
9.74 0.0164026 5.49541 0.00129627
9.75 0.016773 5.62341 0.00129537
9.76 0.0167326 5.7544 0.00126284
9.77 0.0165379 5.88844 0.00121973
9.78 0.0165925 6.02559 0.0011959
9.79 0.0166804 6.16595 0.00117488
9.8 0.0169205 6.30958 0.00116465
9.81 0.0168312 6.45653 0.00113214
9.82 0.0164492 6.60693 0.00108126
9.83 0.0161723 6.76083 0.00103886
9.84 0.0159363 6.91831 0.0010004
9.85 0.0158189 7.07946 0.000970418
9.86 0.0156739 7.24435 0.000939642
9.87 0.0155421 7.4131 0.000910528
9.88 0.0152655 7.58578 0.000873969
9.89 0.0151295 7.76246 0.000846465
9.9 0.0145021 7.94328 0.000792897
9.91 0.0141108 8.1283 0.000753936
9.92 0.0136993 8.31764 0.000715293
9.93 0.0135605 8.51139 0.000691928
9.94 0.0134764 8.70963 0.000671984
9.95 0.0132855 8.91251 0.000647385
9.96 0.0130204 9.12011 0.000620023
9.97 0.0127713 9.33255 0.00059432
9.98 0.0126245 9.54992 0.000574114
9.99 0.0124214 9.77237 0.000552021
10 0.0122503 10 0.000532023
10.01 0.0119995 10.2329 0.00050927
10.02 0.0116524 10.4713 0.00048328
10.03 0.0115071 10.7152 0.000466391
10.04 0.0113595 10.9648 0.000449929
10.05 0.0111306 11.2202 0.000430829
10.06 0.0108124 11.4815 0.000408984
10.07 0.0103818 11.749 0.000383757
10.08 0.00873408 12.0226 0.000315502
10.09 0.00847334 12.3027 0.000299115
10.1 0.00831944 12.5893 0.000286997
10.11 0.00826425 12.8825 0.000278604
10.12 0.00819582 13.1826 0.000270008
10.13 0.00814401 13.4896 0.000262194
10.14 0.00779318 13.8038 0.000245188
