#logage PDFlogage age(Gyr) PDF
8.8 1.08926e-08 0.630958 7.49752e-09
8.81 1.70023e-08 0.645653 1.14365e-08
8.82 2.72171e-08 0.660693 1.78907e-08
8.83 4.05699e-08 0.676083 2.60608e-08
8.84 6.14721e-08 0.691831 3.85889e-08
8.85 8.99849e-08 0.707946 5.52018e-08
8.86 1.34346e-07 0.724435 8.05398e-08
8.87 1.93132e-07 0.74131 1.13146e-07
8.88 2.63089e-07 0.758578 1.50622e-07
8.89 3.51277e-07 0.776246 1.96533e-07
8.9 4.47615e-07 0.794328 2.44731e-07
8.91 5.85588e-07 0.81283 3.12879e-07
8.92 7.32773e-07 0.831764 3.82608e-07
8.93 8.97192e-07 0.851139 4.57793e-07
8.94 1.1072e-06 0.870963 5.52091e-07
8.95 1.55161e-06 0.891251 7.5608e-07
8.96 1.52696e-06 0.912011 7.27131e-07
8.97 2.12558e-06 0.933255 9.89148e-07
8.98 2.32793e-06 0.954992 1.05866e-06
8.99 2.9353e-06 0.977237 1.30448e-06
9 4.59928e-06 1 1.99744e-06
9.01 5.84525e-06 1.02329 2.48077e-06
9.02 7.06965e-06 1.04713 2.93212e-06
9.03 8.77994e-06 1.07152 3.55857e-06
9.04 2.81241e-05 1.09648 1.11394e-05
9.05 9.28392e-05 1.12202 3.59348e-05
9.06 0.000233928 1.14815 8.84843e-05
9.07 0.000483051 1.1749 0.000178557
9.08 0.00074886 1.20226 0.000270511
9.09 0.000958506 1.23027 0.00033836
9.1 0.00114945 1.25893 0.000396528
9.11 0.00131785 1.28825 0.000444274
9.12 0.00148039 1.31826 0.000487709
9.13 0.00165441 1.34896 0.000532631
9.14 0.00187789 1.38038 0.00059082
9.15 0.00216482 1.41254 0.000665589
9.16 0.00245426 1.44544 0.000737402
9.17 0.0027228 1.47911 0.000799465
9.18 0.0029977 1.51356 0.000860147
9.19 0.00334662 1.54882 0.000938408
9.2 0.00371977 1.58489 0.0010193
9.21 0.00411452 1.62181 0.0011018
9.22 0.00449313 1.65959 0.0011758
9.23 0.00487261 1.69824 0.00124608
9.24 0.00522329 1.7378 0.00130535
9.25 0.00556763 1.77828 0.00135974
9.26 0.00584516 1.8197 0.00139502
9.27 0.00606869 1.86209 0.0014154
9.28 0.00645991 1.90546 0.00147235
9.29 0.00692074 1.94984 0.00154148
9.3 0.00735286 1.99526 0.00160044
9.31 0.00781068 2.04174 0.0016614
9.32 0.0082219 2.08929 0.00170906
9.33 0.00865794 2.13796 0.00175873
9.34 0.00903286 2.18776 0.00179312
9.35 0.00944439 2.23872 0.00183214
9.36 0.00984924 2.29087 0.00186718
9.37 0.0101045 2.34423 0.00187197
9.38 0.0103409 2.39883 0.00187215
9.39 0.0106561 2.45471 0.00188532
9.4 0.0110129 2.51188 0.00190408
9.41 0.0113783 2.57039 0.00192248
9.42 0.0116978 2.63027 0.00193147
9.43 0.0120836 2.69154 0.00194976
9.44 0.0123552 2.75423 0.0019482
9.45 0.0126302 2.81838 0.00194623
9.46 0.0129317 2.88403 0.00194734
9.47 0.0132662 2.95121 0.00195223
9.48 0.0136603 3.01995 0.00196447
9.49 0.0140303 3.09029 0.00197174
9.5 0.0141987 3.16228 0.00195
9.51 0.0144573 3.23594 0.00194031
9.52 0.0147588 3.31131 0.00193569
9.53 0.0149745 3.38844 0.00191927
9.54 0.0149475 3.46737 0.0018722
9.55 0.0149503 3.54814 0.00182993
9.56 0.0152674 3.63078 0.0018262
9.57 0.0154793 3.71535 0.00180941
9.58 0.0154675 3.80189 0.00176687
9.59 0.0156159 3.89045 0.00174321
9.6 0.0158327 3.98108 0.00172719
9.61 0.0158172 4.0738 0.00168622
9.62 0.0157813 4.16869 0.0016441
9.63 0.0160444 4.2658 0.00163346
9.64 0.015945 4.36515 0.00158639
9.65 0.0157767 4.46683 0.00153392
9.66 0.0154747 4.57088 0.0014703
9.67 0.0154036 4.67735 0.00143023
9.68 0.015257 4.7863 0.00138437
9.69 0.0152325 4.89778 0.00135069
9.7 0.015171 5.01187 0.00131462
9.71 0.0147651 5.12861 0.00125032
9.72 0.014437 5.24808 0.0011947
9.73 0.014164 5.37031 0.00114544
9.74 0.0141686 5.49541 0.00111973
9.75 0.0142818 5.62341 0.00110298
9.76 0.013985 5.7544 0.00105547
9.77 0.0136692 5.88844 0.00100816
9.78 0.0133239 6.02559 0.000960323
9.79 0.0130922 6.16595 0.000922139
9.8 0.0128844 6.30958 0.000886844
9.81 0.0125391 6.45653 0.000843434
9.82 0.0120524 6.60693 0.000792241
9.83 0.0116523 6.76083 0.000748507
9.84 0.0112553 6.91831 0.000706549
9.85 0.0109229 7.07946 0.000670074
9.86 0.0105677 7.24435 0.000633525
9.87 0.0102203 7.4131 0.000598756
9.88 0.00999759 7.58578 0.000572374
9.89 0.00973774 7.76246 0.000544808
9.9 0.00927243 7.94328 0.000506965
9.91 0.00877631 8.1283 0.000468918
9.92 0.00834092 8.31764 0.00043551
9.93 0.00802426 8.51139 0.000409439
9.94 0.00771661 8.70963 0.000384779
9.95 0.00746862 8.91251 0.000363936
9.96 0.00715188 9.12011 0.000340569
9.97 0.0069302 9.33255 0.0003225
9.98 0.00672507 9.54992 0.000305831
9.99 0.00656292 9.77237 0.000291663
10 0.00640531 10 0.000278179
10.01 0.00620665 10.2329 0.000263415
10.02 0.00595323 10.4713 0.000246909
10.03 0.00573481 10.7152 0.000232436
10.04 0.00558569 10.9648 0.000221239
10.05 0.00545453 11.2202 0.000211126
10.06 0.00531506 11.4815 0.000201045
10.07 0.0051707 11.749 0.000191132
10.08 0.00417695 12.0226 0.000150884
10.09 0.00373154 12.3027 0.000131726
10.1 0.00344172 12.5893 0.00011873
10.11 0.00330515 12.8825 0.000111423
10.12 0.0032176 13.1826 0.000106003
10.13 0.00319982 13.4896 0.000103017
10.14 0.00300557 13.8038 9.45608e-05
