#logage PDFlogage age(Gyr) PDF
9.71 1.50456e-08 5.12861 1.27407e-09
9.72 3.43886e-08 5.24808 2.84576e-09
9.73 7.90675e-08 5.37031 6.39415e-09
9.74 1.7373e-07 5.49541 1.37296e-08
9.75 3.78574e-07 5.62341 2.92371e-08
9.76 8.01954e-07 5.7544 6.05249e-08
9.77 1.65056e-06 5.88844 1.21735e-07
9.78 3.30779e-06 6.02559 2.38409e-07
9.79 6.44561e-06 6.16595 4.53992e-07
9.8 1.25997e-05 6.30958 8.67247e-07
9.81 2.27238e-05 6.45653 1.5285e-06
9.82 4.00242e-05 6.60693 2.63092e-06
9.83 6.32589e-05 6.76083 4.06355e-06
9.84 0.000109656 6.91831 6.88359e-06
9.85 0.000181557 7.07946 1.11377e-05
9.86 0.000289858 7.24435 1.73768e-05
9.87 0.000452348 7.4131 2.65007e-05
9.88 0.000691415 7.58578 3.95843e-05
9.89 0.00102863 7.76246 5.75498e-05
9.9 0.00150587 7.94328 8.23325e-05
9.91 0.00209244 8.1283 0.000111799
9.92 0.00297749 8.31764 0.000155465
9.93 0.00397072 8.51139 0.000202606
9.94 0.0054164 8.70963 0.000270082
9.95 0.00719759 8.91251 0.000350729
9.96 0.00903345 9.12011 0.000430168
9.97 0.011327 9.33255 0.000527106
9.98 0.0141627 9.54992 0.000644066
9.99 0.0177955 9.77237 0.000790853
10 0.0219925 10 0.000955124
10.01 0.0265311 10.2329 0.001126
10.02 0.0315556 10.4713 0.00130876
10.03 0.0371266 10.7152 0.00150477
10.04 0.0431128 10.9648 0.00170762
10.05 0.0486262 11.2202 0.00188215
10.06 0.0535927 11.4815 0.00202717
10.07 0.0595186 11.749 0.00220008
10.08 0.0623615 12.0226 0.00225269
10.09 0.0685251 12.3027 0.00241899
10.1 0.0763791 12.5893 0.00263486
10.11 0.084955 12.8825 0.002864
10.12 0.0934688 13.1826 0.00307929
10.13 0.102342 13.4896 0.00329486
10.14 0.111528 13.8038 0.00350889
