#logage PDFlogage age(Gyr) PDF
9.04 9.21384e-08 1.09648 3.64943e-08
9.05 9.14853e-06 1.12202 3.54108e-06
9.06 2.30304e-05 1.14815 8.71137e-06
9.07 2.83626e-05 1.1749 1.04841e-05
9.08 3.80004e-05 1.20226 1.37269e-05
9.09 4.9564e-05 1.23027 1.74965e-05
9.1 6.40825e-05 1.25893 2.21067e-05
9.11 8.01091e-05 1.28825 2.70064e-05
9.12 0.000100235 1.31826 3.30219e-05
9.13 0.000125253 1.34896 4.03247e-05
9.14 0.000157467 1.38038 4.95422e-05
9.15 0.000198682 1.41254 6.10863e-05
9.16 0.000252498 1.44544 7.58651e-05
9.17 0.000323024 1.47911 9.48461e-05
9.18 0.000399127 1.51356 0.000114524
9.19 0.000491144 1.54882 0.000137719
9.2 0.000581757 1.58489 0.000159414
9.21 0.000677205 1.62181 0.000181344
9.22 0.000759705 1.65959 0.000198806
9.23 0.00084823 1.69824 0.000216919
9.24 0.000936008 1.7378 0.000233918
9.25 0.00104749 1.77828 0.000255821
9.26 0.00117411 1.8197 0.000280215
9.27 0.00132972 1.86209 0.00031013
9.28 0.00152207 1.90546 0.000346911
9.29 0.00173653 1.94984 0.000386782
9.3 0.00197736 1.99526 0.000430399
9.31 0.0021903 2.04174 0.000465896
9.32 0.00239692 2.08929 0.00049824
9.33 0.00259354 2.13796 0.000526839
9.34 0.00277161 2.18776 0.000550195
9.35 0.00291246 2.23872 0.000564994
9.36 0.00309642 2.29087 0.000587008
9.37 0.00331757 2.34423 0.000614618
9.38 0.00357602 2.39883 0.000647417
9.39 0.00385172 2.45471 0.000681459
9.4 0.0041818 2.51188 0.000723015
9.41 0.00448 2.57039 0.000756942
9.42 0.00479721 2.63027 0.000792088
9.43 0.00513112 2.69154 0.000827935
9.44 0.0054667 2.75423 0.000862005
9.45 0.00583136 2.81838 0.000898574
9.46 0.00618937 2.88403 0.000932032
9.47 0.00656941 2.95121 0.000966741
9.48 0.00707191 3.01995 0.001017
9.49 0.00745368 3.09029 0.0010475
9.5 0.00782381 3.16228 0.00107449
9.51 0.00831561 3.23594 0.00111604
9.52 0.00874256 3.31131 0.00114663
9.53 0.00917414 3.38844 0.00117584
9.54 0.00960574 3.46737 0.00120314
9.55 0.00999979 3.54814 0.00122398
9.56 0.0104835 3.63078 0.00125398
9.57 0.0109343 3.71535 0.00127813
9.58 0.0113112 3.80189 0.00129209
9.59 0.0118517 3.89045 0.00132301
9.6 0.0124037 3.98108 0.00135312
9.61 0.0127677 4.0738 0.00136112
9.62 0.0132516 4.16869 0.00138055
9.63 0.0137436 4.2658 0.00139921
9.64 0.0141446 4.36515 0.00140727
9.65 0.0145071 4.46683 0.00141048
9.66 0.0148427 4.57088 0.00141025
9.67 0.0153076 4.67735 0.00142132
9.68 0.0154558 4.7863 0.00140241
9.69 0.0156626 4.89778 0.00138883
9.7 0.0159959 5.01187 0.00138609
9.71 0.0161604 5.12861 0.00136847
9.72 0.0163166 5.24808 0.00135025
9.73 0.0165305 5.37031 0.00133681
9.74 0.016838 5.49541 0.00133068
9.75 0.0172566 5.62341 0.00133272
9.76 0.0172978 5.7544 0.00130549
9.77 0.0172689 5.88844 0.00127365
9.78 0.0173956 6.02559 0.00125379
9.79 0.0175054 6.16595 0.00123298
9.8 0.0177965 6.30958 0.00122495
9.81 0.0178051 6.45653 0.00119765
9.82 0.0175826 6.60693 0.00115576
9.83 0.017353 6.76083 0.00111471
9.84 0.0172359 6.91831 0.00108198
9.85 0.0171946 7.07946 0.00105481
9.86 0.0171068 7.24435 0.00102554
9.87 0.0169611 7.4131 0.000993663
9.88 0.0168201 7.58578 0.000962971
9.89 0.0167428 7.76246 0.000936726
9.9 0.0161651 7.94328 0.000883817
9.91 0.0157556 8.1283 0.000841818
9.92 0.0154057 8.31764 0.000804388
9.93 0.0152525 8.51139 0.000778261
9.94 0.0152238 8.70963 0.000759116
9.95 0.0150404 8.91251 0.0007329
9.96 0.0147195 9.12011 0.000700936
9.97 0.0143716 9.33255 0.000668789
9.98 0.014073 9.54992 0.000639985
9.99 0.013829 9.77237 0.000614576
10 0.0136202 10 0.000591516
10.01 0.0133103 10.2329 0.000564903
10.02 0.0130362 10.4713 0.000540673
10.03 0.0128901 10.7152 0.000522445
10.04 0.0127935 10.9648 0.000506726
10.05 0.0125368 11.2202 0.000485258
10.06 0.0119705 11.4815 0.000452789
10.07 0.0114953 11.749 0.000424919
10.08 0.0105164 12.0226 0.000379885
10.09 0.0101716 12.3027 0.000359066
10.1 0.00987357 12.5893 0.00034061
10.11 0.00967941 12.8825 0.000326312
10.12 0.00950952 13.1826 0.000313287
10.13 0.00935672 13.4896 0.000301237
10.14 0.00910114 13.8038 0.000286339
