#logr logg JPDF
1.596 1.2 2.42689e-10 
1.596 1.205 5.82468e-10 
1.596 1.21 9.77059e-10 
1.596 1.215 1.24558e-09 
1.596 1.22 1.46969e-09 
1.596 1.225 1.28513e-09 
1.596 1.23 9.99993e-10 
1.596 1.235 6.48512e-10 
1.596 1.24 4.03011e-10 
1.596 1.245 2.34468e-10 
1.596 1.25 1.34833e-10 
1.6 1.185 4.03662e-10 
1.6 1.19 1.42565e-09 
1.6 1.195 3.76018e-09 
1.6 1.2 8.02456e-09 
1.6 1.205 1.28235e-08 
1.6 1.21 1.72575e-08 
1.6 1.215 2.00402e-08 
1.6 1.22 1.71883e-08 
1.6 1.225 1.33019e-08 
1.6 1.23 9.28512e-09 
1.6 1.235 6.52191e-09 
1.6 1.24 4.33559e-09 
1.6 1.245 2.48916e-09 
1.6 1.25 1.30679e-09 
1.6 1.255 6.02536e-10 
1.6 1.26 2.68008e-10 
1.604 1.17 1.24768e-10 
1.604 1.175 1.14072e-09 
1.604 1.18 4.78144e-09 
1.604 1.185 1.69909e-08 
1.604 1.19 4.4211e-08 
1.604 1.195 8.47848e-08 
1.604 1.2 1.35851e-07 
1.604 1.205 1.79437e-07 
1.604 1.21 1.97672e-07 
1.604 1.215 1.73408e-07 
1.604 1.22 1.41925e-07 
1.604 1.225 1.1241e-07 
1.604 1.23 8.45958e-08 
1.604 1.235 5.80497e-08 
1.604 1.24 3.63051e-08 
1.604 1.245 2.05554e-08 
1.604 1.25 1.02156e-08 
1.604 1.255 5.21995e-09 
1.604 1.26 2.35747e-09 
1.604 1.265 4.43168e-10 
1.608 1.16 1.25822e-10 
1.608 1.165 2.65831e-09 
1.608 1.17 1.13656e-08 
1.608 1.175 4.84475e-08 
1.608 1.18 1.51709e-07 
1.608 1.185 3.67933e-07 
1.608 1.19 6.75721e-07 
1.608 1.195 1.05064e-06 
1.608 1.2 1.37347e-06 
1.608 1.205 1.40182e-06 
1.608 1.21 1.38215e-06 
1.608 1.215 1.24797e-06 
1.608 1.22 1.05396e-06 
1.608 1.225 8.42637e-07 
1.608 1.23 6.09848e-07 
1.608 1.235 4.14458e-07 
1.608 1.24 2.39338e-07 
1.608 1.245 1.41407e-07 
1.608 1.25 7.66001e-08 
1.608 1.255 3.85691e-08 
1.608 1.26 1.73271e-08 
1.608 1.265 3.47075e-09 
1.612 1.155 3.07744e-09 
1.612 1.16 2.02091e-08 
1.612 1.165 8.94238e-08 
1.612 1.17 3.49663e-07 
1.612 1.175 1.08157e-06 
1.612 1.18 2.31714e-06 
1.612 1.185 4.05738e-06 
1.612 1.19 6.38344e-06 
1.612 1.195 7.86939e-06 
1.612 1.2 8.62835e-06 
1.612 1.205 8.7339e-06 
1.612 1.21 8.51897e-06 
1.612 1.215 7.64457e-06 
1.612 1.22 6.51294e-06 
1.612 1.225 4.87936e-06 
1.612 1.23 3.60681e-06 
1.612 1.235 2.347e-06 
1.612 1.24 1.43243e-06 
1.612 1.245 8.74186e-07 
1.612 1.25 4.69815e-07 
1.612 1.255 2.30392e-07 
1.612 1.26 9.59746e-08 
1.612 1.265 1.98799e-08 
1.616 1.15 2.09839e-08 
1.616 1.155 1.27751e-07 
1.616 1.16 5.31904e-07 
1.616 1.165 1.88086e-06 
1.616 1.17 5.10764e-06 
1.616 1.175 1.05501e-05 
1.616 1.18 1.95211e-05 
1.616 1.185 2.89425e-05 
1.616 1.19 3.5243e-05 
1.616 1.195 4.17403e-05 
1.616 1.2 4.50308e-05 
1.616 1.205 4.47346e-05 
1.616 1.21 4.31886e-05 
1.616 1.215 3.7965e-05 
1.616 1.22 3.19736e-05 
1.616 1.225 2.46768e-05 
1.616 1.23 1.72323e-05 
1.616 1.235 1.21841e-05 
1.616 1.24 7.63358e-06 
1.616 1.245 4.37961e-06 
1.616 1.25 2.2526e-06 
1.616 1.255 1.0824e-06 
1.616 1.26 4.84526e-07 
1.616 1.265 1.00971e-07 
1.62 1.145 2.52702e-08 
1.62 1.15 5.68048e-07 
1.62 1.155 2.35712e-06 
1.62 1.16 7.67501e-06 
1.62 1.165 1.96696e-05 
1.62 1.17 3.88244e-05 
1.62 1.175 6.76059e-05 
1.62 1.18 9.62866e-05 
1.62 1.185 0.000123989 
1.62 1.19 0.000155761 
1.62 1.195 0.000172846 
1.62 1.2 0.000183128 
1.62 1.205 0.000179464 
1.62 1.21 0.000180026 
1.62 1.215 0.000164986 
1.62 1.22 0.000128035 
1.62 1.225 0.000103908 
1.62 1.23 7.62416e-05 
1.62 1.235 5.03352e-05 
1.62 1.24 3.18582e-05 
1.62 1.245 1.86345e-05 
1.62 1.25 9.70871e-06 
1.62 1.255 4.54388e-06 
1.62 1.26 1.96049e-06 
1.62 1.265 3.9082e-07 
1.624 1.145 7.06632e-07 
1.624 1.15 7.28485e-06 
1.624 1.155 2.23659e-05 
1.624 1.16 5.26084e-05 
1.624 1.165 0.000104492 
1.624 1.17 0.000172905 
1.624 1.175 0.000255655 
1.624 1.18 0.000352998 
1.624 1.185 0.000447887 
1.624 1.19 0.000522131 
1.624 1.195 0.000575052 
1.624 1.2 0.000633012 
1.624 1.205 0.000665905 
1.624 1.21 0.000634667 
1.624 1.215 0.000549248 
1.624 1.22 0.000456649 
1.624 1.225 0.000363129 
1.624 1.23 0.000265981 
1.624 1.235 0.000176697 
1.624 1.24 0.000111367 
1.624 1.245 6.37594e-05 
1.624 1.25 3.32748e-05 
1.624 1.255 1.57891e-05 
1.624 1.26 7.16888e-06 
1.624 1.265 1.34034e-06 
1.628 1.145 1.05537e-05 
1.628 1.15 4.72968e-05 
1.628 1.155 0.00010997 
1.628 1.16 0.000209716 
1.628 1.165 0.000345487 
1.628 1.17 0.000536726 
1.628 1.175 0.000747818 
1.628 1.18 0.00100606 
1.628 1.185 0.00120839 
1.628 1.19 0.00148513 
1.628 1.195 0.00177073 
1.628 1.2 0.00190852 
1.628 1.205 0.00192266 
1.628 1.21 0.00177393 
1.628 1.215 0.00158418 
1.628 1.22 0.00136745 
1.628 1.225 0.00102464 
1.628 1.23 0.000742227 
1.628 1.235 0.000517281 
1.628 1.24 0.000322651 
1.628 1.245 0.000182737 
1.628 1.25 9.67455e-05 
1.628 1.255 4.6416e-05 
1.628 1.26 1.93102e-05 
1.628 1.265 3.67662e-06 
1.632 1.14 3.57856e-08 
1.632 1.145 5.17405e-05 
1.632 1.15 0.000167151 
1.632 1.155 0.000314428 
1.632 1.16 0.000544126 
1.632 1.165 0.000848154 
1.632 1.17 0.00127709 
1.632 1.175 0.00176908 
1.632 1.18 0.00226758 
1.632 1.185 0.00302641 
1.632 1.19 0.00378093 
1.632 1.195 0.00430602 
1.632 1.2 0.00446912 
1.632 1.205 0.00449357 
1.632 1.21 0.00434593 
1.632 1.215 0.00391487 
1.632 1.22 0.00309066 
1.632 1.225 0.00243397 
1.632 1.23 0.00181345 
1.632 1.235 0.00123969 
1.632 1.24 0.000715006 
1.632 1.245 0.000429371 
1.632 1.25 0.000223032 
1.632 1.255 0.000105003 
1.632 1.26 4.68947e-05 
1.632 1.265 8.16428e-06 
1.636 1.14 7.52911e-06 
1.636 1.145 0.000145227 
1.636 1.15 0.000368682 
1.636 1.155 0.00065073 
1.636 1.16 0.00109539 
1.636 1.165 0.00167812 
1.636 1.17 0.00238565 
1.636 1.175 0.00334583 
1.636 1.18 0.00479794 
1.636 1.185 0.0061043 
1.636 1.19 0.00720974 
1.636 1.195 0.00802359 
1.636 1.2 0.00869943 
1.636 1.205 0.00846657 
1.636 1.21 0.00861716 
1.636 1.215 0.0073302 
1.636 1.22 0.00636665 
1.636 1.225 0.00476917 
1.636 1.23 0.00346922 
1.636 1.235 0.00225647 
1.636 1.24 0.00147212 
1.636 1.245 0.00080858 
1.636 1.25 0.000423514 
1.636 1.255 0.000204781 
1.636 1.26 8.49057e-05 
1.636 1.265 1.57857e-05 
1.64 1.14 2.18677e-05 
1.64 1.145 0.000255975 
1.64 1.15 0.000607619 
1.64 1.155 0.00106114 
1.64 1.16 0.00167831 
1.64 1.165 0.00254229 
1.64 1.17 0.00396822 
1.64 1.175 0.00564805 
1.64 1.18 0.00762224 
1.64 1.185 0.00963822 
1.64 1.19 0.0111316 
1.64 1.195 0.01298 
1.64 1.2 0.0140067 
1.64 1.205 0.0145641 
1.64 1.21 0.0134101 
1.64 1.215 0.0118976 
1.64 1.22 0.0095352 
1.64 1.225 0.00754283 
1.64 1.23 0.00549795 
1.64 1.235 0.00349057 
1.64 1.24 0.00220344 
1.64 1.245 0.00127035 
1.64 1.25 0.000633744 
1.64 1.255 0.000300573 
1.64 1.26 0.000129343 
1.64 1.265 2.55932e-05 
1.644 1.135 1.37416e-08 
1.644 1.14 2.82555e-05 
1.644 1.145 0.000361706 
1.644 1.15 0.000814043 
1.644 1.155 0.00133774 
1.644 1.16 0.00215646 
1.644 1.165 0.00346976 
1.644 1.17 0.00509596 
1.644 1.175 0.00714735 
1.644 1.18 0.00966788 
1.644 1.185 0.0115445 
1.644 1.19 0.0149257 
1.644 1.195 0.0163363 
1.644 1.2 0.0178343 
1.644 1.205 0.018255 
1.644 1.21 0.0169268 
1.644 1.215 0.0148821 
1.644 1.22 0.0126997 
1.644 1.225 0.00943587 
1.644 1.23 0.00679105 
1.644 1.235 0.00461665 
1.644 1.24 0.00270791 
1.644 1.245 0.00151699 
1.644 1.25 0.000792512 
1.644 1.255 0.000378162 
1.644 1.26 0.000156105 
1.644 1.265 3.07081e-05 
1.648 1.135 2.7215e-08 
1.648 1.14 3.17453e-05 
1.648 1.145 0.00036534 
1.648 1.15 0.000796822 
1.648 1.155 0.00139567 
1.648 1.16 0.00228956 
1.648 1.165 0.00363029 
1.648 1.17 0.00530331 
1.648 1.175 0.00747561 
1.648 1.18 0.00971773 
1.648 1.185 0.0129013 
1.648 1.19 0.0152545 
1.648 1.195 0.0172341 
1.648 1.2 0.0184608 
1.648 1.205 0.0186849 
1.648 1.21 0.0172518 
1.648 1.215 0.0153 
1.648 1.22 0.012396 
1.648 1.225 0.00958654 
1.648 1.23 0.00692859 
1.648 1.235 0.00443366 
1.648 1.24 0.00266589 
1.648 1.245 0.00152264 
1.648 1.25 0.00078618 
1.648 1.255 0.000366207 
1.648 1.26 0.000158121 
1.648 1.265 2.9806e-05 
1.652 1.135 3.89052e-08 
1.652 1.14 2.64379e-05 
1.652 1.145 0.000307614 
1.652 1.15 0.000682793 
1.652 1.155 0.00118723 
1.652 1.16 0.00190312 
1.652 1.165 0.00289906 
1.652 1.17 0.00436621 
1.652 1.175 0.00577979 
1.652 1.18 0.00862374 
1.652 1.185 0.010658 
1.652 1.19 0.0125818 
1.652 1.195 0.0141253 
1.652 1.2 0.0154044 
1.652 1.205 0.0150188 
1.652 1.21 0.0142991 
1.652 1.215 0.0124198 
1.652 1.22 0.0102137 
1.652 1.225 0.00784051 
1.652 1.23 0.00527323 
1.652 1.235 0.0036141 
1.652 1.24 0.00214125 
1.652 1.245 0.00118961 
1.652 1.25 0.000615103 
1.652 1.255 0.000286859 
1.652 1.26 0.000127039 
1.652 1.265 2.31931e-05 
1.656 1.135 1.9259e-08 
1.656 1.14 1.69941e-05 
1.656 1.145 0.00019994 
1.656 1.15 0.000456222 
1.656 1.155 0.000802126 
1.656 1.16 0.00129481 
1.656 1.165 0.00190848 
1.656 1.17 0.00289303 
1.656 1.175 0.0043634 
1.656 1.18 0.00561153 
1.656 1.185 0.00675333 
1.656 1.19 0.008349 
1.656 1.195 0.00945919 
1.656 1.2 0.0100312 
1.656 1.205 0.00975526 
1.656 1.21 0.00924964 
1.656 1.215 0.00796341 
1.656 1.22 0.00654318 
1.656 1.225 0.00486183 
1.656 1.23 0.00357124 
1.656 1.235 0.00227619 
1.656 1.24 0.00134244 
1.656 1.245 0.000772681 
1.656 1.25 0.000388645 
1.656 1.255 0.000181882 
1.656 1.26 7.89728e-05 
1.656 1.265 1.38901e-05 
1.66 1.135 1.30609e-08 
1.66 1.14 7.49488e-06 
1.66 1.145 0.000111877 
1.66 1.15 0.00024938 
1.66 1.155 0.000397261 
1.66 1.16 0.000666955 
1.66 1.165 0.00105646 
1.66 1.17 0.00155916 
1.66 1.175 0.00216563 
1.66 1.18 0.00274321 
1.66 1.185 0.00384998 
1.66 1.19 0.00443017 
1.66 1.195 0.00467979 
1.66 1.2 0.00522538 
1.66 1.205 0.00515262 
1.66 1.21 0.00461052 
1.66 1.215 0.00414605 
1.66 1.22 0.003424 
1.66 1.225 0.0025375 
1.66 1.23 0.00168191 
1.66 1.235 0.00115148 
1.66 1.24 0.000677574 
1.66 1.245 0.000370756 
1.66 1.25 0.000191517 
1.66 1.255 9.19509e-05 
1.66 1.26 3.78573e-05 
1.66 1.265 6.99536e-06 
1.664 1.135 3.76174e-09 
1.664 1.14 4.11827e-06 
1.664 1.145 4.66361e-05 
1.664 1.15 9.8012e-05 
1.664 1.155 0.000176966 
1.664 1.16 0.000282769 
1.664 1.165 0.00043726 
1.664 1.17 0.000619864 
1.664 1.175 0.000900177 
1.664 1.18 0.00123456 
1.664 1.185 0.00146121 
1.664 1.19 0.00175474 
1.664 1.195 0.00198861 
1.664 1.2 0.00207941 
1.664 1.205 0.0020529 
1.664 1.21 0.00192252 
1.664 1.215 0.00163975 
1.664 1.22 0.00136069 
1.664 1.225 0.00097977 
1.664 1.23 0.000684503 
1.664 1.235 0.000442346 
1.664 1.24 0.000263232 
1.664 1.245 0.000146777 
1.664 1.25 7.58045e-05 
1.664 1.255 3.49995e-05 
1.664 1.26 1.48957e-05 
1.664 1.265 2.8364e-06 
1.668 1.135 1.81719e-09 
1.668 1.14 1.24671e-06 
1.668 1.145 1.39016e-05 
1.668 1.15 3.36163e-05 
1.668 1.155 5.64638e-05 
1.668 1.16 9.08287e-05 
1.668 1.165 0.000137513 
1.668 1.17 0.000213219 
1.668 1.175 0.000294429 
1.668 1.18 0.000370071 
1.668 1.185 0.000487401 
1.668 1.19 0.000562381 
1.668 1.195 0.000607607 
1.668 1.2 0.000673223 
1.668 1.205 0.000642377 
1.668 1.21 0.000622181 
1.668 1.215 0.000524048 
1.668 1.22 0.000407743 
1.668 1.225 0.000308357 
1.668 1.23 0.000209379 
1.668 1.235 0.000132362 
1.668 1.24 8.10725e-05 
1.668 1.245 4.51544e-05 
1.668 1.25 2.30142e-05 
1.668 1.255 1.07086e-05 
1.668 1.26 4.37364e-06 
1.668 1.265 8.46575e-07 
1.672 1.135 3.41498e-10 
1.672 1.14 2.53118e-07 
1.672 1.145 4.01182e-06 
1.672 1.15 8.64576e-06 
1.672 1.155 1.44952e-05 
1.672 1.16 2.26941e-05 
1.672 1.165 3.65429e-05 
1.672 1.17 4.97496e-05 
1.672 1.175 7.30993e-05 
1.672 1.18 9.59271e-05 
1.672 1.185 0.000116783 
1.672 1.19 0.000141115 
1.672 1.195 0.0001537 
1.672 1.2 0.000161917 
1.672 1.205 0.000160359 
1.672 1.21 0.000146116 
1.672 1.215 0.000120976 
1.672 1.22 0.000101581 
1.672 1.225 7.05545e-05 
1.672 1.23 5.01122e-05 
1.672 1.235 3.24091e-05 
1.672 1.24 1.91399e-05 
1.672 1.245 1.04818e-05 
1.672 1.25 5.26403e-06 
1.672 1.255 2.44929e-06 
1.672 1.26 1.01382e-06 
1.672 1.265 1.75767e-07 
1.676 1.14 5.08196e-08 
1.676 1.145 7.59349e-07 
1.676 1.15 1.67594e-06 
1.676 1.155 2.77904e-06 
1.676 1.16 4.5133e-06 
1.676 1.165 6.56845e-06 
1.676 1.17 1.02117e-05 
1.676 1.175 1.35331e-05 
1.676 1.18 1.72126e-05 
1.676 1.185 2.25799e-05 
1.676 1.19 2.5516e-05 
1.676 1.195 2.95689e-05 
1.676 1.2 3.01483e-05 
1.676 1.205 2.9266e-05 
1.676 1.21 2.7589e-05 
1.676 1.215 2.26477e-05 
1.676 1.22 1.80685e-05 
1.676 1.225 1.33489e-05 
1.676 1.23 9.07825e-06 
1.676 1.235 5.90163e-06 
1.676 1.24 3.48496e-06 
1.676 1.245 1.92268e-06 
1.676 1.25 1.00737e-06 
1.676 1.255 4.32797e-07 
1.676 1.26 1.82428e-07 
1.676 1.265 3.28375e-08 
1.68 1.14 8.50194e-09 
1.68 1.145 1.16677e-07 
1.68 1.15 2.40777e-07 
1.68 1.155 4.11306e-07 
1.68 1.16 6.45725e-07 
1.68 1.165 1.03846e-06 
1.68 1.17 1.4059e-06 
1.68 1.175 2.05951e-06 
1.68 1.18 2.62209e-06 
1.68 1.185 3.24983e-06 
1.68 1.19 3.80322e-06 
1.68 1.195 4.18679e-06 
1.68 1.2 4.33424e-06 
1.68 1.205 4.27486e-06 
1.68 1.21 3.777e-06 
1.68 1.215 3.26335e-06 
1.68 1.22 2.53638e-06 
1.68 1.225 1.89181e-06 
1.68 1.23 1.28039e-06 
1.68 1.235 8.1964e-07 
1.68 1.24 4.93887e-07 
1.68 1.245 2.6969e-07 
1.68 1.25 1.24908e-07 
1.68 1.255 6.03933e-08 
1.68 1.26 2.36545e-08 
1.68 1.265 4.81946e-09 
1.684 1.14 1.05431e-09 
1.684 1.145 1.21894e-08 
1.684 1.15 2.74657e-08 
1.684 1.155 4.60585e-08 
1.684 1.16 7.54464e-08 
1.684 1.165 1.1125e-07 
1.684 1.17 1.69589e-07 
1.684 1.175 2.25691e-07 
1.684 1.18 2.92728e-07 
1.684 1.185 3.53943e-07 
1.684 1.19 4.26008e-07 
1.684 1.195 4.74847e-07 
1.684 1.2 4.68078e-07 
1.684 1.205 4.53832e-07 
1.684 1.21 4.12926e-07 
1.684 1.215 3.66294e-07 
1.684 1.22 2.63752e-07 
1.684 1.225 1.94249e-07 
1.684 1.23 1.35809e-07 
1.684 1.235 8.88792e-08 
1.684 1.24 5.14445e-08 
1.684 1.245 2.72714e-08 
1.684 1.25 1.3476e-08 
1.684 1.255 6.0045e-09 
1.684 1.26 2.47599e-09 
1.684 1.265 4.74671e-10 
1.688 1.145 1.10705e-09 
1.688 1.15 2.37016e-09 
1.688 1.155 3.83406e-09 
1.688 1.16 6.42886e-09 
1.688 1.165 9.40849e-09 
1.688 1.17 1.44655e-08 
1.688 1.175 1.87715e-08 
1.688 1.18 2.37118e-08 
1.688 1.185 3.00573e-08 
1.688 1.19 3.57312e-08 
1.688 1.195 3.75111e-08 
1.688 1.2 3.88071e-08 
1.688 1.205 3.57973e-08 
1.688 1.21 3.42462e-08 
1.688 1.215 2.91897e-08 
1.688 1.22 2.10236e-08 
1.688 1.225 1.65324e-08 
1.688 1.23 1.07221e-08 
1.688 1.235 6.89638e-09 
1.688 1.24 4.00257e-09 
1.688 1.245 2.07529e-09 
1.688 1.25 1.0419e-09 
1.688 1.255 4.80526e-10 
1.688 1.26 1.99663e-10 
1.692 1.15 1.49852e-10 
1.692 1.155 2.61075e-10 
1.692 1.16 3.95048e-10 
1.692 1.165 6.21493e-10 
1.692 1.17 8.47069e-10 
1.692 1.175 1.15535e-09 
1.692 1.18 1.55094e-09 
1.692 1.185 1.82368e-09 
1.692 1.19 2.15416e-09 
1.692 1.195 2.39379e-09 
1.692 1.2 2.24648e-09 
1.692 1.205 2.36074e-09 
1.692 1.21 1.97844e-09 
1.692 1.215 1.70109e-09 
1.692 1.22 1.29433e-09 
1.692 1.225 9.97526e-10 
1.692 1.23 6.64481e-10 
1.692 1.235 4.18231e-10 
1.692 1.24 2.24869e-10 
1.692 1.245 1.2545e-10 
1.696 1.195 1.13029e-10 
1.696 1.2 1.11162e-10 
1.696 1.205 1.07313e-10 
