#logr logg JPDF
1.588 1.205 1.95369e-10 
1.588 1.21 2.74686e-10 
1.588 1.215 2.84729e-10 
1.588 1.22 2.69952e-10 
1.588 1.225 2.2761e-10 
1.588 1.23 1.76037e-10 
1.588 1.235 1.24771e-10 
1.592 1.185 1.37296e-10 
1.592 1.19 5.52719e-10 
1.592 1.195 1.49993e-09 
1.592 1.2 2.69185e-09 
1.592 1.205 3.39701e-09 
1.592 1.21 3.61594e-09 
1.592 1.215 3.52638e-09 
1.592 1.22 3.05196e-09 
1.592 1.225 2.52236e-09 
1.592 1.23 1.88488e-09 
1.592 1.235 1.30529e-09 
1.592 1.24 8.39429e-10 
1.592 1.245 4.83562e-10 
1.592 1.25 2.68419e-10 
1.592 1.255 1.41349e-10 
1.596 1.175 4.17088e-10 
1.596 1.18 2.28616e-09 
1.596 1.185 7.2508e-09 
1.596 1.19 1.69047e-08 
1.596 1.195 2.58265e-08 
1.596 1.2 3.1419e-08 
1.596 1.205 3.66759e-08 
1.596 1.21 3.72261e-08 
1.596 1.215 3.46323e-08 
1.596 1.22 2.90948e-08 
1.596 1.225 2.34283e-08 
1.596 1.23 1.80821e-08 
1.596 1.235 1.15703e-08 
1.596 1.24 7.72625e-09 
1.596 1.245 4.7555e-09 
1.596 1.25 2.54666e-09 
1.596 1.255 1.27662e-09 
1.596 1.26 5.91385e-10 
1.596 1.265 2.35506e-10 
1.6 1.165 6.66937e-10 
1.6 1.17 4.69544e-09 
1.6 1.175 2.13935e-08 
1.6 1.18 7.10006e-08 
1.6 1.185 1.37005e-07 
1.6 1.19 1.95635e-07 
1.6 1.195 2.47482e-07 
1.6 1.2 2.8206e-07 
1.6 1.205 2.97258e-07 
1.6 1.21 2.9639e-07 
1.6 1.215 2.70915e-07 
1.6 1.22 2.3686e-07 
1.6 1.225 1.81039e-07 
1.6 1.23 1.31972e-07 
1.6 1.235 9.91947e-08 
1.6 1.24 6.11594e-08 
1.6 1.245 3.60479e-08 
1.6 1.25 1.98085e-08 
1.6 1.255 1.01085e-08 
1.6 1.26 4.55936e-09 
1.6 1.265 1.99091e-09 
1.6 1.27 3.38967e-10 
1.604 1.155 7.50022e-10 
1.604 1.16 9.25381e-09 
1.604 1.165 4.94662e-08 
1.604 1.17 1.87135e-07 
1.604 1.175 4.54388e-07 
1.604 1.18 7.69271e-07 
1.604 1.185 1.14198e-06 
1.604 1.19 1.5138e-06 
1.604 1.195 1.8407e-06 
1.604 1.2 1.96417e-06 
1.604 1.205 2.06648e-06 
1.604 1.21 2.06845e-06 
1.604 1.215 1.83158e-06 
1.604 1.22 1.47735e-06 
1.604 1.225 1.27856e-06 
1.604 1.23 9.35762e-07 
1.604 1.235 6.0642e-07 
1.604 1.24 3.99936e-07 
1.604 1.245 2.43609e-07 
1.604 1.25 1.32352e-07 
1.604 1.255 6.5916e-08 
1.604 1.26 3.155e-08 
1.604 1.265 1.29157e-08 
1.604 1.27 2.34981e-09 
1.608 1.15 1.44105e-09 
1.608 1.155 6.91159e-08 
1.608 1.16 3.05506e-07 
1.608 1.165 1.07765e-06 
1.608 1.17 2.17052e-06 
1.608 1.175 3.45508e-06 
1.608 1.18 5.2911e-06 
1.608 1.185 7.47261e-06 
1.608 1.19 8.89228e-06 
1.608 1.195 1.05678e-05 
1.608 1.2 1.13999e-05 
1.608 1.205 1.21194e-05 
1.608 1.21 1.08223e-05 
1.608 1.215 1.03318e-05 
1.608 1.22 8.79611e-06 
1.608 1.225 6.94899e-06 
1.608 1.23 5.21117e-06 
1.608 1.235 3.46487e-06 
1.608 1.24 2.32758e-06 
1.608 1.245 1.38199e-06 
1.608 1.25 7.79433e-07 
1.608 1.255 3.86862e-07 
1.608 1.26 1.75961e-07 
1.608 1.265 7.03528e-08 
1.608 1.27 1.3174e-08 
1.612 1.15 1.98338e-07 
1.612 1.155 1.62021e-06 
1.612 1.16 4.00519e-06 
1.612 1.165 7.64707e-06 
1.612 1.17 1.2388e-05 
1.612 1.175 1.97889e-05 
1.612 1.18 2.75149e-05 
1.612 1.185 3.53434e-05 
1.612 1.19 4.38613e-05 
1.612 1.195 5.08162e-05 
1.612 1.2 5.63623e-05 
1.612 1.205 5.65511e-05 
1.612 1.21 5.60707e-05 
1.612 1.215 4.91094e-05 
1.612 1.22 4.26376e-05 
1.612 1.225 3.26109e-05 
1.612 1.23 2.4885e-05 
1.612 1.235 1.77466e-05 
1.612 1.24 1.07619e-05 
1.612 1.245 6.69154e-06 
1.612 1.25 3.62134e-06 
1.612 1.255 1.79953e-06 
1.612 1.26 8.31853e-07 
1.612 1.265 3.50927e-07 
1.612 1.27 5.44746e-08 
1.616 1.15 3.80473e-06 
1.616 1.155 1.11539e-05 
1.616 1.16 2.08502e-05 
1.616 1.165 3.67465e-05 
1.616 1.17 5.78165e-05 
1.616 1.175 8.13016e-05 
1.616 1.18 0.000112055 
1.616 1.185 0.000147589 
1.616 1.19 0.000177588 
1.616 1.195 0.000203646 
1.616 1.2 0.000222768 
1.616 1.205 0.000231692 
1.616 1.21 0.000215717 
1.616 1.215 0.000198703 
1.616 1.22 0.000167385 
1.616 1.225 0.000136095 
1.616 1.23 9.80089e-05 
1.616 1.235 6.82804e-05 
1.616 1.24 4.35834e-05 
1.616 1.245 2.604e-05 
1.616 1.25 1.42115e-05 
1.616 1.255 7.29902e-06 
1.616 1.26 3.26752e-06 
1.616 1.265 1.36213e-06 
1.616 1.27 2.50421e-07 
1.62 1.145 2.46018e-07 
1.62 1.15 1.9161e-05 
1.62 1.155 4.72601e-05 
1.62 1.16 8.19001e-05 
1.62 1.165 0.00012878 
1.62 1.17 0.000195384 
1.62 1.175 0.000284375 
1.62 1.18 0.000390644 
1.62 1.185 0.000482003 
1.62 1.19 0.000582118 
1.62 1.195 0.000679242 
1.62 1.2 0.000756207 
1.62 1.205 0.000747665 
1.62 1.21 0.000726364 
1.62 1.215 0.000683575 
1.62 1.22 0.000555347 
1.62 1.225 0.000435453 
1.62 1.23 0.000330764 
1.62 1.235 0.000219115 
1.62 1.24 0.000144014 
1.62 1.245 8.62703e-05 
1.62 1.25 4.74124e-05 
1.62 1.255 2.27631e-05 
1.62 1.26 1.06018e-05 
1.62 1.265 4.38933e-06 
1.62 1.27 7.564e-07 
1.624 1.145 3.47421e-06 
1.624 1.15 6.27908e-05 
1.624 1.155 0.000144003 
1.624 1.16 0.000229569 
1.624 1.165 0.000367553 
1.624 1.17 0.000563432 
1.624 1.175 0.000789431 
1.624 1.18 0.00107883 
1.624 1.185 0.00133867 
1.624 1.19 0.00161051 
1.624 1.195 0.00189944 
1.624 1.2 0.00200854 
1.624 1.205 0.00214135 
1.624 1.21 0.00210228 
1.624 1.215 0.00174547 
1.624 1.22 0.00153791 
1.624 1.225 0.00125391 
1.624 1.23 0.000900916 
1.624 1.235 0.000619172 
1.624 1.24 0.00040632 
1.624 1.245 0.000230156 
1.624 1.25 0.000123965 
1.624 1.255 6.35851e-05 
1.624 1.26 2.86069e-05 
1.624 1.265 1.18678e-05 
1.624 1.27 1.86709e-06 
1.628 1.145 1.11441e-05 
1.628 1.15 0.000155424 
1.628 1.155 0.000335184 
1.628 1.16 0.000567086 
1.628 1.165 0.000859609 
1.628 1.17 0.00123776 
1.628 1.175 0.00174144 
1.628 1.18 0.00234915 
1.628 1.185 0.00308779 
1.628 1.19 0.00379662 
1.628 1.195 0.0043988 
1.628 1.2 0.00484095 
1.628 1.205 0.00495378 
1.628 1.21 0.00442564 
1.628 1.215 0.00426078 
1.628 1.22 0.00356745 
1.628 1.225 0.00272472 
1.628 1.23 0.00205811 
1.628 1.235 0.00142079 
1.628 1.24 0.000893477 
1.628 1.245 0.000525162 
1.628 1.25 0.000291929 
1.628 1.255 0.000137453 
1.628 1.26 6.48286e-05 
1.628 1.265 2.60713e-05 
1.628 1.27 4.67701e-06 
1.632 1.14 9.20525e-10 
1.632 1.145 2.30915e-05 
1.632 1.15 0.000308598 
1.632 1.155 0.00066158 
1.632 1.16 0.00106962 
1.632 1.165 0.00154396 
1.632 1.17 0.00234354 
1.632 1.175 0.00333375 
1.632 1.18 0.00449863 
1.632 1.185 0.0061331 
1.632 1.19 0.0073548 
1.632 1.195 0.00837582 
1.632 1.2 0.00884282 
1.632 1.205 0.00909598 
1.632 1.21 0.00889888 
1.632 1.215 0.00787962 
1.632 1.22 0.00677508 
1.632 1.225 0.00549625 
1.632 1.23 0.00398132 
1.632 1.235 0.00273512 
1.632 1.24 0.00168483 
1.632 1.245 0.00100545 
1.632 1.25 0.000512349 
1.632 1.255 0.000256144 
1.632 1.26 0.000119244 
1.632 1.265 4.73703e-05 
1.632 1.27 7.84263e-06 
1.636 1.14 3.87637e-08 
1.636 1.145 3.80238e-05 
1.636 1.15 0.000475571 
1.636 1.155 0.00104735 
1.636 1.16 0.00165747 
1.636 1.165 0.00234075 
1.636 1.17 0.00366684 
1.636 1.175 0.00539135 
1.636 1.18 0.00755305 
1.636 1.185 0.00923697 
1.636 1.19 0.0111062 
1.636 1.195 0.0128172 
1.636 1.2 0.0139026 
1.636 1.205 0.0142868 
1.636 1.21 0.0140055 
1.636 1.215 0.0126282 
1.636 1.22 0.0103123 
1.636 1.225 0.00804696 
1.636 1.23 0.00595505 
1.636 1.235 0.0041099 
1.636 1.24 0.00251181 
1.636 1.245 0.00144117 
1.636 1.25 0.000793427 
1.636 1.255 0.000385261 
1.636 1.26 0.000174124 
1.636 1.265 7.0266e-05 
1.636 1.27 1.22412e-05 
1.64 1.14 3.85262e-08 
1.64 1.145 4.70749e-05 
1.64 1.15 0.000603935 
1.64 1.155 0.00126902 
1.64 1.16 0.00200121 
1.64 1.165 0.00315287 
1.64 1.17 0.00464365 
1.64 1.175 0.00681418 
1.64 1.18 0.00889557 
1.64 1.185 0.0116497 
1.64 1.19 0.0142304 
1.64 1.195 0.0164543 
1.64 1.2 0.0181372 
1.64 1.205 0.0180033 
1.64 1.21 0.0165957 
1.64 1.215 0.0151005 
1.64 1.22 0.0128763 
1.64 1.225 0.0102503 
1.64 1.23 0.0072203 
1.64 1.235 0.00486304 
1.64 1.24 0.00305991 
1.64 1.245 0.001776 
1.64 1.25 0.000951518 
1.64 1.255 0.000461361 
1.64 1.26 0.000207374 
1.64 1.265 8.58892e-05 
1.64 1.27 1.40286e-05 
1.644 1.14 3.55703e-08 
1.644 1.145 4.55181e-05 
1.644 1.15 0.000605265 
1.644 1.155 0.00132163 
1.644 1.16 0.00219697 
1.644 1.165 0.00314824 
1.644 1.17 0.00486075 
1.644 1.175 0.00670266 
1.644 1.18 0.00944049 
1.644 1.185 0.0122098 
1.644 1.19 0.014578 
1.644 1.195 0.0165619 
1.644 1.2 0.0175534 
1.644 1.205 0.0175083 
1.644 1.21 0.0173059 
1.644 1.215 0.0158314 
1.644 1.22 0.0132073 
1.644 1.225 0.00990355 
1.644 1.23 0.0071853 
1.644 1.235 0.00480131 
1.644 1.24 0.00300413 
1.644 1.245 0.00177099 
1.644 1.25 0.000925173 
1.644 1.255 0.000457382 
1.644 1.26 0.000208868 
1.644 1.265 8.13153e-05 
1.644 1.27 1.31267e-05 
1.648 1.14 3.87576e-08 
1.648 1.145 4.06346e-05 
1.648 1.15 0.000525753 
1.648 1.155 0.00108929 
1.648 1.16 0.00166119 
1.648 1.165 0.00268053 
1.648 1.17 0.00402616 
1.648 1.175 0.00595762 
1.648 1.18 0.00788151 
1.648 1.185 0.00985408 
1.648 1.19 0.0121187 
1.648 1.195 0.0134276 
1.648 1.2 0.0142269 
1.648 1.205 0.0151127 
1.648 1.21 0.0142554 
1.648 1.215 0.0125127 
1.648 1.22 0.0100137 
1.648 1.225 0.00800648 
1.648 1.23 0.00571921 
1.648 1.235 0.00381489 
1.648 1.24 0.00239297 
1.648 1.245 0.00135755 
1.648 1.25 0.00076213 
1.648 1.255 0.000344977 
1.648 1.26 0.000156022 
1.648 1.265 6.20483e-05 
1.648 1.27 1.07064e-05 
1.652 1.14 2.63662e-08 
1.652 1.145 2.81991e-05 
1.652 1.15 0.000345276 
1.652 1.155 0.000713125 
1.652 1.16 0.00113969 
1.652 1.165 0.00185372 
1.652 1.17 0.00278298 
1.652 1.175 0.00372206 
1.652 1.18 0.00520703 
1.652 1.185 0.00663123 
1.652 1.19 0.00767388 
1.652 1.195 0.00878832 
1.652 1.2 0.00973671 
1.652 1.205 0.00950403 
1.652 1.21 0.00903779 
1.652 1.215 0.00778579 
1.652 1.22 0.00662721 
1.652 1.225 0.00507843 
1.652 1.23 0.00360659 
1.652 1.235 0.00244948 
1.652 1.24 0.00149794 
1.652 1.245 0.000871259 
1.652 1.25 0.00044627 
1.652 1.255 0.000226167 
1.652 1.26 9.69004e-05 
1.652 1.265 3.89123e-05 
1.652 1.27 6.15314e-06 
1.656 1.14 6.08677e-09 
1.656 1.145 1.37394e-05 
1.656 1.15 0.000179159 
1.656 1.155 0.000381858 
1.656 1.16 0.000602706 
1.656 1.165 0.000940646 
1.656 1.17 0.0014289 
1.656 1.175 0.00204983 
1.656 1.18 0.00267 
1.656 1.185 0.00335983 
1.656 1.19 0.00407056 
1.656 1.195 0.00457733 
1.656 1.2 0.00480428 
1.656 1.205 0.00484942 
1.656 1.21 0.00481461 
1.656 1.215 0.00408687 
1.656 1.22 0.00327751 
1.656 1.225 0.00251156 
1.656 1.23 0.00184569 
1.656 1.235 0.00121286 
1.656 1.24 0.000760567 
1.656 1.245 0.000422964 
1.656 1.25 0.000229177 
1.656 1.255 0.000108837 
1.656 1.26 4.76907e-05 
1.656 1.265 1.86201e-05 
1.656 1.27 3.10316e-06 
1.66 1.145 7.26395e-06 
1.66 1.15 7.69084e-05 
1.66 1.155 0.000157755 
1.66 1.16 0.000267305 
1.66 1.165 0.000403707 
1.66 1.17 0.000589301 
1.66 1.175 0.000830018 
1.66 1.18 0.00110176 
1.66 1.185 0.00142398 
1.66 1.19 0.0016372 
1.66 1.195 0.00185922 
1.66 1.2 0.00199804 
1.66 1.205 0.00202183 
1.66 1.21 0.00186009 
1.66 1.215 0.00168434 
1.66 1.22 0.00129185 
1.66 1.225 0.00100504 
1.66 1.23 0.000740359 
1.66 1.235 0.00047404 
1.66 1.24 0.000294214 
1.66 1.245 0.000171075 
1.66 1.25 8.91206e-05 
1.66 1.255 4.29677e-05 
1.66 1.26 1.86545e-05 
1.66 1.265 7.18004e-06 
1.66 1.27 1.20983e-06 
1.664 1.145 2.15214e-06 
1.664 1.15 2.44261e-05 
1.664 1.155 5.53693e-05 
1.664 1.16 8.45649e-05 
1.664 1.165 0.000130809 
1.664 1.17 0.000195332 
1.664 1.175 0.000272305 
1.664 1.18 0.000372321 
1.664 1.185 0.000444475 
1.664 1.19 0.00053888 
1.664 1.195 0.000610558 
1.664 1.2 0.000657767 
1.664 1.205 0.000625332 
1.664 1.21 0.000597474 
1.664 1.215 0.000500916 
1.664 1.22 0.000418919 
1.664 1.225 0.000327993 
1.664 1.23 0.000215423 
1.664 1.235 0.000150871 
1.664 1.24 9.07016e-05 
1.664 1.245 5.17463e-05 
1.664 1.25 2.74924e-05 
1.664 1.255 1.27252e-05 
1.664 1.26 5.66094e-06 
1.664 1.265 2.14202e-06 
1.664 1.27 3.41659e-07 
1.668 1.145 5.19248e-07 
1.668 1.15 6.86647e-06 
1.668 1.155 1.35158e-05 
1.668 1.16 2.32274e-05 
1.668 1.165 3.37485e-05 
1.668 1.17 5.14387e-05 
1.668 1.175 6.92212e-05 
1.668 1.18 9.21213e-05 
1.668 1.185 0.000113744 
1.668 1.19 0.000139665 
1.668 1.195 0.000151079 
1.668 1.2 0.000161106 
1.668 1.205 0.00015607 
1.668 1.21 0.000148585 
1.668 1.215 0.00012753 
1.668 1.22 0.000101508 
1.668 1.225 7.65643e-05 
1.668 1.23 5.44833e-05 
1.668 1.235 3.52913e-05 
1.668 1.24 2.26659e-05 
1.668 1.245 1.237e-05 
1.668 1.25 6.63725e-06 
1.668 1.255 3.09533e-06 
1.668 1.26 1.28598e-06 
1.668 1.265 5.27035e-07 
1.668 1.27 8.21197e-08 
1.672 1.145 1.06159e-07 
1.672 1.15 1.30141e-06 
1.672 1.155 2.83063e-06 
1.672 1.16 4.5221e-06 
1.672 1.165 6.92263e-06 
1.672 1.17 9.4552e-06 
1.672 1.175 1.396e-05 
1.672 1.18 1.81923e-05 
1.672 1.185 2.17691e-05 
1.672 1.19 2.74129e-05 
1.672 1.195 2.86318e-05 
1.672 1.2 3.14756e-05 
1.672 1.205 3.00844e-05 
1.672 1.21 2.82373e-05 
1.672 1.215 2.41389e-05 
1.672 1.22 1.92941e-05 
1.672 1.225 1.42381e-05 
1.672 1.23 1.00891e-05 
1.672 1.235 6.78446e-06 
1.672 1.24 4.08011e-06 
1.672 1.245 2.34387e-06 
1.672 1.25 1.20893e-06 
1.672 1.255 5.5835e-07 
1.672 1.26 2.42903e-07 
1.672 1.265 9.18646e-08 
1.672 1.27 1.57675e-08 
1.676 1.145 1.9519e-08 
1.676 1.15 2.05686e-07 
1.676 1.155 4.3254e-07 
1.676 1.16 6.80218e-07 
1.676 1.165 1.0092e-06 
1.676 1.17 1.5323e-06 
1.676 1.175 2.04601e-06 
1.676 1.18 2.68112e-06 
1.676 1.185 3.43551e-06 
1.676 1.19 3.91031e-06 
1.676 1.195 4.31651e-06 
1.676 1.2 4.55588e-06 
1.676 1.205 4.36692e-06 
1.676 1.21 4.063e-06 
1.676 1.215 3.44248e-06 
1.676 1.22 2.84271e-06 
1.676 1.225 2.06156e-06 
1.676 1.23 1.56672e-06 
1.676 1.235 9.52469e-07 
1.676 1.24 5.72745e-07 
1.676 1.245 3.3172e-07 
1.676 1.25 1.6439e-07 
1.676 1.255 7.69744e-08 
1.676 1.26 3.48743e-08 
1.676 1.265 1.30492e-08 
1.676 1.27 2.09345e-09 
1.68 1.145 2.23776e-09 
1.68 1.15 2.35889e-08 
1.68 1.155 5.00168e-08 
1.68 1.16 8.06432e-08 
1.68 1.165 1.19963e-07 
1.68 1.17 1.70911e-07 
1.68 1.175 2.39405e-07 
1.68 1.18 3.09004e-07 
1.68 1.185 3.85812e-07 
1.68 1.19 4.5434e-07 
1.68 1.195 5.07081e-07 
1.68 1.2 5.25237e-07 
1.68 1.205 4.95094e-07 
1.68 1.21 4.52275e-07 
1.68 1.215 3.98576e-07 
1.68 1.22 2.93441e-07 
1.68 1.225 2.35544e-07 
1.68 1.23 1.64657e-07 
1.68 1.235 1.03834e-07 
1.68 1.24 6.63682e-08 
1.68 1.245 3.64698e-08 
1.68 1.25 1.78399e-08 
1.68 1.255 8.35041e-09 
1.68 1.26 3.67925e-09 
1.68 1.265 1.44185e-09 
1.68 1.27 2.17272e-10 
1.684 1.145 1.80223e-10 
1.684 1.15 2.18038e-09 
1.684 1.155 4.56054e-09 
1.684 1.16 7.02914e-09 
1.684 1.165 1.0599e-08 
1.684 1.17 1.53888e-08 
1.684 1.175 2.06927e-08 
1.684 1.18 2.83238e-08 
1.684 1.185 3.39866e-08 
1.684 1.19 3.9286e-08 
1.684 1.195 4.32088e-08 
1.684 1.2 4.4822e-08 
1.684 1.205 4.19434e-08 
1.684 1.21 3.8946e-08 
1.684 1.215 3.31691e-08 
1.684 1.22 2.59141e-08 
1.684 1.225 1.98764e-08 
1.684 1.23 1.34177e-08 
1.684 1.235 9.08263e-09 
1.684 1.24 5.17163e-09 
1.684 1.245 2.91249e-09 
1.684 1.25 1.47019e-09 
1.684 1.255 6.81726e-10 
1.684 1.26 2.90264e-10 
1.684 1.265 1.19845e-10 
1.688 1.15 1.46176e-10 
1.688 1.155 2.98228e-10 
1.688 1.16 4.73402e-10 
1.688 1.165 6.96544e-10 
1.688 1.17 1.00311e-09 
1.688 1.175 1.35853e-09 
1.688 1.18 1.8657e-09 
1.688 1.185 2.2872e-09 
1.688 1.19 2.58226e-09 
1.688 1.195 2.77277e-09 
1.688 1.2 2.88055e-09 
1.688 1.205 2.71861e-09 
1.688 1.21 2.45062e-09 
1.688 1.215 2.02464e-09 
1.688 1.22 1.73262e-09 
1.688 1.225 1.23068e-09 
1.688 1.23 8.74389e-10 
1.688 1.235 5.67873e-10 
1.688 1.24 3.25329e-10 
1.688 1.245 1.76129e-10 
1.692 1.185 1.06731e-10 
1.692 1.19 1.27296e-10 
1.692 1.195 1.37671e-10 
1.692 1.2 1.3991e-10 
1.692 1.205 1.30216e-10 
1.692 1.21 1.19662e-10 
1.692 1.215 1.02481e-10 
