#logr logg JPDF
1.592 1.22 1.20715e-10 
1.592 1.225 1.58354e-10 
1.592 1.23 1.71814e-10 
1.592 1.235 1.29335e-10 
1.596 1.205 3.52894e-10 
1.596 1.21 1.17622e-09 
1.596 1.215 2.01666e-09 
1.596 1.22 2.69288e-09 
1.596 1.225 2.50166e-09 
1.596 1.23 1.9883e-09 
1.596 1.235 1.38777e-09 
1.596 1.24 9.06939e-10 
1.596 1.245 5.70392e-10 
1.596 1.25 3.23298e-10 
1.596 1.255 1.70443e-10 
1.6 1.195 1.33754e-09 
1.6 1.2 6.75781e-09 
1.6 1.205 1.63617e-08 
1.6 1.21 2.56095e-08 
1.6 1.215 3.06657e-08 
1.6 1.22 3.04598e-08 
1.6 1.225 2.47293e-08 
1.6 1.23 1.85447e-08 
1.6 1.235 1.29898e-08 
1.6 1.24 8.5849e-09 
1.6 1.245 5.4658e-09 
1.6 1.25 3.0607e-09 
1.6 1.255 1.62198e-09 
1.6 1.26 6.68315e-10 
1.604 1.185 2.96621e-09 
1.604 1.19 2.4867e-08 
1.604 1.195 8.058e-08 
1.604 1.2 1.53772e-07 
1.604 1.205 2.62956e-07 
1.604 1.21 2.79516e-07 
1.604 1.215 2.65196e-07 
1.604 1.22 2.33141e-07 
1.604 1.225 1.94372e-07 
1.604 1.23 1.49501e-07 
1.604 1.235 1.07846e-07 
1.604 1.24 6.95169e-08 
1.604 1.245 4.2397e-08 
1.604 1.25 2.45305e-08 
1.604 1.255 1.29331e-08 
1.604 1.26 6.11564e-09 
1.604 1.265 6.82278e-10 
1.608 1.175 3.77278e-09 
1.608 1.18 5.51701e-08 
1.608 1.185 2.38844e-07 
1.608 1.19 6.68529e-07 
1.608 1.195 1.19673e-06 
1.608 1.2 1.66681e-06 
1.608 1.205 1.88297e-06 
1.608 1.21 1.89788e-06 
1.608 1.215 1.83301e-06 
1.608 1.22 1.5556e-06 
1.608 1.225 1.30809e-06 
1.608 1.23 1.02568e-06 
1.608 1.235 7.1144e-07 
1.608 1.24 4.82256e-07 
1.608 1.245 2.9554e-07 
1.608 1.25 1.84402e-07 
1.608 1.255 9.5995e-08 
1.608 1.26 4.0141e-08 
1.608 1.265 4.69464e-09 
1.612 1.165 8.94459e-10 
1.612 1.17 7.09675e-08 
1.612 1.175 5.06792e-07 
1.612 1.18 1.65362e-06 
1.612 1.185 3.69322e-06 
1.612 1.19 6.53417e-06 
1.612 1.195 8.97474e-06 
1.612 1.2 1.00201e-05 
1.612 1.205 1.06238e-05 
1.612 1.21 1.09489e-05 
1.612 1.215 1.02102e-05 
1.612 1.22 9.22655e-06 
1.612 1.225 7.37919e-06 
1.612 1.23 5.59397e-06 
1.612 1.235 4.06898e-06 
1.612 1.24 2.86436e-06 
1.612 1.245 1.828e-06 
1.612 1.25 1.0967e-06 
1.612 1.255 5.48616e-07 
1.612 1.26 2.37267e-07 
1.612 1.265 2.96937e-08 
1.616 1.155 6.6836e-10 
1.616 1.16 2.42918e-08 
1.616 1.165 6.24962e-07 
1.616 1.17 2.68788e-06 
1.616 1.175 7.83325e-06 
1.616 1.18 1.6825e-05 
1.616 1.185 2.76969e-05 
1.616 1.19 3.46791e-05 
1.616 1.195 4.21495e-05 
1.616 1.2 4.86577e-05 
1.616 1.205 5.2044e-05 
1.616 1.21 5.10199e-05 
1.616 1.215 4.85618e-05 
1.616 1.22 4.22953e-05 
1.616 1.225 3.62764e-05 
1.616 1.23 2.80956e-05 
1.616 1.235 2.18402e-05 
1.616 1.24 1.52539e-05 
1.616 1.245 9.06999e-06 
1.616 1.25 5.04341e-06 
1.616 1.255 2.73301e-06 
1.616 1.26 1.20068e-06 
1.616 1.265 1.22184e-07 
1.616 1.27 5.35828e-10 
1.62 1.15 5.93817e-09 
1.62 1.155 4.03187e-07 
1.62 1.16 3.3529e-06 
1.62 1.165 1.02817e-05 
1.62 1.17 2.64144e-05 
1.62 1.175 5.37968e-05 
1.62 1.18 7.80806e-05 
1.62 1.185 0.000108773 
1.62 1.19 0.000144063 
1.62 1.195 0.000168474 
1.62 1.2 0.000188132 
1.62 1.205 0.000196976 
1.62 1.21 0.00020753 
1.62 1.215 0.000193051 
1.62 1.22 0.000171406 
1.62 1.225 0.000153184 
1.62 1.23 0.000123306 
1.62 1.235 8.98979e-05 
1.62 1.24 5.8442e-05 
1.62 1.245 3.64714e-05 
1.62 1.25 2.15876e-05 
1.62 1.255 1.15166e-05 
1.62 1.26 4.95241e-06 
1.62 1.265 5.73406e-07 
1.62 1.27 1.89744e-09 
1.624 1.145 1.012e-07 
1.624 1.15 2.03426e-06 
1.624 1.155 9.43127e-06 
1.624 1.16 2.86482e-05 
1.624 1.165 6.24236e-05 
1.624 1.17 0.000112486 
1.624 1.175 0.000188878 
1.624 1.18 0.000273087 
1.624 1.185 0.000363356 
1.624 1.19 0.000459602 
1.624 1.195 0.000541934 
1.624 1.2 0.000614546 
1.624 1.205 0.000667163 
1.624 1.21 0.000685666 
1.624 1.215 0.000652613 
1.624 1.22 0.000618638 
1.624 1.225 0.000518789 
1.624 1.23 0.000415052 
1.624 1.235 0.000304557 
1.624 1.24 0.000205136 
1.624 1.245 0.000129673 
1.624 1.25 7.40135e-05 
1.624 1.255 3.9429e-05 
1.624 1.26 1.72355e-05 
1.624 1.265 1.70594e-06 
1.624 1.27 3.09334e-09 
1.628 1.145 4.08271e-06 
1.628 1.15 1.89134e-05 
1.628 1.155 5.1436e-05 
1.628 1.16 0.000100349 
1.628 1.165 0.00019359 
1.628 1.17 0.000345643 
1.628 1.175 0.000525157 
1.628 1.18 0.000729273 
1.628 1.185 0.000960362 
1.628 1.19 0.00121221 
1.628 1.195 0.00148876 
1.628 1.2 0.00169354 
1.628 1.205 0.00185226 
1.628 1.21 0.00192474 
1.628 1.215 0.00186685 
1.628 1.22 0.00164789 
1.628 1.225 0.00148949 
1.628 1.23 0.00116415 
1.628 1.235 0.000875644 
1.628 1.24 0.000590682 
1.628 1.245 0.000378143 
1.628 1.25 0.000214233 
1.628 1.255 0.000119036 
1.628 1.26 4.80563e-05 
1.628 1.265 4.92932e-06 
1.628 1.27 6.66314e-09 
1.632 1.14 3.20956e-07 
1.632 1.145 2.20411e-05 
1.632 1.15 6.10694e-05 
1.632 1.155 0.00013252 
1.632 1.16 0.000273969 
1.632 1.165 0.000499806 
1.632 1.17 0.000781514 
1.632 1.175 0.0011569 
1.632 1.18 0.00159884 
1.632 1.185 0.00215934 
1.632 1.19 0.00275319 
1.632 1.195 0.00343235 
1.632 1.2 0.00403925 
1.632 1.205 0.00434944 
1.632 1.21 0.00455454 
1.632 1.215 0.00464006 
1.632 1.22 0.00415606 
1.632 1.225 0.00356586 
1.632 1.23 0.00274845 
1.632 1.235 0.00213338 
1.632 1.24 0.00135446 
1.632 1.245 0.000883113 
1.632 1.25 0.000503792 
1.632 1.255 0.00026297 
1.632 1.26 0.000114957 
1.632 1.265 1.17445e-05 
1.632 1.27 1.22158e-08 
1.636 1.14 4.50578e-06 
1.636 1.145 5.55077e-05 
1.636 1.15 0.000152118 
1.636 1.155 0.000316052 
1.636 1.16 0.000570298 
1.636 1.165 0.000903883 
1.636 1.17 0.00138191 
1.636 1.175 0.00208229 
1.636 1.18 0.0029551 
1.636 1.185 0.0040295 
1.636 1.19 0.00530653 
1.636 1.195 0.00655064 
1.636 1.2 0.00757259 
1.636 1.205 0.00844253 
1.636 1.21 0.00920649 
1.636 1.215 0.00884979 
1.636 1.22 0.00804137 
1.636 1.225 0.00675987 
1.636 1.23 0.00551981 
1.636 1.235 0.00398776 
1.636 1.24 0.00278959 
1.636 1.245 0.00175408 
1.636 1.25 0.000954328 
1.636 1.255 0.000515697 
1.636 1.26 0.000209428 
1.636 1.265 1.87125e-05 
1.636 1.27 4.57013e-08 
1.64 1.14 1.17539e-05 
1.64 1.145 0.000118237 
1.64 1.15 0.000271262 
1.64 1.155 0.000487266 
1.64 1.16 0.000816672 
1.64 1.165 0.00134511 
1.64 1.17 0.00210468 
1.64 1.175 0.00315872 
1.64 1.18 0.00467277 
1.64 1.185 0.00629046 
1.64 1.19 0.00838981 
1.64 1.195 0.0100446 
1.64 1.2 0.012607 
1.64 1.205 0.0139819 
1.64 1.21 0.014396 
1.64 1.215 0.0140036 
1.64 1.22 0.0123348 
1.64 1.225 0.0109686 
1.64 1.23 0.00858572 
1.64 1.235 0.00630752 
1.64 1.24 0.00417781 
1.64 1.245 0.00261373 
1.64 1.25 0.00151601 
1.64 1.255 0.000783192 
1.64 1.26 0.000317929 
1.64 1.265 3.08285e-05 
1.64 1.27 3.7477e-08 
1.644 1.135 8.02211e-08 
1.644 1.14 2.24346e-05 
1.644 1.145 0.000164041 
1.644 1.15 0.000325006 
1.644 1.155 0.00057132 
1.644 1.16 0.000995236 
1.644 1.165 0.00161445 
1.644 1.17 0.00263038 
1.644 1.175 0.00391036 
1.644 1.18 0.00561148 
1.644 1.185 0.00803619 
1.644 1.19 0.0107757 
1.644 1.195 0.0137283 
1.644 1.2 0.0160579 
1.644 1.205 0.0177159 
1.644 1.21 0.0180345 
1.644 1.215 0.0179226 
1.644 1.22 0.0166747 
1.644 1.225 0.014199 
1.644 1.23 0.0107211 
1.644 1.235 0.00811102 
1.644 1.24 0.00530879 
1.644 1.245 0.00322239 
1.644 1.25 0.00187471 
1.644 1.255 0.000966453 
1.644 1.26 0.000396849 
1.644 1.265 3.35249e-05 
1.644 1.27 5.14229e-08 
1.648 1.135 8.77258e-08 
1.648 1.14 2.30791e-05 
1.648 1.145 0.000153284 
1.648 1.15 0.000304779 
1.648 1.155 0.00058001 
1.648 1.16 0.00097274 
1.648 1.165 0.00164158 
1.648 1.17 0.00255682 
1.648 1.175 0.00402664 
1.648 1.18 0.0060211 
1.648 1.185 0.00863647 
1.648 1.19 0.0115129 
1.648 1.195 0.0136703 
1.648 1.2 0.0166711 
1.648 1.205 0.0184018 
1.648 1.21 0.0189767 
1.648 1.215 0.0190846 
1.648 1.22 0.0164858 
1.648 1.225 0.0140737 
1.648 1.23 0.0111057 
1.648 1.235 0.00818272 
1.648 1.24 0.00521925 
1.648 1.245 0.00326299 
1.648 1.25 0.0018412 
1.648 1.255 0.000956527 
1.648 1.26 0.00039737 
1.648 1.265 3.62237e-05 
1.648 1.27 5.26199e-08 
1.652 1.135 7.88358e-08 
1.652 1.14 2.06156e-05 
1.652 1.145 0.000122849 
1.652 1.15 0.000245133 
1.652 1.155 0.000448616 
1.652 1.16 0.000786941 
1.652 1.165 0.00129668 
1.652 1.17 0.00215465 
1.652 1.175 0.00347552 
1.652 1.18 0.00522832 
1.652 1.185 0.00710753 
1.652 1.19 0.00927027 
1.652 1.195 0.0115281 
1.652 1.2 0.0136479 
1.652 1.205 0.0152869 
1.652 1.21 0.0157274 
1.652 1.215 0.0150428 
1.652 1.22 0.0139774 
1.652 1.225 0.0116185 
1.652 1.23 0.0088806 
1.652 1.235 0.00633151 
1.652 1.24 0.0042328 
1.652 1.245 0.00262742 
1.652 1.25 0.00145667 
1.652 1.255 0.00077922 
1.652 1.26 0.000325763 
1.652 1.265 3.01327e-05 
1.652 1.27 7.15552e-08 
1.656 1.135 9.99208e-08 
1.656 1.14 1.36851e-05 
1.656 1.145 7.57206e-05 
1.656 1.15 0.000156205 
1.656 1.155 0.000286403 
1.656 1.16 0.000517273 
1.656 1.165 0.00088868 
1.656 1.17 0.00147753 
1.656 1.175 0.0023428 
1.656 1.18 0.00342085 
1.656 1.185 0.00465734 
1.656 1.19 0.00607594 
1.656 1.195 0.00782736 
1.656 1.2 0.0090349 
1.656 1.205 0.00973738 
1.656 1.21 0.0100764 
1.656 1.215 0.0102297 
1.656 1.22 0.00884498 
1.656 1.225 0.0074093 
1.656 1.23 0.00568506 
1.656 1.235 0.00409187 
1.656 1.24 0.00268324 
1.656 1.245 0.00167947 
1.656 1.25 0.000965972 
1.656 1.255 0.000500249 
1.656 1.26 0.000207195 
1.656 1.265 1.62835e-05 
1.656 1.27 2.33089e-08 
1.66 1.135 4.50591e-08 
1.66 1.14 7.09447e-06 
1.66 1.145 3.91643e-05 
1.66 1.15 7.99704e-05 
1.66 1.155 0.00014679 
1.66 1.16 0.000265411 
1.66 1.165 0.000469941 
1.66 1.17 0.000760897 
1.66 1.175 0.00118798 
1.66 1.18 0.00173824 
1.66 1.185 0.00249456 
1.66 1.19 0.00323769 
1.66 1.195 0.00399828 
1.66 1.2 0.00469276 
1.66 1.205 0.00513151 
1.66 1.21 0.00547094 
1.66 1.215 0.00505851 
1.66 1.22 0.00448805 
1.66 1.225 0.00379804 
1.66 1.23 0.00283769 
1.66 1.235 0.00209936 
1.66 1.24 0.00140993 
1.66 1.245 0.000867078 
1.66 1.25 0.000490559 
1.66 1.255 0.000251226 
1.66 1.26 0.000102772 
1.66 1.265 8.18194e-06 
1.66 1.27 1.00613e-08 
1.664 1.135 1.70417e-08 
1.664 1.14 2.94822e-06 
1.664 1.145 1.58658e-05 
1.664 1.15 3.20358e-05 
1.664 1.155 6.22452e-05 
1.664 1.16 0.000109176 
1.664 1.165 0.000192747 
1.664 1.17 0.000307916 
1.664 1.175 0.000503746 
1.664 1.18 0.000728393 
1.664 1.185 0.00102101 
1.664 1.19 0.00133109 
1.664 1.195 0.00163949 
1.664 1.2 0.00188198 
1.664 1.205 0.00210508 
1.664 1.21 0.00212708 
1.664 1.215 0.00204446 
1.664 1.22 0.00183901 
1.664 1.225 0.00149312 
1.664 1.23 0.00119242 
1.664 1.235 0.00085543 
1.664 1.24 0.000560467 
1.664 1.245 0.000335165 
1.664 1.25 0.000194018 
1.664 1.255 0.000100972 
1.664 1.26 4.1794e-05 
1.664 1.265 3.39102e-06 
1.664 1.27 3.5848e-09 
1.668 1.135 8.10388e-09 
1.668 1.14 9.77719e-07 
1.668 1.145 5.09565e-06 
1.668 1.15 1.05378e-05 
1.668 1.155 2.0228e-05 
1.668 1.16 3.65795e-05 
1.668 1.165 6.38753e-05 
1.668 1.17 0.000104065 
1.668 1.175 0.000165422 
1.668 1.18 0.00023425 
1.668 1.185 0.000327282 
1.668 1.19 0.000426228 
1.668 1.195 0.000511651 
1.668 1.2 0.000612362 
1.668 1.205 0.000658297 
1.668 1.21 0.000690426 
1.668 1.215 0.000644183 
1.668 1.22 0.000574424 
1.668 1.225 0.000487012 
1.668 1.23 0.000361068 
1.668 1.235 0.000264986 
1.668 1.24 0.000176284 
1.668 1.245 0.00011002 
1.668 1.25 6.07346e-05 
1.668 1.255 3.14816e-05 
1.668 1.26 1.25529e-05 
1.668 1.265 9.4231e-07 
1.668 1.27 1.80715e-09 
1.672 1.135 1.5757e-09 
1.672 1.14 2.28087e-07 
1.672 1.145 1.31782e-06 
1.672 1.15 2.71646e-06 
1.672 1.155 5.30291e-06 
1.672 1.16 9.31585e-06 
1.672 1.165 1.62074e-05 
1.672 1.17 2.65425e-05 
1.672 1.175 4.01755e-05 
1.672 1.18 5.77255e-05 
1.672 1.185 7.94494e-05 
1.672 1.19 0.000104841 
1.672 1.195 0.000132571 
1.672 1.2 0.000145668 
1.672 1.205 0.000166613 
1.672 1.21 0.000167585 
1.672 1.215 0.000155786 
1.672 1.22 0.000143703 
1.672 1.225 0.00011585 
1.672 1.23 9.12793e-05 
1.672 1.235 6.45007e-05 
1.672 1.24 4.23825e-05 
1.672 1.245 2.61387e-05 
1.672 1.25 1.45835e-05 
1.672 1.255 7.73661e-06 
1.672 1.26 3.08356e-06 
1.672 1.265 2.28752e-07 
1.672 1.27 3.04003e-10 
1.676 1.135 2.7748e-10 
1.676 1.14 4.65763e-08 
1.676 1.145 2.67459e-07 
1.676 1.15 5.42235e-07 
1.676 1.155 1.01132e-06 
1.676 1.16 1.85269e-06 
1.676 1.165 3.07805e-06 
1.676 1.17 5.02047e-06 
1.676 1.175 7.69686e-06 
1.676 1.18 1.08778e-05 
1.676 1.185 1.57054e-05 
1.676 1.19 2.00101e-05 
1.676 1.195 2.47649e-05 
1.676 1.2 2.88771e-05 
1.676 1.205 3.12153e-05 
1.676 1.21 3.21997e-05 
1.676 1.215 3.016e-05 
1.676 1.22 2.72613e-05 
1.676 1.225 2.2452e-05 
1.676 1.23 1.67685e-05 
1.676 1.235 1.23306e-05 
1.676 1.24 8.13328e-06 
1.676 1.245 5.02441e-06 
1.676 1.25 2.83776e-06 
1.676 1.255 1.41762e-06 
1.676 1.26 5.39885e-07 
1.676 1.265 3.92574e-08 
1.68 1.14 7.37626e-09 
1.68 1.145 4.04684e-08 
1.68 1.15 7.78203e-08 
1.68 1.155 1.52957e-07 
1.68 1.16 2.72551e-07 
1.68 1.165 4.72737e-07 
1.68 1.17 7.40268e-07 
1.68 1.175 1.13796e-06 
1.68 1.18 1.68849e-06 
1.68 1.185 2.26724e-06 
1.68 1.19 2.98418e-06 
1.68 1.195 3.71056e-06 
1.68 1.2 4.27856e-06 
1.68 1.205 4.51697e-06 
1.68 1.21 4.70461e-06 
1.68 1.215 4.59897e-06 
1.68 1.22 3.93354e-06 
1.68 1.225 3.11935e-06 
1.68 1.23 2.44928e-06 
1.68 1.235 1.72441e-06 
1.68 1.24 1.15241e-06 
1.68 1.245 7.41316e-07 
1.68 1.25 3.92781e-07 
1.68 1.255 1.98866e-07 
1.68 1.26 7.47719e-08 
1.68 1.265 6.60795e-09 
1.684 1.14 8.89856e-10 
1.684 1.145 4.42336e-09 
1.684 1.15 9.60772e-09 
1.684 1.155 1.73662e-08 
1.684 1.16 3.07478e-08 
1.684 1.165 5.21519e-08 
1.684 1.17 8.78475e-08 
1.684 1.175 1.32012e-07 
1.684 1.18 1.88164e-07 
1.684 1.185 2.60058e-07 
1.684 1.19 3.35109e-07 
1.684 1.195 4.09493e-07 
1.684 1.2 4.69328e-07 
1.684 1.205 5.24046e-07 
1.684 1.21 5.12373e-07 
1.684 1.215 4.99363e-07 
1.684 1.22 4.42592e-07 
1.684 1.225 3.48679e-07 
1.684 1.23 2.57535e-07 
1.684 1.235 1.94687e-07 
1.684 1.24 1.30569e-07 
1.684 1.245 7.4064e-08 
1.684 1.25 4.21274e-08 
1.684 1.255 2.14036e-08 
1.684 1.26 8.23503e-09 
1.684 1.265 6.52053e-10 
1.688 1.145 3.92589e-10 
1.688 1.15 7.97375e-10 
1.688 1.155 1.42627e-09 
1.688 1.16 2.7259e-09 
1.688 1.165 4.71016e-09 
1.688 1.17 7.45842e-09 
1.688 1.175 1.14956e-08 
1.688 1.18 1.53035e-08 
1.688 1.185 2.17658e-08 
1.688 1.19 2.87832e-08 
1.688 1.195 3.46483e-08 
1.688 1.2 4.01415e-08 
1.688 1.205 4.26401e-08 
1.688 1.21 4.51799e-08 
1.688 1.215 4.13588e-08 
1.688 1.22 3.39232e-08 
1.688 1.225 2.93095e-08 
1.688 1.23 2.16741e-08 
1.688 1.235 1.61868e-08 
1.688 1.24 1.02248e-08 
1.688 1.245 6.02811e-09 
1.688 1.25 3.48043e-09 
1.688 1.255 1.70076e-09 
1.688 1.26 6.49454e-10 
1.692 1.16 1.73551e-10 
1.692 1.165 2.93007e-10 
1.692 1.17 4.76808e-10 
1.692 1.175 7.04216e-10 
1.692 1.18 1.03594e-09 
1.692 1.185 1.37228e-09 
1.692 1.19 1.81539e-09 
1.692 1.195 2.28053e-09 
1.692 1.2 2.4179e-09 
1.692 1.205 2.68762e-09 
1.692 1.21 2.67058e-09 
1.692 1.215 2.47481e-09 
1.692 1.22 2.18073e-09 
1.692 1.225 1.77753e-09 
1.692 1.23 1.40339e-09 
1.692 1.235 1.01745e-09 
1.692 1.24 6.31296e-10 
1.692 1.245 3.6045e-10 
1.692 1.25 1.98409e-10 
1.692 1.255 1.02325e-10 
1.696 1.195 1.05277e-10 
1.696 1.2 1.21785e-10 
1.696 1.205 1.30192e-10 
1.696 1.21 1.25728e-10 
1.696 1.215 1.1603e-10 
1.696 1.22 1.02893e-10 
