#logr logg JPDF
1.592 1.22 1.01821e-10 
1.592 1.225 1.16763e-10 
1.592 1.23 1.11745e-10 
1.596 1.2 2.23637e-10 
1.596 1.205 6.79519e-10 
1.596 1.21 1.22153e-09 
1.596 1.215 1.62446e-09 
1.596 1.22 1.94778e-09 
1.596 1.225 1.80454e-09 
1.596 1.23 1.39323e-09 
1.596 1.235 9.30341e-10 
1.596 1.24 5.75443e-10 
1.596 1.245 3.46538e-10 
1.596 1.25 2.09848e-10 
1.596 1.255 1.01598e-10 
1.6 1.185 2.62998e-10 
1.6 1.19 1.08801e-09 
1.6 1.195 3.60501e-09 
1.6 1.2 9.29418e-09 
1.6 1.205 1.47665e-08 
1.6 1.21 2.12588e-08 
1.6 1.215 2.50193e-08 
1.6 1.22 2.30996e-08 
1.6 1.225 1.78584e-08 
1.6 1.23 1.28577e-08 
1.6 1.235 8.77949e-09 
1.6 1.24 6.11526e-09 
1.6 1.245 3.64577e-09 
1.6 1.25 1.99777e-09 
1.6 1.255 1.00891e-09 
1.6 1.26 4.43086e-10 
1.604 1.175 6.66123e-10 
1.604 1.18 3.27985e-09 
1.604 1.185 1.40025e-08 
1.604 1.19 4.6642e-08 
1.604 1.195 9.18976e-08 
1.604 1.2 1.51809e-07 
1.604 1.205 2.16607e-07 
1.604 1.21 2.38736e-07 
1.604 1.215 2.19685e-07 
1.604 1.22 1.82455e-07 
1.604 1.225 1.44352e-07 
1.604 1.23 1.10088e-07 
1.604 1.235 8.06324e-08 
1.604 1.24 5.04132e-08 
1.604 1.245 2.99831e-08 
1.604 1.25 1.58324e-08 
1.604 1.255 8.16975e-09 
1.604 1.26 3.85127e-09 
1.604 1.265 7.08796e-10 
1.608 1.165 1.3185e-09 
1.608 1.17 6.72903e-09 
1.608 1.175 3.46461e-08 
1.608 1.18 1.43408e-07 
1.608 1.185 3.84087e-07 
1.608 1.19 7.01114e-07 
1.608 1.195 1.19008e-06 
1.608 1.2 1.56902e-06 
1.608 1.205 1.64495e-06 
1.608 1.21 1.64734e-06 
1.608 1.215 1.51138e-06 
1.608 1.22 1.28691e-06 
1.608 1.225 1.08113e-06 
1.608 1.23 8.0411e-07 
1.608 1.235 5.55786e-07 
1.608 1.24 3.38079e-07 
1.608 1.245 1.99986e-07 
1.608 1.25 1.16492e-07 
1.608 1.255 5.93849e-08 
1.608 1.26 2.69998e-08 
1.608 1.265 5.21055e-09 
1.612 1.155 1.43889e-09 
1.612 1.16 1.09894e-08 
1.612 1.165 5.39752e-08 
1.612 1.17 2.75004e-07 
1.612 1.175 9.85438e-07 
1.612 1.18 2.25215e-06 
1.612 1.185 4.17237e-06 
1.612 1.19 6.834e-06 
1.612 1.195 8.54729e-06 
1.612 1.2 9.74987e-06 
1.612 1.205 9.96148e-06 
1.612 1.21 9.78068e-06 
1.612 1.215 8.99569e-06 
1.612 1.22 7.90635e-06 
1.612 1.225 6.1972e-06 
1.612 1.23 4.60832e-06 
1.612 1.235 3.12175e-06 
1.612 1.24 1.96842e-06 
1.612 1.245 1.25628e-06 
1.612 1.25 7.12596e-07 
1.612 1.255 3.48523e-07 
1.612 1.26 1.50148e-07 
1.612 1.265 2.9583e-08 
1.612 1.27 1.09347e-10 
1.616 1.15 1.05361e-08 
1.616 1.155 6.88767e-08 
1.616 1.16 3.41092e-07 
1.616 1.165 1.6046e-06 
1.616 1.17 4.62627e-06 
1.616 1.175 9.97687e-06 
1.616 1.18 1.91748e-05 
1.616 1.185 2.92733e-05 
1.616 1.19 3.64726e-05 
1.616 1.195 4.37536e-05 
1.616 1.2 4.80108e-05 
1.616 1.205 4.95398e-05 
1.616 1.21 4.87996e-05 
1.616 1.215 4.44674e-05 
1.616 1.22 3.79233e-05 
1.616 1.225 3.06663e-05 
1.616 1.23 2.19555e-05 
1.616 1.235 1.62188e-05 
1.616 1.24 1.05264e-05 
1.616 1.245 6.18312e-06 
1.616 1.25 3.27261e-06 
1.616 1.255 1.68206e-06 
1.616 1.26 7.52547e-07 
1.616 1.265 1.44691e-07 
1.616 1.27 9.67388e-10 
1.62 1.145 1.41598e-08 
1.62 1.15 3.04656e-07 
1.62 1.155 1.76155e-06 
1.62 1.16 6.49487e-06 
1.62 1.165 1.68572e-05 
1.62 1.17 3.53873e-05 
1.62 1.175 6.56772e-05 
1.62 1.18 9.2702e-05 
1.62 1.185 0.000124363 
1.62 1.19 0.000158201 
1.62 1.195 0.00017608 
1.62 1.2 0.000196126 
1.62 1.205 0.000196798 
1.62 1.21 0.000201118 
1.62 1.215 0.000186769 
1.62 1.22 0.000154575 
1.62 1.225 0.000124852 
1.62 1.23 9.65308e-05 
1.62 1.235 6.65623e-05 
1.62 1.24 4.30012e-05 
1.62 1.245 2.50571e-05 
1.62 1.25 1.39966e-05 
1.62 1.255 6.79231e-06 
1.62 1.26 3.05648e-06 
1.62 1.265 6.19715e-07 
1.62 1.27 3.98052e-09 
1.624 1.145 4.82448e-07 
1.624 1.15 5.69012e-06 
1.624 1.155 1.77753e-05 
1.624 1.16 4.38242e-05 
1.624 1.165 9.17716e-05 
1.624 1.17 0.00015923 
1.624 1.175 0.000237767 
1.624 1.18 0.000335791 
1.624 1.185 0.000428233 
1.624 1.19 0.000516109 
1.624 1.195 0.00059404 
1.624 1.2 0.000654623 
1.624 1.205 0.000712421 
1.624 1.21 0.000698719 
1.624 1.215 0.000635873 
1.624 1.22 0.000537938 
1.624 1.225 0.000445373 
1.624 1.23 0.000335601 
1.624 1.235 0.000228481 
1.624 1.24 0.000150214 
1.624 1.245 8.75429e-05 
1.624 1.25 4.76197e-05 
1.624 1.255 2.31044e-05 
1.624 1.26 1.072e-05 
1.624 1.265 2.02327e-06 
1.624 1.27 9.23556e-09 
1.628 1.145 8.04413e-06 
1.628 1.15 3.64262e-05 
1.628 1.155 9.00863e-05 
1.628 1.16 0.00017688 
1.628 1.165 0.00029854 
1.628 1.17 0.000475919 
1.628 1.175 0.000686696 
1.628 1.18 0.000918251 
1.628 1.185 0.00116471 
1.628 1.19 0.00144992 
1.628 1.195 0.00174387 
1.628 1.2 0.00194295 
1.628 1.205 0.00203325 
1.628 1.21 0.00193499 
1.628 1.215 0.00178946 
1.628 1.22 0.00155779 
1.628 1.225 0.00124524 
1.628 1.23 0.000923274 
1.628 1.235 0.000665852 
1.628 1.24 0.000424132 
1.628 1.245 0.000248296 
1.628 1.25 0.000135393 
1.628 1.255 6.99019e-05 
1.628 1.26 2.8653e-05 
1.628 1.265 5.69965e-06 
1.628 1.27 2.45796e-08 
1.632 1.14 6.84761e-08 
1.632 1.145 3.97591e-05 
1.632 1.15 0.000128871 
1.632 1.155 0.000254641 
1.632 1.16 0.000443607 
1.632 1.165 0.000732404 
1.632 1.17 0.00110946 
1.632 1.175 0.00155752 
1.632 1.18 0.0020556 
1.632 1.185 0.00281708 
1.632 1.19 0.00353364 
1.632 1.195 0.00421435 
1.632 1.2 0.00459386 
1.632 1.205 0.00472527 
1.632 1.21 0.0046652 
1.632 1.215 0.00431905 
1.632 1.22 0.00363746 
1.632 1.225 0.00286019 
1.632 1.23 0.0022613 
1.632 1.235 0.00154469 
1.632 1.24 0.000935857 
1.632 1.245 0.000581715 
1.632 1.25 0.000311318 
1.632 1.255 0.000149513 
1.632 1.26 7.11623e-05 
1.632 1.265 1.27757e-05 
1.632 1.27 2.01515e-08 
1.636 1.14 6.42433e-06 
1.636 1.145 0.000111159 
1.636 1.15 0.000282898 
1.636 1.155 0.000511583 
1.636 1.16 0.000871582 
1.636 1.165 0.00137868 
1.636 1.17 0.00201105 
1.636 1.175 0.00287814 
1.636 1.18 0.00419743 
1.636 1.185 0.0055712 
1.636 1.19 0.00682922 
1.636 1.195 0.00779534 
1.636 1.2 0.00875472 
1.636 1.205 0.00885422 
1.636 1.21 0.0093077 
1.636 1.215 0.00829031 
1.636 1.22 0.00719463 
1.636 1.225 0.00566727 
1.636 1.23 0.00420702 
1.636 1.235 0.00288241 
1.636 1.24 0.00189987 
1.636 1.245 0.00108747 
1.636 1.25 0.000580749 
1.636 1.255 0.000288912 
1.636 1.26 0.000126188 
1.636 1.265 2.30183e-05 
1.636 1.27 8.32096e-08 
1.64 1.14 1.72622e-05 
1.64 1.145 0.000191505 
1.64 1.15 0.000460558 
1.64 1.155 0.000828403 
1.64 1.16 0.00133732 
1.64 1.165 0.00206122 
1.64 1.17 0.00330828 
1.64 1.175 0.00488213 
1.64 1.18 0.00664197 
1.64 1.185 0.00873793 
1.64 1.19 0.0104601 
1.64 1.195 0.0123673 
1.64 1.2 0.0138333 
1.64 1.205 0.0149657 
1.64 1.21 0.014242 
1.64 1.215 0.012903 
1.64 1.22 0.0106211 
1.64 1.225 0.00881035 
1.64 1.23 0.00645951 
1.64 1.235 0.0044201 
1.64 1.24 0.0028406 
1.64 1.245 0.00166592 
1.64 1.25 0.000863819 
1.64 1.255 0.000437114 
1.64 1.26 0.000187427 
1.64 1.265 3.56638e-05 
1.64 1.27 1.29065e-07 
1.644 1.135 3.45293e-08 
1.644 1.14 2.3149e-05 
1.644 1.145 0.000267834 
1.644 1.15 0.000597392 
1.644 1.155 0.00100436 
1.644 1.16 0.00168228 
1.644 1.165 0.00275855 
1.644 1.17 0.00419757 
1.644 1.175 0.00592597 
1.644 1.18 0.00842423 
1.644 1.185 0.0105157 
1.644 1.19 0.0136368 
1.644 1.195 0.0156915 
1.644 1.2 0.017702 
1.644 1.205 0.0186153 
1.644 1.21 0.0175262 
1.644 1.215 0.0163427 
1.644 1.22 0.014159 
1.644 1.225 0.0109246 
1.644 1.23 0.00808477 
1.644 1.235 0.00561235 
1.644 1.24 0.00349163 
1.644 1.245 0.00195378 
1.644 1.25 0.00108474 
1.644 1.255 0.000536052 
1.644 1.26 0.000229164 
1.644 1.265 4.19393e-05 
1.644 1.27 1.63128e-07 
1.648 1.135 2.9852e-08 
1.648 1.14 2.54378e-05 
1.648 1.145 0.000266238 
1.648 1.15 0.000580137 
1.648 1.155 0.00104171 
1.648 1.16 0.00176415 
1.648 1.165 0.0028217 
1.648 1.17 0.00434079 
1.648 1.175 0.0062692 
1.648 1.18 0.0084906 
1.648 1.185 0.0113978 
1.648 1.19 0.0141205 
1.648 1.195 0.0159937 
1.648 1.2 0.0179828 
1.648 1.205 0.0188087 
1.648 1.21 0.0181369 
1.648 1.215 0.0165952 
1.648 1.22 0.0137123 
1.648 1.225 0.0111077 
1.648 1.23 0.00804912 
1.648 1.235 0.0054303 
1.648 1.24 0.00335053 
1.648 1.245 0.0019852 
1.648 1.25 0.00106238 
1.648 1.255 0.000508079 
1.648 1.26 0.000222417 
1.648 1.265 4.17299e-05 
1.648 1.27 1.46489e-07 
1.652 1.135 4.58276e-08 
1.652 1.14 2.19479e-05 
1.652 1.145 0.000217316 
1.652 1.15 0.0004804 
1.652 1.155 0.000875182 
1.652 1.16 0.00142905 
1.652 1.165 0.00227482 
1.652 1.17 0.00344816 
1.652 1.175 0.00484493 
1.652 1.18 0.00735987 
1.652 1.185 0.00937802 
1.652 1.19 0.0114806 
1.652 1.195 0.0132809 
1.652 1.2 0.0150534 
1.652 1.205 0.0151024 
1.652 1.21 0.0144987 
1.652 1.215 0.013284 
1.652 1.22 0.0113088 
1.652 1.225 0.00880399 
1.652 1.23 0.00633178 
1.652 1.235 0.00435556 
1.652 1.24 0.00269063 
1.652 1.245 0.00154015 
1.652 1.25 0.000826213 
1.652 1.255 0.000406037 
1.652 1.26 0.000179045 
1.652 1.265 3.25842e-05 
1.652 1.27 1.46288e-07 
1.656 1.135 2.77526e-08 
1.656 1.14 1.4065e-05 
1.656 1.145 0.00014133 
1.656 1.15 0.000320099 
1.656 1.155 0.00057318 
1.656 1.16 0.000949022 
1.656 1.165 0.00149188 
1.656 1.17 0.00230783 
1.656 1.175 0.00360123 
1.656 1.18 0.00470333 
1.656 1.185 0.00602781 
1.656 1.19 0.00743402 
1.656 1.195 0.00872926 
1.656 1.2 0.00941004 
1.656 1.205 0.00958653 
1.656 1.21 0.00941544 
1.656 1.215 0.00855026 
1.656 1.22 0.00706237 
1.656 1.225 0.00559123 
1.656 1.23 0.00407733 
1.656 1.235 0.00269163 
1.656 1.24 0.00165698 
1.656 1.245 0.000995131 
1.656 1.25 0.00050619 
1.656 1.255 0.000251637 
1.656 1.26 0.000108905 
1.656 1.265 1.90257e-05 
1.656 1.27 7.49478e-08 
1.66 1.135 9.51006e-09 
1.66 1.14 7.42308e-06 
1.66 1.145 7.66357e-05 
1.66 1.15 0.000171967 
1.66 1.155 0.000290563 
1.66 1.16 0.000495926 
1.66 1.165 0.000811087 
1.66 1.17 0.00124243 
1.66 1.175 0.00173659 
1.66 1.18 0.00233417 
1.66 1.185 0.00318445 
1.66 1.19 0.00389447 
1.66 1.195 0.00433451 
1.66 1.2 0.00496172 
1.66 1.205 0.00499502 
1.66 1.21 0.00481959 
1.66 1.215 0.00430794 
1.66 1.22 0.00363729 
1.66 1.225 0.00277952 
1.66 1.23 0.00197174 
1.66 1.235 0.0013587 
1.66 1.24 0.00083408 
1.66 1.245 0.000475415 
1.66 1.25 0.000255663 
1.66 1.255 0.000124989 
1.66 1.26 5.3124e-05 
1.66 1.265 9.60699e-06 
1.66 1.27 3.90848e-08 
1.664 1.135 5.02983e-09 
1.664 1.14 3.24574e-06 
1.664 1.145 3.19893e-05 
1.664 1.15 6.71149e-05 
1.664 1.155 0.000125682 
1.664 1.16 0.000202229 
1.664 1.165 0.000327528 
1.664 1.17 0.000484818 
1.664 1.175 0.000732482 
1.664 1.18 0.00101062 
1.664 1.185 0.00127101 
1.664 1.19 0.00157025 
1.664 1.195 0.00180535 
1.664 1.2 0.00190888 
1.664 1.205 0.00197856 
1.664 1.21 0.00194555 
1.664 1.215 0.00168471 
1.664 1.22 0.0014415 
1.664 1.225 0.00108155 
1.664 1.23 0.000790335 
1.664 1.235 0.000523106 
1.664 1.24 0.000322325 
1.664 1.245 0.000182701 
1.664 1.25 9.90972e-05 
1.664 1.255 4.71407e-05 
1.664 1.26 2.09919e-05 
1.664 1.265 3.63255e-06 
1.664 1.27 1.34474e-08 
1.668 1.135 2.2726e-09 
1.668 1.14 9.93993e-07 
1.668 1.145 9.59948e-06 
1.668 1.15 2.26316e-05 
1.668 1.155 3.95483e-05 
1.668 1.16 6.60726e-05 
1.668 1.165 0.000103572 
1.668 1.17 0.000161445 
1.668 1.175 0.00023304 
1.668 1.18 0.000304285 
1.668 1.185 0.000423022 
1.668 1.19 0.00049164 
1.668 1.195 0.000537688 
1.668 1.2 0.000625576 
1.668 1.205 0.000626048 
1.668 1.21 0.000611321 
1.668 1.215 0.000539724 
1.668 1.22 0.000419892 
1.668 1.225 0.000344945 
1.668 1.23 0.000234663 
1.668 1.235 0.000157877 
1.668 1.24 9.91909e-05 
1.668 1.245 5.72836e-05 
1.668 1.25 2.99411e-05 
1.668 1.255 1.41769e-05 
1.668 1.26 5.95539e-06 
1.668 1.265 1.09759e-06 
1.668 1.27 5.68448e-09 
1.672 1.135 4.00155e-10 
1.672 1.14 2.09065e-07 
1.672 1.145 2.65263e-06 
1.672 1.15 5.76161e-06 
1.672 1.155 1.0027e-05 
1.672 1.16 1.66688e-05 
1.672 1.165 2.6524e-05 
1.672 1.17 3.79409e-05 
1.672 1.175 5.72059e-05 
1.672 1.18 7.59265e-05 
1.672 1.185 9.83449e-05 
1.672 1.19 0.000116049 
1.672 1.195 0.000139444 
1.672 1.2 0.000144889 
1.672 1.205 0.000153437 
1.672 1.21 0.000141627 
1.672 1.215 0.000124175 
1.672 1.22 0.000106848 
1.672 1.225 7.60713e-05 
1.672 1.23 5.54816e-05 
1.672 1.235 3.7476e-05 
1.672 1.24 2.3175e-05 
1.672 1.245 1.30273e-05 
1.672 1.25 6.81582e-06 
1.672 1.255 3.26066e-06 
1.672 1.26 1.4171e-06 
1.672 1.265 2.36855e-07 
1.672 1.27 8.04838e-10 
1.676 1.135 1.14331e-10 
1.676 1.14 4.32875e-08 
1.676 1.145 5.14065e-07 
1.676 1.15 1.10745e-06 
1.676 1.155 1.89801e-06 
1.676 1.16 3.24321e-06 
1.676 1.165 4.82761e-06 
1.676 1.17 7.69972e-06 
1.676 1.175 1.03331e-05 
1.676 1.18 1.38447e-05 
1.676 1.185 1.87992e-05 
1.676 1.19 2.20799e-05 
1.676 1.195 2.58833e-05 
1.676 1.2 2.76486e-05 
1.676 1.205 2.73443e-05 
1.676 1.21 2.7118e-05 
1.676 1.215 2.28857e-05 
1.676 1.22 1.92821e-05 
1.676 1.225 1.42154e-05 
1.676 1.23 1.02654e-05 
1.676 1.235 6.9459e-06 
1.676 1.24 4.11126e-06 
1.676 1.245 2.38153e-06 
1.676 1.25 1.29171e-06 
1.676 1.255 5.92861e-07 
1.676 1.26 2.42152e-07 
1.676 1.265 4.14491e-08 
1.676 1.27 1.86218e-10 
1.68 1.14 6.46193e-09 
1.68 1.145 7.71717e-08 
1.68 1.15 1.54613e-07 
1.68 1.155 2.81177e-07 
1.68 1.16 4.58008e-07 
1.68 1.165 7.31522e-07 
1.68 1.17 1.05289e-06 
1.68 1.175 1.58669e-06 
1.68 1.18 2.07356e-06 
1.68 1.185 2.67382e-06 
1.68 1.19 3.27026e-06 
1.68 1.195 3.77158e-06 
1.68 1.2 3.93325e-06 
1.68 1.205 3.94721e-06 
1.68 1.21 3.67908e-06 
1.68 1.215 3.31912e-06 
1.68 1.22 2.60883e-06 
1.68 1.225 2.01336e-06 
1.68 1.23 1.42395e-06 
1.68 1.235 9.08984e-07 
1.68 1.24 5.88067e-07 
1.68 1.245 3.32442e-07 
1.68 1.25 1.6449e-07 
1.68 1.255 7.6961e-08 
1.68 1.26 3.22548e-08 
1.68 1.265 6.26679e-09 
1.684 1.14 8.39003e-10 
1.684 1.145 8.07139e-09 
1.684 1.15 1.8171e-08 
1.684 1.155 3.15584e-08 
1.684 1.16 5.19086e-08 
1.684 1.165 7.91105e-08 
1.684 1.17 1.26059e-07 
1.684 1.175 1.72772e-07 
1.684 1.18 2.29872e-07 
1.684 1.185 2.90717e-07 
1.684 1.19 3.61147e-07 
1.684 1.195 3.96346e-07 
1.684 1.2 4.25484e-07 
1.684 1.205 4.26787e-07 
1.684 1.21 3.88166e-07 
1.684 1.215 3.51534e-07 
1.684 1.22 2.77551e-07 
1.684 1.225 2.09272e-07 
1.684 1.23 1.50745e-07 
1.684 1.235 1.02913e-07 
1.684 1.24 6.06417e-08 
1.684 1.245 3.31494e-08 
1.684 1.25 1.71186e-08 
1.684 1.255 8.12832e-09 
1.684 1.26 3.33443e-09 
1.684 1.265 6.27776e-10 
1.688 1.145 7.30177e-10 
1.688 1.15 1.51107e-09 
1.688 1.155 2.55217e-09 
1.688 1.16 4.43148e-09 
1.688 1.165 6.84043e-09 
1.688 1.17 1.04805e-08 
1.688 1.175 1.44756e-08 
1.688 1.18 1.81827e-08 
1.688 1.185 2.41107e-08 
1.688 1.19 2.93484e-08 
1.688 1.195 3.22553e-08 
1.688 1.2 3.43293e-08 
1.688 1.205 3.33721e-08 
1.688 1.21 3.34889e-08 
1.688 1.215 2.79679e-08 
1.688 1.22 2.15629e-08 
1.688 1.225 1.75761e-08 
1.688 1.23 1.14941e-08 
1.688 1.235 8.00374e-09 
1.688 1.24 4.75428e-09 
1.688 1.245 2.53776e-09 
1.688 1.25 1.34031e-09 
1.688 1.255 6.49524e-10 
1.688 1.26 2.66285e-10 
1.692 1.155 1.70546e-10 
1.692 1.16 2.76088e-10 
1.692 1.165 4.25661e-10 
1.692 1.17 6.33676e-10 
1.692 1.175 8.71181e-10 
1.692 1.18 1.15884e-09 
1.692 1.185 1.44121e-09 
1.692 1.19 1.79072e-09 
1.692 1.195 2.0867e-09 
1.692 1.2 2.04331e-09 
1.692 1.205 2.11293e-09 
1.692 1.21 1.85331e-09 
1.692 1.215 1.67131e-09 
1.692 1.22 1.35716e-09 
1.692 1.225 1.05475e-09 
1.692 1.23 7.22247e-10 
1.692 1.235 4.80302e-10 
1.692 1.24 2.68477e-10 
1.692 1.245 1.5113e-10 
