#logm PDFlogm m(Ms) PDF
-0.06303 3.99089e-09 0.864908 2.00394e-09
-0.06103 1.80314e-08 0.8689 9.01249e-09
-0.05903 4.2461e-08 0.872911 2.11254e-08
-0.05703 1.03576e-07 0.87694 5.1295e-08
-0.05503 2.42815e-07 0.880988 1.19699e-07
-0.05303 8.35043e-07 0.885054 4.09754e-07
-0.05103 1.3275e-06 0.88914 6.48407e-07
-0.04903 3.02232e-06 0.893244 1.46945e-06
-0.04703 6.56074e-06 0.897367 3.17517e-06
-0.04503 8.23034e-06 0.901509 3.9649e-06
-0.04303 1.23717e-05 0.90567 5.93257e-06
-0.04103 2.3573e-05 0.90985 1.1252e-05
-0.03903 2.72948e-05 0.91405 1.29686e-05
-0.03703 4.1494e-05 0.918269 1.96245e-05
-0.03503 5.87746e-05 0.922508 2.76697e-05
-0.03303 9.62524e-05 0.926766 4.51051e-05
-0.03103 0.000107865 0.931044 5.03147e-05
-0.02903 0.000170028 0.935341 7.89471e-05
-0.02703 0.000214231 0.939658 9.90138e-05
-0.02503 0.000268044 0.943996 0.000123316
-0.02303 0.000344601 0.948353 0.000157809
-0.02103 0.000492583 0.95273 0.00022454
-0.01903 0.000539458 0.957128 0.000244778
-0.01703 0.000676983 0.961546 0.000305768
-0.01503 0.00104916 0.965984 0.00047169
-0.01303 0.00106583 0.970443 0.000476984
-0.01103 0.00148661 0.974922 0.000662234
-0.00902998 0.00151283 0.979422 0.00067082
-0.00703001 0.00240419 0.983943 0.00106117
-0.00503001 0.00200571 0.988485 0.000881217
-0.00303 0.0029884 0.993047 0.00130693
-0.00103 0.00308929 0.997631 0.00134485
0.000970006 0.00417456 1.00224 0.00180894
0.00297001 0.00472483 1.00686 0.00203798
0.00497001 0.0050452 1.01151 0.00216617
0.00697002 0.00614584 1.01618 0.00262661
0.00896999 0.00636236 1.02087 0.00270665
0.01097 0.00766554 1.02558 0.00324606
0.01297 0.00865434 1.03031 0.00364795
0.01497 0.0106587 1.03507 0.00447217
0.01697 0.0114637 1.03985 0.00478782
0.01897 0.0127082 1.04465 0.00528324
0.02097 0.0138279 1.04947 0.00572228
0.02297 0.0155876 1.05431 0.00642085
0.02497 0.016315 1.05918 0.0066896
0.02697 0.018242 1.06407 0.00744538
0.02897 0.0191956 1.06898 0.00779861
0.03097 0.0201634 1.07392 0.00815414
0.03297 0.021399 1.07887 0.00861405
0.03497 0.0230684 1.08385 0.00924341
0.03697 0.0245699 1.08885 0.00979982
0.03897 0.0255143 1.09388 0.0101297
0.04097 0.0266808 1.09893 0.0105442
0.04297 0.029824 1.104 0.0117322
0.04497 0.0278885 1.1091 0.0109204
0.04697 0.0309195 1.11422 0.0120516
0.04897 0.0284115 1.11936 0.0110232
0.05097 0.0328219 1.12453 0.0126759
0.05297 0.0297351 1.12972 0.011431
0.05497 0.0331239 1.13493 0.0126752
0.05697 0.0291066 1.14017 0.0110868
0.05897 0.0320239 1.14543 0.0121419
0.06097 0.0277035 1.15072 0.0104556
0.06297 0.0297973 1.15603 0.0111942
0.06497 0.0266157 1.16137 0.00995297
0.06697 0.0277691 1.16673 0.0103366
0.06897 0.0273107 1.17211 0.0101192
0.07097 0.0251793 1.17752 0.00928664
0.07297 0.0245361 1.18296 0.00900781
0.07497 0.0221373 1.18842 0.00808981
0.07697 0.0226188 1.19391 0.00822779
0.07897 0.0194983 1.19942 0.00706012
0.08097 0.0177086 1.20495 0.00638263
0.08297 0.0161138 1.21051 0.00578113
0.08497 0.0150911 1.2161 0.00538934
0.08697 0.0137032 1.22172 0.00487121
0.08897 0.0120041 1.22735 0.00424759
0.09097 0.0109493 1.23302 0.00385655
0.09297 0.00994794 1.23871 0.00348777
0.09497 0.00858088 1.24443 0.00299465
0.09697 0.00753199 1.25017 0.00261652
0.09897 0.00634184 1.25594 0.00219296
0.10097 0.00572325 1.26174 0.00196996
0.10297 0.0048505 1.26756 0.00166189
0.10497 0.00422653 1.27342 0.00144145
0.10697 0.00341849 1.27929 0.00116051
0.10897 0.00304404 1.2852 0.00102864
0.11097 0.00236921 1.29113 0.000796925
0.11297 0.00211269 1.29709 0.000707374
0.11497 0.00169942 1.30308 0.000566391
0.11697 0.00141439 1.30909 0.000469226
0.11897 0.00113334 1.31513 0.000374261
0.12097 0.00092768 1.3212 0.000304939
0.12297 0.000711501 1.3273 0.000232804
0.12497 0.000596846 1.33343 0.000194391
0.12697 0.000445348 1.33958 0.000144382
0.12897 0.000362938 1.34577 0.000117124
0.13097 0.000275004 1.35198 8.83393e-05
0.13297 0.00020862 1.35822 6.67068e-05
0.13497 0.000167682 1.36449 5.33704e-05
0.13697 0.000119939 1.37079 3.79991e-05
0.13897 9.4659e-05 1.37711 2.98522e-05
0.14097 6.72084e-05 1.38347 2.10978e-05
0.14297 4.88589e-05 1.38986 1.52672e-05
0.14497 3.73536e-05 1.39627 1.16184e-05
0.14697 2.65574e-05 1.40272 8.22241e-06
0.14897 1.83506e-05 1.40919 5.65542e-06
0.15097 1.35087e-05 1.4157 4.14409e-06
0.15297 9.257e-06 1.42223 2.82673e-06
0.15497 6.46311e-06 1.4288 1.96452e-06
0.15697 4.57651e-06 1.43539 1.38468e-06
0.15897 3.0592e-06 1.44202 9.21345e-07
0.16097 2.0561e-06 1.44867 6.16395e-07
0.16297 1.37691e-06 1.45536 4.10884e-07
0.16497 9.02923e-07 1.46208 2.68204e-07
0.16697 5.85424e-07 1.46882 1.73095e-07
0.16897 3.87651e-07 1.4756 1.14092e-07
0.17097 2.49014e-07 1.48242 7.29522e-08
0.17297 1.51623e-07 1.48926 4.4216e-08
0.17497 9.02071e-08 1.49613 2.61852e-08
0.17697 6.00504e-08 1.50304 1.73512e-08
0.17897 3.51337e-08 1.50998 1.01051e-08
0.18097 2.18589e-08 1.51695 6.2581e-09
0.18297 1.26805e-08 1.52395 3.6137e-09
0.18497 7.17319e-09 1.53098 2.03482e-09
0.18697 4.09482e-09 1.53805 1.15624e-09
0.18897 2.35669e-09 1.54515 6.62396e-10
0.19097 1.31308e-09 1.55228 3.67372e-10
