#logm PDFlogm m(Ms) PDF
-0.04303 1.05169e-06 0.90567 5.04315e-07
-0.04103 7.94999e-06 0.90985 3.79473e-06
-0.03903 1.65901e-05 0.91405 7.88247e-06
-0.03703 3.86222e-05 0.918269 1.82663e-05
-0.03503 0.000159766 0.922508 7.52138e-05
-0.03303 0.000249831 0.926766 0.000117074
-0.03103 0.000656936 0.931044 0.000306434
-0.02903 0.00099232 0.935341 0.000460751
-0.02703 0.00216496 0.939658 0.00100061
-0.02503 0.00257827 0.943996 0.00118616
-0.02303 0.0044599 0.948353 0.00204239
-0.02103 0.00875901 0.95273 0.00399272
-0.01903 0.00640056 0.957128 0.00290424
-0.01703 0.0155499 0.961546 0.00702331
-0.01503 0.0156354 0.965984 0.00702947
-0.01303 0.0217792 0.970443 0.00974669
-0.01103 0.0289559 0.974922 0.0128989
-0.00902998 0.0229994 0.979422 0.0101984
-0.00703001 0.0380739 0.983943 0.0168051
-0.00503001 0.0292555 0.988485 0.0128535
-0.00303 0.0426822 0.993047 0.0186664
-0.00103 0.0412835 0.997631 0.0179718
0.000970006 0.0441389 1.00224 0.0191265
0.00297001 0.059475 1.00686 0.0256536
0.00497001 0.0378232 1.01151 0.0162395
0.00697002 0.059313 1.01618 0.0253492
0.00896999 0.0430919 1.02087 0.018332
0.01097 0.0521743 1.02558 0.0220938
0.01297 0.0522995 1.03031 0.0220451
0.01497 0.0387208 1.03507 0.0162465
0.01697 0.0452837 1.03985 0.0189128
0.01897 0.040978 1.04465 0.0170359
0.02097 0.0373655 1.04947 0.0154627
0.02297 0.0342384 1.05431 0.0141035
0.02497 0.0278378 1.05918 0.0114143
0.02697 0.0247359 1.06407 0.0100958
0.02897 0.0213424 1.06898 0.00867078
0.03097 0.0186069 1.07392 0.00752469
0.03297 0.0181541 1.07887 0.00730784
0.03497 0.0128356 1.08385 0.00514318
0.03697 0.0108198 1.08885 0.00431554
0.03897 0.0107383 1.09388 0.00426335
0.04097 0.00698518 1.09893 0.00276053
0.04297 0.00561716 1.104 0.00220969
0.04497 0.00421959 1.1091 0.00165228
0.04697 0.00262265 1.11422 0.00102224
0.04897 0.00226294 1.11936 0.000877987
0.05097 0.0016425 1.12453 0.000634338
0.05297 0.0011539 1.12972 0.000443591
0.05497 0.00104856 1.13493 0.000401245
0.05697 0.000577791 1.14017 0.000220082
0.05897 0.000391054 1.14543 0.000148269
0.06097 0.000301276 1.15072 0.000113705
0.06297 0.000168519 1.15603 6.33088e-05
0.06497 0.000131501 1.16137 4.91748e-05
0.06697 8.12194e-05 1.16673 3.02325e-05
0.06897 4.40419e-05 1.17211 1.63185e-05
0.07097 3.2788e-05 1.17752 1.20929e-05
0.07297 1.75392e-05 1.18296 6.43908e-06
0.07497 1.2723e-05 1.18842 4.64947e-06
0.07697 6.50123e-06 1.19391 2.36488e-06
0.07897 3.78789e-06 1.19942 1.37155e-06
0.08097 2.3804e-06 1.20495 8.57956e-07
0.08297 1.15811e-06 1.21051 4.15492e-07
0.08497 6.47353e-07 1.2161 2.31183e-07
0.08697 3.98719e-07 1.22172 1.41736e-07
0.08897 2.10619e-07 1.22735 7.45265e-08
0.09097 9.44605e-08 1.23302 3.32709e-08
0.09297 5.10482e-08 1.23871 1.78976e-08
0.09497 2.89527e-08 1.24443 1.01042e-08
0.09697 1.21498e-08 1.25017 4.2207e-09
0.09897 6.52554e-09 1.25594 2.25648e-09
0.10097 2.94702e-09 1.26174 1.01437e-09
0.10297 1.36245e-09 1.26756 4.66805e-10
