#logage PDFlogage age(Gyr) PDF
9.71 1.72975e-08 5.12861 1.46476e-09
9.72 3.68895e-08 5.24808 3.05272e-09
9.73 1.00931e-07 5.37031 8.1622e-09
9.74 2.12123e-07 5.49541 1.67638e-08
9.75 5.07632e-07 5.62341 3.92042e-08
9.76 1.19292e-06 5.7544 9.00319e-08
9.77 2.48035e-06 5.88844 1.82935e-07
9.78 5.19156e-06 6.02559 3.74182e-07
9.79 9.9164e-06 6.16595 6.98455e-07
9.8 2.20271e-05 6.30958 1.51615e-06
9.81 3.7268e-05 6.45653 2.5068e-06
9.82 7.34406e-05 6.60693 4.82749e-06
9.83 0.000115897 6.76083 7.44489e-06
9.84 0.00021937 6.91831 1.37709e-05
9.85 0.000378936 7.07946 2.32461e-05
9.86 0.000553151 7.24435 3.31611e-05
9.87 0.000921856 7.4131 5.40067e-05
9.88 0.00144985 7.58578 8.30058e-05
9.89 0.00228441 7.76246 0.000127808
9.9 0.00345728 7.94328 0.000189025
9.91 0.00467802 8.1283 0.000249946
9.92 0.00729912 8.31764 0.000381114
9.93 0.00867854 8.51139 0.000442824
9.94 0.0122216 8.70963 0.000609416
9.95 0.0153957 8.91251 0.000750212
9.96 0.0182779 9.12011 0.000870384
9.97 0.0218447 9.33255 0.00101655
9.98 0.0269677 9.54992 0.00122639
9.99 0.0339667 9.77237 0.00150952
10 0.0382667 10 0.0016619
10.01 0.0449134 10.2329 0.00190616
10.02 0.0505734 10.4713 0.00209752
10.03 0.056567 10.7152 0.0022927
10.04 0.0602544 10.9648 0.00238656
10.05 0.0670111 11.2202 0.00259377
10.06 0.0674741 11.4815 0.00255224
10.07 0.0660752 11.749 0.00244244
10.08 0.06406 12.0226 0.00231404
10.09 0.0633664 12.3027 0.00223688
10.1 0.0609436 12.5893 0.00210238
10.11 0.0566438 12.8825 0.00190957
10.12 0.0522016 13.1826 0.00171976
10.13 0.0484634 13.4896 0.00156026
10.14 0.0443227 13.8038 0.00139448
