#logage PDFlogage age(Gyr) PDF
9.34 1.19031e-08 2.18776 2.36289e-09
9.35 2.63633e-08 2.23872 5.11427e-09
9.36 5.76384e-08 2.29087 1.09269e-08
9.37 1.1725e-07 2.34423 2.17218e-08
9.38 2.31095e-07 2.39883 4.18383e-08
9.39 4.51933e-07 2.45471 7.99575e-08
9.4 8.76134e-07 2.51188 1.5148e-07
9.41 1.63021e-06 2.57039 2.7544e-07
9.42 2.9637e-06 2.63027 4.89349e-07
9.43 5.27494e-06 2.69154 8.51142e-07
9.44 9.06785e-06 2.75423 1.42985e-06
9.45 1.5473e-05 2.81838 2.38428e-06
9.46 2.56725e-05 2.88403 3.86591e-06
9.47 4.22804e-05 2.95121 6.2219e-06
9.48 6.88664e-05 3.01995 9.90358e-06
9.49 0.000107803 3.09029 1.51501e-05
9.5 0.000168015 3.16228 2.30745e-05
9.51 0.000254826 3.23594 3.42001e-05
9.52 0.000378977 3.31131 4.97046e-05
9.53 0.000551023 3.38844 7.06244e-05
9.54 0.000794266 3.46737 9.94833e-05
9.55 0.0011152 3.54814 0.000136502
9.56 0.00155757 3.63078 0.000186308
9.57 0.00210916 3.71535 0.000246544
9.58 0.00280692 3.80189 0.000320637
9.59 0.00362093 3.89045 0.000404208
9.6 0.00471428 3.98108 0.000514279
9.61 0.00601006 4.0738 0.000640713
9.62 0.00755943 4.16869 0.000787542
9.63 0.00927489 4.2658 0.000944262
9.64 0.0113814 4.36515 0.00113235
9.65 0.0137646 4.46683 0.00133829
9.66 0.0162194 4.57088 0.00154106
9.67 0.0189743 4.67735 0.00176177
9.68 0.0218669 4.7863 0.00198413
9.69 0.0248856 4.89778 0.00220664
9.7 0.0274278 5.01187 0.00237671
9.71 0.0304672 5.12861 0.00257999
9.72 0.0335328 5.24808 0.00277495
9.73 0.0360187 5.37031 0.00291282
9.74 0.0377399 5.49541 0.00298254
9.75 0.0397538 5.62341 0.00307017
9.76 0.0413166 5.7544 0.00311823
9.77 0.0425931 5.88844 0.0031414
9.78 0.0434135 6.02559 0.00312903
9.79 0.043164 6.16595 0.00304023
9.8 0.0431981 6.30958 0.00297337
9.81 0.0416612 6.45653 0.00280231
9.82 0.0392796 6.60693 0.00258197
9.83 0.0379181 6.76083 0.00243574
9.84 0.036242 6.91831 0.00227508
9.85 0.0333963 7.07946 0.00204872
9.86 0.0306969 7.24435 0.00184026
9.87 0.0282478 7.4131 0.00165489
9.88 0.025833 7.58578 0.00147897
9.89 0.0236408 7.76246 0.00132266
9.9 0.0213921 7.94328 0.0011696
9.91 0.0190369 8.1283 0.00101714
9.92 0.0165411 8.31764 0.000863671
9.93 0.0138228 8.51139 0.000705309
9.94 0.0116119 8.70963 0.000579015
9.95 0.00999263 8.91251 0.000486927
9.96 0.00838058 9.12011 0.000399079
9.97 0.00693165 9.33255 0.000322567
9.98 0.00573 9.54992 0.000260579
9.99 0.00470836 9.77237 0.000209244
10 0.00385532 10 0.000167434
10.01 0.00316505 10.2329 0.000134327
10.02 0.00257759 10.4713 0.000106905
10.03 0.00205922 10.7152 8.34616e-05
10.04 0.00163758 10.9648 6.48614e-05
10.05 0.00124237 11.2202 4.80879e-05
10.06 0.000937738 11.4815 3.54704e-05
10.07 0.000718978 11.749 2.65767e-05
10.08 0.000546198 12.0226 1.97303e-05
10.09 0.000409131 12.3027 1.44426e-05
10.1 0.00030583 12.5893 1.05503e-05
10.11 0.000227531 12.8825 7.67052e-06
10.12 0.000155126 13.1826 5.11058e-06
10.13 0.000107817 13.4896 3.47112e-06
10.14 7.68506e-05 13.8038 2.41787e-06
