#logage logm JPDF
9.36 0.18697 1.11309e-10 
9.36 0.18897 1.44432e-10 
9.36 0.19097 1.64231e-10 
9.36 0.19297 1.77597e-10 
9.36 0.19497 2.1164e-10 
9.36 0.19697 1.22567e-10 
9.37 0.18097 1.47731e-10 
9.37 0.18297 2.18679e-10 
9.37 0.18497 2.93065e-10 
9.37 0.18697 3.5807e-10 
9.37 0.18897 3.96838e-10 
9.37 0.19097 4.05265e-10 
9.37 0.19297 5.36504e-10 
9.37 0.19497 2.62457e-10 
9.37 0.19697 1.81896e-10 
9.37 0.19897 1.70634e-10 
9.38 0.17697 2.49747e-10 
9.38 0.17897 3.81036e-10 
9.38 0.18097 5.59571e-10 
9.38 0.18297 7.05865e-10 
9.38 0.18497 8.88656e-10 
9.38 0.18697 8.44643e-10 
9.38 0.18897 8.29737e-10 
9.38 0.19097 7.17736e-10 
9.38 0.19297 8.6324e-10 
9.38 0.19497 4.48524e-10 
9.38 0.19697 3.06053e-10 
9.38 0.19897 1.89955e-10 
9.38 0.20097 1.10053e-10 
9.39 0.17297 3.26541e-10 
9.39 0.17497 6.50891e-10 
9.39 0.17697 9.81692e-10 
9.39 0.17897 1.32194e-09 
9.39 0.18097 1.78319e-09 
9.39 0.18297 1.84252e-09 
9.39 0.18497 1.99344e-09 
9.39 0.18697 1.89304e-09 
9.39 0.18897 1.61196e-09 
9.39 0.19097 1.26653e-09 
9.39 0.19297 1.53415e-09 
9.39 0.19497 6.07693e-10 
9.39 0.19697 3.78592e-10 
9.39 0.19897 2.11079e-10 
9.39 0.20097 1.17672e-10 
9.4 0.16897 3.01743e-10 
9.4 0.17097 1.02111e-09 
9.4 0.17297 1.57448e-09 
9.4 0.17497 2.40374e-09 
9.4 0.17697 3.21115e-09 
9.4 0.17897 3.79747e-09 
9.4 0.18097 4.32317e-09 
9.4 0.18297 4.41302e-09 
9.4 0.18497 4.11817e-09 
9.4 0.18697 3.39161e-09 
9.4 0.18897 3.8601e-09 
9.4 0.19097 1.96795e-09 
9.4 0.19297 1.18698e-09 
9.4 0.19497 6.49899e-10 
9.4 0.19697 3.94108e-10 
9.4 0.19897 2.11175e-10 
9.41 0.16497 2.75041e-10 
9.41 0.16697 1.34663e-09 
9.41 0.16897 2.56265e-09 
9.41 0.17097 3.905e-09 
9.41 0.17297 5.48192e-09 
9.41 0.17497 7.43594e-09 
9.41 0.17697 8.81413e-09 
9.41 0.17897 9.36823e-09 
9.41 0.18097 9.39423e-09 
9.41 0.18297 8.70909e-09 
9.41 0.18497 6.90794e-09 
9.41 0.18697 8.09361e-09 
9.41 0.18897 3.64676e-09 
9.41 0.19097 2.10497e-09 
9.41 0.19297 1.19003e-09 
9.41 0.19497 6.37985e-10 
9.41 0.19697 3.51513e-10 
9.41 0.19897 1.01503e-10 
9.42 0.16097 2.18902e-10 
9.42 0.16297 1.58546e-09 
9.42 0.16497 3.66121e-09 
9.42 0.16697 6.16745e-09 
9.42 0.16897 9.41384e-09 
9.42 0.17097 1.28622e-08 
9.42 0.17297 1.60439e-08 
9.42 0.17497 1.88744e-08 
9.42 0.17697 1.97338e-08 
9.42 0.17897 1.86969e-08 
9.42 0.18097 1.69692e-08 
9.42 0.18297 1.96462e-08 
9.42 0.18497 9.91619e-09 
9.42 0.18697 7.15421e-09 
9.42 0.18897 3.68067e-09 
9.42 0.19097 2.11425e-09 
9.42 0.19297 1.13716e-09 
9.42 0.19497 5.38711e-10 
9.42 0.19697 2.62737e-10 
9.43 0.15697 1.37626e-10 
9.43 0.15897 1.46027e-09 
9.43 0.16097 5.09041e-09 
9.43 0.16297 9.0628e-09 
9.43 0.16497 1.43968e-08 
9.43 0.16697 2.08674e-08 
9.43 0.16897 2.91947e-08 
9.43 0.17097 3.47315e-08 
9.43 0.17297 3.84772e-08 
9.43 0.17497 4.0123e-08 
9.43 0.17697 3.77104e-08 
9.43 0.17897 3.28479e-08 
9.43 0.18097 3.63609e-08 
9.43 0.18297 1.68092e-08 
9.43 0.18497 1.12927e-08 
9.43 0.18697 6.34198e-09 
9.43 0.18897 3.76763e-09 
9.43 0.19097 1.89205e-09 
9.43 0.19297 9.01113e-10 
9.43 0.19497 4.84359e-10 
9.43 0.19697 1.62891e-10 
9.44 0.15497 1.22768e-09 
9.44 0.15697 6.11072e-09 
9.44 0.15897 1.20814e-08 
9.44 0.16097 2.09633e-08 
9.44 0.16297 3.2522e-08 
9.44 0.16497 4.57851e-08 
9.44 0.16697 5.96722e-08 
9.44 0.16897 7.47918e-08 
9.44 0.17097 7.7783e-08 
9.44 0.17297 7.8563e-08 
9.44 0.17497 6.96187e-08 
9.44 0.17697 8.5564e-08 
9.44 0.17897 4.47404e-08 
9.44 0.18097 2.7557e-08 
9.44 0.18297 1.83885e-08 
9.44 0.18497 1.11567e-08 
9.44 0.18697 6.01138e-09 
9.44 0.18897 2.99948e-09 
9.44 0.19097 1.63274e-09 
9.44 0.19297 6.41118e-10 
9.44 0.19497 1.81695e-10 
9.45 0.15097 8.24594e-10 
9.45 0.15297 5.87677e-09 
9.45 0.15497 1.59911e-08 
9.45 0.15697 2.81134e-08 
9.45 0.15897 4.66123e-08 
9.45 0.16097 7.11187e-08 
9.45 0.16297 9.82303e-08 
9.45 0.16497 1.25241e-07 
9.45 0.16697 1.42836e-07 
9.45 0.16897 1.57218e-07 
9.45 0.17097 1.49421e-07 
9.45 0.17297 1.33704e-07 
9.45 0.17497 1.57681e-07 
9.45 0.17697 8.33543e-08 
9.45 0.17897 5.00383e-08 
9.45 0.18097 3.00615e-08 
9.45 0.18297 1.69051e-08 
9.45 0.18497 9.21785e-09 
9.45 0.18697 4.34536e-09 
9.45 0.18897 2.07142e-09 
9.45 0.19097 9.58584e-10 
9.45 0.19297 2.8338e-10 
9.45 0.19497 1.1303e-10 
9.46 0.14697 3.84552e-10 
9.46 0.14897 5.42156e-09 
9.46 0.15097 1.82013e-08 
9.46 0.15297 3.73361e-08 
9.46 0.15497 6.48443e-08 
9.46 0.15697 1.01316e-07 
9.46 0.15897 1.48634e-07 
9.46 0.16097 2.11505e-07 
9.46 0.16297 2.52542e-07 
9.46 0.16497 2.80755e-07 
9.46 0.16697 2.75136e-07 
9.46 0.16897 2.81711e-07 
9.46 0.17097 3.34657e-07 
9.46 0.17297 1.98504e-07 
9.46 0.17497 1.32668e-07 
9.46 0.17697 8.14535e-08 
9.46 0.17897 4.83102e-08 
9.46 0.18097 2.6519e-08 
9.46 0.18297 1.45265e-08 
9.46 0.18497 6.71696e-09 
9.46 0.18697 3.16211e-09 
9.46 0.18897 1.47085e-09 
9.46 0.19097 4.51479e-10 
9.46 0.19297 1.90321e-10 
9.47 0.14497 3.98218e-09 
9.47 0.14697 1.93991e-08 
9.47 0.14897 4.55523e-08 
9.47 0.15097 8.27023e-08 
9.47 0.15297 1.38989e-07 
9.47 0.15497 2.17749e-07 
9.47 0.15697 3.10538e-07 
9.47 0.15897 4.06879e-07 
9.47 0.16097 4.78229e-07 
9.47 0.16297 5.24892e-07 
9.47 0.16497 5.16056e-07 
9.47 0.16697 4.68414e-07 
9.47 0.16897 3.95753e-07 
9.47 0.17097 3.61071e-07 
9.47 0.17297 2.47902e-07 
9.47 0.17497 2.01464e-07 
9.47 0.17697 7.80217e-08 
9.47 0.17897 4.12939e-08 
9.47 0.18097 2.21814e-08 
9.47 0.18297 1.05108e-08 
9.47 0.18497 4.72706e-09 
9.47 0.18697 2.18583e-09 
9.47 0.18897 7.61791e-10 
9.47 0.19097 1.72871e-10 
9.48 0.14097 1.7453e-09 
9.48 0.14297 1.90799e-08 
9.48 0.14497 5.42313e-08 
9.48 0.14697 1.03515e-07 
9.48 0.14897 1.81921e-07 
9.48 0.15097 2.95226e-07 
9.48 0.15297 4.43239e-07 
9.48 0.15497 6.31119e-07 
9.48 0.15697 7.82207e-07 
9.48 0.15897 8.82711e-07 
9.48 0.16097 9.35856e-07 
9.48 0.16297 9.06317e-07 
9.48 0.16497 7.87306e-07 
9.48 0.16697 7.61254e-07 
9.48 0.16897 5.51448e-07 
9.48 0.17097 3.88033e-07 
9.48 0.17297 2.37856e-07 
9.48 0.17497 1.80683e-07 
9.48 0.17697 6.58741e-08 
9.48 0.17897 3.37418e-08 
9.48 0.18097 1.52e-08 
9.48 0.18297 7.76457e-09 
9.48 0.18497 2.39214e-09 
9.48 0.18697 6.89177e-10 
9.48 0.18897 2.35899e-10 
9.49 0.13897 1.53805e-08 
9.49 0.14097 5.59672e-08 
9.49 0.14297 1.2367e-07 
9.49 0.14497 2.32239e-07 
9.49 0.14697 3.93429e-07 
9.49 0.14897 6.12153e-07 
9.49 0.15097 9.32836e-07 
9.49 0.15297 1.18578e-06 
9.49 0.15497 1.4644e-06 
9.49 0.15697 1.62787e-06 
9.49 0.15897 1.65526e-06 
9.49 0.16097 1.53933e-06 
9.49 0.16297 1.51867e-06 
9.49 0.16497 1.23775e-06 
9.49 0.16697 8.65453e-07 
9.49 0.16897 5.32416e-07 
9.49 0.17097 3.69413e-07 
9.49 0.17297 2.62793e-07 
9.49 0.17497 1.16287e-07 
9.49 0.17697 4.30222e-08 
9.49 0.17897 1.87894e-08 
9.49 0.18097 7.61405e-09 
9.49 0.18297 3.29796e-09 
9.49 0.18497 9.6076e-10 
9.49 0.18697 3.70493e-10 
9.5 0.13497 8.67717e-09 
9.5 0.13697 5.59241e-08 
9.5 0.13897 1.36018e-07 
9.5 0.14097 2.67383e-07 
9.5 0.14297 4.84266e-07 
9.5 0.14497 8.08384e-07 
9.5 0.14697 1.25995e-06 
9.5 0.14897 1.76336e-06 
9.5 0.15097 2.23296e-06 
9.5 0.15297 2.66327e-06 
9.5 0.15497 2.65423e-06 
9.5 0.15697 1.58534e-06 
9.5 0.15897 2.64164e-06 
9.5 0.16097 3.61528e-06 
9.5 0.16297 1.82701e-06 
9.5 0.16497 1.29117e-06 
9.5 0.16697 8.71033e-07 
9.5 0.16897 5.24265e-07 
9.5 0.17097 2.93809e-07 
9.5 0.17297 1.82454e-07 
9.5 0.17497 5.77452e-08 
9.5 0.17697 2.55762e-08 
9.5 0.17897 1.06036e-08 
9.5 0.18097 4.24728e-09 
9.5 0.18297 1.22857e-09 
9.5 0.18497 5.00213e-10 
9.51 0.13297 4.72193e-08 
9.51 0.13497 1.44383e-07 
9.51 0.13697 2.99266e-07 
9.51 0.13897 5.66216e-07 
9.51 0.14097 9.86805e-07 
9.51 0.14297 1.59817e-06 
9.51 0.14497 2.4279e-06 
9.51 0.14697 3.2299e-06 
9.51 0.14897 4.01519e-06 
9.51 0.15097 3.98185e-06 
9.51 0.15297 3.27741e-06 
9.51 0.15497 4.37513e-06 
9.51 0.15697 6.52859e-06 
9.51 0.15897 3.7568e-06 
9.51 0.16097 2.75204e-06 
9.51 0.16297 1.93874e-06 
9.51 0.16497 1.20776e-06 
9.51 0.16697 7.13187e-07 
9.51 0.16897 4.05524e-07 
9.51 0.17097 2.48978e-07 
9.51 0.17297 7.82444e-08 
9.51 0.17497 3.44468e-08 
9.51 0.17697 1.35813e-08 
9.51 0.17897 5.21626e-09 
9.51 0.18097 1.81656e-09 
9.51 0.18297 4.43131e-10 
9.52 0.12897 2.61455e-08 
9.52 0.13097 1.36035e-07 
9.52 0.13297 3.1124e-07 
9.52 0.13497 6.43522e-07 
9.52 0.13697 1.17939e-06 
9.52 0.13897 2.02308e-06 
9.52 0.14097 3.19288e-06 
9.52 0.14297 4.26849e-06 
9.52 0.14497 5.89024e-06 
9.52 0.14697 5.76744e-06 
9.52 0.14897 5.35956e-06 
9.52 0.15097 7.9125e-06 
9.52 0.15297 7.64068e-06 
9.52 0.15497 9.93154e-06 
9.52 0.15697 5.73672e-06 
9.52 0.15897 4.10372e-06 
9.52 0.16097 2.69395e-06 
9.52 0.16297 1.7102e-06 
9.52 0.16497 9.62124e-07 
9.52 0.16697 5.43975e-07 
9.52 0.16897 2.7462e-07 
9.52 0.17097 1.40711e-07 
9.52 0.17297 4.35597e-08 
9.52 0.17497 2.10831e-08 
9.52 0.17697 4.90151e-09 
9.52 0.17897 1.6737e-09 
9.52 0.18097 1.79308e-10 
9.53 0.12697 1.30882e-07 
9.53 0.12897 3.28576e-07 
9.53 0.13097 6.70117e-07 
9.53 0.13297 1.27912e-06 
9.53 0.13497 2.33193e-06 
9.53 0.13697 3.94459e-06 
9.53 0.13897 5.86934e-06 
9.53 0.14097 8.13491e-06 
9.53 0.14297 8.67867e-06 
9.53 0.14497 7.1862e-06 
9.53 0.14697 1.20908e-05 
9.53 0.14897 1.24014e-05 
9.53 0.15097 1.81582e-05 
9.53 0.15297 9.37656e-06 
9.53 0.15497 7.97441e-06 
9.53 0.15697 5.67496e-06 
9.53 0.15897 3.74779e-06 
9.53 0.16097 2.39843e-06 
9.53 0.16297 1.31358e-06 
9.53 0.16497 6.92436e-07 
9.53 0.16697 4.01676e-07 
9.53 0.16897 1.51195e-07 
9.53 0.17097 4.36007e-08 
9.53 0.17297 1.63345e-08 
9.53 0.17497 6.90719e-09 
9.53 0.17697 1.26355e-09 
9.53 0.17897 1.05071e-10 
9.54 0.12297 6.46742e-08 
9.54 0.12497 3.0025e-07 
9.54 0.12697 7.0189e-07 
9.54 0.12897 1.4234e-06 
9.54 0.13097 2.71163e-06 
9.54 0.13297 4.43994e-06 
9.54 0.13497 7.23117e-06 
9.54 0.13697 1.04528e-05 
9.54 0.13897 1.35454e-05 
9.54 0.14097 9.68929e-06 
9.54 0.14297 1.71395e-05 
9.54 0.14497 1.94464e-05 
9.54 0.14697 2.07241e-05 
9.54 0.14897 2.60896e-05 
9.54 0.15097 1.49768e-05 
9.54 0.15297 1.09023e-05 
9.54 0.15497 7.56372e-06 
9.54 0.15697 4.78538e-06 
9.54 0.15897 2.77523e-06 
9.54 0.16097 1.50648e-06 
9.54 0.16297 7.52094e-07 
9.54 0.16497 3.49201e-07 
9.54 0.16697 1.68245e-07 
9.54 0.16897 4.48044e-08 
9.54 0.17097 1.65192e-08 
9.54 0.17297 8.2111e-09 
9.54 0.17497 9.507e-10 
9.55 0.12097 2.80616e-07 
9.55 0.12297 6.55173e-07 
9.55 0.12497 1.4067e-06 
9.55 0.12697 2.87322e-06 
9.55 0.12897 5.24082e-06 
9.55 0.13097 8.81809e-06 
9.55 0.13297 1.2494e-05 
9.55 0.13497 1.80484e-05 
9.55 0.13697 1.26589e-05 
9.55 0.13897 2.54367e-05 
9.55 0.14097 2.93394e-05 
9.55 0.14297 2.80366e-05 
9.55 0.14497 4.37877e-05 
9.55 0.14697 2.57217e-05 
9.55 0.14897 2.0848e-05 
9.55 0.15097 1.02944e-05 
9.55 0.15297 1.2044e-05 
9.55 0.15497 8.89739e-06 
9.55 0.15697 3.5271e-06 
9.55 0.15897 1.82427e-06 
9.55 0.16097 9.11717e-07 
9.55 0.16297 4.10396e-07 
9.55 0.16497 1.8419e-07 
9.55 0.16697 6.16992e-08 
9.55 0.16897 1.72919e-08 
9.55 0.17097 3.55407e-09 
9.55 0.17297 5.24276e-10 
9.56 0.11697 1.55625e-07 
9.56 0.11897 6.43387e-07 
9.56 0.12097 1.42727e-06 
9.56 0.12297 2.88462e-06 
9.56 0.12497 5.49045e-06 
9.56 0.12697 9.79628e-06 
9.56 0.12897 1.5769e-05 
9.56 0.13097 2.38305e-05 
9.56 0.13297 1.66609e-05 
9.56 0.13497 3.31586e-05 
9.56 0.13697 4.12545e-05 
9.56 0.13897 4.43089e-05 
9.56 0.14097 4.45866e-05 
9.56 0.14297 6.2281e-05 
9.56 0.14497 2.36127e-05 
9.56 0.14697 3.14687e-05 
9.56 0.14897 2.2586e-05 
9.56 0.15097 1.4794e-05 
9.56 0.15297 9.52493e-06 
9.56 0.15497 6.46697e-06 
9.56 0.15697 2.21724e-06 
9.56 0.15897 1.08078e-06 
9.56 0.16097 4.68344e-07 
9.56 0.16297 2.18134e-07 
9.56 0.16497 5.98385e-08 
9.56 0.16697 2.06124e-08 
9.56 0.16897 2.66508e-09 
9.56 0.17097 2.80466e-10 
9.57 0.11297 5.53103e-09 
9.57 0.11497 5.37779e-07 
9.57 0.11697 1.31905e-06 
9.57 0.11897 2.94969e-06 
9.57 0.12097 6.05574e-06 
9.57 0.12297 1.01036e-05 
9.57 0.12497 1.76698e-05 
9.57 0.12697 2.66784e-05 
9.57 0.12897 2.90835e-05 
9.57 0.13097 3.80647e-05 
9.57 0.13297 5.30979e-05 
9.57 0.13497 6.41607e-05 
9.57 0.13697 7.44166e-05 
9.57 0.13897 9.27883e-05 
9.57 0.14097 3.14107e-05 
9.57 0.14297 5.35184e-05 
9.57 0.14497 4.06992e-05 
9.57 0.14697 2.82266e-05 
9.57 0.14897 1.81271e-05 
9.57 0.15097 1.0648e-05 
9.57 0.15297 5.9364e-06 
9.57 0.15497 3.72706e-06 
9.57 0.15697 1.37929e-06 
9.57 0.15897 4.19237e-07 
9.57 0.16097 1.63283e-07 
9.57 0.16297 6.84741e-08 
9.57 0.16497 1.47013e-08 
9.57 0.16697 1.32989e-09 
9.58 0.11097 2.86615e-07 
9.58 0.11297 1.15975e-06 
9.58 0.11497 2.63922e-06 
9.58 0.11697 5.67697e-06 
9.58 0.11897 1.13026e-05 
9.58 0.12097 2.02808e-05 
9.58 0.12297 3.01042e-05 
9.58 0.12497 4.59931e-05 
9.58 0.12697 3.38202e-05 
9.58 0.12897 7.22551e-05 
9.58 0.13097 7.85373e-05 
9.58 0.13297 9.91913e-05 
9.58 0.13497 0.00011171 
9.58 0.13697 9.76036e-05 
9.58 0.13897 8.55442e-05 
9.58 0.14097 6.65915e-05 
9.58 0.14297 4.39045e-05 
9.58 0.14497 3.4971e-05 
9.58 0.14697 2.22426e-05 
9.58 0.14897 1.29567e-05 
9.58 0.15097 7.6343e-06 
9.58 0.15297 3.37857e-06 
9.58 0.15497 1.22118e-06 
9.58 0.15697 4.22753e-07 
9.58 0.15897 1.62101e-07 
9.58 0.16097 7.87078e-08 
9.58 0.16297 8.39446e-09 
9.58 0.16497 5.6655e-10 
9.59 0.10697 1.48751e-09 
9.59 0.10897 9.62311e-07 
9.59 0.11097 2.31591e-06 
9.59 0.11297 5.13908e-06 
9.59 0.11497 1.12041e-05 
9.59 0.11697 2.05013e-05 
9.59 0.11897 3.39542e-05 
9.59 0.12097 4.75908e-05 
9.59 0.12297 3.93515e-05 
9.59 0.12497 9.03723e-05 
9.59 0.12697 0.000112774 
9.59 0.12897 0.000131428 
9.59 0.13097 0.000141878 
9.59 0.13297 0.000145984 
9.59 0.13497 0.000137526 
9.59 0.13697 0.000112721 
9.59 0.13897 8.58718e-05 
9.59 0.14097 6.02301e-05 
9.59 0.14297 3.89811e-05 
9.59 0.14497 2.41388e-05 
9.59 0.14697 1.32237e-05 
9.59 0.14897 6.86883e-06 
9.59 0.15097 3.26729e-06 
9.59 0.15297 1.65087e-06 
9.59 0.15497 4.21241e-07 
9.59 0.15697 1.86798e-07 
9.59 0.15897 5.97649e-08 
9.59 0.16097 5.84768e-09 
9.59 0.16297 1.72061e-10 
9.6 0.10497 4.9662e-07 
9.6 0.10697 1.99604e-06 
9.6 0.10897 4.8095e-06 
9.6 0.11097 9.83013e-06 
9.6 0.11297 1.96361e-05 
9.6 0.11497 3.62096e-05 
9.6 0.11697 5.84949e-05 
9.6 0.11897 4.8516e-05 
9.6 0.12097 9.46958e-05 
9.6 0.12297 0.000140107 
9.6 0.12497 0.000173254 
9.6 0.12697 0.000193559 
9.6 0.12897 0.000197017 
9.6 0.13097 0.000192497 
9.6 0.13297 0.000178191 
9.6 0.13497 0.000145512 
9.6 0.13697 0.000107066 
9.6 0.13897 7.33631e-05 
9.6 0.14097 4.61303e-05 
9.6 0.14297 2.67966e-05 
9.6 0.14497 1.44556e-05 
9.6 0.14697 7.21402e-06 
9.6 0.14897 3.28344e-06 
9.6 0.15097 1.57473e-06 
9.6 0.15297 4.96783e-07 
9.6 0.15497 1.54059e-07 
9.6 0.15697 3.16839e-08 
9.6 0.15897 2.33054e-09 
9.61 0.10097 6.13458e-09 
9.61 0.10297 1.66441e-06 
9.61 0.10497 4.14943e-06 
9.61 0.10697 9.48786e-06 
9.61 0.10897 1.94141e-05 
9.61 0.11097 3.22617e-05 
9.61 0.11297 6.05633e-05 
9.61 0.11497 5.39374e-05 
9.61 0.11697 0.000122545 
9.61 0.11897 0.000168609 
9.61 0.12097 0.000188875 
9.61 0.12297 0.000251954 
9.61 0.12497 0.000278615 
9.61 0.12697 0.00027671 
9.61 0.12897 0.000256277 
9.61 0.13097 0.000214696 
9.61 0.13297 0.00016781 
9.61 0.13497 0.000121162 
9.61 0.13697 8.28546e-05 
9.61 0.13897 5.33765e-05 
9.61 0.14097 3.01904e-05 
9.61 0.14297 1.55271e-05 
9.61 0.14497 7.50331e-06 
9.61 0.14697 3.37735e-06 
9.61 0.14897 1.4284e-06 
9.61 0.15097 6.60294e-07 
9.61 0.15297 1.16798e-07 
9.61 0.15497 2.21597e-08 
9.61 0.15697 8.7135e-10 
9.62 0.09697 2.23676e-09 
9.62 0.09897 8.21687e-07 
9.62 0.10097 3.23083e-06 
9.62 0.10297 8.40539e-06 
9.62 0.10497 1.80075e-05 
9.62 0.10697 3.44098e-05 
9.62 0.10897 6.09053e-05 
9.62 0.11097 4.66735e-05 
9.62 0.11297 0.000125963 
9.62 0.11497 0.00019313 
9.62 0.11697 0.000260547 
9.62 0.11897 0.000280445 
9.62 0.12097 0.000400725 
9.62 0.12297 0.000385967 
9.62 0.12497 0.000330672 
9.62 0.12697 0.000334462 
9.62 0.12897 0.000272984 
9.62 0.13097 0.000204809 
9.62 0.13297 0.000142001 
9.62 0.13497 9.10006e-05 
9.62 0.13697 5.48999e-05 
9.62 0.13897 3.10527e-05 
9.62 0.14097 1.6179e-05 
9.62 0.14297 7.70002e-06 
9.62 0.14497 3.30956e-06 
9.62 0.14697 1.47313e-06 
9.62 0.14897 5.26063e-07 
9.62 0.15097 9.22482e-08 
9.62 0.15297 9.06015e-09 
9.62 0.15497 2.61579e-10 
9.63 0.09297 5.26961e-10 
9.63 0.09497 2.241e-08 
9.63 0.09697 2.73594e-06 
9.63 0.09897 7.26611e-06 
9.63 0.10097 1.46243e-05 
9.63 0.10297 3.24878e-05 
9.63 0.10497 6.02444e-05 
9.63 0.10697 5.87135e-05 
9.63 0.10897 0.000119581 
9.63 0.11097 0.000195685 
9.63 0.11297 0.000285199 
9.63 0.11497 0.000374084 
9.63 0.11697 0.000443594 
9.63 0.11897 0.000511079 
9.63 0.12097 0.000511959 
9.63 0.12297 0.000492263 
9.63 0.12497 0.000415392 
9.63 0.12697 0.000298452 
9.63 0.12897 0.000153771 
9.63 0.13097 0.000192144 
9.63 0.13297 0.000124152 
9.63 0.13497 7.42014e-05 
9.63 0.13697 4.73653e-05 
9.63 0.13897 1.6009e-05 
9.63 0.14097 7.55043e-06 
9.63 0.14297 3.14884e-06 
9.63 0.14497 1.49166e-06 
9.63 0.14697 4.06438e-07 
9.63 0.14897 6.18917e-08 
9.63 0.15097 2.1074e-09 
9.64 0.08897 8.44857e-10 
9.64 0.09097 5.5782e-09 
9.64 0.09297 1.31825e-06 
9.64 0.09497 5.80038e-06 
9.64 0.09697 1.40242e-05 
9.64 0.09897 2.9794e-05 
9.64 0.10097 4.89105e-05 
9.64 0.10297 6.21488e-05 
9.64 0.10497 0.000134859 
9.64 0.10697 0.000223676 
9.64 0.10897 0.000279355 
9.64 0.11097 0.000416789 
9.64 0.11297 0.000534104 
9.64 0.11497 0.000627676 
9.64 0.11697 0.000663594 
9.64 0.11897 0.000635442 
9.64 0.12097 0.000557042 
9.64 0.12297 0.000297255 
9.64 0.12497 0.000404739 
9.64 0.12697 0.000309037 
9.64 0.12897 0.000204898 
9.64 0.13097 0.000125236 
9.64 0.13297 7.08541e-05 
9.64 0.13497 3.69774e-05 
9.64 0.13697 2.10967e-05 
9.64 0.13897 5.73998e-06 
9.64 0.14097 2.24459e-06 
9.64 0.14297 9.89999e-07 
9.64 0.14497 2.94977e-07 
9.64 0.14697 2.51149e-08 
9.64 0.14897 1.36426e-09 
9.65 0.08497 2.2329e-10 
9.65 0.08697 1.21994e-08 
9.65 0.08897 1.65305e-07 
9.65 0.09097 4.08892e-06 
9.65 0.09297 1.14042e-05 
9.65 0.09497 2.58854e-05 
9.65 0.09697 5.29096e-05 
9.65 0.09897 4.98191e-05 
9.65 0.10097 0.000123067 
9.65 0.10297 0.000221581 
9.65 0.10497 0.000347468 
9.65 0.10697 0.000491111 
9.65 0.10897 0.000543222 
9.65 0.11097 0.000740884 
9.65 0.11297 0.000857385 
9.65 0.11497 0.000859584 
9.65 0.11697 0.000778627 
9.65 0.11897 0.000432836 
9.65 0.12097 0.000577843 
9.65 0.12297 0.000433959 
9.65 0.12497 0.000312075 
9.65 0.12697 0.000221897 
9.65 0.12897 0.000129735 
9.65 0.13097 7.13573e-05 
9.65 0.13297 3.6444e-05 
9.65 0.13497 1.84071e-05 
9.65 0.13697 7.05306e-06 
9.65 0.13897 2.15255e-06 
9.65 0.14097 7.60826e-07 
9.65 0.14297 1.31432e-07 
9.65 0.14497 8.46744e-09 
9.65 0.14697 2.60614e-10 
9.66 0.08297 2.84072e-09 
9.66 0.08497 8.5428e-08 
9.66 0.08697 2.2977e-06 
9.66 0.08897 9.41895e-06 
9.66 0.09097 1.88599e-05 
9.66 0.09297 4.39597e-05 
9.66 0.09497 5.56735e-05 
9.66 0.09697 0.000123493 
9.66 0.09897 0.000223697 
9.66 0.10097 0.000290644 
9.66 0.10297 0.000508942 
9.66 0.10497 0.000688503 
9.66 0.10697 0.000859861 
9.66 0.10897 0.00101234 
9.66 0.11097 0.00100596 
9.66 0.11297 0.000940026 
9.66 0.11497 0.000650074 
9.66 0.11697 0.000843277 
9.66 0.11897 0.000663918 
9.66 0.12097 0.000482715 
9.66 0.12297 0.000324192 
9.66 0.12497 0.000202385 
9.66 0.12697 0.000116012 
9.66 0.12897 6.5985e-05 
9.66 0.13097 3.29329e-05 
9.66 0.13297 1.46626e-05 
9.66 0.13497 7.89183e-06 
9.66 0.13697 1.58318e-06 
9.66 0.13897 5.16232e-07 
9.66 0.14097 8.90633e-08 
9.66 0.14297 6.12271e-09 
9.67 0.07897 6.51705e-09 
9.67 0.08097 2.94742e-08 
9.67 0.08297 4.14527e-07 
9.67 0.08497 6.86401e-06 
9.67 0.08697 1.74725e-05 
9.67 0.08897 3.98022e-05 
9.67 0.09097 5.01521e-05 
9.67 0.09297 9.75579e-05 
9.67 0.09497 0.000206275 
9.67 0.09697 0.000343151 
9.67 0.09897 0.000517498 
9.67 0.10097 0.000617039 
9.67 0.10297 0.000965609 
9.67 0.10497 0.00117874 
9.67 0.10697 0.00131931 
9.67 0.10897 0.000894381 
9.67 0.11097 0.00120912 
9.67 0.11297 0.0011541 
9.67 0.11497 0.000943807 
9.67 0.11697 0.000650788 
9.67 0.11897 0.000503811 
9.67 0.12097 0.000340108 
9.67 0.12297 0.000206958 
9.67 0.12497 0.000116616 
9.67 0.12697 6.01788e-05 
9.67 0.12897 2.83694e-05 
9.67 0.13097 1.31175e-05 
9.67 0.13297 6.57609e-06 
9.67 0.13497 1.08582e-06 
9.67 0.13697 3.9984e-07 
9.67 0.13897 3.25704e-08 
9.67 0.14097 1.59756e-09 
9.68 0.07497 1.65999e-09 
9.68 0.07697 5.14552e-08 
9.68 0.07897 5.30527e-07 
9.68 0.08097 3.08111e-06 
9.68 0.08297 1.33853e-05 
9.68 0.08497 3.11686e-05 
9.68 0.08697 5.34401e-05 
9.68 0.08897 8.95546e-05 
9.68 0.09097 0.000162838 
9.68 0.09297 0.000321778 
9.68 0.09497 0.000515064 
9.68 0.09697 0.000759217 
9.68 0.09897 0.00101648 
9.68 0.10097 0.00101954 
9.68 0.10297 0.00131936 
9.68 0.10497 0.00118713 
9.68 0.10697 0.00155921 
9.68 0.10897 0.00147215 
9.68 0.11097 0.00125452 
9.68 0.11297 0.00101263 
9.68 0.11497 0.000767792 
9.68 0.11697 0.000523411 
9.68 0.11897 0.000330827 
9.68 0.12097 0.000184827 
9.68 0.12297 9.94017e-05 
9.68 0.12497 5.50902e-05 
9.68 0.12697 2.56391e-05 
9.68 0.12897 1.17581e-05 
9.68 0.13097 3.92396e-06 
9.68 0.13297 1.48041e-06 
9.68 0.13497 1.48376e-07 
9.68 0.13697 1.07279e-08 
9.69 0.07097 2.95981e-09 
9.69 0.07297 1.5247e-08 
9.69 0.07497 2.64112e-07 
9.69 0.07697 1.63574e-06 
9.69 0.07897 1.18874e-05 
9.69 0.08097 2.14301e-05 
9.69 0.08297 4.4395e-05 
9.69 0.08497 7.56844e-05 
9.69 0.08697 0.000169717 
9.69 0.08897 0.000261712 
9.69 0.09097 0.0004461 
9.69 0.09297 0.000716588 
9.69 0.09497 0.00101184 
9.69 0.09697 0.00128263 
9.69 0.09897 0.000807743 
9.69 0.10097 0.00170471 
9.69 0.10297 0.0018411 
9.69 0.10497 0.00187579 
9.69 0.10697 0.00170196 
9.69 0.10897 0.00141241 
9.69 0.11097 0.00107698 
9.69 0.11297 0.000762949 
9.69 0.11497 0.000518906 
9.69 0.11697 0.00032616 
9.69 0.11897 0.000182117 
9.69 0.12097 8.54883e-05 
9.69 0.12297 5.00731e-05 
9.69 0.12497 2.38237e-05 
9.69 0.12697 8.22422e-06 
9.69 0.12897 2.65596e-06 
9.69 0.13097 1.13962e-06 
9.69 0.13297 1.037e-07 
9.69 0.13497 6.35791e-09 
9.7 0.06697 6.72649e-10 
9.7 0.06897 2.98166e-08 
9.7 0.07097 3.61278e-07 
9.7 0.07297 6.4631e-07 
9.7 0.07497 6.12051e-06 
9.7 0.07697 2.03794e-05 
9.7 0.07897 4.05186e-05 
9.7 0.08097 4.76179e-05 
9.7 0.08297 0.000137441 
9.7 0.08497 0.000258324 
9.7 0.08697 0.000457597 
9.7 0.08897 0.000589584 
9.7 0.09097 0.00100485 
9.7 0.09297 0.00088028 
9.7 0.09497 0.00160049 
9.7 0.09697 0.0019437 
9.7 0.09897 0.00178129 
9.7 0.10097 0.00212452 
9.7 0.10297 0.00220605 
9.7 0.10497 0.00191568 
9.7 0.10697 0.00153852 
9.7 0.10897 0.00111267 
9.7 0.11097 0.000674088 
9.7 0.11297 0.000500406 
9.7 0.11497 0.00035656 
9.7 0.11697 0.000238393 
9.7 0.11897 9.21542e-05 
9.7 0.12097 3.5112e-05 
9.7 0.12297 2.0214e-05 
9.7 0.12497 5.68888e-06 
9.7 0.12697 2.25808e-06 
9.7 0.12897 4.54452e-07 
9.7 0.13097 3.56732e-08 
9.7 0.13297 8.86974e-10 
9.71 0.06497 6.0785e-09 
9.71 0.06697 1.41168e-07 
9.71 0.06897 1.07507e-06 
9.71 0.07097 1.41497e-06 
9.71 0.07297 1.47057e-05 
9.71 0.07497 2.57245e-05 
9.71 0.07697 6.09294e-05 
9.71 0.07897 9.28888e-05 
9.71 0.08097 0.000216535 
9.71 0.08297 0.000385495 
9.71 0.08497 0.000647449 
9.71 0.08697 0.000646377 
9.71 0.08897 0.00101013 
9.71 0.09097 0.0016423 
9.71 0.09297 0.00209538 
9.71 0.09497 0.00239671 
9.71 0.09697 0.00251883 
9.71 0.09897 0.00248489 
9.71 0.10097 0.0022693 
9.71 0.10297 0.00148391 
9.71 0.10497 0.00125104 
9.71 0.10697 0.00134978 
9.71 0.10897 0.000893792 
9.71 0.11097 0.000550845 
9.71 0.11297 0.000325163 
9.71 0.11497 0.000175613 
9.71 0.11697 0.00010124 
9.71 0.11897 3.63684e-05 
9.71 0.12097 1.26483e-05 
9.71 0.12297 4.01266e-06 
9.71 0.12497 1.82762e-06 
9.71 0.12697 1.6613e-07 
9.71 0.12897 1.68931e-08 
9.72 0.06097 9.52723e-09 
9.72 0.06297 3.27131e-08 
9.72 0.06497 4.61812e-07 
9.72 0.06697 2.08298e-06 
9.72 0.06897 6.43926e-06 
9.72 0.07097 1.79749e-05 
9.72 0.07297 4.74825e-05 
9.72 0.07497 0.000103442 
9.72 0.07697 0.000146326 
9.72 0.07897 0.000328457 
9.72 0.08097 0.000563962 
9.72 0.08297 0.000610096 
9.72 0.08497 0.000892865 
9.72 0.08697 0.0016039 
9.72 0.08897 0.00211503 
9.72 0.09097 0.0025997 
9.72 0.09297 0.00287493 
9.72 0.09497 0.0019666 
9.72 0.09697 0.0037685 
9.72 0.09897 0.00168243 
9.72 0.10097 0.0021396 
9.72 0.10297 0.00158612 
9.72 0.10497 0.00113485 
9.72 0.10697 0.000720915 
9.72 0.10897 0.000529105 
9.72 0.11097 0.000298206 
9.72 0.11297 0.000156559 
9.72 0.11497 7.69236e-05 
9.72 0.11697 4.07569e-05 
9.72 0.11897 7.54999e-06 
9.72 0.12097 2.79755e-06 
9.72 0.12297 1.17928e-06 
9.72 0.12497 1.03189e-07 
9.72 0.12697 4.13993e-09 
9.73 0.05697 2.57171e-09 
9.73 0.05897 6.06519e-08 
9.73 0.06097 1.31804e-07 
9.73 0.06297 1.18082e-06 
9.73 0.06497 4.02379e-06 
9.73 0.06697 1.45494e-05 
9.73 0.06897 2.65872e-05 
9.73 0.07097 7.78611e-05 
9.73 0.07297 0.000159854 
9.73 0.07497 0.000220012 
9.73 0.07697 0.000457757 
9.73 0.07897 0.000555375 
9.73 0.08097 0.00108543 
9.73 0.08297 0.00121828 
9.73 0.08497 0.00200302 
9.73 0.08697 0.00258135 
9.73 0.08897 0.00245509 
9.73 0.09097 0.00287493 
9.73 0.09297 0.00405933 
9.73 0.09497 0.00248843 
9.73 0.09697 0.00271173 
9.73 0.09897 0.00215115 
9.73 0.10097 0.0016195 
9.73 0.10297 0.00112251 
9.73 0.10497 0.000711309 
9.73 0.10697 0.000388243 
9.73 0.10897 0.000249284 
9.73 0.11097 0.000134591 
9.73 0.11297 6.3915e-05 
9.73 0.11497 2.58899e-05 
9.73 0.11697 8.80091e-06 
9.73 0.11897 2.26114e-06 
9.73 0.12097 4.41838e-07 
9.73 0.12297 2.97674e-08 
9.74 0.05497 1.68575e-08 
9.74 0.05697 2.39381e-07 
9.74 0.05897 4.33458e-07 
9.74 0.06097 2.53326e-06 
9.74 0.06297 6.8694e-06 
9.74 0.06497 2.63185e-05 
9.74 0.06697 3.9645e-05 
9.74 0.06897 0.000112453 
9.74 0.07097 0.000240431 
9.74 0.07297 0.000249568 
9.74 0.07497 0.000534892 
9.74 0.07697 0.00097337 
9.74 0.07897 0.00146424 
9.74 0.08097 0.00159994 
9.74 0.08297 0.00248904 
9.74 0.08497 0.0020134 
9.74 0.08697 0.00331513 
9.74 0.08897 0.00367039 
9.74 0.09097 0.00374192 
9.74 0.09297 0.00336352 
9.74 0.09497 0.00281638 
9.74 0.09697 0.00221054 
9.74 0.09897 0.00160253 
9.74 0.10097 0.00105894 
9.74 0.10297 0.000653742 
9.74 0.10497 0.000339724 
9.74 0.10697 0.000212517 
9.74 0.10897 0.000109487 
9.74 0.11097 4.31484e-05 
9.74 0.11297 1.72113e-05 
9.74 0.11497 7.71322e-06 
9.74 0.11697 1.68024e-06 
9.74 0.11897 1.87552e-07 
9.74 0.12097 1.43435e-08 
9.75 0.05097 4.80387e-09 
9.75 0.05297 9.75114e-08 
9.75 0.05497 7.42374e-07 
9.75 0.05697 2.68279e-06 
9.75 0.05897 2.75192e-06 
9.75 0.06097 1.52828e-05 
9.75 0.06297 4.0877e-05 
9.75 0.06497 5.90834e-05 
9.75 0.06697 0.000160213 
9.75 0.06897 0.000262387 
9.75 0.07097 0.000444513 
9.75 0.07297 0.000741765 
9.75 0.07497 0.00131906 
9.75 0.07697 0.00192292 
9.75 0.07897 0.00207895 
9.75 0.08097 0.00251644 
9.75 0.08297 0.00354083 
9.75 0.08497 0.00388798 
9.75 0.08697 0.00372218 
9.75 0.08897 0.00379837 
9.75 0.09097 0.00321237 
9.75 0.09297 0.00292485 
9.75 0.09497 0.00219735 
9.75 0.09697 0.00152505 
9.75 0.09897 0.000978628 
9.75 0.10097 0.000577068 
9.75 0.10297 0.00028887 
9.75 0.10497 0.000173231 
9.75 0.10697 8.54997e-05 
9.75 0.10897 2.84612e-05 
9.75 0.11097 1.13142e-05 
9.75 0.11297 5.4581e-06 
9.75 0.11497 1.12491e-06 
9.75 0.11697 8.57674e-08 
9.75 0.11897 1.0957e-09 
9.76 0.04697 6.23715e-09 
9.76 0.04897 1.14781e-07 
9.76 0.05097 2.62639e-07 
9.76 0.05297 1.54838e-06 
9.76 0.05497 4.8466e-06 
9.76 0.05697 4.59776e-06 
9.76 0.05897 2.85626e-05 
9.76 0.06097 6.41294e-05 
9.76 0.06297 9.04437e-05 
9.76 0.06497 0.000162273 
9.76 0.06697 0.000359715 
9.76 0.06897 0.000708622 
9.76 0.07097 0.000894249 
9.76 0.07297 0.00171967 
9.76 0.07497 0.00165912 
9.76 0.07697 0.00279568 
9.76 0.07897 0.00345837 
9.76 0.08097 0.00383423 
9.76 0.08297 0.0042051 
9.76 0.08497 0.00422779 
9.76 0.08697 0.0039719 
9.76 0.08897 0.00323803 
9.76 0.09097 0.00261608 
9.76 0.09297 0.0012511 
9.76 0.09497 0.00150261 
9.76 0.09697 0.00100684 
9.76 0.09897 0.0006118 
9.76 0.10097 0.000369671 
9.76 0.10297 0.00015428 
9.76 0.10497 5.60204e-05 
9.76 0.10697 2.04336e-05 
9.76 0.10897 7.55971e-06 
9.76 0.11097 3.70376e-06 
9.76 0.11297 3.66836e-07 
9.76 0.11497 1.50855e-08 
9.77 0.04497 3.9689e-08 
9.77 0.04697 3.93989e-07 
9.77 0.04897 6.09765e-07 
9.77 0.05097 2.97773e-06 
9.77 0.05297 7.87557e-06 
9.77 0.05497 1.15769e-05 
9.77 0.05697 4.48757e-05 
9.77 0.05897 9.91055e-05 
9.77 0.06097 0.000141612 
9.77 0.06297 0.000224607 
9.77 0.06497 0.000513367 
9.77 0.06697 0.000869829 
9.77 0.06897 0.000998582 
9.77 0.07097 0.00134401 
9.77 0.07297 0.00252443 
9.77 0.07497 0.00319323 
9.77 0.07697 0.00405946 
9.77 0.07897 0.004496 
9.77 0.08097 0.00322853 
9.77 0.08297 0.00583789 
9.77 0.08497 0.00374078 
9.77 0.08697 0.00204502 
9.77 0.08897 0.00264748 
9.77 0.09097 0.00183212 
9.77 0.09297 0.00133567 
9.77 0.09497 0.000877798 
9.77 0.09697 0.000502507 
9.77 0.09897 0.000267735 
9.77 0.10097 0.000153391 
9.77 0.10297 4.85083e-05 
9.77 0.10497 1.41773e-05 
9.77 0.10697 6.28374e-06 
9.77 0.10897 1.32351e-06 
9.77 0.11097 1.94648e-07 
9.77 0.11297 4.08102e-09 
9.78 0.04097 1.13664e-08 
9.78 0.04297 1.69968e-07 
9.78 0.04497 9.33573e-07 
9.78 0.04697 1.14876e-06 
9.78 0.04897 5.04644e-06 
9.78 0.05097 1.25388e-05 
9.78 0.05297 3.67422e-05 
9.78 0.05497 5.5234e-05 
9.78 0.05697 0.000112032 
9.78 0.05897 0.00025655 
9.78 0.06097 0.000313398 
9.78 0.06297 0.000717024 
9.78 0.06497 0.00103939 
9.78 0.06697 0.000965582 
9.78 0.06897 0.00223569 
9.78 0.07097 0.00283865 
9.78 0.07297 0.00397509 
9.78 0.07497 0.00367296 
9.78 0.07697 0.00418109 
9.78 0.07897 0.00641653 
9.78 0.08097 0.00383352 
9.78 0.08297 0.00307128 
9.78 0.08497 0.00327005 
9.78 0.08697 0.00245693 
9.78 0.08897 0.00169308 
9.78 0.09097 0.00105928 
9.78 0.09297 0.000702845 
9.78 0.09497 0.000394926 
9.78 0.09697 0.000216935 
9.78 0.09897 9.33576e-05 
9.78 0.10097 4.81124e-05 
9.78 0.10297 9.89705e-06 
9.78 0.10497 4.23152e-06 
9.78 0.10697 8.07886e-07 
9.78 0.10897 4.20552e-08 
9.79 0.03697 1.11008e-08 
9.79 0.03897 1.47623e-07 
9.79 0.04097 2.48841e-07 
9.79 0.04297 1.74576e-06 
9.79 0.04497 4.98244e-06 
9.79 0.04697 5.03433e-06 
9.79 0.04897 2.37575e-05 
9.79 0.05097 6.12099e-05 
9.79 0.05297 5.44962e-05 
9.79 0.05497 0.000187177 
9.79 0.05697 0.00036826 
9.79 0.05897 0.000443044 
9.79 0.06097 0.000802399 
9.79 0.06297 0.00129186 
9.79 0.06497 0.00149372 
9.79 0.06697 0.00353953 
9.79 0.06897 0.00368105 
9.79 0.07097 0.00283586 
9.79 0.07297 0.00442295 
9.79 0.07497 0.00471072 
9.79 0.07697 0.00468958 
9.79 0.07897 0.00438303 
9.79 0.08097 0.0039466 
9.79 0.08297 0.00307016 
9.79 0.08497 0.00219067 
9.79 0.08697 0.00146966 
9.79 0.08897 0.000852206 
9.79 0.09097 0.000543103 
9.79 0.09297 0.00030877 
9.79 0.09497 0.000155665 
9.79 0.09697 6.40374e-05 
9.79 0.09897 2.68262e-05 
9.79 0.10097 1.27579e-05 
9.79 0.10297 2.93543e-06 
9.79 0.10497 2.48627e-07 
9.79 0.10697 1.27635e-08 
9.8 0.03497 5.21508e-08 
9.8 0.03697 3.43434e-07 
9.8 0.03897 4.53918e-07 
9.8 0.04097 2.66132e-06 
9.8 0.04297 7.89909e-06 
9.8 0.04497 7.55372e-06 
9.8 0.04697 3.96713e-05 
9.8 0.04897 7.43931e-05 
9.8 0.05097 9.40856e-05 
9.8 0.05297 0.000272158 
9.8 0.05497 0.000509477 
9.8 0.05697 0.000427353 
9.8 0.05897 0.00108318 
9.8 0.06097 0.00172992 
9.8 0.06297 0.00257048 
9.8 0.06497 0.00308621 
9.8 0.06697 0.00301113 
9.8 0.06897 0.0044391 
9.8 0.07097 0.00498475 
9.8 0.07297 0.00513438 
9.8 0.07497 0.00503427 
9.8 0.07697 0.00393741 
9.8 0.07897 0.00360265 
9.8 0.08097 0.0027386 
9.8 0.08297 0.00193987 
9.8 0.08497 0.00123996 
9.8 0.08697 0.000696691 
9.8 0.08897 0.000417203 
9.8 0.09097 0.000224932 
9.8 0.09297 0.00010238 
9.8 0.09497 4.4785e-05 
9.8 0.09697 1.80795e-05 
9.8 0.09897 8.54248e-06 
9.8 0.10097 1.7869e-06 
9.8 0.10297 1.0478e-07 
9.8 0.10497 2.33616e-10 
9.81 0.03097 2.53868e-08 
9.81 0.03297 1.45539e-07 
9.81 0.03497 6.82848e-07 
9.81 0.03697 8.54336e-07 
9.81 0.03897 3.49033e-06 
9.81 0.04097 9.24282e-06 
9.81 0.04297 1.50382e-05 
9.81 0.04497 4.96663e-05 
9.81 0.04697 0.000112467 
9.81 0.04897 0.000131367 
9.81 0.05097 0.000372827 
9.81 0.05297 0.000538311 
9.81 0.05497 0.000629494 
9.81 0.05697 0.00138139 
9.81 0.05897 0.00201862 
9.81 0.06097 0.00210952 
9.81 0.06297 0.00345452 
9.81 0.06497 0.00436655 
9.81 0.06697 0.00501523 
9.81 0.06897 0.00498116 
9.81 0.07097 0.00498437 
9.81 0.07297 0.00468903 
9.81 0.07497 0.00390049 
9.81 0.07697 0.00311201 
9.81 0.07897 0.00215859 
9.81 0.08097 0.0015589 
9.81 0.08297 0.000925033 
9.81 0.08497 0.000620726 
9.81 0.08697 0.000391909 
9.81 0.08897 0.000156395 
9.81 0.09097 6.85211e-05 
9.81 0.09297 2.80137e-05 
9.81 0.09497 1.07259e-05 
9.81 0.09697 5.37401e-06 
9.81 0.09897 4.78536e-07 
9.81 0.10097 1.06618e-08 
9.82 0.02697 1.35219e-08 
9.82 0.02897 1.49511e-07 
9.82 0.03097 2.15301e-07 
9.82 0.03297 1.0959e-06 
9.82 0.03497 3.14432e-06 
9.82 0.03697 3.33582e-06 
9.82 0.03897 1.34076e-05 
9.82 0.04097 1.73518e-05 
9.82 0.04297 5.94354e-05 
9.82 0.04497 0.000128344 
9.82 0.04697 0.000155907 
9.82 0.04897 0.000305014 
9.82 0.05097 0.00058703 
9.82 0.05297 0.000738731 
9.82 0.05497 0.0015355 
9.82 0.05697 0.00191298 
9.82 0.05897 0.00284763 
9.82 0.06097 0.00412885 
9.82 0.06297 0.00435409 
9.82 0.06497 0.00347984 
9.82 0.06697 0.00467112 
9.82 0.06897 0.00652656 
9.82 0.07097 0.0042769 
9.82 0.07297 0.00345983 
9.82 0.07497 0.00187363 
9.82 0.07697 0.00198101 
9.82 0.07897 0.00147162 
9.82 0.08097 0.000984947 
9.82 0.08297 0.000579376 
9.82 0.08497 0.000318626 
9.82 0.08697 0.000180363 
9.82 0.08897 5.48772e-05 
9.82 0.09097 1.87081e-05 
9.82 0.09297 7.75384e-06 
9.82 0.09497 2.72102e-06 
9.82 0.09697 2.25085e-07 
9.82 0.09897 9.78814e-10 
9.83 0.02297 9.33053e-10 
9.83 0.02497 5.78959e-08 
9.83 0.02697 2.8737e-07 
9.83 0.02897 3.66642e-07 
9.83 0.03097 1.7513e-06 
9.83 0.03297 3.45822e-06 
9.83 0.03497 6.2678e-06 
9.83 0.03697 2.08704e-05 
9.83 0.03897 2.4734e-05 
9.83 0.04097 8.68367e-05 
9.83 0.04297 0.000171939 
9.83 0.04497 0.000143725 
9.83 0.04697 0.000454351 
9.83 0.04897 0.000590906 
9.83 0.05097 0.000957066 
9.83 0.05297 0.00215378 
9.83 0.05497 0.00263768 
9.83 0.05697 0.00316701 
9.83 0.05897 0.00360218 
9.83 0.06097 0.00337279 
9.83 0.06297 0.00470062 
9.83 0.06497 0.00630696 
9.83 0.06697 0.00380168 
9.83 0.06897 0.00339609 
9.83 0.07097 0.00228321 
9.83 0.07297 0.00266184 
9.83 0.07497 0.001858 
9.83 0.07697 0.00117368 
9.83 0.07897 0.000785057 
9.83 0.08097 0.00044793 
9.83 0.08297 0.000225732 
9.83 0.08497 0.000106696 
9.83 0.08697 5.74975e-05 
9.83 0.08897 1.29875e-05 
9.83 0.09097 5.43933e-06 
9.83 0.09297 9.94245e-07 
9.83 0.09497 2.62697e-08 
9.84 0.02097 5.29397e-08 
9.84 0.02297 9.48606e-08 
9.84 0.02497 5.30158e-07 
9.84 0.02697 6.5374e-07 
9.84 0.02897 2.76448e-06 
9.84 0.03097 2.7793e-06 
9.84 0.03297 1.17207e-05 
9.84 0.03497 2.96268e-05 
9.84 0.03697 3.63821e-05 
9.84 0.03897 0.00011593 
9.84 0.04097 0.000112671 
9.84 0.04297 0.000312726 
9.84 0.04497 0.00059928 
9.84 0.04697 0.000461793 
9.84 0.04897 0.00128947 
9.84 0.05097 0.00252357 
9.84 0.05297 0.0027691 
9.84 0.05497 0.00247907 
9.84 0.05697 0.00377455 
9.84 0.05897 0.00421331 
9.84 0.06097 0.00459048 
9.84 0.06297 0.00602437 
9.84 0.06497 0.00261876 
9.84 0.06697 0.00311834 
9.84 0.06897 0.00253947 
9.84 0.07097 0.00202314 
9.84 0.07297 0.00153092 
9.84 0.07497 0.000955678 
9.84 0.07697 0.000594633 
9.84 0.07897 0.000336122 
9.84 0.08097 0.000154279 
9.84 0.08297 7.18529e-05 
9.84 0.08497 3.12025e-05 
9.84 0.08697 1.54315e-05 
9.84 0.08897 3.2752e-06 
9.84 0.09097 4.22129e-07 
9.84 0.09297 3.32455e-09 
9.85 0.01697 1.45808e-08 
9.85 0.01897 7.38435e-08 
9.85 0.02097 2.09341e-07 
9.85 0.02297 8.48058e-07 
9.85 0.02497 9.19315e-07 
9.85 0.02697 4.0778e-06 
9.85 0.02897 4.12834e-06 
9.85 0.03097 1.65781e-05 
9.85 0.03297 4.3475e-05 
9.85 0.03497 4.84764e-05 
9.85 0.03697 0.000126521 
9.85 0.03897 0.00016215 
9.85 0.04097 0.000433356 
9.85 0.04297 0.000601439 
9.85 0.04497 0.000879251 
9.85 0.04697 0.00152017 
9.85 0.04897 0.0022025 
9.85 0.05097 0.00227971 
9.85 0.05297 0.00340248 
9.85 0.05497 0.00392502 
9.85 0.05697 0.00421072 
9.85 0.05897 0.00601367 
9.85 0.06097 0.00252447 
9.85 0.06297 0.00352694 
9.85 0.06497 0.00302334 
9.85 0.06697 0.00219413 
9.85 0.06897 0.00166014 
9.85 0.07097 0.0011164 
9.85 0.07297 0.000689154 
9.85 0.07497 0.000450916 
9.85 0.07697 0.00023303 
9.85 0.07897 0.000106923 
9.85 0.08097 4.82245e-05 
9.85 0.08297 2.03725e-05 
9.85 0.08497 9.68671e-06 
9.85 0.08697 1.91911e-06 
9.85 0.08897 6.08061e-08 
9.86 0.01497 4.67285e-08 
9.86 0.01697 7.09871e-08 
9.86 0.01897 4.06121e-07 
9.86 0.02097 1.29602e-06 
9.86 0.02297 1.3885e-06 
9.86 0.02497 6.01822e-06 
9.86 0.02697 5.82547e-06 
9.86 0.02897 2.47572e-05 
9.86 0.03097 4.56047e-05 
9.86 0.03297 6.67132e-05 
9.86 0.03497 0.000183155 
9.86 0.03697 0.000303383 
9.86 0.03897 0.000208471 
9.86 0.04097 0.000654481 
9.86 0.04297 0.000799823 
9.86 0.04497 0.00175887 
9.86 0.04697 0.00284807 
9.86 0.04897 0.003036 
9.86 0.05097 0.00338498 
9.86 0.05297 0.00382708 
9.86 0.05497 0.00278944 
9.86 0.05697 0.00486535 
9.86 0.05897 0.00350512 
9.86 0.06097 0.00326364 
9.86 0.06297 0.00257149 
9.86 0.06497 0.00179747 
9.86 0.06697 0.00135383 
9.86 0.06897 0.000850576 
9.86 0.07097 0.000520036 
9.86 0.07297 0.00028302 
9.86 0.07497 0.000151299 
9.86 0.07697 6.75826e-05 
9.86 0.07897 3.13231e-05 
9.86 0.08097 1.26042e-05 
9.86 0.08297 6.23682e-06 
9.86 0.08497 4.19387e-07 
9.86 0.08697 1.02129e-08 
9.87 0.01097 1.12931e-08 
9.87 0.01297 9.30528e-08 
9.87 0.01497 1.2805e-07 
9.87 0.01697 6.40881e-07 
9.87 0.01897 1.58282e-06 
9.87 0.02097 2.33505e-06 
9.87 0.02297 8.46023e-06 
9.87 0.02497 7.87397e-06 
9.87 0.02697 3.40707e-05 
9.87 0.02897 7.24245e-05 
9.87 0.03097 6.31649e-05 
9.87 0.03297 0.00017355 
9.87 0.03497 0.000151069 
9.87 0.03697 0.000443492 
9.87 0.03897 0.000502299 
9.87 0.04097 0.00176756 
9.87 0.04297 0.00197211 
9.87 0.04497 0.00247444 
9.87 0.04697 0.00296561 
9.87 0.04897 0.00244627 
9.87 0.05097 0.00314889 
9.87 0.05297 0.00363406 
9.87 0.05497 0.00490762 
9.87 0.05697 0.00325818 
9.87 0.05897 0.0025807 
9.87 0.06097 0.00212663 
9.87 0.06297 0.00145308 
9.87 0.06497 0.000927513 
9.87 0.06697 0.000635298 
9.87 0.06897 0.000443872 
9.87 0.07097 0.000278818 
9.87 0.07297 0.000120103 
9.87 0.07497 4.2595e-05 
9.87 0.07697 1.74381e-05 
9.87 0.07897 7.56589e-06 
9.87 0.08097 2.95027e-06 
9.87 0.08297 1.15673e-07 
9.88 0.00697002 1.05918e-08 
9.88 0.00896999 2.41766e-08 
9.88 0.01097 1.58481e-07 
9.88 0.01297 1.92048e-07 
9.88 0.01497 9.50632e-07 
9.88 0.01697 1.02669e-06 
9.88 0.01897 4.49741e-06 
9.88 0.02097 1.15424e-05 
9.88 0.02297 1.13088e-05 
9.88 0.02497 3.70575e-05 
9.88 0.02697 3.86484e-05 
9.88 0.02897 0.000108864 
9.88 0.03097 0.000107244 
9.88 0.03297 0.000309028 
9.88 0.03497 0.000348452 
9.88 0.03697 0.000872037 
9.88 0.03897 0.00160441 
9.88 0.04097 0.00196965 
9.88 0.04297 0.00225789 
9.88 0.04497 0.00220322 
9.88 0.04697 0.00300738 
9.88 0.04897 0.00308903 
9.88 0.05097 0.00454554 
9.88 0.05297 0.00328516 
9.88 0.05497 0.00282399 
9.88 0.05697 0.00211733 
9.88 0.05897 0.00121224 
9.88 0.06097 0.0012602 
9.88 0.06297 0.000984848 
9.88 0.06497 0.000627789 
9.88 0.06697 0.000345784 
9.88 0.06897 0.000181943 
9.88 0.07097 9.01315e-05 
9.88 0.07297 4.91269e-05 
9.88 0.07497 1.13815e-05 
9.88 0.07697 4.89295e-06 
9.88 0.07897 7.35017e-07 
9.88 0.08097 6.46435e-09 
9.89 0.00497001 3.01176e-08 
9.89 0.00697002 4.45187e-08 
9.89 0.00896999 2.45911e-07 
9.89 0.01097 3.05405e-07 
9.89 0.01297 1.35945e-06 
9.89 0.01497 1.57955e-06 
9.89 0.01697 5.15462e-06 
9.89 0.01897 4.55524e-06 
9.89 0.02097 1.87333e-05 
9.89 0.02297 2.33275e-05 
9.89 0.02497 6.47311e-05 
9.89 0.02697 7.22028e-05 
9.89 0.02897 0.000207699 
9.89 0.03097 0.000205899 
9.89 0.03297 0.000439973 
9.89 0.03497 0.00190039 
9.89 0.03697 0.00151433 
9.89 0.03897 0.00141217 
9.89 0.04097 0.00213075 
9.89 0.04297 0.0025272 
9.89 0.04497 0.00263758 
9.89 0.04697 0.0027208 
9.89 0.04897 0.00399598 
9.89 0.05097 0.00282352 
9.89 0.05297 0.00181146 
9.89 0.05497 0.00161726 
9.89 0.05697 0.00161489 
9.89 0.05897 0.00108791 
9.89 0.06097 0.000760937 
9.89 0.06297 0.000451661 
9.89 0.06497 0.000239917 
9.89 0.06697 0.000123712 
9.89 0.06897 5.87252e-05 
9.89 0.07097 2.61816e-05 
9.89 0.07297 1.22647e-05 
9.89 0.07497 2.66684e-06 
9.89 0.07697 2.52682e-07 
9.89 0.07897 3.09728e-10 
9.9 0.000970006 6.90258e-09 
9.9 0.00297001 5.33138e-08 
9.9 0.00497001 7.21376e-08 
9.9 0.00697002 3.70317e-07 
9.9 0.00896999 3.08518e-07 
9.9 0.01097 6.04319e-07 
9.9 0.01297 2.5382e-06 
9.9 0.01497 2.61401e-06 
9.9 0.01697 1.00333e-05 
9.9 0.01897 1.38622e-05 
9.9 0.02097 3.75204e-05 
9.9 0.02297 4.6272e-05 
9.9 0.02497 0.000132648 
9.9 0.02697 0.000117645 
9.9 0.02897 0.000324729 
9.9 0.03097 0.00114094 
9.9 0.03297 0.00134361 
9.9 0.03497 0.000974576 
9.9 0.03697 0.00179879 
9.9 0.03897 0.00206018 
9.9 0.04097 0.00225149 
9.9 0.04297 0.0024144 
9.9 0.04497 0.00238458 
9.9 0.04697 0.00304342 
9.9 0.04897 0.00135257 
9.9 0.05097 0.00196823 
9.9 0.05297 0.00173772 
9.9 0.05497 0.00128136 
9.9 0.05697 0.000843177 
9.9 0.05897 0.000559763 
9.9 0.06097 0.000309386 
9.9 0.06297 0.000165403 
9.9 0.06497 8.13593e-05 
9.9 0.06697 3.66763e-05 
9.9 0.06897 1.59039e-05 
9.9 0.07097 7.32343e-06 
9.9 0.07297 1.25892e-06 
9.9 0.07497 1.14155e-08 
9.91 -0.00303 1.82527e-09 
9.91 -0.00103 1.72422e-08 
9.91 0.000970006 2.85579e-08 
9.91 0.00297001 1.26296e-07 
9.91 0.00497001 1.48697e-07 
9.91 0.00697002 3.18359e-07 
9.91 0.00896999 1.25218e-06 
9.91 0.01097 1.29683e-06 
9.91 0.01297 5.27067e-06 
9.91 0.01497 6.8221e-06 
9.91 0.01697 1.06101e-05 
9.91 0.01897 3.95671e-05 
9.91 0.02097 8.31531e-05 
9.91 0.02297 7.10267e-05 
9.91 0.02497 0.000221389 
9.91 0.02697 0.000573518 
9.91 0.02897 0.000929673 
9.91 0.03097 0.00124209 
9.91 0.03297 0.00160521 
9.91 0.03497 0.00160683 
9.91 0.03697 0.00177131 
9.91 0.03897 0.00127743 
9.91 0.04097 0.00174898 
9.91 0.04297 0.00362919 
9.91 0.04497 0.0012299 
9.91 0.04697 0.00175561 
9.91 0.04897 0.00161395 
9.91 0.05097 0.00129352 
9.91 0.05297 0.000971063 
9.91 0.05497 0.000625627 
9.91 0.05697 0.000390411 
9.91 0.05897 0.000207572 
9.91 0.06097 0.000107395 
9.91 0.06297 5.16623e-05 
9.91 0.06497 2.24928e-05 
9.91 0.06697 9.10586e-06 
9.91 0.06897 4.24577e-06 
9.91 0.07097 1.61109e-07 
9.91 0.07297 9.42437e-10 
9.92 -0.00503001 4.11096e-09 
9.92 -0.00303 1.09921e-08 
9.92 -0.00103 6.22507e-08 
9.92 0.000970006 6.94907e-08 
9.92 0.00297001 1.28005e-07 
9.92 0.00497001 6.28692e-07 
9.92 0.00697002 6.66523e-07 
9.92 0.00896999 1.12683e-06 
9.92 0.01097 4.70215e-06 
9.92 0.01297 5.59488e-06 
9.92 0.01497 2.24726e-05 
9.92 0.01697 2.93409e-05 
9.92 0.01897 6.5e-05 
9.92 0.02097 0.000146103 
9.92 0.02297 0.000305117 
9.92 0.02497 0.000727344 
9.92 0.02697 0.000980724 
9.92 0.02897 0.00108005 
9.92 0.03097 0.00124988 
9.92 0.03297 0.00107045 
9.92 0.03497 0.00137318 
9.92 0.03697 0.00147386 
9.92 0.03897 0.00243976 
9.92 0.04097 0.00193754 
9.92 0.04297 0.00177727 
9.92 0.04497 0.00146536 
9.92 0.04697 0.00128026 
9.92 0.04897 0.000935365 
9.92 0.05097 0.000627881 
9.92 0.05297 0.000452536 
9.92 0.05497 0.000262593 
9.92 0.05697 0.000139755 
9.92 0.05897 6.91145e-05 
9.92 0.06097 3.14056e-05 
9.92 0.06297 1.32446e-05 
9.92 0.06497 6.15797e-06 
9.92 0.06697 9.64353e-07 
9.92 0.06897 2.6689e-08 
9.93 -0.00703001 3.58898e-09 
9.93 -0.00503001 2.59195e-08 
9.93 -0.00303 2.99613e-08 
9.93 -0.00103 7.03995e-08 
9.93 0.000970006 2.99759e-07 
9.93 0.00297001 3.23804e-07 
9.93 0.00497001 5.6178e-07 
9.93 0.00697002 2.56748e-06 
9.93 0.00896999 2.58747e-06 
9.93 0.01097 1.2212e-05 
9.93 0.01297 1.55994e-05 
9.93 0.01497 3.84257e-05 
9.93 0.01697 6.80674e-05 
9.93 0.01897 0.000133538 
9.93 0.02097 0.000496153 
9.93 0.02297 0.000724899 
9.93 0.02497 0.000890185 
9.93 0.02697 0.000882068 
9.93 0.02897 0.000823437 
9.93 0.03097 0.00120305 
9.93 0.03297 0.00116452 
9.93 0.03497 0.000970967 
9.93 0.03697 0.00221198 
9.93 0.03897 0.00237886 
9.93 0.04097 0.00149392 
9.93 0.04297 0.00119284 
9.93 0.04497 0.000993453 
9.93 0.04697 0.000687994 
9.93 0.04897 0.00042534 
9.93 0.05097 0.000281449 
9.93 0.05297 0.000163315 
9.93 0.05497 0.000105233 
9.93 0.05697 4.43925e-05 
9.93 0.05897 1.88918e-05 
9.93 0.06097 7.55607e-06 
9.93 0.06297 3.09469e-06 
9.93 0.06497 2.8639e-07 
9.93 0.06697 3.49519e-10 
9.94 -0.00902998 2.83499e-09 
9.94 -0.00703001 1.89155e-08 
9.94 -0.00503001 2.87317e-08 
9.94 -0.00303 5.11167e-08 
9.94 -0.00103 2.34203e-07 
9.94 0.000970006 2.78508e-07 
9.94 0.00297001 1.26946e-06 
9.94 0.00497001 1.31437e-06 
9.94 0.00697002 6.15561e-06 
9.94 0.00896999 8.6627e-06 
9.94 0.01097 2.27736e-05 
9.94 0.01297 3.01565e-05 
9.94 0.01497 8.66516e-05 
9.94 0.01697 0.000235762 
9.94 0.01897 0.000571616 
9.94 0.02097 0.000755513 
9.94 0.02297 0.000670994 
9.94 0.02497 0.000764014 
9.94 0.02697 0.000758714 
9.94 0.02897 0.000545551 
9.94 0.03097 0.00122793 
9.94 0.03297 0.00125786 
9.94 0.03497 0.00259653 
9.94 0.03697 0.00154139 
9.94 0.03897 0.00119651 
9.94 0.04097 0.000919193 
9.94 0.04297 0.000582212 
9.94 0.04497 0.000490581 
9.94 0.04697 0.000386628 
9.94 0.04897 0.000238681 
9.94 0.05097 0.000134647 
9.94 0.05297 7.26495e-05 
9.94 0.05497 3.69501e-05 
9.94 0.05697 1.45732e-05 
9.94 0.05897 4.0981e-06 
9.94 0.06097 1.37222e-06 
9.94 0.06297 4.30579e-08 
9.95 -0.01103 7.28485e-09 
9.95 -0.00902998 1.03736e-08 
9.95 -0.00703001 1.98136e-08 
9.95 -0.00503001 1.10519e-07 
9.95 -0.00303 1.27497e-07 
9.95 -0.00103 6.24255e-07 
9.95 0.000970006 6.67441e-07 
9.95 0.00297001 2.215e-06 
9.95 0.00497001 5.35247e-06 
9.95 0.00697002 1.02065e-05 
9.95 0.00896999 1.99373e-05 
9.95 0.01097 5.18918e-05 
9.95 0.01297 4.57634e-05 
9.95 0.01497 0.000433239 
9.95 0.01697 0.000517495 
9.95 0.01897 0.000624941 
9.95 0.02097 0.000590044 
9.95 0.02297 0.000385587 
9.95 0.02497 0.000705758 
9.95 0.02697 0.000920934 
9.95 0.02897 0.000717504 
9.95 0.03097 0.00154268 
9.95 0.03297 0.0022455 
9.95 0.03497 0.00108798 
9.95 0.03697 0.000688678 
9.95 0.03897 0.000659377 
9.95 0.04097 0.000621015 
9.95 0.04297 0.000429406 
9.95 0.04497 0.000269247 
9.95 0.04697 0.000160887 
9.95 0.04897 8.65678e-05 
9.95 0.05097 4.3249e-05 
9.95 0.05297 2.0692e-05 
9.95 0.05497 1.00247e-05 
9.95 0.05697 2.27152e-06 
9.95 0.05897 3.94274e-07 
9.95 0.06097 7.09182e-10 
9.96 -0.01503 2.5356e-09 
9.96 -0.01303 5.71732e-09 
9.96 -0.01103 7.86697e-09 
9.96 -0.00902998 5.48655e-08 
9.96 -0.00703001 5.66964e-08 
9.96 -0.00503001 1.01359e-07 
9.96 -0.00303 5.3123e-07 
9.96 -0.00103 6.30388e-07 
9.96 0.000970006 2.97181e-06 
9.96 0.00297001 3.44048e-06 
9.96 0.00497001 1.30275e-05 
9.96 0.00697002 1.76756e-05 
9.96 0.00896999 3.8952e-05 
9.96 0.01097 0.000234879 
9.96 0.01297 0.000320265 
9.96 0.01497 0.000407424 
9.96 0.01697 0.000589022 
9.96 0.01897 0.000264234 
9.96 0.02097 0.000636344 
9.96 0.02297 0.000573384 
9.96 0.02497 0.000653653 
9.96 0.02697 0.000895393 
9.96 0.02897 0.00188991 
9.96 0.03097 0.00111688 
9.96 0.03297 0.00080371 
9.96 0.03497 0.000732194 
9.96 0.03697 0.000593759 
9.96 0.03897 0.000437172 
9.96 0.04097 0.00030067 
9.96 0.04297 0.000180853 
9.96 0.04497 0.000102036 
9.96 0.04697 5.4223e-05 
9.96 0.04897 2.62483e-05 
9.96 0.05097 1.16047e-05 
9.96 0.05297 5.08171e-06 
9.96 0.05497 1.78335e-06 
9.96 0.05697 2.03977e-08 
9.97 -0.01703 1.32844e-09 
9.97 -0.01503 4.28095e-09 
9.97 -0.01303 6.28274e-09 
9.97 -0.01103 4.49016e-08 
9.97 -0.00902998 5.64287e-08 
9.97 -0.00703001 2.53846e-07 
9.97 -0.00503001 2.89008e-07 
9.97 -0.00303 1.21326e-06 
9.97 -0.00103 1.63903e-06 
9.97 0.000970006 7.05465e-06 
9.97 0.00297001 9.48854e-06 
9.97 0.00497001 2.2214e-05 
9.97 0.00697002 8.92387e-05 
9.97 0.00896999 0.000203039 
9.97 0.01097 0.000317443 
9.97 0.01297 0.000381807 
9.97 0.01497 0.00030846 
9.97 0.01697 0.000433548 
9.97 0.01897 0.000255032 
9.97 0.02097 0.000673162 
9.97 0.02297 0.00071064 
9.97 0.02497 0.00056527 
9.97 0.02697 0.00160062 
9.97 0.02897 0.00120579 
9.97 0.03097 0.000666514 
9.97 0.03297 0.000539808 
9.97 0.03497 0.000409135 
9.97 0.03697 0.000284703 
9.97 0.03897 0.000190173 
9.97 0.04097 0.000111892 
9.97 0.04297 6.5044e-05 
9.97 0.04497 3.32567e-05 
9.97 0.04697 1.53226e-05 
9.97 0.04897 6.55377e-06 
9.97 0.05097 2.99489e-06 
9.97 0.05297 2.60166e-07 
9.97 0.05497 1.72663e-09 
9.98 -0.01903 1.11807e-09 
9.98 -0.01703 2.4722e-09 
9.98 -0.01503 1.70393e-08 
9.98 -0.01303 2.34342e-08 
9.98 -0.01103 9.31261e-08 
9.98 -0.00902998 1.30168e-07 
9.98 -0.00703001 2.33157e-07 
9.98 -0.00503001 1.00793e-06 
9.98 -0.00303 1.9702e-06 
9.98 -0.00103 6.12226e-06 
9.98 0.000970006 1.26411e-05 
9.98 0.00297001 1.76637e-05 
9.98 0.00497001 0.000175937 
9.98 0.00697002 0.000175906 
9.98 0.00896999 0.000266518 
9.98 0.01097 0.000300315 
9.98 0.01297 0.000231111 
9.98 0.01497 0.000293188 
9.98 0.01697 0.000454576 
9.98 0.01897 0.000263818 
9.98 0.02097 0.00067909 
9.98 0.02297 0.00106432 
9.98 0.02497 0.00140075 
9.98 0.02697 0.000612332 
9.98 0.02897 0.000511097 
9.98 0.03097 0.000405715 
9.98 0.03297 0.000287594 
9.98 0.03497 0.000188467 
9.98 0.03697 0.000118859 
9.98 0.03897 6.95651e-05 
9.98 0.04097 3.60509e-05 
9.98 0.04297 1.82513e-05 
9.98 0.04497 8.71794e-06 
9.98 0.04697 3.54791e-06 
9.98 0.04897 1.0927e-06 
9.98 0.05097 3.33406e-08 
9.99 -0.02303 1.87792e-10 
9.99 -0.02103 1.4161e-09 
9.99 -0.01903 5.3843e-09 
9.99 -0.01703 8.41207e-09 
9.99 -0.01503 1.54148e-08 
9.99 -0.01303 8.10817e-08 
9.99 -0.01103 1.0582e-07 
9.99 -0.00902998 4.67828e-07 
9.99 -0.00703001 7.56438e-07 
9.99 -0.00503001 2.74979e-06 
9.99 -0.00303 3.77924e-06 
9.99 -0.00103 1.17036e-05 
9.99 0.000970006 0.00010185 
9.99 0.00297001 8.4468e-05 
9.99 0.00497001 0.000172985 
9.99 0.00697002 0.000189778 
9.99 0.00896999 0.000223438 
9.99 0.01097 0.0002753 
9.99 0.01297 0.000234094 
9.99 0.01497 0.00031463 
9.99 0.01697 0.000457489 
9.99 0.01897 0.000492441 
9.99 0.02097 0.000851005 
9.99 0.02297 0.00115434 
9.99 0.02497 0.00043795 
9.99 0.02697 0.000328151 
9.99 0.02897 0.000273256 
9.99 0.03097 0.000224478 
9.99 0.03297 0.000163223 
9.99 0.03497 0.000102274 
9.99 0.03697 5.10831e-05 
9.99 0.03897 2.12773e-05 
9.99 0.04097 9.71846e-06 
9.99 0.04297 4.06831e-06 
9.99 0.04497 1.61999e-06 
9.99 0.04697 3.29784e-07 
9.99 0.04897 3.83161e-10 
10 -0.02303 4.98904e-10 
10 -0.02103 4.05638e-09 
10 -0.01903 6.09954e-09 
10 -0.01703 3.39047e-08 
10 -0.01503 4.37735e-08 
10 -0.01303 1.28861e-07 
10 -0.01103 3.28157e-07 
10 -0.00902998 1.00003e-06 
10 -0.00703001 2.27878e-06 
10 -0.00503001 5.26739e-06 
10 -0.00303 3.59991e-05 
10 -0.00103 5.08356e-05 
10 0.000970006 0.000115759 
10 0.00297001 0.000129146 
10 0.00497001 0.00015674 
10 0.00697002 0.000250602 
10 0.00896999 0.000122094 
10 0.01097 0.000291103 
10 0.01297 0.000348526 
10 0.01497 0.000207705 
10 0.01697 0.00061594 
10 0.01897 0.000799389 
10 0.02097 0.000570484 
10 0.02297 0.000388207 
10 0.02497 0.000310106 
10 0.02697 0.000234316 
10 0.02897 0.000163194 
10 0.03097 0.000104685 
10 0.03297 6.09968e-05 
10 0.03497 3.5072e-05 
10 0.03697 1.93337e-05 
10 0.03897 6.58248e-06 
10 0.04097 2.04442e-06 
10 0.04297 6.28432e-07 
10 0.04497 1.18346e-08 
10.01 -0.02503 1.18149e-09 
10.01 -0.02303 1.86072e-09 
10.01 -0.02103 4.34635e-09 
10.01 -0.01903 2.57122e-08 
10.01 -0.01703 3.17865e-08 
10.01 -0.01503 1.71288e-07 
10.01 -0.01303 1.89569e-07 
10.01 -0.01103 1.26137e-06 
10.01 -0.00902998 1.29556e-06 
10.01 -0.00703001 5.39854e-06 
10.01 -0.00503001 2.98448e-05 
10.01 -0.00303 4.22633e-05 
10.01 -0.00103 9.35814e-05 
10.01 0.000970006 0.000102405 
10.01 0.00297001 0.00024097 
10.01 0.00497001 9.25504e-05 
10.01 0.00697002 0.000214442 
10.01 0.00896999 0.000127281 
10.01 0.01097 0.000293041 
10.01 0.01297 0.000345687 
10.01 0.01497 0.000432409 
10.01 0.01697 0.000621501 
10.01 0.01897 0.00047521 
10.01 0.02097 0.000283876 
10.01 0.02297 0.000218734 
10.01 0.02497 0.000162933 
10.01 0.02697 0.00010676 
10.01 0.02897 6.78427e-05 
10.01 0.03097 3.82807e-05 
10.01 0.03297 2.03001e-05 
10.01 0.03497 9.76396e-06 
10.01 0.03697 5.19388e-06 
10.01 0.03897 1.1577e-06 
10.01 0.04097 1.48257e-07 
10.01 0.04297 1.12251e-09 
10.02 -0.02703 9.00212e-10 
10.02 -0.02503 1.45922e-09 
10.02 -0.02303 9.30011e-09 
10.02 -0.02103 1.2118e-08 
10.02 -0.01903 7.08901e-08 
10.02 -0.01703 8.34642e-08 
10.02 -0.01503 4.99814e-07 
10.02 -0.01303 6.15965e-07 
10.02 -0.01103 2.61174e-06 
10.02 -0.00902998 2.66251e-06 
10.02 -0.00703001 2.66495e-05 
10.02 -0.00503001 6.14998e-05 
10.02 -0.00303 6.60295e-05 
10.02 -0.00103 8.44437e-05 
10.02 0.000970006 0.000176818 
10.02 0.00297001 0.000123773 
10.02 0.00497001 0.000124292 
10.02 0.00697002 0.000219735 
10.02 0.00896999 0.000187899 
10.02 0.01097 0.000250886 
10.02 0.01297 0.000538241 
10.02 0.01497 0.000558793 
10.02 0.01697 0.000216661 
10.02 0.01897 0.000165047 
10.02 0.02097 0.000124276 
10.02 0.02297 0.000108975 
10.02 0.02497 6.85619e-05 
10.02 0.02697 4.13325e-05 
10.02 0.02897 2.31509e-05 
10.02 0.03097 1.14765e-05 
10.02 0.03297 5.38951e-06 
10.02 0.03497 2.19631e-06 
10.02 0.03697 7.59095e-07 
10.02 0.03897 2.29473e-08 
10.03 -0.03103 2.04698e-10 
10.03 -0.02903 4.66941e-10 
10.03 -0.02703 1.05801e-09 
10.03 -0.02503 6.9701e-09 
10.03 -0.02303 9.8065e-09 
10.03 -0.02103 5.26924e-08 
10.03 -0.01903 6.34318e-08 
10.03 -0.01703 3.91103e-07 
10.03 -0.01503 7.41266e-07 
10.03 -0.01303 1.79219e-06 
10.03 -0.01103 5.09454e-06 
10.03 -0.00902998 2.4929e-05 
10.03 -0.00703001 4.6627e-05 
10.03 -0.00503001 4.89298e-05 
10.03 -0.00303 0.000131692 
10.03 -0.00103 7.72884e-05 
10.03 0.000970006 0.000125294 
10.03 0.00297001 0.000157876 
10.03 0.00497001 0.000126548 
10.03 0.00697002 0.000211593 
10.03 0.00896999 0.000328079 
10.03 0.01097 0.000348117 
10.03 0.01297 0.000404146 
10.03 0.01497 0.000123149 
10.03 0.01697 0.000105236 
10.03 0.01897 9.37445e-05 
10.03 0.02097 6.9598e-05 
10.03 0.02297 4.6527e-05 
10.03 0.02497 3.61046e-05 
10.03 0.02697 1.84543e-05 
10.03 0.02897 6.52008e-06 
10.03 0.03097 2.84073e-06 
10.03 0.03297 9.97581e-07 
10.03 0.03497 2.24862e-07 
10.03 0.03697 1.8829e-09 
10.04 -0.03303 1.39792e-10 
10.04 -0.03103 3.12249e-10 
10.04 -0.02903 2.4233e-09 
10.04 -0.02703 3.5416e-09 
10.04 -0.02503 1.56488e-08 
10.04 -0.02303 1.99826e-08 
10.04 -0.02103 9.77911e-08 
10.04 -0.01903 3.17897e-07 
10.04 -0.01703 8.28391e-07 
10.04 -0.01503 1.5558e-06 
10.04 -0.01303 3.45636e-06 
10.04 -0.01103 3.266e-05 
10.04 -0.00902998 2.91937e-05 
10.04 -0.00703001 6.72732e-05 
10.04 -0.00503001 6.93712e-05 
10.04 -0.00303 0.000108383 
10.04 -0.00103 5.3581e-05 
10.04 0.000970006 0.000129076 
10.04 0.00297001 0.000158295 
10.04 0.00497001 0.000113081 
10.04 0.00697002 0.000333416 
10.04 0.00896999 0.000301885 
10.04 0.01097 0.000237607 
10.04 0.01297 0.000113844 
10.04 0.01497 9.16127e-05 
10.04 0.01697 6.69906e-05 
10.04 0.01897 4.49487e-05 
10.04 0.02097 2.79055e-05 
10.04 0.02297 1.62619e-05 
10.04 0.02497 8.39305e-06 
10.04 0.02697 6.19758e-06 
10.04 0.02897 1.57422e-06 
10.04 0.03097 3.62398e-07 
10.04 0.03297 3.80397e-08 
10.05 -0.03303 4.22149e-10 
10.05 -0.03103 1.51614e-09 
10.05 -0.02903 1.98119e-09 
10.05 -0.02703 1.10731e-08 
10.05 -0.02503 1.45569e-08 
10.05 -0.02303 1.17382e-07 
10.05 -0.02103 2.22806e-07 
10.05 -0.01903 7.16546e-07 
10.05 -0.01703 1.62762e-06 
10.05 -0.01503 4.85e-06 
10.05 -0.01303 2.10968e-05 
10.05 -0.01103 2.58124e-05 
10.05 -0.00902998 6.17212e-05 
10.05 -0.00703001 6.7705e-05 
10.05 -0.00503001 5.87419e-05 
10.05 -0.00303 9.06787e-05 
10.05 -0.00103 7.84873e-05 
10.05 0.000970006 0.000122205 
10.05 0.00297001 0.000158883 
10.05 0.00497001 0.000257409 
10.05 0.00697002 0.000221406 
10.05 0.00896999 0.000163869 
10.05 0.01097 8.06732e-05 
10.05 0.01297 6.09131e-05 
10.05 0.01497 4.38064e-05 
10.05 0.01697 2.82886e-05 
10.05 0.01897 1.69453e-05 
10.05 0.02097 9.36299e-06 
10.05 0.02297 4.75791e-06 
10.05 0.02497 2.2279e-06 
10.05 0.02697 9.49981e-07 
10.05 0.02897 1.21371e-07 
10.05 0.03097 2.98425e-09 
10.06 -0.03503 5.06784e-10 
10.06 -0.03303 6.9144e-10 
10.06 -0.03103 4.04709e-09 
10.06 -0.02903 5.87425e-09 
10.06 -0.02703 2.83716e-08 
10.06 -0.02503 6.57406e-08 
10.06 -0.02303 3.0557e-07 
10.06 -0.02103 4.79827e-07 
10.06 -0.01903 1.24036e-06 
10.06 -0.01703 9.11355e-06 
10.06 -0.01503 1.32442e-05 
10.06 -0.01303 3.25707e-05 
10.06 -0.01103 3.57937e-05 
10.06 -0.00902998 5.77878e-05 
10.06 -0.00703001 5.23259e-05 
10.06 -0.00503001 4.44669e-05 
10.06 -0.00303 9.08068e-05 
10.06 -0.00103 0.000109249 
10.06 0.000970006 0.000125058 
10.06 0.00297001 0.000209636 
10.06 0.00497001 0.000213304 
10.06 0.00697002 6.70173e-05 
10.06 0.00896999 5.44411e-05 
10.06 0.01097 3.92298e-05 
10.06 0.01297 2.77823e-05 
10.06 0.01497 1.78796e-05 
10.06 0.01697 1.01263e-05 
10.06 0.01897 5.28028e-06 
10.06 0.02097 2.53351e-06 
10.06 0.02297 1.05686e-06 
10.06 0.02497 3.14787e-07 
10.06 0.02697 4.19655e-08 
10.06 0.02897 1.4333e-10 
10.07 -0.03903 1.32667e-10 
10.07 -0.03703 2.56181e-10 
10.07 -0.03503 4.70095e-10 
10.07 -0.03303 2.94686e-09 
10.07 -0.03103 4.07213e-09 
10.07 -0.02903 2.25146e-08 
10.07 -0.02703 1.16175e-07 
10.07 -0.02503 1.60412e-07 
10.07 -0.02303 4.41443e-07 
10.07 -0.02103 1.34789e-06 
10.07 -0.01903 6.30396e-06 
10.07 -0.01703 1.11672e-05 
10.07 -0.01503 2.84147e-05 
10.07 -0.01303 2.75341e-05 
10.07 -0.01103 3.78001e-05 
10.07 -0.00902998 4.36149e-05 
10.07 -0.00703001 5.81207e-05 
10.07 -0.00503001 4.89019e-05 
10.07 -0.00303 8.81573e-05 
10.07 -0.00103 0.000150685 
10.07 0.000970006 0.000161618 
10.07 0.00297001 0.000103094 
10.07 0.00497001 3.79428e-05 
10.07 0.00697002 3.84626e-05 
10.07 0.00896999 3.04435e-05 
10.07 0.01097 2.08891e-05 
10.07 0.01297 1.34677e-05 
10.07 0.01497 8.14532e-06 
10.07 0.01697 4.39388e-06 
10.07 0.01897 1.38442e-06 
10.07 0.02097 4.51885e-07 
10.07 0.02297 7.64516e-08 
10.07 0.02497 5.07123e-09 
10.08 -0.04103 1.05172e-10 
10.08 -0.03903 1.54997e-10 
10.08 -0.03703 9.19917e-10 
10.08 -0.03503 1.49223e-09 
10.08 -0.03303 7.66968e-09 
10.08 -0.03103 2.09541e-08 
10.08 -0.02903 8.1244e-08 
10.08 -0.02703 1.59706e-07 
10.08 -0.02503 4.20708e-07 
10.08 -0.02303 8.24635e-07 
10.08 -0.02103 6.21999e-06 
10.08 -0.01903 1.32085e-05 
10.08 -0.01703 1.5875e-05 
10.08 -0.01503 2.76899e-05 
10.08 -0.01303 2.68932e-05 
10.08 -0.01103 2.07197e-05 
10.08 -0.00902998 4.17782e-05 
10.08 -0.00703001 4.66565e-05 
10.08 -0.00503001 6.7301e-05 
10.08 -0.00303 0.000102872 
10.08 -0.00103 0.000100732 
10.08 0.000970006 7.50618e-05 
10.08 0.00297001 3.55511e-05 
10.08 0.00497001 2.73211e-05 
10.08 0.00697002 1.95275e-05 
10.08 0.00896999 1.27871e-05 
10.08 0.01097 7.64089e-06 
10.08 0.01297 4.28386e-06 
10.08 0.01497 2.197e-06 
10.08 0.01697 1.08404e-06 
10.08 0.01897 2.3159e-07 
10.08 0.02097 1.34554e-08 
10.08 0.02297 3.07319e-10 
10.09 -0.04103 1.13032e-10 
10.09 -0.03903 6.97196e-10 
10.09 -0.03703 1.09075e-09 
10.09 -0.03503 5.22089e-09 
10.09 -0.03303 2.91018e-08 
10.09 -0.03103 4.27643e-08 
10.09 -0.02903 1.97123e-07 
10.09 -0.02703 3.83573e-07 
10.09 -0.02503 7.66056e-07 
10.09 -0.02303 3.6034e-06 
10.09 -0.02103 1.29106e-05 
10.09 -0.01903 1.00029e-05 
10.09 -0.01703 2.23258e-05 
10.09 -0.01503 1.77092e-05 
10.09 -0.01303 2.62384e-05 
10.09 -0.01103 2.60649e-05 
10.09 -0.00902998 3.46182e-05 
10.09 -0.00703001 6.05638e-05 
10.09 -0.00503001 8.51099e-05 
10.09 -0.00303 8.13631e-05 
10.09 -0.00103 2.99254e-05 
10.09 0.000970006 2.32357e-05 
10.09 0.00297001 1.73962e-05 
10.09 0.00497001 1.19576e-05 
10.09 0.00697002 7.52283e-06 
10.09 0.00896999 4.40267e-06 
10.09 0.01097 2.32226e-06 
10.09 0.01297 1.10845e-06 
10.09 0.01497 3.98659e-07 
10.09 0.01697 8.23377e-08 
10.09 0.01897 7.19955e-09 
10.1 -0.04303 2.05024e-10 
10.1 -0.04103 3.6271e-10 
10.1 -0.03903 1.8476e-09 
10.1 -0.03703 2.92674e-09 
10.1 -0.03503 2.05923e-08 
10.1 -0.03303 6.93863e-08 
10.1 -0.03103 9.95932e-08 
10.1 -0.02903 3.98255e-07 
10.1 -0.02703 6.93077e-07 
10.1 -0.02503 3.48061e-06 
10.1 -0.02303 7.29882e-06 
10.1 -0.02103 1.56523e-05 
10.1 -0.01903 1.37152e-05 
10.1 -0.01703 1.59086e-05 
10.1 -0.01503 1.75988e-05 
10.1 -0.01303 2.36482e-05 
10.1 -0.01103 3.05497e-05 
10.1 -0.00902998 4.23545e-05 
10.1 -0.00703001 5.77327e-05 
10.1 -0.00503001 6.05084e-05 
10.1 -0.00303 1.91619e-05 
10.1 -0.00103 1.44241e-05 
10.1 0.000970006 1.0377e-05 
10.1 0.00297001 7.33259e-06 
10.1 0.00497001 4.95207e-06 
10.1 0.00697002 2.56095e-06 
10.1 0.00896999 1.25042e-06 
10.1 0.01097 5.10268e-07 
10.1 0.01297 1.43198e-07 
10.1 0.01497 1.49107e-08 
10.1 0.01697 1.42448e-10 
10.11 -0.04503 1.33735e-10 
10.11 -0.04303 2.62066e-10 
10.11 -0.04103 1.28568e-09 
10.11 -0.03903 4.99347e-09 
10.11 -0.03703 1.93224e-08 
10.11 -0.03503 4.56884e-08 
10.11 -0.03303 1.65188e-07 
10.11 -0.03103 1.70136e-07 
10.11 -0.02903 6.94672e-07 
10.11 -0.02703 4.24888e-06 
10.11 -0.02503 4.67394e-06 
10.11 -0.02303 1.14416e-05 
10.11 -0.02103 1.06484e-05 
10.11 -0.01903 1.12844e-05 
10.11 -0.01703 1.65922e-05 
10.11 -0.01503 1.50817e-05 
10.11 -0.01303 3.05236e-05 
10.11 -0.01103 3.85019e-05 
10.11 -0.00902998 3.92124e-05 
10.11 -0.00703001 2.73047e-05 
10.11 -0.00503001 1.19099e-05 
10.11 -0.00303 1.07462e-05 
10.11 -0.00103 7.72604e-06 
10.11 0.000970006 5.05568e-06 
10.11 0.00297001 3.22796e-06 
10.11 0.00497001 1.82946e-06 
10.11 0.00697002 9.77494e-07 
10.11 0.00896999 2.50642e-07 
10.11 0.01097 2.97163e-08 
10.11 0.01297 1.80893e-09 
10.12 -0.04503 4.44842e-10 
10.12 -0.04303 6.2362e-10 
10.12 -0.04103 6.36265e-09 
10.12 -0.03903 1.20285e-08 
10.12 -0.03703 4.43514e-08 
10.12 -0.03503 9.07375e-08 
10.12 -0.03303 2.60825e-07 
10.12 -0.03103 4.63651e-07 
10.12 -0.02903 2.73754e-06 
10.12 -0.02703 6.03107e-06 
10.12 -0.02503 5.86776e-06 
10.12 -0.02303 7.10498e-06 
10.12 -0.02103 1.25487e-05 
10.12 -0.01903 9.80767e-06 
10.12 -0.01703 1.60891e-05 
10.12 -0.01503 1.92867e-05 
10.12 -0.01303 2.52188e-05 
10.12 -0.01103 3.04746e-05 
10.12 -0.00902998 2.01852e-05 
10.12 -0.00703001 7.95043e-06 
10.12 -0.00503001 6.33623e-06 
10.12 -0.00303 4.6198e-06 
10.12 -0.00103 2.84642e-06 
10.12 0.000970006 1.61808e-06 
10.12 0.00297001 8.93704e-07 
10.12 0.00497001 4.19569e-07 
10.12 0.00697002 1.16745e-07 
10.12 0.00896999 1.51556e-08 
10.13 -0.04703 2.71464e-10 
10.13 -0.04503 1.16052e-09 
10.13 -0.04303 3.28406e-09 
10.13 -0.04103 1.73587e-08 
10.13 -0.03903 3.38878e-08 
10.13 -0.03703 4.80432e-08 
10.13 -0.03503 1.72663e-07 
10.13 -0.03303 7.81116e-07 
10.13 -0.03103 2.02783e-06 
10.13 -0.02903 4.35621e-06 
10.13 -0.02703 4.84234e-06 
10.13 -0.02503 4.4922e-06 
10.13 -0.02303 7.01304e-06 
10.13 -0.02103 9.36888e-06 
10.13 -0.01903 7.82089e-06 
10.13 -0.01703 2.00484e-05 
10.13 -0.01503 2.12637e-05 
10.13 -0.01303 2.25392e-05 
10.13 -0.01103 6.43758e-06 
10.13 -0.00902998 5.00342e-06 
10.13 -0.00703001 3.57312e-06 
10.13 -0.00503001 2.59769e-06 
10.13 -0.00303 1.57293e-06 
10.13 -0.00103 8.59676e-07 
10.13 0.000970006 4.06006e-07 
10.13 0.00297001 1.43699e-07 
10.13 0.00497001 3.02859e-08 
10.13 0.00697002 2.33796e-09 
10.14 -0.04903 1.33483e-10 
10.14 -0.04703 7.9866e-10 
10.14 -0.04503 4.35586e-09 
10.14 -0.04303 9.23939e-09 
10.14 -0.04103 2.36933e-08 
10.14 -0.03903 6.45832e-08 
10.14 -0.03703 1.10187e-07 
10.14 -0.03503 7.84855e-07 
10.14 -0.03303 1.64313e-06 
10.14 -0.03103 3.17482e-06 
10.14 -0.02903 2.63722e-06 
10.14 -0.02703 5.49261e-06 
10.14 -0.02503 3.76597e-06 
10.14 -0.02303 6.82448e-06 
10.14 -0.02103 8.81139e-06 
10.14 -0.01903 9.07285e-06 
10.14 -0.01703 1.49669e-05 
10.14 -0.01503 1.6315e-05 
10.14 -0.01303 4.55426e-06 
10.14 -0.01103 3.51139e-06 
10.14 -0.00902998 2.59054e-06 
10.14 -0.00703001 1.86605e-06 
10.14 -0.00503001 1.0904e-06 
10.14 -0.00303 5.10238e-07 
10.14 -0.00103 1.73374e-07 
10.14 0.000970006 4.39213e-08 
10.14 0.00297001 4.74164e-09 
10.14 0.00497001 1.67262e-10 
