#logage logm JPDF
9.32 0.18897 1.88003e-10 
9.32 0.19097 1.49211e-10 
9.32 0.19297 1.05589e-10 
9.33 0.18297 1.24762e-10 
9.33 0.18497 4.20568e-10 
9.33 0.18697 4.03439e-10 
9.33 0.18897 3.02625e-10 
9.33 0.19097 2.05015e-10 
9.33 0.19297 1.28131e-10 
9.34 0.17897 1.32164e-10 
9.34 0.18097 7.92793e-10 
9.34 0.18297 1.07634e-09 
9.34 0.18497 8.55141e-10 
9.34 0.18697 6.03213e-10 
9.34 0.18897 4.00268e-10 
9.34 0.19097 2.39011e-10 
9.34 0.19297 1.30521e-10 
9.35 0.17697 1.07776e-09 
9.35 0.17897 2.76835e-09 
9.35 0.18097 1.93232e-09 
9.35 0.18297 1.74189e-09 
9.35 0.18497 1.12116e-09 
9.35 0.18697 7.4928e-10 
9.35 0.18897 4.38947e-10 
9.35 0.19097 2.37984e-10 
9.35 0.19297 1.17603e-10 
9.36 0.17297 1.32255e-09 
9.36 0.17497 4.66293e-09 
9.36 0.17697 6.28009e-09 
9.36 0.17897 3.44534e-09 
9.36 0.18097 3.32508e-09 
9.36 0.18297 2.09515e-09 
9.36 0.18497 1.31647e-09 
9.36 0.18697 7.57884e-10 
9.36 0.18897 4.22464e-10 
9.36 0.19097 2.02772e-10 
9.37 0.16897 3.41645e-10 
9.37 0.17097 7.29566e-09 
9.37 0.17297 1.62926e-08 
9.37 0.17497 5.26013e-09 
9.37 0.17697 7.79238e-09 
9.37 0.17897 6.02372e-09 
9.37 0.18097 3.98478e-09 
9.37 0.18297 2.34434e-09 
9.37 0.18497 1.32965e-09 
9.37 0.18697 6.66372e-10 
9.37 0.18897 3.001e-10 
9.37 0.19097 1.39924e-10 
9.38 0.16497 1.73229e-10 
9.38 0.16697 9.13297e-09 
9.38 0.16897 2.07977e-08 
9.38 0.17097 2.65227e-08 
9.38 0.17297 1.2883e-08 
9.38 0.17497 1.41073e-08 
9.38 0.17697 1.00418e-08 
9.38 0.17897 6.36214e-09 
9.38 0.18097 4.02354e-09 
9.38 0.18297 2.13102e-09 
9.38 0.18497 9.89656e-10 
9.38 0.18697 4.43399e-10 
9.38 0.18897 1.81912e-10 
9.39 0.16097 1.45987e-10 
9.39 0.16297 2.82313e-09 
9.39 0.16497 4.00708e-08 
9.39 0.16697 4.41995e-08 
9.39 0.16897 3.91722e-08 
9.39 0.17097 3.2709e-08 
9.39 0.17297 2.43961e-08 
9.39 0.17497 1.62853e-08 
9.39 0.17697 1.07927e-08 
9.39 0.17897 6.15118e-09 
9.39 0.18097 3.44842e-09 
9.39 0.18297 1.51701e-09 
9.39 0.18497 6.87911e-10 
9.39 0.18697 2.71168e-10 
9.4 0.15897 2.51202e-09 
9.4 0.16097 5.21232e-08 
9.4 0.16297 8.47357e-08 
9.4 0.16497 8.41311e-08 
9.4 0.16697 7.12536e-08 
9.4 0.16897 5.59749e-08 
9.4 0.17097 4.05472e-08 
9.4 0.17297 2.70063e-08 
9.4 0.17497 1.70645e-08 
9.4 0.17697 9.99338e-09 
9.4 0.17897 4.98285e-09 
9.4 0.18097 2.34712e-09 
9.4 0.18297 9.96511e-10 
9.4 0.18497 3.9771e-10 
9.41 0.15497 1.42031e-09 
9.41 0.15697 2.17133e-08 
9.41 0.15897 1.76909e-07 
9.41 0.16097 1.5533e-07 
9.41 0.16297 1.52408e-07 
9.41 0.16497 1.21646e-07 
9.41 0.16697 9.33061e-08 
9.41 0.16897 6.82504e-08 
9.41 0.17097 4.46505e-08 
9.41 0.17297 2.62517e-08 
9.41 0.17497 1.462e-08 
9.41 0.17697 7.07628e-09 
9.41 0.17897 3.36134e-09 
9.41 0.18097 1.45095e-09 
9.41 0.18297 5.66022e-10 
9.42 0.15097 1.54021e-10 
9.42 0.15297 2.1529e-08 
9.42 0.15497 1.13484e-07 
9.42 0.15697 3.9968e-07 
9.42 0.15897 2.88498e-07 
9.42 0.16097 2.55254e-07 
9.42 0.16297 2.07743e-07 
9.42 0.16497 1.52166e-07 
9.42 0.16697 1.07935e-07 
9.42 0.16897 7.0033e-08 
9.42 0.17097 3.88435e-08 
9.42 0.17297 2.07581e-08 
9.42 0.17497 1.00209e-08 
9.42 0.17697 4.38971e-09 
9.42 0.17897 1.70955e-09 
9.42 0.18097 5.52887e-10 
9.43 0.14897 1.70959e-08 
9.43 0.15097 1.30807e-07 
9.43 0.15297 6.20163e-07 
9.43 0.15497 5.10127e-07 
9.43 0.15697 4.97509e-07 
9.43 0.15897 4.12735e-07 
9.43 0.16097 3.35777e-07 
9.43 0.16297 2.45365e-07 
9.43 0.16497 1.67974e-07 
9.43 0.16697 1.02082e-07 
9.43 0.16897 5.93813e-08 
9.43 0.17097 2.91577e-08 
9.43 0.17297 1.3979e-08 
9.43 0.17497 6.05981e-09 
9.43 0.17697 2.42476e-09 
9.43 0.17897 1.97049e-10 
9.44 0.14497 1.938e-09 
9.44 0.14697 1.32654e-07 
9.44 0.14897 4.55156e-07 
9.44 0.15097 1.269e-06 
9.44 0.15297 8.84424e-07 
9.44 0.15497 8.01589e-07 
9.44 0.15697 6.76544e-07 
9.44 0.15897 5.12777e-07 
9.44 0.16097 3.78013e-07 
9.44 0.16297 2.44786e-07 
9.44 0.16497 1.40327e-07 
9.44 0.16697 7.94532e-08 
9.44 0.16897 4.11697e-08 
9.44 0.17097 1.86351e-08 
9.44 0.17297 7.76075e-09 
9.44 0.17497 2.10433e-09 
9.44 0.17697 1.80837e-10 
9.45 0.14097 1.03033e-09 
9.45 0.14297 1.15718e-07 
9.45 0.14497 6.14651e-07 
9.45 0.14697 1.89739e-06 
9.45 0.14897 1.49065e-06 
9.45 0.15097 1.47854e-06 
9.45 0.15297 1.27044e-06 
9.45 0.15497 1.0622e-06 
9.45 0.15697 8.03974e-07 
9.45 0.15897 5.4442e-07 
9.45 0.16097 3.48256e-07 
9.45 0.16297 1.99414e-07 
9.45 0.16497 1.01305e-07 
9.45 0.16697 5.13582e-08 
9.45 0.16897 2.40207e-08 
9.45 0.17097 9.79634e-09 
9.45 0.17297 9.72659e-10 
9.46 0.13697 5.082e-10 
9.46 0.13897 3.44307e-08 
9.46 0.14097 6.91692e-07 
9.46 0.14297 1.67853e-06 
9.46 0.14497 3.48105e-06 
9.46 0.14697 2.50017e-06 
9.46 0.14897 2.31919e-06 
9.46 0.15097 1.96476e-06 
9.46 0.15297 1.62427e-06 
9.46 0.15497 1.18835e-06 
9.46 0.15697 7.75393e-07 
9.46 0.15897 4.71602e-07 
9.46 0.16097 2.66776e-07 
9.46 0.16297 1.36176e-07 
9.46 0.16497 6.31058e-08 
9.46 0.16697 2.52001e-08 
9.46 0.16897 8.50899e-09 
9.46 0.17097 8.42731e-10 
9.47 0.13297 1.94222e-10 
9.47 0.13497 1.08246e-08 
9.47 0.13697 6.43193e-07 
9.47 0.13897 2.08744e-06 
9.47 0.14097 5.44173e-06 
9.47 0.14297 4.07586e-06 
9.47 0.14497 4.0906e-06 
9.47 0.14697 3.67857e-06 
9.47 0.14897 3.0758e-06 
9.47 0.15097 2.32974e-06 
9.47 0.15297 1.64487e-06 
9.47 0.15497 1.087e-06 
9.47 0.15697 6.46355e-07 
9.47 0.15897 3.42472e-07 
9.47 0.16097 1.67888e-07 
9.47 0.16297 7.72979e-08 
9.47 0.16497 3.20229e-08 
9.47 0.16697 1.49311e-09 
9.48 0.13097 5.3207e-09 
9.48 0.13297 4.98873e-07 
9.48 0.13497 2.4798e-06 
9.48 0.13697 4.86045e-06 
9.48 0.13897 9.42516e-06 
9.48 0.14097 6.9051e-06 
9.48 0.14297 6.58154e-06 
9.48 0.14497 5.74309e-06 
9.48 0.14697 4.59105e-06 
9.48 0.14897 3.37586e-06 
9.48 0.15097 2.25328e-06 
9.48 0.15297 1.36262e-06 
9.48 0.15497 8.36208e-07 
9.48 0.15697 4.29343e-07 
9.48 0.15897 2.03911e-07 
9.48 0.16097 9.06036e-08 
9.48 0.16297 2.6155e-08 
9.49 0.12697 2.37279e-09 
9.49 0.12897 4.19356e-07 
9.49 0.13097 2.39433e-06 
9.49 0.13297 6.52648e-06 
9.49 0.13497 1.39988e-05 
9.49 0.13697 1.04634e-05 
9.49 0.13897 1.04476e-05 
9.49 0.14097 9.48408e-06 
9.49 0.14297 8.44933e-06 
9.49 0.14497 6.64836e-06 
9.49 0.14697 4.65243e-06 
9.49 0.14897 3.03378e-06 
9.49 0.15097 1.85628e-06 
9.49 0.15297 9.72361e-07 
9.49 0.15497 5.27732e-07 
9.49 0.15697 2.4269e-07 
9.49 0.15897 1.03366e-07 
9.49 0.16097 5.93697e-09 
9.5 0.12297 1.26556e-09 
9.5 0.12497 3.28492e-07 
9.5 0.12697 2.5138e-06 
9.5 0.12897 7.88029e-06 
9.5 0.13097 1.4674e-05 
9.5 0.13297 2.07008e-05 
9.5 0.13497 1.65399e-05 
9.5 0.13697 1.64469e-05 
9.5 0.13897 1.46029e-05 
9.5 0.14097 1.16594e-05 
9.5 0.14297 8.97915e-06 
9.5 0.14497 6.25216e-06 
9.5 0.14697 3.9534e-06 
9.5 0.14897 2.25117e-06 
9.5 0.15097 1.20439e-06 
9.5 0.15297 5.94819e-07 
9.5 0.15497 2.43326e-07 
9.5 0.15697 8.32398e-08 
9.51 0.11897 4.54077e-10 
9.51 0.12097 1.664e-07 
9.51 0.12297 2.08942e-06 
9.51 0.12497 8.05281e-06 
9.51 0.12697 1.59353e-05 
9.51 0.12897 3.30295e-05 
9.51 0.13097 2.48509e-05 
9.51 0.13297 2.55934e-05 
9.51 0.13497 2.46634e-05 
9.51 0.13697 2.10357e-05 
9.51 0.13897 1.65281e-05 
9.51 0.14097 1.17343e-05 
9.51 0.14297 7.64072e-06 
9.51 0.14497 4.91508e-06 
9.51 0.14697 2.71289e-06 
9.51 0.14897 1.40101e-06 
9.51 0.15097 5.97319e-07 
9.51 0.15297 2.61513e-07 
9.51 0.15497 9.16694e-08 
9.52 0.11497 5.01964e-10 
9.52 0.11697 8.66038e-08 
9.52 0.11897 1.60532e-06 
9.52 0.12097 8.53684e-06 
9.52 0.12297 1.94137e-05 
9.52 0.12497 4.48191e-05 
9.52 0.12697 3.49453e-05 
9.52 0.12897 3.91573e-05 
9.52 0.13097 3.7218e-05 
9.52 0.13297 3.42338e-05 
9.52 0.13497 2.93442e-05 
9.52 0.13697 2.217e-05 
9.52 0.13897 1.52944e-05 
9.52 0.14097 9.78336e-06 
9.52 0.14297 5.41822e-06 
9.52 0.14497 3.16217e-06 
9.52 0.14697 1.3582e-06 
9.52 0.14897 6.9307e-07 
9.52 0.15097 4.24438e-07 
9.53 0.11097 5.68762e-10 
9.53 0.11297 4.09957e-08 
9.53 0.11497 1.07962e-06 
9.53 0.11697 7.53251e-06 
9.53 0.11897 2.12482e-05 
9.53 0.12097 4.29526e-05 
9.53 0.12297 6.30745e-05 
9.53 0.12497 5.44966e-05 
9.53 0.12697 5.81789e-05 
9.53 0.12897 5.57799e-05 
9.53 0.13097 4.62827e-05 
9.53 0.13297 3.77139e-05 
9.53 0.13497 2.77838e-05 
9.53 0.13697 1.90476e-05 
9.53 0.13897 1.15846e-05 
9.53 0.14097 6.62257e-06 
9.53 0.14297 2.99229e-06 
9.53 0.14497 1.38835e-06 
9.53 0.14697 1.08049e-06 
9.53 0.14897 2.37829e-07 
9.54 0.10697 1.98667e-10 
9.54 0.10897 2.25602e-08 
9.54 0.11097 5.2632e-07 
9.54 0.11297 6.80287e-06 
9.54 0.11497 2.31636e-05 
9.54 0.11697 4.42199e-05 
9.54 0.11897 9.43129e-05 
9.54 0.12097 7.5213e-05 
9.54 0.12297 8.13576e-05 
9.54 0.12497 8.0415e-05 
9.54 0.12697 7.72946e-05 
9.54 0.12897 6.37759e-05 
9.54 0.13097 4.91269e-05 
9.54 0.13297 3.31305e-05 
9.54 0.13497 2.20149e-05 
9.54 0.13697 1.34298e-05 
9.54 0.13897 7.22555e-06 
9.54 0.14097 2.50547e-06 
9.54 0.14297 2.34863e-06 
9.54 0.14497 1.05609e-06 
9.55 0.10497 8.51318e-09 
9.55 0.10697 3.05541e-07 
9.55 0.10897 4.3552e-06 
9.55 0.11097 2.21289e-05 
9.55 0.11297 5.11811e-05 
9.55 0.11497 0.000117277 
9.55 0.11697 9.90826e-05 
9.55 0.11897 0.0001115 
9.55 0.12097 0.000118812 
9.55 0.12297 0.000113434 
9.55 0.12497 9.96137e-05 
9.55 0.12697 8.25451e-05 
9.55 0.12897 6.01209e-05 
9.55 0.13097 4.11385e-05 
9.55 0.13297 2.46132e-05 
9.55 0.13497 1.48546e-05 
9.55 0.13697 5.0941e-06 
9.55 0.13897 5.2966e-06 
9.55 0.14097 2.37961e-06 
9.55 0.14297 5.7892e-07 
9.56 0.10097 8.7943e-10 
9.56 0.10297 1.5012e-07 
9.56 0.10497 2.58532e-06 
9.56 0.10697 1.82343e-05 
9.56 0.10897 5.39125e-05 
9.56 0.11097 0.000131335 
9.56 0.11297 0.000141616 
9.56 0.11497 0.000148347 
9.56 0.11697 0.000162501 
9.56 0.11897 0.000173723 
9.56 0.12097 0.000155843 
9.56 0.12297 0.000127049 
9.56 0.12497 9.9747e-05 
9.56 0.12697 7.14125e-05 
9.56 0.12897 4.70596e-05 
9.56 0.13097 2.91789e-05 
9.56 0.13297 9.81121e-06 
9.56 0.13497 1.07715e-05 
9.56 0.13697 5.48733e-06 
9.56 0.13897 2.13209e-06 
9.57 0.09697 1.37693e-08 
9.57 0.09897 3.85622e-08 
9.57 0.10097 1.86736e-06 
9.57 0.10297 1.54789e-05 
9.57 0.10497 4.98284e-05 
9.57 0.10697 9.26008e-05 
9.57 0.10897 0.000220089 
9.57 0.11097 0.000191404 
9.57 0.11297 0.000219196 
9.57 0.11497 0.000229488 
9.57 0.11697 0.000226413 
9.57 0.11897 0.000203446 
9.57 0.12097 0.000163556 
9.57 0.12297 0.000116577 
9.57 0.12497 8.27905e-05 
9.57 0.12697 5.15432e-05 
9.57 0.12897 2.39071e-05 
9.57 0.13097 1.71199e-05 
9.57 0.13297 1.11026e-05 
9.57 0.13497 5.21989e-06 
9.57 0.13697 1.25955e-06 
9.58 0.09497 1.60423e-09 
9.58 0.09697 9.60941e-07 
9.58 0.09897 9.4872e-06 
9.58 0.10097 4.66706e-05 
9.58 0.10297 0.00010184 
9.58 0.10497 0.000172316 
9.58 0.10697 0.000301935 
9.58 0.10897 0.000281999 
9.58 0.11097 0.000313861 
9.58 0.11297 0.000305806 
9.58 0.11497 0.00028812 
9.58 0.11697 0.00024343 
9.58 0.11897 0.000194049 
9.58 0.12097 0.000141813 
9.58 0.12297 9.173e-05 
9.58 0.12497 5.69986e-05 
9.58 0.12697 1.96737e-05 
9.58 0.12897 2.22506e-05 
9.58 0.13097 1.05196e-05 
9.58 0.13297 4.69517e-06 
9.59 0.08897 2.0607e-07 
9.59 0.09097 5.78821e-10 
9.59 0.09297 5.09661e-08 
9.59 0.09497 5.96843e-06 
9.59 0.09697 3.69343e-05 
9.59 0.09897 0.000108595 
9.59 0.10097 0.000171052 
9.59 0.10297 0.000372564 
9.59 0.10497 0.000326088 
9.59 0.10697 0.000373624 
9.59 0.10897 0.000407164 
9.59 0.11097 0.000391967 
9.59 0.11297 0.000349029 
9.59 0.11497 0.000297233 
9.59 0.11697 0.000222253 
9.59 0.11897 0.000151561 
9.59 0.12097 9.32644e-05 
9.59 0.12297 3.59603e-05 
9.59 0.12497 4.36112e-05 
9.59 0.12697 2.23223e-05 
9.59 0.12897 9.55711e-06 
9.59 0.13097 2.49525e-06 
9.6 0.08497 2.00616e-07 
9.6 0.08697 2.81895e-07 
9.6 0.08897 6.8199e-07 
9.6 0.09097 8.9916e-07 
9.6 0.09297 2.98324e-05 
9.6 0.09497 9.25035e-05 
9.6 0.09697 0.000181165 
9.6 0.09897 0.000275487 
9.6 0.10097 0.000566789 
9.6 0.10297 0.000463371 
9.6 0.10497 0.000513282 
9.6 0.10697 0.00053094 
9.6 0.10897 0.000491167 
9.6 0.11097 0.00040969 
9.6 0.11297 0.000343673 
9.6 0.11497 0.000251997 
9.6 0.11697 0.000166875 
9.6 0.11897 6.23927e-05 
9.6 0.12097 7.32846e-05 
9.6 0.12297 4.28866e-05 
9.6 0.12497 2.10259e-05 
9.6 0.12697 8.98009e-06 
9.61 0.08297 3.89789e-07 
9.61 0.08497 6.32067e-09 
9.61 0.08697 3.48475e-07 
9.61 0.08897 8.38883e-06 
9.61 0.09097 9.81208e-05 
9.61 0.09297 0.000177379 
9.61 0.09497 0.000273977 
9.61 0.09697 0.0004513 
9.61 0.09897 0.000751933 
9.61 0.10097 0.00064837 
9.61 0.10297 0.000673514 
9.61 0.10497 0.000671522 
9.61 0.10697 0.0005972 
9.61 0.10897 0.000490084 
9.61 0.11097 0.000360359 
9.61 0.11297 0.000273951 
9.61 0.11497 0.000108592 
9.61 0.11697 0.000135221 
9.61 0.11897 7.64006e-05 
9.61 0.12097 3.83587e-05 
9.61 0.12297 1.79279e-05 
9.61 0.12497 4.94652e-06 
9.62 0.08097 2.19438e-09 
9.62 0.08297 1.25339e-07 
9.62 0.08497 3.73362e-06 
9.62 0.08697 5.42373e-05 
9.62 0.08897 0.00019199 
9.62 0.09097 0.000286231 
9.62 0.09297 0.000420158 
9.62 0.09497 0.000874481 
9.62 0.09697 0.000779287 
9.62 0.09897 0.000876299 
9.62 0.10097 0.00083042 
9.62 0.10297 0.000839987 
9.62 0.10497 0.000715106 
9.62 0.10697 0.000558434 
9.62 0.10897 0.000403907 
9.62 0.11097 0.000157148 
9.62 0.11297 0.000219038 
9.62 0.11497 0.000137367 
9.62 0.11697 7.51261e-05 
9.62 0.11897 3.45973e-05 
9.62 0.12097 1.58791e-05 
9.63 0.07097 6.34003e-09 
9.63 0.07697 2.44428e-10 
9.63 0.07897 4.25042e-08 
9.63 0.08097 1.49841e-06 
9.63 0.08297 2.01449e-05 
9.63 0.08497 0.000169723 
9.63 0.08697 0.000290154 
9.63 0.08897 0.000459939 
9.63 0.09097 0.000633186 
9.63 0.09297 0.00122088 
9.63 0.09497 0.000997061 
9.63 0.09697 0.00104802 
9.63 0.09897 0.00103825 
9.63 0.10097 0.000908458 
9.63 0.10297 0.000816317 
9.63 0.10497 0.000622822 
9.63 0.10697 0.000262357 
9.63 0.10897 0.000335109 
9.63 0.11097 0.000219891 
9.63 0.11297 0.000129764 
9.63 0.11497 6.8623e-05 
9.63 0.11697 3.16438e-05 
9.63 0.11897 8.50441e-06 
9.64 0.07297 5.21232e-07 
9.64 0.07497 1.48954e-08 
9.64 0.07697 1.99348e-06 
9.64 0.07897 1.15218e-05 
9.64 0.08097 7.41059e-05 
9.64 0.08297 0.000334636 
9.64 0.08497 0.000428423 
9.64 0.08697 0.000678449 
9.64 0.08897 0.0010459 
9.64 0.09097 0.00147531 
9.64 0.09297 0.00129217 
9.64 0.09497 0.00133601 
9.64 0.09697 0.00123582 
9.64 0.09897 0.00105812 
9.64 0.10097 0.000823963 
9.64 0.10297 0.000429498 
9.64 0.10497 0.000517994 
9.64 0.10697 0.000361179 
9.64 0.10897 0.000210066 
9.64 0.11097 0.000120782 
9.64 0.11297 5.79525e-05 
9.64 0.11497 2.81344e-05 
9.65 0.06497 7.11572e-08 
9.65 0.06697 8.29845e-08 
9.65 0.06897 5.92411e-07 
9.65 0.07097 7.52075e-07 
9.65 0.07297 2.02433e-07 
9.65 0.07497 5.34419e-06 
9.65 0.07697 4.76188e-05 
9.65 0.07897 0.000204257 
9.65 0.08097 0.000526587 
9.65 0.08297 0.000645138 
9.65 0.08497 0.000897731 
9.65 0.08697 0.00183167 
9.65 0.08897 0.00152216 
9.65 0.09097 0.0015674 
9.65 0.09297 0.00159438 
9.65 0.09497 0.00144391 
9.65 0.09697 0.00120269 
9.65 0.09897 0.000557807 
9.65 0.10097 0.000730588 
9.65 0.10297 0.000575124 
9.65 0.10497 0.000360201 
9.65 0.10697 0.000207721 
9.65 0.10897 0.000102777 
9.65 0.11097 5.01149e-05 
9.65 0.11297 1.4636e-05 
9.66 0.06297 2.17569e-07 
9.66 0.06497 7.10143e-07 
9.66 0.06697 3.85129e-10 
9.66 0.06897 6.20381e-08 
9.66 0.07097 3.99599e-06 
9.66 0.07297 2.67449e-05 
9.66 0.07497 0.000115347 
9.66 0.07697 0.000456675 
9.66 0.07897 0.000697645 
9.66 0.08097 0.000920245 
9.66 0.08297 0.0012238 
9.66 0.08497 0.00228503 
9.66 0.08697 0.00189208 
9.66 0.08897 0.00186639 
9.66 0.09097 0.00179795 
9.66 0.09297 0.00162305 
9.66 0.09497 0.00086821 
9.66 0.09697 0.000991539 
9.66 0.09897 0.000806559 
9.66 0.10097 0.000513281 
9.66 0.10297 0.000344855 
9.66 0.10497 0.000187007 
9.66 0.10697 9.21461e-05 
9.66 0.10897 4.3383e-05 
9.67 0.05697 4.76368e-08 
9.67 0.05897 1.17872e-07 
9.67 0.06097 1.36129e-07 
9.67 0.06297 1.87126e-06 
9.67 0.06497 3.86422e-06 
9.67 0.06697 1.04726e-06 
9.67 0.06897 1.46811e-05 
9.67 0.07097 8.41455e-05 
9.67 0.07297 0.000247993 
9.67 0.07497 0.000772675 
9.67 0.07697 0.00094952 
9.67 0.07897 0.00129674 
9.67 0.08097 0.00190204 
9.67 0.08297 0.00260205 
9.67 0.08497 0.00216036 
9.67 0.08697 0.00215111 
9.67 0.08897 0.00201804 
9.67 0.09097 0.00125158 
9.67 0.09297 0.00126582 
9.67 0.09497 0.00117563 
9.67 0.09697 0.000806928 
9.67 0.09897 0.00050739 
9.67 0.10097 0.000288815 
9.67 0.10297 0.000162607 
9.67 0.10497 8.01879e-05 
9.67 0.10697 2.18108e-05 
9.68 0.05497 8.7178e-08 
9.68 0.05697 1.05081e-07 
9.68 0.05897 1.5002e-06 
9.68 0.06097 3.16454e-06 
9.68 0.06297 6.23865e-06 
9.68 0.06497 2.30402e-05 
9.68 0.06697 5.40999e-05 
9.68 0.06897 0.000196591 
9.68 0.07097 0.000415297 
9.68 0.07297 0.00109367 
9.68 0.07497 0.00125364 
9.68 0.07697 0.0017046 
9.68 0.07897 0.00317615 
9.68 0.08097 0.00245031 
9.68 0.08297 0.00256497 
9.68 0.08497 0.00244862 
9.68 0.08697 0.00163298 
9.68 0.08897 0.00148033 
9.68 0.09097 0.00154059 
9.68 0.09297 0.00118674 
9.68 0.09497 0.000783594 
9.68 0.09697 0.000477505 
9.68 0.09897 0.000254161 
9.68 0.10097 0.000124335 
9.68 0.10297 5.5195e-05 
9.68 0.10497 7.58208e-06 
9.69 0.05097 6.16897e-08 
9.69 0.05297 7.81423e-08 
9.69 0.05497 7.38641e-07 
9.69 0.05697 2.50274e-06 
9.69 0.05897 5.02492e-06 
9.69 0.06097 1.67726e-05 
9.69 0.06297 4.27328e-05 
9.69 0.06497 0.000144619 
9.69 0.06697 0.000333013 
9.69 0.06897 0.000700921 
9.69 0.07097 0.00152581 
9.69 0.07297 0.00151673 
9.69 0.07497 0.00205539 
9.69 0.07697 0.00396085 
9.69 0.07897 0.00296435 
9.69 0.08097 0.00286274 
9.69 0.08297 0.00218769 
9.69 0.08497 0.00182817 
9.69 0.08697 0.00204999 
9.69 0.08897 0.00153164 
9.69 0.09097 0.00109448 
9.69 0.09297 0.000697121 
9.69 0.09497 0.00039659 
9.69 0.09697 0.000200447 
9.69 0.09897 6.5109e-05 
9.69 0.10097 6.86346e-05 
9.7 0.04697 2.32421e-08 
9.7 0.04897 5.6878e-08 
9.7 0.05097 5.45935e-07 
9.7 0.05297 1.94449e-06 
9.7 0.05497 6.98908e-06 
9.7 0.05697 9.72158e-06 
9.7 0.05897 2.72074e-05 
9.7 0.06097 0.000104646 
9.7 0.06297 0.000292719 
9.7 0.06497 0.000521762 
9.7 0.06697 0.0010279 
9.7 0.06897 0.00197779 
9.7 0.07097 0.0020832 
9.7 0.07297 0.00281175 
9.7 0.07497 0.00412802 
9.7 0.07697 0.00320865 
9.7 0.07897 0.00246573 
9.7 0.08097 0.00213723 
9.7 0.08297 0.00253767 
9.7 0.08497 0.00199722 
9.7 0.08697 0.00149513 
9.7 0.08897 0.00100375 
9.7 0.09097 0.000626875 
9.7 0.09297 0.000196871 
9.7 0.09497 0.000237851 
9.7 0.09697 0.000119378 
9.7 0.09897 3.26064e-05 
9.71 0.04297 1.55411e-08 
9.71 0.04497 3.93163e-08 
9.71 0.04697 4.59699e-08 
9.71 0.04897 2.70009e-06 
9.71 0.05097 4.18906e-06 
9.71 0.05297 7.42662e-06 
9.71 0.05497 1.84497e-05 
9.71 0.05697 6.84527e-05 
9.71 0.05897 0.000217164 
9.71 0.06097 0.000434363 
9.71 0.06297 0.000736317 
9.71 0.06497 0.00161706 
9.71 0.06697 0.00228921 
9.71 0.06897 0.00261173 
9.71 0.07097 0.00425782 
9.71 0.07297 0.00388812 
9.71 0.07497 0.00220946 
9.71 0.07697 0.00326373 
9.71 0.07897 0.00306189 
9.71 0.08097 0.00256907 
9.71 0.08297 0.00191404 
9.71 0.08497 0.00135226 
9.71 0.08697 0.000707996 
9.71 0.08897 0.000471618 
9.71 0.09097 0.000385342 
9.71 0.09297 0.000199332 
9.71 0.09497 9.50711e-05 
9.72 0.03897 1.22452e-08 
9.72 0.04097 3.01256e-08 
9.72 0.04297 4.15745e-07 
9.72 0.04497 1.54393e-06 
9.72 0.04697 3.13368e-06 
9.72 0.04897 5.66917e-06 
9.72 0.05097 1.13788e-05 
9.72 0.05297 4.35113e-05 
9.72 0.05497 0.000156215 
9.72 0.05697 0.000345975 
9.72 0.05897 0.000675682 
9.72 0.06097 0.0010057 
9.72 0.06297 0.00206812 
9.72 0.06497 0.0026341 
9.72 0.06697 0.00316797 
9.72 0.06897 0.00533237 
9.72 0.07097 0.00237228 
9.72 0.07297 0.00394265 
9.72 0.07497 0.00378156 
9.72 0.07697 0.0031413 
9.72 0.07897 0.00252843 
9.72 0.08097 0.00181401 
9.72 0.08297 0.000729649 
9.72 0.08497 0.000904398 
9.72 0.08697 0.000550755 
9.72 0.08897 0.000311898 
9.72 0.09097 0.000159658 
9.72 0.09297 4.41473e-05 
9.73 0.03497 7.80542e-09 
9.73 0.03697 1.9778e-08 
9.73 0.03897 2.3511e-08 
9.73 0.04097 1.07908e-06 
9.73 0.04297 2.2843e-06 
9.73 0.04497 4.27369e-06 
9.73 0.04697 7.99073e-06 
9.73 0.04897 2.26782e-05 
9.73 0.05097 0.000107429 
9.73 0.05297 0.000270046 
9.73 0.05497 0.000554417 
9.73 0.05697 0.000898219 
9.73 0.05897 0.00134292 
9.73 0.06097 0.00283638 
9.73 0.06297 0.0028858 
9.73 0.06497 0.00354633 
9.73 0.06697 0.0042135 
9.73 0.06897 0.00411248 
9.73 0.07097 0.00433038 
9.73 0.07297 0.00388452 
9.73 0.07497 0.00308289 
9.73 0.07697 0.00222505 
9.73 0.07897 0.00114662 
9.73 0.08097 0.00133232 
9.73 0.08297 0.000789673 
9.73 0.08497 0.000447549 
9.73 0.08697 0.000242273 
9.73 0.08897 9.11186e-05 
9.73 0.09097 3.16234e-05 
9.74 0.03297 1.27512e-08 
9.74 0.03497 1.59773e-08 
9.74 0.03697 7.07941e-07 
9.74 0.03897 1.57824e-06 
9.74 0.04097 3.06273e-06 
9.74 0.04297 5.39896e-06 
9.74 0.04497 1.45161e-05 
9.74 0.04697 4.59034e-05 
9.74 0.04897 0.000178974 
9.74 0.05097 0.00044736 
9.74 0.05297 0.000765252 
9.74 0.05497 0.00117003 
9.74 0.05697 0.00173367 
9.74 0.05897 0.00355993 
9.74 0.06097 0.00335957 
9.74 0.06297 0.00394138 
9.74 0.06497 0.0042374 
9.74 0.06697 0.00435676 
9.74 0.06897 0.00418644 
9.74 0.07097 0.00375188 
9.74 0.07297 0.00213579 
9.74 0.07497 0.00208739 
9.74 0.07697 0.00182476 
9.74 0.07897 0.0011481 
9.74 0.08097 0.000665978 
9.74 0.08297 0.000361359 
9.74 0.08497 0.000111155 
9.74 0.08697 0.000125793 
9.75 0.02897 7.90483e-09 
9.75 0.03097 5.00415e-09 
9.75 0.03297 2.6307e-07 
9.75 0.03497 1.0567e-06 
9.75 0.03697 2.12529e-06 
9.75 0.03897 3.9318e-06 
9.75 0.04097 1.00351e-05 
9.75 0.04297 2.03511e-05 
9.75 0.04497 8.71408e-05 
9.75 0.04697 0.000307931 
9.75 0.04897 0.000616713 
9.75 0.05097 0.000986149 
9.75 0.05297 0.00152255 
9.75 0.05497 0.00223576 
9.75 0.05697 0.00440488 
9.75 0.05897 0.00377801 
9.75 0.06097 0.00431954 
9.75 0.06297 0.00464854 
9.75 0.06497 0.00436252 
9.75 0.06697 0.00412011 
9.75 0.06897 0.00212714 
9.75 0.07097 0.00291368 
9.75 0.07297 0.00231487 
9.75 0.07497 0.00160216 
9.75 0.07697 0.000956143 
9.75 0.07897 0.000415167 
9.75 0.08097 0.000299648 
9.75 0.08297 0.000202468 
9.75 0.08497 5.65326e-05 
9.76 0.02897 1.71459e-07 
9.76 0.03097 1.27101e-06 
9.76 0.03297 1.98958e-06 
9.76 0.03497 3.42018e-06 
9.76 0.03697 5.32323e-06 
9.76 0.03897 1.18204e-05 
9.76 0.04097 4.66649e-05 
9.76 0.04297 0.000159559 
9.76 0.04497 0.000549726 
9.76 0.04697 0.00083403 
9.76 0.04897 0.00114721 
9.76 0.05097 0.00183125 
9.76 0.05297 0.00287089 
9.76 0.05497 0.004986 
9.76 0.05697 0.00421187 
9.76 0.05897 0.00473848 
9.76 0.06097 0.00483079 
9.76 0.06297 0.00440108 
9.76 0.06497 0.00221892 
9.76 0.06697 0.00340747 
9.76 0.06897 0.00275948 
9.76 0.07097 0.00202105 
9.76 0.07297 0.00132581 
9.76 0.07497 0.000453088 
9.76 0.07697 0.000585627 
9.76 0.07897 0.000314162 
9.76 0.08097 0.000152898 
9.77 0.02497 1.64397e-07 
9.77 0.02697 6.30382e-07 
9.77 0.02897 1.28085e-06 
9.77 0.03097 2.35108e-06 
9.77 0.03297 3.74623e-06 
9.77 0.03497 6.91137e-06 
9.77 0.03697 3.19665e-05 
9.77 0.03897 0.000121155 
9.77 0.04097 0.000282977 
9.77 0.04297 0.000666488 
9.77 0.04497 0.00107814 
9.77 0.04697 0.00148923 
9.77 0.04897 0.00200774 
9.77 0.05097 0.00395882 
9.77 0.05297 0.00514054 
9.77 0.05497 0.00460038 
9.77 0.05697 0.00502733 
9.77 0.05897 0.00492433 
9.77 0.06097 0.0023984 
9.77 0.06297 0.00395998 
9.77 0.06497 0.00323264 
9.77 0.06697 0.00237608 
9.77 0.06897 0.00154087 
9.77 0.07097 0.000604672 
9.77 0.07297 0.0008382 
9.77 0.07497 0.000466303 
9.77 0.07697 0.000239266 
9.77 0.07897 6.75009e-05 
9.78 0.02297 3.82078e-07 
9.78 0.02497 8.25595e-07 
9.78 0.02697 1.58427e-06 
9.78 0.02897 2.61614e-06 
9.78 0.03097 4.67155e-06 
9.78 0.03297 1.61593e-05 
9.78 0.03497 7.01891e-05 
9.78 0.03697 0.000177369 
9.78 0.03897 0.000392922 
9.78 0.04097 0.000888433 
9.78 0.04297 0.00134541 
9.78 0.04497 0.00183456 
9.78 0.04697 0.00239224 
9.78 0.04897 0.00480705 
9.78 0.05097 0.00501517 
9.78 0.05297 0.0050459 
9.78 0.05497 0.00500275 
9.78 0.05697 0.00263964 
9.78 0.05897 0.0044879 
9.78 0.06097 0.00372768 
9.78 0.06297 0.00292204 
9.78 0.06497 0.00168752 
9.78 0.06697 0.0011155 
9.78 0.06897 0.00103306 
9.78 0.07097 0.00059932 
9.78 0.07297 0.000337671 
9.78 0.07497 0.000123995 
9.78 0.07697 5.30035e-05 
9.79 0.01897 2.25159e-07 
9.79 0.02097 5.35134e-07 
9.79 0.02297 1.09482e-06 
9.79 0.02497 1.86241e-06 
9.79 0.02697 2.92974e-06 
9.79 0.02897 1.17353e-05 
9.79 0.03097 4.00907e-05 
9.79 0.03297 0.000136617 
9.79 0.03497 0.000257148 
9.79 0.03697 0.000506106 
9.79 0.03897 0.00107641 
9.79 0.04097 0.00153026 
9.79 0.04297 0.00218954 
9.79 0.04497 0.00292728 
9.79 0.04697 0.00533893 
9.79 0.04897 0.00476485 
9.79 0.05097 0.0049874 
9.79 0.05297 0.00256837 
9.79 0.05497 0.00470343 
9.79 0.05697 0.00426207 
9.79 0.05897 0.00338851 
9.79 0.06097 0.00174757 
9.79 0.06297 0.00178658 
9.79 0.06497 0.00136739 
9.79 0.06697 0.000831549 
9.79 0.06897 0.000462433 
9.79 0.07097 0.000143163 
9.79 0.07297 0.000170832 
9.8 0.01497 7.66646e-08 
9.8 0.01697 3.14707e-07 
9.8 0.01897 6.71666e-07 
9.8 0.02097 1.29597e-06 
9.8 0.02297 2.57389e-06 
9.8 0.02497 7.49612e-06 
9.8 0.02697 2.56742e-05 
9.8 0.02897 8.16686e-05 
9.8 0.03097 0.000187064 
9.8 0.03297 0.000354023 
9.8 0.03497 0.000567062 
9.8 0.03697 0.00134702 
9.8 0.03897 0.00183503 
9.8 0.04097 0.00247819 
9.8 0.04297 0.00327021 
9.8 0.04497 0.00587614 
9.8 0.04697 0.00477178 
9.8 0.04897 0.00272999 
9.8 0.05097 0.00474304 
9.8 0.05297 0.00456576 
9.8 0.05497 0.00385882 
9.8 0.05697 0.00183545 
9.8 0.05897 0.00235976 
9.8 0.06097 0.00174063 
9.8 0.06297 0.00110762 
9.8 0.06497 0.000576695 
9.8 0.06697 0.000293976 
9.8 0.06897 0.00025405 
9.8 0.07097 7.18763e-05 
9.81 0.01297 1.81265e-07 
9.81 0.01497 4.02277e-07 
9.81 0.01697 8.15232e-07 
9.81 0.01897 2.4536e-06 
9.81 0.02097 3.50797e-06 
9.81 0.02297 1.27077e-05 
9.81 0.02497 5.07517e-05 
9.81 0.02697 0.000124611 
9.81 0.02897 0.000299233 
9.81 0.03097 0.000402022 
9.81 0.03297 0.000672224 
9.81 0.03497 0.00157155 
9.81 0.03697 0.00210713 
9.81 0.03897 0.00276686 
9.81 0.04097 0.00364707 
9.81 0.04297 0.0059381 
9.81 0.04497 0.00260064 
9.81 0.04697 0.00435271 
9.81 0.04897 0.00419899 
9.81 0.05097 0.00424342 
9.81 0.05297 0.00210719 
9.81 0.05497 0.00276685 
9.81 0.05697 0.00208197 
9.81 0.05897 0.00127846 
9.81 0.06097 0.000521332 
9.81 0.06297 0.000659243 
9.81 0.06497 0.000365988 
9.81 0.06697 0.000180828 
9.82 0.00697002 3.78994e-08 
9.82 0.00896999 6.06484e-08 
9.82 0.01097 4.26977e-07 
9.82 0.01297 6.72183e-07 
9.82 0.01497 1.19004e-06 
9.82 0.01697 2.12901e-06 
9.82 0.01897 5.15085e-06 
9.82 0.02097 2.79089e-05 
9.82 0.02297 8.44518e-05 
9.82 0.02497 0.000189079 
9.82 0.02697 0.000335656 
9.82 0.02897 0.000531836 
9.82 0.03097 0.000763508 
9.82 0.03297 0.00151039 
9.82 0.03497 0.00264894 
9.82 0.03697 0.00288172 
9.82 0.03897 0.00404121 
9.82 0.04097 0.00408038 
9.82 0.04297 0.00382317 
9.82 0.04497 0.00431442 
9.82 0.04697 0.00390619 
9.82 0.04897 0.0019237 
9.82 0.05097 0.0029829 
9.82 0.05297 0.0023032 
9.82 0.05497 0.00156113 
9.82 0.05697 0.000596922 
9.82 0.05897 0.000790627 
9.82 0.06097 0.000505461 
9.82 0.06297 0.000262097 
9.82 0.06497 7.51454e-05 
9.83 0.00497001 8.40226e-08 
9.83 0.00697002 1.88683e-07 
9.83 0.00896999 4.00123e-07 
9.83 0.01097 7.41798e-07 
9.83 0.01297 1.30728e-06 
9.83 0.01497 4.19651e-06 
9.83 0.01697 1.33139e-05 
9.83 0.01897 4.61269e-05 
9.83 0.02097 9.05172e-05 
9.83 0.02297 0.00020457 
9.83 0.02497 0.000444406 
9.83 0.02697 0.000646785 
9.83 0.02897 0.00092342 
9.83 0.03097 0.00152799 
9.83 0.03297 0.00304492 
9.83 0.03497 0.0029287 
9.83 0.03697 0.00453071 
9.83 0.03897 0.00304602 
9.83 0.04097 0.00422102 
9.83 0.04297 0.00406549 
9.83 0.04497 0.00190874 
9.83 0.04697 0.00334918 
9.83 0.04897 0.00263175 
9.83 0.05097 0.00144761 
9.83 0.05297 0.0011683 
9.83 0.05497 0.00101228 
9.83 0.05697 0.000602102 
9.83 0.05897 0.000284877 
9.83 0.06097 0.0001514 
9.83 0.06297 7.4686e-05 
9.84 0.000970006 4.43967e-08 
9.84 0.00297001 1.04473e-07 
9.84 0.00497001 2.2465e-07 
9.84 0.00697002 4.47017e-07 
9.84 0.00896999 8.28894e-07 
9.84 0.01097 1.41685e-06 
9.84 0.01297 6.52257e-06 
9.84 0.01497 2.76829e-05 
9.84 0.01697 5.96554e-05 
9.84 0.01897 0.000143761 
9.84 0.02097 0.000208954 
9.84 0.02297 0.000452274 
9.84 0.02497 0.000839844 
9.84 0.02697 0.00106521 
9.84 0.02897 0.00163471 
9.84 0.03097 0.00318941 
9.84 0.03297 0.0028517 
9.84 0.03497 0.00354068 
9.84 0.03697 0.00392996 
9.84 0.03897 0.00401023 
9.84 0.04097 0.00201885 
9.84 0.04297 0.00353785 
9.84 0.04497 0.00292478 
9.84 0.04697 0.00124386 
9.84 0.04897 0.00179439 
9.84 0.05097 0.00123513 
9.84 0.05297 0.000775313 
9.84 0.05497 0.000259828 
9.84 0.05697 0.000319651 
9.84 0.05897 0.000163336 
9.85 -0.00303 1.40724e-08 
9.85 -0.00103 5.71487e-08 
9.85 0.000970006 1.25595e-07 
9.85 0.00297001 2.61716e-07 
9.85 0.00497001 2.03745e-07 
9.85 0.00697002 6.98978e-07 
9.85 0.00896999 3.18321e-06 
9.85 0.01097 1.56351e-05 
9.85 0.01297 4.03547e-05 
9.85 0.01497 9.31286e-05 
9.85 0.01697 0.000150329 
9.85 0.01897 0.000235245 
9.85 0.02097 0.000409242 
9.85 0.02297 0.00105244 
9.85 0.02497 0.00120841 
9.85 0.02697 0.00175167 
9.85 0.02897 0.00329956 
9.85 0.03097 0.00292334 
9.85 0.03297 0.00315584 
9.85 0.03497 0.00308528 
9.85 0.03697 0.00190963 
9.85 0.03897 0.00357004 
9.85 0.04097 0.00312059 
9.85 0.04297 0.00135492 
9.85 0.04497 0.002091 
9.85 0.04697 0.00146995 
9.85 0.04897 0.000861876 
9.85 0.05097 0.000405454 
9.85 0.05297 0.000424441 
9.85 0.05497 0.000228301 
9.85 0.05697 6.59937e-05 
9.86 -0.00503001 1.17941e-08 
9.86 -0.00303 8.47153e-08 
9.86 -0.00103 8.18108e-08 
9.86 0.000970006 1.13543e-07 
9.86 0.00297001 3.88348e-07 
9.86 0.00497001 1.50795e-06 
9.86 0.00697002 8.78285e-06 
9.86 0.00896999 3.01734e-05 
9.86 0.01097 5.39862e-05 
9.86 0.01297 9.99195e-05 
9.86 0.01497 0.000181399 
9.86 0.01697 0.000245449 
9.86 0.01897 0.000464318 
9.86 0.02097 0.00109563 
9.86 0.02297 0.00141025 
9.86 0.02497 0.00184538 
9.86 0.02697 0.00322385 
9.86 0.02897 0.00301305 
9.86 0.03097 0.00247832 
9.86 0.03297 0.00217164 
9.86 0.03497 0.00306155 
9.86 0.03697 0.00268445 
9.86 0.03897 0.00128207 
9.86 0.04097 0.00231715 
9.86 0.04297 0.00168664 
9.86 0.04497 0.000686711 
9.86 0.04697 0.000847678 
9.86 0.04897 0.000535849 
9.86 0.05097 0.000290769 
9.86 0.05297 0.000154432 
9.86 0.05497 1.44747e-06 
9.87 -0.00902998 5.87436e-09 
9.87 -0.00703001 2.3743e-08 
9.87 -0.00503001 1.06629e-08 
9.87 -0.00303 5.88815e-08 
9.87 -0.00103 2.20449e-07 
9.87 0.000970006 1.37124e-06 
9.87 0.00297001 5.48507e-06 
9.87 0.00497001 1.48507e-05 
9.87 0.00697002 3.29826e-05 
9.87 0.00896999 6.34952e-05 
9.87 0.01097 0.00011994 
9.87 0.01297 0.000200604 
9.87 0.01497 0.000290538 
9.87 0.01697 0.000536293 
9.87 0.01897 0.000999938 
9.87 0.02097 0.00162615 
9.87 0.02297 0.00191291 
9.87 0.02497 0.00288193 
9.87 0.02697 0.00253361 
9.87 0.02897 0.00220349 
9.87 0.03097 0.00286736 
9.87 0.03297 0.00240363 
9.87 0.03497 0.00156432 
9.87 0.03697 0.00214616 
9.87 0.03897 0.00162613 
9.87 0.04097 0.00072795 
9.87 0.04297 0.00106783 
9.87 0.04497 0.000661922 
9.87 0.04697 0.000376082 
9.87 0.04897 0.000128806 
9.87 0.05097 0.000123818 
9.88 -0.01103 2.35311e-09 
9.88 -0.00703001 3.64002e-08 
9.88 -0.00503001 1.17564e-07 
9.88 -0.00303 4.23285e-07 
9.88 -0.00103 2.90556e-06 
9.88 0.000970006 7.86081e-06 
9.88 0.00297001 1.69304e-05 
9.88 0.00497001 3.96129e-05 
9.88 0.00697002 8.61852e-05 
9.88 0.00896999 0.000119035 
9.88 0.01097 0.000232217 
9.88 0.01297 0.000337868 
9.88 0.01497 0.00060282 
9.88 0.01697 0.00091269 
9.88 0.01897 0.00188532 
9.88 0.02097 0.00184303 
9.88 0.02297 0.00255634 
9.88 0.02497 0.00202271 
9.88 0.02697 0.00260075 
9.88 0.02897 0.00195981 
9.88 0.03097 0.00188249 
9.88 0.03297 0.00220075 
9.88 0.03497 0.0016999 
9.88 0.03697 0.000760178 
9.88 0.03897 0.00108121 
9.88 0.04097 0.000743932 
9.88 0.04297 0.000410502 
9.88 0.04497 0.000207923 
9.88 0.04697 0.000182537 
9.88 0.04897 5.24882e-05 
9.89 -0.01103 2.66196e-09 
9.89 -0.00902998 3.19139e-08 
9.89 -0.00703001 2.37636e-07 
9.89 -0.00503001 8.81548e-07 
9.89 -0.00303 4.19412e-06 
9.89 -0.00103 9.18959e-06 
9.89 0.000970006 2.68694e-05 
9.89 0.00297001 4.42908e-05 
9.89 0.00497001 7.4363e-05 
9.89 0.00697002 0.000124671 
9.89 0.00896999 0.000277388 
9.89 0.01097 0.000391108 
9.89 0.01297 0.000661783 
9.89 0.01497 0.000917073 
9.89 0.01697 0.00196442 
9.89 0.01897 0.00179797 
9.89 0.02097 0.00203522 
9.89 0.02297 0.00230194 
9.89 0.02497 0.00148443 
9.89 0.02697 0.00208181 
9.89 0.02897 0.00218037 
9.89 0.03097 0.00139819 
9.89 0.03297 0.00118345 
9.89 0.03497 0.00119497 
9.89 0.03697 0.000818365 
9.89 0.03897 0.000308811 
9.89 0.04097 0.00037855 
9.89 0.04297 0.000235488 
9.89 0.04497 0.000118979 
9.9 -0.01303 7.79435e-09 
9.9 -0.01103 4.82346e-08 
9.9 -0.00902998 3.67017e-07 
9.9 -0.00703001 9.66755e-07 
9.9 -0.00503001 5.84109e-06 
9.9 -0.00303 1.49604e-05 
9.9 -0.00103 2.606e-05 
9.9 0.000970006 4.3001e-05 
9.9 0.00297001 8.19253e-05 
9.9 0.00497001 0.000112328 
9.9 0.00697002 0.000283674 
9.9 0.00896999 0.000458217 
9.9 0.01097 0.000629964 
9.9 0.01297 0.000974104 
9.9 0.01497 0.0018521 
9.9 0.01697 0.00185017 
9.9 0.01897 0.00191301 
9.9 0.02097 0.00120711 
9.9 0.02297 0.00202011 
9.9 0.02497 0.0020428 
9.9 0.02697 0.00108815 
9.9 0.02897 0.0014823 
9.9 0.03097 0.00127424 
9.9 0.03297 0.000882191 
9.9 0.03497 0.00036719 
9.9 0.03697 0.000473444 
9.9 0.03897 0.000276176 
9.9 0.04097 0.000149664 
9.9 0.04297 4.43421e-05 
9.91 -0.01703 3.64498e-09 
9.91 -0.01503 1.46733e-08 
9.91 -0.01303 4.91715e-08 
9.91 -0.01103 2.62049e-07 
9.91 -0.00902998 1.62908e-06 
9.91 -0.00703001 7.19313e-06 
9.91 -0.00503001 1.50496e-05 
9.91 -0.00303 2.80253e-05 
9.91 -0.00103 4.28285e-05 
9.91 0.000970006 6.7018e-05 
9.91 0.00297001 0.000138149 
9.91 0.00497001 0.000224865 
9.91 0.00697002 0.000510362 
9.91 0.00896999 0.000671657 
9.91 0.01097 0.000897696 
9.91 0.01297 0.00162619 
9.91 0.01497 0.00192183 
9.91 0.01697 0.00097281 
9.91 0.01897 0.00183352 
9.91 0.02097 0.00188674 
9.91 0.02297 0.000925528 
9.91 0.02497 0.00155368 
9.91 0.02697 0.00126723 
9.91 0.02897 0.000728797 
9.91 0.03097 0.000573189 
9.91 0.03297 0.000545852 
9.91 0.03497 0.000331947 
9.91 0.03697 0.000179451 
9.91 0.03897 6.26697e-05 
9.91 0.04097 3.49571e-05 
9.92 -0.02103 2.52666e-09 
9.92 -0.01903 7.11184e-09 
9.92 -0.01703 2.48867e-08 
9.92 -0.01503 7.40556e-08 
9.92 -0.01303 3.40429e-07 
9.92 -0.01103 1.60094e-06 
9.92 -0.00902998 6.32028e-06 
9.92 -0.00703001 1.95796e-05 
9.92 -0.00503001 2.46796e-05 
9.92 -0.00303 3.56782e-05 
9.92 -0.00103 7.77658e-05 
9.92 0.000970006 0.000129521 
9.92 0.00297001 0.000225825 
9.92 0.00497001 0.000484157 
9.92 0.00697002 0.00074258 
9.92 0.00896999 0.000824741 
9.92 0.01097 0.00121357 
9.92 0.01297 0.00122743 
9.92 0.01497 0.00157565 
9.92 0.01697 0.00165684 
9.92 0.01897 0.000845381 
9.92 0.02097 0.00150622 
9.92 0.02297 0.00125925 
9.92 0.02497 0.000563022 
9.92 0.02697 0.000783538 
9.92 0.02897 0.000555154 
9.92 0.03097 0.000363112 
9.92 0.03297 0.000144222 
9.92 0.03497 0.000134499 
9.92 0.03697 7.80993e-05 
9.93 -0.02303 2.80957e-09 
9.93 -0.02103 7.3236e-09 
9.93 -0.01903 4.74537e-08 
9.93 -0.01703 1.0062e-07 
9.93 -0.01503 2.48005e-07 
9.93 -0.01303 1.91296e-06 
9.93 -0.01103 5.58337e-06 
9.93 -0.00902998 1.46944e-05 
9.93 -0.00703001 2.70965e-05 
9.93 -0.00503001 4.80263e-05 
9.93 -0.00303 7.43078e-05 
9.93 -0.00103 0.000133475 
9.93 0.000970006 0.000249058 
9.93 0.00297001 0.000391654 
9.93 0.00497001 0.000803665 
9.93 0.00697002 0.000815507 
9.93 0.00896999 0.000974673 
9.93 0.01097 0.00105325 
9.93 0.01297 0.00120076 
9.93 0.01497 0.000642425 
9.93 0.01697 0.00138015 
9.93 0.01897 0.00121103 
9.93 0.02097 0.000541009 
9.93 0.02297 0.000829352 
9.93 0.02497 0.000594348 
9.93 0.02697 0.000342874 
9.93 0.02897 0.000179005 
9.93 0.03097 0.000180456 
9.93 0.03297 9.36807e-05 
9.93 0.03497 3.30686e-05 
9.94 -0.02703 4.04777e-10 
9.94 -0.02503 4.55975e-09 
9.94 -0.02303 1.046e-08 
9.94 -0.02103 4.27264e-08 
9.94 -0.01903 1.27421e-07 
9.94 -0.01703 2.86698e-07 
9.94 -0.01503 2.09637e-06 
9.94 -0.01303 4.64474e-06 
9.94 -0.01103 1.47869e-05 
9.94 -0.00902998 1.81152e-05 
9.94 -0.00703001 5.68942e-05 
9.94 -0.00503001 8.66203e-05 
9.94 -0.00303 0.000144656 
9.94 -0.00103 0.000249656 
9.94 0.000970006 0.00036182 
9.94 0.00297001 0.000772623 
9.94 0.00497001 0.000784901 
9.94 0.00697002 0.000856918 
9.94 0.00896999 0.000986686 
9.94 0.01097 0.000549294 
9.94 0.01297 0.00104057 
9.94 0.01497 0.000984067 
9.94 0.01697 0.000456203 
9.94 0.01897 0.00078889 
9.94 0.02097 0.000615159 
9.94 0.02297 0.0002337 
9.94 0.02497 0.00033781 
9.94 0.02697 0.000211039 
9.94 0.02897 6.90688e-05 
9.94 0.03097 8.73695e-05 
9.94 0.03297 2.56868e-05 
9.95 -0.02903 3.83163e-10 
9.95 -0.02703 4.08305e-09 
9.95 -0.02503 8.93694e-09 
9.95 -0.02303 1.89332e-09 
9.95 -0.02103 8.72744e-08 
9.95 -0.01903 4.11288e-07 
9.95 -0.01703 1.87791e-06 
9.95 -0.01503 5.67944e-06 
9.95 -0.01303 1.28719e-05 
9.95 -0.01103 2.33361e-05 
9.95 -0.00902998 3.63327e-05 
9.95 -0.00703001 0.000101085 
9.95 -0.00503001 0.000168707 
9.95 -0.00303 0.000238586 
9.95 -0.00103 0.000361566 
9.95 0.000970006 0.000650275 
9.95 0.00297001 0.000784653 
9.95 0.00497001 0.000774276 
9.95 0.00697002 0.000444666 
9.95 0.00896999 0.000893012 
9.95 0.01097 0.000865091 
9.95 0.01297 0.000426292 
9.95 0.01497 0.000726373 
9.95 0.01697 0.000573464 
9.95 0.01897 0.000253376 
9.95 0.02097 0.000368782 
9.95 0.02297 0.00014734 
9.95 0.02497 0.000171579 
9.95 0.02697 0.000106006 
9.95 0.02897 3.83483e-05 
9.95 0.03097 1.69465e-05 
9.96 -0.03103 3.36236e-10 
9.96 -0.02903 3.54037e-09 
9.96 -0.02703 1.77442e-10 
9.96 -0.02503 1.97123e-09 
9.96 -0.02303 1.37463e-08 
9.96 -0.02103 2.80019e-07 
9.96 -0.01903 1.56672e-06 
9.96 -0.01703 4.41853e-06 
9.96 -0.01503 1.50239e-05 
9.96 -0.01303 2.28363e-05 
9.96 -0.01103 3.93606e-05 
9.96 -0.00902998 7.61277e-05 
9.96 -0.00703001 0.000188556 
9.96 -0.00503001 0.000243305 
9.96 -0.00303 0.000350887 
9.96 -0.00103 0.000501793 
9.96 0.000970006 0.00078606 
9.96 0.00297001 0.000345926 
9.96 0.00497001 0.000738953 
9.96 0.00697002 0.000714072 
9.96 0.00896999 0.000410197 
9.96 0.01097 0.000641721 
9.96 0.01297 0.000309916 
9.96 0.01497 0.00039348 
9.96 0.01697 0.000343348 
9.96 0.01897 0.000147139 
9.96 0.02097 0.000207897 
9.96 0.02297 0.00010669 
9.96 0.02497 5.71545e-05 
9.96 0.02697 4.84093e-05 
9.97 -0.03303 1.01824e-09 
9.97 -0.03103 9.19223e-10 
9.97 -0.02903 1.98656e-10 
9.97 -0.02703 2.0288e-09 
9.97 -0.02503 2.51701e-08 
9.97 -0.02303 6.37741e-07 
9.97 -0.02103 1.97938e-06 
9.97 -0.01903 4.81818e-06 
9.97 -0.01703 1.11536e-05 
9.97 -0.01503 1.66902e-05 
9.97 -0.01303 5.14711e-05 
9.97 -0.01103 8.01399e-05 
9.97 -0.00902998 0.000121906 
9.97 -0.00703001 0.000306186 
9.97 -0.00503001 0.00031872 
9.97 -0.00303 0.000411835 
9.97 -0.00103 0.000471558 
9.97 0.000970006 0.000569609 
9.97 0.00297001 0.000577911 
9.97 0.00497001 0.00033942 
9.97 0.00697002 0.000542501 
9.97 0.00896999 0.000255816 
9.97 0.01097 0.000425318 
9.97 0.01297 0.000198982 
9.97 0.01497 0.000239382 
9.97 0.01697 0.000180826 
9.97 0.01897 7.93035e-05 
9.97 0.02097 0.000106952 
9.97 0.02297 5.87178e-05 
9.97 0.02497 1.72697e-05 
9.98 -0.03503 4.02956e-10 
9.98 -0.03103 1.81208e-10 
9.98 -0.02903 2.109e-09 
9.98 -0.02703 7.6845e-08 
9.98 -0.02503 4.53429e-07 
9.98 -0.02303 1.91984e-06 
9.98 -0.02103 5.33771e-06 
9.98 -0.01903 1.08662e-05 
9.98 -0.01703 1.65437e-05 
9.98 -0.01503 3.60456e-05 
9.98 -0.01303 0.000100009 
9.98 -0.01103 0.000124473 
9.98 -0.00902998 0.000231049 
9.98 -0.00703001 0.000333463 
9.98 -0.00503001 0.000362307 
9.98 -0.00303 0.000411514 
9.98 -0.00103 0.000390485 
9.98 0.000970006 0.00033467 
9.98 0.00297001 0.000459378 
9.98 0.00497001 0.000235805 
9.98 0.00697002 0.000394983 
9.98 0.00896999 0.00016826 
9.98 0.01097 0.000266425 
9.98 0.01297 0.000130549 
9.98 0.01497 0.000127954 
9.98 0.01697 9.63755e-05 
9.98 0.01897 3.19762e-05 
9.98 0.02097 4.45797e-05 
9.98 0.02297 1.4943e-05 
9.99 -0.03303 4.79926e-10 
9.99 -0.03103 5.09166e-09 
9.99 -0.02903 1.25687e-07 
9.99 -0.02703 5.87576e-07 
9.99 -0.02503 1.79665e-06 
9.99 -0.02303 4.35123e-06 
9.99 -0.02103 1.06321e-05 
9.99 -0.01903 1.97813e-05 
9.99 -0.01703 3.17167e-05 
9.99 -0.01503 6.9578e-05 
9.99 -0.01303 0.000153567 
9.99 -0.01103 0.000165038 
9.99 -0.00902998 0.000352089 
9.99 -0.00703001 0.00028989 
9.99 -0.00503001 0.00019258 
9.99 -0.00303 0.000329581 
9.99 -0.00103 0.000309942 
9.99 0.000970006 0.00028264 
9.99 0.00297001 0.000340017 
9.99 0.00497001 0.000169316 
9.99 0.00697002 0.000259522 
9.99 0.00896999 0.000102985 
9.99 0.01097 0.000159099 
9.99 0.01297 8.822e-05 
9.99 0.01497 5.16153e-05 
9.99 0.01697 4.71007e-05 
9.99 0.01897 2.34428e-05 
9.99 0.02097 1.40449e-06 
10 -0.03503 5.07797e-10 
10 -0.03303 1.42072e-08 
10 -0.03103 1.45582e-07 
10 -0.02903 5.51756e-07 
10 -0.02703 1.78954e-06 
10 -0.02503 4.02113e-06 
10 -0.02303 7.15951e-06 
10 -0.02103 1.90499e-05 
10 -0.01903 3.67543e-05 
10 -0.01703 5.58288e-05 
10 -0.01503 0.000134783 
10 -0.01303 0.000171459 
10 -0.01103 0.00023104 
10 -0.00902998 0.0002041 
10 -0.00703001 0.000271847 
10 -0.00503001 0.00015661 
10 -0.00303 0.000288867 
10 -0.00103 0.00021014 
10 0.000970006 0.000224255 
10 0.00297001 0.000230533 
10 0.00497001 0.000109933 
10 0.00697002 0.000158203 
10 0.00896999 5.97651e-05 
10 0.01097 8.68213e-05 
10 0.01297 5.16214e-05 
10 0.01497 1.79782e-05 
10 0.01697 2.09796e-05 
10.01 -0.03703 4.86871e-10 
10.01 -0.03503 2.70471e-08 
10.01 -0.03303 1.12916e-07 
10.01 -0.03103 5.02294e-07 
10.01 -0.02903 1.46606e-06 
10.01 -0.02703 4.5539e-06 
10.01 -0.02503 7.54582e-06 
10.01 -0.02303 1.32292e-05 
10.01 -0.02103 3.53877e-05 
10.01 -0.01903 5.85412e-05 
10.01 -0.01703 7.64597e-05 
10.01 -0.01503 0.000190902 
10.01 -0.01303 0.000167657 
10.01 -0.01103 0.000199606 
10.01 -0.00902998 0.000112801 
10.01 -0.00703001 0.000241117 
10.01 -0.00503001 0.000126066 
10.01 -0.00303 0.000234166 
10.01 -0.00103 0.000125503 
10.01 0.000970006 0.000182929 
10.01 0.00297001 0.000141949 
10.01 0.00497001 6.78398e-05 
10.01 0.00697002 8.99575e-05 
10.01 0.00896999 3.18974e-05 
10.01 0.01097 4.39466e-05 
10.01 0.01297 2.44594e-05 
10.01 0.01497 7.31177e-06 
10.02 -0.04103 1.09839e-10 
10.02 -0.03903 2.19521e-09 
10.02 -0.03703 4.32473e-08 
10.02 -0.03503 1.40251e-07 
10.02 -0.03303 4.81613e-07 
10.02 -0.03103 1.26266e-06 
10.02 -0.02903 2.67575e-06 
10.02 -0.02703 9.01938e-06 
10.02 -0.02503 1.35446e-05 
10.02 -0.02303 2.45643e-05 
10.02 -0.02103 6.25846e-05 
10.02 -0.01903 7.46964e-05 
10.02 -0.01703 0.000123081 
10.02 -0.01503 0.000179457 
10.02 -0.01303 7.79139e-05 
10.02 -0.01103 0.000178812 
10.02 -0.00902998 9.62076e-05 
10.02 -0.00703001 0.000196236 
10.02 -0.00503001 9.77267e-05 
10.02 -0.00303 0.000171351 
10.02 -0.00103 7.54621e-05 
10.02 0.000970006 0.000122324 
10.02 0.00297001 8.2483e-05 
10.02 0.00497001 4.00827e-05 
10.02 0.00697002 4.6887e-05 
10.02 0.00896999 1.79941e-05 
10.02 0.01097 1.78725e-05 
10.02 0.01297 6.02863e-06 
10.03 -0.04303 1.075e-10 
10.03 -0.04103 5.80141e-09 
10.03 -0.03903 2.74103e-08 
10.03 -0.03703 1.39618e-07 
10.03 -0.03503 5.68936e-07 
10.03 -0.03303 1.23435e-06 
10.03 -0.03103 2.85536e-06 
10.03 -0.02903 5.01165e-06 
10.03 -0.02703 1.67541e-05 
10.03 -0.02503 2.37804e-05 
10.03 -0.02303 3.52015e-05 
10.03 -0.02103 8.71426e-05 
10.03 -0.01903 7.86872e-05 
10.03 -0.01703 0.000104565 
10.03 -0.01503 0.000121807 
10.03 -0.01303 7.35416e-05 
10.03 -0.01103 0.000150355 
10.03 -0.00902998 7.92599e-05 
10.03 -0.00703001 0.00014238 
10.03 -0.00503001 6.85008e-05 
10.03 -0.00303 0.000112766 
10.03 -0.00103 4.58439e-05 
10.03 0.000970006 7.24551e-05 
10.03 0.00297001 4.7204e-05 
10.03 0.00497001 1.7789e-05 
10.03 0.00697002 2.23313e-05 
10.03 0.00896999 1.19057e-05 
10.03 0.01097 9.11125e-09 
10.04 -0.04303 9.88725e-09 
10.04 -0.04103 3.5547e-08 
10.04 -0.03903 1.26521e-07 
10.04 -0.03703 3.66491e-07 
10.04 -0.03503 9.42299e-07 
10.04 -0.03303 3.02877e-06 
10.04 -0.03103 4.9674e-06 
10.04 -0.02903 1.00942e-05 
10.04 -0.02703 2.79447e-05 
10.04 -0.02503 3.31951e-05 
10.04 -0.02303 6.16404e-05 
10.04 -0.02103 7.7701e-05 
10.04 -0.01903 7.73118e-05 
10.04 -0.01703 5.23932e-05 
10.04 -0.01503 0.0001089 
10.04 -0.01303 6.20253e-05 
10.04 -0.01103 0.000116601 
10.04 -0.00902998 5.75086e-05 
10.04 -0.00703001 9.95399e-05 
10.04 -0.00503001 4.15857e-05 
10.04 -0.00303 6.77098e-05 
10.04 -0.00103 2.62502e-05 
10.04 0.000970006 3.88834e-05 
10.04 0.00297001 2.38066e-05 
10.04 0.00497001 7.7901e-06 
10.04 0.00697002 9.67913e-06 
10.05 -0.04703 3.59297e-10 
10.05 -0.04503 1.51714e-08 
10.05 -0.04303 4.5369e-08 
10.05 -0.04103 1.41902e-07 
10.05 -0.03903 3.30335e-07 
10.05 -0.03703 8.61223e-07 
10.05 -0.03503 1.70322e-06 
10.05 -0.03303 6.04974e-06 
10.05 -0.03103 9.2567e-06 
10.05 -0.02903 1.48419e-05 
10.05 -0.02703 3.80573e-05 
10.05 -0.02503 3.81258e-05 
10.05 -0.02303 7.64345e-05 
10.05 -0.02103 3.06048e-05 
10.05 -0.01903 6.85725e-05 
10.05 -0.01703 4.11562e-05 
10.05 -0.01503 7.76224e-05 
10.05 -0.01303 4.21745e-05 
10.05 -0.01103 7.68961e-05 
10.05 -0.00902998 3.94055e-05 
10.05 -0.00703001 6.1752e-05 
10.05 -0.00503001 2.47181e-05 
10.05 -0.00303 3.7977e-05 
10.05 -0.00103 1.41104e-05 
10.05 0.000970006 1.88328e-05 
10.05 0.00297001 1.07292e-05 
10.05 0.00497001 3.23985e-06 
10.06 -0.04903 7.63646e-10 
10.06 -0.04703 8.88764e-09 
10.06 -0.04503 2.79438e-08 
10.06 -0.04303 9.11142e-08 
10.06 -0.04103 4.07163e-07 
10.06 -0.03903 7.77906e-07 
10.06 -0.03703 1.58294e-06 
10.06 -0.03503 3.21725e-06 
10.06 -0.03303 1.06061e-05 
10.06 -0.03103 1.35774e-05 
10.06 -0.02903 3.04546e-05 
10.06 -0.02703 3.49529e-05 
10.06 -0.02503 3.77291e-05 
10.06 -0.02303 4.34299e-05 
10.06 -0.02103 3.13378e-05 
10.06 -0.01903 4.31251e-05 
10.06 -0.01703 4.60518e-05 
10.06 -0.01503 4.07525e-05 
10.06 -0.01303 4.58361e-05 
10.06 -0.01103 4.05608e-05 
10.06 -0.00902998 2.65337e-05 
10.06 -0.00703001 3.12811e-05 
10.06 -0.00503001 1.33607e-05 
10.06 -0.00303 1.88599e-05 
10.06 -0.00103 9.95185e-06 
10.06 0.000970006 4.83684e-06 
10.06 0.00297001 2.60071e-06 
10.07 -0.05103 1.41595e-09 
10.07 -0.04903 9.93e-09 
10.07 -0.04703 3.03764e-08 
10.07 -0.04503 8.23435e-08 
10.07 -0.04303 2.28327e-07 
10.07 -0.04103 8.73515e-07 
10.07 -0.03903 1.66743e-06 
10.07 -0.03703 2.87591e-06 
10.07 -0.03503 5.3149e-06 
10.07 -0.03303 1.52511e-05 
10.07 -0.03103 1.69862e-05 
10.07 -0.02903 3.50184e-05 
10.07 -0.02703 2.6237e-05 
10.07 -0.02503 2.22236e-05 
10.07 -0.02303 2.05544e-05 
10.07 -0.02103 4.34809e-05 
10.07 -0.01903 2.28006e-05 
10.07 -0.01703 4.40628e-05 
10.07 -0.01503 2.20313e-05 
10.07 -0.01303 3.54934e-05 
10.07 -0.01103 1.86653e-05 
10.07 -0.00902998 2.06043e-05 
10.07 -0.00703001 1.65134e-05 
10.07 -0.00503001 6.39743e-06 
10.07 -0.00303 8.53073e-06 
10.07 -0.00103 4.44438e-06 
10.08 -0.05303 1.84366e-09 
10.08 -0.05103 5.67008e-09 
10.08 -0.04903 3.64672e-08 
10.08 -0.04703 8.19727e-08 
10.08 -0.04503 2.25339e-07 
10.08 -0.04303 5.18783e-07 
10.08 -0.04103 1.41979e-06 
10.08 -0.03903 3.02237e-06 
10.08 -0.03703 4.64022e-06 
10.08 -0.03503 1.14044e-05 
10.08 -0.03303 1.42339e-05 
10.08 -0.03103 2.38732e-05 
10.08 -0.02903 1.52428e-05 
10.08 -0.02703 1.32183e-05 
10.08 -0.02503 2.87829e-05 
10.08 -0.02303 1.65333e-05 
10.08 -0.02103 3.31869e-05 
10.08 -0.01903 1.69033e-05 
10.08 -0.01703 2.99537e-05 
10.08 -0.01503 1.28676e-05 
10.08 -0.01303 2.14258e-05 
10.08 -0.01103 9.33283e-06 
10.08 -0.00902998 1.18759e-05 
10.08 -0.00703001 8.03502e-06 
10.08 -0.00503001 2.82788e-06 
10.08 -0.00303 3.37196e-06 
10.09 -0.05703 2.6429e-10 
10.09 -0.05503 2.21039e-09 
10.09 -0.05303 6.29798e-09 
10.09 -0.05103 1.77067e-08 
10.09 -0.04903 5.60409e-08 
10.09 -0.04703 2.72007e-07 
10.09 -0.04503 5.04089e-07 
10.09 -0.04303 9.3695e-07 
10.09 -0.04103 2.73531e-06 
10.09 -0.03903 4.22529e-06 
10.09 -0.03703 5.94001e-06 
10.09 -0.03503 1.36204e-05 
10.09 -0.03303 1.31439e-05 
10.09 -0.03103 7.88184e-06 
10.09 -0.02903 1.89146e-05 
10.09 -0.02703 1.12715e-05 
10.09 -0.02503 2.31611e-05 
10.09 -0.02303 1.26543e-05 
10.09 -0.02103 2.3733e-05 
10.09 -0.01903 1.06398e-05 
10.09 -0.01703 1.80936e-05 
10.09 -0.01503 7.48988e-06 
10.09 -0.01303 1.16456e-05 
10.09 -0.01103 5.45521e-06 
10.09 -0.00902998 4.77493e-06 
10.09 -0.00703001 3.52428e-06 
10.09 -0.00503001 1.06336e-06 
10.1 -0.05903 3.7023e-10 
10.1 -0.05703 2.4135e-09 
10.1 -0.05503 5.9404e-09 
10.1 -0.05303 1.77937e-08 
10.1 -0.05103 4.94083e-08 
10.1 -0.04903 1.41053e-07 
10.1 -0.04703 5.59337e-07 
10.1 -0.04503 8.38047e-07 
10.1 -0.04303 1.59083e-06 
10.1 -0.04103 4.34686e-06 
10.1 -0.03903 4.86274e-06 
10.1 -0.03703 9.35622e-06 
10.1 -0.03503 5.56462e-06 
10.1 -0.03303 1.1742e-05 
10.1 -0.03103 7.06031e-06 
10.1 -0.02903 1.59071e-05 
10.1 -0.02703 9.0595e-06 
10.1 -0.02503 1.74838e-05 
10.1 -0.02303 8.59417e-06 
10.1 -0.02103 1.48277e-05 
10.1 -0.01903 6.32187e-06 
10.1 -0.01703 1.03307e-05 
10.1 -0.01503 3.94254e-06 
10.1 -0.01303 5.66046e-06 
10.1 -0.01103 3.29779e-06 
10.1 -0.00902998 1.09422e-06 
10.1 -0.00703001 7.57932e-07 
10.11 -0.06103 4.40568e-10 
10.11 -0.05903 1.1782e-09 
10.11 -0.05703 3.64939e-09 
10.11 -0.05503 2.25388e-08 
10.11 -0.05303 4.74691e-08 
10.11 -0.05103 1.30393e-07 
10.11 -0.04903 2.89076e-07 
10.11 -0.04703 9.72661e-07 
10.11 -0.04503 1.36091e-06 
10.11 -0.04303 2.06457e-06 
10.11 -0.04103 5.21068e-06 
10.11 -0.03903 5.18713e-06 
10.11 -0.03703 6.43887e-06 
10.11 -0.03503 4.45048e-06 
10.11 -0.03303 1.02412e-05 
10.11 -0.03103 5.87515e-06 
10.11 -0.02903 1.2065e-05 
10.11 -0.02703 6.87983e-06 
10.11 -0.02503 9.63176e-06 
10.11 -0.02303 7.02516e-06 
10.11 -0.02103 8.41359e-06 
10.11 -0.01903 3.84242e-06 
10.11 -0.01703 5.24888e-06 
10.11 -0.01503 1.84916e-06 
10.11 -0.01303 2.51447e-06 
10.11 -0.01103 1.35439e-06 
10.12 -0.06303 4.24101e-10 
10.12 -0.06103 1.12012e-09 
10.12 -0.05903 3.68032e-09 
10.12 -0.05703 1.14153e-08 
10.12 -0.05503 3.05788e-08 
10.12 -0.05303 1.30359e-07 
10.12 -0.05103 2.32748e-07 
10.12 -0.04903 4.75866e-07 
10.12 -0.04703 1.46838e-06 
10.12 -0.04503 1.78528e-06 
10.12 -0.04303 3.56542e-06 
10.12 -0.04103 3.97599e-06 
10.12 -0.03903 2.16495e-06 
10.12 -0.03703 5.32429e-06 
10.12 -0.03503 3.45352e-06 
10.12 -0.03303 5.66141e-06 
10.12 -0.03103 5.2061e-06 
10.12 -0.02903 3.75308e-06 
10.12 -0.02703 7.09204e-06 
10.12 -0.02503 3.72924e-06 
10.12 -0.02303 6.31229e-06 
10.12 -0.02103 3.94546e-06 
10.12 -0.01903 2.41859e-06 
10.12 -0.01703 2.41407e-06 
10.12 -0.01503 1.00485e-06 
10.12 -0.01303 7.79212e-07 
10.13 -0.06503 1.83603e-10 
10.13 -0.06303 1.44526e-09 
10.13 -0.06103 3.71731e-09 
10.13 -0.05903 1.11379e-08 
10.13 -0.05703 2.84461e-08 
10.13 -0.05503 6.29514e-08 
10.13 -0.05303 2.40607e-07 
10.13 -0.05103 3.74611e-07 
10.13 -0.04903 7.20877e-07 
10.13 -0.04703 1.81547e-06 
10.13 -0.04503 1.80234e-06 
10.13 -0.04303 2.21908e-06 
10.13 -0.04103 3.07672e-06 
10.13 -0.03903 1.97015e-06 
10.13 -0.03703 2.15208e-06 
10.13 -0.03503 4.87414e-06 
10.13 -0.03303 2.58933e-06 
10.13 -0.03103 5.18887e-06 
10.13 -0.02903 2.47252e-06 
10.13 -0.02703 4.2905e-06 
10.13 -0.02503 1.81942e-06 
10.13 -0.02303 2.90198e-06 
10.13 -0.02103 1.91437e-06 
10.13 -0.01903 9.26592e-07 
10.13 -0.01703 1.00269e-06 
10.13 -0.01503 3.01958e-07 
10.14 -0.06703 1.93727e-10 
10.14 -0.06503 6.70095e-10 
10.14 -0.06303 2.09032e-09 
10.14 -0.06103 1.2746e-08 
10.14 -0.05903 2.60913e-08 
10.14 -0.05703 5.73845e-08 
10.14 -0.05503 1.18512e-07 
10.14 -0.05303 3.90654e-07 
10.14 -0.05103 5.15521e-07 
10.14 -0.04903 1.29222e-06 
10.14 -0.04703 1.35126e-06 
10.14 -0.04503 1.58877e-06 
10.14 -0.04303 1.10122e-06 
10.14 -0.04103 1.34363e-06 
10.14 -0.03903 2.9303e-06 
10.14 -0.03703 1.77237e-06 
10.14 -0.03503 3.49231e-06 
10.14 -0.03303 1.8605e-06 
10.14 -0.03103 3.21933e-06 
10.14 -0.02903 1.42718e-06 
10.14 -0.02703 2.43846e-06 
10.14 -0.02503 9.79762e-07 
10.14 -0.02303 1.42845e-06 
10.14 -0.02103 9.03567e-07 
10.14 -0.01903 2.91208e-07 
10.14 -0.01703 2.14453e-07 
