#logage PDFlogage age(Gyr) PDF
8.95 2.09149e-08 0.891251 1.01916e-08
8.96 3.92418e-08 0.912011 1.86867e-08
8.97 6.35321e-08 0.933255 2.9565e-08
8.98 8.85365e-08 0.954992 4.02631e-08
8.99 1.22247e-07 0.977237 5.43279e-08
9 1.69331e-07 1 7.35396e-08
9.01 2.36993e-07 1.02329 1.00582e-07
9.02 3.58662e-07 1.04713 1.48754e-07
9.03 3.45144e-06 1.07152 1.39889e-06
9.04 1.57951e-05 1.09648 6.25613e-06
9.05 3.71348e-05 1.12202 1.43736e-05
9.06 6.85596e-05 1.14815 2.5933e-05
9.07 0.000108165 1.1749 3.99827e-05
9.08 0.000150627 1.20226 5.44109e-05
9.09 0.000193333 1.23027 6.8248e-05
9.1 0.000241239 1.25893 8.32209e-05
9.11 0.000293769 1.28825 9.90353e-05
9.12 0.000354739 1.31826 0.000116867
9.13 0.000432581 1.34896 0.000139268
9.14 0.000523001 1.38038 0.000164546
9.15 0.00062286 1.41254 0.000191503
9.16 0.000743609 1.44544 0.000223424
9.17 0.000878744 1.47911 0.000258016
9.18 0.00103559 1.51356 0.000297147
9.19 0.00121899 1.54882 0.000341811
9.2 0.00141539 1.58489 0.000387846
9.21 0.00163092 1.62181 0.000436734
9.22 0.00185638 1.65959 0.000485793
9.23 0.00211163 1.69824 0.000540011
9.24 0.0023951 1.7378 0.000598561
9.25 0.00271015 1.77828 0.000661878
9.26 0.00304734 1.8197 0.000727285
9.27 0.00339803 1.86209 0.000792521
9.28 0.00372793 1.90546 0.000849674
9.29 0.00410289 1.94984 0.000913848
9.3 0.00447493 1.99526 0.000974026
9.31 0.00490803 2.04174 0.00104398
9.32 0.00533336 2.08929 0.00110863
9.33 0.00580529 2.13796 0.00117926
9.34 0.00631905 2.18776 0.0012544
9.35 0.00682679 2.23872 0.00132434
9.36 0.0073849 2.29087 0.0014
9.37 0.00797893 2.34423 0.00147819
9.38 0.00861623 2.39883 0.00155992
9.39 0.00916865 2.45471 0.00162215
9.4 0.00968936 2.51188 0.00167525
9.41 0.0102309 2.57039 0.00172861
9.42 0.0106702 2.63027 0.00176179
9.43 0.0112143 2.69154 0.00180949
9.44 0.0118849 2.75423 0.00187404
9.45 0.0122651 2.81838 0.00188998
9.46 0.0131646 2.88403 0.00198241
9.47 0.0140652 2.95121 0.0020698
9.48 0.0149556 3.01995 0.00215074
9.49 0.0154351 3.09029 0.00216917
9.5 0.0161106 3.16228 0.00221257
9.51 0.0167203 3.23594 0.00224403
9.52 0.0175482 3.31131 0.00230152
9.53 0.0181022 3.38844 0.00232015
9.54 0.0185361 3.46737 0.00232169
9.55 0.0191113 3.54814 0.00233924
9.56 0.0192952 3.63078 0.00230799
9.57 0.0195947 3.71535 0.00229046
9.58 0.0200743 3.80189 0.00229311
9.59 0.0206366 3.89045 0.00230368
9.6 0.0207504 3.98108 0.00226366
9.61 0.0206292 4.0738 0.00219922
9.62 0.020776 4.16869 0.00216444
9.63 0.0210894 4.2658 0.00214708
9.64 0.0209782 4.36515 0.00208715
9.65 0.0208577 4.46683 0.00202793
9.66 0.0207136 4.57088 0.00196807
9.67 0.0205898 4.67735 0.00191177
9.68 0.0202716 4.7863 0.00183938
9.69 0.0200047 4.89778 0.00177385
9.7 0.019631 5.01187 0.00170109
9.71 0.0190045 5.12861 0.00160931
9.72 0.0186368 5.24808 0.00154225
9.73 0.0182755 5.37031 0.00147793
9.74 0.0179918 5.49541 0.00142186
9.75 0.0175315 5.62341 0.00135396
9.76 0.0168479 5.7544 0.00127154
9.77 0.0162057 5.88844 0.00119523
9.78 0.0155631 6.02559 0.00112171
9.79 0.0150016 6.16595 0.00105663
9.8 0.0143074 6.30958 0.000984792
9.81 0.013544 6.45653 0.000911026
9.82 0.0130944 6.60693 0.000860734
9.83 0.0123246 6.76083 0.000791695
9.84 0.0117132 6.91831 0.000735289
9.85 0.011198 7.07946 0.000686947
9.86 0.0107071 7.24435 0.000641881
9.87 0.0102219 7.4131 0.00059885
9.88 0.00969358 7.58578 0.000554969
9.89 0.00903295 7.76246 0.000505376
9.9 0.00799573 7.94328 0.000437163
9.91 0.0073996 8.1283 0.00039536
9.92 0.0069878 8.31764 0.000364859
9.93 0.00655507 8.51139 0.000334473
9.94 0.00607475 8.70963 0.00030291
9.95 0.00549592 8.91251 0.000267809
9.96 0.00501429 9.12011 0.000238778
9.97 0.00470096 9.33255 0.000218762
9.98 0.00439534 9.54992 0.000199884
9.99 0.0041446 9.77237 0.00018419
10 0.00387953 10 0.000168486
10.01 0.00360991 10.2329 0.000153208
10.02 0.00334657 10.4713 0.000138798
10.03 0.00309941 10.7152 0.000125621
10.04 0.00280545 10.9648 0.000111119
10.05 0.00253901 11.2202 9.82765e-05
10.06 0.0023641 11.4815 8.94232e-05
10.07 0.00220158 11.749 8.13803e-05
10.08 0.00204546 12.0226 7.38883e-05
10.09 0.00188716 12.3027 6.66182e-05
10.1 0.0017083 12.5893 5.89316e-05
10.11 0.00149312 12.8825 5.03361e-05
10.12 0.00133757 13.1826 4.40656e-05
10.13 0.00119564 13.4896 3.84931e-05
10.14 0.00109645 13.8038 3.44964e-05
