#logage logg JPDF
9.35 1.26 1.55105e-10 
9.35 1.265 2.27938e-10 
9.36 1.255 1.92006e-10 
9.36 1.26 3.89106e-10 
9.36 1.265 5.62127e-10 
9.37 1.25 2.12221e-10 
9.37 1.255 5.07506e-10 
9.37 1.26 9.5298e-10 
9.37 1.265 1.29955e-09 
9.37 1.27 1.83812e-10 
9.38 1.245 2.02088e-10 
9.38 1.25 5.3247e-10 
9.38 1.255 1.22124e-09 
9.38 1.26 2.34435e-09 
9.38 1.265 2.58195e-09 
9.38 1.27 2.79227e-10 
9.39 1.24 1.90146e-10 
9.39 1.245 5.63105e-10 
9.39 1.25 1.35579e-09 
9.39 1.255 2.93179e-09 
9.39 1.26 5.19975e-09 
9.39 1.265 5.76237e-09 
9.39 1.27 5.49588e-10 
9.4 1.235 1.71414e-10 
9.4 1.24 5.55039e-10 
9.4 1.245 1.49994e-09 
9.4 1.25 3.55957e-09 
9.4 1.255 6.86035e-09 
9.4 1.26 1.14637e-08 
9.4 1.265 1.17326e-08 
9.4 1.27 1.07517e-09 
9.41 1.23 1.19353e-10 
9.41 1.235 4.44408e-10 
9.41 1.24 1.41397e-09 
9.41 1.245 3.76408e-09 
9.41 1.25 8.4461e-09 
9.41 1.255 1.5768e-08 
9.41 1.26 2.49837e-08 
9.41 1.265 2.36357e-08 
9.41 1.27 1.80725e-09 
9.42 1.23 3.64368e-10 
9.42 1.235 1.2307e-09 
9.42 1.24 3.6894e-09 
9.42 1.245 9.1602e-09 
9.42 1.25 1.9458e-08 
9.42 1.255 3.46672e-08 
9.42 1.26 5.25869e-08 
9.42 1.265 4.49042e-08 
9.42 1.27 2.63527e-09 
9.43 1.225 2.52664e-10 
9.43 1.23 9.81337e-10 
9.43 1.235 3.21222e-09 
9.43 1.24 9.26626e-09 
9.43 1.245 2.14537e-08 
9.43 1.25 4.27867e-08 
9.43 1.255 7.19945e-08 
9.43 1.26 1.03549e-07 
9.43 1.265 8.40738e-08 
9.43 1.27 4.53851e-09 
9.44 1.22 1.6493e-10 
9.44 1.225 7.16066e-10 
9.44 1.23 2.62147e-09 
9.44 1.235 8.16025e-09 
9.44 1.24 2.17776e-08 
9.44 1.245 4.95538e-08 
9.44 1.25 9.35291e-08 
9.44 1.255 1.50951e-07 
9.44 1.26 2.02995e-07 
9.44 1.265 1.3954e-07 
9.44 1.27 8.11062e-09 
9.45 1.215 1.0182e-10 
9.45 1.22 4.88041e-10 
9.45 1.225 1.96653e-09 
9.45 1.23 6.48166e-09 
9.45 1.235 1.98106e-08 
9.45 1.24 5.07201e-08 
9.45 1.245 1.0649e-07 
9.45 1.25 1.97286e-07 
9.45 1.255 2.95563e-07 
9.45 1.26 3.73405e-07 
9.45 1.265 2.66964e-07 
9.45 1.27 1.0967e-08 
9.46 1.215 2.9999e-10 
9.46 1.22 1.33939e-09 
9.46 1.225 4.96276e-09 
9.46 1.23 1.67485e-08 
9.46 1.235 4.66615e-08 
9.46 1.24 1.12397e-07 
9.46 1.245 2.29735e-07 
9.46 1.25 3.9212e-07 
9.46 1.255 5.77639e-07 
9.46 1.26 6.75296e-07 
9.46 1.265 4.51778e-07 
9.46 1.27 1.74181e-08 
9.47 1.21 1.72063e-10 
9.47 1.215 8.7167e-10 
9.47 1.22 3.44962e-09 
9.47 1.225 1.30557e-08 
9.47 1.23 4.00857e-08 
9.47 1.235 1.07835e-07 
9.47 1.24 2.349e-07 
9.47 1.245 4.57859e-07 
9.47 1.25 7.57412e-07 
9.47 1.255 1.02181e-06 
9.47 1.26 1.18702e-06 
9.47 1.265 7.31543e-07 
9.47 1.27 2.34466e-08 
9.48 1.21 5.12195e-10 
9.48 1.215 2.35631e-09 
9.48 1.22 9.2458e-09 
9.48 1.225 3.26406e-08 
9.48 1.23 9.20951e-08 
9.48 1.235 2.34091e-07 
9.48 1.24 4.93213e-07 
9.48 1.245 9.22047e-07 
9.48 1.25 1.41308e-06 
9.48 1.255 1.85725e-06 
9.48 1.26 2.04709e-06 
9.48 1.265 1.1227e-06 
9.48 1.27 4.33079e-08 
9.49 1.205 2.69171e-10 
9.49 1.21 1.3959e-09 
9.49 1.215 6.08389e-09 
9.49 1.22 2.33994e-08 
9.49 1.225 7.36836e-08 
9.49 1.23 2.15728e-07 
9.49 1.235 5.1152e-07 
9.49 1.24 1.01363e-06 
9.49 1.245 1.81668e-06 
9.49 1.25 2.67853e-06 
9.49 1.255 3.20289e-06 
9.49 1.26 3.39458e-06 
9.49 1.265 1.82608e-06 
9.49 1.27 5.07074e-08 
9.5 1.2 1.42419e-10 
9.5 1.205 8.16482e-10 
9.5 1.21 3.82742e-09 
9.5 1.215 1.58401e-08 
9.5 1.22 5.71365e-08 
9.5 1.225 1.722e-07 
9.5 1.23 4.62727e-07 
9.5 1.235 1.05674e-06 
9.5 1.24 2.04603e-06 
9.5 1.245 3.22996e-06 
9.5 1.25 4.57376e-06 
9.5 1.255 5.54905e-06 
9.5 1.26 5.40306e-06 
9.5 1.265 2.64027e-06 
9.5 1.27 5.48051e-08 
9.51 1.2 4.07116e-10 
9.51 1.205 2.17931e-09 
9.51 1.21 9.91038e-09 
9.51 1.215 3.93303e-08 
9.51 1.22 1.33607e-07 
9.51 1.225 3.87692e-07 
9.51 1.23 9.85339e-07 
9.51 1.235 2.09047e-06 
9.51 1.24 3.81791e-06 
9.51 1.245 5.95407e-06 
9.51 1.25 8.02234e-06 
9.51 1.255 8.84943e-06 
9.51 1.26 8.49266e-06 
9.51 1.265 3.78618e-06 
9.51 1.27 6.32342e-08 
9.52 1.195 1.99741e-10 
9.52 1.2 1.18291e-09 
9.52 1.205 5.80537e-09 
9.52 1.21 2.5899e-08 
9.52 1.215 9.68792e-08 
9.52 1.22 3.07809e-07 
9.52 1.225 8.60263e-07 
9.52 1.23 1.98795e-06 
9.52 1.235 3.98887e-06 
9.52 1.24 7.22375e-06 
9.52 1.245 1.03241e-05 
9.52 1.25 1.32517e-05 
9.52 1.255 1.42856e-05 
9.52 1.26 1.29442e-05 
9.52 1.265 5.12952e-06 
9.52 1.27 8.64557e-08 
9.53 1.195 5.74369e-10 
9.53 1.2 3.26613e-09 
9.53 1.205 1.51972e-08 
9.53 1.21 6.14622e-08 
9.53 1.215 2.21486e-07 
9.53 1.22 6.7327e-07 
9.53 1.225 1.70565e-06 
9.53 1.23 4.01988e-06 
9.53 1.235 7.40002e-06 
9.53 1.24 1.24026e-05 
9.53 1.245 1.75217e-05 
9.53 1.25 2.12689e-05 
9.53 1.255 2.18028e-05 
9.53 1.26 1.81442e-05 
9.53 1.265 7.64853e-06 
9.53 1.27 1.14436e-07 
9.54 1.19 2.7669e-10 
9.54 1.195 1.74354e-09 
9.54 1.2 8.8358e-09 
9.54 1.205 3.64652e-08 
9.54 1.21 1.46384e-07 
9.54 1.215 4.88359e-07 
9.54 1.22 1.43621e-06 
9.54 1.225 3.55162e-06 
9.54 1.23 7.59082e-06 
9.54 1.235 1.3698e-05 
9.54 1.24 2.12128e-05 
9.54 1.245 2.89197e-05 
9.54 1.25 3.37614e-05 
9.54 1.255 3.13176e-05 
9.54 1.26 2.65094e-05 
9.54 1.265 9.01695e-06 
9.54 1.27 1.13466e-07 
9.55 1.185 1.15556e-10 
9.55 1.19 7.43007e-10 
9.55 1.195 4.48752e-09 
9.55 1.2 2.23631e-08 
9.55 1.205 9.06625e-08 
9.55 1.21 3.44488e-07 
9.55 1.215 1.0457e-06 
9.55 1.22 2.92804e-06 
9.55 1.225 6.83087e-06 
9.55 1.23 1.37892e-05 
9.55 1.235 2.4126e-05 
9.55 1.24 3.59757e-05 
9.55 1.245 4.60218e-05 
9.55 1.25 4.943e-05 
9.55 1.255 4.59743e-05 
9.55 1.26 3.5585e-05 
9.55 1.265 1.14631e-05 
9.55 1.27 1.90146e-07 
9.56 1.185 3.53906e-10 
9.56 1.19 2.05569e-09 
9.56 1.195 1.14784e-08 
9.56 1.2 5.38503e-08 
9.56 1.205 2.13163e-07 
9.56 1.21 7.69848e-07 
9.56 1.215 2.22187e-06 
9.56 1.22 5.73255e-06 
9.56 1.225 1.28083e-05 
9.56 1.23 2.55877e-05 
9.56 1.235 3.99089e-05 
9.56 1.24 5.88236e-05 
9.56 1.245 7.09366e-05 
9.56 1.25 7.24932e-05 
9.56 1.255 6.51032e-05 
9.56 1.26 4.60315e-05 
9.56 1.265 1.38362e-05 
9.56 1.27 2.34176e-07 
9.57 1.18 1.4155e-10 
9.57 1.185 9.7011e-10 
9.57 1.19 5.70184e-09 
9.57 1.195 2.83002e-08 
9.57 1.2 1.28077e-07 
9.57 1.205 4.98741e-07 
9.57 1.21 1.5612e-06 
9.57 1.215 4.6607e-06 
9.57 1.22 1.14096e-05 
9.57 1.225 2.32906e-05 
9.57 1.23 4.41322e-05 
9.57 1.235 6.58859e-05 
9.57 1.24 9.14744e-05 
9.57 1.245 0.000103039 
9.57 1.25 0.000102677 
9.57 1.255 8.6146e-05 
9.57 1.26 5.95717e-05 
9.57 1.265 1.65521e-05 
9.57 1.27 2.08967e-07 
9.58 1.18 4.19695e-10 
9.58 1.185 2.54839e-09 
9.58 1.19 1.40708e-08 
9.58 1.195 7.11252e-08 
9.58 1.2 2.91078e-07 
9.58 1.205 1.03183e-06 
9.58 1.21 3.21212e-06 
9.58 1.215 9.09287e-06 
9.58 1.22 2.0251e-05 
9.58 1.225 4.23029e-05 
9.58 1.23 7.20898e-05 
9.58 1.235 0.000105009 
9.58 1.24 0.000141283 
9.58 1.245 0.000146955 
9.58 1.25 0.000142203 
9.58 1.255 0.00011273 
9.58 1.26 7.35072e-05 
9.58 1.265 1.95111e-05 
9.58 1.27 1.19335e-07 
9.59 1.175 1.5751e-10 
9.59 1.18 1.08128e-09 
9.59 1.185 6.44915e-09 
9.59 1.19 3.42226e-08 
9.59 1.195 1.59686e-07 
9.59 1.2 6.43891e-07 
9.59 1.205 2.16636e-06 
9.59 1.21 6.31451e-06 
9.59 1.215 1.68918e-05 
9.59 1.22 3.64442e-05 
9.59 1.225 7.17027e-05 
9.59 1.23 0.000115685 
9.59 1.235 0.000166269 
9.59 1.24 0.000196203 
9.59 1.245 0.00021316 
9.59 1.25 0.000190565 
9.59 1.255 0.000139591 
9.59 1.26 9.00883e-05 
9.59 1.265 2.25085e-05 
9.59 1.27 1.74663e-07 
9.6 1.175 4.30453e-10 
9.6 1.18 2.86419e-09 
9.6 1.185 1.56171e-08 
9.6 1.19 8.41025e-08 
9.6 1.195 3.54937e-07 
9.6 1.2 1.39598e-06 
9.6 1.205 4.18932e-06 
9.6 1.21 1.27975e-05 
9.6 1.215 3.08215e-05 
9.6 1.22 6.34143e-05 
9.6 1.225 0.000120085 
9.6 1.23 0.000177909 
9.6 1.235 0.00025088 
9.6 1.24 0.000281273 
9.6 1.245 0.000286411 
9.6 1.25 0.000237873 
9.6 1.255 0.000177883 
9.6 1.26 0.000105916 
9.6 1.265 2.39473e-05 
9.6 1.27 1.36648e-07 
9.61 1.17 1.63724e-10 
9.61 1.175 1.18991e-09 
9.61 1.18 7.35833e-09 
9.61 1.185 4.15461e-08 
9.61 1.19 1.86415e-07 
9.61 1.195 7.66886e-07 
9.61 1.2 2.73721e-06 
9.61 1.205 8.87572e-06 
9.61 1.21 2.38953e-05 
9.61 1.215 5.27599e-05 
9.61 1.22 0.000109563 
9.61 1.225 0.000188339 
9.61 1.23 0.000268512 
9.61 1.235 0.000359762 
9.61 1.24 0.000380072 
9.61 1.245 0.000373178 
9.61 1.25 0.000297531 
9.61 1.255 0.000212345 
9.61 1.26 0.000121177 
9.61 1.265 2.39429e-05 
9.61 1.27 1.02147e-07 
9.62 1.17 4.52036e-10 
9.62 1.175 2.84343e-09 
9.62 1.18 1.72088e-08 
9.62 1.185 9.18648e-08 
9.62 1.19 4.12675e-07 
9.62 1.195 1.61194e-06 
9.62 1.2 5.68503e-06 
9.62 1.205 1.67154e-05 
9.62 1.21 4.23264e-05 
9.62 1.215 9.10286e-05 
9.62 1.22 0.000177927 
9.62 1.225 0.000286733 
9.62 1.23 0.000407513 
9.62 1.235 0.000496059 
9.62 1.24 0.000527194 
9.62 1.245 0.000490075 
9.62 1.25 0.000367607 
9.62 1.255 0.000238871 
9.62 1.26 0.000135411 
9.62 1.265 2.4998e-05 
9.62 1.27 1.24511e-07 
9.63 1.165 1.51218e-10 
9.63 1.17 1.20227e-09 
9.63 1.175 7.46496e-09 
9.63 1.18 4.14443e-08 
9.63 1.185 2.03891e-07 
9.63 1.19 8.58011e-07 
9.63 1.195 3.51628e-06 
9.63 1.2 1.06846e-05 
9.63 1.205 3.09774e-05 
9.63 1.21 7.26783e-05 
9.63 1.215 0.000153289 
9.63 1.22 0.000279929 
9.63 1.225 0.00042717 
9.63 1.23 0.000596163 
9.63 1.235 0.000693187 
9.63 1.24 0.000698999 
9.63 1.245 0.00058932 
9.63 1.25 0.000446495 
9.63 1.255 0.000272202 
9.63 1.26 0.000142219 
9.63 1.265 2.56095e-05 
9.63 1.27 1.39318e-07 
9.64 1.165 4.35096e-10 
9.64 1.17 2.93542e-09 
9.64 1.175 1.72218e-08 
9.64 1.18 9.41919e-08 
9.64 1.185 4.7426e-07 
9.64 1.19 1.91347e-06 
9.64 1.195 6.37499e-06 
9.64 1.2 2.0269e-05 
9.64 1.205 5.42683e-05 
9.64 1.21 0.000122994 
9.64 1.215 0.000242414 
9.64 1.22 0.000436411 
9.64 1.225 0.000624926 
9.64 1.23 0.000800618 
9.64 1.235 0.000895706 
9.64 1.24 0.000851711 
9.64 1.245 0.000682121 
9.64 1.25 0.000507814 
9.64 1.255 0.000295907 
9.64 1.26 0.000146381 
9.64 1.265 2.34052e-05 
9.64 1.27 1.07289e-07 
9.65 1.16 1.50976e-10 
9.65 1.165 1.13713e-09 
9.65 1.17 7.52601e-09 
9.65 1.175 4.26672e-08 
9.65 1.18 2.30944e-07 
9.65 1.185 1.00957e-06 
9.65 1.19 3.74696e-06 
9.65 1.195 1.26497e-05 
9.65 1.2 3.79344e-05 
9.65 1.205 9.23303e-05 
9.65 1.21 0.000205953 
9.65 1.215 0.000385506 
9.65 1.22 0.000626559 
9.65 1.225 0.000876036 
9.65 1.23 0.00106434 
9.65 1.235 0.00114897 
9.65 1.24 0.00104297 
9.65 1.245 0.000820594 
9.65 1.25 0.000549952 
9.65 1.255 0.000312977 
9.65 1.26 0.000147339 
9.65 1.265 2.26698e-05 
9.65 1.27 5.56055e-08 
9.66 1.16 4.09526e-10 
9.66 1.165 2.79206e-09 
9.66 1.17 1.87058e-08 
9.66 1.175 1.00057e-07 
9.66 1.18 4.69213e-07 
9.66 1.185 1.94341e-06 
9.66 1.19 7.29082e-06 
9.66 1.195 2.25188e-05 
9.66 1.2 6.12818e-05 
9.66 1.205 0.000153092 
9.66 1.21 0.000317029 
9.66 1.215 0.00055696 
9.66 1.22 0.000882283 
9.66 1.225 0.00120849 
9.66 1.23 0.0013748 
9.66 1.235 0.00141277 
9.66 1.24 0.00121 
9.66 1.245 0.000921257 
9.66 1.25 0.000578036 
9.66 1.255 0.000320154 
9.66 1.26 0.000141366 
9.66 1.265 2.01108e-05 
9.66 1.27 2.45632e-08 
9.67 1.155 1.31877e-10 
9.67 1.16 1.05167e-09 
9.67 1.165 6.68059e-09 
9.67 1.17 4.28102e-08 
9.67 1.175 2.27371e-07 
9.67 1.18 9.61539e-07 
9.67 1.185 3.98644e-06 
9.67 1.19 1.37394e-05 
9.67 1.195 4.07185e-05 
9.67 1.2 0.000109021 
9.67 1.205 0.000240264 
9.67 1.21 0.000480337 
9.67 1.215 0.00084837 
9.67 1.22 0.00121226 
9.67 1.225 0.00158765 
9.67 1.23 0.00174808 
9.67 1.235 0.00169171 
9.67 1.24 0.00140432 
9.67 1.245 0.00101033 
9.67 1.25 0.000616088 
9.67 1.255 0.000326006 
9.67 1.26 0.000138203 
9.67 1.265 1.69976e-05 
9.67 1.27 4.0828e-08 
9.68 1.155 3.57716e-10 
9.68 1.16 2.47188e-09 
9.68 1.165 1.64171e-08 
9.68 1.17 9.37892e-08 
9.68 1.175 4.75598e-07 
9.68 1.18 1.97427e-06 
9.68 1.185 7.30399e-06 
9.68 1.19 2.44085e-05 
9.68 1.195 6.92771e-05 
9.68 1.2 0.000178916 
9.68 1.205 0.00036331 
9.68 1.21 0.000686589 
9.68 1.215 0.00115851 
9.68 1.22 0.00158771 
9.68 1.225 0.00200311 
9.68 1.23 0.00209476 
9.68 1.235 0.00194669 
9.68 1.24 0.0015271 
9.68 1.245 0.0010619 
9.68 1.25 0.000625581 
9.68 1.255 0.000317583 
9.68 1.26 0.000124904 
9.68 1.265 1.51873e-05 
9.68 1.27 2.48974e-08 
9.69 1.15 1.07164e-10 
9.69 1.155 8.36001e-10 
9.69 1.16 6.02294e-09 
9.69 1.165 3.65071e-08 
9.69 1.17 1.97839e-07 
9.69 1.175 9.42087e-07 
9.69 1.18 3.82291e-06 
9.69 1.185 1.34241e-05 
9.69 1.19 4.15378e-05 
9.69 1.195 0.000109767 
9.69 1.2 0.000258326 
9.69 1.205 0.000553281 
9.69 1.21 0.000984961 
9.69 1.215 0.00147177 
9.69 1.22 0.0021093 
9.69 1.225 0.00245623 
9.69 1.23 0.00245994 
9.69 1.235 0.00217894 
9.69 1.24 0.00168557 
9.69 1.245 0.00106874 
9.69 1.25 0.000613838 
9.69 1.255 0.000291659 
9.69 1.26 0.000113658 
9.69 1.265 1.02842e-05 
9.69 1.27 6.71161e-09 
9.7 1.15 2.69378e-10 
9.7 1.155 2.15715e-09 
9.7 1.16 1.44102e-08 
9.7 1.165 8.15163e-08 
9.7 1.17 4.15232e-07 
9.7 1.175 1.74193e-06 
9.7 1.18 6.82305e-06 
9.7 1.185 2.26674e-05 
9.7 1.19 6.79687e-05 
9.7 1.195 0.000175745 
9.7 1.2 0.000393151 
9.7 1.205 0.000762183 
9.7 1.21 0.00135982 
9.7 1.215 0.00199783 
9.7 1.22 0.00261737 
9.7 1.225 0.00300572 
9.7 1.23 0.00286505 
9.7 1.235 0.00247048 
9.7 1.24 0.00175494 
9.7 1.245 0.00111567 
9.7 1.25 0.000591855 
9.7 1.255 0.000272982 
9.7 1.26 0.000100372 
9.7 1.265 9.11654e-06 
9.7 1.27 1.02565e-08 
9.71 1.15 7.05337e-10 
9.71 1.155 5.07787e-09 
9.71 1.16 3.06808e-08 
9.71 1.165 1.67004e-07 
9.71 1.17 7.90563e-07 
9.71 1.175 3.37507e-06 
9.71 1.18 1.21828e-05 
9.71 1.185 3.95282e-05 
9.71 1.19 0.000107373 
9.71 1.195 0.000261391 
9.71 1.2 0.000583346 
9.71 1.205 0.00107713 
9.71 1.21 0.001795 
9.71 1.215 0.00265513 
9.71 1.22 0.00313366 
9.71 1.225 0.00347573 
9.71 1.23 0.00321796 
9.71 1.235 0.00257941 
9.71 1.24 0.00179999 
9.71 1.245 0.00108658 
9.71 1.25 0.000536749 
9.71 1.255 0.000240376 
9.71 1.26 8.37394e-05 
9.71 1.265 7.04224e-06 
9.71 1.27 6.99059e-09 
9.72 1.15 1.59026e-09 
9.72 1.155 1.1305e-08 
9.72 1.16 6.62681e-08 
9.72 1.165 3.37773e-07 
9.72 1.17 1.57117e-06 
9.72 1.175 6.14708e-06 
9.72 1.18 2.03984e-05 
9.72 1.185 6.41663e-05 
9.72 1.19 0.000173399 
9.72 1.195 0.000391425 
9.72 1.2 0.000833347 
9.72 1.205 0.00152223 
9.72 1.21 0.00230901 
9.72 1.215 0.00323979 
9.72 1.22 0.00383983 
9.72 1.225 0.00388456 
9.72 1.23 0.00353601 
9.72 1.235 0.00267137 
9.72 1.24 0.00175176 
9.72 1.245 0.00099789 
9.72 1.25 0.000496784 
9.72 1.255 0.000210507 
9.72 1.26 6.92642e-05 
9.72 1.265 5.52253e-06 
9.72 1.27 8.49361e-09 
9.73 1.145 2.02907e-10 
9.73 1.15 3.65678e-09 
9.73 1.155 2.57567e-08 
9.73 1.16 1.32369e-07 
9.73 1.165 6.46787e-07 
9.73 1.17 2.81129e-06 
9.73 1.175 1.05533e-05 
9.73 1.18 3.51785e-05 
9.73 1.185 0.000104601 
9.73 1.19 0.000254553 
9.73 1.195 0.000577862 
9.73 1.2 0.00116262 
9.73 1.205 0.00198257 
9.73 1.21 0.00297341 
9.73 1.215 0.00383891 
9.73 1.22 0.00441431 
9.73 1.225 0.00434016 
9.73 1.23 0.00375586 
9.73 1.235 0.00271706 
9.73 1.24 0.00170643 
9.73 1.245 0.000930023 
9.73 1.25 0.000432341 
9.73 1.255 0.000173536 
9.73 1.26 5.56189e-05 
9.73 1.265 3.6491e-06 
9.73 1.27 1.56147e-09 
9.74 1.145 4.36167e-10 
9.74 1.15 8.27222e-09 
9.74 1.155 4.9544e-08 
9.74 1.16 2.63856e-07 
9.74 1.165 1.23434e-06 
9.74 1.17 5.1425e-06 
9.74 1.175 1.82856e-05 
9.74 1.18 5.70227e-05 
9.74 1.185 0.000157596 
9.74 1.19 0.000398592 
9.74 1.195 0.000803172 
9.74 1.2 0.00154356 
9.74 1.205 0.00249596 
9.74 1.21 0.00363654 
9.74 1.215 0.00461428 
9.74 1.22 0.00491657 
9.74 1.225 0.00469029 
9.74 1.23 0.0038439 
9.74 1.235 0.00266273 
9.74 1.24 0.00165872 
9.74 1.245 0.000844053 
9.74 1.25 0.000380256 
9.74 1.255 0.000145348 
9.74 1.26 4.20327e-05 
9.74 1.265 2.55658e-06 
9.74 1.27 1.78474e-09 
9.75 1.145 1.08124e-09 
9.75 1.15 1.74166e-08 
9.75 1.155 1.06056e-07 
9.75 1.16 5.06106e-07 
9.75 1.165 2.29692e-06 
9.75 1.17 8.57539e-06 
9.75 1.175 3.01523e-05 
9.75 1.18 9.43188e-05 
9.75 1.185 0.000241166 
9.75 1.19 0.000556182 
9.75 1.195 0.00116219 
9.75 1.2 0.00201597 
9.75 1.205 0.00325917 
9.75 1.21 0.00440839 
9.75 1.215 0.0051626 
9.75 1.22 0.00550695 
9.75 1.225 0.00487374 
9.75 1.23 0.00385297 
9.75 1.235 0.00260488 
9.75 1.24 0.00149435 
9.75 1.245 0.000766072 
9.75 1.25 0.000330714 
9.75 1.255 0.000118868 
9.75 1.26 3.43844e-05 
9.75 1.265 1.91125e-06 
9.75 1.27 1.25072e-09 
9.76 1.145 2.26301e-09 
9.76 1.15 3.73768e-08 
9.76 1.155 2.02578e-07 
9.76 1.16 9.26779e-07 
9.76 1.165 4.19312e-06 
9.76 1.17 1.5216e-05 
9.76 1.175 5.00933e-05 
9.76 1.18 0.000138413 
9.76 1.185 0.000356031 
9.76 1.19 0.000788283 
9.76 1.195 0.00149535 
9.76 1.2 0.00260786 
9.76 1.205 0.0037883 
9.76 1.21 0.0050019 
9.76 1.215 0.00575503 
9.76 1.22 0.00572693 
9.76 1.225 0.0049255 
9.76 1.23 0.00362512 
9.76 1.235 0.00236423 
9.76 1.24 0.00135711 
9.76 1.245 0.000639035 
9.76 1.25 0.00026988 
9.76 1.255 9.28582e-05 
9.76 1.26 2.59551e-05 
9.76 1.265 1.28272e-06 
9.76 1.27 9.72497e-10 
9.77 1.145 6.01856e-09 
9.77 1.15 7.44956e-08 
9.77 1.155 3.77666e-07 
9.77 1.16 1.67232e-06 
9.77 1.165 7.02354e-06 
9.77 1.17 2.30118e-05 
9.77 1.175 7.37321e-05 
9.77 1.18 0.000204738 
9.77 1.185 0.000474967 
9.77 1.19 0.00104768 
9.77 1.195 0.00189408 
9.77 1.2 0.00308969 
9.77 1.205 0.00445671 
9.77 1.21 0.00560311 
9.77 1.215 0.00605887 
9.77 1.22 0.00575661 
9.77 1.225 0.00481208 
9.77 1.23 0.00342645 
9.77 1.235 0.00214939 
9.77 1.24 0.00115129 
9.77 1.245 0.000542558 
9.77 1.25 0.000208294 
9.77 1.255 7.04994e-05 
9.77 1.26 1.82528e-05 
9.77 1.265 8.43742e-07 
9.77 1.27 5.13676e-10 
9.78 1.145 1.21331e-08 
9.78 1.15 1.42921e-07 
9.78 1.155 7.55438e-07 
9.78 1.16 2.96133e-06 
9.78 1.165 1.11079e-05 
9.78 1.17 3.81704e-05 
9.78 1.175 0.000107875 
9.78 1.18 0.000291997 
9.78 1.185 0.000663343 
9.78 1.19 0.00135811 
9.78 1.195 0.00238809 
9.78 1.2 0.00380308 
9.78 1.205 0.00517807 
9.78 1.21 0.00619507 
9.78 1.215 0.00650277 
9.78 1.22 0.00592322 
9.78 1.225 0.00452932 
9.78 1.23 0.00315593 
9.78 1.235 0.0019353 
9.78 1.24 0.000959921 
9.78 1.245 0.000420468 
9.78 1.25 0.000160205 
9.78 1.255 5.14954e-05 
9.78 1.26 1.32366e-05 
9.78 1.265 4.65496e-07 
9.78 1.27 2.29327e-10 
9.79 1.145 2.39719e-08 
9.79 1.15 2.88005e-07 
9.79 1.155 1.22782e-06 
9.79 1.16 5.24679e-06 
9.79 1.165 1.85615e-05 
9.79 1.17 5.79895e-05 
9.79 1.175 0.000169101 
9.79 1.18 0.000415893 
9.79 1.185 0.00092404 
9.79 1.19 0.00174975 
9.79 1.195 0.00304327 
9.79 1.2 0.00440083 
9.79 1.205 0.00588309 
9.79 1.21 0.00660347 
9.79 1.215 0.00652968 
9.79 1.22 0.00571054 
9.79 1.225 0.0043121 
9.79 1.23 0.00289914 
9.79 1.235 0.00160837 
9.79 1.24 0.000808238 
9.79 1.245 0.000333137 
9.79 1.25 0.000123648 
9.79 1.255 3.77488e-05 
9.79 1.26 8.76248e-06 
9.79 1.265 3.09899e-07 
9.8 1.14 1.68498e-10 
9.8 1.145 4.46631e-08 
9.8 1.15 5.13289e-07 
9.8 1.155 2.12804e-06 
9.8 1.16 8.68656e-06 
9.8 1.165 2.98447e-05 
9.8 1.17 9.1078e-05 
9.8 1.175 0.000244928 
9.8 1.18 0.000572469 
9.8 1.185 0.00118157 
9.8 1.19 0.00221625 
9.8 1.195 0.00360311 
9.8 1.2 0.00509264 
9.8 1.205 0.00635041 
9.8 1.21 0.00693781 
9.8 1.215 0.00669608 
9.8 1.22 0.00551109 
9.8 1.225 0.00402092 
9.8 1.23 0.00249628 
9.8 1.235 0.00139928 
9.8 1.24 0.000634581 
9.8 1.245 0.000266571 
9.8 1.25 9.14838e-05 
9.8 1.255 2.84243e-05 
9.8 1.26 6.08143e-06 
9.8 1.265 2.42342e-07 
9.81 1.14 3.58224e-10 
9.81 1.145 8.54862e-08 
9.81 1.15 8.81087e-07 
9.81 1.155 3.72168e-06 
9.81 1.16 1.37452e-05 
9.81 1.165 4.50641e-05 
9.81 1.17 0.000131867 
9.81 1.175 0.000334855 
9.81 1.18 0.000763229 
9.81 1.185 0.00148988 
9.81 1.19 0.00266599 
9.81 1.195 0.00403483 
9.81 1.2 0.00568572 
9.81 1.205 0.00659366 
9.81 1.21 0.00682701 
9.81 1.215 0.00641542 
9.81 1.22 0.00519738 
9.81 1.225 0.00354853 
9.81 1.23 0.00214546 
9.81 1.235 0.00111569 
9.81 1.24 0.000496348 
9.81 1.245 0.000201614 
9.81 1.25 6.73886e-05 
9.81 1.255 1.88435e-05 
9.81 1.26 3.82407e-06 
9.81 1.265 1.25166e-07 
9.82 1.14 5.27769e-10 
9.82 1.145 1.76439e-07 
9.82 1.15 1.47029e-06 
9.82 1.155 5.8089e-06 
9.82 1.16 2.00947e-05 
9.82 1.165 6.49734e-05 
9.82 1.17 0.00017627 
9.82 1.175 0.000428394 
9.82 1.18 0.000932744 
9.82 1.185 0.00174207 
9.82 1.19 0.00299037 
9.82 1.195 0.00444649 
9.82 1.2 0.00582996 
9.82 1.205 0.0066948 
9.82 1.21 0.00691943 
9.82 1.215 0.00570325 
9.82 1.22 0.00459373 
9.82 1.225 0.00295069 
9.82 1.23 0.00174482 
9.82 1.235 0.00084841 
9.82 1.24 0.000380632 
9.82 1.245 0.000145843 
9.82 1.25 4.42071e-05 
9.82 1.255 1.30353e-05 
9.82 1.26 2.57775e-06 
9.82 1.265 6.93998e-08 
9.83 1.14 1.0109e-09 
9.83 1.145 2.97448e-07 
9.83 1.15 2.32297e-06 
9.83 1.155 8.77514e-06 
9.83 1.16 3.05861e-05 
9.83 1.165 9.04876e-05 
9.83 1.17 0.000234017 
9.83 1.175 0.00055727 
9.83 1.18 0.00115045 
9.83 1.185 0.00206448 
9.83 1.19 0.00337155 
9.83 1.195 0.00475469 
9.83 1.2 0.00588564 
9.83 1.205 0.00664676 
9.83 1.21 0.00634566 
9.83 1.215 0.00523334 
9.83 1.22 0.00389562 
9.83 1.225 0.00249104 
9.83 1.23 0.00137027 
9.83 1.235 0.000672456 
9.83 1.24 0.000272714 
9.83 1.245 0.000101454 
9.83 1.25 3.06399e-05 
9.83 1.255 8.41521e-06 
9.83 1.26 1.50287e-06 
9.83 1.265 3.9363e-08 
9.84 1.14 2.25808e-09 
9.84 1.145 5.40129e-07 
9.84 1.15 3.71038e-06 
9.84 1.155 1.35382e-05 
9.84 1.16 4.33233e-05 
9.84 1.165 0.000123634 
9.84 1.17 0.000318538 
9.84 1.175 0.000722588 
9.84 1.18 0.00133693 
9.84 1.185 0.00243566 
9.84 1.19 0.0037292 
9.84 1.195 0.00489958 
9.84 1.2 0.00597343 
9.84 1.205 0.00633057 
9.84 1.21 0.00558518 
9.84 1.215 0.0047068 
9.84 1.22 0.00326799 
9.84 1.225 0.00195238 
9.84 1.23 0.00109862 
9.84 1.235 0.0005039 
9.84 1.24 0.000202836 
9.84 1.245 6.8539e-05 
9.84 1.25 2.07782e-05 
9.84 1.255 5.20085e-06 
9.84 1.26 9.5783e-07 
9.84 1.265 1.87035e-08 
9.85 1.14 5.98208e-09 
9.85 1.145 9.5829e-07 
9.85 1.15 5.83938e-06 
9.85 1.155 2.04325e-05 
9.85 1.16 6.15484e-05 
9.85 1.165 0.000160823 
9.85 1.17 0.000410473 
9.85 1.175 0.000845277 
9.85 1.18 0.00165699 
9.85 1.185 0.0027275 
9.85 1.19 0.00392256 
9.85 1.195 0.00497274 
9.85 1.2 0.00602426 
9.85 1.205 0.00584535 
9.85 1.21 0.00514345 
9.85 1.215 0.00402894 
9.85 1.22 0.00271644 
9.85 1.225 0.00148141 
9.85 1.23 0.000861248 
9.85 1.235 0.000388522 
9.85 1.24 0.000142859 
9.85 1.245 4.62285e-05 
9.85 1.25 1.3654e-05 
9.85 1.255 3.37254e-06 
9.85 1.26 5.82345e-07 
9.85 1.265 9.4253e-09 
9.86 1.14 1.49184e-08 
9.86 1.145 1.33901e-06 
9.86 1.15 8.37752e-06 
9.86 1.155 2.94468e-05 
9.86 1.16 7.98401e-05 
9.86 1.165 0.000221339 
9.86 1.17 0.000468409 
9.86 1.175 0.00104176 
9.86 1.18 0.00183487 
9.86 1.185 0.00296224 
9.86 1.19 0.00407742 
9.86 1.195 0.00519977 
9.86 1.2 0.00554208 
9.86 1.205 0.00536633 
9.86 1.21 0.00461954 
9.86 1.215 0.00341745 
9.86 1.22 0.00207653 
9.86 1.225 0.00125722 
9.86 1.23 0.000602404 
9.86 1.235 0.000276336 
9.86 1.24 9.94295e-05 
9.86 1.245 3.2484e-05 
9.86 1.25 8.81041e-06 
9.86 1.255 2.12893e-06 
9.86 1.26 3.37528e-07 
9.86 1.265 6.57747e-09 
9.87 1.14 1.75168e-08 
9.87 1.145 2.12874e-06 
9.87 1.15 1.1785e-05 
9.87 1.155 3.88249e-05 
9.87 1.16 0.000110489 
9.87 1.165 0.000266725 
9.87 1.17 0.000568466 
9.87 1.175 0.00117185 
9.87 1.18 0.00203514 
9.87 1.185 0.00319352 
9.87 1.19 0.00418626 
9.87 1.195 0.00501036 
9.87 1.2 0.005146 
9.87 1.205 0.00483006 
9.87 1.21 0.00398662 
9.87 1.215 0.00275246 
9.87 1.22 0.00169671 
9.87 1.225 0.00093316 
9.87 1.23 0.000452264 
9.87 1.235 0.000185071 
9.87 1.24 6.65115e-05 
9.87 1.245 2.11657e-05 
9.87 1.25 5.49316e-06 
9.87 1.255 1.31854e-06 
9.87 1.26 1.9342e-07 
9.87 1.265 2.45544e-09 
9.88 1.14 3.55098e-08 
9.88 1.145 3.09605e-06 
9.88 1.15 1.62574e-05 
9.88 1.155 4.937e-05 
9.88 1.16 0.000137304 
9.88 1.165 0.000327849 
9.88 1.17 0.000651956 
9.88 1.175 0.0012824 
9.88 1.18 0.00210383 
9.88 1.185 0.00313106 
9.88 1.19 0.00414237 
9.88 1.195 0.00468402 
9.88 1.2 0.00479449 
9.88 1.205 0.00411568 
9.88 1.21 0.00329151 
9.88 1.215 0.00224018 
9.88 1.22 0.00136723 
9.88 1.225 0.000684897 
9.88 1.23 0.000313046 
9.88 1.235 0.000125487 
9.88 1.24 4.4182e-05 
9.88 1.245 1.31168e-05 
9.88 1.25 3.5259e-06 
9.88 1.255 7.40586e-07 
9.88 1.26 1.00386e-07 
9.88 1.265 1.39432e-09 
9.89 1.14 6.87026e-08 
9.89 1.145 4.67077e-06 
9.89 1.15 2.19953e-05 
9.89 1.155 6.35486e-05 
9.89 1.16 0.000169885 
9.89 1.165 0.000379991 
9.89 1.17 0.000808594 
9.89 1.175 0.00138423 
9.89 1.18 0.00231442 
9.89 1.185 0.00308211 
9.89 1.19 0.00382356 
9.89 1.195 0.00433082 
9.89 1.2 0.00421975 
9.89 1.205 0.00362499 
9.89 1.21 0.00270817 
9.89 1.215 0.00172352 
9.89 1.22 0.00100905 
9.89 1.225 0.000498513 
9.89 1.23 0.000228517 
9.89 1.235 8.16784e-05 
9.89 1.24 2.77179e-05 
9.89 1.245 8.12202e-06 
9.89 1.25 1.98454e-06 
9.89 1.255 4.35745e-07 
9.89 1.26 5.78745e-08 
9.89 1.265 6.38872e-10 
9.9 1.14 1.05522e-07 
9.9 1.145 7.06545e-06 
9.9 1.15 2.99488e-05 
9.9 1.155 8.09401e-05 
9.9 1.16 0.000197311 
9.9 1.165 0.000437425 
9.9 1.17 0.000825554 
9.9 1.175 0.00149848 
9.9 1.18 0.00221063 
9.9 1.185 0.00301721 
9.9 1.19 0.00351888 
9.9 1.195 0.00373358 
9.9 1.2 0.00338317 
9.9 1.205 0.00289192 
9.9 1.21 0.0020579 
9.9 1.215 0.00127802 
9.9 1.22 0.000712839 
9.9 1.225 0.000347099 
9.9 1.23 0.000154004 
9.9 1.235 5.54866e-05 
9.9 1.24 1.76267e-05 
9.9 1.245 4.77251e-06 
9.9 1.25 1.17693e-06 
9.9 1.255 2.47227e-07 
9.9 1.26 3.06591e-08 
9.9 1.265 2.81423e-10 
9.91 1.14 1.92039e-07 
9.91 1.145 9.3386e-06 
9.91 1.15 3.92838e-05 
9.91 1.155 0.000103116 
9.91 1.16 0.000238711 
9.91 1.165 0.000487521 
9.91 1.17 0.000902439 
9.91 1.175 0.001472 
9.91 1.18 0.0021843 
9.91 1.185 0.00279566 
9.91 1.19 0.00322089 
9.91 1.195 0.00323315 
9.91 1.2 0.00282177 
9.91 1.205 0.00223215 
9.91 1.21 0.00153997 
9.91 1.215 0.000939888 
9.91 1.22 0.000502762 
9.91 1.225 0.000234572 
9.91 1.23 9.94343e-05 
9.91 1.235 3.5985e-05 
9.91 1.24 1.12718e-05 
9.91 1.245 2.74531e-06 
9.91 1.25 6.91787e-07 
9.91 1.255 1.38987e-07 
9.91 1.26 1.66457e-08 
9.91 1.265 1.32144e-10 
9.92 1.14 2.68222e-07 
9.92 1.145 1.30339e-05 
9.92 1.15 4.8969e-05 
9.92 1.155 0.000118915 
9.92 1.16 0.000266965 
9.92 1.165 0.000534003 
9.92 1.17 0.000924065 
9.92 1.175 0.00146696 
9.92 1.18 0.00208895 
9.92 1.185 0.0025204 
9.92 1.19 0.0027665 
9.92 1.195 0.0026898 
9.92 1.2 0.00230601 
9.92 1.205 0.00179384 
9.92 1.21 0.00115504 
9.92 1.215 0.000679443 
9.92 1.22 0.000345064 
9.92 1.225 0.00015991 
9.92 1.23 6.65576e-05 
9.92 1.235 2.20115e-05 
9.92 1.24 6.82209e-06 
9.92 1.245 1.71959e-06 
9.92 1.25 3.9115e-07 
9.92 1.255 7.52412e-08 
9.92 1.26 8.38285e-09 
9.93 1.14 4.39204e-07 
9.93 1.145 1.64142e-05 
9.93 1.15 5.77657e-05 
9.93 1.155 0.000142916 
9.93 1.16 0.000293546 
9.93 1.165 0.000564678 
9.93 1.17 0.000947626 
9.93 1.175 0.00146532 
9.93 1.18 0.00193936 
9.93 1.185 0.00228465 
9.93 1.19 0.00249007 
9.93 1.195 0.00223417 
9.93 1.2 0.00188137 
9.93 1.205 0.00137762 
9.93 1.21 0.000848156 
9.93 1.215 0.000489099 
9.93 1.22 0.000242522 
9.93 1.225 0.000102827 
9.93 1.23 4.12371e-05 
9.93 1.235 1.31748e-05 
9.93 1.24 4.0239e-06 
9.93 1.245 9.68416e-07 
9.93 1.25 2.20616e-07 
9.93 1.255 4.0028e-08 
9.93 1.26 4.46466e-09 
9.94 1.14 6.61011e-07 
9.94 1.145 2.15982e-05 
9.94 1.15 7.06156e-05 
9.94 1.155 0.000158493 
9.94 1.16 0.00032623 
9.94 1.165 0.000580048 
9.94 1.17 0.000967701 
9.94 1.175 0.00139281 
9.94 1.18 0.00177282 
9.94 1.185 0.00207467 
9.94 1.19 0.00212341 
9.94 1.195 0.00189341 
9.94 1.2 0.00146027 
9.94 1.205 0.00105852 
9.94 1.21 0.000636963 
9.94 1.215 0.000355307 
9.94 1.22 0.000163465 
9.94 1.225 6.843e-05 
9.94 1.23 2.5217e-05 
9.94 1.235 8.04949e-06 
9.94 1.24 2.24511e-06 
9.94 1.245 5.40186e-07 
9.94 1.25 1.16176e-07 
9.94 1.255 2.0966e-08 
9.94 1.26 2.18747e-09 
9.95 1.14 9.86069e-07 
9.95 1.145 2.46624e-05 
9.95 1.15 8.14847e-05 
9.95 1.155 0.000173121 
9.95 1.16 0.000344518 
9.95 1.165 0.000599161 
9.95 1.17 0.000959351 
9.95 1.175 0.00128061 
9.95 1.18 0.00163543 
9.95 1.185 0.00175846 
9.95 1.19 0.00174883 
9.95 1.195 0.00149579 
9.95 1.2 0.00115092 
9.95 1.205 0.000779356 
9.95 1.21 0.000450217 
9.95 1.215 0.000241379 
9.95 1.22 0.000110637 
9.95 1.225 4.40786e-05 
9.95 1.23 1.51331e-05 
9.95 1.235 4.6716e-06 
9.95 1.24 1.26531e-06 
9.95 1.245 2.8509e-07 
9.95 1.25 5.88405e-08 
9.95 1.255 1.06304e-08 
9.95 1.26 1.02214e-09 
9.96 1.135 1.55435e-10 
9.96 1.14 1.38395e-06 
9.96 1.145 2.94344e-05 
9.96 1.15 8.77869e-05 
9.96 1.155 0.00018311 
9.96 1.16 0.000348792 
9.96 1.165 0.000584553 
9.96 1.17 0.000888446 
9.96 1.175 0.00119444 
9.96 1.18 0.00142119 
9.96 1.185 0.00152001 
9.96 1.19 0.00143198 
9.96 1.195 0.00118252 
9.96 1.2 0.000871704 
9.96 1.205 0.000562569 
9.96 1.21 0.00032892 
9.96 1.215 0.00016086 
9.96 1.22 7.04692e-05 
9.96 1.225 2.74318e-05 
9.96 1.23 9.07066e-06 
9.96 1.235 2.64268e-06 
9.96 1.24 7.01807e-07 
9.96 1.245 1.57919e-07 
9.96 1.25 2.94793e-08 
9.96 1.255 5.05093e-09 
9.96 1.26 5.15973e-10 
9.97 1.135 3.69654e-10 
9.97 1.14 1.4414e-06 
9.97 1.145 3.20547e-05 
9.97 1.15 9.24972e-05 
9.97 1.155 0.000195956 
9.97 1.16 0.000350898 
9.97 1.165 0.000575554 
9.97 1.17 0.000838575 
9.97 1.175 0.00108165 
9.97 1.18 0.00123125 
9.97 1.185 0.00124738 
9.97 1.19 0.00113404 
9.97 1.195 0.00088975 
9.97 1.2 0.000646878 
9.97 1.205 0.000401712 
9.97 1.21 0.000218859 
9.97 1.215 0.000105051 
9.97 1.22 4.45265e-05 
9.97 1.225 1.65648e-05 
9.97 1.23 5.38041e-06 
9.97 1.235 1.50393e-06 
9.97 1.24 3.67991e-07 
9.97 1.245 7.83634e-08 
9.97 1.25 1.50863e-08 
9.97 1.255 2.32348e-09 
9.97 1.26 2.12885e-10 
9.98 1.135 8.84247e-10 
9.98 1.14 1.81455e-06 
9.98 1.145 3.65665e-05 
9.98 1.15 0.000101347 
9.98 1.155 0.000197281 
9.98 1.16 0.000348427 
9.98 1.165 0.000530574 
9.98 1.17 0.000765334 
9.98 1.175 0.000944266 
9.98 1.18 0.00105918 
9.98 1.185 0.00102309 
9.98 1.19 0.000888559 
9.98 1.195 0.000698223 
9.98 1.2 0.000474094 
9.98 1.205 0.000280119 
9.98 1.21 0.000147315 
9.98 1.215 6.81089e-05 
9.98 1.22 2.80065e-05 
9.98 1.225 1.01972e-05 
9.98 1.23 3.14772e-06 
9.98 1.235 8.56655e-07 
9.98 1.24 2.06825e-07 
9.98 1.245 4.15581e-08 
9.98 1.25 7.59231e-09 
9.98 1.255 1.15194e-09 
9.99 1.135 1.32646e-09 
9.99 1.14 2.36333e-06 
9.99 1.145 4.07698e-05 
9.99 1.15 0.000108651 
9.99 1.155 0.000196742 
9.99 1.16 0.00033681 
9.99 1.165 0.000502082 
9.99 1.17 0.000678146 
9.99 1.175 0.000806764 
9.99 1.18 0.000861675 
9.99 1.185 0.000796627 
9.99 1.19 0.000676707 
9.99 1.195 0.000502269 
9.99 1.2 0.000323984 
9.99 1.205 0.000187486 
9.99 1.21 9.85151e-05 
9.99 1.215 4.40528e-05 
9.99 1.22 1.69413e-05 
9.99 1.225 5.94782e-06 
9.99 1.23 1.7835e-06 
9.99 1.235 4.69109e-07 
9.99 1.24 1.07579e-07 
9.99 1.245 2.14922e-08 
9.99 1.25 3.81721e-09 
9.99 1.255 5.43113e-10 
10 1.135 4.50686e-10 
10 1.14 3.11824e-06 
10 1.145 4.24969e-05 
10 1.15 0.000109209 
10 1.155 0.000196071 
10 1.16 0.000318237 
10 1.165 0.000446147 
10 1.17 0.00058447 
10 1.175 0.000680864 
10 1.18 0.000686947 
10 1.185 0.000621679 
10 1.19 0.00050988 
10 1.195 0.000361833 
10 1.2 0.00023347 
10 1.205 0.000130218 
10 1.21 6.16361e-05 
10 1.215 2.72374e-05 
10 1.22 1.03093e-05 
10 1.225 3.44695e-06 
10 1.23 9.98568e-07 
10 1.235 2.54378e-07 
10 1.24 5.66181e-08 
10 1.245 1.07092e-08 
10 1.25 1.79659e-09 
10 1.255 2.54823e-10 
10.01 1.135 9.07938e-10 
10.01 1.14 3.66316e-06 
10.01 1.145 4.5002e-05 
10.01 1.15 0.000107109 
10.01 1.155 0.000187621 
10.01 1.16 0.000284369 
10.01 1.165 0.000408858 
10.01 1.17 0.000493641 
10.01 1.175 0.000544849 
10.01 1.18 0.000538751 
10.01 1.185 0.000482267 
10.01 1.19 0.000366082 
10.01 1.195 0.000260796 
10.01 1.2 0.00016121 
10.01 1.205 8.44077e-05 
10.01 1.21 4.00296e-05 
10.01 1.215 1.70416e-05 
10.01 1.22 6.13994e-06 
10.01 1.225 1.97116e-06 
10.01 1.23 5.73389e-07 
10.01 1.235 1.40041e-07 
10.01 1.24 3.04588e-08 
10.01 1.245 5.6415e-09 
10.01 1.25 9.16482e-10 
10.01 1.255 1.21811e-10 
10.02 1.135 2.6031e-09 
10.02 1.14 3.77961e-06 
10.02 1.145 4.64024e-05 
10.02 1.15 0.000103281 
10.02 1.155 0.000174436 
10.02 1.16 0.00025719 
10.02 1.165 0.000349431 
10.02 1.17 0.000412258 
10.02 1.175 0.000436372 
10.02 1.18 0.000418798 
10.02 1.185 0.000344574 
10.02 1.19 0.000268869 
10.02 1.195 0.000175161 
10.02 1.2 0.000105701 
10.02 1.205 5.66076e-05 
10.02 1.21 2.53049e-05 
10.02 1.215 1.01403e-05 
10.02 1.22 3.62819e-06 
10.02 1.225 1.1422e-06 
10.02 1.23 3.08851e-07 
10.02 1.235 7.10872e-08 
10.02 1.24 1.49525e-08 
10.02 1.245 2.59364e-09 
10.02 1.25 4.21668e-10 
10.03 1.135 2.3441e-09 
10.03 1.14 4.20155e-06 
10.03 1.145 4.54013e-05 
10.03 1.15 9.92651e-05 
10.03 1.155 0.000163229 
10.03 1.16 0.000235529 
10.03 1.165 0.00029732 
10.03 1.17 0.000337439 
10.03 1.175 0.000349658 
10.03 1.18 0.000313432 
10.03 1.185 0.000257832 
10.03 1.19 0.000189035 
10.03 1.195 0.000121424 
10.03 1.2 6.89677e-05 
10.03 1.205 3.54911e-05 
10.03 1.21 1.53056e-05 
10.03 1.215 6.19543e-06 
10.03 1.22 2.10222e-06 
10.03 1.225 6.32107e-07 
10.03 1.23 1.63391e-07 
10.03 1.235 3.78475e-08 
10.03 1.24 7.27095e-09 
10.03 1.245 1.30907e-09 
10.03 1.25 1.9359e-10 
10.04 1.135 4.38364e-09 
10.04 1.14 4.02958e-06 
10.04 1.145 4.55449e-05 
10.04 1.15 9.49614e-05 
10.04 1.155 0.00015033 
10.04 1.16 0.000203158 
10.04 1.165 0.000254612 
10.04 1.17 0.000278277 
10.04 1.175 0.000273222 
10.04 1.18 0.000234163 
10.04 1.185 0.000188151 
10.04 1.19 0.000131893 
10.04 1.195 8.00727e-05 
10.04 1.2 4.37771e-05 
10.04 1.205 2.15321e-05 
10.04 1.21 9.32933e-06 
10.04 1.215 3.55066e-06 
10.04 1.22 1.18692e-06 
10.04 1.225 3.45776e-07 
10.04 1.23 8.64949e-08 
10.04 1.235 1.86114e-08 
10.04 1.24 3.41449e-09 
10.04 1.245 6.21621e-10 
10.05 1.135 4.75156e-09 
10.05 1.14 5.61603e-06 
10.05 1.145 4.4474e-05 
10.05 1.15 8.80971e-05 
10.05 1.155 0.000129837 
10.05 1.16 0.000176634 
10.05 1.165 0.00020859 
10.05 1.17 0.000219064 
10.05 1.175 0.000211218 
10.05 1.18 0.000179198 
10.05 1.185 0.000133967 
10.05 1.19 8.77302e-05 
10.05 1.195 5.06398e-05 
10.05 1.2 2.73821e-05 
10.05 1.205 1.30813e-05 
10.05 1.21 5.31014e-06 
10.05 1.215 1.94438e-06 
10.05 1.22 6.12028e-07 
10.05 1.225 1.75536e-07 
10.05 1.23 4.3405e-08 
10.05 1.235 9.22543e-09 
10.05 1.24 1.67876e-09 
10.05 1.245 2.77278e-10 
10.06 1.135 7.03886e-09 
10.06 1.14 5.09305e-06 
10.06 1.145 4.09614e-05 
10.06 1.15 7.53306e-05 
10.06 1.155 0.00011248 
10.06 1.16 0.000148795 
10.06 1.165 0.000165957 
10.06 1.17 0.000173635 
10.06 1.175 0.000159335 
10.06 1.18 0.00012785 
10.06 1.185 9.12648e-05 
10.06 1.19 5.90696e-05 
10.06 1.195 3.27144e-05 
10.06 1.2 1.65437e-05 
10.06 1.205 7.6991e-06 
10.06 1.21 2.93952e-06 
10.06 1.215 1.07274e-06 
10.06 1.22 3.26615e-07 
10.06 1.225 9.00603e-08 
10.06 1.23 2.04513e-08 
10.06 1.235 4.42309e-09 
10.06 1.24 7.82023e-10 
10.06 1.245 1.22717e-10 
10.07 1.135 1.03604e-08 
10.07 1.14 4.5166e-06 
10.07 1.145 3.60948e-05 
10.07 1.15 6.54032e-05 
10.07 1.155 9.31679e-05 
10.07 1.16 0.000115257 
10.07 1.165 0.000133535 
10.07 1.17 0.00013048 
10.07 1.175 0.000114978 
10.07 1.18 9.05282e-05 
10.07 1.185 6.28055e-05 
10.07 1.19 3.83035e-05 
10.07 1.195 2.09016e-05 
10.07 1.2 1.02665e-05 
10.07 1.205 4.45013e-06 
10.07 1.21 1.67941e-06 
10.07 1.215 5.7449e-07 
10.07 1.22 1.6447e-07 
10.07 1.225 4.25112e-08 
10.07 1.23 9.71874e-09 
10.07 1.235 1.94378e-09 
10.07 1.24 3.31488e-10 
10.08 1.135 8.21197e-09 
10.08 1.14 4.4616e-06 
10.08 1.145 2.93103e-05 
10.08 1.15 5.03147e-05 
10.08 1.155 6.87307e-05 
10.08 1.16 8.38303e-05 
10.08 1.165 9.53173e-05 
10.08 1.17 9.23113e-05 
10.08 1.175 7.97346e-05 
10.08 1.18 6.32561e-05 
10.08 1.185 4.18844e-05 
10.08 1.19 2.46214e-05 
10.08 1.195 1.3364e-05 
10.08 1.2 6.1203e-06 
10.08 1.205 2.54959e-06 
10.08 1.21 9.36158e-07 
10.08 1.215 3.02752e-07 
10.08 1.22 8.22977e-08 
10.08 1.225 2.16877e-08 
10.08 1.23 4.71591e-09 
10.08 1.235 9.04882e-10 
10.08 1.24 1.59145e-10 
10.09 1.135 1.00099e-08 
10.09 1.14 4.24691e-06 
10.09 1.145 2.52639e-05 
10.09 1.15 4.15889e-05 
10.09 1.155 5.53936e-05 
10.09 1.16 6.62336e-05 
10.09 1.165 6.74092e-05 
10.09 1.17 6.57032e-05 
10.09 1.175 5.67648e-05 
10.09 1.18 4.12121e-05 
10.09 1.185 2.68014e-05 
10.09 1.19 1.60826e-05 
10.09 1.195 7.88922e-06 
10.09 1.2 3.54837e-06 
10.09 1.205 1.42671e-06 
10.09 1.21 5.05596e-07 
10.09 1.215 1.58049e-07 
10.09 1.22 4.3686e-08 
10.09 1.225 1.06142e-08 
10.09 1.23 2.17991e-09 
10.09 1.235 4.3024e-10 
10.1 1.135 6.08585e-09 
10.1 1.14 3.74217e-06 
10.1 1.145 2.07597e-05 
10.1 1.15 3.55128e-05 
10.1 1.155 4.26747e-05 
10.1 1.16 5.06423e-05 
10.1 1.165 5.09804e-05 
10.1 1.17 4.64631e-05 
10.1 1.175 3.76827e-05 
10.1 1.18 2.73789e-05 
10.1 1.185 1.73507e-05 
10.1 1.19 9.51395e-06 
10.1 1.195 4.60499e-06 
10.1 1.2 1.96928e-06 
10.1 1.205 7.93602e-07 
10.1 1.21 2.75259e-07 
10.1 1.215 8.34295e-08 
10.1 1.22 2.15988e-08 
10.1 1.225 5.12794e-09 
10.1 1.23 1.00746e-09 
10.1 1.235 1.87099e-10 
10.11 1.135 1.59606e-08 
10.11 1.14 3.23864e-06 
10.11 1.145 1.8442e-05 
10.11 1.15 2.72605e-05 
10.11 1.155 3.38909e-05 
10.11 1.16 3.73711e-05 
10.11 1.165 3.68624e-05 
10.11 1.17 3.23554e-05 
10.11 1.175 2.52177e-05 
10.11 1.18 1.75461e-05 
10.11 1.185 1.00561e-05 
10.11 1.19 5.64419e-06 
10.11 1.195 2.69874e-06 
10.11 1.2 1.14974e-06 
10.11 1.205 4.26297e-07 
10.11 1.21 1.40253e-07 
10.11 1.215 4.10238e-08 
10.11 1.22 1.03729e-08 
10.11 1.225 2.37143e-09 
10.11 1.23 4.93267e-10 
10.12 1.135 1.14781e-08 
10.12 1.14 2.58933e-06 
10.12 1.145 1.47228e-05 
10.12 1.15 2.18815e-05 
10.12 1.155 2.64588e-05 
10.12 1.16 2.74823e-05 
10.12 1.165 2.62049e-05 
10.12 1.17 2.19184e-05 
10.12 1.175 1.68839e-05 
10.12 1.18 1.07783e-05 
10.12 1.185 6.36476e-06 
10.12 1.19 3.26221e-06 
10.12 1.195 1.5242e-06 
10.12 1.2 6.36901e-07 
10.12 1.205 2.27112e-07 
10.12 1.21 7.35082e-08 
10.12 1.215 2.02508e-08 
10.12 1.22 5.27284e-09 
10.12 1.225 1.1541e-09 
10.12 1.23 2.13307e-10 
10.13 1.135 8.42462e-09 
10.13 1.14 2.53241e-06 
10.13 1.145 1.25516e-05 
10.13 1.15 1.72854e-05 
10.13 1.155 1.89988e-05 
10.13 1.16 1.91473e-05 
10.13 1.165 1.76598e-05 
10.13 1.17 1.37143e-05 
10.13 1.175 1.02528e-05 
10.13 1.18 6.48122e-06 
10.13 1.185 3.64333e-06 
10.13 1.19 1.8479e-06 
10.13 1.195 8.45394e-07 
10.13 1.2 3.24298e-07 
10.13 1.205 1.14413e-07 
10.13 1.21 3.7016e-08 
10.13 1.215 9.97699e-09 
10.13 1.22 2.33531e-09 
10.13 1.225 5.19665e-10 
10.14 1.135 9.00775e-09 
10.14 1.14 1.97992e-06 
10.14 1.145 9.80527e-06 
10.14 1.15 1.2974e-05 
10.14 1.155 1.44678e-05 
10.14 1.16 1.37126e-05 
10.14 1.165 1.19202e-05 
10.14 1.17 9.05189e-06 
10.14 1.175 6.47704e-06 
10.14 1.18 3.83024e-06 
10.14 1.185 2.07228e-06 
10.14 1.19 1.0468e-06 
10.14 1.195 4.49432e-07 
10.14 1.2 1.69036e-07 
10.14 1.205 5.78711e-08 
10.14 1.21 1.77317e-08 
10.14 1.215 4.78198e-09 
10.14 1.22 1.10065e-09 
10.14 1.225 2.25011e-10 
