#logage logg JPDF
9.65 1.145 2.36143e-10 
9.66 1.145 7.01214e-10 
9.67 1.145 2.1039e-09 
9.68 1.145 5.94899e-09 
9.69 1.145 1.45013e-08 
9.7 1.145 3.9118e-08 
9.71 1.145 1.35766e-07 
9.72 1.145 2.83238e-07 
9.73 1.14 1.67478e-10 
9.73 1.145 7.62575e-07 
9.74 1.14 7.3384e-10 
9.74 1.145 1.55957e-06 
9.75 1.14 1.7097e-09 
9.75 1.145 3.64602e-06 
9.76 1.14 5.41248e-09 
9.76 1.145 8.35347e-06 
9.77 1.14 1.35939e-08 
9.77 1.145 1.67526e-05 
9.78 1.14 2.15801e-08 
9.78 1.145 3.40231e-05 
9.79 1.14 1.13402e-07 
9.79 1.145 6.22337e-05 
9.8 1.14 2.44114e-07 
9.8 1.145 0.00013306 
9.81 1.14 5.20939e-07 
9.81 1.145 0.000214132 
9.82 1.14 7.70137e-07 
9.82 1.145 0.000408004 
9.83 1.14 1.53816e-06 
9.83 1.145 0.000607368 
9.84 1.14 4.80164e-06 
9.84 1.145 0.00108908 
9.85 1.14 6.45653e-06 
9.85 1.145 0.00178364 
9.86 1.14 1.21132e-05 
9.86 1.145 0.00243904 
9.87 1.14 2.07643e-05 
9.87 1.145 0.00385365 
9.88 1.135 4.31548e-10 
9.88 1.14 8.18759e-05 
9.88 1.145 0.00565766 
9.89 1.135 1.96308e-09 
9.89 1.14 0.000117342 
9.89 1.145 0.00825917 
9.9 1.135 6.71039e-09 
9.9 1.14 0.000128744 
9.9 1.145 0.0115608 
9.91 1.135 1.3864e-08 
9.91 1.14 0.000219013 
9.91 1.145 0.0144678 
9.92 1.135 2.0315e-09 
9.92 1.14 0.00032758 
9.92 1.145 0.0207754 
9.93 1.135 3.95071e-09 
9.93 1.14 0.000669473 
9.93 1.145 0.0222879 
9.94 1.135 1.69175e-08 
9.94 1.14 0.000700501 
9.94 1.145 0.0297107 
9.95 1.135 5.87151e-08 
9.95 1.14 0.0011759 
9.95 1.145 0.0341186 
9.96 1.135 1.0903e-07 
9.96 1.14 0.0010571 
9.96 1.145 0.0377358 
9.97 1.135 2.59977e-07 
9.97 1.14 0.00183761 
9.97 1.145 0.0406584 
9.98 1.135 6.16443e-07 
9.98 1.14 0.00217617 
9.98 1.145 0.0456429 
9.99 1.135 3.65635e-07 
9.99 1.14 0.00261761 
9.99 1.145 0.0524958 
10 1.135 8.21884e-07 
10 1.14 0.00342256 
10 1.145 0.0531007 
10.01 1.135 7.79087e-07 
10.01 1.14 0.00401175 
10.01 1.145 0.0564059 
10.02 1.135 1.84233e-06 
10.02 1.14 0.00440274 
10.02 1.145 0.0581268 
10.03 1.135 4.05097e-06 
10.03 1.14 0.00487307 
10.03 1.145 0.0585788 
10.04 1.135 1.04185e-06 
10.04 1.14 0.00470241 
10.04 1.145 0.0565219 
10.05 1.135 3.23589e-06 
10.05 1.14 0.00621436 
10.05 1.145 0.0546964 
10.06 1.135 4.73888e-06 
10.06 1.14 0.00547949 
10.06 1.145 0.0486326 
10.07 1.135 7.07361e-06 
10.07 1.14 0.00528639 
10.07 1.145 0.0421411 
10.08 1.135 6.25586e-06 
10.08 1.14 0.00474501 
10.08 1.145 0.0364165 
10.09 1.135 7.99988e-06 
10.09 1.14 0.00491657 
10.09 1.145 0.0315726 
10.1 1.135 4.59237e-06 
10.1 1.14 0.00445069 
10.1 1.145 0.0269352 
10.11 1.135 7.87607e-06 
10.11 1.14 0.00357811 
10.11 1.145 0.0225907 
10.12 1.135 3.87395e-06 
10.12 1.14 0.00329074 
10.12 1.145 0.0179998 
10.13 1.135 5.37747e-06 
10.13 1.14 0.00300764 
10.13 1.145 0.0144508 
10.14 1.135 5.00081e-06 
10.14 1.14 0.00282277 
10.14 1.145 0.0113768 
