#logage logg JPDF
9.36 1.26 1.09159e-10 
9.36 1.265 1.24551e-10 
9.37 1.255 1.32308e-10 
9.37 1.26 2.82098e-10 
9.37 1.265 3.0921e-10 
9.38 1.25 1.25165e-10 
9.38 1.255 3.45358e-10 
9.38 1.26 7.01277e-10 
9.38 1.265 6.16843e-10 
9.39 1.245 1.25755e-10 
9.39 1.25 3.40223e-10 
9.39 1.255 8.58254e-10 
9.39 1.26 1.71717e-09 
9.39 1.265 1.41314e-09 
9.4 1.24 1.12358e-10 
9.4 1.245 3.58697e-10 
9.4 1.25 9.34931e-10 
9.4 1.255 2.08318e-09 
9.4 1.26 3.92277e-09 
9.4 1.265 3.09606e-09 
9.41 1.24 3.05961e-10 
9.41 1.245 9.26756e-10 
9.41 1.25 2.40658e-09 
9.41 1.255 5.0313e-09 
9.41 1.26 9.01033e-09 
9.41 1.265 6.29349e-09 
9.41 1.27 1.15743e-10 
9.42 1.235 2.45876e-10 
9.42 1.24 8.48164e-10 
9.42 1.245 2.4418e-09 
9.42 1.25 5.88184e-09 
9.42 1.255 1.17134e-08 
9.42 1.26 1.95641e-08 
9.42 1.265 1.233e-08 
9.42 1.27 2.25521e-10 
9.43 1.23 1.83634e-10 
9.43 1.235 6.7295e-10 
9.43 1.24 2.20365e-09 
9.43 1.245 6.02255e-09 
9.43 1.25 1.3431e-08 
9.43 1.255 2.60086e-08 
9.43 1.26 3.99717e-08 
9.43 1.265 2.44547e-08 
9.43 1.27 3.9445e-10 
9.44 1.225 1.24905e-10 
9.44 1.23 5.18621e-10 
9.44 1.235 1.82311e-09 
9.44 1.24 5.67974e-09 
9.44 1.245 1.46086e-08 
9.44 1.25 3.15079e-08 
9.44 1.255 5.68646e-08 
9.44 1.26 8.31235e-08 
9.44 1.265 4.12739e-08 
9.44 1.27 5.46193e-10 
9.45 1.225 3.46194e-10 
9.45 1.23 1.38075e-09 
9.45 1.235 4.81253e-09 
9.45 1.24 1.40226e-08 
9.45 1.245 3.35581e-08 
9.45 1.25 7.00227e-08 
9.45 1.255 1.17014e-07 
9.45 1.26 1.63952e-07 
9.45 1.265 7.91341e-08 
9.45 1.27 1.09214e-09 
9.46 1.22 2.24197e-10 
9.46 1.225 9.91223e-10 
9.46 1.23 3.81838e-09 
9.46 1.235 1.21146e-08 
9.46 1.24 3.34727e-08 
9.46 1.245 7.37885e-08 
9.46 1.25 1.46376e-07 
9.46 1.255 2.36363e-07 
9.46 1.26 3.10825e-07 
9.46 1.265 1.44741e-07 
9.46 1.27 1.90652e-09 
9.47 1.215 1.35719e-10 
9.47 1.22 6.32469e-10 
9.47 1.225 2.73051e-09 
9.47 1.23 9.95155e-09 
9.47 1.235 2.94912e-08 
9.47 1.24 7.38476e-08 
9.47 1.245 1.59931e-07 
9.47 1.25 2.9335e-07 
9.47 1.255 4.51861e-07 
9.47 1.26 5.59491e-07 
9.47 1.265 2.54269e-07 
9.47 1.27 1.95849e-09 
9.48 1.215 3.90357e-10 
9.48 1.22 1.73894e-09 
9.48 1.225 7.2795e-09 
9.48 1.23 2.42105e-08 
9.48 1.235 6.78471e-08 
9.48 1.24 1.6221e-07 
9.48 1.245 3.38052e-07 
9.48 1.25 5.77597e-07 
9.48 1.255 8.51424e-07 
9.48 1.26 1.02939e-06 
9.48 1.265 3.98509e-07 
9.48 1.27 3.32117e-09 
9.49 1.21 2.08589e-10 
9.49 1.215 1.07889e-09 
9.49 1.22 4.78921e-09 
9.49 1.225 1.80731e-08 
9.49 1.23 5.85546e-08 
9.49 1.235 1.57477e-07 
9.49 1.24 3.58743e-07 
9.49 1.245 6.97747e-07 
9.49 1.25 1.1508e-06 
9.49 1.255 1.60416e-06 
9.49 1.26 1.76234e-06 
9.49 1.265 6.65533e-07 
9.49 1.27 5.61402e-09 
9.5 1.205 1.07076e-10 
9.5 1.21 5.95488e-10 
9.5 1.215 3.03687e-09 
9.5 1.22 1.25683e-08 
9.5 1.225 4.28632e-08 
9.5 1.23 1.31795e-07 
9.5 1.235 3.47537e-07 
9.5 1.24 7.34343e-07 
9.5 1.245 1.36642e-06 
9.5 1.25 2.08239e-06 
9.5 1.255 2.77694e-06 
9.5 1.26 2.98955e-06 
9.5 1.265 9.81634e-07 
9.5 1.27 5.99311e-09 
9.51 1.205 3.16988e-10 
9.51 1.21 1.69151e-09 
9.51 1.215 8.05706e-09 
9.51 1.22 3.08502e-08 
9.51 1.225 1.03673e-07 
9.51 1.23 2.94104e-07 
9.51 1.235 7.2446e-07 
9.51 1.24 1.49501e-06 
9.51 1.245 2.60206e-06 
9.51 1.25 3.81384e-06 
9.51 1.255 4.7093e-06 
9.51 1.26 4.83607e-06 
9.51 1.265 1.59585e-06 
9.51 1.27 6.4705e-09 
9.52 1.2 1.62378e-10 
9.52 1.205 8.97679e-10 
9.52 1.21 4.84769e-09 
9.52 1.215 1.98774e-08 
9.52 1.22 7.48987e-08 
9.52 1.225 2.38425e-07 
9.52 1.23 6.36186e-07 
9.52 1.235 1.44658e-06 
9.52 1.24 2.96528e-06 
9.52 1.245 4.80742e-06 
9.52 1.25 6.85904e-06 
9.52 1.255 7.95911e-06 
9.52 1.26 7.69971e-06 
9.52 1.265 2.05749e-06 
9.52 1.27 5.43647e-09 
9.53 1.2 4.68948e-10 
9.53 1.205 2.48535e-09 
9.53 1.21 1.18885e-08 
9.53 1.215 4.97707e-08 
9.53 1.22 1.79142e-07 
9.53 1.225 5.23917e-07 
9.53 1.23 1.29543e-06 
9.53 1.235 2.81088e-06 
9.53 1.24 5.27931e-06 
9.53 1.245 8.60729e-06 
9.53 1.25 1.14945e-05 
9.53 1.255 1.27635e-05 
9.53 1.26 1.18311e-05 
9.53 1.265 3.13045e-06 
9.53 1.27 1.68554e-08 
9.54 1.195 2.19542e-10 
9.54 1.2 1.36401e-09 
9.54 1.205 6.93415e-09 
9.54 1.21 3.07519e-08 
9.54 1.215 1.20075e-07 
9.54 1.22 3.96969e-07 
9.54 1.225 1.12257e-06 
9.54 1.23 2.699e-06 
9.54 1.235 5.62848e-06 
9.54 1.24 9.65712e-06 
9.54 1.245 1.44428e-05 
9.54 1.25 1.89679e-05 
9.54 1.255 2.00618e-05 
9.54 1.26 1.74551e-05 
9.54 1.265 4.19565e-06 
9.54 1.27 1.75419e-08 
9.55 1.195 6.16586e-10 
9.55 1.2 3.75272e-09 
9.55 1.205 1.80412e-08 
9.55 1.21 7.60959e-08 
9.55 1.215 2.73512e-07 
9.55 1.22 8.57915e-07 
9.55 1.225 2.31396e-06 
9.55 1.23 5.23542e-06 
9.55 1.235 1.00369e-05 
9.55 1.24 1.74672e-05 
9.55 1.245 2.53921e-05 
9.55 1.25 2.92104e-05 
9.55 1.255 3.04539e-05 
9.55 1.26 2.47267e-05 
9.55 1.265 5.19317e-06 
9.55 1.27 3.56023e-08 
9.56 1.19 2.7416e-10 
9.56 1.195 1.78093e-09 
9.56 1.2 9.74409e-09 
9.56 1.205 4.4099e-08 
9.56 1.21 1.84054e-07 
9.56 1.215 6.19198e-07 
9.56 1.22 1.85054e-06 
9.56 1.225 4.46064e-06 
9.56 1.23 1.01921e-05 
9.56 1.235 1.86617e-05 
9.56 1.24 2.95378e-05 
9.56 1.245 3.98998e-05 
9.56 1.25 4.67356e-05 
9.56 1.255 4.45607e-05 
9.56 1.26 3.40971e-05 
9.56 1.265 6.30055e-06 
9.56 1.27 5.27571e-08 
9.57 1.185 1.10809e-10 
9.57 1.19 8.02974e-10 
9.57 1.195 4.87363e-09 
9.57 1.2 2.49558e-08 
9.57 1.205 1.10421e-07 
9.57 1.21 4.11674e-07 
9.57 1.215 1.38846e-06 
9.57 1.22 3.7778e-06 
9.57 1.225 8.74222e-06 
9.57 1.23 1.85882e-05 
9.57 1.235 3.07319e-05 
9.57 1.24 4.87167e-05 
9.57 1.245 6.20851e-05 
9.57 1.25 6.6135e-05 
9.57 1.255 6.23266e-05 
9.57 1.26 4.49549e-05 
9.57 1.265 7.99089e-06 
9.57 1.27 2.36326e-08 
9.58 1.185 3.2245e-10 
9.58 1.19 2.09637e-09 
9.58 1.195 1.19983e-08 
9.58 1.2 6.12086e-08 
9.58 1.205 2.43866e-07 
9.58 1.21 8.68614e-07 
9.58 1.215 2.83699e-06 
9.58 1.22 7.51681e-06 
9.58 1.225 1.65733e-05 
9.58 1.23 3.22624e-05 
9.58 1.235 5.3236e-05 
9.58 1.24 7.75633e-05 
9.58 1.245 9.21196e-05 
9.58 1.25 9.78069e-05 
9.58 1.255 8.49922e-05 
9.58 1.26 5.7996e-05 
9.58 1.265 1.06036e-05 
9.58 1.27 2.14748e-08 
9.59 1.18 1.31621e-10 
9.59 1.185 8.90181e-10 
9.59 1.19 5.50187e-09 
9.59 1.195 3.01285e-08 
9.59 1.2 1.4387e-07 
9.59 1.205 5.6686e-07 
9.59 1.21 1.88471e-06 
9.59 1.215 5.60448e-06 
9.59 1.22 1.39865e-05 
9.59 1.225 3.00907e-05 
9.59 1.23 5.52679e-05 
9.59 1.235 9.02032e-05 
9.59 1.24 0.00011575 
9.59 1.245 0.000140197 
9.59 1.25 0.000138464 
9.59 1.255 0.000110328 
9.59 1.26 7.53051e-05 
9.59 1.265 1.15096e-05 
9.59 1.27 2.62331e-08 
9.6 1.18 3.54218e-10 
9.6 1.185 2.39951e-09 
9.6 1.19 1.50461e-08 
9.6 1.195 7.21352e-08 
9.6 1.2 3.37445e-07 
9.6 1.205 1.24459e-06 
9.6 1.21 3.9429e-06 
9.6 1.215 1.10794e-05 
9.6 1.22 2.62989e-05 
9.6 1.225 5.32125e-05 
9.6 1.23 9.13012e-05 
9.6 1.235 0.000141069 
9.6 1.24 0.000178217 
9.6 1.245 0.000197121 
9.6 1.25 0.000182808 
9.6 1.255 0.000149187 
9.6 1.26 9.31021e-05 
9.6 1.265 1.43982e-05 
9.6 1.27 2.0558e-08 
9.61 1.175 1.3563e-10 
9.61 1.18 1.01966e-09 
9.61 1.185 6.62624e-09 
9.61 1.19 3.66413e-08 
9.61 1.195 1.74392e-07 
9.61 1.2 7.16481e-07 
9.61 1.205 2.54051e-06 
9.61 1.21 7.91006e-06 
9.61 1.215 2.04773e-05 
9.61 1.22 4.53257e-05 
9.61 1.225 8.93425e-05 
9.61 1.23 0.000143123 
9.61 1.235 0.000209824 
9.61 1.24 0.000251569 
9.61 1.245 0.000266814 
9.61 1.25 0.00023811 
9.61 1.255 0.000189941 
9.61 1.26 0.000113618 
9.61 1.265 1.47488e-05 
9.61 1.27 1.06829e-08 
9.62 1.175 3.88285e-10 
9.62 1.18 2.79527e-09 
9.62 1.185 1.60149e-08 
9.62 1.19 8.71279e-08 
9.62 1.195 3.87843e-07 
9.62 1.2 1.56887e-06 
9.62 1.205 5.12395e-06 
9.62 1.21 1.51405e-05 
9.62 1.215 3.67629e-05 
9.62 1.22 7.86087e-05 
9.62 1.225 0.000144967 
9.62 1.23 0.000226963 
9.62 1.235 0.000310008 
9.62 1.24 0.000356933 
9.62 1.245 0.000372079 
9.62 1.25 0.000317552 
9.62 1.255 0.000225968 
9.62 1.26 0.000131282 
9.62 1.265 1.60566e-05 
9.62 1.27 1.3804e-08 
9.63 1.17 1.42994e-10 
9.63 1.175 1.07923e-09 
9.63 1.18 7.04317e-09 
9.63 1.185 4.03154e-08 
9.63 1.19 2.01486e-07 
9.63 1.195 9.11041e-07 
9.63 1.2 3.17529e-06 
9.63 1.205 1.03173e-05 
9.63 1.21 2.77468e-05 
9.63 1.215 6.39515e-05 
9.63 1.22 0.000131783 
9.63 1.225 0.000230445 
9.63 1.23 0.000354454 
9.63 1.235 0.000476634 
9.63 1.24 0.000513863 
9.63 1.245 0.000490816 
9.63 1.25 0.000404299 
9.63 1.255 0.000271641 
9.63 1.26 0.000141519 
9.63 1.265 1.65349e-05 
9.63 1.27 1.62461e-08 
9.64 1.17 4.05632e-10 
9.64 1.175 2.88538e-09 
9.64 1.18 1.73281e-08 
9.64 1.185 1.0067e-07 
9.64 1.19 4.58065e-07 
9.64 1.195 1.74772e-06 
9.64 1.2 6.20549e-06 
9.64 1.205 1.89841e-05 
9.64 1.21 4.92642e-05 
9.64 1.215 0.00010843 
9.64 1.22 0.000218799 
9.64 1.225 0.000361542 
9.64 1.23 0.000502199 
9.64 1.235 0.000635148 
9.64 1.24 0.000670989 
9.64 1.245 0.000598557 
9.64 1.25 0.000476941 
9.64 1.255 0.000304129 
9.64 1.26 0.000156421 
9.64 1.265 1.49319e-05 
9.64 1.27 3.67395e-08 
9.65 1.165 1.4424e-10 
9.65 1.17 1.13001e-09 
9.65 1.175 7.5742e-09 
9.65 1.18 4.64362e-08 
9.65 1.185 2.17409e-07 
9.65 1.19 9.71692e-07 
9.65 1.195 3.83153e-06 
9.65 1.2 1.2497e-05 
9.65 1.205 3.52408e-05 
9.65 1.21 8.77756e-05 
9.65 1.215 0.000184091 
9.65 1.22 0.000336941 
9.65 1.225 0.000522146 
9.65 1.23 0.00070188 
9.65 1.235 0.000858318 
9.65 1.24 0.000847749 
9.65 1.245 0.000739131 
9.65 1.25 0.000550171 
9.65 1.255 0.000336941 
9.65 1.26 0.000162411 
9.65 1.265 1.4417e-05 
9.65 1.27 1.13946e-08 
9.66 1.165 3.90737e-10 
9.66 1.17 3.07711e-09 
9.66 1.175 1.95719e-08 
9.66 1.18 1.01088e-07 
9.66 1.185 4.89928e-07 
9.66 1.19 2.04927e-06 
9.66 1.195 7.12847e-06 
9.66 1.2 2.20449e-05 
9.66 1.205 6.16688e-05 
9.66 1.21 0.000145604 
9.66 1.215 0.000286397 
9.66 1.22 0.000495333 
9.66 1.225 0.000737738 
9.66 1.23 0.000952826 
9.66 1.235 0.00107645 
9.66 1.24 0.00101416 
9.66 1.245 0.000837991 
9.66 1.25 0.000581927 
9.66 1.255 0.000363892 
9.66 1.26 0.000157225 
9.66 1.265 1.16963e-05 
9.66 1.27 1.6105e-09 
9.67 1.16 1.36906e-10 
9.67 1.165 1.01857e-09 
9.67 1.17 7.76507e-09 
9.67 1.175 4.71601e-08 
9.67 1.18 2.28584e-07 
9.67 1.185 1.0606e-06 
9.67 1.19 4.20104e-06 
9.67 1.195 1.38759e-05 
9.67 1.2 4.16471e-05 
9.67 1.205 0.000103982 
9.67 1.21 0.000231853 
9.67 1.215 0.000452699 
9.67 1.22 0.000727843 
9.67 1.225 0.00104059 
9.67 1.23 0.00128357 
9.67 1.235 0.00135405 
9.67 1.24 0.00126301 
9.67 1.245 0.000964562 
9.67 1.25 0.000659445 
9.67 1.255 0.000383304 
9.67 1.26 0.000164318 
9.67 1.265 1.20594e-05 
9.67 1.27 5.02749e-09 
9.68 1.16 3.56187e-10 
9.68 1.165 2.69251e-09 
9.68 1.17 1.9333e-08 
9.68 1.175 1.04679e-07 
9.68 1.18 4.95803e-07 
9.68 1.185 2.17069e-06 
9.68 1.19 7.84969e-06 
9.68 1.195 2.57328e-05 
9.68 1.2 7.11715e-05 
9.68 1.205 0.000169116 
9.68 1.21 0.00036273 
9.68 1.215 0.000659317 
9.68 1.22 0.00103676 
9.68 1.225 0.00139542 
9.68 1.23 0.00165976 
9.68 1.235 0.00166294 
9.68 1.24 0.0014483 
9.68 1.245 0.00110486 
9.68 1.25 0.000720163 
9.68 1.255 0.000392051 
9.68 1.26 0.000157394 
9.68 1.265 1.06174e-05 
9.68 1.27 2.67579e-09 
9.69 1.155 1.10891e-10 
9.69 1.16 9.27448e-10 
9.69 1.165 6.43783e-09 
9.69 1.17 4.05904e-08 
9.69 1.175 2.28883e-07 
9.69 1.18 1.02661e-06 
9.69 1.185 4.06176e-06 
9.69 1.19 1.41991e-05 
9.69 1.195 4.45942e-05 
9.69 1.2 0.000115936 
9.69 1.205 0.000276715 
9.69 1.21 0.000556067 
9.69 1.215 0.000928975 
9.69 1.22 0.00142502 
9.69 1.225 0.00186394 
9.69 1.23 0.00205273 
9.69 1.235 0.00200711 
9.69 1.24 0.00169662 
9.69 1.245 0.00118973 
9.69 1.25 0.000740802 
9.69 1.255 0.000389892 
9.69 1.26 0.000144661 
9.69 1.265 8.92781e-06 
9.69 1.27 6.16114e-10 
9.7 1.155 2.97547e-10 
9.7 1.16 2.33625e-09 
9.7 1.165 1.53753e-08 
9.7 1.17 9.00305e-08 
9.7 1.175 4.54736e-07 
9.7 1.18 1.97245e-06 
9.7 1.185 7.5155e-06 
9.7 1.19 2.47982e-05 
9.7 1.195 7.19064e-05 
9.7 1.2 0.000186359 
9.7 1.205 0.000405995 
9.7 1.21 0.000812963 
9.7 1.215 0.00130973 
9.7 1.22 0.00191681 
9.7 1.225 0.00240887 
9.7 1.23 0.00254051 
9.7 1.235 0.00235694 
9.7 1.24 0.00186766 
9.7 1.245 0.00132452 
9.7 1.25 0.000741193 
9.7 1.255 0.000375038 
9.7 1.26 0.000134214 
9.7 1.265 6.90292e-06 
9.7 1.27 1.76925e-09 
9.71 1.155 7.64098e-10 
9.71 1.16 5.65047e-09 
9.71 1.165 3.31917e-08 
9.71 1.17 1.8893e-07 
9.71 1.175 8.91779e-07 
9.71 1.18 3.67966e-06 
9.71 1.185 1.37514e-05 
9.71 1.19 4.20656e-05 
9.71 1.195 0.00011455 
9.71 1.2 0.000288172 
9.71 1.205 0.000604281 
9.71 1.21 0.00112082 
9.71 1.215 0.00182542 
9.71 1.22 0.00247492 
9.71 1.225 0.00283615 
9.71 1.23 0.00296376 
9.71 1.235 0.00260065 
9.71 1.24 0.00199388 
9.71 1.245 0.00131307 
9.71 1.25 0.0007156 
9.71 1.255 0.000347929 
9.71 1.26 0.00011921 
9.71 1.265 5.09117e-06 
9.71 1.27 1.03692e-09 
9.72 1.15 2.38111e-10 
9.72 1.155 1.84799e-09 
9.72 1.16 1.3024e-08 
9.72 1.165 7.2697e-08 
9.72 1.17 3.88508e-07 
9.72 1.175 1.79388e-06 
9.72 1.18 6.56493e-06 
9.72 1.185 2.38235e-05 
9.72 1.19 7.20561e-05 
9.72 1.195 0.000184831 
9.72 1.2 0.000434067 
9.72 1.205 0.000890747 
9.72 1.21 0.00152299 
9.72 1.215 0.00238281 
9.72 1.22 0.00304986 
9.72 1.225 0.0033856 
9.72 1.23 0.00335344 
9.72 1.235 0.00281596 
9.72 1.24 0.00199549 
9.72 1.245 0.00127787 
9.72 1.25 0.000671463 
9.72 1.255 0.000312605 
9.72 1.26 9.53825e-05 
9.72 1.265 4.31369e-06 
9.72 1.27 1.44868e-09 
9.73 1.15 6.00694e-10 
9.73 1.155 4.62879e-09 
9.73 1.16 2.85878e-08 
9.73 1.165 1.54839e-07 
9.73 1.17 7.80331e-07 
9.73 1.175 3.33328e-06 
9.73 1.18 1.20721e-05 
9.73 1.185 4.18569e-05 
9.73 1.19 0.000115718 
9.73 1.195 0.000291246 
9.73 1.2 0.000649049 
9.73 1.205 0.00125354 
9.73 1.21 0.00207343 
9.73 1.215 0.00295457 
9.73 1.22 0.00369287 
9.73 1.225 0.00402415 
9.73 1.23 0.00373742 
9.73 1.235 0.00299358 
9.73 1.24 0.00202484 
9.73 1.245 0.00121233 
9.73 1.25 0.000623447 
9.73 1.255 0.00026556 
9.73 1.26 8.14076e-05 
9.73 1.265 3.1877e-06 
9.73 1.27 4.85528e-10 
9.74 1.145 1.28577e-10 
9.74 1.15 1.53454e-09 
9.74 1.155 1.00074e-08 
9.74 1.16 6.19794e-08 
9.74 1.165 3.30487e-07 
9.74 1.17 1.47148e-06 
9.74 1.175 6.28852e-06 
9.74 1.18 2.16665e-05 
9.74 1.185 6.79714e-05 
9.74 1.19 0.000188393 
9.74 1.195 0.000441309 
9.74 1.2 0.000900649 
9.74 1.205 0.00167319 
9.74 1.21 0.00267359 
9.74 1.215 0.00377216 
9.74 1.22 0.004386 
9.74 1.225 0.0045413 
9.74 1.23 0.00408991 
9.74 1.235 0.00315446 
9.74 1.24 0.00206443 
9.74 1.245 0.00114229 
9.74 1.25 0.000568013 
9.74 1.255 0.000236523 
9.74 1.26 6.235e-05 
9.74 1.265 2.37099e-06 
9.74 1.27 6.64085e-10 
9.75 1.145 2.9742e-10 
9.75 1.15 3.51203e-09 
9.75 1.155 2.31374e-08 
9.75 1.16 1.24946e-07 
9.75 1.165 6.48507e-07 
9.75 1.17 2.87305e-06 
9.75 1.175 1.09011e-05 
9.75 1.18 3.7824e-05 
9.75 1.185 0.000111324 
9.75 1.19 0.000287268 
9.75 1.195 0.00065376 
9.75 1.2 0.00128763 
9.75 1.205 0.00222372 
9.75 1.21 0.00348722 
9.75 1.215 0.00449044 
9.75 1.22 0.00528978 
9.75 1.225 0.00508332 
9.75 1.23 0.00428787 
9.75 1.235 0.00323571 
9.75 1.24 0.00197863 
9.75 1.245 0.00106853 
9.75 1.25 0.000516248 
9.75 1.255 0.000204368 
9.75 1.26 5.46083e-05 
9.75 1.265 1.41732e-06 
9.75 1.27 7.12097e-10 
9.76 1.145 6.99394e-10 
9.76 1.15 8.16916e-09 
9.76 1.155 4.94438e-08 
9.76 1.16 2.64775e-07 
9.76 1.165 1.32337e-06 
9.76 1.17 5.32202e-06 
9.76 1.175 1.98871e-05 
9.76 1.18 6.21013e-05 
9.76 1.185 0.000173954 
9.76 1.19 0.00042374 
9.76 1.195 0.00091172 
9.76 1.2 0.00172752 
9.76 1.205 0.0027852 
9.76 1.21 0.00404391 
9.76 1.215 0.00510476 
9.76 1.22 0.00567897 
9.76 1.225 0.00527921 
9.76 1.23 0.00430546 
9.76 1.235 0.00308407 
9.76 1.24 0.00185987 
9.76 1.245 0.000932851 
9.76 1.25 0.000444066 
9.76 1.255 0.00016052 
9.76 1.26 4.28749e-05 
9.76 1.265 1.07948e-06 
9.76 1.27 2.26108e-10 
9.77 1.145 1.80838e-09 
9.77 1.15 1.76588e-08 
9.77 1.155 9.87998e-08 
9.77 1.16 5.05811e-07 
9.77 1.165 2.29891e-06 
9.77 1.17 8.92487e-06 
9.77 1.175 3.11772e-05 
9.77 1.18 9.48797e-05 
9.77 1.185 0.000258363 
9.77 1.19 0.000607074 
9.77 1.195 0.00124786 
9.77 1.2 0.00217907 
9.77 1.205 0.00355086 
9.77 1.21 0.004943 
9.77 1.215 0.00572494 
9.77 1.22 0.00581894 
9.77 1.225 0.00545418 
9.77 1.23 0.00410795 
9.77 1.235 0.00287272 
9.77 1.24 0.00163349 
9.77 1.245 0.000858834 
9.77 1.25 0.000347487 
9.77 1.255 0.000133577 
9.77 1.26 3.03918e-05 
9.77 1.265 6.888e-07 
9.77 1.27 1.30695e-10 
9.78 1.145 3.94032e-09 
9.78 1.15 3.68814e-08 
9.78 1.155 2.0623e-07 
9.78 1.16 9.51693e-07 
9.78 1.165 4.04756e-06 
9.78 1.17 1.57437e-05 
9.78 1.175 5.20444e-05 
9.78 1.18 0.000145724 
9.78 1.185 0.000389607 
9.78 1.19 0.00083144 
9.78 1.195 0.0016569 
9.78 1.2 0.0028769 
9.78 1.205 0.00423095 
9.78 1.21 0.00558075 
9.78 1.215 0.0065428 
9.78 1.22 0.0060959 
9.78 1.225 0.0055103 
9.78 1.23 0.00386044 
9.78 1.235 0.00264182 
9.78 1.24 0.00141586 
9.78 1.245 0.000686178 
9.78 1.25 0.000272524 
9.78 1.255 9.90915e-05 
9.78 1.26 2.20158e-05 
9.78 1.265 3.60957e-07 
9.79 1.145 8.20781e-09 
9.79 1.15 7.91891e-08 
9.79 1.155 3.85243e-07 
9.79 1.16 1.77042e-06 
9.79 1.165 7.42846e-06 
9.79 1.17 2.56698e-05 
9.79 1.175 8.39152e-05 
9.79 1.18 0.000229093 
9.79 1.185 0.000555806 
9.79 1.19 0.00116617 
9.79 1.195 0.00219041 
9.79 1.2 0.00351796 
9.79 1.205 0.00506693 
9.79 1.21 0.00623076 
9.79 1.215 0.00681443 
9.79 1.22 0.00649483 
9.79 1.225 0.00527339 
9.79 1.23 0.00374215 
9.79 1.235 0.0023394 
9.79 1.24 0.00119818 
9.79 1.245 0.000562862 
9.79 1.25 0.000217873 
9.79 1.255 7.55319e-05 
9.79 1.26 1.51288e-05 
9.79 1.265 3.27258e-07 
9.8 1.14 1.73493e-10 
9.8 1.145 1.80833e-08 
9.8 1.15 1.5059e-07 
9.8 1.155 7.40923e-07 
9.8 1.16 3.07181e-06 
9.8 1.165 1.24805e-05 
9.8 1.17 4.2571e-05 
9.8 1.175 0.000129746 
9.8 1.18 0.000325011 
9.8 1.185 0.000767527 
9.8 1.19 0.00150395 
9.8 1.195 0.00274766 
9.8 1.2 0.00421456 
9.8 1.205 0.00575832 
9.8 1.21 0.006709 
9.8 1.215 0.00731797 
9.8 1.22 0.00634599 
9.8 1.225 0.00511766 
9.8 1.23 0.00331891 
9.8 1.235 0.00207829 
9.8 1.24 0.0010049 
9.8 1.245 0.00046362 
9.8 1.25 0.000164888 
9.8 1.255 5.40056e-05 
9.8 1.26 1.07197e-05 
9.8 1.265 1.83335e-07 
9.81 1.14 2.64351e-10 
9.81 1.145 3.99104e-08 
9.81 1.15 2.99515e-07 
9.81 1.155 1.37877e-06 
9.81 1.16 5.66895e-06 
9.81 1.165 2.05741e-05 
9.81 1.17 6.68232e-05 
9.81 1.175 0.000185355 
9.81 1.18 0.000450399 
9.81 1.185 0.000998575 
9.81 1.19 0.00186305 
9.81 1.195 0.00325892 
9.81 1.2 0.00479211 
9.81 1.205 0.00625267 
9.81 1.21 0.00690679 
9.81 1.215 0.0072072 
9.81 1.22 0.00602638 
9.81 1.225 0.00464019 
9.81 1.23 0.00303232 
9.81 1.235 0.00171218 
9.81 1.24 0.000814165 
9.81 1.245 0.000346003 
9.81 1.25 0.000124459 
9.81 1.255 3.90355e-05 
9.81 1.26 7.03712e-06 
9.81 1.265 9.97607e-08 
9.82 1.14 5.67912e-10 
9.82 1.145 7.61188e-08 
9.82 1.15 5.24613e-07 
9.82 1.155 2.35294e-06 
9.82 1.16 8.73164e-06 
9.82 1.165 3.17461e-05 
9.82 1.17 9.31158e-05 
9.82 1.175 0.00025659 
9.82 1.18 0.00060072 
9.82 1.185 0.00124089 
9.82 1.19 0.00229603 
9.82 1.195 0.00364417 
9.82 1.2 0.00520631 
9.82 1.205 0.00657111 
9.82 1.21 0.00707375 
9.82 1.215 0.00654398 
9.82 1.22 0.00557097 
9.82 1.225 0.00399957 
9.82 1.23 0.00246845 
9.82 1.235 0.00134271 
9.82 1.24 0.000630774 
9.82 1.245 0.000263269 
9.82 1.25 8.84039e-05 
9.82 1.255 2.62748e-05 
9.82 1.26 4.53486e-06 
9.82 1.265 5.28551e-08 
9.83 1.14 1.30131e-09 
9.83 1.145 1.4832e-07 
9.83 1.15 9.12665e-07 
9.83 1.155 3.90933e-06 
9.83 1.16 1.41783e-05 
9.83 1.165 4.77821e-05 
9.83 1.17 0.000133864 
9.83 1.175 0.000347443 
9.83 1.18 0.000791786 
9.83 1.185 0.00156097 
9.83 1.19 0.00264889 
9.83 1.195 0.00415194 
9.83 1.2 0.00563173 
9.83 1.205 0.00667164 
9.83 1.21 0.00693883 
9.83 1.215 0.0061592 
9.83 1.22 0.00499352 
9.83 1.225 0.00335284 
9.83 1.23 0.00205619 
9.83 1.235 0.00105243 
9.83 1.24 0.000461624 
9.83 1.245 0.000193077 
9.83 1.25 6.04709e-05 
9.83 1.255 1.81868e-05 
9.83 1.26 2.95783e-06 
9.83 1.265 2.69288e-08 
9.84 1.14 2.74068e-09 
9.84 1.145 2.70198e-07 
9.84 1.15 1.4929e-06 
9.84 1.155 6.33954e-06 
9.84 1.16 2.17704e-05 
9.84 1.165 6.91487e-05 
9.84 1.17 0.000192441 
9.84 1.175 0.000466816 
9.84 1.18 0.000980151 
9.84 1.185 0.00182426 
9.84 1.19 0.00313493 
9.84 1.195 0.00445065 
9.84 1.2 0.00583762 
9.84 1.205 0.00660388 
9.84 1.21 0.00633013 
9.84 1.215 0.00583886 
9.84 1.22 0.00428413 
9.84 1.225 0.00283846 
9.84 1.23 0.00164992 
9.84 1.235 0.000800279 
9.84 1.24 0.000355227 
9.84 1.245 0.000129494 
9.84 1.25 4.24178e-05 
9.84 1.255 1.13811e-05 
9.84 1.26 1.74728e-06 
9.84 1.265 1.54181e-08 
9.85 1.14 6.24987e-09 
9.85 1.145 4.91465e-07 
9.85 1.15 2.6495e-06 
9.85 1.155 9.96135e-06 
9.85 1.16 3.37962e-05 
9.85 1.165 9.53807e-05 
9.85 1.17 0.000262353 
9.85 1.175 0.000588652 
9.85 1.18 0.00126454 
9.85 1.185 0.002172 
9.85 1.19 0.0034824 
9.85 1.195 0.00465946 
9.85 1.2 0.0060475 
9.85 1.205 0.00641099 
9.85 1.21 0.00607116 
9.85 1.215 0.00507475 
9.85 1.22 0.0035613 
9.85 1.225 0.00225808 
9.85 1.23 0.00128307 
9.85 1.235 0.000647661 
9.85 1.24 0.000248724 
9.85 1.245 9.00532e-05 
9.85 1.25 2.73331e-05 
9.85 1.255 7.34123e-06 
9.85 1.26 1.07632e-06 
9.85 1.265 6.53766e-09 
9.86 1.14 1.52272e-08 
9.86 1.145 7.69977e-07 
9.86 1.15 3.89809e-06 
9.86 1.155 1.49441e-05 
9.86 1.16 4.68564e-05 
9.86 1.165 0.000135552 
9.86 1.17 0.000322929 
9.86 1.175 0.000754754 
9.86 1.18 0.00145417 
9.86 1.185 0.00244874 
9.86 1.19 0.00376877 
9.86 1.195 0.0049419 
9.86 1.2 0.00580466 
9.86 1.205 0.00606898 
9.86 1.21 0.00549688 
9.86 1.215 0.00439932 
9.86 1.22 0.00286669 
9.86 1.225 0.00187928 
9.86 1.23 0.000954349 
9.86 1.235 0.000460638 
9.86 1.24 0.00018094 
9.86 1.245 6.24177e-05 
9.86 1.25 1.80176e-05 
9.86 1.255 4.7757e-06 
9.86 1.26 6.08001e-07 
9.86 1.265 5.34372e-09 
9.87 1.14 2.83137e-08 
9.87 1.145 1.26003e-06 
9.87 1.15 5.94428e-06 
9.87 1.155 2.12934e-05 
9.87 1.16 6.44446e-05 
9.87 1.165 0.000176786 
9.87 1.17 0.000404139 
9.87 1.175 0.000876925 
9.87 1.18 0.00165966 
9.87 1.185 0.00274039 
9.87 1.19 0.00392307 
9.87 1.195 0.0049263 
9.87 1.2 0.00566673 
9.87 1.205 0.00548939 
9.87 1.21 0.00472113 
9.87 1.215 0.00374757 
9.87 1.22 0.00238425 
9.87 1.225 0.00145253 
9.87 1.23 0.000716159 
9.87 1.235 0.000321872 
9.87 1.24 0.00012492 
9.87 1.245 4.21721e-05 
9.87 1.25 1.17586e-05 
9.87 1.255 2.91366e-06 
9.87 1.26 3.51976e-07 
9.87 1.265 1.7816e-09 
9.88 1.14 4.59181e-08 
9.88 1.145 1.92317e-06 
9.88 1.15 8.38687e-06 
9.88 1.155 2.9012e-05 
9.88 1.16 8.05524e-05 
9.88 1.165 0.00022689 
9.88 1.17 0.000479709 
9.88 1.175 0.00103721 
9.88 1.18 0.00182994 
9.88 1.185 0.00282495 
9.88 1.19 0.00411084 
9.88 1.195 0.00475185 
9.88 1.2 0.00538181 
9.88 1.205 0.00501957 
9.88 1.21 0.00423482 
9.88 1.215 0.00303051 
9.88 1.22 0.0019386 
9.88 1.225 0.00109829 
9.88 1.23 0.000511953 
9.88 1.235 0.000227731 
9.88 1.24 8.46152e-05 
9.88 1.245 2.67579e-05 
9.88 1.25 7.57941e-06 
9.88 1.255 1.72958e-06 
9.88 1.26 2.08343e-07 
9.88 1.265 8.41318e-10 
9.89 1.14 1.01289e-07 
9.89 1.145 3.10781e-06 
9.89 1.15 1.29432e-05 
9.89 1.155 3.79474e-05 
9.89 1.16 0.000113088 
9.89 1.165 0.000262468 
9.89 1.17 0.00059769 
9.89 1.175 0.0011552 
9.89 1.18 0.0020003 
9.89 1.185 0.0029511 
9.89 1.19 0.0038884 
9.89 1.195 0.00463592 
9.89 1.2 0.00490811 
9.89 1.205 0.00438318 
9.89 1.21 0.00355408 
9.89 1.215 0.00247428 
9.89 1.22 0.00146678 
9.89 1.225 0.000823674 
9.89 1.23 0.000377764 
9.89 1.235 0.000151978 
9.89 1.24 5.49006e-05 
9.89 1.245 1.66807e-05 
9.89 1.25 4.50047e-06 
9.89 1.255 1.03171e-06 
9.89 1.26 1.12288e-07 
9.89 1.265 4.31297e-10 
9.9 1.14 1.51501e-07 
9.9 1.145 4.75107e-06 
9.9 1.15 1.80755e-05 
9.9 1.155 5.25629e-05 
9.9 1.16 0.000131892 
9.9 1.165 0.00032285 
9.9 1.17 0.000644352 
9.9 1.175 0.00124273 
9.9 1.18 0.00200832 
9.9 1.185 0.00296697 
9.9 1.19 0.00369845 
9.9 1.195 0.00411012 
9.9 1.2 0.00419697 
9.9 1.205 0.00362105 
9.9 1.21 0.00284034 
9.9 1.215 0.00190205 
9.9 1.22 0.00111212 
9.9 1.225 0.00057776 
9.9 1.23 0.000267161 
9.9 1.235 0.000105865 
9.9 1.24 3.42535e-05 
9.9 1.245 1.02218e-05 
9.9 1.25 2.72153e-06 
9.9 1.255 5.95644e-07 
9.9 1.26 5.6318e-08 
9.9 1.265 1.45916e-10 
9.91 1.14 2.46031e-07 
9.91 1.145 6.64331e-06 
9.91 1.15 2.43097e-05 
9.91 1.155 6.86221e-05 
9.91 1.16 0.000169213 
9.91 1.165 0.000356989 
9.91 1.17 0.000734488 
9.91 1.175 0.00128423 
9.91 1.18 0.00199532 
9.91 1.185 0.00274889 
9.91 1.19 0.0034433 
9.91 1.195 0.00363102 
9.91 1.2 0.00344091 
9.91 1.205 0.00293068 
9.91 1.21 0.00220219 
9.91 1.215 0.00137953 
9.91 1.22 0.000790615 
9.91 1.225 0.000406897 
9.91 1.23 0.000177894 
9.91 1.235 6.98103e-05 
9.91 1.24 2.27968e-05 
9.91 1.245 6.24369e-06 
9.91 1.25 1.58116e-06 
9.91 1.255 3.269e-07 
9.91 1.26 2.97547e-08 
9.92 1.14 4.21626e-07 
9.92 1.145 9.28516e-06 
9.92 1.15 3.13439e-05 
9.92 1.155 8.50822e-05 
9.92 1.16 0.00019913 
9.92 1.165 0.000406457 
9.92 1.17 0.000768333 
9.92 1.175 0.00134655 
9.92 1.18 0.00189508 
9.92 1.185 0.00260378 
9.92 1.19 0.00299858 
9.92 1.195 0.00312069 
9.92 1.2 0.00286156 
9.92 1.205 0.00231337 
9.92 1.21 0.00166005 
9.92 1.215 0.0010378 
9.92 1.22 0.000570173 
9.92 1.225 0.000281202 
9.92 1.23 0.000121314 
9.92 1.235 4.32386e-05 
9.92 1.24 1.43212e-05 
9.92 1.245 3.84193e-06 
9.92 1.25 9.10899e-07 
9.92 1.255 1.80077e-07 
9.92 1.26 1.6816e-08 
9.93 1.14 6.78909e-07 
9.93 1.145 1.24926e-05 
9.93 1.15 4.08044e-05 
9.93 1.155 0.000102399 
9.93 1.16 0.000227797 
9.93 1.165 0.00046216 
9.93 1.17 0.000813402 
9.93 1.175 0.00131194 
9.93 1.18 0.00187098 
9.93 1.185 0.00234376 
9.93 1.19 0.00268041 
9.93 1.195 0.00263031 
9.93 1.2 0.00236956 
9.93 1.205 0.00183585 
9.93 1.21 0.00123419 
9.93 1.215 0.000762176 
9.93 1.22 0.000398492 
9.93 1.225 0.000194027 
9.93 1.23 7.63916e-05 
9.93 1.235 2.68213e-05 
9.93 1.24 8.55871e-06 
9.93 1.245 2.18797e-06 
9.93 1.25 5.1512e-07 
9.93 1.255 9.79161e-08 
9.93 1.26 8.24784e-09 
9.94 1.135 1.81784e-10 
9.94 1.14 8.31094e-07 
9.94 1.145 1.6909e-05 
9.94 1.15 4.93245e-05 
9.94 1.155 0.000114454 
9.94 1.16 0.000259006 
9.94 1.165 0.000471723 
9.94 1.17 0.000856209 
9.94 1.175 0.00125647 
9.94 1.18 0.00174839 
9.94 1.185 0.00218198 
9.94 1.19 0.00232649 
9.94 1.195 0.00221413 
9.94 1.2 0.00190061 
9.94 1.205 0.00137483 
9.94 1.21 0.000926308 
9.94 1.215 0.000542092 
9.94 1.22 0.000275866 
9.94 1.225 0.000123118 
9.94 1.23 4.92059e-05 
9.94 1.235 1.62244e-05 
9.94 1.24 4.83742e-06 
9.94 1.245 1.17739e-06 
9.94 1.25 2.77011e-07 
9.94 1.255 5.2293e-08 
9.94 1.26 4.11494e-09 
9.95 1.135 4.3106e-10 
9.95 1.14 1.31104e-06 
9.95 1.145 2.02206e-05 
9.95 1.15 5.73264e-05 
9.95 1.155 0.000132911 
9.95 1.16 0.000277197 
9.95 1.165 0.000500319 
9.95 1.17 0.000840219 
9.95 1.175 0.00121318 
9.95 1.18 0.00164299 
9.95 1.185 0.00189503 
9.95 1.19 0.00197125 
9.95 1.195 0.00180255 
9.95 1.2 0.00150343 
9.95 1.205 0.00107234 
9.95 1.21 0.000665942 
9.95 1.215 0.0003829 
9.95 1.22 0.000185242 
9.95 1.225 8.12137e-05 
9.95 1.23 2.88397e-05 
9.95 1.235 9.6756e-06 
9.95 1.24 2.7379e-06 
9.95 1.245 6.40674e-07 
9.95 1.25 1.39347e-07 
9.95 1.255 2.67067e-08 
9.95 1.26 1.99704e-09 
9.96 1.135 8.77197e-10 
9.96 1.14 1.91401e-06 
9.96 1.145 2.16857e-05 
9.96 1.15 6.57011e-05 
9.96 1.155 0.000146207 
9.96 1.16 0.000287458 
9.96 1.165 0.000497196 
9.96 1.17 0.000815069 
9.96 1.175 0.00114186 
9.96 1.18 0.0014274 
9.96 1.185 0.00166208 
9.96 1.19 0.00165488 
9.96 1.195 0.00144258 
9.96 1.2 0.00111642 
9.96 1.205 0.000786903 
9.96 1.21 0.000484776 
9.96 1.215 0.000252652 
9.96 1.22 0.000118669 
9.96 1.225 4.95291e-05 
9.96 1.23 1.75956e-05 
9.96 1.235 5.46961e-06 
9.96 1.24 1.49817e-06 
9.96 1.245 3.62857e-07 
9.96 1.25 7.21598e-08 
9.96 1.255 1.27313e-08 
9.96 1.26 9.20198e-10 
9.97 1.135 2.28884e-09 
9.97 1.14 2.27157e-06 
9.97 1.145 2.62579e-05 
9.97 1.15 7.39304e-05 
9.97 1.155 0.000156679 
9.97 1.16 0.000295478 
9.97 1.165 0.000506836 
9.97 1.17 0.000784705 
9.97 1.175 0.00106446 
9.97 1.18 0.00127345 
9.97 1.185 0.00136683 
9.97 1.19 0.0013205 
9.97 1.195 0.00115141 
9.97 1.2 0.000840891 
9.97 1.205 0.000572123 
9.97 1.21 0.000328478 
9.97 1.215 0.00017066 
9.97 1.22 7.58214e-05 
9.97 1.225 3.05577e-05 
9.97 1.23 1.04416e-05 
9.97 1.235 3.19715e-06 
9.97 1.24 8.41432e-07 
9.97 1.245 1.87049e-07 
9.97 1.25 3.70841e-08 
9.97 1.255 6.21609e-09 
9.97 1.26 3.80505e-10 
9.98 1.135 3.78415e-09 
9.98 1.14 2.4394e-06 
9.98 1.145 3.26326e-05 
9.98 1.15 7.8629e-05 
9.98 1.155 0.0001626 
9.98 1.16 0.000298544 
9.98 1.165 0.000508558 
9.98 1.17 0.000718827 
9.98 1.175 0.000929663 
9.98 1.18 0.00113372 
9.98 1.185 0.00114459 
9.98 1.19 0.00103738 
9.98 1.195 0.00088131 
9.98 1.2 0.000625327 
9.98 1.205 0.000402035 
9.98 1.21 0.00022679 
9.98 1.215 0.000108197 
9.98 1.22 4.86129e-05 
9.98 1.225 1.7858e-05 
9.98 1.23 6.1618e-06 
9.98 1.235 1.80112e-06 
9.98 1.24 4.42083e-07 
9.98 1.245 9.64917e-08 
9.98 1.25 1.94577e-08 
9.98 1.255 3.00489e-09 
9.98 1.26 1.63834e-10 
9.99 1.135 3.41934e-09 
9.99 1.14 3.15956e-06 
9.99 1.145 3.64842e-05 
9.99 1.15 8.56086e-05 
9.99 1.155 0.00016827 
9.99 1.16 0.000299353 
9.99 1.165 0.000483572 
9.99 1.17 0.000654493 
9.99 1.175 0.000851573 
9.99 1.18 0.000943605 
9.99 1.185 0.000924389 
9.99 1.19 0.00083605 
9.99 1.195 0.000630864 
9.99 1.2 0.000449648 
9.99 1.205 0.000275448 
9.99 1.21 0.000153291 
9.99 1.215 7.00656e-05 
9.99 1.22 2.9873e-05 
9.99 1.225 1.12929e-05 
9.99 1.23 3.56683e-06 
9.99 1.235 9.69896e-07 
9.99 1.24 2.26718e-07 
9.99 1.245 5.11708e-08 
9.99 1.25 9.34212e-09 
9.99 1.255 1.38402e-09 
10 1.135 4.52203e-09 
10 1.14 4.56411e-06 
10 1.145 3.86319e-05 
10 1.15 8.8416e-05 
10 1.155 0.00017629 
10 1.16 0.000289599 
10 1.165 0.000426896 
10 1.17 0.0006061 
10 1.175 0.000729038 
10 1.18 0.000773199 
10 1.185 0.000749761 
10 1.19 0.000630685 
10 1.195 0.000481275 
10 1.2 0.000317705 
10 1.205 0.000190556 
10 1.21 9.62696e-05 
10 1.215 4.46947e-05 
10 1.22 1.8858e-05 
10 1.225 6.32995e-06 
10 1.23 1.96771e-06 
10 1.235 5.21345e-07 
10 1.24 1.25903e-07 
10 1.245 2.61762e-08 
10 1.25 4.27794e-09 
10 1.255 6.67398e-10 
10.01 1.135 6.16269e-09 
10.01 1.14 4.8965e-06 
10.01 1.145 4.07359e-05 
10.01 1.15 8.91635e-05 
10.01 1.155 0.000169875 
10.01 1.16 0.000273587 
10.01 1.165 0.000395466 
10.01 1.17 0.000518566 
10.01 1.175 0.000591893 
10.01 1.18 0.000639407 
10.01 1.185 0.000575089 
10.01 1.19 0.000472691 
10.01 1.195 0.000354387 
10.01 1.2 0.000223566 
10.01 1.205 0.000124828 
10.01 1.21 6.46931e-05 
10.01 1.215 2.89639e-05 
10.01 1.22 1.09233e-05 
10.01 1.225 3.62966e-06 
10.01 1.23 1.12107e-06 
10.01 1.235 2.77464e-07 
10.01 1.24 6.31425e-08 
10.01 1.245 1.29817e-08 
10.01 1.25 2.24238e-09 
10.01 1.255 3.29393e-10 
10.02 1.135 2.16504e-08 
10.02 1.14 5.00746e-06 
10.02 1.145 4.27935e-05 
10.02 1.15 8.99376e-05 
10.02 1.155 0.000162129 
10.02 1.16 0.000240933 
10.02 1.165 0.000355645 
10.02 1.17 0.000429449 
10.02 1.175 0.000489845 
10.02 1.18 0.000492838 
10.02 1.185 0.000431746 
10.02 1.19 0.000336454 
10.02 1.195 0.000243438 
10.02 1.2 0.000152839 
10.02 1.205 8.31418e-05 
10.02 1.21 4.02247e-05 
10.02 1.215 1.74635e-05 
10.02 1.22 6.44434e-06 
10.02 1.225 2.1516e-06 
10.02 1.23 5.86546e-07 
10.02 1.235 1.51063e-07 
10.02 1.24 3.10487e-08 
10.02 1.245 6.13039e-09 
10.02 1.25 1.0318e-09 
10.02 1.255 1.44337e-10 
10.03 1.135 1.2001e-08 
10.03 1.14 5.48609e-06 
10.03 1.145 4.42625e-05 
10.03 1.15 8.70146e-05 
10.03 1.155 0.000149179 
10.03 1.16 0.000222426 
10.03 1.165 0.000299958 
10.03 1.17 0.000360008 
10.03 1.175 0.000388459 
10.03 1.18 0.000366705 
10.03 1.185 0.000311063 
10.03 1.19 0.000244945 
10.03 1.195 0.000160401 
10.03 1.2 9.79207e-05 
10.03 1.205 5.37047e-05 
10.03 1.21 2.45563e-05 
10.03 1.215 1.03174e-05 
10.03 1.22 3.72692e-06 
10.03 1.225 1.19168e-06 
10.03 1.23 3.2094e-07 
10.03 1.235 8.00997e-08 
10.03 1.24 1.64726e-08 
10.03 1.245 2.98763e-09 
10.03 1.25 4.86951e-10 
10.04 1.135 1.85451e-08 
10.04 1.14 6.21129e-06 
10.04 1.145 4.29837e-05 
10.04 1.15 8.44904e-05 
10.04 1.155 0.000139316 
10.04 1.16 0.000197254 
10.04 1.165 0.000259449 
10.04 1.17 0.000292466 
10.04 1.175 0.000303925 
10.04 1.18 0.00027098 
10.04 1.185 0.000231517 
10.04 1.19 0.000167504 
10.04 1.195 0.000106711 
10.04 1.2 6.23998e-05 
10.04 1.205 3.24335e-05 
10.04 1.21 1.40932e-05 
10.04 1.215 5.99783e-06 
10.04 1.22 2.06175e-06 
10.04 1.225 6.71433e-07 
10.04 1.23 1.75501e-07 
10.04 1.235 3.96019e-08 
10.04 1.24 7.7013e-09 
10.04 1.245 1.46333e-09 
10.04 1.25 2.25937e-10 
10.05 1.135 2.02501e-08 
10.05 1.14 7.47282e-06 
10.05 1.145 4.21571e-05 
10.05 1.15 8.14475e-05 
10.05 1.155 0.000122042 
10.05 1.16 0.000173713 
10.05 1.165 0.000214766 
10.05 1.17 0.00023812 
10.05 1.175 0.000234183 
10.05 1.18 0.000207145 
10.05 1.185 0.000162769 
10.05 1.19 0.000111979 
10.05 1.195 7.12637e-05 
10.05 1.2 3.82794e-05 
10.05 1.205 1.93834e-05 
10.05 1.21 8.34327e-06 
10.05 1.215 3.348e-06 
10.05 1.22 1.10574e-06 
10.05 1.225 3.3564e-07 
10.05 1.23 8.8772e-08 
10.05 1.235 2.00978e-08 
10.05 1.24 3.99267e-09 
10.05 1.245 6.98763e-10 
10.05 1.25 1.00822e-10 
10.06 1.135 3.20252e-08 
10.06 1.14 6.60313e-06 
10.06 1.145 4.053e-05 
10.06 1.15 7.38681e-05 
10.06 1.155 0.000105954 
10.06 1.16 0.000149196 
10.06 1.165 0.000177102 
10.06 1.17 0.000179845 
10.06 1.175 0.000185289 
10.06 1.18 0.000147633 
10.06 1.185 0.000112668 
10.06 1.19 7.66905e-05 
10.06 1.195 4.48592e-05 
10.06 1.2 2.37093e-05 
10.06 1.205 1.1362e-05 
10.06 1.21 4.73141e-06 
10.06 1.215 1.73965e-06 
10.06 1.22 5.85957e-07 
10.06 1.225 1.70449e-07 
10.06 1.23 4.17434e-08 
10.06 1.235 9.96666e-09 
10.06 1.24 1.85852e-09 
10.06 1.245 3.15989e-10 
10.07 1.135 1.90738e-08 
10.07 1.14 6.32937e-06 
10.07 1.145 3.78772e-05 
10.07 1.15 6.44908e-05 
10.07 1.155 9.35536e-05 
10.07 1.16 0.000118174 
10.07 1.165 0.000137675 
10.07 1.17 0.000145512 
10.07 1.175 0.000131444 
10.07 1.18 0.000106639 
10.07 1.185 7.85221e-05 
10.07 1.19 5.00783e-05 
10.07 1.195 2.9138e-05 
10.07 1.2 1.49114e-05 
10.07 1.205 6.73005e-06 
10.07 1.21 2.61636e-06 
10.07 1.215 9.7044e-07 
10.07 1.22 2.96567e-07 
10.07 1.225 8.55651e-08 
10.07 1.23 2.06724e-08 
10.07 1.235 4.47387e-09 
10.07 1.24 8.00184e-10 
10.07 1.245 1.40387e-10 
10.08 1.135 3.07976e-08 
10.08 1.14 6.05429e-06 
10.08 1.145 2.93805e-05 
10.08 1.15 4.73205e-05 
10.08 1.155 6.9433e-05 
10.08 1.16 9.0228e-05 
10.08 1.165 9.93116e-05 
10.08 1.17 0.000106192 
10.08 1.175 9.30025e-05 
10.08 1.18 7.58596e-05 
10.08 1.185 5.15064e-05 
10.08 1.19 3.2548e-05 
10.08 1.195 1.84722e-05 
10.08 1.2 8.82656e-06 
10.08 1.205 3.97355e-06 
10.08 1.21 1.52764e-06 
10.08 1.215 5.18012e-07 
10.08 1.22 1.5319e-07 
10.08 1.225 4.12539e-08 
10.08 1.23 9.86117e-09 
10.08 1.235 2.02018e-09 
10.08 1.24 3.71414e-10 
10.09 1.135 1.61501e-08 
10.09 1.14 5.56335e-06 
10.09 1.145 2.32334e-05 
10.09 1.15 3.78771e-05 
10.09 1.155 5.265e-05 
10.09 1.16 6.74046e-05 
10.09 1.165 6.87354e-05 
10.09 1.17 7.28606e-05 
10.09 1.175 6.513e-05 
10.09 1.18 4.91715e-05 
10.09 1.185 3.43124e-05 
10.09 1.19 2.08818e-05 
10.09 1.195 1.10516e-05 
10.09 1.2 5.1226e-06 
10.09 1.205 2.20875e-06 
10.09 1.21 8.42628e-07 
10.09 1.215 2.79849e-07 
10.09 1.22 7.83631e-08 
10.09 1.225 2.03872e-08 
10.09 1.23 4.48711e-09 
10.09 1.235 8.96807e-10 
10.09 1.24 1.61911e-10 
10.1 1.135 2.39371e-08 
10.1 1.14 4.26412e-06 
10.1 1.145 1.91511e-05 
10.1 1.15 3.04738e-05 
10.1 1.155 3.99227e-05 
10.1 1.16 4.80718e-05 
10.1 1.165 5.14763e-05 
10.1 1.17 4.96647e-05 
10.1 1.175 4.32003e-05 
10.1 1.18 3.16201e-05 
10.1 1.185 2.2149e-05 
10.1 1.19 1.21224e-05 
10.1 1.195 6.56381e-06 
10.1 1.2 2.96811e-06 
10.1 1.205 1.21915e-06 
10.1 1.21 4.38347e-07 
10.1 1.215 1.43925e-07 
10.1 1.22 3.9371e-08 
10.1 1.225 1.00234e-08 
10.1 1.23 2.13789e-09 
10.1 1.235 4.12973e-10 
10.11 1.135 2.96122e-08 
10.11 1.14 3.82416e-06 
10.11 1.145 1.55033e-05 
10.11 1.15 2.33081e-05 
10.11 1.155 3.06457e-05 
10.11 1.16 3.56767e-05 
10.11 1.165 3.66155e-05 
10.11 1.17 3.36156e-05 
10.11 1.175 2.9338e-05 
10.11 1.18 2.07558e-05 
10.11 1.185 1.30098e-05 
10.11 1.19 7.34311e-06 
10.11 1.195 3.6702e-06 
10.11 1.2 1.6871e-06 
10.11 1.205 6.74642e-07 
10.11 1.21 2.25435e-07 
10.11 1.215 7.24737e-08 
10.11 1.22 1.91572e-08 
10.11 1.225 4.66072e-09 
10.11 1.23 1.00297e-09 
10.11 1.235 1.92563e-10 
10.12 1.135 3.31591e-08 
10.12 1.14 3.04389e-06 
10.12 1.145 1.26916e-05 
10.12 1.15 1.83197e-05 
10.12 1.155 2.33045e-05 
10.12 1.16 2.51457e-05 
10.12 1.165 2.66995e-05 
10.12 1.17 2.30509e-05 
10.12 1.175 1.89298e-05 
10.12 1.18 1.27279e-05 
10.12 1.185 7.93051e-06 
10.12 1.19 4.27089e-06 
10.12 1.195 2.07527e-06 
10.12 1.2 9.25441e-07 
10.12 1.205 3.51642e-07 
10.12 1.21 1.17954e-07 
10.12 1.215 3.44174e-08 
10.12 1.22 9.53097e-09 
10.12 1.225 2.2715e-09 
10.12 1.23 4.41838e-10 
10.13 1.135 2.51707e-08 
10.13 1.14 2.67137e-06 
10.13 1.145 1.1042e-05 
10.13 1.15 1.44618e-05 
10.13 1.155 1.71021e-05 
10.13 1.16 1.73998e-05 
10.13 1.165 1.67028e-05 
10.13 1.17 1.35901e-05 
10.13 1.175 1.10117e-05 
10.13 1.18 7.05824e-06 
10.13 1.185 4.27782e-06 
10.13 1.19 2.22301e-06 
10.13 1.195 1.11307e-06 
10.13 1.2 4.45794e-07 
10.13 1.205 1.68083e-07 
10.13 1.21 5.67875e-08 
10.13 1.215 1.66936e-08 
10.13 1.22 4.42758e-09 
10.13 1.225 9.76591e-10 
10.13 1.23 1.9323e-10 
10.14 1.135 3.19048e-08 
10.14 1.14 2.29483e-06 
10.14 1.145 8.57059e-06 
10.14 1.15 1.10714e-05 
10.14 1.155 1.25383e-05 
10.14 1.16 1.27123e-05 
10.14 1.165 1.13337e-05 
10.14 1.17 9.18859e-06 
10.14 1.175 6.7306e-06 
10.14 1.18 4.24587e-06 
10.14 1.185 2.38563e-06 
10.14 1.19 1.24619e-06 
10.14 1.195 5.83955e-07 
10.14 1.2 2.2757e-07 
10.14 1.205 8.65546e-08 
10.14 1.21 2.74658e-08 
10.14 1.215 7.74236e-09 
10.14 1.22 2.00137e-09 
10.14 1.225 4.4827e-10 
