#logage logg JPDF
9.34 1.26 1.07236e-10 
9.34 1.265 1.64209e-10 
9.35 1.255 1.35855e-10 
9.35 1.26 2.73053e-10 
9.35 1.265 3.94538e-10 
9.36 1.25 1.482e-10 
9.36 1.255 3.3801e-10 
9.36 1.26 7.06185e-10 
9.36 1.265 1.0035e-09 
9.37 1.245 1.39885e-10 
9.37 1.25 4.01813e-10 
9.37 1.255 9.21816e-10 
9.37 1.26 1.66766e-09 
9.37 1.265 2.44274e-09 
9.37 1.27 1.83104e-10 
9.38 1.24 1.29345e-10 
9.38 1.245 4.03432e-10 
9.38 1.25 9.95643e-10 
9.38 1.255 2.27794e-09 
9.38 1.26 4.0986e-09 
9.38 1.265 4.70428e-09 
9.39 1.235 1.14607e-10 
9.39 1.24 3.88297e-10 
9.39 1.245 1.12744e-09 
9.39 1.25 2.66877e-09 
9.39 1.255 5.43046e-09 
9.39 1.26 9.16626e-09 
9.39 1.265 1.04478e-08 
9.39 1.27 5.07192e-10 
9.4 1.235 3.63499e-10 
9.4 1.24 1.1321e-09 
9.4 1.245 2.94267e-09 
9.4 1.25 7.02779e-09 
9.4 1.255 1.26857e-08 
9.4 1.26 2.07516e-08 
9.4 1.265 2.09104e-08 
9.4 1.27 1.18091e-09 
9.41 1.23 2.69696e-10 
9.41 1.235 9.6813e-10 
9.41 1.24 2.83248e-09 
9.41 1.245 7.43368e-09 
9.41 1.25 1.63606e-08 
9.41 1.255 2.87923e-08 
9.41 1.26 4.43532e-08 
9.41 1.265 4.22366e-08 
9.41 1.27 2.11178e-09 
9.42 1.225 2.07859e-10 
9.42 1.23 7.94144e-10 
9.42 1.235 2.6171e-09 
9.42 1.24 7.55263e-09 
9.42 1.245 1.8343e-08 
9.42 1.25 3.68234e-08 
9.42 1.255 6.30681e-08 
9.42 1.26 9.22631e-08 
9.42 1.265 7.81333e-08 
9.42 1.27 2.33496e-09 
9.43 1.22 1.26336e-10 
9.43 1.225 5.74112e-10 
9.43 1.23 2.14048e-09 
9.43 1.235 6.70925e-09 
9.43 1.24 1.84959e-08 
9.43 1.245 4.23814e-08 
9.43 1.25 8.0229e-08 
9.43 1.255 1.3304e-07 
9.43 1.26 1.75983e-07 
9.43 1.265 1.45192e-07 
9.43 1.27 6.36927e-09 
9.44 1.22 3.91928e-10 
9.44 1.225 1.65633e-09 
9.44 1.23 5.74651e-09 
9.44 1.235 1.69271e-08 
9.44 1.24 4.4338e-08 
9.44 1.245 9.50885e-08 
9.44 1.25 1.75728e-07 
9.44 1.255 2.69392e-07 
9.44 1.26 3.43581e-07 
9.44 1.265 2.48095e-07 
9.44 1.27 9.42002e-09 
9.45 1.215 2.4962e-10 
9.45 1.22 1.11479e-09 
9.45 1.225 4.53594e-09 
9.45 1.23 1.38331e-08 
9.45 1.235 4.08559e-08 
9.45 1.24 9.97394e-08 
9.45 1.245 2.00191e-07 
9.45 1.25 3.62584e-07 
9.45 1.255 5.17343e-07 
9.45 1.26 6.38805e-07 
9.45 1.265 4.46294e-07 
9.45 1.27 1.02512e-08 
9.46 1.21 1.46887e-10 
9.46 1.215 7.16857e-10 
9.46 1.22 3.14019e-09 
9.46 1.225 1.11143e-08 
9.46 1.23 3.53019e-08 
9.46 1.235 9.57364e-08 
9.46 1.24 2.19094e-07 
9.46 1.245 4.29426e-07 
9.46 1.25 7.03476e-07 
9.46 1.255 9.72808e-07 
9.46 1.26 1.14277e-06 
9.46 1.265 7.48981e-07 
9.46 1.27 1.66204e-08 
9.47 1.21 4.28659e-10 
9.47 1.215 2.09296e-09 
9.47 1.22 8.27545e-09 
9.47 1.225 2.79577e-08 
9.47 1.23 8.42064e-08 
9.47 1.235 2.1715e-07 
9.47 1.24 4.41994e-07 
9.47 1.245 8.4592e-07 
9.47 1.25 1.30947e-06 
9.47 1.255 1.74871e-06 
9.47 1.26 1.90895e-06 
9.47 1.265 1.23651e-06 
9.47 1.27 2.13953e-08 
9.48 1.205 2.471e-10 
9.48 1.21 1.24074e-09 
9.48 1.215 5.52186e-09 
9.48 1.22 2.07591e-08 
9.48 1.225 6.9117e-08 
9.48 1.23 1.93254e-07 
9.48 1.235 4.49008e-07 
9.48 1.24 9.40109e-07 
9.48 1.245 1.64187e-06 
9.48 1.25 2.43871e-06 
9.48 1.255 3.07541e-06 
9.48 1.26 3.20659e-06 
9.48 1.265 1.88163e-06 
9.48 1.27 4.86373e-08 
9.49 1.2 1.19961e-10 
9.49 1.205 6.98435e-10 
9.49 1.21 3.40475e-09 
9.49 1.215 1.39788e-08 
9.49 1.22 5.13398e-08 
9.49 1.225 1.63577e-07 
9.49 1.23 4.30411e-07 
9.49 1.235 9.65246e-07 
9.49 1.24 1.92685e-06 
9.49 1.245 3.10847e-06 
9.49 1.25 4.44534e-06 
9.49 1.255 5.23736e-06 
9.49 1.26 5.25461e-06 
9.49 1.265 3.00689e-06 
9.49 1.27 4.66964e-08 
9.5 1.2 3.78012e-10 
9.5 1.205 2.03101e-09 
9.5 1.21 9.26808e-09 
9.5 1.215 3.76254e-08 
9.5 1.22 1.24657e-07 
9.5 1.225 3.65377e-07 
9.5 1.23 9.27647e-07 
9.5 1.235 2.0201e-06 
9.5 1.24 3.65053e-06 
9.5 1.245 5.48327e-06 
9.5 1.25 7.57478e-06 
9.5 1.255 8.52406e-06 
9.5 1.26 8.37798e-06 
9.5 1.265 4.18302e-06 
9.5 1.27 5.40259e-08 
9.51 1.195 1.81018e-10 
9.51 1.2 1.03465e-09 
9.51 1.205 5.41476e-09 
9.51 1.21 2.39571e-08 
9.51 1.215 8.75624e-08 
9.51 1.22 2.84897e-07 
9.51 1.225 7.94043e-07 
9.51 1.23 1.83571e-06 
9.51 1.235 3.90938e-06 
9.51 1.24 6.58462e-06 
9.51 1.245 1.01245e-05 
9.51 1.25 1.27643e-05 
9.51 1.255 1.36645e-05 
9.51 1.26 1.25341e-05 
9.51 1.265 5.89989e-06 
9.51 1.27 5.15136e-08 
9.52 1.195 5.36556e-10 
9.52 1.2 3.00869e-09 
9.52 1.205 1.39131e-08 
9.52 1.21 6.0349e-08 
9.52 1.215 2.13325e-07 
9.52 1.22 6.38097e-07 
9.52 1.225 1.70041e-06 
9.52 1.23 3.819e-06 
9.52 1.235 7.08635e-06 
9.52 1.24 1.24196e-05 
9.52 1.245 1.71021e-05 
9.52 1.25 2.06589e-05 
9.52 1.255 2.14218e-05 
9.52 1.26 1.83765e-05 
9.52 1.265 7.51266e-06 
9.52 1.27 6.42627e-08 
9.53 1.19 2.57769e-10 
9.53 1.195 1.52716e-09 
9.53 1.2 8.12089e-09 
9.53 1.205 3.50838e-08 
9.53 1.21 1.39165e-07 
9.53 1.215 4.67574e-07 
9.53 1.22 1.39909e-06 
9.53 1.225 3.38284e-06 
9.53 1.23 7.35325e-06 
9.53 1.235 1.31865e-05 
9.53 1.24 1.99141e-05 
9.53 1.245 2.86129e-05 
9.53 1.25 3.28761e-05 
9.53 1.255 3.06264e-05 
9.53 1.26 2.56979e-05 
9.53 1.265 1.12152e-05 
9.53 1.27 8.28394e-08 
9.54 1.185 1.1462e-10 
9.54 1.19 7.69176e-10 
9.54 1.195 4.39076e-09 
9.54 1.2 2.11289e-08 
9.54 1.205 8.60423e-08 
9.54 1.21 3.14623e-07 
9.54 1.215 1.01979e-06 
9.54 1.22 2.87728e-06 
9.54 1.225 6.7218e-06 
9.54 1.23 1.36029e-05 
9.54 1.235 2.36462e-05 
9.54 1.24 3.42382e-05 
9.54 1.245 4.49158e-05 
9.54 1.25 4.98084e-05 
9.54 1.255 4.42172e-05 
9.54 1.26 3.62661e-05 
9.54 1.265 1.33027e-05 
9.54 1.27 7.00087e-08 
9.55 1.185 3.25149e-10 
9.55 1.19 2.05066e-09 
9.55 1.195 1.10964e-08 
9.55 1.2 5.32617e-08 
9.55 1.205 1.99408e-07 
9.55 1.21 7.24999e-07 
9.55 1.215 2.14023e-06 
9.55 1.22 5.66774e-06 
9.55 1.225 1.25626e-05 
9.55 1.23 2.40836e-05 
9.55 1.235 3.98503e-05 
9.55 1.24 5.68242e-05 
9.55 1.245 7.08337e-05 
9.55 1.25 7.00551e-05 
9.55 1.255 6.29653e-05 
9.55 1.26 4.72015e-05 
9.55 1.265 1.6213e-05 
9.55 1.27 1.76192e-07 
9.56 1.18 1.41813e-10 
9.56 1.185 9.2256e-10 
9.56 1.19 5.49572e-09 
9.56 1.195 2.74733e-08 
9.56 1.2 1.2394e-07 
9.56 1.205 4.68691e-07 
9.56 1.21 1.59707e-06 
9.56 1.215 4.46212e-06 
9.56 1.22 1.0832e-05 
9.56 1.225 2.27428e-05 
9.56 1.23 4.36767e-05 
9.56 1.235 6.49538e-05 
9.56 1.24 8.92411e-05 
9.56 1.245 0.000104199 
9.56 1.25 0.000102815 
9.56 1.255 8.5715e-05 
9.56 1.26 5.93892e-05 
9.56 1.265 1.87892e-05 
9.56 1.27 1.27126e-07 
9.57 1.18 4.06253e-10 
9.57 1.185 2.56493e-09 
9.57 1.19 1.41019e-08 
9.57 1.195 6.78084e-08 
9.57 1.2 2.86225e-07 
9.57 1.205 1.04854e-06 
9.57 1.21 3.21934e-06 
9.57 1.215 8.88418e-06 
9.57 1.22 2.07426e-05 
9.57 1.225 4.04933e-05 
9.57 1.23 7.2819e-05 
9.57 1.235 0.000102798 
9.57 1.24 0.000137912 
9.57 1.245 0.000150907 
9.57 1.25 0.000136872 
9.57 1.255 0.000111751 
9.57 1.26 7.62523e-05 
9.57 1.265 2.21299e-05 
9.57 1.27 1.72854e-07 
9.58 1.175 1.64379e-10 
9.58 1.18 1.12488e-09 
9.58 1.185 6.54203e-09 
9.58 1.19 3.51029e-08 
9.58 1.195 1.64307e-07 
9.58 1.2 6.5313e-07 
9.58 1.205 2.12298e-06 
9.58 1.21 6.3098e-06 
9.58 1.215 1.66106e-05 
9.58 1.22 3.77494e-05 
9.58 1.225 6.86318e-05 
9.58 1.23 0.000115524 
9.58 1.235 0.000162471 
9.58 1.24 0.000204014 
9.58 1.245 0.000208565 
9.58 1.25 0.000184138 
9.58 1.255 0.000143739 
9.58 1.26 8.95026e-05 
9.58 1.265 2.66663e-05 
9.58 1.27 1.18546e-07 
9.59 1.175 4.40822e-10 
9.59 1.18 2.84171e-09 
9.59 1.185 1.58601e-08 
9.59 1.19 8.07395e-08 
9.59 1.195 3.56533e-07 
9.59 1.2 1.40312e-06 
9.59 1.205 4.27837e-06 
9.59 1.21 1.21555e-05 
9.59 1.215 3.06566e-05 
9.59 1.22 6.14725e-05 
9.59 1.225 0.000117437 
9.59 1.23 0.000178513 
9.59 1.235 0.000245304 
9.59 1.24 0.000277975 
9.59 1.245 0.00028416 
9.59 1.25 0.000245852 
9.59 1.255 0.000169605 
9.59 1.26 0.000106141 
9.59 1.265 2.92403e-05 
9.59 1.27 1.24349e-07 
9.6 1.17 1.66502e-10 
9.6 1.175 1.16889e-09 
9.6 1.18 7.06428e-09 
9.6 1.185 3.74629e-08 
9.6 1.19 1.88405e-07 
9.6 1.195 7.77062e-07 
9.6 1.2 2.87069e-06 
9.6 1.205 8.12673e-06 
9.6 1.21 2.37614e-05 
9.6 1.215 5.34288e-05 
9.6 1.22 0.0001042 
9.6 1.225 0.00019186 
9.6 1.23 0.000272211 
9.6 1.235 0.000356482 
9.6 1.24 0.000386773 
9.6 1.245 0.000372637 
9.6 1.25 0.000299728 
9.6 1.255 0.000211022 
9.6 1.26 0.00011997 
9.6 1.265 2.92261e-05 
9.6 1.27 5.11461e-08 
9.61 1.17 4.60521e-10 
9.61 1.175 3.03581e-09 
9.61 1.18 1.75778e-08 
9.61 1.185 9.09797e-08 
9.61 1.19 4.06206e-07 
9.61 1.195 1.66515e-06 
9.61 1.2 5.34054e-06 
9.61 1.205 1.60927e-05 
9.61 1.21 4.28168e-05 
9.61 1.215 9.03205e-05 
9.61 1.22 0.000172388 
9.61 1.225 0.000295942 
9.61 1.23 0.000390163 
9.61 1.235 0.000504532 
9.61 1.24 0.000507114 
9.61 1.245 0.00047541 
9.61 1.25 0.000357987 
9.61 1.255 0.000244505 
9.61 1.26 0.000132978 
9.61 1.265 3.03279e-05 
9.61 1.27 9.92198e-08 
9.62 1.165 1.57629e-10 
9.62 1.17 1.20592e-09 
9.62 1.175 7.38917e-09 
9.62 1.18 4.05578e-08 
9.62 1.185 2.03968e-07 
9.62 1.19 8.70347e-07 
9.62 1.195 3.26592e-06 
9.62 1.2 1.07354e-05 
9.62 1.205 2.93236e-05 
9.62 1.21 7.34685e-05 
9.62 1.215 0.000149596 
9.62 1.22 0.00027828 
9.62 1.225 0.000425925 
9.62 1.23 0.000584336 
9.62 1.235 0.000667206 
9.62 1.24 0.000680797 
9.62 1.245 0.000594255 
9.62 1.25 0.000433432 
9.62 1.255 0.00027232 
9.62 1.26 0.000144179 
9.62 1.265 2.92202e-05 
9.62 1.27 6.3453e-08 
9.63 1.165 4.1724e-10 
9.63 1.17 2.96858e-09 
9.63 1.175 1.79996e-08 
9.63 1.18 9.3752e-08 
9.63 1.185 4.44229e-07 
9.63 1.19 1.72998e-06 
9.63 1.195 6.64161e-06 
9.63 1.2 1.95972e-05 
9.63 1.205 5.37042e-05 
9.63 1.21 0.000120927 
9.63 1.215 0.000239883 
9.63 1.22 0.000415994 
9.63 1.225 0.000616333 
9.63 1.23 0.000812715 
9.63 1.235 0.000896603 
9.63 1.24 0.000864845 
9.63 1.245 0.000699346 
9.63 1.25 0.000505575 
9.63 1.255 0.000295642 
9.63 1.26 0.000148525 
9.63 1.265 2.84056e-05 
9.63 1.27 5.76515e-08 
9.64 1.16 1.48069e-10 
9.64 1.165 1.12449e-09 
9.64 1.17 7.54542e-09 
9.64 1.175 4.11635e-08 
9.64 1.18 2.04236e-07 
9.64 1.185 9.61466e-07 
9.64 1.19 3.75892e-06 
9.64 1.195 1.16775e-05 
9.64 1.2 3.52554e-05 
9.64 1.205 9.04767e-05 
9.64 1.21 0.000197921 
9.64 1.215 0.000368554 
9.64 1.22 0.000633383 
9.64 1.225 0.000855594 
9.64 1.23 0.00108971 
9.64 1.235 0.00112068 
9.64 1.24 0.00104515 
9.64 1.245 0.000789796 
9.64 1.25 0.000562135 
9.64 1.255 0.000316174 
9.64 1.26 0.000149709 
9.64 1.265 2.64062e-05 
9.64 1.27 8.14682e-08 
9.65 1.16 4.0627e-10 
9.65 1.165 2.82241e-09 
9.65 1.17 1.73617e-08 
9.65 1.175 9.49256e-08 
9.65 1.18 4.80433e-07 
9.65 1.185 1.88096e-06 
9.65 1.19 7.01057e-06 
9.65 1.195 2.25031e-05 
9.65 1.2 6.51857e-05 
9.65 1.205 0.000149287 
9.65 1.21 0.000307862 
9.65 1.215 0.000583244 
9.65 1.22 0.000877471 
9.65 1.225 0.00118241 
9.65 1.23 0.00138129 
9.65 1.235 0.00143662 
9.65 1.24 0.00121869 
9.65 1.245 0.0009281 
9.65 1.25 0.000592448 
9.65 1.255 0.000329849 
9.65 1.26 0.000143506 
9.65 1.265 2.28056e-05 
9.65 1.27 2.03659e-08 
9.66 1.155 1.37937e-10 
9.66 1.16 1.00172e-09 
9.66 1.165 6.6528e-09 
9.66 1.17 4.00517e-08 
9.66 1.175 2.09548e-07 
9.66 1.18 9.4053e-07 
9.66 1.185 3.786e-06 
9.66 1.19 1.3154e-05 
9.66 1.195 3.87232e-05 
9.66 1.2 0.000102845 
9.66 1.205 0.000240801 
9.66 1.21 0.00047727 
9.66 1.215 0.000823822 
9.66 1.22 0.00121381 
9.66 1.225 0.00158009 
9.66 1.23 0.00172001 
9.66 1.235 0.00170681 
9.66 1.24 0.00138663 
9.66 1.245 0.00102279 
9.66 1.25 0.000598696 
9.66 1.255 0.000323889 
9.66 1.26 0.000139488 
9.66 1.265 2.0982e-05 
9.66 1.27 8.28841e-09 
9.67 1.155 3.43186e-10 
9.67 1.16 2.49577e-09 
9.67 1.165 1.49638e-08 
9.67 1.17 8.99631e-08 
9.67 1.175 4.59785e-07 
9.67 1.18 1.82626e-06 
9.67 1.185 7.27975e-06 
9.67 1.19 2.33529e-05 
9.67 1.195 6.83643e-05 
9.67 1.2 0.000174069 
9.67 1.205 0.000365555 
9.67 1.21 0.000688148 
9.67 1.215 0.00120166 
9.67 1.22 0.00161961 
9.67 1.225 0.0019931 
9.67 1.23 0.00215482 
9.67 1.235 0.00201342 
9.67 1.24 0.00153126 
9.67 1.245 0.00106818 
9.67 1.25 0.000643497 
9.67 1.255 0.000316037 
9.67 1.26 0.000131219 
9.67 1.265 1.69577e-05 
9.67 1.27 2.63032e-08 
9.68 1.15 1.03e-10 
9.68 1.155 8.77944e-10 
9.68 1.16 5.76278e-09 
9.68 1.165 3.66223e-08 
9.68 1.17 1.94713e-07 
9.68 1.175 8.75687e-07 
9.68 1.18 3.67182e-06 
9.68 1.185 1.29868e-05 
9.68 1.19 4.00409e-05 
9.68 1.195 0.000110827 
9.68 1.2 0.000271296 
9.68 1.205 0.00053126 
9.68 1.21 0.000980187 
9.68 1.215 0.00153414 
9.68 1.22 0.00207074 
9.68 1.225 0.00240162 
9.68 1.23 0.00248233 
9.68 1.235 0.00217224 
9.68 1.24 0.00166604 
9.68 1.245 0.00108783 
9.68 1.25 0.000619246 
9.68 1.255 0.000299003 
9.68 1.26 0.000115567 
9.68 1.265 1.49062e-05 
9.68 1.27 9.00465e-09 
9.69 1.15 2.55767e-10 
9.69 1.155 1.99023e-09 
9.69 1.16 1.32165e-08 
9.69 1.165 7.67712e-08 
9.69 1.17 3.82417e-07 
9.69 1.175 1.75398e-06 
9.69 1.18 6.87972e-06 
9.69 1.185 2.24849e-05 
9.69 1.19 6.70622e-05 
9.69 1.195 0.000170823 
9.69 1.2 0.000385689 
9.69 1.205 0.000768862 
9.69 1.21 0.0013315 
9.69 1.215 0.00189137 
9.69 1.22 0.00256744 
9.69 1.225 0.00293522 
9.69 1.23 0.00280922 
9.69 1.235 0.00236181 
9.69 1.24 0.00174433 
9.69 1.245 0.00108103 
9.69 1.25 0.000593702 
9.69 1.255 0.000267854 
9.69 1.26 0.000103079 
9.69 1.265 1.11381e-05 
9.69 1.27 4.6143e-09 
9.7 1.15 6.30755e-10 
9.7 1.155 4.74791e-09 
9.7 1.16 3.04094e-08 
9.7 1.165 1.64207e-07 
9.7 1.17 7.68985e-07 
9.7 1.175 3.21219e-06 
9.7 1.18 1.17303e-05 
9.7 1.185 3.77113e-05 
9.7 1.19 0.000106351 
9.7 1.195 0.000262607 
9.7 1.2 0.000554085 
9.7 1.205 0.00105784 
9.7 1.21 0.0017604 
9.7 1.215 0.00247853 
9.7 1.22 0.0031419 
9.7 1.225 0.00344627 
9.7 1.23 0.00315733 
9.7 1.235 0.00260491 
9.7 1.24 0.0017906 
9.7 1.245 0.00106681 
9.7 1.25 0.000555836 
9.7 1.255 0.000247006 
9.7 1.26 8.90613e-05 
9.7 1.265 8.87398e-06 
9.7 1.27 7.94386e-09 
9.71 1.15 1.55183e-09 
9.71 1.155 1.10186e-08 
9.71 1.16 6.54741e-08 
9.71 1.165 3.21848e-07 
9.71 1.17 1.43461e-06 
9.71 1.175 5.82544e-06 
9.71 1.18 2.06231e-05 
9.71 1.185 6.28843e-05 
9.71 1.19 0.000163119 
9.71 1.195 0.0003843 
9.71 1.2 0.000813413 
9.71 1.205 0.00143596 
9.71 1.21 0.00225845 
9.71 1.215 0.00315911 
9.71 1.22 0.00371181 
9.71 1.225 0.00382974 
9.71 1.23 0.00343248 
9.71 1.235 0.00264565 
9.71 1.24 0.00179075 
9.71 1.245 0.00103484 
9.71 1.25 0.000486703 
9.71 1.255 0.000211425 
9.71 1.26 7.43334e-05 
9.71 1.265 6.67591e-06 
9.71 1.27 6.39743e-09 
9.72 1.145 1.2887e-10 
9.72 1.15 3.45334e-09 
9.72 1.155 2.2558e-08 
9.72 1.16 1.28698e-07 
9.72 1.165 6.30894e-07 
9.72 1.17 2.75979e-06 
9.72 1.175 1.0317e-05 
9.72 1.18 3.21435e-05 
9.72 1.185 9.85496e-05 
9.72 1.19 0.000253771 
9.72 1.195 0.000550353 
9.72 1.2 0.0011087 
9.72 1.205 0.00196298 
9.72 1.21 0.00285998 
9.72 1.215 0.00374315 
9.72 1.22 0.00436261 
9.72 1.225 0.00424688 
9.72 1.23 0.00364059 
9.72 1.235 0.00269237 
9.72 1.24 0.00168775 
9.72 1.245 0.000947901 
9.72 1.25 0.000438988 
9.72 1.255 0.000180829 
9.72 1.26 5.86775e-05 
9.72 1.265 5.14481e-06 
9.72 1.27 5.26333e-09 
9.73 1.145 3.82222e-10 
9.73 1.15 7.68388e-09 
9.73 1.155 4.89867e-08 
9.73 1.16 2.51729e-07 
9.73 1.165 1.14732e-06 
9.73 1.17 4.65298e-06 
9.73 1.175 1.72558e-05 
9.73 1.18 5.44825e-05 
9.73 1.185 0.000152406 
9.73 1.19 0.000358463 
9.73 1.195 0.000787752 
9.73 1.2 0.00151188 
9.73 1.205 0.00244512 
9.73 1.21 0.00356016 
9.73 1.215 0.0044265 
9.73 1.22 0.00473357 
9.73 1.225 0.00463503 
9.73 1.23 0.00382008 
9.73 1.235 0.00263855 
9.73 1.24 0.0016359 
9.73 1.245 0.000835428 
9.73 1.25 0.000379512 
9.73 1.255 0.000145955 
9.73 1.26 4.67114e-05 
9.73 1.265 3.60006e-06 
9.73 1.27 2.43627e-09 
9.74 1.145 7.5771e-10 
9.74 1.15 1.59801e-08 
9.74 1.155 9.19081e-08 
9.74 1.16 4.78042e-07 
9.74 1.165 2.1456e-06 
9.74 1.17 8.45436e-06 
9.74 1.175 2.83706e-05 
9.74 1.18 8.3468e-05 
9.74 1.185 0.00022721 
9.74 1.19 0.000536183 
9.74 1.195 0.00107024 
9.74 1.2 0.00190627 
9.74 1.205 0.00306223 
9.74 1.21 0.00411037 
9.74 1.215 0.00511917 
9.74 1.22 0.00520823 
9.74 1.225 0.00482641 
9.74 1.23 0.00377949 
9.74 1.235 0.00259013 
9.74 1.24 0.00151625 
9.74 1.245 0.000742822 
9.74 1.25 0.000328188 
9.74 1.255 0.000120331 
9.74 1.26 3.47019e-05 
9.74 1.265 2.36487e-06 
9.74 1.27 2.34857e-09 
9.75 1.145 1.73191e-09 
9.75 1.15 3.2408e-08 
9.75 1.155 1.84596e-07 
9.75 1.16 8.81016e-07 
9.75 1.165 3.66617e-06 
9.75 1.17 1.34507e-05 
9.75 1.175 4.5144e-05 
9.75 1.18 0.000134818 
9.75 1.185 0.000334174 
9.75 1.19 0.000727341 
9.75 1.195 0.00146892 
9.75 1.2 0.00242973 
9.75 1.205 0.00377931 
9.75 1.21 0.00495392 
9.75 1.215 0.0055951 
9.75 1.22 0.00576041 
9.75 1.225 0.00477258 
9.75 1.23 0.00368215 
9.75 1.235 0.0024027 
9.75 1.24 0.0013627 
9.75 1.245 0.000654154 
9.75 1.25 0.000264981 
9.75 1.255 9.98804e-05 
9.75 1.26 2.75802e-05 
9.75 1.265 1.8388e-06 
9.75 1.27 9.32389e-10 
9.76 1.145 3.96803e-09 
9.76 1.15 6.70009e-08 
9.76 1.155 3.49969e-07 
9.76 1.16 1.5213e-06 
9.76 1.165 6.40059e-06 
9.76 1.17 2.28643e-05 
9.76 1.175 7.23463e-05 
9.76 1.18 0.00019211 
9.76 1.185 0.000470835 
9.76 1.19 0.00103825 
9.76 1.195 0.00182209 
9.76 1.2 0.00311385 
9.76 1.205 0.00428152 
9.76 1.21 0.00550162 
9.76 1.215 0.00606625 
9.76 1.22 0.00580694 
9.76 1.225 0.00479361 
9.76 1.23 0.0033961 
9.76 1.235 0.00215259 
9.76 1.24 0.0011855 
9.76 1.245 0.000539629 
9.76 1.25 0.000216297 
9.76 1.255 7.30101e-05 
9.76 1.26 1.99977e-05 
9.76 1.265 1.11421e-06 
9.76 1.27 6.7156e-10 
9.77 1.145 8.35063e-09 
9.77 1.15 1.24653e-07 
9.77 1.155 6.28898e-07 
9.77 1.16 2.66365e-06 
9.77 1.165 1.05515e-05 
9.77 1.17 3.39519e-05 
9.77 1.175 0.000101786 
9.77 1.18 0.000278359 
9.77 1.185 0.000620447 
9.77 1.19 0.00130036 
9.77 1.195 0.00226143 
9.77 1.2 0.00359812 
9.77 1.205 0.00499529 
9.77 1.21 0.00609339 
9.77 1.215 0.00612336 
9.77 1.22 0.00569358 
9.77 1.225 0.00468665 
9.77 1.23 0.00316282 
9.77 1.235 0.00189696 
9.77 1.24 0.00099811 
9.77 1.245 0.000448118 
9.77 1.25 0.000167643 
9.77 1.255 5.6254e-05 
9.77 1.26 1.39033e-05 
9.77 1.265 7.43292e-07 
9.77 1.27 3.27779e-10 
9.78 1.145 1.62141e-08 
9.78 1.15 2.38226e-07 
9.78 1.155 1.13905e-06 
9.78 1.16 4.65938e-06 
9.78 1.165 1.61988e-05 
9.78 1.17 5.30536e-05 
9.78 1.175 0.000150306 
9.78 1.18 0.0003688 
9.78 1.185 0.000832557 
9.78 1.19 0.00162596 
9.78 1.195 0.00272979 
9.78 1.2 0.00426506 
9.78 1.205 0.00553496 
9.78 1.21 0.00643195 
9.78 1.215 0.00655086 
9.78 1.22 0.00570018 
9.78 1.225 0.00422967 
9.78 1.23 0.00282972 
9.78 1.235 0.00169399 
9.78 1.24 0.000817153 
9.78 1.245 0.000344609 
9.78 1.25 0.000126381 
9.78 1.255 3.99586e-05 
9.78 1.26 1.00672e-05 
9.78 1.265 3.85042e-07 
9.78 1.27 1.30619e-10 
9.79 1.145 3.59117e-08 
9.79 1.15 4.54387e-07 
9.79 1.155 1.91847e-06 
9.79 1.16 7.58466e-06 
9.79 1.165 2.67178e-05 
9.79 1.17 8.00648e-05 
9.79 1.175 0.000213545 
9.79 1.18 0.000515548 
9.79 1.185 0.00110853 
9.79 1.19 0.0020362 
9.79 1.195 0.00334926 
9.79 1.2 0.00469104 
9.79 1.205 0.00616565 
9.79 1.21 0.00651162 
9.79 1.215 0.00643042 
9.79 1.22 0.00535509 
9.79 1.225 0.00396662 
9.79 1.23 0.00251207 
9.79 1.235 0.00141048 
9.79 1.24 0.000641704 
9.79 1.245 0.000271096 
9.79 1.25 9.60904e-05 
9.79 1.255 2.8275e-05 
9.79 1.26 6.55122e-06 
9.79 1.265 2.95614e-07 
9.8 1.14 1.59312e-10 
9.8 1.145 7.30379e-08 
9.8 1.15 7.57877e-07 
9.8 1.155 3.06049e-06 
9.8 1.16 1.18667e-05 
9.8 1.165 3.81925e-05 
9.8 1.17 0.000115773 
9.8 1.175 0.000305344 
9.8 1.18 0.000676813 
9.8 1.185 0.00137328 
9.8 1.19 0.00246292 
9.8 1.195 0.00392095 
9.8 1.2 0.00538324 
9.8 1.205 0.00641883 
9.8 1.21 0.00666661 
9.8 1.215 0.00634562 
9.8 1.22 0.00516822 
9.8 1.225 0.00354735 
9.8 1.23 0.00214723 
9.8 1.235 0.00115344 
9.8 1.24 0.000521284 
9.8 1.245 0.000210567 
9.8 1.25 6.87603e-05 
9.8 1.255 2.10454e-05 
9.8 1.26 4.55313e-06 
9.8 1.265 1.84378e-07 
9.81 1.14 3.18574e-10 
9.81 1.145 1.31182e-07 
9.81 1.15 1.29058e-06 
9.81 1.155 5.13375e-06 
9.81 1.16 1.8866e-05 
9.81 1.165 5.76722e-05 
9.81 1.17 0.000165053 
9.81 1.175 0.000410385 
9.81 1.18 0.000860109 
9.81 1.185 0.00167217 
9.81 1.19 0.00291679 
9.81 1.195 0.00431887 
9.81 1.2 0.00576503 
9.81 1.205 0.0066256 
9.81 1.21 0.00656408 
9.81 1.215 0.00604499 
9.81 1.22 0.00458726 
9.81 1.225 0.00312375 
9.81 1.23 0.00180972 
9.81 1.235 0.000891173 
9.81 1.24 0.000397319 
9.81 1.245 0.000155323 
9.81 1.25 5.04604e-05 
9.81 1.255 1.3726e-05 
9.81 1.26 2.86825e-06 
9.81 1.265 9.97821e-08 
9.82 1.14 3.31698e-10 
9.82 1.145 2.29497e-07 
9.82 1.15 2.07839e-06 
9.82 1.155 7.82771e-06 
9.82 1.16 2.61236e-05 
9.82 1.165 8.02903e-05 
9.82 1.17 0.000212462 
9.82 1.175 0.00050749 
9.82 1.18 0.00102377 
9.82 1.185 0.0019618 
9.82 1.19 0.00321449 
9.82 1.195 0.00452758 
9.82 1.2 0.00596357 
9.82 1.205 0.0066044 
9.82 1.21 0.00638443 
9.82 1.215 0.00545759 
9.82 1.22 0.00394956 
9.82 1.225 0.00261834 
9.82 1.23 0.00145181 
9.82 1.235 0.000686251 
9.82 1.24 0.000294001 
9.82 1.245 0.00011114 
9.82 1.25 3.39151e-05 
9.82 1.255 8.98234e-06 
9.82 1.26 1.88498e-06 
9.82 1.265 5.63882e-08 
9.83 1.14 1.01425e-09 
9.83 1.145 3.97895e-07 
9.83 1.15 3.10173e-06 
9.83 1.155 1.12653e-05 
9.83 1.16 3.75578e-05 
9.83 1.165 0.000109827 
9.83 1.17 0.00027204 
9.83 1.175 0.000628379 
9.83 1.18 0.00128858 
9.83 1.185 0.00224821 
9.83 1.19 0.00341377 
9.83 1.195 0.0047869 
9.83 1.2 0.00586363 
9.83 1.205 0.00633199 
9.83 1.21 0.00595801 
9.83 1.215 0.00476837 
9.83 1.22 0.00339976 
9.83 1.225 0.00208282 
9.83 1.23 0.00113426 
9.83 1.235 0.000541732 
9.83 1.24 0.000215465 
9.83 1.245 7.73728e-05 
9.83 1.25 2.20756e-05 
9.83 1.255 5.99074e-06 
9.83 1.26 1.08231e-06 
9.83 1.265 2.91867e-08 
9.84 1.14 2.08651e-09 
9.84 1.145 6.41963e-07 
9.84 1.15 4.75308e-06 
9.84 1.155 1.68771e-05 
9.84 1.16 5.21296e-05 
9.84 1.165 0.00014567 
9.84 1.17 0.000362509 
9.84 1.175 0.00078311 
9.84 1.18 0.00146532 
9.84 1.185 0.00251653 
9.84 1.19 0.00384943 
9.84 1.195 0.00488067 
9.84 1.2 0.00578993 
9.84 1.205 0.00587875 
9.84 1.21 0.00523417 
9.84 1.215 0.00424222 
9.84 1.22 0.0027746 
9.84 1.225 0.00168551 
9.84 1.23 0.000893072 
9.84 1.235 0.000407014 
9.84 1.24 0.000152301 
9.84 1.245 5.15173e-05 
9.84 1.25 1.54073e-05 
9.84 1.255 3.68873e-06 
9.84 1.26 6.49797e-07 
9.84 1.265 2.02174e-08 
9.85 1.14 6.21085e-09 
9.85 1.145 1.12805e-06 
9.85 1.15 7.15489e-06 
9.85 1.155 2.4283e-05 
9.85 1.16 7.11649e-05 
9.85 1.165 0.000180869 
9.85 1.17 0.00045125 
9.85 1.175 0.000908164 
9.85 1.18 0.00176951 
9.85 1.185 0.00278425 
9.85 1.19 0.00406691 
9.85 1.195 0.00468982 
9.85 1.2 0.00576483 
9.85 1.205 0.00540388 
9.85 1.21 0.00473698 
9.85 1.215 0.00358904 
9.85 1.22 0.0022902 
9.85 1.225 0.00127 
9.85 1.23 0.000674009 
9.85 1.235 0.000310539 
9.85 1.24 0.000109903 
9.85 1.245 3.52512e-05 
9.85 1.25 9.62863e-06 
9.85 1.255 2.3106e-06 
9.85 1.26 4.23877e-07 
9.85 1.265 8.88811e-09 
9.86 1.14 1.49163e-08 
9.86 1.145 1.53229e-06 
9.86 1.15 1.02036e-05 
9.86 1.155 3.41446e-05 
9.86 1.16 9.43436e-05 
9.86 1.165 0.000232105 
9.86 1.17 0.000518106 
9.86 1.175 0.00107334 
9.86 1.18 0.0019102 
9.86 1.185 0.00296638 
9.86 1.19 0.00404294 
9.86 1.195 0.00491837 
9.86 1.2 0.00521984 
9.86 1.205 0.00505636 
9.86 1.21 0.00410515 
9.86 1.215 0.00295711 
9.86 1.22 0.00173839 
9.86 1.225 0.00102886 
9.86 1.23 0.000488626 
9.86 1.235 0.000217452 
9.86 1.24 7.48975e-05 
9.86 1.245 2.32458e-05 
9.86 1.25 6.1731e-06 
9.86 1.255 1.44805e-06 
9.86 1.26 2.39181e-07 
9.86 1.265 4.6373e-09 
9.87 1.14 1.28698e-08 
9.87 1.145 2.4454e-06 
9.87 1.15 1.3979e-05 
9.87 1.155 4.44948e-05 
9.87 1.16 0.000121166 
9.87 1.165 0.000294978 
9.87 1.17 0.000584456 
9.87 1.175 0.0011929 
9.87 1.18 0.00202034 
9.87 1.185 0.00312191 
9.87 1.19 0.00407737 
9.87 1.195 0.00457735 
9.87 1.2 0.00474538 
9.87 1.205 0.00439895 
9.87 1.21 0.00351736 
9.87 1.215 0.00239069 
9.87 1.22 0.00143132 
9.87 1.225 0.000766016 
9.87 1.23 0.000359462 
9.87 1.235 0.000143929 
9.87 1.24 4.99766e-05 
9.87 1.245 1.54149e-05 
9.87 1.25 3.86244e-06 
9.87 1.255 8.98512e-07 
9.87 1.26 1.30487e-07 
9.87 1.265 2.1036e-09 
9.88 1.14 3.457e-08 
9.88 1.145 3.49611e-06 
9.88 1.15 1.86284e-05 
9.88 1.155 5.63948e-05 
9.88 1.16 0.000148405 
9.88 1.165 0.000355446 
9.88 1.17 0.000697051 
9.88 1.175 0.00127685 
9.88 1.18 0.00213987 
9.88 1.185 0.00298704 
9.88 1.19 0.00399025 
9.88 1.195 0.00432343 
9.88 1.2 0.00431871 
9.88 1.205 0.00375949 
9.88 1.21 0.00282389 
9.88 1.215 0.00190506 
9.88 1.22 0.00112339 
9.88 1.225 0.000559351 
9.88 1.23 0.000244952 
9.88 1.235 9.52924e-05 
9.88 1.24 3.25378e-05 
9.88 1.245 9.21482e-06 
9.88 1.25 2.44517e-06 
9.88 1.255 5.11549e-07 
9.88 1.26 7.52274e-08 
9.88 1.265 1.27233e-09 
9.89 1.14 9.90074e-08 
9.89 1.145 5.27734e-06 
9.89 1.15 2.52372e-05 
9.89 1.155 7.19507e-05 
9.89 1.16 0.000179136 
9.89 1.165 0.000412733 
9.89 1.17 0.000816708 
9.89 1.175 0.00139754 
9.89 1.18 0.00227446 
9.89 1.185 0.00301379 
9.89 1.19 0.00352295 
9.89 1.195 0.00398229 
9.89 1.2 0.00377346 
9.89 1.205 0.00317336 
9.89 1.21 0.00236866 
9.89 1.215 0.00143482 
9.89 1.22 0.000787514 
9.89 1.225 0.000410846 
9.89 1.23 0.00017536 
9.89 1.235 6.26742e-05 
9.89 1.24 2.00175e-05 
9.89 1.245 5.49603e-06 
9.89 1.25 1.34803e-06 
9.89 1.255 2.90316e-07 
9.89 1.26 4.12362e-08 
9.89 1.265 6.18975e-10 
9.9 1.14 9.85045e-08 
9.9 1.145 7.6178e-06 
9.9 1.15 3.38419e-05 
9.9 1.155 9.03667e-05 
9.9 1.16 0.000205669 
9.9 1.165 0.000443334 
9.9 1.17 0.000867175 
9.9 1.175 0.00146502 
9.9 1.18 0.00219028 
9.9 1.185 0.00290959 
9.9 1.19 0.00325416 
9.9 1.195 0.00332045 
9.9 1.2 0.00308992 
9.9 1.205 0.00244348 
9.9 1.21 0.00179057 
9.9 1.215 0.00107399 
9.9 1.22 0.000560903 
9.9 1.225 0.000271479 
9.9 1.23 0.000117647 
9.9 1.235 4.10643e-05 
9.9 1.24 1.25201e-05 
9.9 1.245 3.34517e-06 
9.9 1.25 7.76861e-07 
9.9 1.255 1.6237e-07 
9.9 1.26 2.16407e-08 
9.9 1.265 2.57766e-10 
9.91 1.14 2.23856e-07 
9.91 1.145 9.71711e-06 
9.91 1.15 4.1337e-05 
9.91 1.155 0.00010916 
9.91 1.16 0.000247652 
9.91 1.165 0.00048825 
9.91 1.17 0.00092867 
9.91 1.175 0.00142652 
9.91 1.18 0.00209897 
9.91 1.185 0.00262606 
9.91 1.19 0.00293574 
9.91 1.195 0.00294737 
9.91 1.2 0.00253068 
9.91 1.205 0.00189937 
9.91 1.21 0.00131215 
9.91 1.215 0.000744704 
9.91 1.22 0.000391301 
9.91 1.225 0.00018459 
9.91 1.23 7.3959e-05 
9.91 1.235 2.60849e-05 
9.91 1.24 7.84891e-06 
9.91 1.245 1.94399e-06 
9.91 1.25 4.63776e-07 
9.91 1.255 8.98563e-08 
9.91 1.26 1.10141e-08 
9.91 1.265 1.26725e-10 
9.92 1.14 2.67917e-07 
9.92 1.145 1.3296e-05 
9.92 1.15 5.14008e-05 
9.92 1.155 0.000126582 
9.92 1.16 0.00026026 
9.92 1.165 0.000527214 
9.92 1.17 0.000907122 
9.92 1.175 0.00143457 
9.92 1.18 0.00200146 
9.92 1.185 0.00239524 
9.92 1.19 0.00257428 
9.92 1.195 0.00239493 
9.92 1.2 0.00200622 
9.92 1.205 0.00152559 
9.92 1.21 0.000949722 
9.92 1.215 0.000558173 
9.92 1.22 0.000271634 
9.92 1.225 0.000118094 
9.92 1.23 4.95422e-05 
9.92 1.235 1.58193e-05 
9.92 1.24 4.89215e-06 
9.92 1.245 1.17222e-06 
9.92 1.25 2.49132e-07 
9.92 1.255 4.82926e-08 
9.92 1.26 5.96295e-09 
9.93 1.14 4.84624e-07 
9.93 1.145 1.56833e-05 
9.93 1.15 5.8529e-05 
9.93 1.155 0.000144199 
9.93 1.16 0.000298991 
9.93 1.165 0.000558146 
9.93 1.17 0.000926807 
9.93 1.175 0.00136938 
9.93 1.18 0.00181877 
9.93 1.185 0.00211985 
9.93 1.19 0.00222986 
9.93 1.195 0.00202832 
9.93 1.2 0.00166962 
9.93 1.205 0.00116562 
9.93 1.21 0.000707224 
9.93 1.215 0.000388233 
9.93 1.22 0.000184421 
9.93 1.225 8.10819e-05 
9.93 1.23 2.98185e-05 
9.93 1.235 9.49602e-06 
9.93 1.24 2.71011e-06 
9.93 1.245 6.54209e-07 
9.93 1.25 1.43065e-07 
9.93 1.255 2.54633e-08 
9.93 1.26 2.86463e-09 
9.94 1.14 5.51685e-07 
9.94 1.145 2.03863e-05 
9.94 1.15 6.93275e-05 
9.94 1.155 0.000158059 
9.94 1.16 0.000321027 
9.94 1.165 0.000566451 
9.94 1.17 0.000925316 
9.94 1.175 0.00129897 
9.94 1.18 0.00169168 
9.94 1.185 0.00192616 
9.94 1.19 0.00192354 
9.94 1.195 0.00166441 
9.94 1.2 0.00128841 
9.94 1.205 0.000875573 
9.94 1.21 0.000529155 
9.94 1.215 0.000277125 
9.94 1.22 0.000124976 
9.94 1.225 5.20474e-05 
9.94 1.23 1.81471e-05 
9.94 1.235 5.60624e-06 
9.94 1.24 1.56503e-06 
9.94 1.245 3.50898e-07 
9.94 1.25 7.73602e-08 
9.94 1.255 1.32263e-08 
9.94 1.26 1.46375e-09 
9.95 1.14 8.79611e-07 
9.95 1.145 2.37794e-05 
9.95 1.15 7.66153e-05 
9.95 1.155 0.000171664 
9.95 1.16 0.000338723 
9.95 1.165 0.000576001 
9.95 1.17 0.000913128 
9.95 1.175 0.00121253 
9.95 1.18 0.00151776 
9.95 1.185 0.00162666 
9.95 1.19 0.00155549 
9.95 1.195 0.00130543 
9.95 1.2 0.00100761 
9.95 1.205 0.000643124 
9.95 1.21 0.000363117 
9.95 1.215 0.000190648 
9.95 1.22 8.47132e-05 
9.95 1.225 3.31513e-05 
9.95 1.23 1.09512e-05 
9.95 1.235 3.2876e-06 
9.95 1.24 8.41158e-07 
9.95 1.245 1.93568e-07 
9.95 1.25 3.70026e-08 
9.95 1.255 6.5044e-09 
9.95 1.26 6.89695e-10 
9.96 1.135 1.04353e-10 
9.96 1.14 1.16921e-06 
9.96 1.145 2.52382e-05 
9.96 1.15 8.23303e-05 
9.96 1.155 0.000175037 
9.96 1.16 0.000335384 
9.96 1.165 0.000554907 
9.96 1.17 0.000855858 
9.96 1.175 0.00111068 
9.96 1.18 0.00130835 
9.96 1.185 0.00136621 
9.96 1.19 0.00127352 
9.96 1.195 0.0010368 
9.96 1.2 0.000736133 
9.96 1.205 0.000468945 
9.96 1.21 0.000261691 
9.96 1.215 0.000125052 
9.96 1.22 5.29422e-05 
9.96 1.225 1.98279e-05 
9.96 1.23 6.46994e-06 
9.96 1.235 1.8259e-06 
9.96 1.24 4.51189e-07 
9.96 1.245 1.00651e-07 
9.96 1.25 1.85384e-08 
9.96 1.255 3.08817e-09 
9.96 1.26 3.26202e-10 
9.97 1.135 2.92019e-10 
9.97 1.14 1.23744e-06 
9.97 1.145 2.87405e-05 
9.97 1.15 8.84995e-05 
9.97 1.155 0.000182803 
9.97 1.16 0.000332227 
9.97 1.165 0.000534573 
9.97 1.17 0.000792823 
9.97 1.175 0.000998387 
9.97 1.18 0.00112279 
9.97 1.185 0.00112077 
9.97 1.19 0.000970815 
9.97 1.195 0.000784621 
9.97 1.2 0.000537534 
9.97 1.205 0.000330721 
9.97 1.21 0.00017488 
9.97 1.215 8.33315e-05 
9.97 1.22 3.34035e-05 
9.97 1.225 1.18611e-05 
9.97 1.23 3.77372e-06 
9.97 1.235 1.03309e-06 
9.97 1.24 2.49834e-07 
9.97 1.245 5.13187e-08 
9.97 1.25 9.3106e-09 
9.97 1.255 1.4143e-09 
9.97 1.26 1.379e-10 
9.98 1.135 5.51475e-10 
9.98 1.14 1.59992e-06 
9.98 1.145 3.32519e-05 
9.98 1.15 9.38487e-05 
9.98 1.155 0.000179671 
9.98 1.16 0.0003145 
9.98 1.165 0.000495068 
9.98 1.17 0.000697566 
9.98 1.175 0.00085316 
9.98 1.18 0.000930299 
9.98 1.185 0.000906865 
9.98 1.19 0.000765358 
9.98 1.195 0.000586018 
9.98 1.2 0.000387507 
9.98 1.205 0.000227034 
9.98 1.21 0.000115281 
9.98 1.215 5.3284e-05 
9.98 1.22 2.1237e-05 
9.98 1.225 7.18458e-06 
9.98 1.23 2.25857e-06 
9.98 1.235 5.95511e-07 
9.98 1.24 1.34042e-07 
9.98 1.245 2.67523e-08 
9.98 1.25 4.79943e-09 
9.98 1.255 7.19086e-10 
9.99 1.135 4.79997e-10 
9.99 1.14 2.13164e-06 
9.99 1.145 3.75089e-05 
9.99 1.15 9.69587e-05 
9.99 1.155 0.000182207 
9.99 1.16 0.000306688 
9.99 1.165 0.000451812 
9.99 1.17 0.000607717 
9.99 1.175 0.000727554 
9.99 1.18 0.000750529 
9.99 1.185 0.000691877 
9.99 1.19 0.000573253 
9.99 1.195 0.000411997 
9.99 1.2 0.00027178 
9.99 1.205 0.000150746 
9.99 1.21 7.78136e-05 
9.99 1.215 3.28273e-05 
9.99 1.22 1.28053e-05 
9.99 1.225 4.34506e-06 
9.99 1.23 1.25023e-06 
9.99 1.235 3.18755e-07 
9.99 1.24 7.08538e-08 
9.99 1.245 1.37257e-08 
9.99 1.25 2.29919e-09 
9.99 1.255 3.33629e-10 
10 1.135 7.16366e-10 
10 1.14 2.66663e-06 
10 1.145 3.92024e-05 
10 1.15 9.92773e-05 
10 1.155 0.000178856 
10 1.16 0.000283318 
10 1.165 0.000408742 
10 1.17 0.000521212 
10 1.175 0.000591703 
10 1.18 0.000593705 
10 1.185 0.000529838 
10 1.19 0.000423583 
10 1.195 0.000302731 
10 1.2 0.000185238 
10 1.205 0.000101229 
10 1.21 4.73668e-05 
10 1.215 2.03892e-05 
10 1.22 7.57917e-06 
10 1.225 2.46911e-06 
10 1.23 6.85924e-07 
10 1.235 1.7229e-07 
10 1.24 3.678e-08 
10 1.245 6.89244e-09 
10 1.25 1.12388e-09 
10 1.255 1.55642e-10 
10.01 1.135 7.27914e-10 
10.01 1.14 3.09353e-06 
10.01 1.145 4.12315e-05 
10.01 1.15 9.64706e-05 
10.01 1.155 0.000167674 
10.01 1.16 0.000259896 
10.01 1.165 0.000359186 
10.01 1.17 0.000429866 
10.01 1.175 0.000478175 
10.01 1.18 0.000462038 
10.01 1.185 0.000401038 
10.01 1.19 0.000311424 
10.01 1.195 0.000212124 
10.01 1.2 0.000124645 
10.01 1.205 6.61947e-05 
10.01 1.21 3.05366e-05 
10.01 1.215 1.26789e-05 
10.01 1.22 4.52562e-06 
10.01 1.225 1.39984e-06 
10.01 1.23 3.84569e-07 
10.01 1.235 9.29418e-08 
10.01 1.24 1.90586e-08 
10.01 1.245 3.66814e-09 
10.01 1.25 5.62347e-10 
10.02 1.135 9.6773e-10 
10.02 1.14 2.84945e-06 
10.02 1.145 4.20409e-05 
10.02 1.15 9.25202e-05 
10.02 1.155 0.000158378 
10.02 1.16 0.000229768 
10.02 1.165 0.000311971 
10.02 1.17 0.000361801 
10.02 1.175 0.000379426 
10.02 1.18 0.000356122 
10.02 1.185 0.000295818 
10.02 1.19 0.000216819 
10.02 1.195 0.000143264 
10.02 1.2 8.48504e-05 
10.02 1.205 4.21585e-05 
10.02 1.21 1.94015e-05 
10.02 1.215 7.60512e-06 
10.02 1.22 2.67594e-06 
10.02 1.225 8.05744e-07 
10.02 1.23 2.08081e-07 
10.02 1.235 4.89737e-08 
10.02 1.24 9.32648e-09 
10.02 1.245 1.67811e-09 
10.02 1.25 2.49299e-10 
10.03 1.135 1.54998e-09 
10.03 1.14 3.6487e-06 
10.03 1.145 4.25258e-05 
10.03 1.15 8.89554e-05 
10.03 1.155 0.000147257 
10.03 1.16 0.000203448 
10.03 1.165 0.000262988 
10.03 1.17 0.000301751 
10.03 1.175 0.000296464 
10.03 1.18 0.000266996 
10.03 1.185 0.000213047 
10.03 1.19 0.000155912 
10.03 1.195 9.5676e-05 
10.03 1.2 5.47463e-05 
10.03 1.205 2.6873e-05 
10.03 1.21 1.15391e-05 
10.03 1.215 4.3975e-06 
10.03 1.22 1.47794e-06 
10.03 1.225 4.32759e-07 
10.03 1.23 1.08996e-07 
10.03 1.235 2.50788e-08 
10.03 1.24 4.78263e-09 
10.03 1.245 7.99569e-10 
10.03 1.25 1.15049e-10 
10.04 1.135 2.80311e-09 
10.04 1.14 3.31778e-06 
10.04 1.145 4.08833e-05 
10.04 1.15 8.47753e-05 
10.04 1.155 0.000132749 
10.04 1.16 0.000180892 
10.04 1.165 0.000222254 
10.04 1.17 0.000239286 
10.04 1.175 0.000231456 
10.04 1.18 0.000198814 
10.04 1.185 0.000156605 
10.04 1.19 0.000105373 
10.04 1.195 6.26215e-05 
10.04 1.2 3.44974e-05 
10.04 1.205 1.64085e-05 
10.04 1.21 6.62746e-06 
10.04 1.215 2.48684e-06 
10.04 1.22 7.93828e-07 
10.04 1.225 2.31674e-07 
10.04 1.23 5.65258e-08 
10.04 1.235 1.17219e-08 
10.04 1.24 2.1748e-09 
10.04 1.245 3.56337e-10 
10.05 1.135 2.9856e-09 
10.05 1.14 4.5575e-06 
10.05 1.145 3.96255e-05 
10.05 1.15 7.80469e-05 
10.05 1.155 0.000116581 
10.05 1.16 0.000153407 
10.05 1.165 0.000178016 
10.05 1.17 0.000191732 
10.05 1.175 0.000178176 
10.05 1.18 0.000149009 
10.05 1.185 0.000109625 
10.05 1.19 7.05399e-05 
10.05 1.195 4.10133e-05 
10.05 1.2 2.10587e-05 
10.05 1.205 9.65378e-06 
10.05 1.21 3.8785e-06 
10.05 1.215 1.39668e-06 
10.05 1.22 4.19048e-07 
10.05 1.225 1.16481e-07 
10.05 1.23 2.80031e-08 
10.05 1.235 5.66762e-09 
10.05 1.24 1.06618e-09 
10.05 1.245 1.65289e-10 
10.06 1.135 4.355e-09 
10.06 1.14 3.94794e-06 
10.06 1.145 3.50053e-05 
10.06 1.15 6.56275e-05 
10.06 1.155 9.66979e-05 
10.06 1.16 0.00012675 
10.06 1.165 0.000146743 
10.06 1.17 0.000144147 
10.06 1.175 0.000132905 
10.06 1.18 0.000105927 
10.06 1.185 7.50005e-05 
10.06 1.19 4.73033e-05 
10.06 1.195 2.56497e-05 
10.06 1.2 1.24675e-05 
10.06 1.205 5.68536e-06 
10.06 1.21 2.1278e-06 
10.06 1.215 7.46871e-07 
10.06 1.22 2.24464e-07 
10.06 1.225 5.84564e-08 
10.06 1.23 1.33733e-08 
10.06 1.235 2.67042e-09 
10.06 1.24 4.76524e-10 
10.07 1.135 6.22962e-09 
10.07 1.14 3.61637e-06 
10.07 1.145 3.14001e-05 
10.07 1.15 5.52858e-05 
10.07 1.155 7.68881e-05 
10.07 1.16 9.77462e-05 
10.07 1.165 0.000107858 
10.07 1.17 0.000111278 
10.07 1.175 9.62041e-05 
10.07 1.18 7.32885e-05 
10.07 1.185 5.05737e-05 
10.07 1.19 3.0978e-05 
10.07 1.195 1.64076e-05 
10.07 1.2 7.74691e-06 
10.07 1.205 3.35245e-06 
10.07 1.21 1.23317e-06 
10.07 1.215 4.00593e-07 
10.07 1.22 1.13365e-07 
10.07 1.225 2.86217e-08 
10.07 1.23 6.30314e-09 
10.07 1.235 1.20223e-09 
10.07 1.24 1.91902e-10 
10.08 1.135 5.96227e-09 
10.08 1.14 3.54653e-06 
10.08 1.145 2.7157e-05 
10.08 1.15 4.56212e-05 
10.08 1.155 6.08178e-05 
10.08 1.16 7.41173e-05 
10.08 1.165 7.87635e-05 
10.08 1.17 7.6978e-05 
10.08 1.175 6.68464e-05 
10.08 1.18 5.09673e-05 
10.08 1.185 3.29236e-05 
10.08 1.19 1.9846e-05 
10.08 1.195 1.00017e-05 
10.08 1.2 4.61428e-06 
10.08 1.205 1.93636e-06 
10.08 1.21 6.86434e-07 
10.08 1.215 2.10395e-07 
10.08 1.22 5.82111e-08 
10.08 1.225 1.46371e-08 
10.08 1.23 3.04305e-09 
10.08 1.235 5.67463e-10 
10.09 1.135 7.25187e-09 
10.09 1.14 3.62569e-06 
10.09 1.145 2.3248e-05 
10.09 1.15 3.82216e-05 
10.09 1.155 4.91787e-05 
10.09 1.16 5.69675e-05 
10.09 1.165 5.73276e-05 
10.09 1.17 5.47329e-05 
10.09 1.175 4.62671e-05 
10.09 1.18 3.3265e-05 
10.09 1.185 2.12168e-05 
10.09 1.19 1.23626e-05 
10.09 1.195 6.15189e-06 
10.09 1.2 2.65998e-06 
10.09 1.205 1.03299e-06 
10.09 1.21 3.62058e-07 
10.09 1.215 1.12962e-07 
10.09 1.22 2.9817e-08 
10.09 1.225 6.8437e-09 
10.09 1.23 1.40431e-09 
10.09 1.235 2.54734e-10 
10.1 1.135 4.43927e-09 
10.1 1.14 2.90956e-06 
10.1 1.145 1.93313e-05 
10.1 1.15 3.09789e-05 
10.1 1.155 3.87506e-05 
10.1 1.16 4.27821e-05 
10.1 1.165 4.27968e-05 
10.1 1.17 3.86235e-05 
10.1 1.175 3.00487e-05 
10.1 1.18 2.18931e-05 
10.1 1.185 1.35578e-05 
10.1 1.19 7.27459e-06 
10.1 1.195 3.52335e-06 
10.1 1.2 1.45958e-06 
10.1 1.205 5.7533e-07 
10.1 1.21 1.97868e-07 
10.1 1.215 5.73148e-08 
10.1 1.22 1.46242e-08 
10.1 1.225 3.3572e-09 
10.1 1.23 6.55604e-10 
10.1 1.235 1.18394e-10 
10.11 1.135 6.19474e-09 
10.11 1.14 2.69128e-06 
10.11 1.145 1.65782e-05 
10.11 1.15 2.4341e-05 
10.11 1.155 2.96028e-05 
10.11 1.16 3.20696e-05 
10.11 1.165 3.00106e-05 
10.11 1.17 2.65826e-05 
10.11 1.175 2.02965e-05 
10.11 1.18 1.36649e-05 
10.11 1.185 8.08521e-06 
10.11 1.19 4.22198e-06 
10.11 1.195 1.96599e-06 
10.11 1.2 8.56146e-07 
10.11 1.205 3.0871e-07 
10.11 1.21 9.81458e-08 
10.11 1.215 2.76314e-08 
10.11 1.22 6.88417e-09 
10.11 1.225 1.5952e-09 
10.11 1.23 3.09818e-10 
10.12 1.135 8.17946e-09 
10.12 1.14 2.12278e-06 
10.12 1.145 1.30972e-05 
10.12 1.15 1.93837e-05 
10.12 1.155 2.25992e-05 
10.12 1.16 2.33676e-05 
10.12 1.165 2.19684e-05 
10.12 1.17 1.78678e-05 
10.12 1.175 1.32085e-05 
10.12 1.18 8.70931e-06 
10.12 1.185 4.86095e-06 
10.12 1.19 2.51766e-06 
10.12 1.195 1.15204e-06 
10.12 1.2 4.67912e-07 
10.12 1.205 1.60817e-07 
10.12 1.21 5.11939e-08 
10.12 1.215 1.38951e-08 
10.12 1.22 3.51511e-09 
10.12 1.225 7.24979e-10 
10.12 1.23 1.35253e-10 
10.13 1.135 4.96028e-09 
10.13 1.14 2.04677e-06 
10.13 1.145 1.09909e-05 
10.13 1.15 1.47653e-05 
10.13 1.155 1.64793e-05 
10.13 1.16 1.6222e-05 
10.13 1.165 1.48573e-05 
10.13 1.17 1.14128e-05 
10.13 1.175 8.47923e-06 
10.13 1.18 5.20613e-06 
10.13 1.185 2.94948e-06 
10.13 1.19 1.41559e-06 
10.13 1.195 6.43845e-07 
10.13 1.2 2.41847e-07 
10.13 1.205 8.45072e-08 
10.13 1.21 2.62082e-08 
10.13 1.215 6.79016e-09 
10.13 1.22 1.59724e-09 
10.13 1.225 3.4301e-10 
10.14 1.135 8.59102e-09 
10.14 1.14 1.85215e-06 
10.14 1.145 8.60701e-06 
10.14 1.15 1.11544e-05 
10.14 1.155 1.22768e-05 
10.14 1.16 1.15181e-05 
10.14 1.165 9.83442e-06 
10.14 1.17 7.57135e-06 
10.14 1.175 5.08057e-06 
10.14 1.18 3.09342e-06 
10.14 1.185 1.59294e-06 
10.14 1.19 7.96682e-07 
10.14 1.195 3.39882e-07 
10.14 1.2 1.26501e-07 
10.14 1.205 4.1898e-08 
10.14 1.21 1.28406e-08 
10.14 1.215 3.14165e-09 
10.14 1.22 7.44247e-10 
10.14 1.225 1.49047e-10 
