#logL_Lsun PDF
2.486 1.71968e-07
2.488 3.77631e-07
2.49 7.64374e-07
2.492 1.43969e-06
2.494 2.5176e-06
2.496 4.35382e-06
2.498 6.97091e-06
2.5 1.13286e-05
2.502 1.69591e-05
2.504 2.64015e-05
2.506 3.82501e-05
2.508 5.70118e-05
2.51 7.97111e-05
2.512 0.000112638
2.514 0.00015531
2.516 0.000208476
2.518 0.000280489
2.52 0.000373121
2.522 0.000489008
2.524 0.000615586
2.526 0.000789157
2.528 0.000963867
2.53 0.00120458
2.532 0.00147232
2.534 0.00176114
2.536 0.00210494
2.538 0.00243629
2.54 0.00287982
2.542 0.00325868
2.544 0.00378431
2.546 0.00417525
2.548 0.00476538
2.55 0.00513404
2.552 0.00572894
2.554 0.00626671
2.556 0.00677582
2.558 0.00730304
2.56 0.00785427
2.562 0.00830441
2.564 0.00874564
2.566 0.00923987
2.568 0.0096933
2.57 0.010036
2.572 0.0103869
2.574 0.0108583
2.576 0.0110303
2.578 0.0114816
2.58 0.0118005
2.582 0.0120433
2.584 0.0122022
2.586 0.0125858
2.588 0.0128499
2.59 0.0129529
2.592 0.0132765
2.594 0.0134307
2.596 0.0135555
2.598 0.0135515
2.6 0.0136781
2.602 0.0139218
2.604 0.0139337
2.606 0.0142203
2.608 0.0141558
2.61 0.0142897
2.612 0.0143254
2.614 0.0144511
2.616 0.0145115
2.618 0.0144001
2.62 0.0144847
2.622 0.0146045
2.624 0.0144538
2.626 0.0144035
2.628 0.0143856
2.63 0.0143302
2.632 0.0143627
2.634 0.0142008
2.636 0.0139858
2.638 0.0139983
2.64 0.0138741
2.642 0.0136589
2.644 0.0136636
2.646 0.0133512
2.648 0.0133247
2.65 0.013082
2.652 0.0126896
2.654 0.0126929
2.656 0.0123911
2.658 0.0121915
2.66 0.0120543
2.662 0.011668
2.664 0.0114672
2.666 0.0112399
2.668 0.0108108
2.67 0.0106241
2.672 0.0104012
2.674 0.0100284
2.676 0.00983663
2.678 0.00954844
2.68 0.00923153
2.682 0.00885545
2.684 0.00866906
2.686 0.00827744
2.688 0.00792934
2.69 0.00772277
2.692 0.00741318
2.694 0.00715771
2.696 0.00689252
2.698 0.00662472
2.7 0.00630909
2.702 0.00602778
2.704 0.00578767
2.706 0.00551409
2.708 0.00523726
2.71 0.00496006
2.712 0.0047694
2.714 0.00450134
2.716 0.00426663
2.718 0.00403001
2.72 0.00385076
2.722 0.00363841
2.724 0.00344049
2.726 0.0032369
2.728 0.00307695
2.73 0.002881
2.732 0.00269564
2.734 0.00254067
2.736 0.00237788
2.738 0.00223453
2.74 0.00207311
2.742 0.00195955
2.744 0.00181522
2.746 0.00168045
2.748 0.00156825
2.75 0.00147318
2.752 0.00136978
2.754 0.00125081
2.756 0.00118234
2.758 0.00108256
2.76 0.000996736
2.762 0.00092763
2.764 0.000848814
2.766 0.000792318
2.768 0.000726891
2.77 0.000671362
2.772 0.00061416
2.774 0.000559425
2.776 0.00051035
2.778 0.000468556
2.78 0.00042836
2.782 0.000393807
2.784 0.00035454
2.786 0.000322745
2.788 0.000296721
2.79 0.000269797
2.792 0.000242882
2.794 0.00022032
2.796 0.000199185
2.798 0.000180298
2.8 0.000162893
2.802 0.000145663
2.804 0.000131521
2.806 0.000119259
2.808 0.000105927
2.81 9.57704e-05
2.812 8.5341e-05
2.814 7.56185e-05
2.816 6.83249e-05
2.818 6.05853e-05
2.82 5.42978e-05
2.822 4.82382e-05
2.824 4.25877e-05
2.826 3.80194e-05
2.828 3.32198e-05
2.83 2.9263e-05
2.832 2.63772e-05
2.834 2.31604e-05
2.836 2.03702e-05
2.838 1.77384e-05
2.84 1.60778e-05
2.842 1.3756e-05
2.844 1.23569e-05
2.846 1.07779e-05
2.848 9.32749e-06
2.85 8.33481e-06
2.852 7.21585e-06
2.854 6.33245e-06
2.856 5.66251e-06
2.858 4.86522e-06
2.86 4.26204e-06
2.862 3.7056e-06
2.864 3.26715e-06
2.866 2.84884e-06
2.868 2.48898e-06
2.87 2.17974e-06
2.872 1.84223e-06
2.874 1.61216e-06
2.876 1.41406e-06
2.878 1.15862e-06
2.88 9.90969e-07
2.882 8.28589e-07
2.884 7.01589e-07
2.886 5.71526e-07
2.888 5.01255e-07
2.89 3.62726e-07
2.892 3.18008e-07
2.894 2.36724e-07
2.896 1.96128e-07
2.898 1.4476e-07
2.9 1.16939e-07
