#logr PDFlogr r(Rs) PDF
1.568 5.78084e-08 36.9828 6.78852e-10
1.572 4.22164e-07 37.325 4.91208e-09
1.576 2.23007e-06 37.6704 2.57101e-08
1.58 9.13823e-06 38.019 1.04387e-07
1.584 3.08221e-05 38.3707 3.48856e-07
1.588 8.88186e-05 38.7258 9.96066e-07
1.592 0.000219247 39.0841 2.43623e-06
1.596 0.00047565 39.4457 5.23687e-06
1.6 0.000925077 39.8107 1.00916e-05
1.604 0.00161892 40.1791 1.74988e-05
1.608 0.00258713 40.5509 2.77078e-05
1.612 0.00383861 40.9261 4.07341e-05
1.616 0.0054159 41.3048 5.69449e-05
1.62 0.00728124 41.687 7.58559e-05
1.624 0.00945967 42.0727 9.76473e-05
1.628 0.0119919 42.462 0.000122651
1.632 0.014918 42.8549 0.00015118
1.636 0.0183421 43.2514 0.000184176
1.64 0.0222486 43.6516 0.000221354
1.644 0.0265631 44.0555 0.000261857
1.648 0.0311698 44.4632 0.000304451
1.652 0.0357891 44.8746 0.000346365
1.656 0.0402058 45.2898 0.000385543
1.66 0.0443186 45.7088 0.000421085
1.664 0.0481697 46.1318 0.00045348
1.668 0.0516149 46.5586 0.000481459
1.672 0.05399 46.9894 0.000498996
1.676 0.0554994 47.4242 0.000508244
1.68 0.0556511 47.863 0.000504962
1.684 0.0546816 48.3059 0.000491616
1.688 0.0532725 48.7529 0.000474556
1.692 0.0500276 49.204 0.000441564
1.696 0.0464649 49.6592 0.000406358
1.7 0.0422806 50.1187 0.000366374
1.704 0.0381311 50.5825 0.000327389
1.708 0.0333148 51.0505 0.000283414
1.712 0.0289294 51.5229 0.000243851
1.716 0.024345 51.9996 0.000203326
1.72 0.0202474 52.4807 0.000167554
1.724 0.0164376 52.9664 0.000134779
1.728 0.013115 53.4565 0.00010655
1.732 0.0101928 53.9511 8.20501e-05
1.736 0.00775647 54.4503 6.18655e-05
1.74 0.00573873 54.9541 4.53523e-05
1.744 0.00415655 55.4626 3.25474e-05
1.748 0.00292275 55.9758 2.26765e-05
1.752 0.00203155 56.4937 1.56175e-05
1.756 0.00137032 57.0164 1.04377e-05
1.76 0.000899355 57.544 6.78759e-06
1.764 0.000564119 58.0765 4.21847e-06
1.768 0.000334593 58.6138 2.47914e-06
1.772 0.000184546 59.1562 1.35484e-06
1.776 9.50797e-05 59.7035 6.91628e-07
1.78 4.50739e-05 60.256 3.2487e-07
1.784 1.99901e-05 60.8135 1.42758e-07
1.788 8.54961e-06 61.3762 6.04965e-08
1.792 3.71446e-06 61.9441 2.60423e-08
1.796 1.65411e-06 62.5173 1.14908e-08
1.8 7.73661e-07 63.0958 5.32519e-09
1.804 3.84757e-07 63.6796 2.62404e-09
1.808 1.87658e-07 64.2688 1.26809e-09
1.812 8.73619e-08 64.8634 5.84933e-10
1.816 3.76048e-08 65.4637 2.49475e-10
1.82 1.51537e-08 66.0694 9.96097e-11
