#logr PDFlogr r(Rs) PDF
1.556 3.53799e-07 35.975 4.27111e-09
1.56 4.29604e-06 36.3078 5.13869e-08
1.564 2.64277e-05 36.6438 3.13216e-07
1.568 0.000113564 36.9828 1.3336e-06
1.572 0.000377981 37.325 4.39799e-06
1.576 0.00106304 37.6704 1.22556e-05
1.58 0.00253239 38.019 2.89277e-05
1.584 0.00536492 38.3707 6.07221e-05
1.588 0.00977153 38.7258 0.000109584
1.592 0.0158361 39.0841 0.000175968
1.596 0.0233924 39.4457 0.000257549
1.6 0.0310106 39.8107 0.000338294
1.604 0.0388222 40.1791 0.000419628
1.608 0.0449904 40.5509 0.000481841
1.612 0.0502633 40.9261 0.000533378
1.616 0.0544973 41.3048 0.000573006
1.62 0.0573762 41.687 0.000597745
1.624 0.0588419 42.0727 0.000607395
1.628 0.0592679 42.462 0.000606184
1.632 0.0589835 42.8549 0.000597743
1.636 0.0576909 43.2514 0.000579284
1.64 0.0555632 43.6516 0.000552804
1.644 0.0528677 44.0555 0.000521164
1.648 0.0493375 44.4632 0.000481904
1.652 0.0452361 44.8746 0.000437793
1.656 0.0405274 45.2898 0.000388627
1.66 0.0355998 45.7088 0.000338246
1.664 0.0305895 46.1318 0.000287976
1.668 0.0260186 46.5586 0.000242699
1.672 0.0215084 46.9894 0.000198789
1.676 0.0176852 47.4242 0.000161954
1.68 0.0140421 47.863 0.000127414
1.684 0.0109869 48.3059 9.87775e-05
1.688 0.00841677 48.7529 7.49773e-05
1.692 0.00631518 49.204 5.57404e-05
1.696 0.00462332 49.6592 4.04332e-05
1.7 0.00333933 50.1187 2.89363e-05
1.704 0.00237742 50.5825 2.04122e-05
1.708 0.00164163 51.0505 1.39656e-05
1.712 0.00110882 51.5229 9.34645e-06
1.716 0.000736302 51.9996 6.1495e-06
1.72 0.000481237 52.4807 3.98238e-06
1.724 0.000307037 52.9664 2.51753e-06
1.728 0.000189712 53.4565 1.54127e-06
1.732 0.000116239 53.9511 9.35695e-07
1.736 6.88041e-05 54.4503 5.4878e-07
1.74 4.00012e-05 54.9541 3.16123e-07
1.744 2.27194e-05 55.4626 1.77902e-07
1.748 1.2583e-05 55.9758 9.76269e-08
1.752 6.76072e-06 56.4937 5.19729e-08
1.756 3.49147e-06 57.0164 2.65946e-08
1.76 1.71918e-06 57.544 1.2975e-08
1.764 7.77438e-07 58.0765 5.81367e-09
1.768 3.31874e-07 58.6138 2.459e-09
1.772 1.26649e-07 59.1562 9.29793e-10
1.776 4.4033e-08 59.7035 3.20304e-10
1.78 1.42709e-08 60.256 1.02857e-10
