#logTeff PDF
3.574 0.000297786
3.575 0.000891659
3.576 0.00184491
3.577 0.00357303
3.578 0.00655241
3.579 0.0112953
3.58 0.0182815
3.581 0.0277921
3.582 0.0397356
3.583 0.0533151
3.584 0.0675387
3.585 0.0806791
3.586 0.0910241
3.587 0.0966206
3.588 0.0964797
3.589 0.0909227
3.59 0.0807152
3.591 0.0672675
3.592 0.0534528
3.593 0.0400213
3.594 0.0282796
3.595 0.0186247
3.596 0.0114227
3.597 0.00653962
3.598 0.00353753
3.599 0.00179765
3.6 0.000862225
3.601 0.000387561
3.602 0.000163099
3.603 6.08247e-05
3.604 1.85288e-05
3.605 4.27149e-06
3.606 7.0038e-07
3.607 6.90586e-08
