#logTeff PDF
3.572 1.40002e-07
3.573 4.27018e-06
3.574 3.37509e-05
3.575 0.000166079
3.576 0.000563995
3.577 0.00153351
3.578 0.0034588
3.579 0.00686587
3.58 0.0123833
3.581 0.0207842
3.582 0.0321126
3.583 0.0474655
3.584 0.0629821
3.585 0.0792908
3.586 0.0931792
3.587 0.101014
3.588 0.104272
3.589 0.101133
3.59 0.0892269
3.591 0.0741312
3.592 0.058004
3.593 0.0421727
3.594 0.0282411
3.595 0.0180353
3.596 0.0108806
3.597 0.00614283
3.598 0.00322083
3.599 0.00160053
3.6 0.000720733
3.601 0.00031399
3.602 6.60969e-05
