#[M/H] PDF
-0.340000 0.000000
-0.330000 0.000001
-0.320000 0.000002
-0.310000 0.000004
-0.300000 0.000009
-0.290000 0.000017
-0.280000 0.000030
-0.270000 0.000053
-0.260000 0.000090
-0.250000 0.000145
-0.240000 0.000232
-0.230000 0.000363
-0.220000 0.000556
-0.210000 0.000828
-0.200000 0.001201
-0.190000 0.001713
-0.180000 0.002398
-0.170000 0.003281
-0.160000 0.004433
-0.150000 0.005857
-0.140000 0.007625
-0.130000 0.009784
-0.120000 0.012277
-0.110000 0.015193
-0.100000 0.018426
-0.090000 0.021911
-0.080000 0.025758
-0.070000 0.029808
-0.060000 0.033687
-0.050000 0.037574
-0.040000 0.041451
-0.030000 0.044674
-0.020000 0.047424
-0.010000 0.049469
0.000000 0.051317
0.010000 0.051586
0.020000 0.051102
0.030000 0.049760
0.040000 0.047751
0.050000 0.045284
0.060000 0.041987
0.070000 0.038359
0.080000 0.034511
0.090000 0.030655
0.100000 0.026709
0.110000 0.022901
0.120000 0.019368
0.130000 0.016074
0.140000 0.013159
0.150000 0.010602
0.160000 0.008425
0.170000 0.006570
0.180000 0.005049
0.190000 0.003827
0.200000 0.002847
0.210000 0.002075
0.220000 0.001496
0.230000 0.001062
0.240000 0.000743
0.250000 0.000508
