#[M/H] PDF
-0.560000 0.000000
-0.540000 0.000003
-0.520000 0.000029
-0.500000 0.000152
-0.480000 0.000561
-0.460000 0.001585
-0.440000 0.003659
-0.420000 0.007387
-0.400000 0.013314
-0.380000 0.021910
-0.360000 0.033410
-0.340000 0.047347
-0.320000 0.063010
-0.300000 0.078525
-0.280000 0.091519
-0.270000 0.049487
-0.260000 0.050578
-0.250000 0.050433
-0.240000 0.050405
-0.230000 0.049755
-0.220000 0.048103
-0.210000 0.045702
-0.200000 0.042917
-0.190000 0.039505
-0.180000 0.035641
-0.170000 0.031812
-0.160000 0.027725
-0.150000 0.023805
-0.140000 0.020220
-0.130000 0.016796
-0.120000 0.013744
-0.110000 0.011049
-0.100000 0.008730
-0.090000 0.006818
-0.080000 0.005266
-0.070000 0.003969
-0.050000 0.002955
-0.040000 0.002173
