#[M/H] PDF
-0.130000 0.000451
-0.120000 0.000663
-0.110000 0.000956
-0.100000 0.001361
-0.090000 0.001895
-0.080000 0.002614
-0.070000 0.003547
-0.060000 0.004703
-0.050000 0.006154
-0.040000 0.007973
-0.030000 0.010094
-0.020000 0.012584
-0.010000 0.015436
0.000000 0.018837
0.010000 0.022267
0.020000 0.025951
0.030000 0.029747
0.040000 0.033578
0.050000 0.037528
0.060000 0.040981
0.070000 0.044010
0.080000 0.046589
0.090000 0.048690
0.100000 0.049970
0.110000 0.050473
0.120000 0.050249
0.130000 0.049038
0.140000 0.047338
0.150000 0.044973
0.160000 0.042069
0.170000 0.038654
0.180000 0.034956
0.190000 0.031200
0.200000 0.027262
0.210000 0.023363
0.220000 0.019816
0.230000 0.016549
0.240000 0.013653
0.250000 0.010954
0.260000 0.008628
0.270000 0.006650
0.280000 0.005054
0.290000 0.003749
0.300000 0.002745
0.310000 0.001959
0.320000 0.001374
0.330000 0.000949
0.340000 0.000641
0.350000 0.000422
0.360000 0.000274
0.370000 0.000173
0.380000 0.000108
0.390000 0.000065
0.400000 0.000038
0.410000 0.000022
0.420000 0.000012
0.430000 0.000006
0.440000 0.000003
0.450000 0.000001
0.460000 0.000001
0.470000 0.000000
