#[M/H] PDF
-0.340000 0.000001
-0.330000 0.000001
-0.320000 0.000003
-0.310000 0.000005
-0.300000 0.000010
-0.290000 0.000020
-0.280000 0.000035
-0.270000 0.000060
-0.260000 0.000100
-0.250000 0.000160
-0.240000 0.000252
-0.230000 0.000391
-0.220000 0.000594
-0.210000 0.000878
-0.200000 0.001267
-0.190000 0.001800
-0.180000 0.002511
-0.170000 0.003427
-0.160000 0.004617
-0.150000 0.006084
-0.140000 0.007900
-0.130000 0.010109
-0.120000 0.012645
-0.110000 0.015609
-0.100000 0.018881
-0.090000 0.022400
-0.080000 0.026263
-0.070000 0.030331
-0.060000 0.034194
-0.050000 0.038048
-0.040000 0.041900
-0.030000 0.045048
-0.020000 0.047718
-0.010000 0.049672
0.000000 0.051421
0.010000 0.051578
0.020000 0.050993
0.030000 0.049540
0.040000 0.047445
0.050000 0.044893
0.060000 0.041531
0.070000 0.037863
0.080000 0.033992
0.090000 0.030138
0.100000 0.026198
0.110000 0.022414
0.120000 0.018914
0.130000 0.015662
0.140000 0.012790
0.150000 0.010284
0.160000 0.008156
0.170000 0.006348
0.180000 0.004868
0.190000 0.003683
0.200000 0.002733
0.210000 0.001988
0.220000 0.001430
0.230000 0.001013
0.240000 0.000708
0.250000 0.000483
