#[M/H] PDF
-0.130000 0.000456
-0.120000 0.000670
-0.110000 0.000966
-0.100000 0.001374
-0.090000 0.001912
-0.080000 0.002636
-0.070000 0.003576
-0.060000 0.004739
-0.050000 0.006198
-0.040000 0.008026
-0.030000 0.010157
-0.020000 0.012657
-0.010000 0.015520
0.000000 0.018931
0.010000 0.022368
0.020000 0.026058
0.030000 0.029856
0.040000 0.033688
0.050000 0.037631
0.060000 0.041077
0.070000 0.044093
0.080000 0.046657
0.090000 0.048743
0.100000 0.050001
0.110000 0.050482
0.120000 0.050233
0.130000 0.048998
0.140000 0.047274
0.150000 0.044892
0.160000 0.041977
0.170000 0.038550
0.180000 0.034848
0.190000 0.031091
0.200000 0.027154
0.210000 0.023260
0.220000 0.019718
0.230000 0.016458
0.240000 0.013574
0.250000 0.010888
0.260000 0.008572
0.270000 0.006604
0.280000 0.005016
0.290000 0.003718
0.300000 0.002720
0.310000 0.001939
0.320000 0.001359
0.330000 0.000939
0.340000 0.000634
0.350000 0.000417
0.360000 0.000271
0.370000 0.000170
0.380000 0.000106
0.390000 0.000064
0.400000 0.000037
0.410000 0.000021
0.420000 0.000012
0.430000 0.000006
0.440000 0.000003
0.450000 0.000001
0.460000 0.000001
0.470000 0.000000
