#[M/H] PDF
-0.250000 0.000057
-0.240000 0.000092
-0.230000 0.000145
-0.220000 0.000224
-0.210000 0.000341
-0.200000 0.000511
-0.190000 0.000751
-0.180000 0.001088
-0.170000 0.001542
-0.160000 0.002156
-0.150000 0.002951
-0.140000 0.003980
-0.130000 0.005283
-0.120000 0.006859
-0.110000 0.008807
-0.100000 0.011077
-0.090000 0.013726
-0.080000 0.016720
-0.070000 0.020126
-0.060000 0.023673
-0.050000 0.027444
-0.040000 0.031477
-0.030000 0.035402
-0.020000 0.039116
-0.010000 0.042540
0.000000 0.046032
0.010000 0.048248
0.020000 0.049836
0.030000 0.050646
0.040000 0.050621
0.050000 0.050210
0.060000 0.048625
0.070000 0.046278
0.080000 0.043416
0.090000 0.040183
0.100000 0.036617
0.110000 0.032773
0.120000 0.028934
0.130000 0.025046
0.140000 0.021414
0.150000 0.018039
0.160000 0.014947
0.170000 0.012183
0.180000 0.009776
0.190000 0.007727
0.200000 0.005982
0.210000 0.004546
0.220000 0.003424
0.230000 0.002537
0.240000 0.001852
0.250000 0.001317
0.260000 0.000921
0.270000 0.000629
0.280000 0.000423
0.290000 0.000278
0.300000 0.000181
0.310000 0.000114
0.320000 0.000071
0.330000 0.000044
0.340000 0.000026
0.350000 0.000015
