#logTeff PDF
3.574 0.000316026
3.575 0.000878781
3.576 0.00163938
3.577 0.00292479
3.578 0.00491887
3.579 0.00792064
3.58 0.0120372
3.581 0.0173871
3.582 0.0241686
3.583 0.0321556
3.584 0.0411782
3.585 0.0509266
3.586 0.0604516
3.587 0.0690619
3.588 0.0752051
3.589 0.0785476
3.59 0.0787333
3.591 0.0757932
3.592 0.0706584
3.593 0.0634802
3.594 0.0554608
3.595 0.0462626
3.596 0.0371123
3.597 0.0288091
3.598 0.0213918
3.599 0.0152426
3.6 0.0104558
3.601 0.00688426
3.602 0.00435758
3.603 0.00262988
3.604 0.0015302
3.605 0.000843504
3.606 0.000448603
3.607 0.000187859
