#logTeff PDF
3.578 1.32205e-05
3.579 5.17175e-05
3.58 0.000115854
3.581 0.000248682
3.582 0.000513897
3.583 0.00100005
3.584 0.00186241
3.585 0.00328518
3.586 0.00553491
3.587 0.00883997
3.588 0.0135618
3.589 0.0201203
3.59 0.0287393
3.591 0.0386765
3.592 0.0493841
3.593 0.0607989
3.594 0.0704686
3.595 0.0784576
3.596 0.0829561
3.597 0.0839651
3.598 0.0816767
3.599 0.0759345
3.6 0.0673465
3.601 0.0577628
3.602 0.0474294
3.603 0.0374016
3.604 0.0281064
3.605 0.0202821
3.606 0.0139376
3.607 0.00923892
3.608 0.00585401
3.609 0.00355886
3.61 0.00208452
3.611 0.000791736
