#logTeff PDF
3.57 3.61812e-07
3.571 5.67934e-06
3.572 1.60094e-05
3.573 4.17722e-05
3.574 0.000101374
3.575 0.000231069
3.576 0.000493309
3.577 0.00099346
3.578 0.00188712
3.579 0.00334931
3.58 0.0056638
3.581 0.00905513
3.582 0.0138024
3.583 0.0200294
3.584 0.02765
3.585 0.0364629
3.586 0.0461358
3.587 0.0557407
3.588 0.0646353
3.589 0.0720032
3.59 0.0770202
3.591 0.0789461
3.592 0.0782949
3.593 0.0744986
3.594 0.0686378
3.595 0.0606424
3.596 0.0517873
3.597 0.0425618
3.598 0.0336834
3.599 0.0257177
3.6 0.0189513
3.601 0.0134312
3.602 0.00916284
3.603 0.0060535
3.604 0.00231267
