#logTeff PDF
3.574 0.000241289
3.575 0.0006392
3.576 0.00115505
3.577 0.00201219
3.578 0.00336859
3.579 0.00540402
3.58 0.00830904
3.581 0.0123458
3.582 0.0176505
3.583 0.0242095
3.584 0.0319273
3.585 0.0405058
3.586 0.0497555
3.587 0.0585057
3.588 0.0665322
3.589 0.0727042
3.59 0.0765742
3.591 0.0773116
3.592 0.0754776
3.593 0.0709522
3.594 0.0644565
3.595 0.0560459
3.596 0.0471392
3.597 0.0382354
3.598 0.0297753
3.599 0.0223735
3.6 0.0162047
3.601 0.0112865
3.602 0.00757957
3.603 0.00490156
3.604 0.00305548
3.605 0.00182691
3.606 0.00105655
3.607 0.000481333
