#logTeff PDF
3.568 0.000377014
3.569 0.00129842
3.57 0.00230422
3.571 0.00389406
3.572 0.00632746
3.573 0.0098556
3.574 0.0147572
3.575 0.0211207
3.576 0.0290193
3.577 0.038458
3.578 0.0485713
3.579 0.0589088
3.58 0.0680497
3.581 0.0757478
3.582 0.0807105
3.583 0.0822585
3.584 0.080344
3.585 0.0753393
3.586 0.0674953
3.587 0.0581472
3.588 0.0479362
3.589 0.0382617
3.59 0.0292813
3.591 0.0214306
3.592 0.0149703
3.593 0.0100438
3.594 0.00643892
3.595 0.00392691
3.596 0.00226863
3.597 0.00124125
3.598 0.000649393
3.599 0.000325584
3.6 0.000155605
3.601 7.08176e-05
3.602 1.47802e-05
