#logm PDFlogm m(Ms) PDF
-0.06303 3.97897e-09 0.864908 1.99795e-09
-0.06103 2.46874e-08 0.8689 1.23393e-08
-0.05903 2.31363e-07 0.872911 1.15109e-07
-0.05703 1.33202e-06 0.87694 6.59669e-07
-0.05503 4.00433e-06 0.880988 1.97399e-06
-0.05303 7.74977e-06 0.885054 3.8028e-06
-0.05103 1.73038e-05 0.88914 8.45193e-06
-0.04903 2.9443e-05 0.893244 1.43152e-05
-0.04703 3.51353e-05 0.897367 1.70043e-05
-0.04503 6.55507e-05 0.901509 3.15785e-05
-0.04303 9.48277e-05 0.90567 4.54726e-05
-0.04103 0.000123065 0.90985 5.87423e-05
-0.03903 0.00016026 0.91405 7.61446e-05
-0.03703 0.000241742 0.918269 0.000114331
-0.03503 0.000352824 0.922508 0.000166101
-0.03303 0.000462334 0.926766 0.000216656
-0.03103 0.000635643 0.931044 0.000296502
-0.02903 0.000667047 0.935341 0.000309721
-0.02703 0.000858517 0.939658 0.000396792
-0.02503 0.000944433 0.943996 0.000434495
-0.02303 0.00113489 0.948353 0.000519717
-0.02103 0.00121937 0.95273 0.000555841
-0.01903 0.00126071 0.957128 0.000572042
-0.01703 0.00141268 0.961546 0.000638056
-0.01503 0.00158786 0.965984 0.000713884
-0.01303 0.00156062 0.970443 0.000698411
-0.01103 0.00163479 0.974922 0.000728244
-0.00902998 0.00178695 0.979422 0.000792367
-0.00703001 0.00184505 0.983943 0.000814371
-0.00503001 0.00193911 0.988485 0.000851953
-0.00303 0.00178177 0.993047 0.000779229
-0.00103 0.00213017 0.997631 0.000927316
0.000970006 0.00224574 1.00224 0.000973137
0.00297001 0.00218598 1.00686 0.000942891
0.00497001 0.00253388 1.01151 0.00108793
0.00697002 0.00268238 1.01618 0.0011464
0.00896999 0.00247119 1.02087 0.00105128
0.01097 0.00297741 1.02558 0.00126082
0.01297 0.00276854 1.03031 0.00116698
0.01497 0.00320348 1.03507 0.00134411
0.01697 0.00306608 1.03985 0.00128055
0.01897 0.00323917 1.04465 0.00134663
0.02097 0.00364378 1.04947 0.00150788
0.02297 0.00360153 1.05431 0.00148355
0.02497 0.00395644 1.05918 0.00162226
0.02697 0.00433832 1.06407 0.00177066
0.02897 0.00441946 1.06898 0.00179549
0.03097 0.00464401 1.07392 0.00187805
0.03297 0.00497721 1.07887 0.00200355
0.03497 0.00494092 1.08385 0.0019798
0.03697 0.00536573 1.08885 0.00214014
0.03897 0.00538487 1.09388 0.00213791
0.04097 0.00564941 1.09893 0.00223263
0.04297 0.00602288 1.104 0.00236929
0.04497 0.00592341 1.1091 0.00231946
0.04697 0.00643375 1.11422 0.00250772
0.04897 0.00673459 1.11936 0.00261292
0.05097 0.00708054 1.12453 0.00273452
0.05297 0.00727395 1.12972 0.00279631
0.05497 0.00728624 1.13493 0.00278816
0.05697 0.00751105 1.14017 0.00286098
0.05897 0.00770647 1.14543 0.00292193
0.06097 0.00827381 1.15072 0.00312262
0.06297 0.00866532 1.15603 0.00325536
0.06497 0.00859209 1.16137 0.00321302
0.06697 0.00907327 1.16673 0.00337737
0.06897 0.00961859 1.17211 0.0035639
0.07097 0.00985613 1.17752 0.00363514
0.07297 0.00985451 1.18296 0.00361784
0.07497 0.010261 1.18842 0.00374978
0.07697 0.0100883 1.19391 0.00366971
0.07897 0.0105372 1.19942 0.0038154
0.08097 0.0105414 1.20495 0.00379939
0.08297 0.010957 1.21051 0.00393104
0.08497 0.0113898 1.2161 0.00406752
0.08697 0.0115649 1.22172 0.00411109
0.08897 0.011862 1.22735 0.00419733
0.09097 0.012119 1.23302 0.00426857
0.09297 0.0118938 1.23871 0.00417001
0.09497 0.0120077 1.24443 0.00419057
0.09697 0.0121163 1.25017 0.00420907
0.09897 0.0120815 1.25594 0.00417766
0.10097 0.0125858 1.26174 0.00433205
0.10297 0.0133465 1.26756 0.00457279
0.10497 0.013569 1.27342 0.00462765
0.10697 0.0128583 1.27929 0.00436515
0.10897 0.0131659 1.2852 0.00444903
0.11097 0.0128172 1.29113 0.0043113
0.11297 0.0133519 1.29709 0.00447052
0.11497 0.0133266 1.30308 0.00444155
0.11697 0.0131734 1.30909 0.00437031
0.11897 0.0129913 1.31513 0.00429009
0.12097 0.0131325 1.3212 0.00431678
0.12297 0.0134314 1.3273 0.00439477
0.12497 0.0139755 1.33343 0.00455179
0.12697 0.0138751 1.33958 0.00449831
0.12897 0.0136043 1.34577 0.00439027
0.13097 0.0131205 1.35198 0.00421468
0.13297 0.0128606 1.35822 0.0041122
0.13497 0.0127442 1.36449 0.00405627
0.13697 0.0127385 1.37079 0.00403584
0.13897 0.012473 1.37711 0.00393356
0.14097 0.01238 1.38347 0.00388628
0.14297 0.0122867 1.38986 0.00383928
0.14497 0.0121582 1.39627 0.00378168
0.14697 0.0123904 1.40272 0.00383618
0.14897 0.0124503 1.40919 0.00383701
0.15097 0.0116886 1.4157 0.00358574
0.15297 0.0110658 1.42223 0.00337906
0.15497 0.010783 1.4288 0.0032776
0.15697 0.0109316 1.43539 0.00330749
0.15897 0.0104992 1.44202 0.00316207
0.16097 0.0103051 1.44867 0.00308934
0.16297 0.010468 1.45536 0.00312377
0.16497 0.0101241 1.46208 0.00300726
0.16697 0.00990765 1.46882 0.00292944
0.16897 0.00985844 1.4756 0.0029015
0.17097 0.00981404 1.48242 0.00287516
0.17297 0.00877444 1.48926 0.00255878
0.17497 0.00815373 1.49613 0.00236685
0.17697 0.00788484 1.50304 0.00227828
0.17897 0.00776415 1.50998 0.0022331
0.18097 0.00748277 1.51695 0.00214228
0.18297 0.00755707 1.52395 0.00215361
0.18497 0.00771195 1.53098 0.00218765
0.18697 0.00719842 1.53805 0.0020326
0.18897 0.00686502 1.54515 0.00192955
0.19097 0.00650666 1.55228 0.00182042
0.19297 0.00622524 1.55944 0.00173369
0.19497 0.0058272 1.56664 0.00161538
0.19697 0.00556385 1.57387 0.00153529
0.19897 0.00535146 1.58114 0.0014699
0.20097 0.00522163 1.58844 0.00142765
0.20297 0.00492617 1.59577 0.00134067
0.20497 0.00470054 1.60313 0.00127339
0.20697 0.0045175 1.61053 0.00121818
0.20897 0.00425867 1.61797 0.00114311
0.21097 0.00407397 1.62544 0.00108851
0.21297 0.00385355 1.63294 0.00102489
0.21497 0.00366473 1.64048 0.00097019
0.21697 0.00348063 1.64805 0.000917218
0.21897 0.00329073 1.65566 0.000863189
0.22097 0.00311466 1.6633 0.000813252
0.22297 0.00294508 1.67098 0.000765441
0.22497 0.00280452 1.67869 0.00072556
0.22697 0.00266005 1.68644 0.000685022
0.22897 0.00252225 1.69422 0.00064655
0.23097 0.00243309 1.70204 0.000620829
0.23297 0.00219567 1.7099 0.000557674
0.23497 0.00210705 1.71779 0.000532707
0.23697 0.00184682 1.72572 0.000464771
0.23897 0.00178263 1.73368 0.000446556
0.24097 0.0015502 1.74169 0.000386546
0.24297 0.00155592 1.74973 0.000386191
0.24497 0.00133382 1.7578 0.000329543
0.24697 0.00133511 1.76592 0.000328347
0.24897 0.00122375 1.77407 0.000299577
0.25097 0.00105966 1.78226 0.000258214
0.25297 0.00101563 1.79048 0.000246348
0.25497 0.000920892 1.79875 0.000222343
0.25697 0.000792045 1.80705 0.000190355
0.25897 0.000779701 1.81539 0.000186527
0.26097 0.000716171 1.82377 0.000170542
0.26297 0.000618719 1.83219 0.000146659
0.26497 0.000597892 1.84064 0.000141071
0.26697 0.00055113 1.84914 0.00012944
0.26897 0.000476113 1.85768 0.000111308
0.27097 0.000454851 1.86625 0.000105848
0.27297 0.000424518 1.87486 9.83355e-05
0.27497 0.000362081 1.88352 8.34872e-05
0.27697 0.00035327 1.89221 8.10814e-05
0.27897 0.000317146 1.90095 7.24559e-05
0.28097 0.0002702 1.90972 6.14468e-05
0.28297 0.000264296 1.91854 5.9828e-05
0.28497 0.000229627 1.92739 5.17412e-05
0.28697 0.000209197 1.93629 4.69213e-05
0.28897 0.000187927 1.94523 4.1957e-05
0.29097 0.000183178 1.9542 4.07088e-05
0.29297 0.000154979 1.96322 3.42837e-05
0.29497 0.00013693 1.97229 3.01518e-05
0.29697 0.000128276 1.98139 2.81165e-05
0.29897 0.000120132 1.99054 2.62103e-05
0.30097 0.000119595 1.99972 2.59733e-05
0.30297 0.00011061 2.00895 2.39116e-05
0.30497 8.49587e-05 2.01823 1.82819e-05
0.30697 8.93665e-05 2.02754 1.91421e-05
0.30897 3.88501e-05 2.0369 8.28336e-06
0.31097 1.04379e-05 2.0463 2.21527e-06
0.31297 8.89975e-06 2.05575 1.88015e-06
0.31497 7.67528e-06 2.06524 1.61402e-06
0.31697 8.65459e-06 2.07477 1.81159e-06
0.31897 7.08368e-06 2.08435 1.47596e-06
0.32097 6.88574e-06 2.09397 1.42812e-06
0.32297 5.30443e-06 2.10363 1.0951e-06
0.32497 5.73029e-06 2.11334 1.17758e-06
0.32697 5.62328e-06 2.1231 1.15028e-06
0.32897 3.80806e-06 2.1329 7.75386e-07
0.33097 2.86403e-06 2.14274 5.80487e-07
0.33297 3.22208e-06 2.15263 6.50056e-07
0.33497 2.72542e-06 2.16257 5.47328e-07
0.33697 2.33827e-06 2.17255 4.67422e-07
0.33897 2.13802e-06 2.18258 4.25428e-07
0.34097 1.95699e-06 2.19265 3.87618e-07
0.34297 1.42392e-06 2.20277 2.80738e-07
0.34497 1.38835e-06 2.21294 2.72467e-07
0.34697 1.17045e-06 2.22316 2.28649e-07
0.34897 1.0221e-06 2.23342 1.98751e-07
0.35097 8.95247e-07 2.24373 1.73284e-07
0.35297 7.26194e-07 2.25408 1.39916e-07
0.35497 6.37624e-07 2.26449 1.22287e-07
0.35697 5.78561e-07 2.27494 1.10449e-07
0.35897 4.61259e-07 2.28544 8.76515e-08
0.36097 4.08221e-07 2.29599 7.72165e-08
0.36297 3.6552e-07 2.30659 6.88217e-08
0.36497 3.0988e-07 2.31723 5.80774e-08
0.36697 2.63126e-07 2.32793 4.90884e-08
0.36897 2.23818e-07 2.33868 4.15632e-08
0.37097 1.41426e-07 2.34947 2.61422e-08
0.37297 1.67002e-07 2.36032 3.07281e-08
0.37497 1.20032e-07 2.37121 2.19842e-08
0.37697 1.059e-07 2.38216 1.93068e-08
0.37897 8.94663e-08 2.39315 1.62358e-08
0.38097 8.03754e-08 2.4042 1.4519e-08
0.38297 6.17424e-08 2.41529 1.11019e-08
0.38497 5.43636e-08 2.42644 9.73021e-09
0.38697 4.51733e-08 2.43764 8.04815e-09
0.38897 3.63634e-08 2.44889 6.4488e-09
0.39097 3.26908e-08 2.4602 5.77086e-09
0.39297 2.46232e-08 2.47155 4.32672e-09
0.39497 2.2662e-08 2.48296 3.96381e-09
0.39697 7.05198e-09 2.49442 1.22779e-09
