#logm PDFlogm m(Ms) PDF
-0.05703 9.65358e-07 0.87694 4.78082e-07
-0.05503 3.61181e-06 0.880988 1.78049e-06
-0.05303 6.78065e-06 0.885054 3.32725e-06
-0.05103 1.49753e-05 0.88914 7.31461e-06
-0.04903 3.10039e-05 0.893244 1.50741e-05
-0.04703 5.57946e-05 0.897367 2.70027e-05
-0.04503 8.35909e-05 0.901509 4.02692e-05
-0.04303 0.00013117 0.90567 6.28996e-05
-0.04103 0.000192115 0.90985 9.17012e-05
-0.03903 0.000303654 0.91405 0.000144276
-0.03703 0.000443644 0.918269 0.000209821
-0.03503 0.000660157 0.922508 0.000310786
-0.03303 0.000851056 0.926766 0.000398816
-0.03103 0.00103926 0.931044 0.000484771
-0.02903 0.00130348 0.935341 0.000605228
-0.02703 0.00153856 0.939658 0.000711096
-0.02503 0.00197196 0.943996 0.000907221
-0.02303 0.00229019 0.948353 0.00104878
-0.02103 0.00234077 0.95273 0.00106702
-0.01903 0.00274547 0.957128 0.00124575
-0.01703 0.00298543 0.961546 0.00134841
-0.01503 0.00312146 0.965984 0.00140337
-0.01303 0.00323783 0.970443 0.001449
-0.01103 0.00343623 0.974922 0.00153072
-0.00902998 0.00350661 0.979422 0.0015549
-0.00703001 0.00346856 0.983943 0.00153096
-0.00503001 0.00357 0.988485 0.00156849
-0.00303 0.00381312 0.993047 0.00166761
-0.00103 0.00392291 0.997631 0.00170774
0.000970006 0.00471309 1.00224 0.0020423
0.00297001 0.00465871 1.00686 0.00200946
0.00497001 0.00485222 1.01151 0.00208331
0.00697002 0.00521785 1.01618 0.00223
0.00896999 0.00524336 1.02087 0.00223061
0.01097 0.00516172 1.02558 0.00218579
0.01297 0.00575847 1.03031 0.00242729
0.01497 0.00599275 1.03507 0.00251444
0.01697 0.00600274 1.03985 0.00250705
0.01897 0.0067317 1.04465 0.00279859
0.02097 0.00668095 1.04947 0.00276473
0.02297 0.0067849 1.05431 0.00279484
0.02497 0.00763866 1.05918 0.00313207
0.02697 0.00758042 1.06407 0.00309391
0.02897 0.00861838 1.06898 0.00350139
0.03097 0.0087558 1.07392 0.00354087
0.03297 0.00809947 1.07887 0.0032604
0.03497 0.00858896 1.08385 0.00344155
0.03697 0.00845005 1.08885 0.00337034
0.03897 0.00958387 1.09388 0.00380501
0.04097 0.00975304 1.09893 0.00385438
0.04297 0.0105142 1.104 0.00413609
0.04497 0.0105128 1.1091 0.00411655
0.04697 0.0105172 1.11422 0.00409936
0.04897 0.010883 1.11936 0.00422245
0.05097 0.0104039 1.12453 0.00401801
0.05297 0.0114824 1.12972 0.00441414
0.05497 0.0111213 1.13493 0.00425568
0.05697 0.0110004 1.14017 0.00419008
0.05897 0.0117978 1.14543 0.00447318
0.06097 0.0125209 1.15072 0.00472554
0.06297 0.0135419 1.15603 0.00508736
0.06497 0.0129738 1.16137 0.00485157
0.06697 0.0128588 1.16673 0.00478645
0.06897 0.0132895 1.17211 0.00492404
0.07097 0.0121449 1.17752 0.00447927
0.07297 0.0138724 1.18296 0.00509293
0.07497 0.0128693 1.18842 0.00470295
0.07697 0.0134692 1.19391 0.00489956
0.07897 0.0142781 1.19942 0.00516994
0.08097 0.014569 1.20495 0.00525103
0.08297 0.0135445 1.21051 0.00485935
0.08497 0.0140712 1.2161 0.00502512
0.08697 0.0144384 1.22172 0.00513255
0.08897 0.0134183 1.22735 0.00474803
0.09097 0.0134234 1.23302 0.00472798
0.09297 0.0136925 1.23871 0.0048006
0.09497 0.0143714 1.24443 0.0050155
0.09697 0.0150296 1.25017 0.00522109
0.09897 0.0139277 1.25594 0.00481609
0.10097 0.0125304 1.26174 0.00431299
0.10297 0.0139802 1.26756 0.0047899
0.10497 0.0131859 1.27342 0.00449701
0.10697 0.0131656 1.27929 0.00446945
0.10897 0.013429 1.2852 0.00453795
0.11097 0.0128051 1.29113 0.00430722
0.11297 0.0135935 1.29709 0.00455142
0.11497 0.013545 1.30308 0.00451432
0.11697 0.0129719 1.30909 0.00430345
0.11897 0.0134488 1.31513 0.00444118
0.12097 0.0119076 1.3212 0.00391417
0.12297 0.0120571 1.3273 0.0039451
0.12497 0.0113564 1.33343 0.00369876
0.12697 0.0122921 1.33958 0.00398511
0.12897 0.010251 1.34577 0.00330811
0.13097 0.0112422 1.35198 0.00361132
0.13297 0.0104278 1.35822 0.00333432
0.13497 0.0101391 1.36449 0.00322712
0.13697 0.0104461 1.37079 0.00330956
0.13897 0.00991569 1.37711 0.00312707
0.14097 0.00926377 1.38347 0.00290805
0.14297 0.00929667 1.38986 0.00290497
0.14497 0.0086244 1.39627 0.00268252
0.14697 0.00831104 1.40272 0.00257318
0.14897 0.0090303 1.40919 0.00278302
0.15097 0.00882598 1.4157 0.00270756
0.15297 0.0072262 1.42223 0.0022066
0.15497 0.00754238 1.4288 0.00229257
0.15697 0.00660674 1.43539 0.00199895
0.15897 0.00711085 1.44202 0.00214159
0.16097 0.00669295 1.44867 0.00200647
0.16297 0.00678191 1.45536 0.00202379
0.16497 0.0059462 1.46208 0.00176626
0.16697 0.00554758 1.46882 0.00164028
0.16897 0.00536377 1.4756 0.00157864
0.17097 0.00487204 1.48242 0.00142733
0.17297 0.00455012 1.48926 0.0013269
0.17497 0.00449145 1.49613 0.00130377
0.17697 0.00441306 1.50304 0.00127513
0.17897 0.00488108 1.50998 0.00140388
0.18097 0.00444501 1.51695 0.00127259
0.18297 0.00399397 1.52395 0.0011382
0.18497 0.00352446 1.53098 0.000999786
0.18697 0.00339229 1.53805 0.000957873
0.18897 0.00310194 1.54515 0.000871862
0.19097 0.00302924 1.55228 0.000847516
0.19297 0.00285453 1.55944 0.000794968
0.19497 0.0026598 1.56664 0.000737333
0.19697 0.00247595 1.57387 0.000683214
0.19897 0.00236483 1.58114 0.000649552
0.20097 0.0021609 1.58844 0.000590811
0.20297 0.00199993 1.59577 0.000544288
0.20497 0.00189759 1.60313 0.000514064
0.20697 0.00178665 1.61053 0.000481786
0.20897 0.0016066 1.61797 0.000431244
0.21097 0.00149797 1.62544 0.000400237
0.21297 0.00142344 1.63294 0.000378577
0.21497 0.00134025 1.64048 0.000354813
0.21697 0.00128217 1.64805 0.000337879
0.21897 0.00117629 1.65566 0.000308552
0.22097 0.00102185 1.6633 0.00026681
0.22297 0.000991769 1.67098 0.000257765
0.22497 0.000903627 1.67869 0.000233778
0.22697 0.000871742 1.68644 0.000224493
0.22897 0.000727802 1.69422 0.000186564
0.23097 0.000758335 1.70204 0.000193498
0.23297 0.0006252 1.7099 0.000158794
0.23497 0.000612994 1.71779 0.000154978
0.23697 0.000506357 1.72572 0.00012743
0.23897 0.000458277 1.73368 0.0001148
0.24097 0.000440513 1.74169 0.000109843
0.24297 0.000367999 1.74973 9.134e-05
0.24497 0.000347105 1.7578 8.57582e-05
0.24697 0.000304162 1.76592 7.48031e-05
0.24897 0.00030977 1.77407 7.58323e-05
0.25097 0.000241446 1.78226 5.88349e-05
0.25297 0.000228233 1.79048 5.53595e-05
0.25497 0.000193574 1.79875 4.6737e-05
0.25697 0.000177534 1.80705 4.26673e-05
0.25897 0.000147929 1.81539 3.5389e-05
0.26097 0.000145685 1.82377 3.4692e-05
0.26297 0.000133888 1.83219 3.17362e-05
0.26497 0.000113289 1.84064 2.67302e-05
0.26697 9.30192e-05 1.84914 2.18468e-05
0.26897 9.75394e-05 1.85768 2.28031e-05
0.27097 7.85359e-05 1.86625 1.82761e-05
0.27297 6.63954e-05 1.87486 1.53799e-05
0.27497 6.80264e-05 1.88352 1.56853e-05
0.27697 5.32603e-05 1.89221 1.22241e-05
0.27897 4.9333e-05 1.90095 1.12707e-05
0.28097 4.58405e-05 1.90972 1.04247e-05
0.28297 3.59613e-05 1.91854 8.14048e-06
0.28497 3.46779e-05 1.92739 7.81388e-06
0.28697 2.97539e-05 1.93629 6.67358e-06
0.28897 2.84262e-05 1.94523 6.34649e-06
0.29097 2.374e-05 1.9542 5.27587e-06
0.29297 2.045e-05 1.96322 4.52385e-06
0.29497 1.85257e-05 1.97229 4.07933e-06
0.29697 1.41509e-05 1.98139 3.10169e-06
0.29897 1.45472e-05 1.99054 3.1739e-06
0.30097 1.34796e-05 1.99972 2.92746e-06
0.30297 1.32342e-05 2.00895 2.86096e-06
0.30497 6.21443e-06 2.01823 1.33726e-06
0.30697 1.04896e-06 2.02754 2.24684e-07
0.30897 1.13799e-06 2.0369 2.42635e-07
0.31097 5.75685e-07 2.0463 1.2218e-07
0.31297 6.16804e-07 2.05575 1.30305e-07
0.31497 5.38245e-07 2.06524 1.13186e-07
0.31697 4.96025e-07 2.07477 1.03829e-07
0.31897 4.22251e-07 2.08435 8.79803e-08
0.32097 4.35662e-07 2.09397 9.03574e-08
0.32297 3.1754e-07 2.10363 6.55561e-08
0.32497 2.51067e-07 2.11334 5.15946e-08
0.32697 2.58069e-07 2.1231 5.27898e-08
0.32897 2.04279e-07 2.1329 4.15946e-08
0.33097 1.38769e-07 2.14274 2.8126e-08
0.33297 1.70367e-07 2.15263 3.43715e-08
0.33497 1.17052e-07 2.16257 2.35067e-08
0.33697 1.10725e-07 2.17255 2.21341e-08
0.33897 8.05022e-08 2.18258 1.60185e-08
0.34097 7.06476e-08 2.19265 1.3993e-08
0.34297 5.8133e-08 2.20277 1.14614e-08
0.34497 5.16935e-08 2.21294 1.0145e-08
0.34697 3.81334e-08 2.22316 7.44938e-09
0.34897 4.23518e-08 2.23342 8.23543e-09
0.35097 2.67356e-08 2.24373 5.17492e-09
0.35297 2.61951e-08 2.25408 5.04701e-09
0.35497 1.71211e-08 2.26449 3.28357e-09
0.35697 1.87315e-08 2.27494 3.57592e-09
0.35897 1.33513e-08 2.28544 2.53711e-09
0.36097 1.16314e-08 2.29599 2.20012e-09
0.36297 9.19882e-09 2.30659 1.73199e-09
0.36497 8.59692e-09 2.31723 1.61123e-09
0.36697 6.85184e-09 2.32793 1.27827e-09
0.36897 5.42364e-09 2.33868 1.00718e-09
0.37097 4.02961e-09 2.34947 7.44865e-10
0.37297 3.43471e-09 2.36032 6.31981e-10
0.37497 3.3347e-09 2.37121 6.1076e-10
0.37697 2.08911e-09 2.38216 3.80869e-10
0.37897 2.04766e-09 2.39315 3.71597e-10
0.38097 1.36399e-09 2.4042 2.46392e-10
0.38297 1.1857e-09 2.41529 2.13201e-10
0.38497 1.07719e-09 2.42644 1.928e-10
