#logm PDFlogm m(Ms) PDF
-0.05903 3.50162e-08 0.872911 1.74214e-08
-0.05703 4.13073e-07 0.87694 2.0457e-07
-0.05503 1.74991e-06 0.880988 8.62642e-07
-0.05303 3.60571e-06 0.885054 1.76932e-06
-0.05103 8.26907e-06 0.88914 4.03897e-06
-0.04903 1.39935e-05 0.893244 6.80364e-06
-0.04703 1.7829e-05 0.897367 8.62861e-06
-0.04503 3.21461e-05 0.901509 1.54861e-05
-0.04303 4.74657e-05 0.90567 2.27612e-05
-0.04103 6.27077e-05 0.90985 2.9932e-05
-0.03903 8.4704e-05 0.91405 4.02456e-05
-0.03703 0.000128608 0.918269 6.08248e-05
-0.03503 0.000189334 0.922508 8.91339e-05
-0.03303 0.000252487 0.926766 0.000118319
-0.03103 0.000349484 0.931044 0.00016302
-0.02903 0.000407289 0.935341 0.000189111
-0.02703 0.000506675 0.939658 0.000234177
-0.02503 0.000595461 0.943996 0.000273948
-0.02303 0.00068696 0.948353 0.000314591
-0.02103 0.00076462 0.95273 0.000348546
-0.01903 0.000828655 0.957128 0.000376
-0.01703 0.000948702 0.961546 0.000428493
-0.01503 0.00104125 0.965984 0.000468133
-0.01303 0.00107812 0.970443 0.000482483
-0.01103 0.00114902 0.974922 0.000511847
-0.00902998 0.00123905 0.979422 0.000549417
-0.00703001 0.00127669 0.983943 0.000563509
-0.00503001 0.00133118 0.988485 0.000584859
-0.00303 0.00132449 0.993047 0.000579244
-0.00103 0.00149273 0.997631 0.000649825
0.000970006 0.00165418 1.00224 0.000716797
0.00297001 0.00171818 1.00686 0.000741109
0.00497001 0.0018928 1.01151 0.00081268
0.00697002 0.00199856 1.01618 0.000854144
0.00896999 0.002002 1.02087 0.000851685
0.01097 0.00224968 1.02558 0.000952653
0.01297 0.00226315 1.03031 0.000953953
0.01497 0.00255531 1.03507 0.00107216
0.01697 0.00251535 1.03985 0.00105054
0.01897 0.00269723 1.04465 0.00112133
0.02097 0.00294254 1.04947 0.00121769
0.02297 0.00302524 1.05431 0.00124616
0.02497 0.00328198 1.05918 0.0013457
0.02697 0.00360205 1.06407 0.00147016
0.02897 0.00362781 1.06898 0.00147387
0.03097 0.00390475 1.07392 0.00157909
0.03297 0.00415556 1.07887 0.0016728
0.03497 0.00417498 1.08385 0.00167289
0.03697 0.00456111 1.08885 0.00181922
0.03897 0.0045232 1.09388 0.00179581
0.04097 0.00490664 1.09893 0.00193909
0.04297 0.00518239 1.104 0.00203866
0.04497 0.00532395 1.1091 0.00208472
0.04697 0.00566389 1.11422 0.00220765
0.04897 0.00607133 1.11936 0.00235558
0.05097 0.00637406 1.12453 0.00246167
0.05297 0.00654108 1.12972 0.00251457
0.05497 0.00666366 1.13493 0.00254992
0.05697 0.00681779 1.14017 0.00259692
0.05897 0.00702439 1.14543 0.00266332
0.06097 0.00747109 1.15072 0.00281967
0.06297 0.00789777 1.15603 0.00296701
0.06497 0.00795016 1.16137 0.00297297
0.06697 0.0085482 1.16673 0.00318192
0.06897 0.00895261 1.17211 0.00331714
0.07097 0.00930197 1.17752 0.00343075
0.07297 0.00915898 1.18296 0.00336249
0.07497 0.00958625 1.18842 0.00350318
0.07697 0.00947987 1.19391 0.00344839
0.07897 0.00996944 1.19942 0.00360982
0.08097 0.010058 1.20495 0.00362515
0.08297 0.0106195 1.21051 0.00380995
0.08497 0.0111088 1.2161 0.00396716
0.08697 0.0112506 1.22172 0.00399934
0.08897 0.0114469 1.22735 0.00405043
0.09097 0.011582 1.23302 0.0040794
0.09297 0.0114941 1.23871 0.00402986
0.09497 0.0116723 1.24443 0.00407353
0.09697 0.0120554 1.25017 0.00418789
0.09897 0.012166 1.25594 0.00420688
0.10097 0.0125966 1.26174 0.00433579
0.10297 0.0131598 1.26756 0.00450884
0.10497 0.01338 1.27342 0.00456322
0.10697 0.0126804 1.27929 0.00430473
0.10897 0.0131097 1.2852 0.00443004
0.11097 0.0128201 1.29113 0.00431228
0.11297 0.0134124 1.29709 0.00449077
0.11497 0.0134534 1.30308 0.00448379
0.11697 0.0133408 1.30909 0.00442586
0.11897 0.0132726 1.31513 0.00438299
0.12097 0.0134563 1.3212 0.00442322
0.12297 0.0139084 1.3273 0.00455085
0.12497 0.0144399 1.33343 0.00470303
0.12697 0.0142687 1.33958 0.00462592
0.12897 0.0139008 1.34577 0.00448595
0.13097 0.0134964 1.35198 0.00433543
0.13297 0.0133082 1.35822 0.00425532
0.13497 0.0132749 1.36449 0.00422519
0.13697 0.0132684 1.37079 0.00420372
0.13897 0.0130775 1.37711 0.00412419
0.14097 0.0130044 1.38347 0.00408231
0.14297 0.0128952 1.38986 0.00402942
0.14497 0.0127399 1.39627 0.0039626
0.14697 0.0129399 1.40272 0.00400632
0.14897 0.012897 1.40919 0.0039747
0.15097 0.012333 1.4157 0.00378339
0.15297 0.0117879 1.42223 0.00359958
0.15497 0.0115615 1.4288 0.00351421
0.15697 0.0116882 1.43539 0.00353641
0.15897 0.0113795 1.44202 0.00342717
0.16097 0.0112119 1.44867 0.0033612
0.16297 0.0113582 1.45536 0.00338941
0.16497 0.0110197 1.46208 0.00327328
0.16697 0.0108336 1.46882 0.00320323
0.16897 0.0106981 1.4756 0.00314862
0.17097 0.0105389 1.48242 0.00308753
0.17297 0.00957364 1.48926 0.00279185
0.17497 0.00889139 1.49613 0.00258098
0.17697 0.00862425 1.50304 0.00249193
0.17897 0.00844221 1.50998 0.00242812
0.18097 0.00825557 1.51695 0.00236353
0.18297 0.00846754 1.52395 0.00241308
0.18497 0.00863986 1.53098 0.00245087
0.18697 0.00806644 1.53805 0.0022777
0.18897 0.00772153 1.54515 0.00217029
0.19097 0.00730968 1.55228 0.00204509
0.19297 0.00696362 1.55944 0.00193932
0.19497 0.00653093 1.56664 0.00181046
0.19697 0.00625018 1.57387 0.00172467
0.19897 0.00599301 1.58114 0.00164611
0.20097 0.00580734 1.58844 0.00158778
0.20297 0.00552043 1.59577 0.0015024
0.20497 0.00525423 1.60313 0.00142339
0.20697 0.00503301 1.61053 0.00135719
0.20897 0.00477589 1.61797 0.00128194
0.21097 0.00454633 1.62544 0.00121472
0.21297 0.00433872 1.63294 0.00115392
0.21497 0.00414236 1.64048 0.00109664
0.21697 0.00394075 1.64805 0.00103847
0.21897 0.00370753 1.65566 0.000972522
0.22097 0.00351442 1.6633 0.00091763
0.22297 0.00332364 1.67098 0.00086383
0.22497 0.0031681 1.67869 0.000819621
0.22697 0.00303215 1.68644 0.000780846
0.22897 0.00286675 1.69422 0.000734858
0.23097 0.00280767 1.70204 0.000716407
0.23297 0.00252805 1.7099 0.000642096
0.23497 0.00240691 1.71779 0.000608519
0.23697 0.00212339 1.72572 0.000534372
0.23897 0.00200462 1.73368 0.000502164
0.24097 0.00176963 1.74169 0.000441263
0.24297 0.00173452 1.74973 0.000430521
0.24497 0.0015255 1.7578 0.0003769
0.24697 0.00153205 1.76592 0.00037678
0.24897 0.00138433 1.77407 0.000338886
0.25097 0.00120795 1.78226 0.000294349
0.25297 0.00115268 1.79048 0.000279592
0.25497 0.00104524 1.79875 0.000252365
0.25697 0.000902766 1.80705 0.000216965
0.25897 0.000880574 1.81539 0.000210659
0.26097 0.000816824 1.82377 0.00019451
0.26297 0.000702583 1.83219 0.000166538
0.26497 0.000678205 1.84064 0.00016002
0.26697 0.000619387 1.84914 0.000145471
0.26897 0.000541974 1.85768 0.000126705
0.27097 0.000519359 1.86625 0.00012086
0.27297 0.000476552 1.87486 0.000110389
0.27497 0.000408905 1.88352 9.42837e-05
0.27697 0.000394686 1.89221 9.05869e-05
0.27897 0.000365682 1.90095 8.35445e-05
0.28097 0.000300196 1.90972 6.82683e-05
0.28297 0.000298622 1.91854 6.75984e-05
0.28497 0.000263248 1.92739 5.93171e-05
0.28697 0.000235679 1.93629 5.28611e-05
0.28897 0.000218019 1.94523 4.86753e-05
0.29097 0.000203428 1.9542 4.5209e-05
0.29297 0.000174752 1.96322 3.86578e-05
0.29497 0.000156018 1.97229 3.43548e-05
0.29697 0.000140412 1.98139 3.07765e-05
0.29897 0.000136384 1.99054 2.97562e-05
0.30097 0.00013751 1.99972 2.98641e-05
0.30297 0.000122823 2.00895 2.65519e-05
0.30497 9.9071e-05 2.01823 2.13187e-05
0.30697 0.000102015 2.02754 2.18513e-05
0.30897 4.18729e-05 2.0369 8.92786e-06
0.31097 8.51855e-06 2.0463 1.80792e-06
0.31297 7.52465e-06 2.05575 1.58965e-06
0.31497 6.45295e-06 2.06524 1.35698e-06
0.31697 7.11068e-06 2.07477 1.48842e-06
0.31897 5.85201e-06 2.08435 1.21932e-06
0.32097 5.64585e-06 2.09397 1.17096e-06
0.32297 4.42387e-06 2.10363 9.13307e-07
0.32497 4.61904e-06 2.11334 9.49218e-07
0.32697 4.18147e-06 2.1231 8.55349e-07
0.32897 3.0956e-06 2.1329 6.30318e-07
0.33097 2.57886e-06 2.14274 5.22688e-07
0.33297 2.36152e-06 2.15263 4.76437e-07
0.33497 2.18879e-06 2.16257 4.39559e-07
0.33697 1.78881e-06 2.17255 3.57583e-07
0.33897 1.62684e-06 2.18258 3.23713e-07
0.34097 1.53682e-06 2.19265 3.04395e-07
0.34297 1.09504e-06 2.20277 2.15896e-07
0.34497 1.03002e-06 2.21294 2.02143e-07
0.34697 8.88273e-07 2.22316 1.73525e-07
0.34897 8.20687e-07 2.23342 1.59585e-07
0.35097 6.5482e-07 2.24373 1.26747e-07
0.35297 5.77246e-07 2.25408 1.11218e-07
0.35497 4.55577e-07 2.26449 8.73728e-08
0.35697 4.554e-07 2.27494 8.69376e-08
0.35897 3.31803e-07 2.28544 6.30513e-08
0.36097 3.10169e-07 2.29599 5.86695e-08
0.36297 2.64686e-07 2.30659 4.98363e-08
0.36497 2.37855e-07 2.31723 4.45787e-08
0.36697 1.94137e-07 2.32793 3.62178e-08
0.36897 1.60554e-07 2.33868 2.9815e-08
0.37097 1.11986e-07 2.34947 2.07004e-08
0.37297 1.16577e-07 2.36032 2.14501e-08
0.37497 9.91485e-08 2.37121 1.81593e-08
0.37697 7.00424e-08 2.38216 1.27695e-08
0.37897 6.97054e-08 2.39315 1.26497e-08
0.38097 5.61226e-08 2.4042 1.0138e-08
0.38297 4.38654e-08 2.41529 7.88745e-09
0.38497 4.12502e-08 2.42644 7.38313e-09
0.38697 3.08693e-08 2.43764 5.49972e-09
0.38897 2.9303e-08 2.44889 5.19668e-09
0.39097 2.03661e-08 2.4602 3.5952e-09
0.39297 1.96578e-08 2.47155 3.45421e-09
0.39497 1.49211e-08 2.48296 2.60985e-09
0.39697 6.19692e-09 2.49442 1.07892e-09
