#logm PDFlogm m(Ms) PDF
-0.05503 2.13926e-07 0.880988 1.05458e-07
-0.05303 6.37939e-07 0.885054 3.13036e-07
-0.05103 1.95775e-06 0.88914 9.56249e-07
-0.04903 4.33982e-06 0.893244 2.11002e-06
-0.04703 5.61203e-06 0.897367 2.71603e-06
-0.04503 1.30579e-05 0.901509 6.29051e-06
-0.04303 2.02114e-05 0.90567 9.69196e-06
-0.04103 3.01867e-05 0.90985 1.44089e-05
-0.03903 4.30904e-05 0.91405 2.04736e-05
-0.03703 7.91519e-05 0.918269 3.74348e-05
-0.03503 0.000132011 0.922508 6.21478e-05
-0.03303 0.000201082 0.926766 9.42298e-05
-0.03103 0.000329782 0.931044 0.00015383
-0.02903 0.0003839 0.935341 0.000178251
-0.02703 0.000502807 0.939658 0.000232389
-0.02503 0.000470105 0.943996 0.000216277
-0.02303 0.000674838 0.948353 0.00030904
-0.02103 0.000710117 0.95273 0.000323701
-0.01903 0.000714043 0.957128 0.000323995
-0.01703 0.000785988 0.961546 0.000355002
-0.01503 0.000958602 0.965984 0.000430975
-0.01303 0.000944674 0.970443 0.000422762
-0.01103 0.000940885 0.974922 0.000419132
-0.00902998 0.00108701 0.979422 0.000482
-0.00703001 0.00115967 0.983943 0.000511857
-0.00503001 0.00119642 0.988485 0.000525652
-0.00303 0.00111593 0.993047 0.000488036
-0.00103 0.00136259 0.997631 0.000593172
0.000970006 0.00142074 1.00224 0.000615641
0.00297001 0.00131178 1.00686 0.000565817
0.00497001 0.00157133 1.01151 0.000674653
0.00697002 0.00169426 1.01618 0.000724094
0.00896999 0.00146916 1.02087 0.000625005
0.01097 0.00183256 1.02558 0.000776018
0.01297 0.00167053 1.03031 0.000704158
0.01497 0.00198172 1.03507 0.000831488
0.01697 0.00188607 1.03985 0.000787721
0.01897 0.00198893 1.04465 0.000826865
0.02097 0.00232673 1.04947 0.000962856
0.02297 0.00218715 1.05431 0.000900936
0.02497 0.00255287 1.05918 0.00104675
0.02697 0.00260551 1.06407 0.00106342
0.02897 0.00311103 1.06898 0.00126392
0.03097 0.00288305 1.07392 0.00116591
0.03297 0.00331668 1.07887 0.00133511
0.03497 0.00325575 1.08385 0.00130456
0.03697 0.00344995 1.08885 0.00137603
0.03897 0.00373373 1.09388 0.00148237
0.04097 0.00370408 1.09893 0.00146384
0.04297 0.00418785 1.104 0.00164743
0.04497 0.00384928 1.1091 0.00150728
0.04697 0.00442308 1.11422 0.00172401
0.04897 0.00440862 1.11936 0.00171048
0.05097 0.00479048 1.12453 0.00185009
0.05297 0.00498865 1.12972 0.00191777
0.05497 0.00484409 1.13493 0.00185365
0.05697 0.00525634 1.14017 0.00200216
0.05897 0.00537367 1.14543 0.00203744
0.06097 0.00574415 1.15072 0.0021679
0.06297 0.00623926 1.15603 0.00234394
0.06497 0.00606975 1.16137 0.00226979
0.06697 0.00630447 1.16673 0.00234673
0.06897 0.00685002 1.17211 0.00253809
0.07097 0.00709491 1.17752 0.00261675
0.07297 0.00749985 1.18296 0.00275338
0.07497 0.00756147 1.18842 0.00276325
0.07697 0.00746379 1.19391 0.00271502
0.07897 0.00811482 1.19942 0.00293828
0.08097 0.00829599 1.20495 0.00299008
0.08297 0.0085261 1.21051 0.0030589
0.08497 0.00870646 1.2161 0.00310925
0.08697 0.00881129 1.22172 0.00313223
0.08897 0.00913357 1.22735 0.00323188
0.09097 0.00983879 1.23302 0.00346542
0.09297 0.0097943 1.23871 0.0034339
0.09497 0.0100688 1.24443 0.00351392
0.09697 0.0099336 1.25017 0.00345081
0.09897 0.00970759 1.25594 0.0033568
0.10097 0.0105661 1.26174 0.00363687
0.10297 0.0113875 1.26756 0.00390158
0.10497 0.0117353 1.27342 0.00400228
0.10697 0.0114539 1.27929 0.00388838
0.10897 0.0115843 1.2852 0.00391456
0.11097 0.0113893 1.29113 0.00383099
0.11297 0.0121138 1.29709 0.00405596
0.11497 0.0123239 1.30308 0.00410736
0.11697 0.0120262 1.30909 0.00398973
0.11897 0.0121536 1.31513 0.00401348
0.12097 0.012169 1.3212 0.00400009
0.12297 0.012235 1.3273 0.0040033
0.12497 0.0133894 1.33343 0.00436088
0.12697 0.0135662 1.33958 0.00439817
0.12897 0.0135997 1.34577 0.00438879
0.13097 0.0135175 1.35198 0.0043422
0.13297 0.0128894 1.35822 0.00412141
0.13497 0.0127891 1.36449 0.00407057
0.13697 0.0129512 1.37079 0.00410322
0.13897 0.0127432 1.37711 0.00401877
0.14097 0.012853 1.38347 0.00403476
0.14297 0.0130772 1.38986 0.00408629
0.14497 0.0130801 1.39627 0.00406841
0.14697 0.0137939 1.40272 0.00427073
0.14897 0.01412 1.40919 0.00435161
0.15097 0.0131784 1.4157 0.00404275
0.15297 0.0124299 1.42223 0.0037956
0.15497 0.0122086 1.4288 0.00371092
0.15697 0.0126996 1.43539 0.00384241
0.15897 0.0120571 1.44202 0.00363127
0.16097 0.011886 1.44867 0.00356327
0.16297 0.0123785 1.45536 0.00369387
0.16497 0.0121396 1.46208 0.00360594
0.16697 0.01197 1.46882 0.00353921
0.16897 0.0121032 1.4756 0.00356216
0.17097 0.0121231 1.48242 0.00355163
0.17297 0.0108766 1.48926 0.0031718
0.17497 0.0106329 1.49613 0.0030865
0.17697 0.0104132 1.50304 0.00300885
0.17897 0.0103266 1.50998 0.00297011
0.18097 0.00994973 1.51695 0.00284856
0.18297 0.00992378 1.52395 0.00282808
0.18497 0.0100386 1.53098 0.00284766
0.18697 0.00954431 1.53805 0.002695
0.18897 0.00915974 1.54515 0.00257453
0.19097 0.00891534 1.55228 0.00249432
0.19297 0.00857935 1.55944 0.00238929
0.19497 0.00814613 1.56664 0.00225822
0.19697 0.00790373 1.57387 0.00218095
0.19897 0.00775 1.58114 0.00212871
0.20097 0.00782889 1.58844 0.0021405
0.20297 0.00735841 1.59577 0.00200262
0.20497 0.00725605 1.60313 0.00196569
0.20697 0.00692105 1.61053 0.00186632
0.20897 0.00670835 1.61797 0.00180065
0.21097 0.00663252 1.62544 0.00177212
0.21297 0.00614537 1.63294 0.00163442
0.21497 0.0059472 1.64048 0.00157444
0.21697 0.00574782 1.64805 0.00151467
0.21897 0.00555624 1.65566 0.00145746
0.22097 0.00532062 1.6633 0.00138924
0.22297 0.00503057 1.67098 0.00130747
0.22497 0.00487274 1.67869 0.00126063
0.22697 0.0047289 1.68644 0.0012178
0.22897 0.00452766 1.69422 0.00116062
0.23097 0.00423861 1.70204 0.00108153
0.23297 0.00402098 1.7099 0.00102128
0.23497 0.0038873 1.71779 0.000982792
0.23697 0.00343832 1.72572 0.000865289
0.23897 0.00342018 1.73368 0.000856769
0.24097 0.00300292 1.74169 0.000748786
0.24297 0.00312381 1.74973 0.000775352
0.24497 0.00262369 1.7578 0.000648226
0.24697 0.00268687 1.76592 0.000660787
0.24897 0.00251627 1.77407 0.000615986
0.25097 0.00215493 1.78226 0.000525106
0.25297 0.00212625 1.79048 0.000515738
0.25497 0.00198977 1.79875 0.000480416
0.25697 0.00167686 1.80705 0.000403004
0.25897 0.00172866 1.81539 0.000413546
0.26097 0.00154798 1.82377 0.000368621
0.26297 0.00141041 1.83219 0.000334317
0.26497 0.00138386 1.84064 0.000326518
0.26697 0.00128482 1.84914 0.000301755
0.26897 0.0011061 1.85768 0.000258589
0.27097 0.00108712 1.86625 0.000252983
0.27297 0.00103408 1.87486 0.000239534
0.27497 0.000848301 1.88352 0.000195598
0.27697 0.000935654 1.89221 0.000214748
0.27897 0.000772217 1.90095 0.000176422
0.28097 0.000707977 1.90972 0.000161003
0.28297 0.00068252 1.91854 0.000154501
0.28497 0.000585673 1.92739 0.000131968
0.28697 0.000571667 1.93629 0.00012822
0.28897 0.000477695 1.94523 0.000106651
0.29097 0.000518308 1.9542 0.000115187
0.29297 0.000428269 1.96322 9.47395e-05
0.29497 0.000377242 1.97229 8.30682e-05
0.29697 0.000380461 1.98139 8.3392e-05
0.29897 0.000357178 1.99054 7.79291e-05
0.30097 0.000330606 1.99972 7.18001e-05
0.30297 0.000340098 2.00895 7.35221e-05
0.30497 0.000245057 2.01823 5.27329e-05
0.30697 0.000268218 2.02754 5.74515e-05
0.30897 0.000109451 2.0369 2.33364e-05
0.31097 4.41859e-05 2.0463 9.37773e-06
0.31297 3.82492e-05 2.05575 8.08047e-06
0.31497 3.21766e-05 2.06524 6.76634e-06
0.31697 3.75208e-05 2.07477 7.85392e-06
0.31897 3.05522e-05 2.08435 6.36586e-06
0.32097 2.76687e-05 2.09397 5.73857e-06
0.32297 2.39186e-05 2.10363 4.93798e-06
0.32497 2.73114e-05 2.11334 5.61253e-06
0.32697 2.69141e-05 2.1231 5.50547e-06
0.32897 1.86796e-05 2.1329 3.80349e-06
0.33097 1.17289e-05 2.14274 2.37724e-06
0.33297 1.67721e-05 2.15263 3.38377e-06
0.33497 1.32992e-05 2.16257 2.67079e-06
0.33697 1.20536e-05 2.17255 2.40952e-06
0.33897 1.13686e-05 2.18258 2.26215e-06
0.34097 1.02785e-05 2.19265 2.03584e-06
0.34297 7.7542e-06 2.20277 1.5288e-06
0.34497 7.9816e-06 2.21294 1.56641e-06
0.34697 6.31463e-06 2.22316 1.23357e-06
0.34897 5.44949e-06 2.23342 1.05967e-06
0.35097 5.30098e-06 2.24373 1.02605e-06
0.35297 3.93667e-06 2.25408 7.58478e-07
0.35497 3.87292e-06 2.26449 7.42767e-07
0.35697 3.41486e-06 2.27494 6.51909e-07
0.35897 2.70807e-06 2.28544 5.14606e-07
0.36097 2.50667e-06 2.29599 4.74145e-07
0.36297 2.29269e-06 2.30659 4.31677e-07
0.36497 1.84283e-06 2.31723 3.45382e-07
0.36697 1.67362e-06 2.32793 3.12228e-07
0.36897 1.42783e-06 2.33868 2.65149e-07
0.37097 9.40178e-07 2.34947 1.7379e-07
0.37297 1.11106e-06 2.36032 2.04434e-07
0.37497 7.33634e-07 2.37121 1.34367e-07
0.37697 7.51683e-07 2.38216 1.3704e-07
0.37897 6.01355e-07 2.39315 1.0913e-07
0.38097 5.57647e-07 2.4042 1.00733e-07
0.38297 4.34543e-07 2.41529 7.81353e-08
0.38497 3.78577e-07 2.42644 6.77593e-08
0.38697 3.34349e-07 2.43764 5.95682e-08
0.38897 2.58644e-07 2.44889 4.58688e-08
0.39097 2.48162e-07 2.4602 4.38075e-08
0.39297 1.77211e-07 2.47155 3.1139e-08
0.39497 1.76057e-07 2.48296 3.07941e-08
0.39697 5.61833e-08 2.49442 9.78186e-09
