#fil mag PDF
0 -2.100000 0.000003
0 -2.080000 0.000018
0 -2.060000 0.000088
0 -2.040000 0.000365
0 -2.020000 0.001270
0 -2.000000 0.003770
0 -1.980000 0.009503
0 -1.960000 0.020970
0 -1.940001 0.040683
0 -1.920000 0.070166
0 -1.900001 0.103647
0 -1.880000 0.133002
0 -1.860001 0.149715
0 -1.840000 0.147892
0 -1.820001 0.123650
0 -1.800000 0.089044
0 -1.780001 0.055521
0 -1.760000 0.029894
0 -1.740000 0.013360
0 -1.720000 0.005151
0 -1.700000 0.001691
0 -1.680000 0.000466
0 -1.660000 0.000110
0 -1.640000 0.000021
0 -1.620000 0.000003
1 -1.680000 0.000005
1 -1.660000 0.000022
1 -1.640000 0.000088
1 -1.620000 0.000284
1 -1.600000 0.000785
1 -1.580000 0.001874
1 -1.560000 0.003943
1 -1.540000 0.007516
1 -1.520000 0.013195
1 -1.500000 0.021506
1 -1.480000 0.033048
1 -1.460000 0.047660
1 -1.440001 0.064514
1 -1.420000 0.081087
1 -1.400001 0.094827
1 -1.380000 0.103449
1 -1.360001 0.105494
1 -1.340000 0.099349
1 -1.320001 0.088175
1 -1.300000 0.072334
1 -1.280001 0.055697
1 -1.260000 0.039939
1 -1.240000 0.027316
1 -1.220000 0.017107
1 -1.200000 0.010118
1 -1.180000 0.005555
1 -1.160000 0.002810
1 -1.140000 0.001345
1 -1.120000 0.000595
1 -1.100000 0.000242
1 -1.080000 0.000087
1 -1.060000 0.000026
1 -1.040000 0.000006
2 -0.540000 0.000001
2 -0.520000 0.000007
2 -0.500000 0.000028
2 -0.480000 0.000089
2 -0.460000 0.000240
2 -0.440001 0.000557
2 -0.420000 0.001122
2 -0.400001 0.002021
2 -0.380000 0.003345
2 -0.360001 0.005209
2 -0.340000 0.007780
2 -0.320001 0.011165
2 -0.300000 0.015462
2 -0.280001 0.020946
2 -0.260000 0.027371
2 -0.240001 0.034529
2 -0.220000 0.042473
2 -0.200000 0.050439
2 -0.180000 0.058362
2 -0.160000 0.065092
2 -0.140000 0.069872
2 -0.120000 0.072094
2 -0.100000 0.072333
2 -0.080000 0.069067
2 -0.060000 0.064981
2 -0.040000 0.058767
2 -0.020000 0.051436
2 0.000000 0.044766
2 0.020000 0.037184
2 0.040000 0.029974
2 0.059999 0.023733
2 0.080000 0.018157
2 0.099999 0.013451
2 0.120000 0.009589
2 0.139999 0.006654
2 0.160000 0.004457
2 0.179999 0.002909
2 0.200000 0.001814
2 0.219999 0.001113
2 0.240000 0.000657
2 0.259999 0.000375
2 0.280000 0.000199
2 0.300000 0.000103
2 0.320000 0.000048
2 0.340000 0.000019
2 0.360000 0.000006
3 -1.720000 0.000004
3 -1.700000 0.000017
3 -1.680000 0.000069
3 -1.660000 0.000224
3 -1.640000 0.000623
3 -1.620000 0.001476
3 -1.600000 0.003092
3 -1.580000 0.005848
3 -1.560000 0.010203
3 -1.540000 0.016610
3 -1.520000 0.025506
3 -1.500000 0.037073
3 -1.480000 0.051013
3 -1.460000 0.065963
3 -1.440001 0.079998
3 -1.420000 0.091556
3 -1.400001 0.097078
3 -1.380000 0.096787
3 -1.360001 0.091761
3 -1.340000 0.080768
3 -1.320001 0.068027
3 -1.300000 0.054193
3 -1.280001 0.040676
3 -1.260000 0.029521
3 -1.240000 0.020408
3 -1.220000 0.013228
3 -1.200000 0.008171
3 -1.180000 0.004772
3 -1.160000 0.002659
3 -1.140000 0.001404
3 -1.120000 0.000708
3 -1.100000 0.000336
3 -1.080000 0.000147
3 -1.060000 0.000057
3 -1.040000 0.000019
3 -1.020000 0.000004
4 -2.140000 0.000005
4 -2.120000 0.000023
4 -2.100000 0.000098
4 -2.080000 0.000338
4 -2.060000 0.000994
4 -2.040000 0.002515
4 -2.020000 0.005614
4 -2.000000 0.011199
4 -1.980000 0.020407
4 -1.960000 0.033971
4 -1.940001 0.052718
4 -1.920000 0.074292
4 -1.900001 0.095851
4 -1.880000 0.112666
4 -1.860001 0.120637
4 -1.840000 0.119284
4 -1.820001 0.106184
4 -1.800000 0.085454
4 -1.780001 0.062962
4 -1.760000 0.042283
4 -1.740000 0.025837
4 -1.720000 0.014363
4 -1.700000 0.007126
4 -1.680000 0.003193
4 -1.660000 0.001302
4 -1.640000 0.000478
4 -1.620000 0.000153
4 -1.600000 0.000042
4 -1.580000 0.000009
4 -1.560000 0.000001
5 -2.420000 0.000002
5 -2.400001 0.000012
5 -2.380000 0.000058
5 -2.360001 0.000238
5 -2.340000 0.000820
5 -2.320001 0.002415
5 -2.300000 0.006135
5 -2.280001 0.013586
5 -2.260000 0.026948
5 -2.240000 0.047823
5 -2.220000 0.076062
5 -2.200000 0.105880
5 -2.180000 0.130687
5 -2.160000 0.143485
5 -2.140000 0.139624
5 -2.120000 0.116538
5 -2.100000 0.084969
5 -2.080000 0.053652
5 -2.060000 0.029379
5 -2.040000 0.013718
5 -2.020000 0.005428
5 -2.000000 0.001841
5 -1.980000 0.000536
5 -1.960000 0.000131
5 -1.940001 0.000026
5 -1.920000 0.000004
6 -0.860001 0.000003
6 -0.840000 0.000013
6 -0.820001 0.000042
6 -0.800000 0.000122
6 -0.780001 0.000295
6 -0.760000 0.000630
6 -0.740001 0.001188
6 -0.720000 0.002048
6 -0.700000 0.003286
6 -0.680000 0.004952
6 -0.660000 0.007242
6 -0.640000 0.010211
6 -0.620000 0.013904
6 -0.600000 0.018525
6 -0.580000 0.024035
6 -0.560000 0.030246
6 -0.540000 0.037119
6 -0.520000 0.044282
6 -0.500000 0.051116
6 -0.480000 0.058202
6 -0.460000 0.063216
6 -0.440001 0.066539
6 -0.420000 0.068356
6 -0.400001 0.067844
6 -0.380000 0.064473
6 -0.360001 0.060655
6 -0.340000 0.055677
6 -0.320001 0.048680
6 -0.300000 0.042883
6 -0.280001 0.036195
6 -0.260000 0.029521
6 -0.240001 0.023795
6 -0.220000 0.018684
6 -0.200000 0.014039
6 -0.180000 0.010397
6 -0.160000 0.007407
6 -0.140000 0.005126
6 -0.120000 0.003434
6 -0.100000 0.002249
6 -0.080000 0.001401
6 -0.060000 0.000869
6 -0.040000 0.000519
6 -0.020000 0.000290
6 0.000000 0.000156
6 0.020000 0.000081
6 0.040000 0.000036
6 0.059999 0.000014
6 0.080000 0.000004
7 -3.700000 0.000005
7 -3.680000 0.000033
7 -3.660000 0.000170
7 -3.640000 0.000725
7 -3.620000 0.002580
7 -3.600000 0.007699
7 -3.580000 0.019354
7 -3.560000 0.041603
7 -3.540000 0.076771
7 -3.520000 0.118161
7 -3.500000 0.153671
7 -3.480000 0.168646
7 -3.460000 0.156034
7 -3.440001 0.117806
7 -3.420000 0.073721
7 -3.400001 0.038677
7 -3.380000 0.016479
7 -3.360001 0.005737
7 -3.340000 0.001645
7 -3.320001 0.000394
7 -3.300000 0.000075
7 -3.280000 0.000012
7 -3.260000 0.000002
8 -4.500000 0.000002
8 -4.480000 0.000018
8 -4.460000 0.000122
8 -4.440000 0.000669
8 -4.420000 0.002885
8 -4.400000 0.009939
8 -4.380000 0.027441
8 -4.360000 0.061518
8 -4.340000 0.109667
8 -4.320000 0.156104
8 -4.300000 0.182335
8 -4.280000 0.171719
8 -4.260000 0.130964
8 -4.240000 0.081096
8 -4.220000 0.040740
8 -4.200000 0.017060
8 -4.180000 0.005659
8 -4.160000 0.001617
8 -4.140000 0.000362
8 -4.120000 0.000070
8 -4.100000 0.000011
8 -4.080000 0.000001
9 -4.640000 0.000003
9 -4.620000 0.000025
9 -4.600000 0.000180
9 -4.580000 0.000994
9 -4.560000 0.004293
9 -4.540000 0.014456
9 -4.520000 0.038518
9 -4.500000 0.081226
9 -4.480000 0.135262
9 -4.460000 0.177644
9 -4.440000 0.186527
9 -4.420000 0.158392
9 -4.400000 0.106629
9 -4.380000 0.057883
9 -4.360000 0.025444
9 -4.340000 0.009098
9 -4.320000 0.002652
9 -4.300000 0.000628
9 -4.280000 0.000123
9 -4.260000 0.000020
9 -4.240000 0.000003
10 -4.700000 0.000001
10 -4.680000 0.000014
10 -4.660000 0.000104
10 -4.640000 0.000617
10 -4.620000 0.002847
10 -4.600000 0.010278
10 -4.580000 0.029403
10 -4.560000 0.066407
10 -4.540000 0.118425
10 -4.520000 0.167550
10 -4.500000 0.188783
10 -4.480000 0.170453
10 -4.460000 0.122890
10 -4.440000 0.071177
10 -4.420000 0.033309
10 -4.400000 0.012643
10 -4.380000 0.003888
10 -4.360000 0.000971
10 -4.340000 0.000200
10 -4.320000 0.000034
10 -4.300000 0.000005
11 -4.580000 0.000002
11 -4.560000 0.000015
11 -4.540000 0.000106
11 -4.520000 0.000609
11 -4.500000 0.002747
11 -4.480000 0.009733
11 -4.460000 0.027532
11 -4.440000 0.062338
11 -4.420000 0.111976
11 -4.400000 0.160012
11 -4.380000 0.184979
11 -4.360000 0.171615
11 -4.340000 0.129374
11 -4.320000 0.078162
11 -4.300000 0.038512
11 -4.280000 0.015476
11 -4.260000 0.005071
11 -4.240000 0.001372
11 -4.220000 0.000304
11 -4.200000 0.000056
11 -4.180000 0.000008
11 -4.160000 0.000001
12 -4.720000 0.000002
12 -4.700000 0.000017
12 -4.680000 0.000125
12 -4.660000 0.000708
12 -4.640000 0.003147
12 -4.620000 0.010965
12 -4.600000 0.030495
12 -4.580000 0.067467
12 -4.560000 0.118333
12 -4.540000 0.165486
12 -4.520000 0.185819
12 -4.500000 0.168444
12 -4.480000 0.122927
12 -4.460000 0.072299
12 -4.440000 0.034566
12 -4.420000 0.013474
12 -4.400000 0.004312
12 -4.380000 0.001123
12 -4.360000 0.000240
12 -4.340000 0.000043
12 -4.320000 0.000006
13 -4.760000 0.000003
13 -4.740000 0.000027
13 -4.720000 0.000195
13 -4.700000 0.001081
13 -4.680000 0.004635
13 -4.660000 0.015546
13 -4.640000 0.041042
13 -4.620000 0.085104
13 -4.600000 0.139209
13 -4.580000 0.180162
13 -4.560000 0.186798
13 -4.540000 0.154361
13 -4.520000 0.102372
13 -4.500000 0.054577
13 -4.480000 0.023542
13 -4.460000 0.008285
13 -4.440000 0.002375
13 -4.420000 0.000558
13 -4.400000 0.000107
13 -4.380000 0.000017
13 -4.360000 0.000002
0 -2.100000 0.000007
0 -2.080000 0.000040
0 -2.060000 0.000195
0 -2.040000 0.000763
0 -2.020000 0.002494
0 -2.000000 0.006815
0 -1.980000 0.015785
0 -1.960000 0.031579
0 -1.940001 0.055017
0 -1.920000 0.083646
0 -1.900001 0.111599
0 -1.880000 0.132006
0 -1.860001 0.138354
0 -1.840000 0.129250
0 -1.820001 0.106120
0 -1.800000 0.077905
0 -1.780001 0.051043
0 -1.760000 0.029832
0 -1.740000 0.015619
0 -1.720000 0.007316
0 -1.700000 0.003022
0 -1.680000 0.001126
0 -1.660000 0.000350
0 -1.640000 0.000092
0 -1.620000 0.000020
0 -1.600000 0.000003
1 -1.700000 0.000002
1 -1.680000 0.000012
1 -1.660000 0.000058
1 -1.640000 0.000224
1 -1.620000 0.000708
1 -1.600000 0.001912
1 -1.580000 0.004348
1 -1.560000 0.008623
1 -1.540000 0.015414
1 -1.520000 0.025150
1 -1.500000 0.037519
1 -1.480000 0.052270
1 -1.460000 0.067140
1 -1.440001 0.081306
1 -1.420000 0.092151
1 -1.400001 0.098178
1 -1.380000 0.098616
1 -1.360001 0.092640
1 -1.340000 0.081292
1 -1.320001 0.068235
1 -1.300000 0.053869
1 -1.280001 0.040474
1 -1.260000 0.029207
1 -1.240000 0.019841
1 -1.220000 0.012904
1 -1.200000 0.008106
1 -1.180000 0.004721
1 -1.160000 0.002600
1 -1.140000 0.001352
1 -1.120000 0.000656
1 -1.100000 0.000291
1 -1.080000 0.000119
1 -1.060000 0.000043
1 -1.040000 0.000013
1 -1.020000 0.000003
2 -0.540000 0.000003
2 -0.520000 0.000015
2 -0.500000 0.000061
2 -0.480000 0.000209
2 -0.460000 0.000571
2 -0.440001 0.001331
2 -0.420000 0.002695
2 -0.400001 0.004677
2 -0.380000 0.007427
2 -0.360001 0.011089
2 -0.340000 0.015632
2 -0.320001 0.021158
2 -0.300000 0.027404
2 -0.280001 0.034103
2 -0.260000 0.041729
2 -0.240001 0.049010
2 -0.220000 0.055607
2 -0.200000 0.061174
2 -0.180000 0.065716
2 -0.160000 0.068248
2 -0.140000 0.068062
2 -0.120000 0.067352
2 -0.100000 0.064001
2 -0.080000 0.058614
2 -0.060000 0.052833
2 -0.040000 0.046037
2 -0.020000 0.038845
2 0.000000 0.032020
2 0.020000 0.026201
2 0.040000 0.020661
2 0.059999 0.016239
2 0.080000 0.012367
2 0.099999 0.009226
2 0.120000 0.006653
2 0.139999 0.004694
2 0.160000 0.003197
2 0.179999 0.002084
2 0.200000 0.001313
2 0.219999 0.000791
2 0.240000 0.000460
2 0.259999 0.000251
2 0.280000 0.000131
2 0.300000 0.000063
2 0.320000 0.000029
2 0.340000 0.000012
2 0.360000 0.000004
2 0.380000 0.000001
3 -1.740000 0.000002
3 -1.720000 0.000010
3 -1.700000 0.000046
3 -1.680000 0.000179
3 -1.660000 0.000574
3 -1.640000 0.001556
3 -1.620000 0.003546
3 -1.600000 0.007034
3 -1.580000 0.012543
3 -1.560000 0.020444
3 -1.540000 0.030588
3 -1.520000 0.042983
3 -1.500000 0.056221
3 -1.480000 0.069532
3 -1.460000 0.080675
3 -1.440001 0.088566
3 -1.420000 0.092618
3 -1.400001 0.091488
3 -1.380000 0.084845
3 -1.360001 0.075102
3 -1.340000 0.063153
3 -1.320001 0.050350
3 -1.300000 0.038960
3 -1.280001 0.028962
3 -1.260000 0.020791
3 -1.240000 0.014513
3 -1.220000 0.009781
3 -1.200000 0.006305
3 -1.180000 0.003875
3 -1.160000 0.002274
3 -1.140000 0.001258
3 -1.120000 0.000658
3 -1.100000 0.000324
3 -1.080000 0.000148
3 -1.060000 0.000062
3 -1.040000 0.000023
3 -1.020000 0.000007
3 -1.000000 0.000002
4 -2.160000 0.000002
4 -2.140000 0.000012
4 -2.120000 0.000061
4 -2.100000 0.000247
4 -2.080000 0.000836
4 -2.060000 0.002345
4 -2.040000 0.005611
4 -2.020000 0.011633
4 -2.000000 0.021423
4 -1.980000 0.035765
4 -1.960000 0.053713
4 -1.940001 0.073345
4 -1.920000 0.091870
4 -1.900001 0.106012
4 -1.880000 0.112941
4 -1.860001 0.111050
4 -1.840000 0.099930
4 -1.820001 0.083955
4 -1.800000 0.065379
4 -1.780001 0.046907
4 -1.760000 0.032115
4 -1.740000 0.020211
4 -1.720000 0.011958
4 -1.700000 0.006618
4 -1.680000 0.003372
4 -1.660000 0.001599
4 -1.640000 0.000691
4 -1.620000 0.000270
4 -1.600000 0.000093
4 -1.580000 0.000027
4 -1.560000 0.000007
4 -1.540000 0.000001
5 -2.420000 0.000005
5 -2.400001 0.000031
5 -2.380000 0.000146
5 -2.360001 0.000578
5 -2.340000 0.001891
5 -2.320001 0.005174
5 -2.300000 0.012014
5 -2.280001 0.024488
5 -2.260000 0.043642
5 -2.240000 0.069172
5 -2.220000 0.094318
5 -2.200000 0.118313
5 -2.180000 0.130241
5 -2.160000 0.131041
5 -2.140000 0.115943
5 -2.120000 0.092900
5 -2.100000 0.067175
5 -2.080000 0.043246
5 -2.060000 0.025457
5 -2.040000 0.013516
5 -2.020000 0.006424
5 -2.000000 0.002746
5 -1.980000 0.001063
5 -1.960000 0.000348
5 -1.940001 0.000098
5 -1.920000 0.000023
5 -1.900001 0.000004
6 -0.860001 0.000003
6 -0.840000 0.000014
6 -0.820001 0.000058
6 -0.800000 0.000193
6 -0.780001 0.000526
6 -0.760000 0.001193
6 -0.740001 0.002389
6 -0.720000 0.004082
6 -0.700000 0.006458
6 -0.680000 0.009519
6 -0.660000 0.013226
6 -0.640000 0.017890
6 -0.620000 0.023083
6 -0.600000 0.028978
6 -0.580000 0.035029
6 -0.560000 0.042457
6 -0.540000 0.048288
6 -0.520000 0.054548
6 -0.500000 0.058263
6 -0.480000 0.062503
6 -0.460000 0.064609
6 -0.440001 0.064468
6 -0.420000 0.063665
6 -0.400001 0.060940
6 -0.380000 0.056162
6 -0.360001 0.050855
6 -0.340000 0.045284
6 -0.320001 0.038932
6 -0.300000 0.032588
6 -0.280001 0.026918
6 -0.260000 0.021732
6 -0.240001 0.017419
6 -0.220000 0.013558
6 -0.200000 0.010280
6 -0.180000 0.007686
6 -0.160000 0.005527
6 -0.140000 0.003902
6 -0.120000 0.002612
6 -0.100000 0.001697
6 -0.080000 0.001072
6 -0.060000 0.000636
6 -0.040000 0.000368
6 -0.020000 0.000201
6 0.000000 0.000102
6 0.020000 0.000050
6 0.040000 0.000023
6 0.059999 0.000009
6 0.080000 0.000003
7 -3.720000 0.000002
7 -3.700000 0.000013
7 -3.680000 0.000077
7 -3.660000 0.000372
7 -3.640000 0.001468
7 -3.620000 0.004743
7 -3.600000 0.012818
7 -3.580000 0.028956
7 -3.560000 0.055346
7 -3.540000 0.090633
7 -3.520000 0.125371
7 -3.500000 0.149391
7 -3.480000 0.152987
7 -3.460000 0.134961
7 -3.440001 0.103444
7 -3.420000 0.067973
7 -3.400001 0.038954
7 -3.380000 0.019353
7 -3.360001 0.008492
7 -3.340000 0.003222
7 -3.320001 0.001061
7 -3.300000 0.000287
7 -3.280000 0.000063
7 -3.260000 0.000011
7 -3.240000 0.000001
8 -4.500000 0.000002
8 -4.480000 0.000018
8 -4.460000 0.000119
8 -4.440000 0.000624
8 -4.420000 0.002598
8 -4.400000 0.008714
8 -4.380000 0.023567
8 -4.360000 0.051851
8 -4.340000 0.093507
8 -4.320000 0.136966
8 -4.300000 0.166958
8 -4.280000 0.168744
8 -4.260000 0.142024
8 -4.240000 0.099242
8 -4.220000 0.058157
8 -4.200000 0.028840
8 -4.180000 0.011985
8 -4.160000 0.004403
8 -4.140000 0.001280
8 -4.120000 0.000326
8 -4.100000 0.000064
8 -4.080000 0.000010
8 -4.060000 0.000001
9 -4.640000 0.000003
9 -4.620000 0.000023
9 -4.600000 0.000160
9 -4.580000 0.000838
9 -4.560000 0.003551
9 -4.540000 0.011758
9 -4.520000 0.031050
9 -4.500000 0.066321
9 -4.480000 0.113465
9 -4.460000 0.157220
9 -4.440000 0.177968
9 -4.420000 0.164880
9 -4.400000 0.125868
9 -4.380000 0.078766
9 -4.360000 0.040996
9 -4.340000 0.017883
9 -4.320000 0.006596
9 -4.300000 0.002021
9 -4.280000 0.000509
9 -4.260000 0.000105
9 -4.240000 0.000017
9 -4.220000 0.000002
10 -4.700000 0.000002
10 -4.680000 0.000014
10 -4.660000 0.000101
10 -4.640000 0.000572
10 -4.620000 0.002532
10 -4.600000 0.008930
10 -4.580000 0.024984
10 -4.560000 0.055962
10 -4.540000 0.101014
10 -4.520000 0.148216
10 -4.500000 0.175474
10 -4.480000 0.171039
10 -4.460000 0.136959
10 -4.440000 0.090201
10 -4.420000 0.049059
10 -4.400000 0.022515
10 -4.380000 0.008679
10 -4.360000 0.002801
10 -4.340000 0.000750
10 -4.320000 0.000163
10 -4.300000 0.000029
10 -4.280000 0.000004
11 -4.580000 0.000001
11 -4.560000 0.000013
11 -4.540000 0.000092
11 -4.520000 0.000505
11 -4.500000 0.002241
11 -4.480000 0.007827
11 -4.460000 0.022158
11 -4.440000 0.050105
11 -4.420000 0.091849
11 -4.400000 0.138292
11 -4.380000 0.169991
11 -4.360000 0.171226
11 -4.340000 0.144015
11 -4.320000 0.099723
11 -4.300000 0.057319
11 -4.280000 0.027855
11 -4.260000 0.011352
11 -4.240000 0.003975
11 -4.220000 0.001133
11 -4.200000 0.000269
11 -4.180000 0.000051
11 -4.160000 0.000008
12 -4.720000 0.000002
12 -4.700000 0.000014
12 -4.680000 0.000098
12 -4.660000 0.000544
12 -4.640000 0.002418
12 -4.620000 0.008397
12 -4.600000 0.023599
12 -4.580000 0.053083
12 -4.560000 0.096688
12 -4.540000 0.142894
12 -4.520000 0.172590
12 -4.500000 0.171060
12 -4.480000 0.140889
12 -4.460000 0.094723
12 -4.440000 0.053310
12 -4.420000 0.025098
12 -4.400000 0.010044
12 -4.380000 0.003363
12 -4.360000 0.000927
12 -4.340000 0.000214
12 -4.320000 0.000039
12 -4.300000 0.000006
13 -4.760000 0.000002
13 -4.740000 0.000020
13 -4.720000 0.000138
13 -4.700000 0.000766
13 -4.680000 0.003298
13 -4.660000 0.011415
13 -4.640000 0.030343
13 -4.620000 0.065786
13 -4.600000 0.114296
13 -4.580000 0.158274
13 -4.560000 0.180381
13 -4.540000 0.165842
13 -4.520000 0.125480
13 -4.500000 0.078134
13 -4.480000 0.039915
13 -4.460000 0.017192
13 -4.440000 0.006271
13 -4.420000 0.001872
13 -4.400000 0.000463
13 -4.380000 0.000093
13 -4.360000 0.000015
13 -4.340000 0.000002
0 -2.120000 0.000003
0 -2.100000 0.000016
0 -2.080000 0.000080
0 -2.060000 0.000331
0 -2.040000 0.001135
0 -2.020000 0.003292
0 -2.000000 0.008121
0 -1.980000 0.017263
0 -1.960000 0.032226
0 -1.940001 0.053267
0 -1.920000 0.078144
0 -1.900001 0.102274
0 -1.880000 0.120675
0 -1.860001 0.128295
0 -1.840000 0.123623
0 -1.820001 0.106466
0 -1.800000 0.083368
0 -1.780001 0.059241
0 -1.760000 0.038186
0 -1.740000 0.022420
0 -1.720000 0.011977
0 -1.700000 0.005738
0 -1.680000 0.002519
0 -1.660000 0.000939
0 -1.640000 0.000302
0 -1.620000 0.000081
0 -1.600000 0.000017
0 -1.580000 0.000003
1 -1.700000 0.000005
1 -1.680000 0.000026
1 -1.660000 0.000107
1 -1.640000 0.000365
1 -1.620000 0.001026
1 -1.600000 0.002506
1 -1.580000 0.005234
1 -1.560000 0.009674
1 -1.540000 0.016319
1 -1.520000 0.025401
1 -1.500000 0.036530
1 -1.480000 0.049510
1 -1.460000 0.062412
1 -1.440001 0.074787
1 -1.420000 0.084578
1 -1.400001 0.090645
1 -1.380000 0.092349
1 -1.360001 0.088671
1 -1.340000 0.080169
1 -1.320001 0.069838
1 -1.300000 0.057615
1 -1.280001 0.045531
1 -1.260000 0.034757
1 -1.240000 0.025133
1 -1.220000 0.017527
1 -1.200000 0.011886
1 -1.180000 0.007539
1 -1.160000 0.004559
1 -1.140000 0.002627
1 -1.120000 0.001423
1 -1.100000 0.000710
1 -1.080000 0.000332
1 -1.060000 0.000138
1 -1.040000 0.000050
1 -1.020000 0.000015
1 -1.000000 0.000003
2 -0.560000 0.000001
2 -0.540000 0.000006
2 -0.520000 0.000030
2 -0.500000 0.000108
2 -0.480000 0.000325
2 -0.460000 0.000799
2 -0.440001 0.001710
2 -0.420000 0.003221
2 -0.400001 0.005283
2 -0.380000 0.008022
2 -0.360001 0.011555
2 -0.340000 0.015829
2 -0.320001 0.020906
2 -0.300000 0.026544
2 -0.280001 0.032498
2 -0.260000 0.039277
2 -0.240001 0.045708
2 -0.220000 0.051584
2 -0.200000 0.056643
2 -0.180000 0.060956
2 -0.160000 0.063628
2 -0.140000 0.063995
2 -0.120000 0.064048
2 -0.100000 0.061804
2 -0.080000 0.057666
2 -0.060000 0.053096
2 -0.040000 0.047457
2 -0.020000 0.041191
2 0.000000 0.034979
2 0.020000 0.029540
2 0.040000 0.024087
2 0.059999 0.019632
2 0.080000 0.015554
2 0.099999 0.012125
2 0.120000 0.009176
2 0.139999 0.006801
2 0.160000 0.004911
2 0.179999 0.003404
2 0.200000 0.002292
2 0.219999 0.001487
2 0.240000 0.000933
2 0.259999 0.000555
2 0.280000 0.000316
2 0.300000 0.000168
2 0.320000 0.000086
2 0.340000 0.000039
2 0.360000 0.000015
2 0.380000 0.000004
3 -1.740000 0.000004
3 -1.720000 0.000021
3 -1.700000 0.000087
3 -1.680000 0.000297
3 -1.660000 0.000844
3 -1.640000 0.002068
3 -1.620000 0.004325
3 -1.600000 0.007995
3 -1.580000 0.013455
3 -1.560000 0.020922
3 -1.540000 0.030153
3 -1.520000 0.041171
3 -1.500000 0.052731
3 -1.480000 0.064326
3 -1.460000 0.074170
3 -1.440001 0.081496
3 -1.420000 0.085903
3 -1.400001 0.086122
3 -1.380000 0.081615
3 -1.360001 0.074316
3 -1.340000 0.064670
3 -1.320001 0.053656
3 -1.300000 0.043367
3 -1.280001 0.033802
3 -1.260000 0.025535
3 -1.240000 0.018857
3 -1.220000 0.013507
3 -1.200000 0.009324
3 -1.180000 0.006164
3 -1.160000 0.003931
3 -1.140000 0.002376
3 -1.120000 0.001367
3 -1.100000 0.000746
3 -1.080000 0.000382
3 -1.060000 0.000180
3 -1.040000 0.000077
3 -1.020000 0.000028
3 -1.000000 0.000008
3 -0.980000 0.000001
4 -2.160000 0.000005
4 -2.140000 0.000027
4 -2.120000 0.000115
4 -2.100000 0.000404
4 -2.080000 0.001211
4 -2.060000 0.003058
4 -2.040000 0.006692
4 -2.020000 0.012869
4 -2.000000 0.022284
4 -1.980000 0.035423
4 -1.960000 0.051278
4 -1.940001 0.068277
4 -1.920000 0.084331
4 -1.900001 0.097034
4 -1.880000 0.104226
4 -1.860001 0.104461
4 -1.840000 0.096830
4 -1.820001 0.084694
4 -1.800000 0.069383
4 -1.780001 0.052837
4 -1.760000 0.038789
4 -1.740000 0.026428
4 -1.720000 0.017083
4 -1.700000 0.010447
4 -1.680000 0.005942
4 -1.660000 0.003181
4 -1.640000 0.001567
4 -1.620000 0.000705
4 -1.600000 0.000285
4 -1.580000 0.000099
4 -1.560000 0.000029
4 -1.540000 0.000006
5 -2.440001 0.000002
5 -2.420000 0.000012
5 -2.400001 0.000062
5 -2.380000 0.000255
5 -2.360001 0.000881
5 -2.340000 0.002558
5 -2.320001 0.006316
5 -2.300000 0.013448
5 -2.280001 0.025522
5 -2.260000 0.043003
5 -2.240000 0.065444
5 -2.220000 0.087017
5 -2.200000 0.108076
5 -2.180000 0.119603
5 -2.160000 0.122844
5 -2.140000 0.112646
5 -2.120000 0.094991
5 -2.100000 0.073402
5 -2.080000 0.051277
5 -2.060000 0.033240
5 -2.040000 0.019744
5 -2.020000 0.010660
5 -2.000000 0.005256
5 -1.980000 0.002382
5 -1.960000 0.000928
5 -1.940001 0.000317
5 -1.920000 0.000089
5 -1.900001 0.000020
5 -1.880000 0.000003
6 -0.880000 0.000001
6 -0.860001 0.000006
6 -0.840000 0.000029
6 -0.820001 0.000100
6 -0.800000 0.000300
6 -0.780001 0.000735
6 -0.760000 0.001533
6 -0.740001 0.002861
6 -0.720000 0.004629
6 -0.700000 0.007007
6 -0.680000 0.009979
6 -0.660000 0.013481
6 -0.640000 0.017821
6 -0.620000 0.022533
6 -0.600000 0.027836
6 -0.580000 0.033200
6 -0.560000 0.039825
6 -0.540000 0.044990
6 -0.520000 0.050611
6 -0.500000 0.054029
6 -0.480000 0.058084
6 -0.460000 0.060364
6 -0.440001 0.060728
6 -0.420000 0.060586
6 -0.400001 0.058863
6 -0.380000 0.055170
6 -0.360001 0.050929
6 -0.340000 0.046397
6 -0.320001 0.040955
6 -0.300000 0.035223
6 -0.280001 0.029979
6 -0.260000 0.024973
6 -0.240001 0.020683
6 -0.220000 0.016702
6 -0.200000 0.013198
6 -0.180000 0.010297
6 -0.160000 0.007772
6 -0.140000 0.005778
6 -0.120000 0.004105
6 -0.100000 0.002837
6 -0.080000 0.001917
6 -0.060000 0.001227
6 -0.040000 0.000767
6 -0.020000 0.000456
6 0.000000 0.000255
6 0.020000 0.000135
6 0.040000 0.000069
6 0.059999 0.000030
6 0.080000 0.000011
6 0.099999 0.000003
7 -3.720000 0.000005
7 -3.700000 0.000028
7 -3.680000 0.000142
7 -3.660000 0.000591
7 -3.640000 0.002041
7 -3.620000 0.005870
7 -3.600000 0.014382
7 -3.580000 0.030000
7 -3.560000 0.053986
7 -3.540000 0.084896
7 -3.520000 0.115022
7 -3.500000 0.136991
7 -3.480000 0.143084
7 -3.460000 0.131354
7 -3.440001 0.106926
7 -3.420000 0.076176
7 -3.400001 0.048275
7 -3.380000 0.027054
7 -3.360001 0.013649
7 -3.340000 0.006078
7 -3.320001 0.002391
7 -3.300000 0.000787
7 -3.280000 0.000215
7 -3.260000 0.000047
7 -3.240000 0.000008
8 -4.500000 0.000005
8 -4.480000 0.000037
8 -4.460000 0.000205
8 -4.440000 0.000922
8 -4.420000 0.003361
8 -4.400000 0.010081
8 -4.380000 0.024911
8 -4.360000 0.051194
8 -4.340000 0.088218
8 -4.320000 0.126348
8 -4.300000 0.154093
8 -4.280000 0.159478
8 -4.260000 0.140623
8 -4.240000 0.105403
8 -4.220000 0.067775
8 -4.200000 0.037772
8 -4.180000 0.018005
8 -4.160000 0.007770
8 -4.140000 0.002709
8 -4.120000 0.000838
8 -4.100000 0.000203
8 -4.080000 0.000042
8 -4.060000 0.000006
9 -4.640000 0.000006
9 -4.620000 0.000044
9 -4.600000 0.000257
9 -4.580000 0.001167
9 -4.560000 0.004368
9 -4.540000 0.013063
9 -4.520000 0.031871
9 -4.500000 0.064281
9 -4.480000 0.106258
9 -4.460000 0.145511
9 -4.440000 0.166509
9 -4.420000 0.159538
9 -4.400000 0.128834
9 -4.380000 0.087259
9 -4.360000 0.050258
9 -4.340000 0.024836
9 -4.320000 0.010591
9 -4.300000 0.003830
9 -4.280000 0.001157
9 -4.260000 0.000290
9 -4.240000 0.000059
9 -4.220000 0.000009
9 -4.200000 0.000001
10 -4.700000 0.000004
10 -4.680000 0.000028
10 -4.660000 0.000168
10 -4.640000 0.000820
10 -4.620000 0.003194
10 -4.600000 0.010126
10 -4.580000 0.026067
10 -4.560000 0.054887
10 -4.540000 0.095237
10 -4.520000 0.137360
10 -4.500000 0.163495
10 -4.480000 0.163850
10 -4.460000 0.137915
10 -4.440000 0.097667
10 -4.420000 0.058433
10 -4.400000 0.030161
10 -4.380000 0.013370
10 -4.360000 0.005062
10 -4.340000 0.001619
10 -4.320000 0.000426
10 -4.300000 0.000092
10 -4.280000 0.000016
10 -4.260000 0.000002
11 -4.580000 0.000004
11 -4.560000 0.000027
11 -4.540000 0.000159
11 -4.520000 0.000753
11 -4.500000 0.002917
11 -4.480000 0.009099
11 -4.460000 0.023504
11 -4.440000 0.049616
11 -4.420000 0.086873
11 -4.400000 0.127847
11 -4.380000 0.157192
11 -4.360000 0.162109
11 -4.340000 0.142855
11 -4.320000 0.106100
11 -4.300000 0.066957
11 -4.280000 0.036543
11 -4.260000 0.017114
11 -4.240000 0.007038
11 -4.220000 0.002402
11 -4.200000 0.000693
11 -4.180000 0.000164
11 -4.160000 0.000031
11 -4.140000 0.000005
12 -4.720000 0.000004
12 -4.700000 0.000028
12 -4.680000 0.000167
12 -4.660000 0.000799
12 -4.640000 0.003106
12 -4.620000 0.009662
12 -4.600000 0.024854
12 -4.580000 0.052311
12 -4.560000 0.091245
12 -4.540000 0.132139
12 -4.520000 0.160025
12 -4.500000 0.162757
12 -4.480000 0.140724
12 -4.460000 0.101718
12 -4.440000 0.062966
12 -4.420000 0.033353
12 -4.400000 0.015369
12 -4.380000 0.006053
12 -4.360000 0.002002
12 -4.340000 0.000562
12 -4.320000 0.000128
12 -4.300000 0.000023
12 -4.280000 0.000003
13 -4.760000 0.000005
13 -4.740000 0.000037
13 -4.720000 0.000221
13 -4.700000 0.001063
13 -4.680000 0.004050
13 -4.660000 0.012666
13 -4.640000 0.031129
13 -4.620000 0.063823
13 -4.600000 0.107167
13 -4.580000 0.146715
13 -4.560000 0.169056
13 -4.540000 0.160736
13 -4.520000 0.128666
13 -4.500000 0.086679
13 -4.480000 0.049035
13 -4.460000 0.023921
13 -4.440000 0.010095
13 -4.420000 0.003559
13 -4.400000 0.001057
13 -4.380000 0.000260
13 -4.360000 0.000051
13 -4.340000 0.000008
0 -4.360000 0.000001
0 -4.340000 0.000001
0 -4.320000 0.000002
0 -4.300000 0.000002
0 -4.280000 0.000003
0 -4.260000 0.000004
0 -4.240000 0.000005
0 -4.220000 0.000006
0 -4.200000 0.000007
0 -4.180000 0.000009
0 -4.160000 0.000011
0 -4.140000 0.000014
0 -4.120000 0.000016
0 -4.100000 0.000020
0 -4.080000 0.000024
0 -4.060000 0.000027
0 -4.040000 0.000032
0 -4.020000 0.000039
0 -4.000000 0.000042
0 -3.980000 0.000050
0 -3.960000 0.000057
0 -3.940001 0.000063
0 -3.920000 0.000071
0 -3.900001 0.000080
0 -3.880000 0.000086
0 -3.860001 0.000097
0 -3.840000 0.000105
0 -3.820001 0.000116
0 -3.800000 0.000124
0 -3.780000 0.000135
0 -3.760000 0.000145
0 -3.740000 0.000155
0 -3.720000 0.000166
0 -3.700000 0.000173
0 -3.680000 0.000189
0 -3.660000 0.000192
0 -3.640000 0.000209
0 -3.620000 0.000213
0 -3.600000 0.000224
0 -3.580000 0.000239
0 -3.560000 0.000248
0 -3.540000 0.000265
0 -3.520000 0.000277
0 -3.500000 0.000298
0 -3.480000 0.000320
0 -3.460000 0.000347
0 -3.440001 0.000381
0 -3.420000 0.000407
0 -3.400001 0.000453
0 -3.380000 0.000531
0 -3.360001 0.000615
0 -3.340000 0.000739
0 -3.320001 0.000875
0 -3.300000 0.001000
0 -3.280000 0.001161
0 -3.260000 0.001318
0 -3.240000 0.001518
0 -3.220000 0.001716
0 -3.200000 0.001941
0 -3.180000 0.002181
0 -3.160000 0.002412
0 -3.140000 0.002693
0 -3.120000 0.002973
0 -3.100000 0.003283
0 -3.080000 0.003576
0 -3.060000 0.003893
0 -3.040000 0.004214
0 -3.020000 0.004533
0 -3.000000 0.004884
0 -2.980000 0.005259
0 -2.960000 0.005612
0 -2.940001 0.006018
0 -2.920000 0.006398
0 -2.900001 0.006820
0 -2.880000 0.007229
0 -2.860001 0.007660
0 -2.840000 0.008080
0 -2.820001 0.008506
0 -2.800000 0.008972
0 -2.780000 0.009395
0 -2.760000 0.009847
0 -2.740000 0.010277
0 -2.720000 0.010724
0 -2.700000 0.011174
0 -2.680000 0.011670
0 -2.660000 0.012171
0 -2.640000 0.012635
0 -2.620000 0.013105
0 -2.600000 0.013553
0 -2.580000 0.014049
0 -2.560000 0.014589
0 -2.540000 0.015097
0 -2.520000 0.015568
0 -2.500000 0.016163
0 -2.480000 0.016734
0 -2.460000 0.017253
0 -2.440001 0.017710
0 -2.420000 0.018290
0 -2.400001 0.018959
0 -2.380000 0.019396
0 -2.360001 0.019795
0 -2.340000 0.020196
0 -2.320001 0.020843
0 -2.300000 0.021116
0 -2.280001 0.021281
0 -2.260000 0.021547
0 -2.240000 0.021938
0 -2.220000 0.021923
0 -2.200000 0.021860
0 -2.180000 0.021865
0 -2.160000 0.022140
0 -2.140000 0.021900
0 -2.120000 0.021567
0 -2.100000 0.021256
0 -2.080000 0.021105
0 -2.060000 0.020316
0 -2.040000 0.019575
0 -2.020000 0.018775
0 -2.000000 0.018264
0 -1.980000 0.017245
0 -1.960000 0.016217
0 -1.940001 0.015285
0 -1.920000 0.014542
0 -1.900001 0.013435
0 -1.880000 0.012317
0 -1.860001 0.011326
0 -1.840000 0.010478
0 -1.820001 0.009398
0 -1.800000 0.008413
0 -1.780001 0.007540
0 -1.760000 0.006769
0 -1.740000 0.005934
0 -1.720000 0.005181
0 -1.700000 0.004506
0 -1.680000 0.003933
0 -1.660000 0.003358
0 -1.640000 0.002833
0 -1.620000 0.002405
0 -1.600000 0.002022
0 -1.580000 0.001692
0 -1.560000 0.001380
0 -1.540000 0.001135
0 -1.520000 0.000928
0 -1.500000 0.000748
0 -1.480000 0.000593
0 -1.460000 0.000473
0 -1.440001 0.000370
0 -1.420000 0.000290
0 -1.400001 0.000222
0 -1.380000 0.000170
0 -1.360001 0.000129
0 -1.340000 0.000097
0 -1.320001 0.000072
0 -1.300000 0.000053
0 -1.280001 0.000039
0 -1.260000 0.000028
0 -1.240000 0.000020
0 -1.220000 0.000014
0 -1.200000 0.000010
0 -1.180000 0.000007
0 -1.160000 0.000005
0 -1.140000 0.000003
0 -1.120000 0.000002
0 -1.100000 0.000001
1 -3.800000 0.000001
1 -3.780000 0.000002
1 -3.760000 0.000002
1 -3.740000 0.000003
1 -3.720000 0.000004
1 -3.700000 0.000005
1 -3.680000 0.000006
1 -3.660000 0.000008
1 -3.640000 0.000010
1 -3.620000 0.000012
1 -3.600000 0.000015
1 -3.580000 0.000019
1 -3.560000 0.000022
1 -3.540000 0.000027
1 -3.520000 0.000032
1 -3.500000 0.000037
1 -3.480000 0.000044
1 -3.460000 0.000051
1 -3.440001 0.000058
1 -3.420000 0.000066
1 -3.400001 0.000074
1 -3.380000 0.000085
1 -3.360001 0.000092
1 -3.340000 0.000102
1 -3.320001 0.000113
1 -3.300000 0.000125
1 -3.280000 0.000133
1 -3.260000 0.000146
1 -3.240000 0.000158
1 -3.220000 0.000167
1 -3.200000 0.000183
1 -3.180000 0.000189
1 -3.160000 0.000204
1 -3.140000 0.000216
1 -3.120000 0.000221
1 -3.100000 0.000237
1 -3.080000 0.000246
1 -3.060000 0.000254
1 -3.040000 0.000268
1 -3.020000 0.000274
1 -3.000000 0.000292
1 -2.980000 0.000288
1 -2.960000 0.000308
1 -2.940001 0.000321
1 -2.920000 0.000335
1 -2.900001 0.000367
1 -2.880000 0.000394
1 -2.860001 0.000434
1 -2.840000 0.000481
1 -2.820001 0.000564
1 -2.800000 0.000690
1 -2.780000 0.000875
1 -2.760000 0.001087
1 -2.740000 0.001259
1 -2.720000 0.001441
1 -2.700000 0.001648
1 -2.680000 0.001859
1 -2.660000 0.002083
1 -2.640000 0.002336
1 -2.620000 0.002595
1 -2.600000 0.002853
1 -2.580000 0.003133
1 -2.560000 0.003461
1 -2.540000 0.003794
1 -2.520000 0.004139
1 -2.500000 0.004477
1 -2.480000 0.004837
1 -2.460000 0.005209
1 -2.440001 0.005591
1 -2.420000 0.005986
1 -2.400001 0.006402
1 -2.380000 0.006825
1 -2.360001 0.007244
1 -2.340000 0.007669
1 -2.320001 0.008093
1 -2.300000 0.008521
1 -2.280001 0.008964
1 -2.260000 0.009401
1 -2.240000 0.009821
1 -2.220000 0.010256
1 -2.200000 0.010707
1 -2.180000 0.011164
1 -2.160000 0.011625
1 -2.140000 0.012090
1 -2.120000 0.012557
1 -2.100000 0.013018
1 -2.080000 0.013517
1 -2.060000 0.013989
1 -2.040000 0.014495
1 -2.020000 0.015036
1 -2.000000 0.015526
1 -1.980000 0.016084
1 -1.960000 0.016661
1 -1.940001 0.017218
1 -1.920000 0.017815
1 -1.900001 0.018401
1 -1.880000 0.018964
1 -1.860001 0.019514
1 -1.840000 0.020062
1 -1.820001 0.020569
1 -1.800000 0.020984
1 -1.780001 0.021395
1 -1.760000 0.021746
1 -1.740000 0.022050
1 -1.720000 0.022286
1 -1.700000 0.022530
1 -1.680000 0.022730
1 -1.660000 0.022814
1 -1.640000 0.022828
1 -1.620000 0.022712
1 -1.600000 0.022557
1 -1.580000 0.022157
1 -1.560000 0.021682
1 -1.540000 0.021041
1 -1.520000 0.020234
1 -1.500000 0.019384
1 -1.480000 0.018468
1 -1.460000 0.017699
1 -1.440001 0.016731
1 -1.420000 0.015657
1 -1.400001 0.014521
1 -1.380000 0.013404
1 -1.360001 0.012294
1 -1.340000 0.011163
1 -1.320001 0.010088
1 -1.300000 0.009046
1 -1.280001 0.008051
1 -1.260000 0.007074
1 -1.240000 0.006201
1 -1.220000 0.005375
1 -1.200000 0.004634
1 -1.180000 0.003938
1 -1.160000 0.003319
1 -1.140000 0.002774
1 -1.120000 0.002299
1 -1.100000 0.001886
1 -1.080000 0.001533
1 -1.060000 0.001239
1 -1.040000 0.000987
1 -1.020000 0.000780
1 -1.000000 0.000612
1 -0.980000 0.000472
1 -0.960000 0.000362
1 -0.940001 0.000274
1 -0.920000 0.000204
1 -0.900001 0.000151
1 -0.880000 0.000111
1 -0.860001 0.000080
1 -0.840000 0.000057
1 -0.820001 0.000040
1 -0.800000 0.000028
1 -0.780001 0.000019
1 -0.760000 0.000013
1 -0.740001 0.000008
1 -0.720000 0.000006
1 -0.700000 0.000004
1 -0.680000 0.000002
1 -0.660000 0.000001
2 -2.480000 0.000001
2 -2.460000 0.000002
2 -2.440001 0.000002
2 -2.420000 0.000003
2 -2.400001 0.000004
2 -2.380000 0.000006
2 -2.360001 0.000008
2 -2.340000 0.000010
2 -2.320001 0.000012
2 -2.300000 0.000015
2 -2.280001 0.000019
2 -2.260000 0.000023
2 -2.240000 0.000027
2 -2.220000 0.000033
2 -2.200000 0.000038
2 -2.180000 0.000046
2 -2.160000 0.000053
2 -2.140000 0.000061
2 -2.120000 0.000069
2 -2.100000 0.000078
2 -2.080000 0.000088
2 -2.060000 0.000098
2 -2.040000 0.000109
2 -2.020000 0.000120
2 -2.000000 0.000131
2 -1.980000 0.000143
2 -1.960000 0.000155
2 -1.940001 0.000168
2 -1.920000 0.000180
2 -1.900001 0.000194
2 -1.880000 0.000206
2 -1.860001 0.000217
2 -1.840000 0.000229
2 -1.820001 0.000242
2 -1.800000 0.000249
2 -1.780001 0.000263
2 -1.760000 0.000272
2 -1.740000 0.000283
2 -1.720000 0.000290
2 -1.700000 0.000300
2 -1.680000 0.000308
2 -1.660000 0.000316
2 -1.640000 0.000327
2 -1.620000 0.000345
2 -1.600000 0.000361
2 -1.580000 0.000388
2 -1.560000 0.000431
2 -1.540000 0.000484
2 -1.520000 0.000567
2 -1.500000 0.000681
2 -1.480000 0.000825
2 -1.460000 0.001032
2 -1.440001 0.001230
2 -1.420000 0.001439
2 -1.400001 0.001640
2 -1.380000 0.001840
2 -1.360001 0.002052
2 -1.340000 0.002282
2 -1.320001 0.002530
2 -1.300000 0.002819
2 -1.280001 0.003130
2 -1.260000 0.003468
2 -1.240000 0.003822
2 -1.220000 0.004192
2 -1.200000 0.004557
2 -1.180000 0.004945
2 -1.160000 0.005319
2 -1.140000 0.005735
2 -1.120000 0.006122
2 -1.100000 0.006528
2 -1.080000 0.006952
2 -1.060000 0.007377
2 -1.040000 0.007796
2 -1.020000 0.008220
2 -1.000000 0.008651
2 -0.980000 0.009082
2 -0.960000 0.009491
2 -0.940001 0.009943
2 -0.920000 0.010378
2 -0.900001 0.010814
2 -0.880000 0.011255
2 -0.860001 0.011743
2 -0.840000 0.012206
2 -0.820001 0.012638
2 -0.800000 0.013142
2 -0.780001 0.013624
2 -0.760000 0.014139
2 -0.740001 0.014656
2 -0.720000 0.015178
2 -0.700000 0.015753
2 -0.680000 0.016312
2 -0.660000 0.016879
2 -0.640000 0.017466
2 -0.620000 0.018041
2 -0.600000 0.018657
2 -0.580000 0.019221
2 -0.560000 0.019774
2 -0.540000 0.020325
2 -0.520000 0.020813
2 -0.500000 0.021315
2 -0.480000 0.021739
2 -0.460000 0.022149
2 -0.440001 0.022525
2 -0.420000 0.022812
2 -0.400001 0.023055
2 -0.380000 0.023215
2 -0.360001 0.023278
2 -0.340000 0.023218
2 -0.320001 0.023056
2 -0.300000 0.022787
2 -0.280001 0.022386
2 -0.260000 0.021781
2 -0.240001 0.021108
2 -0.220000 0.020325
2 -0.200000 0.019408
2 -0.180000 0.018533
2 -0.160000 0.017566
2 -0.140000 0.016505
2 -0.120000 0.015341
2 -0.100000 0.014136
2 -0.080000 0.012933
2 -0.060000 0.011842
2 -0.040000 0.010655
2 -0.020000 0.009566
2 0.000000 0.008520
2 0.020000 0.007464
2 0.040000 0.006515
2 0.059999 0.005656
2 0.080000 0.004828
2 0.099999 0.004095
2 0.120000 0.003423
2 0.139999 0.002838
2 0.160000 0.002318
2 0.179999 0.001884
2 0.200000 0.001515
2 0.219999 0.001204
2 0.240000 0.000952
2 0.259999 0.000738
2 0.280000 0.000568
2 0.300000 0.000433
2 0.320000 0.000324
2 0.340000 0.000240
2 0.360000 0.000175
2 0.380000 0.000125
2 0.400000 0.000088
2 0.420000 0.000061
2 0.440000 0.000040
2 0.460000 0.000026
2 0.480000 0.000017
2 0.500000 0.000010
2 0.520000 0.000006
2 0.540000 0.000004
2 0.559999 0.000002
2 0.580000 0.000001
3 -3.820001 0.000001
3 -3.800000 0.000002
3 -3.780000 0.000002
3 -3.760000 0.000003
3 -3.740000 0.000004
3 -3.720000 0.000005
3 -3.700000 0.000006
3 -3.680000 0.000008
3 -3.660000 0.000010
3 -3.640000 0.000012
3 -3.620000 0.000015
3 -3.600000 0.000018
3 -3.580000 0.000022
3 -3.560000 0.000026
3 -3.540000 0.000031
3 -3.520000 0.000038
3 -3.500000 0.000043
3 -3.480000 0.000050
3 -3.460000 0.000058
3 -3.440001 0.000066
3 -3.420000 0.000074
3 -3.400001 0.000084
3 -3.380000 0.000093
3 -3.360001 0.000102
3 -3.340000 0.000112
3 -3.320001 0.000125
3 -3.300000 0.000134
3 -3.280000 0.000146
3 -3.260000 0.000159
3 -3.240000 0.000168
3 -3.220000 0.000183
3 -3.200000 0.000191
3 -3.180000 0.000205
3 -3.160000 0.000217
3 -3.140000 0.000225
3 -3.120000 0.000234
3 -3.100000 0.000250
3 -3.080000 0.000259
3 -3.060000 0.000264
3 -3.040000 0.000283
3 -3.020000 0.000288
3 -3.000000 0.000291
3 -2.980000 0.000307
3 -2.960000 0.000317
3 -2.940001 0.000329
3 -2.920000 0.000360
3 -2.900001 0.000382
3 -2.880000 0.000421
3 -2.860001 0.000465
3 -2.840000 0.000537
3 -2.820001 0.000648
3 -2.800000 0.000800
3 -2.780000 0.001038
3 -2.760000 0.001232
3 -2.740000 0.001406
3 -2.720000 0.001610
3 -2.700000 0.001812
3 -2.680000 0.002026
3 -2.660000 0.002266
3 -2.640000 0.002526
3 -2.620000 0.002781
3 -2.600000 0.003065
3 -2.580000 0.003368
3 -2.560000 0.003713
3 -2.540000 0.004056
3 -2.520000 0.004405
3 -2.500000 0.004759
3 -2.480000 0.005120
3 -2.460000 0.005512
3 -2.440001 0.005913
3 -2.420000 0.006317
3 -2.400001 0.006732
3 -2.380000 0.007150
3 -2.360001 0.007569
3 -2.340000 0.008006
3 -2.320001 0.008427
3 -2.300000 0.008857
3 -2.280001 0.009293
3 -2.260000 0.009717
3 -2.240000 0.010145
3 -2.220000 0.010608
3 -2.200000 0.011046
3 -2.180000 0.011519
3 -2.160000 0.011951
3 -2.140000 0.012420
3 -2.120000 0.012904
3 -2.100000 0.013381
3 -2.080000 0.013866
3 -2.060000 0.014366
3 -2.040000 0.014872
3 -2.020000 0.015396
3 -2.000000 0.015933
3 -1.980000 0.016504
3 -1.960000 0.017099
3 -1.940001 0.017665
3 -1.920000 0.018233
3 -1.900001 0.018837
3 -1.880000 0.019351
3 -1.860001 0.019942
3 -1.840000 0.020437
3 -1.820001 0.020898
3 -1.800000 0.021303
3 -1.780001 0.021651
3 -1.760000 0.021993
3 -1.740000 0.022289
3 -1.720000 0.022536
3 -1.700000 0.022714
3 -1.680000 0.022872
3 -1.660000 0.022891
3 -1.640000 0.022849
3 -1.620000 0.022640
3 -1.600000 0.022305
3 -1.580000 0.021857
3 -1.560000 0.021276
3 -1.540000 0.020475
3 -1.520000 0.019625
3 -1.500000 0.018777
3 -1.480000 0.017944
3 -1.460000 0.017049
3 -1.440001 0.015941
3 -1.420000 0.014853
3 -1.400001 0.013657
3 -1.380000 0.012516
3 -1.360001 0.011450
3 -1.340000 0.010327
3 -1.320001 0.009283
3 -1.300000 0.008258
3 -1.280001 0.007273
3 -1.260000 0.006346
3 -1.240000 0.005564
3 -1.220000 0.004749
3 -1.200000 0.004049
3 -1.180000 0.003408
3 -1.160000 0.002850
3 -1.140000 0.002349
3 -1.120000 0.001917
3 -1.100000 0.001569
3 -1.080000 0.001256
3 -1.060000 0.001003
3 -1.040000 0.000789
3 -1.020000 0.000615
3 -1.000000 0.000475
3 -0.980000 0.000363
3 -0.960000 0.000271
3 -0.940001 0.000202
3 -0.920000 0.000148
3 -0.900001 0.000108
3 -0.880000 0.000076
3 -0.860001 0.000054
3 -0.840000 0.000037
3 -0.820001 0.000025
3 -0.800000 0.000017
3 -0.780001 0.000011
3 -0.760000 0.000007
3 -0.740001 0.000005
3 -0.720000 0.000003
3 -0.700000 0.000002
3 -0.680000 0.000001
4 -4.320000 0.000001
4 -4.300000 0.000001
4 -4.280000 0.000002
4 -4.260000 0.000002
4 -4.240000 0.000003
4 -4.220000 0.000004
4 -4.200000 0.000005
4 -4.180000 0.000007
4 -4.160000 0.000009
4 -4.140000 0.000011
4 -4.120000 0.000013
4 -4.100000 0.000016
4 -4.080000 0.000019
4 -4.060000 0.000023
4 -4.040000 0.000028
4 -4.020000 0.000032
4 -4.000000 0.000037
4 -3.980000 0.000045
4 -3.960000 0.000051
4 -3.940001 0.000058
4 -3.920000 0.000066
4 -3.900001 0.000074
4 -3.880000 0.000083
4 -3.860001 0.000090
4 -3.840000 0.000102
4 -3.820001 0.000110
4 -3.800000 0.000123
4 -3.780000 0.000131
4 -3.760000 0.000145
4 -3.740000 0.000152
4 -3.720000 0.000167
4 -3.700000 0.000176
4 -3.680000 0.000186
4 -3.660000 0.000200
4 -3.640000 0.000209
4 -3.620000 0.000217
4 -3.600000 0.000230
4 -3.580000 0.000239
4 -3.560000 0.000249
4 -3.540000 0.000266
4 -3.520000 0.000267
4 -3.500000 0.000291
4 -3.480000 0.000287
4 -3.460000 0.000311
4 -3.440001 0.000325
4 -3.420000 0.000350
4 -3.400001 0.000379
4 -3.380000 0.000414
4 -3.360001 0.000449
4 -3.340000 0.000524
4 -3.320001 0.000614
4 -3.300000 0.000785
4 -3.280000 0.000937
4 -3.260000 0.001109
4 -3.240000 0.001287
4 -3.220000 0.001464
4 -3.200000 0.001667
4 -3.180000 0.001900
4 -3.160000 0.002131
4 -3.140000 0.002388
4 -3.120000 0.002643
4 -3.100000 0.002916
4 -3.080000 0.003206
4 -3.060000 0.003517
4 -3.040000 0.003845
4 -3.020000 0.004182
4 -3.000000 0.004510
4 -2.980000 0.004870
4 -2.960000 0.005230
4 -2.940001 0.005620
4 -2.920000 0.006008
4 -2.900001 0.006418
4 -2.880000 0.006834
4 -2.860001 0.007278
4 -2.840000 0.007673
4 -2.820001 0.008115
4 -2.800000 0.008546
4 -2.780000 0.009001
4 -2.760000 0.009426
4 -2.740000 0.009848
4 -2.720000 0.010284
4 -2.700000 0.010746
4 -2.680000 0.011189
4 -2.660000 0.011675
4 -2.640000 0.012143
4 -2.620000 0.012618
4 -2.600000 0.013069
4 -2.580000 0.013563
4 -2.560000 0.014036
4 -2.540000 0.014544
4 -2.520000 0.015045
4 -2.500000 0.015610
4 -2.480000 0.016131
4 -2.460000 0.016648
4 -2.440001 0.017253
4 -2.420000 0.017865
4 -2.400001 0.018441
4 -2.380000 0.018931
4 -2.360001 0.019544
4 -2.340000 0.020007
4 -2.320001 0.020490
4 -2.300000 0.020989
4 -2.280001 0.021363
4 -2.260000 0.021625
4 -2.240000 0.021916
4 -2.220000 0.022146
4 -2.200000 0.022358
4 -2.180000 0.022486
4 -2.160000 0.022555
4 -2.140000 0.022595
4 -2.120000 0.022483
4 -2.100000 0.022263
4 -2.080000 0.021945
4 -2.060000 0.021497
4 -2.040000 0.020777
4 -2.020000 0.019978
4 -2.000000 0.019227
4 -1.980000 0.018379
4 -1.960000 0.017499
4 -1.940001 0.016518
4 -1.920000 0.015500
4 -1.900001 0.014489
4 -1.880000 0.013350
4 -1.860001 0.012233
4 -1.840000 0.011206
4 -1.820001 0.010111
4 -1.800000 0.009071
4 -1.780001 0.008093
4 -1.760000 0.007182
4 -1.740000 0.006312
4 -1.720000 0.005460
4 -1.700000 0.004753
4 -1.680000 0.004076
4 -1.660000 0.003446
4 -1.640000 0.002901
4 -1.620000 0.002422
4 -1.600000 0.002009
4 -1.580000 0.001653
4 -1.560000 0.001340
4 -1.540000 0.001085
4 -1.520000 0.000865
4 -1.500000 0.000684
4 -1.480000 0.000537
4 -1.460000 0.000416
4 -1.440001 0.000320
4 -1.420000 0.000243
4 -1.400001 0.000182
4 -1.380000 0.000136
4 -1.360001 0.000100
4 -1.340000 0.000073
4 -1.320001 0.000052
4 -1.300000 0.000037
4 -1.280001 0.000026
4 -1.260000 0.000018
4 -1.240000 0.000012
4 -1.220000 0.000008
4 -1.200000 0.000006
4 -1.180000 0.000004
4 -1.160000 0.000002
4 -1.140000 0.000001
5 -4.640000 0.000001
5 -4.620000 0.000001
5 -4.600000 0.000002
5 -4.580000 0.000003
5 -4.560000 0.000003
5 -4.540000 0.000004
5 -4.520000 0.000005
5 -4.500000 0.000007
5 -4.480000 0.000008
5 -4.460000 0.000010
5 -4.440000 0.000013
5 -4.420000 0.000015
5 -4.400000 0.000018
5 -4.380000 0.000022
5 -4.360000 0.000027
5 -4.340000 0.000030
5 -4.320000 0.000037
5 -4.300000 0.000042
5 -4.280000 0.000047
5 -4.260000 0.000056
5 -4.240000 0.000063
5 -4.220000 0.000069
5 -4.200000 0.000079
5 -4.180000 0.000086
5 -4.160000 0.000096
5 -4.140000 0.000105
5 -4.120000 0.000117
5 -4.100000 0.000125
5 -4.080000 0.000136
5 -4.060000 0.000146
5 -4.040000 0.000156
5 -4.020000 0.000169
5 -4.000000 0.000176
5 -3.980000 0.000191
5 -3.960000 0.000196
5 -3.940001 0.000211
5 -3.920000 0.000218
5 -3.900001 0.000228
5 -3.880000 0.000241
5 -3.860001 0.000251
5 -3.840000 0.000266
5 -3.820001 0.000274
5 -3.800000 0.000291
5 -3.780000 0.000311
5 -3.760000 0.000327
5 -3.740000 0.000363
5 -3.720000 0.000384
5 -3.700000 0.000420
5 -3.680000 0.000473
5 -3.660000 0.000549
5 -3.640000 0.000661
5 -3.620000 0.000799
5 -3.600000 0.000935
5 -3.580000 0.001092
5 -3.560000 0.001242
5 -3.540000 0.001439
5 -3.520000 0.001627
5 -3.500000 0.001854
5 -3.480000 0.002095
5 -3.460000 0.002339
5 -3.440001 0.002597
5 -3.420000 0.002884
5 -3.400001 0.003167
5 -3.380000 0.003477
5 -3.360001 0.003789
5 -3.340000 0.004107
5 -3.320001 0.004435
5 -3.300000 0.004784
5 -3.280000 0.005153
5 -3.260000 0.005522
5 -3.240000 0.005909
5 -3.220000 0.006299
5 -3.200000 0.006721
5 -3.180000 0.007133
5 -3.160000 0.007572
5 -3.140000 0.007986
5 -3.120000 0.008409
5 -3.100000 0.008885
5 -3.080000 0.009304
5 -3.060000 0.009732
5 -3.040000 0.010190
5 -3.020000 0.010612
5 -3.000000 0.011059
5 -2.980000 0.011568
5 -2.960000 0.012044
5 -2.940001 0.012511
5 -2.920000 0.012977
5 -2.900001 0.013455
5 -2.880000 0.013928
5 -2.860001 0.014417
5 -2.840000 0.014977
5 -2.820001 0.015451
5 -2.800000 0.016004
5 -2.780000 0.016550
5 -2.760000 0.017146
5 -2.740000 0.017643
5 -2.720000 0.018191
5 -2.700000 0.018847
5 -2.680000 0.019386
5 -2.660000 0.019767
5 -2.640000 0.020210
5 -2.620000 0.020833
5 -2.600000 0.021195
5 -2.580000 0.021409
5 -2.560000 0.021639
5 -2.540000 0.021975
5 -2.520000 0.022185
5 -2.500000 0.022111
5 -2.480000 0.022155
5 -2.460000 0.022312
5 -2.440001 0.022326
5 -2.420000 0.021926
5 -2.400001 0.021655
5 -2.380000 0.021371
5 -2.360001 0.020822
5 -2.340000 0.019937
5 -2.320001 0.019202
5 -2.300000 0.018543
5 -2.280001 0.017617
5 -2.260000 0.016600
5 -2.240000 0.015582
5 -2.220000 0.014772
5 -2.200000 0.013672
5 -2.180000 0.012534
5 -2.160000 0.011500
5 -2.140000 0.010571
5 -2.120000 0.009479
5 -2.100000 0.008486
5 -2.080000 0.007571
5 -2.060000 0.006756
5 -2.040000 0.005897
5 -2.020000 0.005130
5 -2.000000 0.004444
5 -1.980000 0.003863
5 -1.960000 0.003253
5 -1.940001 0.002742
5 -1.920000 0.002311
5 -1.900001 0.001940
5 -1.880000 0.001590
5 -1.860001 0.001297
5 -1.840000 0.001054
5 -1.820001 0.000856
5 -1.800000 0.000679
5 -1.780001 0.000536
5 -1.760000 0.000421
5 -1.740000 0.000328
5 -1.720000 0.000251
5 -1.700000 0.000191
5 -1.680000 0.000144
5 -1.660000 0.000109
5 -1.640000 0.000080
5 -1.620000 0.000058
5 -1.600000 0.000042
5 -1.580000 0.000030
5 -1.560000 0.000022
5 -1.540000 0.000015
5 -1.520000 0.000010
5 -1.500000 0.000007
5 -1.480000 0.000005
5 -1.460000 0.000003
5 -1.440001 0.000002
5 -1.420000 0.000001
6 -2.840000 0.000001
6 -2.820001 0.000002
6 -2.800000 0.000002
6 -2.780000 0.000003
6 -2.760000 0.000004
6 -2.740000 0.000005
6 -2.720000 0.000007
6 -2.700000 0.000009
6 -2.680000 0.000011
6 -2.660000 0.000013
6 -2.640000 0.000016
6 -2.620000 0.000020
6 -2.600000 0.000024
6 -2.580000 0.000028
6 -2.560000 0.000033
6 -2.540000 0.000039
6 -2.520000 0.000046
6 -2.500000 0.000053
6 -2.480000 0.000060
6 -2.460000 0.000068
6 -2.440001 0.000077
6 -2.420000 0.000086
6 -2.400001 0.000095
6 -2.380000 0.000106
6 -2.360001 0.000117
6 -2.340000 0.000127
6 -2.320001 0.000139
6 -2.300000 0.000149
6 -2.280001 0.000162
6 -2.260000 0.000175
6 -2.240000 0.000186
6 -2.220000 0.000197
6 -2.200000 0.000209
6 -2.180000 0.000219
6 -2.160000 0.000232
6 -2.140000 0.000241
6 -2.120000 0.000250
6 -2.100000 0.000265
6 -2.080000 0.000273
6 -2.060000 0.000279
6 -2.040000 0.000290
6 -2.020000 0.000300
6 -2.000000 0.000306
6 -1.980000 0.000324
6 -1.960000 0.000337
6 -1.940001 0.000358
6 -1.920000 0.000386
6 -1.900001 0.000418
6 -1.880000 0.000474
6 -1.860001 0.000542
6 -1.840000 0.000639
6 -1.820001 0.000767
6 -1.800000 0.000940
6 -1.780001 0.001107
6 -1.760000 0.001311
6 -1.740000 0.001505
6 -1.720000 0.001698
6 -1.700000 0.001899
6 -1.680000 0.002105
6 -1.660000 0.002338
6 -1.640000 0.002577
6 -1.620000 0.002853
6 -1.600000 0.003173
6 -1.580000 0.003499
6 -1.560000 0.003834
6 -1.540000 0.004198
6 -1.520000 0.004555
6 -1.500000 0.004929
6 -1.480000 0.005288
6 -1.460000 0.005686
6 -1.440001 0.006061
6 -1.420000 0.006447
6 -1.400001 0.006870
6 -1.380000 0.007268
6 -1.360001 0.007690
6 -1.340000 0.008097
6 -1.320001 0.008511
6 -1.300000 0.008934
6 -1.280001 0.009345
6 -1.260000 0.009769
6 -1.240000 0.010202
6 -1.220000 0.010630
6 -1.200000 0.011083
6 -1.180000 0.011543
6 -1.160000 0.011978
6 -1.140000 0.012459
6 -1.120000 0.012923
6 -1.100000 0.013400
6 -1.080000 0.013897
6 -1.060000 0.014405
6 -1.040000 0.014919
6 -1.020000 0.015478
6 -1.000000 0.016004
6 -0.980000 0.016582
6 -0.960000 0.017140
6 -0.940001 0.017680
6 -0.920000 0.018241
6 -0.900001 0.018810
6 -0.880000 0.019304
6 -0.860001 0.019822
6 -0.840000 0.020336
6 -0.820001 0.020758
6 -0.800000 0.021174
6 -0.780001 0.021572
6 -0.760000 0.021894
6 -0.740001 0.022226
6 -0.720000 0.022412
6 -0.700000 0.022619
6 -0.680000 0.022668
6 -0.660000 0.022657
6 -0.640000 0.022540
6 -0.620000 0.022321
6 -0.600000 0.022013
6 -0.580000 0.021508
6 -0.560000 0.020896
6 -0.540000 0.020216
6 -0.520000 0.019404
6 -0.500000 0.018595
6 -0.480000 0.017754
6 -0.460000 0.016800
6 -0.440001 0.015753
6 -0.420000 0.014661
6 -0.400001 0.013525
6 -0.380000 0.012424
6 -0.360001 0.011340
6 -0.340000 0.010313
6 -0.320001 0.009229
6 -0.300000 0.008257
6 -0.280001 0.007301
6 -0.260000 0.006381
6 -0.240001 0.005564
6 -0.220000 0.004798
6 -0.200000 0.004093
6 -0.180000 0.003448
6 -0.160000 0.002885
6 -0.140000 0.002387
6 -0.120000 0.001958
6 -0.100000 0.001589
6 -0.080000 0.001278
6 -0.060000 0.001020
6 -0.040000 0.000807
6 -0.020000 0.000629
6 0.000000 0.000486
6 0.020000 0.000371
6 0.040000 0.000281
6 0.059999 0.000207
6 0.080000 0.000153
6 0.099999 0.000110
6 0.120000 0.000078
6 0.139999 0.000054
6 0.160000 0.000036
6 0.179999 0.000024
6 0.200000 0.000015
6 0.219999 0.000010
6 0.240000 0.000006
6 0.259999 0.000003
6 0.280000 0.000002
6 0.300000 0.000001
7 -6.000000 0.000001
7 -5.980000 0.000001
7 -5.960000 0.000002
7 -5.940000 0.000002
7 -5.920000 0.000003
7 -5.900000 0.000004
7 -5.880000 0.000005
7 -5.860000 0.000006
7 -5.840000 0.000007
7 -5.820000 0.000009
7 -5.800000 0.000011
7 -5.780000 0.000013
7 -5.760000 0.000016
7 -5.740000 0.000019
7 -5.720000 0.000023
7 -5.700000 0.000027
7 -5.680000 0.000032
7 -5.660000 0.000037
7 -5.640000 0.000041
7 -5.620000 0.000049
7 -5.600000 0.000054
7 -5.580000 0.000061
7 -5.560000 0.000069
7 -5.540000 0.000077
7 -5.520000 0.000084
7 -5.500000 0.000094
7 -5.480000 0.000102
7 -5.460000 0.000112
7 -5.440000 0.000121
7 -5.420000 0.000131
7 -5.400000 0.000142
7 -5.380000 0.000149
7 -5.360000 0.000163
7 -5.340000 0.000168
7 -5.320000 0.000182
7 -5.300000 0.000187
7 -5.280000 0.000202
7 -5.260000 0.000207
7 -5.240000 0.000220
7 -5.220000 0.000234
7 -5.200000 0.000238
7 -5.180000 0.000262
7 -5.160000 0.000275
7 -5.140000 0.000294
7 -5.120000 0.000321
7 -5.100000 0.000349
7 -5.080000 0.000379
7 -5.060000 0.000414
7 -5.040000 0.000458
7 -5.020000 0.000533
7 -5.000000 0.000614
7 -4.980000 0.000734
7 -4.960000 0.000847
7 -4.940000 0.000986
7 -4.920000 0.001121
7 -4.900000 0.001289
7 -4.880000 0.001467
7 -4.860000 0.001672
7 -4.840000 0.001879
7 -4.820000 0.002106
7 -4.800000 0.002356
7 -4.780000 0.002605
7 -4.760000 0.002894
7 -4.740000 0.003192
7 -4.720000 0.003502
7 -4.700000 0.003801
7 -4.680000 0.004114
7 -4.660000 0.004441
7 -4.640000 0.004775
7 -4.620000 0.005138
7 -4.600000 0.005505
7 -4.580000 0.005873
7 -4.560000 0.006260
7 -4.540000 0.006663
7 -4.520000 0.007084
7 -4.500000 0.007505
7 -4.480000 0.007909
7 -4.460000 0.008365
7 -4.440000 0.008804
7 -4.420000 0.009224
7 -4.400000 0.009678
7 -4.380000 0.010111
7 -4.360000 0.010559
7 -4.340000 0.011011
7 -4.320000 0.011487
7 -4.300000 0.011992
7 -4.280000 0.012459
7 -4.260000 0.012914
7 -4.240000 0.013379
7 -4.220000 0.013867
7 -4.200000 0.014389
7 -4.180000 0.014885
7 -4.160000 0.015408
7 -4.140000 0.015918
7 -4.120000 0.016542
7 -4.100000 0.017051
7 -4.080000 0.017497
7 -4.060000 0.018010
7 -4.040000 0.018673
7 -4.020000 0.019202
7 -4.000000 0.019545
7 -3.980000 0.019987
7 -3.960000 0.020523
7 -3.940001 0.020890
7 -3.920000 0.021084
7 -3.900001 0.021368
7 -3.880000 0.021729
7 -3.860001 0.021779
7 -3.840000 0.021705
7 -3.820001 0.021692
7 -3.800000 0.021784
7 -3.780000 0.021838
7 -3.760000 0.021471
7 -3.740000 0.021235
7 -3.720000 0.020915
7 -3.700000 0.020519
7 -3.680000 0.019745
7 -3.660000 0.018994
7 -3.640000 0.018363
7 -3.620000 0.017612
7 -3.600000 0.016577
7 -3.580000 0.015629
7 -3.560000 0.014715
7 -3.540000 0.013831
7 -3.520000 0.012764
7 -3.500000 0.011766
7 -3.480000 0.010798
7 -3.460000 0.009910
7 -3.440001 0.008909
7 -3.420000 0.007950
7 -3.400001 0.007143
7 -3.380000 0.006362
7 -3.360001 0.005602
7 -3.340000 0.004871
7 -3.320001 0.004269
7 -3.300000 0.003683
7 -3.280000 0.003152
7 -3.260000 0.002676
7 -3.240000 0.002267
7 -3.220000 0.001910
7 -3.200000 0.001592
7 -3.180000 0.001310
7 -3.160000 0.001077
7 -3.140000 0.000881
7 -3.120000 0.000711
7 -3.100000 0.000569
7 -3.080000 0.000451
7 -3.060000 0.000358
7 -3.040000 0.000279
7 -3.020000 0.000215
7 -3.000000 0.000166
7 -2.980000 0.000126
7 -2.960000 0.000095
7 -2.940001 0.000072
7 -2.920000 0.000053
7 -2.900001 0.000039
7 -2.880000 0.000028
7 -2.860001 0.000020
7 -2.840000 0.000014
7 -2.820001 0.000010
7 -2.800000 0.000007
7 -2.780000 0.000005
7 -2.760000 0.000003
7 -2.740000 0.000002
7 -2.720000 0.000001
8 -6.840000 0.000001
8 -6.820000 0.000002
8 -6.800000 0.000002
8 -6.780000 0.000002
8 -6.760000 0.000003
8 -6.740000 0.000004
8 -6.720000 0.000005
8 -6.700000 0.000006
8 -6.680000 0.000007
8 -6.660000 0.000009
8 -6.640000 0.000011
8 -6.620000 0.000013
8 -6.600000 0.000015
8 -6.580000 0.000019
8 -6.560000 0.000021
8 -6.540000 0.000025
8 -6.520000 0.000030
8 -6.500000 0.000034
8 -6.480000 0.000038
8 -6.460000 0.000045
8 -6.440000 0.000049
8 -6.420000 0.000056
8 -6.400000 0.000062
8 -6.380000 0.000070
8 -6.360000 0.000076
8 -6.340000 0.000084
8 -6.320000 0.000092
8 -6.300000 0.000101
8 -6.280000 0.000110
8 -6.260000 0.000118
8 -6.240000 0.000129
8 -6.220000 0.000137
8 -6.200000 0.000146
8 -6.180000 0.000155
8 -6.160000 0.000163
8 -6.140000 0.000175
8 -6.120000 0.000181
8 -6.100000 0.000194
8 -6.080000 0.000202
8 -6.060000 0.000219
8 -6.040000 0.000232
8 -6.020000 0.000245
8 -6.000000 0.000268
8 -5.980000 0.000290
8 -5.960000 0.000320
8 -5.940000 0.000357
8 -5.920000 0.000393
8 -5.900000 0.000436
8 -5.880000 0.000490
8 -5.860000 0.000565
8 -5.840000 0.000650
8 -5.820000 0.000747
8 -5.800000 0.000862
8 -5.780000 0.000996
8 -5.760000 0.001128
8 -5.740000 0.001292
8 -5.720000 0.001451
8 -5.700000 0.001646
8 -5.680000 0.001844
8 -5.660000 0.002056
8 -5.640000 0.002292
8 -5.620000 0.002538
8 -5.600000 0.002810
8 -5.580000 0.003090
8 -5.560000 0.003390
8 -5.540000 0.003702
8 -5.520000 0.004028
8 -5.500000 0.004333
8 -5.480000 0.004656
8 -5.460000 0.005025
8 -5.440000 0.005347
8 -5.420000 0.005732
8 -5.400000 0.006116
8 -5.380000 0.006472
8 -5.360000 0.006888
8 -5.340000 0.007307
8 -5.320000 0.007725
8 -5.300000 0.008150
8 -5.280000 0.008592
8 -5.260000 0.008999
8 -5.240000 0.009456
8 -5.220000 0.009910
8 -5.200000 0.010333
8 -5.180000 0.010826
8 -5.160000 0.011285
8 -5.140000 0.011770
8 -5.120000 0.012275
8 -5.100000 0.012725
8 -5.080000 0.013170
8 -5.060000 0.013682
8 -5.040000 0.014177
8 -5.020000 0.014656
8 -5.000000 0.015195
8 -4.980000 0.015735
8 -4.960000 0.016304
8 -4.940000 0.016795
8 -4.920000 0.017269
8 -4.900000 0.017761
8 -4.880000 0.018283
8 -4.860000 0.018760
8 -4.840000 0.019190
8 -4.820000 0.019634
8 -4.800000 0.020040
8 -4.780000 0.020434
8 -4.760000 0.020679
8 -4.740000 0.020944
8 -4.720000 0.021263
8 -4.700000 0.021331
8 -4.680000 0.021355
8 -4.660000 0.021275
8 -4.640000 0.021282
8 -4.620000 0.021166
8 -4.600000 0.020952
8 -4.580000 0.020729
8 -4.560000 0.020505
8 -4.540000 0.020177
8 -4.520000 0.019607
8 -4.500000 0.018921
8 -4.480000 0.018261
8 -4.460000 0.017550
8 -4.440000 0.016833
8 -4.420000 0.015901
8 -4.400000 0.014997
8 -4.380000 0.014114
8 -4.360000 0.013306
8 -4.340000 0.012346
8 -4.320000 0.011325
8 -4.300000 0.010483
8 -4.280000 0.009608
8 -4.260000 0.008748
8 -4.240000 0.007898
8 -4.220000 0.007050
8 -4.200000 0.006361
8 -4.180000 0.005598
8 -4.160000 0.005013
8 -4.140000 0.004330
8 -4.120000 0.003849
8 -4.100000 0.003279
8 -4.080000 0.002852
8 -4.060000 0.002457
8 -4.040000 0.002054
8 -4.020000 0.001776
8 -4.000000 0.001486
8 -3.980000 0.001216
8 -3.960000 0.001024
8 -3.940001 0.000858
8 -3.920000 0.000683
8 -3.900001 0.000556
8 -3.880000 0.000457
8 -3.860001 0.000362
8 -3.840000 0.000286
8 -3.820001 0.000226
8 -3.800000 0.000178
8 -3.780000 0.000139
8 -3.760000 0.000105
8 -3.740000 0.000081
8 -3.720000 0.000061
8 -3.700000 0.000046
8 -3.680000 0.000034
8 -3.660000 0.000025
8 -3.640000 0.000019
8 -3.620000 0.000013
8 -3.600000 0.000010
8 -3.580000 0.000007
8 -3.560000 0.000005
8 -3.540000 0.000003
8 -3.520000 0.000002
8 -3.500000 0.000002
8 -3.480000 0.000001
9 -7.000000 0.000001
9 -6.980000 0.000002
9 -6.960000 0.000002
9 -6.940000 0.000003
9 -6.920000 0.000003
9 -6.900000 0.000004
9 -6.880000 0.000005
9 -6.860000 0.000006
9 -6.840000 0.000007
9 -6.820000 0.000009
9 -6.800000 0.000011
9 -6.780000 0.000013
9 -6.760000 0.000015
9 -6.740000 0.000018
9 -6.720000 0.000021
9 -6.700000 0.000025
9 -6.680000 0.000029
9 -6.660000 0.000033
9 -6.640000 0.000037
9 -6.620000 0.000044
9 -6.600000 0.000048
9 -6.580000 0.000055
9 -6.560000 0.000061
9 -6.540000 0.000068
9 -6.520000 0.000074
9 -6.500000 0.000083
9 -6.480000 0.000090
9 -6.460000 0.000099
9 -6.440000 0.000108
9 -6.420000 0.000117
9 -6.400000 0.000126
9 -6.380000 0.000134
9 -6.360000 0.000143
9 -6.340000 0.000153
9 -6.320000 0.000160
9 -6.300000 0.000170
9 -6.280000 0.000178
9 -6.260000 0.000192
9 -6.240000 0.000198
9 -6.220000 0.000215
9 -6.200000 0.000230
9 -6.180000 0.000241
9 -6.160000 0.000267
9 -6.140000 0.000288
9 -6.120000 0.000318
9 -6.100000 0.000357
9 -6.080000 0.000396
9 -6.060000 0.000441
9 -6.040000 0.000493
9 -6.020000 0.000567
9 -6.000000 0.000648
9 -5.980000 0.000744
9 -5.960000 0.000849
9 -5.940000 0.000983
9 -5.920000 0.001109
9 -5.900000 0.001259
9 -5.880000 0.001431
9 -5.860000 0.001613
9 -5.840000 0.001801
9 -5.820000 0.002021
9 -5.800000 0.002238
9 -5.780000 0.002485
9 -5.760000 0.002760
9 -5.740000 0.003019
9 -5.720000 0.003318
9 -5.700000 0.003630
9 -5.680000 0.003942
9 -5.660000 0.004269
9 -5.640000 0.004579
9 -5.620000 0.004941
9 -5.600000 0.005267
9 -5.580000 0.005622
9 -5.560000 0.006009
9 -5.540000 0.006381
9 -5.520000 0.006765
9 -5.500000 0.007197
9 -5.480000 0.007601
9 -5.460000 0.008026
9 -5.440000 0.008447
9 -5.420000 0.008917
9 -5.400000 0.009302
9 -5.380000 0.009741
9 -5.360000 0.010208
9 -5.340000 0.010663
9 -5.320000 0.011151
9 -5.300000 0.011641
9 -5.280000 0.012116
9 -5.260000 0.012592
9 -5.240000 0.013009
9 -5.220000 0.013512
9 -5.200000 0.013991
9 -5.180000 0.014505
9 -5.160000 0.015005
9 -5.140000 0.015576
9 -5.120000 0.016100
9 -5.100000 0.016612
9 -5.080000 0.017126
9 -5.060000 0.017553
9 -5.040000 0.018054
9 -5.020000 0.018594
9 -5.000000 0.018960
9 -4.980000 0.019438
9 -4.960000 0.019805
9 -4.940000 0.020223
9 -4.920000 0.020506
9 -4.900000 0.020798
9 -4.880000 0.021049
9 -4.860000 0.021170
9 -4.840000 0.021230
9 -4.820000 0.021208
9 -4.800000 0.021153
9 -4.780000 0.021023
9 -4.760000 0.020862
9 -4.740000 0.020642
9 -4.720000 0.020446
9 -4.700000 0.020173
9 -4.680000 0.019668
9 -4.660000 0.019048
9 -4.640000 0.018367
9 -4.620000 0.017692
9 -4.600000 0.017008
9 -4.580000 0.016163
9 -4.560000 0.015268
9 -4.540000 0.014376
9 -4.520000 0.013521
9 -4.500000 0.012650
9 -4.480000 0.011746
9 -4.460000 0.010789
9 -4.440000 0.009882
9 -4.420000 0.009100
9 -4.400000 0.008242
9 -4.380000 0.007419
9 -4.360000 0.006649
9 -4.340000 0.005941
9 -4.320000 0.005293
9 -4.300000 0.004660
9 -4.280000 0.004074
9 -4.260000 0.003556
9 -4.240000 0.003081
9 -4.220000 0.002661
9 -4.200000 0.002274
9 -4.180000 0.001936
9 -4.160000 0.001628
9 -4.140000 0.001377
9 -4.120000 0.001145
9 -4.100000 0.000952
9 -4.080000 0.000785
9 -4.060000 0.000642
9 -4.040000 0.000519
9 -4.020000 0.000420
9 -4.000000 0.000337
9 -3.980000 0.000267
9 -3.960000 0.000211
9 -3.940001 0.000164
9 -3.920000 0.000128
9 -3.900001 0.000099
9 -3.880000 0.000076
9 -3.860001 0.000057
9 -3.840000 0.000043
9 -3.820001 0.000032
9 -3.800000 0.000024
9 -3.780000 0.000017
9 -3.760000 0.000013
9 -3.740000 0.000009
9 -3.720000 0.000006
9 -3.700000 0.000004
9 -3.680000 0.000003
9 -3.660000 0.000002
9 -3.640000 0.000001
10 -7.060000 0.000001
10 -7.040000 0.000001
10 -7.020000 0.000002
10 -7.000000 0.000002
10 -6.980000 0.000003
10 -6.960000 0.000004
10 -6.940000 0.000005
10 -6.920000 0.000006
10 -6.900000 0.000007
10 -6.880000 0.000009
10 -6.860000 0.000011
10 -6.840000 0.000012
10 -6.820000 0.000015
10 -6.800000 0.000018
10 -6.780000 0.000021
10 -6.760000 0.000024
10 -6.740000 0.000029
10 -6.720000 0.000033
10 -6.700000 0.000037
10 -6.680000 0.000043
10 -6.660000 0.000048
10 -6.640000 0.000054
10 -6.620000 0.000060
10 -6.600000 0.000067
10 -6.580000 0.000074
10 -6.560000 0.000082
10 -6.540000 0.000089
10 -6.520000 0.000099
10 -6.500000 0.000106
10 -6.480000 0.000116
10 -6.460000 0.000125
10 -6.440000 0.000134
10 -6.420000 0.000141
10 -6.400000 0.000151
10 -6.380000 0.000159
10 -6.360000 0.000168
10 -6.340000 0.000177
10 -6.320000 0.000189
10 -6.300000 0.000197
10 -6.280000 0.000212
10 -6.260000 0.000227
10 -6.240000 0.000237
10 -6.220000 0.000261
10 -6.200000 0.000282
10 -6.180000 0.000310
10 -6.160000 0.000346
10 -6.140000 0.000385
10 -6.120000 0.000426
10 -6.100000 0.000476
10 -6.080000 0.000543
10 -6.060000 0.000624
10 -6.040000 0.000716
10 -6.020000 0.000814
10 -6.000000 0.000943
10 -5.980000 0.001068
10 -5.960000 0.001216
10 -5.940000 0.001380
10 -5.920000 0.001557
10 -5.900000 0.001745
10 -5.880000 0.001955
10 -5.860000 0.002170
10 -5.840000 0.002418
10 -5.820000 0.002680
10 -5.800000 0.002942
10 -5.780000 0.003219
10 -5.760000 0.003543
10 -5.740000 0.003850
10 -5.720000 0.004175
10 -5.700000 0.004485
10 -5.680000 0.004809
10 -5.660000 0.005176
10 -5.640000 0.005517
10 -5.620000 0.005880
10 -5.600000 0.006278
10 -5.580000 0.006650
10 -5.560000 0.007053
10 -5.540000 0.007481
10 -5.520000 0.007891
10 -5.500000 0.008322
10 -5.480000 0.008728
10 -5.460000 0.009167
10 -5.440000 0.009621
10 -5.420000 0.010072
10 -5.400000 0.010512
10 -5.380000 0.010986
10 -5.360000 0.011457
10 -5.340000 0.011966
10 -5.320000 0.012410
10 -5.300000 0.012868
10 -5.280000 0.013356
10 -5.260000 0.013798
10 -5.240000 0.014338
10 -5.220000 0.014826
10 -5.200000 0.015340
10 -5.180000 0.015926
10 -5.160000 0.016468
10 -5.140000 0.016935
10 -5.120000 0.017387
10 -5.100000 0.017889
10 -5.080000 0.018357
10 -5.060000 0.018840
10 -5.040000 0.019263
10 -5.020000 0.019712
10 -5.000000 0.020082
10 -4.980000 0.020394
10 -4.960000 0.020709
10 -4.940000 0.020959
10 -4.920000 0.021158
10 -4.900000 0.021216
10 -4.880000 0.021182
10 -4.860000 0.021177
10 -4.840000 0.021090
10 -4.820000 0.020945
10 -4.800000 0.020770
10 -4.780000 0.020525
10 -4.760000 0.020288
10 -4.740000 0.019874
10 -4.720000 0.019270
10 -4.700000 0.018596
10 -4.680000 0.017938
10 -4.660000 0.017288
10 -4.640000 0.016456
10 -4.620000 0.015562
10 -4.600000 0.014673
10 -4.580000 0.013829
10 -4.560000 0.012944
10 -4.540000 0.012021
10 -4.520000 0.011109
10 -4.500000 0.010201
10 -4.480000 0.009349
10 -4.460000 0.008498
10 -4.440000 0.007669
10 -4.420000 0.006883
10 -4.400000 0.006168
10 -4.380000 0.005491
10 -4.360000 0.004838
10 -4.340000 0.004259
10 -4.320000 0.003698
10 -4.300000 0.003214
10 -4.280000 0.002780
10 -4.260000 0.002381
10 -4.240000 0.002029
10 -4.220000 0.001715
10 -4.200000 0.001446
10 -4.180000 0.001208
10 -4.160000 0.001002
10 -4.140000 0.000830
10 -4.120000 0.000678
10 -4.100000 0.000553
10 -4.080000 0.000446
10 -4.060000 0.000358
10 -4.040000 0.000284
10 -4.020000 0.000225
10 -4.000000 0.000176
10 -3.980000 0.000138
10 -3.960000 0.000107
10 -3.940001 0.000082
10 -3.920000 0.000062
10 -3.900001 0.000046
10 -3.880000 0.000035
10 -3.860001 0.000026
10 -3.840000 0.000019
10 -3.820001 0.000014
10 -3.800000 0.000010
10 -3.780000 0.000007
10 -3.760000 0.000005
10 -3.740000 0.000003
10 -3.720000 0.000002
10 -3.700000 0.000002
10 -3.680000 0.000001
11 -6.920000 0.000001
11 -6.900000 0.000002
11 -6.880000 0.000002
11 -6.860000 0.000003
11 -6.840000 0.000003
11 -6.820000 0.000004
11 -6.800000 0.000005
11 -6.780000 0.000006
11 -6.760000 0.000007
11 -6.740000 0.000010
11 -6.720000 0.000011
11 -6.700000 0.000013
11 -6.680000 0.000016
11 -6.660000 0.000019
11 -6.640000 0.000022
11 -6.620000 0.000026
11 -6.600000 0.000031
11 -6.580000 0.000034
11 -6.560000 0.000039
11 -6.540000 0.000046
11 -6.520000 0.000050
11 -6.500000 0.000057
11 -6.480000 0.000063
11 -6.460000 0.000071
11 -6.440000 0.000077
11 -6.420000 0.000086
11 -6.400000 0.000093
11 -6.380000 0.000102
11 -6.360000 0.000110
11 -6.340000 0.000120
11 -6.320000 0.000130
11 -6.300000 0.000138
11 -6.280000 0.000147
11 -6.260000 0.000155
11 -6.240000 0.000163
11 -6.220000 0.000175
11 -6.200000 0.000181
11 -6.180000 0.000196
11 -6.160000 0.000203
11 -6.140000 0.000219
11 -6.120000 0.000235
11 -6.100000 0.000248
11 -6.080000 0.000273
11 -6.060000 0.000297
11 -6.040000 0.000328
11 -6.020000 0.000368
11 -6.000000 0.000405
11 -5.980000 0.000454
11 -5.960000 0.000512
11 -5.940000 0.000591
11 -5.920000 0.000679
11 -5.900000 0.000774
11 -5.880000 0.000894
11 -5.860000 0.001028
11 -5.840000 0.001166
11 -5.820000 0.001327
11 -5.800000 0.001492
11 -5.780000 0.001689
11 -5.760000 0.001891
11 -5.740000 0.002099
11 -5.720000 0.002338
11 -5.700000 0.002599
11 -5.680000 0.002859
11 -5.660000 0.003137
11 -5.640000 0.003450
11 -5.620000 0.003754
11 -5.600000 0.004087
11 -5.580000 0.004400
11 -5.560000 0.004724
11 -5.540000 0.005077
11 -5.520000 0.005414
11 -5.500000 0.005791
11 -5.480000 0.006177
11 -5.460000 0.006554
11 -5.440000 0.006936
11 -5.420000 0.007402
11 -5.400000 0.007782
11 -5.380000 0.008223
11 -5.360000 0.008645
11 -5.340000 0.009079
11 -5.320000 0.009514
11 -5.300000 0.009959
11 -5.280000 0.010426
11 -5.260000 0.010885
11 -5.240000 0.011380
11 -5.220000 0.011866
11 -5.200000 0.012334
11 -5.180000 0.012791
11 -5.160000 0.013258
11 -5.140000 0.013751
11 -5.120000 0.014240
11 -5.100000 0.014749
11 -5.080000 0.015272
11 -5.060000 0.015829
11 -5.040000 0.016361
11 -5.020000 0.016885
11 -5.000000 0.017332
11 -4.980000 0.017837
11 -4.960000 0.018311
11 -4.940000 0.018813
11 -4.920000 0.019234
11 -4.900000 0.019639
11 -4.880000 0.020090
11 -4.860000 0.020389
11 -4.840000 0.020696
11 -4.820000 0.020959
11 -4.800000 0.021194
11 -4.780000 0.021308
11 -4.760000 0.021277
11 -4.740000 0.021223
11 -4.720000 0.021183
11 -4.700000 0.020999
11 -4.680000 0.020850
11 -4.660000 0.020638
11 -4.640000 0.020404
11 -4.620000 0.020040
11 -4.600000 0.019437
11 -4.580000 0.018753
11 -4.560000 0.018080
11 -4.540000 0.017444
11 -4.520000 0.016649
11 -4.500000 0.015763
11 -4.480000 0.014846
11 -4.460000 0.013988
11 -4.440000 0.013140
11 -4.420000 0.012213
11 -4.400000 0.011239
11 -4.380000 0.010362
11 -4.360000 0.009472
11 -4.340000 0.008667
11 -4.320000 0.007808
11 -4.300000 0.007010
11 -4.280000 0.006266
11 -4.260000 0.005571
11 -4.240000 0.004944
11 -4.220000 0.004323
11 -4.200000 0.003791
11 -4.180000 0.003272
11 -4.160000 0.002841
11 -4.140000 0.002428
11 -4.120000 0.002061
11 -4.100000 0.001764
11 -4.080000 0.001479
11 -4.060000 0.001228
11 -4.040000 0.001022
11 -4.020000 0.000848
11 -4.000000 0.000701
11 -3.980000 0.000561
11 -3.960000 0.000453
11 -3.940001 0.000365
11 -3.920000 0.000294
11 -3.900001 0.000232
11 -3.880000 0.000180
11 -3.860001 0.000139
11 -3.840000 0.000108
11 -3.820001 0.000083
11 -3.800000 0.000063
11 -3.780000 0.000047
11 -3.760000 0.000036
11 -3.740000 0.000027
11 -3.720000 0.000019
11 -3.700000 0.000014
11 -3.680000 0.000010
11 -3.660000 0.000007
11 -3.640000 0.000005
11 -3.620000 0.000003
11 -3.600000 0.000002
11 -3.580000 0.000002
11 -3.560000 0.000001
12 -7.080000 0.000001
12 -7.060000 0.000001
12 -7.040000 0.000002
12 -7.020000 0.000002
12 -7.000000 0.000003
12 -6.980000 0.000004
12 -6.960000 0.000004
12 -6.940000 0.000006
12 -6.920000 0.000007
12 -6.900000 0.000008
12 -6.880000 0.000010
12 -6.860000 0.000012
12 -6.840000 0.000014
12 -6.820000 0.000018
12 -6.800000 0.000020
12 -6.780000 0.000024
12 -6.760000 0.000028
12 -6.740000 0.000032
12 -6.720000 0.000036
12 -6.700000 0.000042
12 -6.680000 0.000047
12 -6.660000 0.000052
12 -6.640000 0.000059
12 -6.620000 0.000066
12 -6.600000 0.000073
12 -6.580000 0.000080
12 -6.560000 0.000088
12 -6.540000 0.000097
12 -6.520000 0.000105
12 -6.500000 0.000114
12 -6.480000 0.000123
12 -6.460000 0.000133
12 -6.440000 0.000140
12 -6.420000 0.000151
12 -6.400000 0.000157
12 -6.380000 0.000168
12 -6.360000 0.000176
12 -6.340000 0.000186
12 -6.320000 0.000195
12 -6.300000 0.000210
12 -6.280000 0.000223
12 -6.260000 0.000233
12 -6.240000 0.000257
12 -6.220000 0.000278
12 -6.200000 0.000303
12 -6.180000 0.000339
12 -6.160000 0.000376
12 -6.140000 0.000415
12 -6.120000 0.000465
12 -6.100000 0.000530
12 -6.080000 0.000610
12 -6.060000 0.000706
12 -6.040000 0.000797
12 -6.020000 0.000934
12 -6.000000 0.001057
12 -5.980000 0.001197
12 -5.960000 0.001366
12 -5.940000 0.001543
12 -5.920000 0.001737
12 -5.900000 0.001941
12 -5.880000 0.002159
12 -5.860000 0.002397
12 -5.840000 0.002663
12 -5.820000 0.002922
12 -5.800000 0.003205
12 -5.780000 0.003520
12 -5.760000 0.003835
12 -5.740000 0.004152
12 -5.720000 0.004474
12 -5.700000 0.004791
12 -5.680000 0.005150
12 -5.660000 0.005502
12 -5.640000 0.005876
12 -5.620000 0.006244
12 -5.600000 0.006631
12 -5.580000 0.007044
12 -5.560000 0.007465
12 -5.540000 0.007880
12 -5.520000 0.008281
12 -5.500000 0.008730
12 -5.480000 0.009166
12 -5.460000 0.009586
12 -5.440000 0.010057
12 -5.420000 0.010488
12 -5.400000 0.010974
12 -5.380000 0.011465
12 -5.360000 0.011947
12 -5.340000 0.012399
12 -5.320000 0.012874
12 -5.300000 0.013343
12 -5.280000 0.013826
12 -5.260000 0.014320
12 -5.240000 0.014824
12 -5.220000 0.015353
12 -5.200000 0.015919
12 -5.180000 0.016466
12 -5.160000 0.016936
12 -5.140000 0.017417
12 -5.120000 0.017904
12 -5.100000 0.018378
12 -5.080000 0.018889
12 -5.060000 0.019274
12 -5.040000 0.019726
12 -5.020000 0.020096
12 -5.000000 0.020471
12 -4.980000 0.020680
12 -4.960000 0.020986
12 -4.940000 0.021166
12 -4.920000 0.021279
12 -4.900000 0.021211
12 -4.880000 0.021196
12 -4.860000 0.021129
12 -4.840000 0.020956
12 -4.820000 0.020775
12 -4.800000 0.020547
12 -4.780000 0.020292
12 -4.760000 0.019910
12 -4.740000 0.019300
12 -4.720000 0.018599
12 -4.700000 0.017908
12 -4.680000 0.017347
12 -4.660000 0.016432
12 -4.640000 0.015569
12 -4.620000 0.014676
12 -4.600000 0.013825
12 -4.580000 0.012959
12 -4.560000 0.012022
12 -4.540000 0.011097
12 -4.520000 0.010197
12 -4.500000 0.009349
12 -4.480000 0.008522
12 -4.460000 0.007680
12 -4.440000 0.006889
12 -4.420000 0.006157
12 -4.400000 0.005502
12 -4.380000 0.004858
12 -4.360000 0.004246
12 -4.340000 0.003718
12 -4.320000 0.003226
12 -4.300000 0.002786
12 -4.280000 0.002387
12 -4.260000 0.002037
12 -4.240000 0.001723
12 -4.220000 0.001456
12 -4.200000 0.001216
12 -4.180000 0.001010
12 -4.160000 0.000835
12 -4.140000 0.000685
12 -4.120000 0.000558
12 -4.100000 0.000451
12 -4.080000 0.000362
12 -4.060000 0.000289
12 -4.040000 0.000228
12 -4.020000 0.000180
12 -4.000000 0.000140
12 -3.980000 0.000109
12 -3.960000 0.000083
12 -3.940001 0.000063
12 -3.920000 0.000047
12 -3.900001 0.000036
12 -3.880000 0.000027
12 -3.860001 0.000019
12 -3.840000 0.000014
12 -3.820001 0.000010
12 -3.800000 0.000007
12 -3.780000 0.000005
12 -3.760000 0.000004
12 -3.740000 0.000002
12 -3.720000 0.000002
12 -3.700000 0.000001
13 -7.120000 0.000001
13 -7.100000 0.000002
13 -7.080000 0.000002
13 -7.060000 0.000003
13 -7.040000 0.000003
13 -7.020000 0.000004
13 -7.000000 0.000005
13 -6.980000 0.000006
13 -6.960000 0.000007
13 -6.940000 0.000009
13 -6.920000 0.000011
13 -6.900000 0.000013
13 -6.880000 0.000015
13 -6.860000 0.000019
13 -6.840000 0.000022
13 -6.820000 0.000025
13 -6.800000 0.000030
13 -6.780000 0.000034
13 -6.760000 0.000038
13 -6.740000 0.000045
13 -6.720000 0.000049
13 -6.700000 0.000056
13 -6.680000 0.000061
13 -6.660000 0.000069
13 -6.640000 0.000075
13 -6.620000 0.000084
13 -6.600000 0.000091
13 -6.580000 0.000099
13 -6.560000 0.000109
13 -6.540000 0.000118
13 -6.520000 0.000127
13 -6.500000 0.000135
13 -6.480000 0.000143
13 -6.460000 0.000153
13 -6.440000 0.000159
13 -6.420000 0.000172
13 -6.400000 0.000178
13 -6.380000 0.000192
13 -6.360000 0.000197
13 -6.340000 0.000216
13 -6.320000 0.000228
13 -6.300000 0.000242
13 -6.280000 0.000265
13 -6.260000 0.000287
13 -6.240000 0.000316
13 -6.220000 0.000356
13 -6.200000 0.000395
13 -6.180000 0.000443
13 -6.160000 0.000493
13 -6.140000 0.000569
13 -6.120000 0.000651
13 -6.100000 0.000749
13 -6.080000 0.000858
13 -6.060000 0.000988
13 -6.040000 0.001125
13 -6.020000 0.001275
13 -6.000000 0.001442
13 -5.980000 0.001635
13 -5.960000 0.001820
13 -5.940000 0.002037
13 -5.920000 0.002264
13 -5.900000 0.002504
13 -5.880000 0.002787
13 -5.860000 0.003042
13 -5.840000 0.003337
13 -5.820000 0.003655
13 -5.800000 0.003983
13 -5.780000 0.004295
13 -5.760000 0.004607
13 -5.740000 0.004963
13 -5.720000 0.005306
13 -5.700000 0.005659
13 -5.680000 0.006043
13 -5.660000 0.006414
13 -5.640000 0.006806
13 -5.620000 0.007230
13 -5.600000 0.007643
13 -5.580000 0.008065
13 -5.560000 0.008462
13 -5.540000 0.008922
13 -5.520000 0.009369
13 -5.500000 0.009793
13 -5.480000 0.010223
13 -5.460000 0.010734
13 -5.440000 0.011180
13 -5.420000 0.011684
13 -5.400000 0.012142
13 -5.380000 0.012604
13 -5.360000 0.013087
13 -5.340000 0.013550
13 -5.320000 0.014056
13 -5.300000 0.014540
13 -5.280000 0.015078
13 -5.260000 0.015622
13 -5.240000 0.016152
13 -5.220000 0.016703
13 -5.200000 0.017128
13 -5.180000 0.017637
13 -5.160000 0.018117
13 -5.140000 0.018623
13 -5.120000 0.019048
13 -5.100000 0.019501
13 -5.080000 0.019894
13 -5.060000 0.020242
13 -5.040000 0.020527
13 -5.020000 0.020841
13 -5.000000 0.021089
13 -4.980000 0.021234
13 -4.960000 0.021226
13 -4.940000 0.021159
13 -4.920000 0.021165
13 -4.900000 0.021024
13 -4.880000 0.020805
13 -4.860000 0.020643
13 -4.840000 0.020456
13 -4.820000 0.020100
13 -4.800000 0.019591
13 -4.780000 0.018958
13 -4.760000 0.018283
13 -4.740000 0.017636
13 -4.720000 0.016935
13 -4.700000 0.016046
13 -4.680000 0.015175
13 -4.660000 0.014266
13 -4.640000 0.013445
13 -4.620000 0.012527
13 -4.600000 0.011618
13 -4.580000 0.010686
13 -4.560000 0.009832
13 -4.540000 0.008976
13 -4.520000 0.008151
13 -4.500000 0.007339
13 -4.480000 0.006570
13 -4.460000 0.005871
13 -4.440000 0.005220
13 -4.420000 0.004607
13 -4.400000 0.004030
13 -4.380000 0.003519
13 -4.360000 0.003041
13 -4.340000 0.002637
13 -4.320000 0.002243
13 -4.300000 0.001919
13 -4.280000 0.001624
13 -4.260000 0.001365
13 -4.240000 0.001140
13 -4.220000 0.000946
13 -4.200000 0.000782
13 -4.180000 0.000641
13 -4.160000 0.000522
13 -4.140000 0.000422
13 -4.120000 0.000338
13 -4.100000 0.000269
13 -4.080000 0.000214
13 -4.060000 0.000167
13 -4.040000 0.000130
13 -4.020000 0.000101
13 -4.000000 0.000077
13 -3.980000 0.000059
13 -3.960000 0.000045
13 -3.940001 0.000033
13 -3.920000 0.000025
13 -3.900001 0.000018
13 -3.880000 0.000013
13 -3.860001 0.000010
13 -3.840000 0.000007
13 -3.820001 0.000005
13 -3.800000 0.000003
13 -3.780000 0.000002
13 -3.760000 0.000002
13 -3.740000 0.000001
0 -2.120000 0.000001
0 -2.100000 0.000007
0 -2.080000 0.000035
0 -2.060000 0.000151
0 -2.040000 0.000546
0 -2.020000 0.001684
0 -2.000000 0.004514
0 -1.980000 0.010443
0 -1.960000 0.021506
0 -1.940001 0.039592
0 -1.920000 0.065886
0 -1.900001 0.095499
0 -1.880000 0.122257
0 -1.860001 0.139604
0 -1.840000 0.142255
0 -1.820001 0.124718
0 -1.800000 0.095778
0 -1.780001 0.064746
0 -1.760000 0.038437
0 -1.740000 0.019247
0 -1.720000 0.008455
0 -1.700000 0.003216
0 -1.680000 0.001046
0 -1.660000 0.000294
0 -1.640000 0.000067
0 -1.620000 0.000013
0 -1.600000 0.000002
1 -1.700000 0.000002
1 -1.680000 0.000010
1 -1.660000 0.000042
1 -1.640000 0.000144
1 -1.620000 0.000418
1 -1.600000 0.001045
1 -1.580000 0.002294
1 -1.560000 0.004503
1 -1.540000 0.008105
1 -1.520000 0.013577
1 -1.500000 0.021310
1 -1.480000 0.031790
1 -1.460000 0.044879
1 -1.440001 0.059920
1 -1.420000 0.074855
1 -1.400001 0.087695
1 -1.380000 0.096595
1 -1.360001 0.100220
1 -1.340000 0.096713
1 -1.320001 0.088521
1 -1.300000 0.075392
1 -1.280001 0.060601
1 -1.260000 0.045657
1 -1.240000 0.032965
1 -1.220000 0.021952
1 -1.200000 0.013864
1 -1.180000 0.008183
1 -1.160000 0.004476
1 -1.140000 0.002331
1 -1.120000 0.001131
1 -1.100000 0.000509
1 -1.080000 0.000207
1 -1.060000 0.000071
1 -1.040000 0.000019
1 -1.020000 0.000004
2 -0.540000 0.000003
2 -0.520000 0.000014
2 -0.500000 0.000048
2 -0.480000 0.000138
2 -0.460000 0.000337
2 -0.440001 0.000721
2 -0.420000 0.001357
2 -0.400001 0.002314
2 -0.380000 0.003669
2 -0.360001 0.005516
2 -0.340000 0.008002
2 -0.320001 0.011200
2 -0.300000 0.015194
2 -0.280001 0.020224
2 -0.260000 0.026063
2 -0.240001 0.032529
2 -0.220000 0.039728
2 -0.200000 0.046991
2 -0.180000 0.054325
2 -0.160000 0.060728
2 -0.140000 0.065555
2 -0.120000 0.068235
2 -0.100000 0.069296
2 -0.080000 0.067200
2 -0.060000 0.064290
2 -0.040000 0.059304
2 -0.020000 0.053008
2 0.000000 0.047176
2 0.020000 0.040202
2 0.040000 0.033331
2 0.059999 0.027153
2 0.080000 0.021483
2 0.099999 0.016455
2 0.120000 0.012177
2 0.139999 0.008779
2 0.160000 0.006126
2 0.179999 0.004171
2 0.200000 0.002725
2 0.219999 0.001750
2 0.240000 0.001088
2 0.259999 0.000656
2 0.280000 0.000369
2 0.300000 0.000202
2 0.320000 0.000102
2 0.340000 0.000045
2 0.360000 0.000016
2 0.380000 0.000003
3 -1.740000 0.000002
3 -1.720000 0.000008
3 -1.700000 0.000033
3 -1.680000 0.000115
3 -1.660000 0.000335
3 -1.640000 0.000841
3 -1.620000 0.001831
3 -1.600000 0.003580
3 -1.580000 0.006395
3 -1.560000 0.010647
3 -1.540000 0.016685
3 -1.520000 0.024849
3 -1.500000 0.035283
3 -1.480000 0.047753
3 -1.460000 0.061146
3 -1.440001 0.073925
3 -1.420000 0.084924
3 -1.400001 0.091018
3 -1.380000 0.092307
3 -1.360001 0.089546
3 -1.340000 0.081032
3 -1.320001 0.070486
3 -1.300000 0.058232
3 -1.280001 0.045499
3 -1.260000 0.034482
3 -1.240000 0.025027
3 -1.220000 0.017092
3 -1.200000 0.011158
3 -1.180000 0.006925
3 -1.160000 0.004111
3 -1.140000 0.002322
3 -1.120000 0.001259
3 -1.100000 0.000648
3 -1.080000 0.000309
3 -1.060000 0.000132
3 -1.040000 0.000049
3 -1.020000 0.000014
3 -1.000000 0.000002
4 -2.160000 0.000002
4 -2.140000 0.000010
4 -2.120000 0.000044
4 -2.100000 0.000162
4 -2.080000 0.000497
4 -2.060000 0.001317
4 -2.040000 0.003052
4 -2.020000 0.006324
4 -2.000000 0.011860
4 -1.980000 0.020561
4 -1.960000 0.032935
4 -1.940001 0.049711
4 -1.920000 0.068856
4 -1.900001 0.088231
4 -1.880000 0.104097
4 -1.860001 0.113072
4 -1.840000 0.114581
4 -1.820001 0.105581
4 -1.800000 0.088815
4 -1.780001 0.069055
4 -1.760000 0.049403
4 -1.740000 0.032459
4 -1.720000 0.019560
4 -1.700000 0.010632
4 -1.680000 0.005268
4 -1.660000 0.002400
4 -1.640000 0.000995
4 -1.620000 0.000366
4 -1.600000 0.000117
4 -1.580000 0.000030
4 -1.560000 0.000006
5 -2.420000 0.000004
5 -2.400001 0.000024
5 -2.380000 0.000102
5 -2.360001 0.000368
5 -2.340000 0.001127
5 -2.320001 0.002996
5 -2.300000 0.006975
5 -2.280001 0.014373
5 -2.260000 0.026928
5 -2.240000 0.045805
5 -2.220000 0.070867
5 -2.200000 0.097364
5 -2.180000 0.120368
5 -2.160000 0.134356
5 -2.140000 0.134949
5 -2.120000 0.118034
5 -2.100000 0.091630
5 -2.080000 0.062578
5 -2.060000 0.037654
5 -2.040000 0.019617
5 -2.020000 0.008810
5 -2.000000 0.003446
5 -1.980000 0.001177
5 -1.960000 0.000343
5 -1.940001 0.000083
5 -1.920000 0.000017
5 -1.900001 0.000003
6 -0.880000 0.000001
6 -0.860001 0.000007
6 -0.840000 0.000023
6 -0.820001 0.000069
6 -0.800000 0.000179
6 -0.780001 0.000399
6 -0.760000 0.000794
6 -0.740001 0.001413
6 -0.720000 0.002322
6 -0.700000 0.003583
6 -0.680000 0.005229
6 -0.660000 0.007445
6 -0.640000 0.010254
6 -0.620000 0.013694
6 -0.600000 0.017945
6 -0.580000 0.022968
6 -0.560000 0.028595
6 -0.540000 0.034822
6 -0.520000 0.041339
6 -0.500000 0.047623
6 -0.480000 0.054245
6 -0.460000 0.059133
6 -0.440001 0.062629
6 -0.420000 0.064922
6 -0.400001 0.065232
6 -0.380000 0.062909
6 -0.360001 0.060110
6 -0.340000 0.056228
6 -0.320001 0.050138
6 -0.300000 0.045088
6 -0.280001 0.038987
6 -0.260000 0.032651
6 -0.240001 0.027027
6 -0.220000 0.021878
6 -0.200000 0.016977
6 -0.180000 0.013001
6 -0.160000 0.009615
6 -0.140000 0.006905
6 -0.120000 0.004820
6 -0.100000 0.003290
6 -0.080000 0.002145
6 -0.060000 0.001393
6 -0.040000 0.000877
6 -0.020000 0.000518
6 0.000000 0.000293
6 0.020000 0.000162
6 0.040000 0.000079
6 0.059999 0.000034
6 0.080000 0.000010
6 0.099999 0.000001
7 -3.720000 0.000002
7 -3.700000 0.000011
7 -3.680000 0.000061
7 -3.660000 0.000272
7 -3.640000 0.001013
7 -3.620000 0.003204
7 -3.600000 0.008659
7 -3.580000 0.020097
7 -3.560000 0.040693
7 -3.540000 0.072167
7 -3.520000 0.108937
7 -3.500000 0.141752
7 -3.480000 0.158834
7 -3.460000 0.153057
7 -3.440001 0.122806
7 -3.420000 0.083332
7 -3.400001 0.048342
7 -3.380000 0.023208
7 -3.360001 0.009286
7 -3.340000 0.003121
7 -3.320001 0.000891
7 -3.300000 0.000207
7 -3.280000 0.000040
7 -3.260000 0.000006
8 -4.500000 0.000004
8 -4.480000 0.000032
8 -4.460000 0.000189
8 -4.440000 0.000901
8 -4.420000 0.003451
8 -4.400000 0.010792
8 -4.380000 0.027678
8 -4.360000 0.058989
8 -4.340000 0.102279
8 -4.320000 0.144717
8 -4.300000 0.171627
8 -4.280000 0.167566
8 -4.260000 0.135163
8 -4.240000 0.090387
8 -4.220000 0.049951
8 -4.200000 0.023447
8 -4.180000 0.008875
8 -4.160000 0.002948
8 -4.140000 0.000783
8 -4.120000 0.000181
8 -4.100000 0.000033
8 -4.080000 0.000006
9 -4.640000 0.000005
9 -4.620000 0.000042
9 -4.600000 0.000258
9 -4.580000 0.001253
9 -4.560000 0.004870
9 -4.540000 0.015096
9 -4.520000 0.037889
9 -4.500000 0.076966
9 -4.480000 0.126144
9 -4.460000 0.166479
9 -4.440000 0.179170
9 -4.420000 0.159001
9 -4.400000 0.114010
9 -4.380000 0.067186
9 -4.360000 0.032614
9 -4.340000 0.013108
9 -4.320000 0.004367
9 -4.300000 0.001202
9 -4.280000 0.000277
9 -4.260000 0.000054
9 -4.240000 0.000009
9 -4.220000 0.000001
10 -4.700000 0.000003
10 -4.680000 0.000024
10 -4.660000 0.000155
10 -4.640000 0.000806
10 -4.620000 0.003326
10 -4.600000 0.010978
10 -4.580000 0.029376
10 -4.560000 0.063484
10 -4.540000 0.110722
10 -4.520000 0.156440
10 -4.500000 0.179622
10 -4.480000 0.168521
10 -4.460000 0.128712
10 -4.440000 0.080450
10 -4.420000 0.041371
10 -4.400000 0.017556
10 -4.380000 0.006144
10 -4.360000 0.001776
10 -4.340000 0.000430
10 -4.320000 0.000086
10 -4.300000 0.000015
10 -4.280000 0.000002
11 -4.580000 0.000003
11 -4.560000 0.000026
11 -4.540000 0.000163
11 -4.520000 0.000814
11 -4.500000 0.003265
11 -4.480000 0.010523
11 -4.460000 0.027710
11 -4.440000 0.059755
11 -4.420000 0.104561
11 -4.400000 0.148720
11 -4.380000 0.174733
11 -4.360000 0.168134
11 -4.340000 0.134104
11 -4.320000 0.087461
11 -4.300000 0.047395
11 -4.280000 0.021330
11 -4.260000 0.007969
11 -4.240000 0.002503
11 -4.220000 0.000654
11 -4.200000 0.000143
11 -4.180000 0.000026
11 -4.160000 0.000004
12 -4.720000 0.000004
12 -4.700000 0.000030
12 -4.680000 0.000187
12 -4.660000 0.000927
12 -4.640000 0.003681
12 -4.620000 0.011717
12 -4.600000 0.030454
12 -4.580000 0.064409
12 -4.560000 0.110406
12 -4.540000 0.154103
12 -4.520000 0.176305
12 -4.500000 0.166123
12 -4.480000 0.128502
12 -4.460000 0.081731
12 -4.440000 0.043024
12 -4.420000 0.018796
12 -4.400000 0.006863
12 -4.380000 0.002077
12 -4.360000 0.000525
12 -4.340000 0.000112
12 -4.320000 0.000020
12 -4.300000 0.000003
13 -4.760000 0.000006
13 -4.740000 0.000044
13 -4.720000 0.000273
13 -4.700000 0.001337
13 -4.680000 0.005189
13 -4.660000 0.016100
13 -4.640000 0.040177
13 -4.620000 0.080505
13 -4.600000 0.129914
13 -4.580000 0.169230
13 -4.560000 0.180102
13 -4.540000 0.155660
13 -4.520000 0.110081
13 -4.500000 0.063705
13 -4.480000 0.030360
13 -4.460000 0.012012
13 -4.440000 0.003933
13 -4.420000 0.001074
13 -4.400000 0.000244
13 -4.380000 0.000047
13 -4.360000 0.000007
13 -4.340000 0.000001
