#fil mag PDF
0 -2.060000 0.000002
0 -2.040000 0.000015
0 -2.020000 0.000069
0 -2.000000 0.000273
0 -1.980000 0.000904
0 -1.960000 0.002537
0 -1.940001 0.006225
0 -1.920000 0.013412
0 -1.900001 0.025709
0 -1.880000 0.043967
0 -1.860001 0.067492
0 -1.840000 0.093296
0 -1.820001 0.115897
0 -1.800000 0.129548
0 -1.780001 0.129919
0 -1.760000 0.117748
0 -1.740000 0.094972
0 -1.720000 0.068407
0 -1.700000 0.043523
0 -1.680000 0.024716
0 -1.660000 0.012456
0 -1.640000 0.005594
0 -1.620000 0.002225
0 -1.600000 0.000778
0 -1.580000 0.000237
0 -1.560000 0.000063
0 -1.540000 0.000014
0 -1.520000 0.000003
1 -1.620000 0.000001
1 -1.600000 0.000006
1 -1.580000 0.000025
1 -1.560000 0.000089
1 -1.540000 0.000255
1 -1.520000 0.000632
1 -1.500000 0.001372
1 -1.480000 0.002674
1 -1.460000 0.004791
1 -1.440001 0.007991
1 -1.420000 0.012579
1 -1.400001 0.018686
1 -1.380000 0.026210
1 -1.360001 0.034949
1 -1.340000 0.044065
1 -1.320001 0.053386
1 -1.300000 0.062196
1 -1.280001 0.069665
1 -1.260000 0.074852
1 -1.240000 0.077530
1 -1.220000 0.077570
1 -1.200000 0.075635
1 -1.180000 0.071533
1 -1.160000 0.064657
1 -1.140000 0.055322
1 -1.120000 0.045248
1 -1.100000 0.035483
1 -1.080000 0.026484
1 -1.060000 0.019034
1 -1.040000 0.013177
1 -1.020000 0.008860
1 -1.000000 0.005876
1 -0.980000 0.003747
1 -0.960000 0.002312
1 -0.940001 0.001382
1 -0.920000 0.000808
1 -0.900001 0.000450
1 -0.880000 0.000242
1 -0.860001 0.000124
1 -0.840000 0.000060
1 -0.820001 0.000027
1 -0.800000 0.000012
1 -0.780001 0.000004
1 -0.760000 0.000001
2 -0.380000 0.000004
2 -0.360001 0.000014
2 -0.340000 0.000044
2 -0.320001 0.000114
2 -0.300000 0.000259
2 -0.280001 0.000516
2 -0.260000 0.000919
2 -0.240001 0.001519
2 -0.220000 0.002351
2 -0.200000 0.003464
2 -0.180000 0.004967
2 -0.160000 0.006903
2 -0.140000 0.009370
2 -0.120000 0.012329
2 -0.100000 0.015897
2 -0.080000 0.019987
2 -0.060000 0.024255
2 -0.040000 0.028852
2 -0.020000 0.033313
2 0.000000 0.037464
2 0.020000 0.041853
2 0.040000 0.045486
2 0.059999 0.049086
2 0.080000 0.052053
2 0.099999 0.053365
2 0.120000 0.054223
2 0.139999 0.053983
2 0.160000 0.052931
2 0.179999 0.051840
2 0.200000 0.050197
2 0.219999 0.046845
2 0.240000 0.042693
2 0.259999 0.037709
2 0.280000 0.032681
2 0.300000 0.028053
2 0.320000 0.023366
2 0.340000 0.019002
2 0.360000 0.015172
2 0.380000 0.011853
2 0.400000 0.009172
2 0.420000 0.006919
2 0.440000 0.005340
2 0.460000 0.003962
2 0.480000 0.002906
2 0.500000 0.002080
2 0.520000 0.001503
2 0.540000 0.001055
2 0.559999 0.000737
2 0.580000 0.000496
2 0.599999 0.000338
2 0.620000 0.000216
2 0.639999 0.000139
2 0.660000 0.000086
2 0.679999 0.000053
2 0.700000 0.000031
2 0.719999 0.000017
2 0.740000 0.000009
2 0.759999 0.000004
2 0.780000 0.000002
3 -1.640000 0.000003
3 -1.620000 0.000013
3 -1.600000 0.000046
3 -1.580000 0.000139
3 -1.560000 0.000359
3 -1.540000 0.000798
3 -1.520000 0.001586
3 -1.500000 0.002873
3 -1.480000 0.004820
3 -1.460000 0.007678
3 -1.440001 0.011555
3 -1.420000 0.016552
3 -1.400001 0.022612
3 -1.380000 0.029412
3 -1.360001 0.036481
3 -1.340000 0.043265
3 -1.320001 0.049811
3 -1.300000 0.055866
3 -1.280001 0.060885
3 -1.260000 0.064466
3 -1.240000 0.066077
3 -1.220000 0.066704
3 -1.200000 0.065709
3 -1.180000 0.063612
3 -1.160000 0.059867
3 -1.140000 0.054057
3 -1.120000 0.046961
3 -1.100000 0.039523
3 -1.080000 0.032405
3 -1.060000 0.025628
3 -1.040000 0.019677
3 -1.020000 0.014643
3 -1.000000 0.010724
3 -0.980000 0.007707
3 -0.960000 0.005544
3 -0.940001 0.003885
3 -0.920000 0.002686
3 -0.900001 0.001841
3 -0.880000 0.001258
3 -0.860001 0.000837
3 -0.840000 0.000551
3 -0.820001 0.000353
3 -0.800000 0.000220
3 -0.780001 0.000134
3 -0.760000 0.000080
3 -0.740001 0.000046
3 -0.720000 0.000025
3 -0.700000 0.000013
3 -0.680000 0.000006
3 -0.660000 0.000003
3 -0.640000 0.000001
4 -2.100000 0.000001
4 -2.080000 0.000006
4 -2.060000 0.000027
4 -2.040000 0.000102
4 -2.020000 0.000319
4 -2.000000 0.000845
4 -1.980000 0.001952
4 -1.960000 0.004049
4 -1.940001 0.007608
4 -1.920000 0.013125
4 -1.900001 0.020991
4 -1.880000 0.031343
4 -1.860001 0.043406
4 -1.840000 0.056660
4 -1.820001 0.069986
4 -1.800000 0.081524
4 -1.780001 0.089787
4 -1.760000 0.093249
4 -1.740000 0.092752
4 -1.720000 0.088277
4 -1.700000 0.079094
4 -1.680000 0.066551
4 -1.660000 0.052371
4 -1.640000 0.038296
4 -1.620000 0.026443
4 -1.600000 0.017182
4 -1.580000 0.010651
4 -1.560000 0.006293
4 -1.540000 0.003553
4 -1.520000 0.001874
4 -1.500000 0.000936
4 -1.480000 0.000438
4 -1.460000 0.000191
4 -1.440001 0.000078
4 -1.420000 0.000029
4 -1.400001 0.000010
4 -1.380000 0.000003
5 -2.380000 0.000003
5 -2.360001 0.000016
5 -2.340000 0.000072
5 -2.320001 0.000271
5 -2.300000 0.000855
5 -2.280001 0.002289
5 -2.260000 0.005379
5 -2.240000 0.011259
5 -2.220000 0.020987
5 -2.200000 0.035437
5 -2.180000 0.054279
5 -2.160000 0.075976
5 -2.140000 0.097190
5 -2.120000 0.113251
5 -2.100000 0.120722
5 -2.080000 0.117873
5 -2.060000 0.105958
5 -2.040000 0.085980
5 -2.020000 0.062750
5 -2.000000 0.041203
5 -1.980000 0.024442
5 -1.960000 0.013061
5 -1.940001 0.006339
5 -1.920000 0.002789
5 -1.900001 0.001092
5 -1.880000 0.000376
5 -1.860001 0.000114
5 -1.840000 0.000030
5 -1.820001 0.000007
5 -1.800000 0.000001
6 -0.680000 0.000004
6 -0.660000 0.000013
6 -0.640000 0.000038
6 -0.620000 0.000098
6 -0.600000 0.000218
6 -0.580000 0.000433
6 -0.560000 0.000775
6 -0.540000 0.001284
6 -0.520000 0.002005
6 -0.500000 0.002964
6 -0.480000 0.004238
6 -0.460000 0.005919
6 -0.440001 0.008036
6 -0.420000 0.010648
6 -0.400001 0.013775
6 -0.380000 0.017459
6 -0.360001 0.021623
6 -0.340000 0.025929
6 -0.320001 0.030550
6 -0.300000 0.034946
6 -0.280001 0.039309
6 -0.260000 0.043407
6 -0.240001 0.047270
6 -0.220000 0.050698
6 -0.200000 0.052824
6 -0.180000 0.053930
6 -0.160000 0.054581
6 -0.140000 0.053766
6 -0.120000 0.053152
6 -0.100000 0.051755
6 -0.080000 0.049297
6 -0.060000 0.045114
6 -0.040000 0.040627
6 -0.020000 0.035535
6 0.000000 0.030558
6 0.020000 0.025933
6 0.040000 0.021222
6 0.059999 0.017221
6 0.080000 0.013576
6 0.099999 0.010592
6 0.120000 0.008077
6 0.139999 0.006114
6 0.160000 0.004561
6 0.179999 0.003283
6 0.200000 0.002285
6 0.219999 0.001570
6 0.240000 0.001048
6 0.259999 0.000681
6 0.280000 0.000434
6 0.300000 0.000268
6 0.320000 0.000161
6 0.340000 0.000093
6 0.360000 0.000052
6 0.380000 0.000028
6 0.400000 0.000014
6 0.420000 0.000006
6 0.440000 0.000002
7 -3.680000 0.000007
7 -3.660000 0.000041
7 -3.640000 0.000194
7 -3.620000 0.000771
7 -3.600000 0.002520
7 -3.580000 0.006983
7 -3.560000 0.016527
7 -3.540000 0.033711
7 -3.520000 0.059852
7 -3.500000 0.092240
7 -3.480000 0.124242
7 -3.460000 0.145053
7 -3.440001 0.148385
7 -3.420000 0.132119
7 -3.400001 0.101472
7 -3.380000 0.067147
7 -3.360001 0.038281
7 -3.340000 0.018733
7 -3.320001 0.007823
7 -3.300000 0.002793
7 -3.280000 0.000838
7 -3.260000 0.000213
7 -3.240000 0.000045
7 -3.220000 0.000008
7 -3.200000 0.000001
8 -4.460000 0.000008
8 -4.440000 0.000055
8 -4.420000 0.000308
8 -4.400000 0.001389
8 -4.380000 0.005045
8 -4.360000 0.014811
8 -4.340000 0.035821
8 -4.320000 0.070790
8 -4.300000 0.115529
8 -4.280000 0.155604
8 -4.260000 0.173417
8 -4.240000 0.159674
8 -4.220000 0.121947
8 -4.200000 0.077274
8 -4.180000 0.040980
8 -4.160000 0.018008
8 -4.140000 0.006623
8 -4.120000 0.002048
8 -4.100000 0.000530
8 -4.080000 0.000115
8 -4.060000 0.000021
8 -4.040000 0.000003
9 -4.620000 0.000006
9 -4.600000 0.000048
9 -4.580000 0.000296
9 -4.560000 0.001446
9 -4.540000 0.005580
9 -4.520000 0.017114
9 -4.500000 0.041957
9 -4.480000 0.083234
9 -4.460000 0.132776
9 -4.440000 0.172001
9 -4.420000 0.180142
9 -4.400000 0.153553
9 -4.380000 0.106754
9 -4.360000 0.060839
9 -4.340000 0.028535
9 -4.320000 0.011003
9 -4.300000 0.003529
9 -4.280000 0.000936
9 -4.260000 0.000206
9 -4.240000 0.000038
9 -4.220000 0.000006
10 -4.680000 0.000005
10 -4.660000 0.000043
10 -4.640000 0.000272
10 -4.620000 0.001338
10 -4.600000 0.005207
10 -4.580000 0.016126
10 -4.560000 0.039859
10 -4.540000 0.079963
10 -4.520000 0.128863
10 -4.500000 0.169212
10 -4.480000 0.180221
10 -4.460000 0.155983
10 -4.440000 0.110645
10 -4.420000 0.064167
10 -4.400000 0.030712
10 -4.380000 0.012085
10 -4.360000 0.003939
10 -4.340000 0.001067
10 -4.320000 0.000238
10 -4.300000 0.000044
10 -4.280000 0.000007
11 -4.540000 0.000009
11 -4.520000 0.000064
11 -4.500000 0.000372
11 -4.480000 0.001699
11 -4.460000 0.006199
11 -4.440000 0.018211
11 -4.420000 0.043188
11 -4.400000 0.083234
11 -4.380000 0.131049
11 -4.360000 0.168497
11 -4.340000 0.177030
11 -4.320000 0.152491
11 -4.300000 0.107694
11 -4.280000 0.062700
11 -4.260000 0.030132
11 -4.240000 0.012040
11 -4.220000 0.003986
11 -4.200000 0.001097
11 -4.180000 0.000251
11 -4.160000 0.000048
11 -4.140000 0.000008
11 -4.120000 0.000001
12 -4.700000 0.000002
12 -4.680000 0.000014
12 -4.660000 0.000100
12 -4.640000 0.000553
12 -4.620000 0.002446
12 -4.600000 0.008519
12 -4.580000 0.023925
12 -4.560000 0.053923
12 -4.540000 0.098748
12 -4.520000 0.146216
12 -4.500000 0.176497
12 -4.480000 0.173660
12 -4.460000 0.139298
12 -4.440000 0.091930
12 -4.420000 0.050060
12 -4.400000 0.022338
12 -4.380000 0.008350
12 -4.360000 0.002586
12 -4.340000 0.000664
12 -4.320000 0.000143
12 -4.300000 0.000026
12 -4.280000 0.000004
13 -4.740000 0.000006
13 -4.720000 0.000049
13 -4.700000 0.000310
13 -4.680000 0.001530
13 -4.660000 0.005927
13 -4.640000 0.018122
13 -4.620000 0.044248
13 -4.600000 0.086674
13 -4.580000 0.136528
13 -4.560000 0.173873
13 -4.540000 0.179433
13 -4.520000 0.150520
13 -4.500000 0.102745
13 -4.480000 0.058017
13 -4.460000 0.026947
13 -4.440000 0.010468
13 -4.420000 0.003401
13 -4.400000 0.000931
13 -4.380000 0.000217
13 -4.360000 0.000044
13 -4.340000 0.000008
13 -4.320000 0.000001
0 -2.060000 0.000002
0 -2.040000 0.000015
0 -2.020000 0.000069
0 -2.000000 0.000273
0 -1.980000 0.000904
0 -1.960000 0.002537
0 -1.940001 0.006225
0 -1.920000 0.013412
0 -1.900001 0.025709
0 -1.880000 0.043967
0 -1.860001 0.067492
0 -1.840000 0.093296
0 -1.820001 0.115897
0 -1.800000 0.129548
0 -1.780001 0.129919
0 -1.760000 0.117748
0 -1.740000 0.094972
0 -1.720000 0.068407
0 -1.700000 0.043523
0 -1.680000 0.024716
0 -1.660000 0.012456
0 -1.640000 0.005594
0 -1.620000 0.002225
0 -1.600000 0.000778
0 -1.580000 0.000237
0 -1.560000 0.000063
0 -1.540000 0.000014
0 -1.520000 0.000003
1 -1.620000 0.000001
1 -1.600000 0.000006
1 -1.580000 0.000025
1 -1.560000 0.000089
1 -1.540000 0.000255
1 -1.520000 0.000632
1 -1.500000 0.001372
1 -1.480000 0.002674
1 -1.460000 0.004791
1 -1.440001 0.007991
1 -1.420000 0.012579
1 -1.400001 0.018686
1 -1.380000 0.026210
1 -1.360001 0.034949
1 -1.340000 0.044065
1 -1.320001 0.053386
1 -1.300000 0.062196
1 -1.280001 0.069665
1 -1.260000 0.074852
1 -1.240000 0.077530
1 -1.220000 0.077570
1 -1.200000 0.075635
1 -1.180000 0.071533
1 -1.160000 0.064657
1 -1.140000 0.055322
1 -1.120000 0.045248
1 -1.100000 0.035483
1 -1.080000 0.026484
1 -1.060000 0.019034
1 -1.040000 0.013177
1 -1.020000 0.008860
1 -1.000000 0.005876
1 -0.980000 0.003747
1 -0.960000 0.002312
1 -0.940001 0.001382
1 -0.920000 0.000808
1 -0.900001 0.000450
1 -0.880000 0.000242
1 -0.860001 0.000124
1 -0.840000 0.000060
1 -0.820001 0.000027
1 -0.800000 0.000012
1 -0.780001 0.000004
1 -0.760000 0.000001
2 -0.380000 0.000004
2 -0.360001 0.000014
2 -0.340000 0.000044
2 -0.320001 0.000114
2 -0.300000 0.000259
2 -0.280001 0.000516
2 -0.260000 0.000919
2 -0.240001 0.001519
2 -0.220000 0.002351
2 -0.200000 0.003464
2 -0.180000 0.004967
2 -0.160000 0.006903
2 -0.140000 0.009370
2 -0.120000 0.012329
2 -0.100000 0.015897
2 -0.080000 0.019987
2 -0.060000 0.024255
2 -0.040000 0.028852
2 -0.020000 0.033313
2 0.000000 0.037464
2 0.020000 0.041853
2 0.040000 0.045486
2 0.059999 0.049086
2 0.080000 0.052053
2 0.099999 0.053365
2 0.120000 0.054223
2 0.139999 0.053983
2 0.160000 0.052931
2 0.179999 0.051840
2 0.200000 0.050197
2 0.219999 0.046845
2 0.240000 0.042693
2 0.259999 0.037709
2 0.280000 0.032681
2 0.300000 0.028053
2 0.320000 0.023366
2 0.340000 0.019002
2 0.360000 0.015172
2 0.380000 0.011853
2 0.400000 0.009172
2 0.420000 0.006919
2 0.440000 0.005340
2 0.460000 0.003962
2 0.480000 0.002906
2 0.500000 0.002080
2 0.520000 0.001503
2 0.540000 0.001055
2 0.559999 0.000737
2 0.580000 0.000496
2 0.599999 0.000338
2 0.620000 0.000216
2 0.639999 0.000139
2 0.660000 0.000086
2 0.679999 0.000053
2 0.700000 0.000031
2 0.719999 0.000017
2 0.740000 0.000009
2 0.759999 0.000004
2 0.780000 0.000002
3 -1.640000 0.000003
3 -1.620000 0.000013
3 -1.600000 0.000046
3 -1.580000 0.000139
3 -1.560000 0.000359
3 -1.540000 0.000798
3 -1.520000 0.001586
3 -1.500000 0.002873
3 -1.480000 0.004820
3 -1.460000 0.007678
3 -1.440001 0.011555
3 -1.420000 0.016552
3 -1.400001 0.022612
3 -1.380000 0.029412
3 -1.360001 0.036481
3 -1.340000 0.043265
3 -1.320001 0.049811
3 -1.300000 0.055866
3 -1.280001 0.060885
3 -1.260000 0.064466
3 -1.240000 0.066077
3 -1.220000 0.066704
3 -1.200000 0.065709
3 -1.180000 0.063612
3 -1.160000 0.059867
3 -1.140000 0.054057
3 -1.120000 0.046961
3 -1.100000 0.039523
3 -1.080000 0.032405
3 -1.060000 0.025628
3 -1.040000 0.019677
3 -1.020000 0.014643
3 -1.000000 0.010724
3 -0.980000 0.007707
3 -0.960000 0.005544
3 -0.940001 0.003885
3 -0.920000 0.002686
3 -0.900001 0.001841
3 -0.880000 0.001258
3 -0.860001 0.000837
3 -0.840000 0.000551
3 -0.820001 0.000353
3 -0.800000 0.000220
3 -0.780001 0.000134
3 -0.760000 0.000080
3 -0.740001 0.000046
3 -0.720000 0.000025
3 -0.700000 0.000013
3 -0.680000 0.000006
3 -0.660000 0.000003
3 -0.640000 0.000001
4 -2.100000 0.000001
4 -2.080000 0.000006
4 -2.060000 0.000027
4 -2.040000 0.000102
4 -2.020000 0.000319
4 -2.000000 0.000845
4 -1.980000 0.001952
4 -1.960000 0.004049
4 -1.940001 0.007608
4 -1.920000 0.013125
4 -1.900001 0.020991
4 -1.880000 0.031343
4 -1.860001 0.043406
4 -1.840000 0.056660
4 -1.820001 0.069986
4 -1.800000 0.081524
4 -1.780001 0.089787
4 -1.760000 0.093249
4 -1.740000 0.092752
4 -1.720000 0.088277
4 -1.700000 0.079094
4 -1.680000 0.066551
4 -1.660000 0.052371
4 -1.640000 0.038296
4 -1.620000 0.026443
4 -1.600000 0.017182
4 -1.580000 0.010651
4 -1.560000 0.006293
4 -1.540000 0.003553
4 -1.520000 0.001874
4 -1.500000 0.000936
4 -1.480000 0.000438
4 -1.460000 0.000191
4 -1.440001 0.000078
4 -1.420000 0.000029
4 -1.400001 0.000010
4 -1.380000 0.000003
5 -2.380000 0.000003
5 -2.360001 0.000016
5 -2.340000 0.000072
5 -2.320001 0.000271
5 -2.300000 0.000855
5 -2.280001 0.002289
5 -2.260000 0.005379
5 -2.240000 0.011259
5 -2.220000 0.020987
5 -2.200000 0.035437
5 -2.180000 0.054279
5 -2.160000 0.075976
5 -2.140000 0.097190
5 -2.120000 0.113251
5 -2.100000 0.120722
5 -2.080000 0.117873
5 -2.060000 0.105958
5 -2.040000 0.085980
5 -2.020000 0.062750
5 -2.000000 0.041203
5 -1.980000 0.024442
5 -1.960000 0.013061
5 -1.940001 0.006339
5 -1.920000 0.002789
5 -1.900001 0.001092
5 -1.880000 0.000376
5 -1.860001 0.000114
5 -1.840000 0.000030
5 -1.820001 0.000007
5 -1.800000 0.000001
6 -0.680000 0.000004
6 -0.660000 0.000013
6 -0.640000 0.000038
6 -0.620000 0.000098
6 -0.600000 0.000218
6 -0.580000 0.000433
6 -0.560000 0.000775
6 -0.540000 0.001284
6 -0.520000 0.002005
6 -0.500000 0.002964
6 -0.480000 0.004238
6 -0.460000 0.005919
6 -0.440001 0.008036
6 -0.420000 0.010648
6 -0.400001 0.013775
6 -0.380000 0.017459
6 -0.360001 0.021623
6 -0.340000 0.025929
6 -0.320001 0.030550
6 -0.300000 0.034946
6 -0.280001 0.039309
6 -0.260000 0.043407
6 -0.240001 0.047270
6 -0.220000 0.050698
6 -0.200000 0.052824
6 -0.180000 0.053930
6 -0.160000 0.054581
6 -0.140000 0.053766
6 -0.120000 0.053152
6 -0.100000 0.051755
6 -0.080000 0.049297
6 -0.060000 0.045114
6 -0.040000 0.040627
6 -0.020000 0.035535
6 0.000000 0.030558
6 0.020000 0.025933
6 0.040000 0.021222
6 0.059999 0.017221
6 0.080000 0.013576
6 0.099999 0.010592
6 0.120000 0.008077
6 0.139999 0.006114
6 0.160000 0.004561
6 0.179999 0.003283
6 0.200000 0.002285
6 0.219999 0.001570
6 0.240000 0.001048
6 0.259999 0.000681
6 0.280000 0.000434
6 0.300000 0.000268
6 0.320000 0.000161
6 0.340000 0.000093
6 0.360000 0.000052
6 0.380000 0.000028
6 0.400000 0.000014
6 0.420000 0.000006
6 0.440000 0.000002
7 -3.680000 0.000007
7 -3.660000 0.000041
7 -3.640000 0.000194
7 -3.620000 0.000771
7 -3.600000 0.002520
7 -3.580000 0.006983
7 -3.560000 0.016527
7 -3.540000 0.033711
7 -3.520000 0.059852
7 -3.500000 0.092240
7 -3.480000 0.124242
7 -3.460000 0.145053
7 -3.440001 0.148385
7 -3.420000 0.132119
7 -3.400001 0.101472
7 -3.380000 0.067147
7 -3.360001 0.038281
7 -3.340000 0.018733
7 -3.320001 0.007823
7 -3.300000 0.002793
7 -3.280000 0.000838
7 -3.260000 0.000213
7 -3.240000 0.000045
7 -3.220000 0.000008
7 -3.200000 0.000001
8 -4.460000 0.000008
8 -4.440000 0.000055
8 -4.420000 0.000308
8 -4.400000 0.001389
8 -4.380000 0.005045
8 -4.360000 0.014811
8 -4.340000 0.035821
8 -4.320000 0.070790
8 -4.300000 0.115529
8 -4.280000 0.155604
8 -4.260000 0.173417
8 -4.240000 0.159674
8 -4.220000 0.121947
8 -4.200000 0.077274
8 -4.180000 0.040980
8 -4.160000 0.018008
8 -4.140000 0.006623
8 -4.120000 0.002048
8 -4.100000 0.000530
8 -4.080000 0.000115
8 -4.060000 0.000021
8 -4.040000 0.000003
9 -4.620000 0.000006
9 -4.600000 0.000048
9 -4.580000 0.000296
9 -4.560000 0.001446
9 -4.540000 0.005580
9 -4.520000 0.017114
9 -4.500000 0.041957
9 -4.480000 0.083234
9 -4.460000 0.132776
9 -4.440000 0.172001
9 -4.420000 0.180142
9 -4.400000 0.153553
9 -4.380000 0.106754
9 -4.360000 0.060839
9 -4.340000 0.028535
9 -4.320000 0.011003
9 -4.300000 0.003529
9 -4.280000 0.000936
9 -4.260000 0.000206
9 -4.240000 0.000038
9 -4.220000 0.000006
10 -4.680000 0.000005
10 -4.660000 0.000043
10 -4.640000 0.000272
10 -4.620000 0.001338
10 -4.600000 0.005207
10 -4.580000 0.016126
10 -4.560000 0.039859
10 -4.540000 0.079963
10 -4.520000 0.128863
10 -4.500000 0.169212
10 -4.480000 0.180221
10 -4.460000 0.155983
10 -4.440000 0.110645
10 -4.420000 0.064167
10 -4.400000 0.030712
10 -4.380000 0.012085
10 -4.360000 0.003939
10 -4.340000 0.001067
10 -4.320000 0.000238
10 -4.300000 0.000044
10 -4.280000 0.000007
11 -4.540000 0.000009
11 -4.520000 0.000064
11 -4.500000 0.000372
11 -4.480000 0.001699
11 -4.460000 0.006199
11 -4.440000 0.018211
11 -4.420000 0.043188
11 -4.400000 0.083234
11 -4.380000 0.131049
11 -4.360000 0.168497
11 -4.340000 0.177030
11 -4.320000 0.152491
11 -4.300000 0.107694
11 -4.280000 0.062700
11 -4.260000 0.030132
11 -4.240000 0.012040
11 -4.220000 0.003986
11 -4.200000 0.001097
11 -4.180000 0.000251
11 -4.160000 0.000048
11 -4.140000 0.000008
11 -4.120000 0.000001
12 -4.700000 0.000002
12 -4.680000 0.000014
12 -4.660000 0.000100
12 -4.640000 0.000553
12 -4.620000 0.002446
12 -4.600000 0.008519
12 -4.580000 0.023925
12 -4.560000 0.053923
12 -4.540000 0.098748
12 -4.520000 0.146216
12 -4.500000 0.176497
12 -4.480000 0.173660
12 -4.460000 0.139298
12 -4.440000 0.091930
12 -4.420000 0.050060
12 -4.400000 0.022338
12 -4.380000 0.008350
12 -4.360000 0.002586
12 -4.340000 0.000664
12 -4.320000 0.000143
12 -4.300000 0.000026
12 -4.280000 0.000004
13 -4.740000 0.000006
13 -4.720000 0.000049
13 -4.700000 0.000310
13 -4.680000 0.001530
13 -4.660000 0.005927
13 -4.640000 0.018122
13 -4.620000 0.044248
13 -4.600000 0.086674
13 -4.580000 0.136528
13 -4.560000 0.173873
13 -4.540000 0.179433
13 -4.520000 0.150520
13 -4.500000 0.102745
13 -4.480000 0.058017
13 -4.460000 0.026947
13 -4.440000 0.010468
13 -4.420000 0.003401
13 -4.400000 0.000931
13 -4.380000 0.000217
13 -4.360000 0.000044
13 -4.340000 0.000008
13 -4.320000 0.000001
0 -2.040000 0.000002
0 -2.020000 0.000013
0 -2.000000 0.000060
0 -1.980000 0.000236
0 -1.960000 0.000790
0 -1.940001 0.002297
0 -1.920000 0.005870
0 -1.900001 0.013277
0 -1.880000 0.026488
0 -1.860001 0.046682
0 -1.840000 0.073359
0 -1.820001 0.102791
0 -1.800000 0.127206
0 -1.780001 0.137870
0 -1.760000 0.131972
0 -1.740000 0.112890
0 -1.720000 0.086885
0 -1.700000 0.059477
0 -1.680000 0.036392
0 -1.660000 0.019655
0 -1.640000 0.009480
0 -1.620000 0.004048
0 -1.600000 0.001545
0 -1.580000 0.000517
0 -1.560000 0.000150
0 -1.540000 0.000037
0 -1.520000 0.000008
0 -1.500000 0.000001
1 -1.580000 0.000004
1 -1.560000 0.000013
1 -1.540000 0.000039
1 -1.520000 0.000108
1 -1.500000 0.000267
1 -1.480000 0.000611
1 -1.460000 0.001295
1 -1.440001 0.002535
1 -1.420000 0.004662
1 -1.400001 0.008132
1 -1.380000 0.013090
1 -1.360001 0.019702
1 -1.340000 0.027766
1 -1.320001 0.037171
1 -1.300000 0.048200
1 -1.280001 0.059927
1 -1.260000 0.070968
1 -1.240000 0.079286
1 -1.220000 0.084376
1 -1.200000 0.085187
1 -1.180000 0.082684
1 -1.160000 0.076742
1 -1.140000 0.067944
1 -1.120000 0.057962
1 -1.100000 0.047896
1 -1.080000 0.037500
1 -1.060000 0.027994
1 -1.040000 0.019976
1 -1.020000 0.013744
1 -1.000000 0.009198
1 -0.980000 0.005919
1 -0.960000 0.003731
1 -0.940001 0.002283
1 -0.920000 0.001381
1 -0.900001 0.000796
1 -0.880000 0.000447
1 -0.860001 0.000238
1 -0.840000 0.000122
1 -0.820001 0.000060
1 -0.800000 0.000027
1 -0.780001 0.000011
1 -0.760000 0.000004
1 -0.740001 0.000001
2 -0.380000 0.000001
2 -0.360001 0.000004
2 -0.340000 0.000010
2 -0.320001 0.000023
2 -0.300000 0.000051
2 -0.280001 0.000103
2 -0.260000 0.000196
2 -0.240001 0.000351
2 -0.220000 0.000607
2 -0.200000 0.001000
2 -0.180000 0.001630
2 -0.160000 0.002513
2 -0.140000 0.003810
2 -0.120000 0.005582
2 -0.100000 0.007790
2 -0.080000 0.010763
2 -0.060000 0.014184
2 -0.040000 0.018097
2 -0.020000 0.022554
2 0.000000 0.026543
2 0.020000 0.032066
2 0.040000 0.037241
2 0.059999 0.043483
2 0.080000 0.049418
2 0.099999 0.052862
2 0.120000 0.056528
2 0.139999 0.058924
2 0.160000 0.058657
2 0.179999 0.058723
2 0.200000 0.057766
2 0.219999 0.054482
2 0.240000 0.051113
2 0.259999 0.046282
2 0.280000 0.041229
2 0.300000 0.036309
2 0.320000 0.031189
2 0.340000 0.026188
2 0.360000 0.021460
2 0.380000 0.017175
2 0.400000 0.013560
2 0.420000 0.010351
2 0.440000 0.007994
2 0.460000 0.005908
2 0.480000 0.004423
2 0.500000 0.003244
2 0.520000 0.002363
2 0.540000 0.001677
2 0.559999 0.001187
2 0.580000 0.000823
2 0.599999 0.000559
2 0.620000 0.000377
2 0.639999 0.000242
2 0.660000 0.000155
2 0.679999 0.000096
2 0.700000 0.000060
2 0.719999 0.000035
2 0.740000 0.000019
2 0.759999 0.000010
2 0.780000 0.000004
2 0.799999 0.000002
3 -1.620000 0.000002
3 -1.600000 0.000007
3 -1.580000 0.000021
3 -1.560000 0.000058
3 -1.540000 0.000143
3 -1.520000 0.000326
3 -1.500000 0.000688
3 -1.480000 0.001365
3 -1.460000 0.002527
3 -1.440001 0.004399
3 -1.420000 0.007283
3 -1.400001 0.011269
3 -1.380000 0.016402
3 -1.360001 0.022462
3 -1.340000 0.029148
3 -1.320001 0.036437
3 -1.300000 0.045385
3 -1.280001 0.054019
3 -1.260000 0.062241
3 -1.240000 0.067528
3 -1.220000 0.072261
3 -1.200000 0.073099
3 -1.180000 0.072152
3 -1.160000 0.069328
3 -1.140000 0.063871
3 -1.120000 0.057363
3 -1.100000 0.049996
3 -1.080000 0.042335
3 -1.060000 0.034782
3 -1.040000 0.027675
3 -1.020000 0.021129
3 -1.000000 0.015779
3 -0.980000 0.011460
3 -0.960000 0.008279
3 -0.940001 0.005852
3 -0.920000 0.004155
3 -0.900001 0.002879
3 -0.880000 0.002019
3 -0.860001 0.001371
3 -0.840000 0.000926
3 -0.820001 0.000603
3 -0.800000 0.000391
3 -0.780001 0.000242
3 -0.760000 0.000149
3 -0.740001 0.000089
3 -0.720000 0.000052
3 -0.700000 0.000029
3 -0.680000 0.000015
3 -0.660000 0.000007
3 -0.640000 0.000003
4 -2.060000 0.000003
4 -2.040000 0.000013
4 -2.020000 0.000045
4 -2.000000 0.000142
4 -1.980000 0.000390
4 -1.960000 0.000978
4 -1.940001 0.002210
4 -1.920000 0.004563
4 -1.900001 0.008738
4 -1.880000 0.015452
4 -1.860001 0.024754
4 -1.840000 0.036623
4 -1.820001 0.051620
4 -1.800000 0.068203
4 -1.780001 0.083902
4 -1.760000 0.096268
4 -1.740000 0.101877
4 -1.720000 0.101480
4 -1.700000 0.093866
4 -1.680000 0.082153
4 -1.660000 0.068648
4 -1.640000 0.053336
4 -1.620000 0.038959
4 -1.600000 0.026374
4 -1.580000 0.016941
4 -1.560000 0.010242
4 -1.540000 0.005874
4 -1.520000 0.003195
4 -1.500000 0.001668
4 -1.480000 0.000827
4 -1.460000 0.000384
4 -1.440001 0.000167
4 -1.420000 0.000067
4 -1.400001 0.000024
4 -1.380000 0.000008
4 -1.360001 0.000002
5 -2.360001 0.000002
5 -2.340000 0.000008
5 -2.320001 0.000036
5 -2.300000 0.000138
5 -2.280001 0.000469
5 -2.260000 0.001359
5 -2.240000 0.003525
5 -2.220000 0.008194
5 -2.200000 0.016860
5 -2.180000 0.031000
5 -2.160000 0.051401
5 -2.140000 0.076732
5 -2.120000 0.103213
5 -2.100000 0.123740
5 -2.080000 0.130960
5 -2.060000 0.124597
5 -2.040000 0.106925
5 -2.020000 0.083707
5 -2.000000 0.059231
5 -1.980000 0.037476
5 -1.960000 0.021259
5 -1.940001 0.010858
5 -1.920000 0.005032
5 -1.900001 0.002111
5 -1.880000 0.000795
5 -1.860001 0.000268
5 -1.840000 0.000079
5 -1.820001 0.000020
5 -1.800000 0.000004
6 -0.680000 0.000002
6 -0.660000 0.000005
6 -0.640000 0.000013
6 -0.620000 0.000030
6 -0.600000 0.000060
6 -0.580000 0.000115
6 -0.560000 0.000207
6 -0.540000 0.000359
6 -0.520000 0.000602
6 -0.500000 0.000961
6 -0.480000 0.001526
6 -0.460000 0.002307
6 -0.440001 0.003431
6 -0.420000 0.004973
6 -0.400001 0.006892
6 -0.380000 0.009411
6 -0.360001 0.012465
6 -0.340000 0.016124
6 -0.320001 0.020121
6 -0.300000 0.024044
6 -0.280001 0.028545
6 -0.260000 0.034197
6 -0.240001 0.039554
6 -0.220000 0.045921
6 -0.200000 0.050090
6 -0.180000 0.054063
6 -0.160000 0.057235
6 -0.140000 0.058150
6 -0.120000 0.058192
6 -0.100000 0.058594
6 -0.080000 0.056024
6 -0.060000 0.053054
6 -0.040000 0.049373
6 -0.020000 0.044381
6 0.000000 0.039523
6 0.020000 0.034964
6 0.040000 0.029331
6 0.059999 0.024544
6 0.080000 0.019984
6 0.099999 0.015978
6 0.120000 0.012325
6 0.139999 0.009438
6 0.160000 0.006979
6 0.179999 0.005103
6 0.200000 0.003603
6 0.219999 0.002504
6 0.240000 0.001702
6 0.259999 0.001131
6 0.280000 0.000733
6 0.300000 0.000468
6 0.320000 0.000285
6 0.340000 0.000170
6 0.360000 0.000099
6 0.380000 0.000056
6 0.400000 0.000030
6 0.420000 0.000014
6 0.440000 0.000006
6 0.460000 0.000002
7 -3.660000 0.000006
7 -3.640000 0.000034
7 -3.620000 0.000168
7 -3.600000 0.000694
7 -3.580000 0.002401
7 -3.560000 0.006956
7 -3.540000 0.017370
7 -3.520000 0.037007
7 -3.500000 0.067292
7 -3.480000 0.105082
7 -3.460000 0.138301
7 -3.440001 0.156427
7 -3.420000 0.150153
7 -3.400001 0.124056
7 -3.380000 0.088731
7 -3.360001 0.055010
7 -3.340000 0.029312
7 -3.320001 0.013350
7 -3.300000 0.005248
7 -3.280000 0.001759
7 -3.260000 0.000502
7 -3.240000 0.000116
7 -3.220000 0.000022
7 -3.200000 0.000003
8 -4.460000 0.000005
8 -4.440000 0.000034
8 -4.420000 0.000203
8 -4.400000 0.000975
8 -4.380000 0.003736
8 -4.360000 0.011510
8 -4.340000 0.029315
8 -4.320000 0.061063
8 -4.300000 0.104439
8 -4.280000 0.147763
8 -4.260000 0.171600
8 -4.240000 0.164406
8 -4.220000 0.131465
8 -4.200000 0.087746
8 -4.180000 0.049338
8 -4.160000 0.023150
8 -4.140000 0.009137
8 -4.120000 0.003043
8 -4.100000 0.000844
8 -4.080000 0.000190
8 -4.060000 0.000034
8 -4.040000 0.000005
9 -4.620000 0.000004
9 -4.600000 0.000033
9 -4.580000 0.000216
9 -4.560000 0.001102
9 -4.540000 0.004420
9 -4.520000 0.014191
9 -4.500000 0.036053
9 -4.480000 0.074589
9 -4.460000 0.123105
9 -4.440000 0.166087
9 -4.420000 0.180370
9 -4.400000 0.159381
9 -4.380000 0.115956
9 -4.360000 0.069222
9 -4.340000 0.034487
9 -4.320000 0.014155
9 -4.300000 0.004866
9 -4.280000 0.001378
9 -4.260000 0.000317
9 -4.240000 0.000058
9 -4.220000 0.000008
10 -4.680000 0.000003
10 -4.660000 0.000027
10 -4.640000 0.000177
10 -4.620000 0.000934
10 -4.600000 0.003799
10 -4.580000 0.012536
10 -4.560000 0.032575
10 -4.540000 0.068985
10 -4.520000 0.116965
10 -4.500000 0.161477
10 -4.480000 0.179986
10 -4.460000 0.162844
10 -4.440000 0.122188
10 -4.420000 0.074985
10 -4.400000 0.038400
10 -4.380000 0.016227
10 -4.360000 0.005727
10 -4.340000 0.001676
10 -4.320000 0.000400
10 -4.300000 0.000076
10 -4.280000 0.000011
10 -4.260000 0.000001
11 -4.540000 0.000006
11 -4.520000 0.000043
11 -4.500000 0.000261
11 -4.480000 0.001251
11 -4.460000 0.004761
11 -4.440000 0.014664
11 -4.420000 0.036144
11 -4.400000 0.073119
11 -4.380000 0.120290
11 -4.360000 0.161917
11 -4.340000 0.177142
11 -4.320000 0.159385
11 -4.300000 0.117643
11 -4.280000 0.072549
11 -4.260000 0.037015
11 -4.240000 0.015927
11 -4.220000 0.005693
11 -4.200000 0.001689
11 -4.180000 0.000409
11 -4.160000 0.000079
11 -4.140000 0.000012
11 -4.120000 0.000001
12 -4.680000 0.000009
12 -4.660000 0.000069
12 -4.640000 0.000402
12 -4.620000 0.001848
12 -4.600000 0.006669
12 -4.580000 0.019635
12 -4.560000 0.045967
12 -4.540000 0.088071
12 -4.520000 0.136375
12 -4.500000 0.171083
12 -4.480000 0.175830
12 -4.460000 0.147552
12 -4.440000 0.102360
12 -4.420000 0.059296
12 -4.400000 0.028150
12 -4.380000 0.011446
12 -4.360000 0.003860
12 -4.340000 0.001077
12 -4.320000 0.000248
12 -4.300000 0.000045
12 -4.280000 0.000006
13 -4.740000 0.000004
13 -4.720000 0.000035
13 -4.700000 0.000231
13 -4.680000 0.001179
13 -4.660000 0.004701
13 -4.640000 0.014967
13 -4.620000 0.037764
13 -4.600000 0.077002
13 -4.580000 0.126401
13 -4.560000 0.167219
13 -4.540000 0.179576
13 -4.520000 0.156865
13 -4.500000 0.112324
13 -4.480000 0.067416
13 -4.460000 0.033320
13 -4.440000 0.014001
13 -4.420000 0.004982
13 -4.400000 0.001514
13 -4.380000 0.000392
13 -4.360000 0.000087
13 -4.340000 0.000016
13 -4.320000 0.000002
0 -2.040000 0.000001
0 -2.020000 0.000006
0 -2.000000 0.000028
0 -1.980000 0.000105
0 -1.960000 0.000346
0 -1.940001 0.001006
0 -1.920000 0.002615
0 -1.900001 0.006119
0 -1.880000 0.012841
0 -1.860001 0.024209
0 -1.840000 0.041380
0 -1.820001 0.064131
0 -1.800000 0.089278
0 -1.780001 0.110679
0 -1.760000 0.123190
0 -1.740000 0.124613
0 -1.720000 0.115389
0 -1.700000 0.096638
0 -1.680000 0.073517
0 -1.660000 0.050211
0 -1.640000 0.031144
0 -1.620000 0.017394
0 -1.600000 0.008825
0 -1.580000 0.003994
0 -1.560000 0.001593
0 -1.540000 0.000547
0 -1.520000 0.000158
0 -1.500000 0.000037
0 -1.480000 0.000007
1 -1.580000 0.000002
1 -1.560000 0.000006
1 -1.540000 0.000018
1 -1.520000 0.000048
1 -1.500000 0.000118
1 -1.480000 0.000268
1 -1.460000 0.000570
1 -1.440001 0.001129
1 -1.420000 0.002118
1 -1.400001 0.003795
1 -1.380000 0.006321
1 -1.360001 0.009912
1 -1.340000 0.014645
1 -1.320001 0.020659
1 -1.300000 0.028334
1 -1.280001 0.037463
1 -1.260000 0.047500
1 -1.240000 0.057169
1 -1.220000 0.065808
1 -1.200000 0.072216
1 -1.180000 0.076607
1 -1.160000 0.078298
1 -1.140000 0.076797
1 -1.120000 0.072892
1 -1.100000 0.067417
1 -1.080000 0.059361
1 -1.060000 0.049988
1 -1.040000 0.040412
1 -1.020000 0.031524
1 -1.000000 0.023920
1 -0.980000 0.017422
1 -0.960000 0.012453
1 -0.940001 0.008672
1 -0.920000 0.005985
1 -0.900001 0.003962
1 -0.880000 0.002569
1 -0.860001 0.001584
1 -0.840000 0.000943
1 -0.820001 0.000546
1 -0.800000 0.000295
1 -0.780001 0.000147
1 -0.760000 0.000068
1 -0.740001 0.000026
1 -0.720000 0.000009
1 -0.700000 0.000003
2 -0.360001 0.000002
2 -0.340000 0.000004
2 -0.320001 0.000011
2 -0.300000 0.000023
2 -0.280001 0.000046
2 -0.260000 0.000087
2 -0.240001 0.000156
2 -0.220000 0.000270
2 -0.200000 0.000449
2 -0.180000 0.000740
2 -0.160000 0.001158
2 -0.140000 0.001788
2 -0.120000 0.002678
2 -0.100000 0.003831
2 -0.080000 0.005444
2 -0.060000 0.007397
2 -0.040000 0.009766
2 -0.020000 0.012628
2 0.000000 0.015423
2 0.020000 0.019344
2 0.040000 0.023423
2 0.059999 0.028501
2 0.080000 0.033997
2 0.099999 0.038123
2 0.120000 0.042907
2 0.139999 0.047112
2 0.160000 0.049497
2 0.179999 0.052411
2 0.200000 0.054937
2 0.219999 0.055066
2 0.240000 0.055265
2 0.259999 0.053658
2 0.280000 0.051294
2 0.300000 0.048398
2 0.320000 0.044821
2 0.340000 0.040510
2 0.360000 0.035977
2 0.380000 0.031074
2 0.400000 0.026628
2 0.420000 0.021993
2 0.440000 0.018255
2 0.460000 0.014637
2 0.480000 0.011821
2 0.500000 0.009376
2 0.520000 0.007354
2 0.540000 0.005723
2 0.559999 0.004388
2 0.580000 0.003342
2 0.599999 0.002481
2 0.620000 0.001835
2 0.639999 0.001296
2 0.660000 0.000914
2 0.679999 0.000628
2 0.700000 0.000435
2 0.719999 0.000284
2 0.740000 0.000180
2 0.759999 0.000108
2 0.780000 0.000059
2 0.799999 0.000030
2 0.820000 0.000012
2 0.840000 0.000005
2 0.860000 0.000001
3 -1.600000 0.000003
3 -1.580000 0.000010
3 -1.560000 0.000026
3 -1.540000 0.000063
3 -1.520000 0.000143
3 -1.500000 0.000303
3 -1.480000 0.000604
3 -1.460000 0.001132
3 -1.440001 0.002010
3 -1.420000 0.003417
3 -1.400001 0.005461
3 -1.380000 0.008257
3 -1.360001 0.011803
3 -1.340000 0.016048
3 -1.320001 0.021050
3 -1.300000 0.027587
3 -1.280001 0.034641
3 -1.260000 0.042417
3 -1.240000 0.049047
3 -1.220000 0.056026
3 -1.200000 0.060747
3 -1.180000 0.064467
3 -1.160000 0.067007
3 -1.140000 0.067029
3 -1.120000 0.065567
3 -1.100000 0.062500
3 -1.080000 0.057909
3 -1.060000 0.052335
3 -1.040000 0.045757
3 -1.020000 0.038569
3 -1.000000 0.031791
3 -0.980000 0.025397
3 -0.960000 0.020051
3 -0.940001 0.015441
3 -0.920000 0.011936
3 -0.900001 0.008986
3 -0.880000 0.006895
3 -0.860001 0.005133
3 -0.840000 0.003829
3 -0.820001 0.002749
3 -0.800000 0.001982
3 -0.780001 0.001353
3 -0.760000 0.000928
3 -0.740001 0.000617
3 -0.720000 0.000408
3 -0.700000 0.000256
3 -0.680000 0.000151
3 -0.660000 0.000085
3 -0.640000 0.000043
3 -0.620000 0.000019
3 -0.600000 0.000007
3 -0.580000 0.000002
4 -2.060000 0.000002
4 -2.040000 0.000006
4 -2.020000 0.000021
4 -2.000000 0.000064
4 -1.980000 0.000171
4 -1.960000 0.000428
4 -1.940001 0.000974
4 -1.920000 0.002044
4 -1.900001 0.004023
4 -1.880000 0.007384
4 -1.860001 0.012396
4 -1.840000 0.019380
4 -1.820001 0.029103
4 -1.800000 0.041315
4 -1.780001 0.055116
4 -1.760000 0.069171
4 -1.740000 0.080755
4 -1.720000 0.089382
4 -1.700000 0.092745
4 -1.680000 0.091834
4 -1.660000 0.087628
4 -1.640000 0.078506
4 -1.620000 0.066605
4 -1.600000 0.052761
4 -1.580000 0.039828
4 -1.560000 0.028478
4 -1.540000 0.019408
4 -1.520000 0.012577
4 -1.500000 0.007874
4 -1.480000 0.004711
4 -1.460000 0.002658
4 -1.440001 0.001418
4 -1.420000 0.000708
4 -1.400001 0.000325
4 -1.380000 0.000134
4 -1.360001 0.000049
4 -1.340000 0.000015
4 -1.320001 0.000004
5 -2.340000 0.000004
5 -2.320001 0.000017
5 -2.300000 0.000062
5 -2.280001 0.000206
5 -2.260000 0.000594
5 -2.240000 0.001554
5 -2.220000 0.003700
5 -2.200000 0.007917
5 -2.180000 0.015366
5 -2.160000 0.027305
5 -2.140000 0.044352
5 -2.120000 0.065903
5 -2.100000 0.088640
5 -2.080000 0.106796
5 -2.060000 0.117347
5 -2.040000 0.118073
5 -2.020000 0.110069
5 -2.000000 0.094204
5 -1.980000 0.073153
5 -1.960000 0.051693
5 -1.940001 0.033342
5 -1.920000 0.019782
5 -1.900001 0.010771
5 -1.880000 0.005340
5 -1.860001 0.002404
5 -1.840000 0.000957
5 -1.820001 0.000328
5 -1.800000 0.000095
5 -1.780001 0.000022
5 -1.760000 0.000004
6 -0.660000 0.000002
6 -0.640000 0.000006
6 -0.620000 0.000013
6 -0.600000 0.000027
6 -0.580000 0.000051
6 -0.560000 0.000092
6 -0.540000 0.000159
6 -0.520000 0.000269
6 -0.500000 0.000432
6 -0.480000 0.000695
6 -0.460000 0.001066
6 -0.440001 0.001612
6 -0.420000 0.002386
6 -0.400001 0.003382
6 -0.380000 0.004738
6 -0.360001 0.006455
6 -0.340000 0.008616
6 -0.320001 0.011118
6 -0.300000 0.013774
6 -0.280001 0.016936
6 -0.260000 0.021121
6 -0.240001 0.025350
6 -0.220000 0.030806
6 -0.200000 0.035246
6 -0.180000 0.039874
6 -0.160000 0.044360
6 -0.140000 0.047525
6 -0.120000 0.050138
6 -0.100000 0.053543
6 -0.080000 0.054549
6 -0.060000 0.054983
6 -0.040000 0.054710
6 -0.020000 0.052775
6 0.000000 0.050389
6 0.020000 0.048006
6 0.040000 0.043534
6 0.059999 0.039275
6 0.080000 0.034720
6 0.099999 0.030093
6 0.120000 0.025360
6 0.139999 0.021133
6 0.160000 0.017147
6 0.179999 0.013780
6 0.200000 0.010723
6 0.219999 0.008218
6 0.240000 0.006190
6 0.259999 0.004566
6 0.280000 0.003290
6 0.300000 0.002350
6 0.320000 0.001603
6 0.340000 0.001072
6 0.360000 0.000701
6 0.380000 0.000450
6 0.400000 0.000277
6 0.420000 0.000159
6 0.440000 0.000084
6 0.460000 0.000041
6 0.480000 0.000017
6 0.500000 0.000006
6 0.520000 0.000002
7 -3.660000 0.000003
7 -3.640000 0.000016
7 -3.620000 0.000075
7 -3.600000 0.000304
7 -3.580000 0.001054
7 -3.560000 0.003121
7 -3.540000 0.008139
7 -3.520000 0.018496
7 -3.500000 0.036645
7 -3.480000 0.063685
7 -3.460000 0.095164
7 -3.440001 0.124764
7 -3.420000 0.141746
7 -3.400001 0.141636
7 -3.380000 0.125028
7 -3.360001 0.097561
7 -3.340000 0.066746
7 -3.320001 0.039848
7 -3.300000 0.020938
7 -3.280000 0.009569
7 -3.260000 0.003796
7 -3.240000 0.001251
7 -3.220000 0.000334
7 -3.200000 0.000068
7 -3.180000 0.000010
7 -3.160000 0.000001
8 -4.460000 0.000002
8 -4.440000 0.000016
8 -4.420000 0.000090
8 -4.400000 0.000429
8 -4.380000 0.001667
8 -4.360000 0.005335
8 -4.340000 0.014460
8 -4.320000 0.032829
8 -4.300000 0.062644
8 -4.280000 0.101230
8 -4.260000 0.137444
8 -4.240000 0.157606
8 -4.220000 0.154490
8 -4.200000 0.129398
8 -4.180000 0.093381
8 -4.160000 0.057377
8 -4.140000 0.030304
8 -4.120000 0.013764
8 -4.100000 0.005301
8 -4.080000 0.001690
8 -4.060000 0.000438
8 -4.040000 0.000088
8 -4.020000 0.000014
8 -4.000000 0.000002
9 -4.620000 0.000002
9 -4.600000 0.000015
9 -4.580000 0.000096
9 -4.560000 0.000490
9 -4.540000 0.002013
9 -4.520000 0.006787
9 -4.500000 0.018543
9 -4.480000 0.042249
9 -4.460000 0.078596
9 -4.440000 0.122215
9 -4.420000 0.156694
9 -4.400000 0.167166
9 -4.380000 0.150489
9 -4.360000 0.113675
9 -4.340000 0.073120
9 -4.320000 0.039527
9 -4.300000 0.018261
9 -4.280000 0.007076
9 -4.260000 0.002264
9 -4.240000 0.000584
9 -4.220000 0.000119
9 -4.200000 0.000018
9 -4.180000 0.000002
10 -4.680000 0.000001
10 -4.660000 0.000012
10 -4.640000 0.000079
10 -4.620000 0.000415
10 -4.600000 0.001725
10 -4.580000 0.005963
10 -4.560000 0.016620
10 -4.540000 0.038661
10 -4.520000 0.073645
10 -4.500000 0.116789
10 -4.480000 0.153098
10 -4.460000 0.166639
10 -4.440000 0.153883
10 -4.420000 0.118901
10 -4.400000 0.078162
10 -4.380000 0.043305
10 -4.360000 0.020411
10 -4.340000 0.008128
10 -4.320000 0.002678
10 -4.300000 0.000710
10 -4.280000 0.000149
10 -4.260000 0.000024
10 -4.240000 0.000003
11 -4.540000 0.000003
11 -4.520000 0.000020
11 -4.500000 0.000116
11 -4.480000 0.000553
11 -4.460000 0.002151
11 -4.440000 0.006938
11 -4.420000 0.018358
11 -4.400000 0.040821
11 -4.380000 0.075588
11 -4.360000 0.117237
11 -4.340000 0.151377
11 -4.320000 0.164482
11 -4.300000 0.150245
11 -4.280000 0.117238
11 -4.260000 0.077432
11 -4.240000 0.043867
11 -4.220000 0.021084
11 -4.200000 0.008581
11 -4.180000 0.002904
11 -4.160000 0.000800
11 -4.140000 0.000174
11 -4.120000 0.000029
11 -4.100000 0.000004
12 -4.680000 0.000004
12 -4.660000 0.000031
12 -4.640000 0.000178
12 -4.620000 0.000822
12 -4.600000 0.003058
12 -4.580000 0.009514
12 -4.560000 0.024116
12 -4.540000 0.051173
12 -4.520000 0.089840
12 -4.500000 0.130718
12 -4.480000 0.159557
12 -4.460000 0.162850
12 -4.440000 0.140618
12 -4.420000 0.103780
12 -4.400000 0.064194
12 -4.380000 0.034716
12 -4.360000 0.015929
12 -4.340000 0.006198
12 -4.320000 0.002031
12 -4.300000 0.000536
12 -4.280000 0.000113
12 -4.260000 0.000018
12 -4.240000 0.000002
13 -4.740000 0.000002
13 -4.720000 0.000016
13 -4.700000 0.000103
13 -4.680000 0.000525
13 -4.660000 0.002149
13 -4.640000 0.007196
13 -4.620000 0.019548
13 -4.600000 0.043912
13 -4.580000 0.081209
13 -4.560000 0.123884
13 -4.540000 0.156742
13 -4.520000 0.165226
13 -4.500000 0.146290
13 -4.480000 0.111054
13 -4.460000 0.070982
13 -4.440000 0.039572
13 -4.420000 0.019144
13 -4.400000 0.008118
13 -4.380000 0.003012
13 -4.360000 0.000972
13 -4.340000 0.000269
13 -4.320000 0.000062
13 -4.300000 0.000012
13 -4.280000 0.000002
0 -3.660000 0.000001
0 -3.640000 0.000002
0 -3.620000 0.000002
0 -3.600000 0.000003
0 -3.580000 0.000003
0 -3.560000 0.000004
0 -3.540000 0.000005
0 -3.520000 0.000007
0 -3.500000 0.000008
0 -3.480000 0.000010
0 -3.460000 0.000013
0 -3.440001 0.000016
0 -3.420000 0.000019
0 -3.400001 0.000023
0 -3.380000 0.000027
0 -3.360001 0.000032
0 -3.340000 0.000038
0 -3.320001 0.000045
0 -3.300000 0.000053
0 -3.280000 0.000061
0 -3.260000 0.000070
0 -3.240000 0.000081
0 -3.220000 0.000093
0 -3.200000 0.000107
0 -3.180000 0.000122
0 -3.160000 0.000138
0 -3.140000 0.000156
0 -3.120000 0.000175
0 -3.100000 0.000195
0 -3.080000 0.000216
0 -3.060000 0.000238
0 -3.040000 0.000261
0 -3.020000 0.000287
0 -3.000000 0.000314
0 -2.980000 0.000342
0 -2.960000 0.000373
0 -2.940001 0.000401
0 -2.920000 0.000435
0 -2.900001 0.000470
0 -2.880000 0.000506
0 -2.860001 0.000546
0 -2.840000 0.000589
0 -2.820001 0.000636
0 -2.800000 0.000687
0 -2.780000 0.000743
0 -2.760000 0.000808
0 -2.740000 0.000880
0 -2.720000 0.000960
0 -2.700000 0.001057
0 -2.680000 0.001163
0 -2.660000 0.001294
0 -2.640000 0.001432
0 -2.620000 0.001586
0 -2.600000 0.001765
0 -2.580000 0.001942
0 -2.560000 0.002166
0 -2.540000 0.002386
0 -2.520000 0.002634
0 -2.500000 0.002886
0 -2.480000 0.003162
0 -2.460000 0.003467
0 -2.440001 0.003766
0 -2.420000 0.004108
0 -2.400001 0.004443
0 -2.380000 0.004798
0 -2.360001 0.005155
0 -2.340000 0.005555
0 -2.320001 0.005932
0 -2.300000 0.006332
0 -2.280001 0.006738
0 -2.260000 0.007183
0 -2.240000 0.007617
0 -2.220000 0.008064
0 -2.200000 0.008483
0 -2.180000 0.008970
0 -2.160000 0.009450
0 -2.140000 0.009931
0 -2.120000 0.010444
0 -2.100000 0.010962
0 -2.080000 0.011482
0 -2.060000 0.012054
0 -2.040000 0.012579
0 -2.020000 0.013077
0 -2.000000 0.013642
0 -1.980000 0.014229
0 -1.960000 0.014781
0 -1.940001 0.015369
0 -1.920000 0.015959
0 -1.900001 0.016487
0 -1.880000 0.017050
0 -1.860001 0.017631
0 -1.840000 0.018228
0 -1.820001 0.018818
0 -1.800000 0.019437
0 -1.780001 0.019917
0 -1.760000 0.020428
0 -1.740000 0.020789
0 -1.720000 0.021176
0 -1.700000 0.021453
0 -1.680000 0.021732
0 -1.660000 0.021902
0 -1.640000 0.022062
0 -1.620000 0.022166
0 -1.600000 0.022164
0 -1.580000 0.022030
0 -1.560000 0.021829
0 -1.540000 0.021524
0 -1.520000 0.021199
0 -1.500000 0.020780
0 -1.480000 0.020239
0 -1.460000 0.019680
0 -1.440001 0.019083
0 -1.420000 0.018382
0 -1.400001 0.017608
0 -1.380000 0.016783
0 -1.360001 0.015968
0 -1.340000 0.015086
0 -1.320001 0.014139
0 -1.300000 0.013240
0 -1.280001 0.012331
0 -1.260000 0.011431
0 -1.240000 0.010554
0 -1.220000 0.009637
0 -1.200000 0.008758
0 -1.180000 0.007928
0 -1.160000 0.007106
0 -1.140000 0.006365
0 -1.120000 0.005615
0 -1.100000 0.004952
0 -1.080000 0.004324
0 -1.060000 0.003733
0 -1.040000 0.003223
0 -1.020000 0.002750
0 -1.000000 0.002341
0 -0.980000 0.001976
0 -0.960000 0.001659
0 -0.940001 0.001384
0 -0.920000 0.001149
0 -0.900001 0.000947
0 -0.880000 0.000773
0 -0.860001 0.000620
0 -0.840000 0.000494
0 -0.820001 0.000391
0 -0.800000 0.000307
0 -0.780001 0.000241
0 -0.760000 0.000187
0 -0.740001 0.000144
0 -0.720000 0.000110
0 -0.700000 0.000083
0 -0.680000 0.000062
0 -0.660000 0.000046
0 -0.640000 0.000034
0 -0.620000 0.000025
0 -0.600000 0.000018
0 -0.580000 0.000013
0 -0.560000 0.000009
0 -0.540000 0.000006
0 -0.520000 0.000004
0 -0.500000 0.000003
0 -0.480000 0.000002
0 -0.460000 0.000001
1 -3.060000 0.000001
1 -3.040000 0.000002
1 -3.020000 0.000002
1 -3.000000 0.000003
1 -2.980000 0.000004
1 -2.960000 0.000005
1 -2.940001 0.000006
1 -2.920000 0.000008
1 -2.900001 0.000010
1 -2.880000 0.000012
1 -2.860001 0.000015
1 -2.840000 0.000019
1 -2.820001 0.000022
1 -2.800000 0.000027
1 -2.780000 0.000032
1 -2.760000 0.000039
1 -2.740000 0.000046
1 -2.720000 0.000053
1 -2.700000 0.000062
1 -2.680000 0.000072
1 -2.660000 0.000084
1 -2.640000 0.000095
1 -2.620000 0.000110
1 -2.600000 0.000124
1 -2.580000 0.000141
1 -2.560000 0.000159
1 -2.540000 0.000179
1 -2.520000 0.000201
1 -2.500000 0.000224
1 -2.480000 0.000247
1 -2.460000 0.000272
1 -2.440001 0.000298
1 -2.420000 0.000325
1 -2.400001 0.000353
1 -2.380000 0.000382
1 -2.360001 0.000413
1 -2.340000 0.000446
1 -2.320001 0.000481
1 -2.300000 0.000514
1 -2.280001 0.000552
1 -2.260000 0.000589
1 -2.240000 0.000633
1 -2.220000 0.000677
1 -2.200000 0.000725
1 -2.180000 0.000776
1 -2.160000 0.000839
1 -2.140000 0.000911
1 -2.120000 0.000995
1 -2.100000 0.001101
1 -2.080000 0.001219
1 -2.060000 0.001365
1 -2.040000 0.001538
1 -2.020000 0.001740
1 -2.000000 0.001946
1 -1.980000 0.002184
1 -1.960000 0.002418
1 -1.940001 0.002671
1 -1.920000 0.002945
1 -1.900001 0.003240
1 -1.880000 0.003540
1 -1.860001 0.003855
1 -1.840000 0.004202
1 -1.820001 0.004545
1 -1.800000 0.004912
1 -1.780001 0.005289
1 -1.760000 0.005685
1 -1.740000 0.006089
1 -1.720000 0.006483
1 -1.700000 0.006885
1 -1.680000 0.007307
1 -1.660000 0.007756
1 -1.640000 0.008192
1 -1.620000 0.008641
1 -1.600000 0.009106
1 -1.580000 0.009587
1 -1.560000 0.010083
1 -1.540000 0.010552
1 -1.520000 0.011053
1 -1.500000 0.011574
1 -1.480000 0.012159
1 -1.460000 0.012721
1 -1.440001 0.013302
1 -1.420000 0.013823
1 -1.400001 0.014332
1 -1.380000 0.014859
1 -1.360001 0.015437
1 -1.340000 0.015980
1 -1.320001 0.016614
1 -1.300000 0.017237
1 -1.280001 0.017781
1 -1.260000 0.018286
1 -1.240000 0.018874
1 -1.220000 0.019484
1 -1.200000 0.020128
1 -1.180000 0.020674
1 -1.160000 0.021137
1 -1.140000 0.021548
1 -1.120000 0.021876
1 -1.100000 0.022262
1 -1.080000 0.022399
1 -1.060000 0.022550
1 -1.040000 0.022600
1 -1.020000 0.022560
1 -1.000000 0.022438
1 -0.980000 0.022267
1 -0.960000 0.021931
1 -0.940001 0.021525
1 -0.920000 0.021066
1 -0.900001 0.020539
1 -0.880000 0.019953
1 -0.860001 0.019316
1 -0.840000 0.018570
1 -0.820001 0.017796
1 -0.800000 0.016945
1 -0.780001 0.016056
1 -0.760000 0.015118
1 -0.740001 0.014166
1 -0.720000 0.013186
1 -0.700000 0.012195
1 -0.680000 0.011225
1 -0.660000 0.010229
1 -0.640000 0.009229
1 -0.620000 0.008317
1 -0.600000 0.007395
1 -0.580000 0.006533
1 -0.560000 0.005740
1 -0.540000 0.004997
1 -0.520000 0.004302
1 -0.500000 0.003692
1 -0.480000 0.003128
1 -0.460000 0.002620
1 -0.440001 0.002188
1 -0.420000 0.001807
1 -0.400001 0.001480
1 -0.380000 0.001204
1 -0.360001 0.000970
1 -0.340000 0.000778
1 -0.320001 0.000613
1 -0.300000 0.000479
1 -0.280001 0.000374
1 -0.260000 0.000289
1 -0.240001 0.000221
1 -0.220000 0.000167
1 -0.200000 0.000124
1 -0.180000 0.000092
1 -0.160000 0.000067
1 -0.140000 0.000049
1 -0.120000 0.000034
1 -0.100000 0.000024
1 -0.080000 0.000017
1 -0.060000 0.000011
1 -0.040000 0.000008
1 -0.020000 0.000005
1 0.000000 0.000003
1 0.020000 0.000002
1 0.040000 0.000001
2 -1.700000 0.000001
2 -1.680000 0.000002
2 -1.660000 0.000002
2 -1.640000 0.000003
2 -1.620000 0.000004
2 -1.600000 0.000005
2 -1.580000 0.000006
2 -1.560000 0.000008
2 -1.540000 0.000010
2 -1.520000 0.000012
2 -1.500000 0.000015
2 -1.480000 0.000018
2 -1.460000 0.000022
2 -1.440001 0.000026
2 -1.420000 0.000032
2 -1.400001 0.000037
2 -1.380000 0.000044
2 -1.360001 0.000052
2 -1.340000 0.000060
2 -1.320001 0.000070
2 -1.300000 0.000080
2 -1.280001 0.000091
2 -1.260000 0.000104
2 -1.240000 0.000119
2 -1.220000 0.000134
2 -1.200000 0.000151
2 -1.180000 0.000168
2 -1.160000 0.000189
2 -1.140000 0.000212
2 -1.120000 0.000236
2 -1.100000 0.000259
2 -1.080000 0.000284
2 -1.060000 0.000311
2 -1.040000 0.000337
2 -1.020000 0.000368
2 -1.000000 0.000397
2 -0.980000 0.000431
2 -0.960000 0.000464
2 -0.940001 0.000500
2 -0.920000 0.000534
2 -0.900001 0.000572
2 -0.880000 0.000612
2 -0.860001 0.000653
2 -0.840000 0.000699
2 -0.820001 0.000749
2 -0.800000 0.000803
2 -0.780001 0.000865
2 -0.760000 0.000938
2 -0.740001 0.001024
2 -0.720000 0.001130
2 -0.700000 0.001260
2 -0.680000 0.001448
2 -0.660000 0.001698
2 -0.640000 0.001966
2 -0.620000 0.002183
2 -0.600000 0.002415
2 -0.580000 0.002646
2 -0.560000 0.002896
2 -0.540000 0.003170
2 -0.520000 0.003464
2 -0.500000 0.003766
2 -0.480000 0.004088
2 -0.460000 0.004433
2 -0.440001 0.004782
2 -0.420000 0.005165
2 -0.400001 0.005549
2 -0.380000 0.005938
2 -0.360001 0.006334
2 -0.340000 0.006750
2 -0.320001 0.007170
2 -0.300000 0.007595
2 -0.280001 0.008048
2 -0.260000 0.008477
2 -0.240001 0.008933
2 -0.220000 0.009395
2 -0.200000 0.009873
2 -0.180000 0.010381
2 -0.160000 0.010867
2 -0.140000 0.011400
2 -0.120000 0.011913
2 -0.100000 0.012481
2 -0.080000 0.013040
2 -0.060000 0.013556
2 -0.040000 0.014121
2 -0.020000 0.014640
2 0.000000 0.015191
2 0.020000 0.015793
2 0.040000 0.016396
2 0.059999 0.016984
2 0.080000 0.017503
2 0.099999 0.018005
2 0.120000 0.018532
2 0.139999 0.019005
2 0.160000 0.019552
2 0.179999 0.020119
2 0.200000 0.020797
2 0.219999 0.021323
2 0.240000 0.021870
2 0.259999 0.022227
2 0.280000 0.022453
2 0.300000 0.022586
2 0.320000 0.022611
2 0.340000 0.022627
2 0.360000 0.022482
2 0.380000 0.022306
2 0.400000 0.022026
2 0.420000 0.021554
2 0.440000 0.021112
2 0.460000 0.020584
2 0.480000 0.020106
2 0.500000 0.019452
2 0.520000 0.018875
2 0.540000 0.018156
2 0.559999 0.017412
2 0.580000 0.016605
2 0.599999 0.015760
2 0.620000 0.014772
2 0.639999 0.013767
2 0.660000 0.012760
2 0.679999 0.011680
2 0.700000 0.010682
2 0.719999 0.009654
2 0.740000 0.008686
2 0.759999 0.007792
2 0.780000 0.006888
2 0.799999 0.006036
2 0.820000 0.005262
2 0.840000 0.004570
2 0.860000 0.003907
2 0.880000 0.003321
2 0.900000 0.002790
2 0.920000 0.002330
2 0.940000 0.001923
2 0.960000 0.001581
2 0.980000 0.001278
2 1.000000 0.001035
2 1.020000 0.000824
2 1.040000 0.000652
2 1.059999 0.000515
2 1.080000 0.000401
2 1.099999 0.000311
2 1.120000 0.000240
2 1.139999 0.000183
2 1.160000 0.000138
2 1.179999 0.000103
2 1.200000 0.000074
2 1.219999 0.000052
2 1.240000 0.000036
2 1.259999 0.000024
2 1.280000 0.000015
2 1.299999 0.000009
2 1.320000 0.000006
2 1.340000 0.000003
2 1.360000 0.000002
3 -3.060000 0.000001
3 -3.040000 0.000002
3 -3.020000 0.000002
3 -3.000000 0.000003
3 -2.980000 0.000004
3 -2.960000 0.000005
3 -2.940001 0.000006
3 -2.920000 0.000008
3 -2.900001 0.000010
3 -2.880000 0.000012
3 -2.860001 0.000015
3 -2.840000 0.000018
3 -2.820001 0.000022
3 -2.800000 0.000027
3 -2.780000 0.000032
3 -2.760000 0.000038
3 -2.740000 0.000045
3 -2.720000 0.000053
3 -2.700000 0.000062
3 -2.680000 0.000071
3 -2.660000 0.000082
3 -2.640000 0.000094
3 -2.620000 0.000107
3 -2.600000 0.000121
3 -2.580000 0.000137
3 -2.560000 0.000155
3 -2.540000 0.000174
3 -2.520000 0.000195
3 -2.500000 0.000218
3 -2.480000 0.000240
3 -2.460000 0.000265
3 -2.440001 0.000289
3 -2.420000 0.000317
3 -2.400001 0.000344
3 -2.380000 0.000372
3 -2.360001 0.000404
3 -2.340000 0.000436
3 -2.320001 0.000469
3 -2.300000 0.000502
3 -2.280001 0.000538
3 -2.260000 0.000574
3 -2.240000 0.000616
3 -2.220000 0.000661
3 -2.200000 0.000705
3 -2.180000 0.000754
3 -2.160000 0.000810
3 -2.140000 0.000873
3 -2.120000 0.000953
3 -2.100000 0.001045
3 -2.080000 0.001164
3 -2.060000 0.001297
3 -2.040000 0.001474
3 -2.020000 0.001668
3 -2.000000 0.001889
3 -1.980000 0.002121
3 -1.960000 0.002352
3 -1.940001 0.002596
3 -1.920000 0.002863
3 -1.900001 0.003135
3 -1.880000 0.003427
3 -1.860001 0.003726
3 -1.840000 0.004067
3 -1.820001 0.004401
3 -1.800000 0.004749
3 -1.780001 0.005124
3 -1.760000 0.005506
3 -1.740000 0.005897
3 -1.720000 0.006307
3 -1.700000 0.006694
3 -1.680000 0.007105
3 -1.660000 0.007537
3 -1.640000 0.007975
3 -1.620000 0.008423
3 -1.600000 0.008864
3 -1.580000 0.009358
3 -1.560000 0.009817
3 -1.540000 0.010306
3 -1.520000 0.010773
3 -1.500000 0.011292
3 -1.480000 0.011855
3 -1.460000 0.012410
3 -1.440001 0.012987
3 -1.420000 0.013500
3 -1.400001 0.014031
3 -1.380000 0.014541
3 -1.360001 0.015095
3 -1.340000 0.015656
3 -1.320001 0.016264
3 -1.300000 0.016857
3 -1.280001 0.017397
3 -1.260000 0.017919
3 -1.240000 0.018426
3 -1.220000 0.019053
3 -1.200000 0.019672
3 -1.180000 0.020240
3 -1.160000 0.020754
3 -1.140000 0.021190
3 -1.120000 0.021631
3 -1.100000 0.021982
3 -1.080000 0.022228
3 -1.060000 0.022376
3 -1.040000 0.022439
3 -1.020000 0.022381
3 -1.000000 0.022375
3 -0.980000 0.022198
3 -0.960000 0.021953
3 -0.940001 0.021588
3 -0.920000 0.021145
3 -0.900001 0.020636
3 -0.880000 0.020112
3 -0.860001 0.019515
3 -0.840000 0.018903
3 -0.820001 0.018171
3 -0.800000 0.017367
3 -0.780001 0.016525
3 -0.760000 0.015665
3 -0.740001 0.014757
3 -0.720000 0.013831
3 -0.700000 0.012793
3 -0.680000 0.011834
3 -0.660000 0.010838
3 -0.640000 0.009880
3 -0.620000 0.008939
3 -0.600000 0.007985
3 -0.580000 0.007124
3 -0.560000 0.006265
3 -0.540000 0.005513
3 -0.520000 0.004779
3 -0.500000 0.004136
3 -0.480000 0.003514
3 -0.460000 0.002996
3 -0.440001 0.002510
3 -0.420000 0.002081
3 -0.400001 0.001720
3 -0.380000 0.001412
3 -0.360001 0.001146
3 -0.340000 0.000924
3 -0.320001 0.000734
3 -0.300000 0.000584
3 -0.280001 0.000457
3 -0.260000 0.000357
3 -0.240001 0.000275
3 -0.220000 0.000211
3 -0.200000 0.000161
3 -0.180000 0.000120
3 -0.160000 0.000088
3 -0.140000 0.000064
3 -0.120000 0.000045
3 -0.100000 0.000032
3 -0.080000 0.000022
3 -0.060000 0.000014
3 -0.040000 0.000009
3 -0.020000 0.000006
3 0.000000 0.000004
3 0.020000 0.000002
3 0.040000 0.000001
4 -3.600000 0.000001
4 -3.580000 0.000002
4 -3.560000 0.000002
4 -3.540000 0.000003
4 -3.520000 0.000003
4 -3.500000 0.000004
4 -3.480000 0.000005
4 -3.460000 0.000007
4 -3.440001 0.000009
4 -3.420000 0.000011
4 -3.400001 0.000013
4 -3.380000 0.000016
4 -3.360001 0.000020
4 -3.340000 0.000024
4 -3.320001 0.000029
4 -3.300000 0.000035
4 -3.280000 0.000041
4 -3.260000 0.000049
4 -3.240000 0.000057
4 -3.220000 0.000066
4 -3.200000 0.000076
4 -3.180000 0.000089
4 -3.160000 0.000101
4 -3.140000 0.000115
4 -3.120000 0.000131
4 -3.100000 0.000147
4 -3.080000 0.000168
4 -3.060000 0.000190
4 -3.040000 0.000211
4 -3.020000 0.000233
4 -3.000000 0.000255
4 -2.980000 0.000283
4 -2.960000 0.000310
4 -2.940001 0.000337
4 -2.920000 0.000365
4 -2.900001 0.000394
4 -2.880000 0.000427
4 -2.860001 0.000462
4 -2.840000 0.000495
4 -2.820001 0.000532
4 -2.800000 0.000571
4 -2.780000 0.000609
4 -2.760000 0.000657
4 -2.740000 0.000704
4 -2.720000 0.000755
4 -2.700000 0.000820
4 -2.680000 0.000887
4 -2.660000 0.000964
4 -2.640000 0.001062
4 -2.620000 0.001181
4 -2.600000 0.001307
4 -2.580000 0.001464
4 -2.560000 0.001638
4 -2.540000 0.001834
4 -2.520000 0.002051
4 -2.500000 0.002277
4 -2.480000 0.002520
4 -2.460000 0.002787
4 -2.440001 0.003064
4 -2.420000 0.003367
4 -2.400001 0.003681
4 -2.380000 0.004010
4 -2.360001 0.004355
4 -2.340000 0.004721
4 -2.320001 0.005082
4 -2.300000 0.005472
4 -2.280001 0.005864
4 -2.260000 0.006270
4 -2.240000 0.006678
4 -2.220000 0.007089
4 -2.200000 0.007519
4 -2.180000 0.007972
4 -2.160000 0.008413
4 -2.140000 0.008869
4 -2.120000 0.009346
4 -2.100000 0.009829
4 -2.080000 0.010339
4 -2.060000 0.010820
4 -2.040000 0.011322
4 -2.020000 0.011884
4 -2.000000 0.012444
4 -1.980000 0.013022
4 -1.960000 0.013556
4 -1.940001 0.014104
4 -1.920000 0.014615
4 -1.900001 0.015185
4 -1.880000 0.015759
4 -1.860001 0.016329
4 -1.840000 0.016935
4 -1.820001 0.017554
4 -1.800000 0.018109
4 -1.780001 0.018699
4 -1.760000 0.019247
4 -1.740000 0.019846
4 -1.720000 0.020473
4 -1.700000 0.020934
4 -1.680000 0.021368
4 -1.660000 0.021735
4 -1.640000 0.022020
4 -1.620000 0.022273
4 -1.600000 0.022438
4 -1.580000 0.022558
4 -1.560000 0.022580
4 -1.540000 0.022543
4 -1.520000 0.022333
4 -1.500000 0.022065
4 -1.480000 0.021730
4 -1.460000 0.021265
4 -1.440001 0.020816
4 -1.420000 0.020215
4 -1.400001 0.019629
4 -1.380000 0.018908
4 -1.360001 0.018151
4 -1.340000 0.017265
4 -1.320001 0.016415
4 -1.300000 0.015487
4 -1.280001 0.014542
4 -1.260000 0.013552
4 -1.240000 0.012623
4 -1.220000 0.011655
4 -1.200000 0.010652
4 -1.180000 0.009688
4 -1.160000 0.008772
4 -1.140000 0.007847
4 -1.120000 0.006983
4 -1.100000 0.006143
4 -1.080000 0.005385
4 -1.060000 0.004682
4 -1.040000 0.004028
4 -1.020000 0.003433
4 -1.000000 0.002914
4 -0.980000 0.002439
4 -0.960000 0.002040
4 -0.940001 0.001687
4 -0.920000 0.001383
4 -0.900001 0.001125
4 -0.880000 0.000906
4 -0.860001 0.000723
4 -0.840000 0.000573
4 -0.820001 0.000450
4 -0.800000 0.000348
4 -0.780001 0.000269
4 -0.760000 0.000205
4 -0.740001 0.000155
4 -0.720000 0.000116
4 -0.700000 0.000087
4 -0.680000 0.000063
4 -0.660000 0.000046
4 -0.640000 0.000033
4 -0.620000 0.000023
4 -0.600000 0.000016
4 -0.580000 0.000011
4 -0.560000 0.000008
4 -0.540000 0.000005
4 -0.520000 0.000003
4 -0.500000 0.000002
4 -0.480000 0.000001
5 -3.960000 0.000001
5 -3.940001 0.000001
5 -3.920000 0.000002
5 -3.900001 0.000002
5 -3.880000 0.000003
5 -3.860001 0.000004
5 -3.840000 0.000005
5 -3.820001 0.000006
5 -3.800000 0.000008
5 -3.780000 0.000010
5 -3.760000 0.000012
5 -3.740000 0.000015
5 -3.720000 0.000018
5 -3.700000 0.000022
5 -3.680000 0.000026
5 -3.660000 0.000031
5 -3.640000 0.000037
5 -3.620000 0.000044
5 -3.600000 0.000052
5 -3.580000 0.000061
5 -3.560000 0.000070
5 -3.540000 0.000080
5 -3.520000 0.000093
5 -3.500000 0.000106
5 -3.480000 0.000121
5 -3.460000 0.000137
5 -3.440001 0.000156
5 -3.420000 0.000177
5 -3.400001 0.000197
5 -3.380000 0.000219
5 -3.360001 0.000240
5 -3.340000 0.000265
5 -3.320001 0.000291
5 -3.300000 0.000319
5 -3.280000 0.000348
5 -3.260000 0.000376
5 -3.240000 0.000408
5 -3.220000 0.000439
5 -3.200000 0.000474
5 -3.180000 0.000510
5 -3.160000 0.000548
5 -3.140000 0.000591
5 -3.120000 0.000636
5 -3.100000 0.000683
5 -3.080000 0.000737
5 -3.060000 0.000800
5 -3.040000 0.000869
5 -3.020000 0.000946
5 -3.000000 0.001036
5 -2.980000 0.001148
5 -2.960000 0.001274
5 -2.940001 0.001411
5 -2.920000 0.001572
5 -2.900001 0.001748
5 -2.880000 0.001939
5 -2.860001 0.002159
5 -2.840000 0.002392
5 -2.820001 0.002643
5 -2.800000 0.002914
5 -2.780000 0.003188
5 -2.760000 0.003498
5 -2.740000 0.003821
5 -2.720000 0.004157
5 -2.700000 0.004516
5 -2.680000 0.004867
5 -2.660000 0.005235
5 -2.640000 0.005635
5 -2.620000 0.006031
5 -2.600000 0.006439
5 -2.580000 0.006852
5 -2.560000 0.007279
5 -2.540000 0.007710
5 -2.520000 0.008163
5 -2.500000 0.008619
5 -2.480000 0.009076
5 -2.460000 0.009567
5 -2.440001 0.010056
5 -2.420000 0.010573
5 -2.400001 0.011088
5 -2.380000 0.011611
5 -2.360001 0.012168
5 -2.340000 0.012706
5 -2.320001 0.013238
5 -2.300000 0.013815
5 -2.280001 0.014366
5 -2.260000 0.014936
5 -2.240000 0.015510
5 -2.220000 0.016074
5 -2.200000 0.016651
5 -2.180000 0.017238
5 -2.160000 0.017827
5 -2.140000 0.018436
5 -2.120000 0.019035
5 -2.100000 0.019612
5 -2.080000 0.020146
5 -2.060000 0.020684
5 -2.040000 0.021112
5 -2.020000 0.021445
5 -2.000000 0.021788
5 -1.980000 0.022004
5 -1.960000 0.022208
5 -1.940001 0.022390
5 -1.920000 0.022468
5 -1.900001 0.022464
5 -1.880000 0.022305
5 -1.860001 0.022067
5 -1.840000 0.021782
5 -1.820001 0.021388
5 -1.800000 0.020929
5 -1.780001 0.020363
5 -1.760000 0.019798
5 -1.740000 0.019179
5 -1.720000 0.018348
5 -1.700000 0.017602
5 -1.680000 0.016759
5 -1.660000 0.015819
5 -1.640000 0.014902
5 -1.620000 0.014018
5 -1.600000 0.012941
5 -1.580000 0.012150
5 -1.560000 0.011124
5 -1.540000 0.010205
5 -1.520000 0.009309
5 -1.500000 0.008324
5 -1.480000 0.007570
5 -1.460000 0.006660
5 -1.440001 0.005948
5 -1.420000 0.005168
5 -1.400001 0.004535
5 -1.380000 0.003894
5 -1.360001 0.003351
5 -1.340000 0.002862
5 -1.320001 0.002404
5 -1.300000 0.002029
5 -1.280001 0.001679
5 -1.260000 0.001406
5 -1.240000 0.001143
5 -1.220000 0.000930
5 -1.200000 0.000753
5 -1.180000 0.000599
5 -1.160000 0.000476
5 -1.140000 0.000373
5 -1.120000 0.000288
5 -1.100000 0.000224
5 -1.080000 0.000172
5 -1.060000 0.000129
5 -1.040000 0.000098
5 -1.020000 0.000073
5 -1.000000 0.000054
5 -0.980000 0.000039
5 -0.960000 0.000029
5 -0.940001 0.000020
5 -0.920000 0.000014
5 -0.900001 0.000010
5 -0.880000 0.000007
5 -0.860001 0.000005
5 -0.840000 0.000003
5 -0.820001 0.000002
5 -0.800000 0.000001
6 -2.020000 0.000001
6 -2.000000 0.000002
6 -1.980000 0.000002
6 -1.960000 0.000003
6 -1.940001 0.000004
6 -1.920000 0.000005
6 -1.900001 0.000006
6 -1.880000 0.000007
6 -1.860001 0.000009
6 -1.840000 0.000011
6 -1.820001 0.000014
6 -1.800000 0.000017
6 -1.780001 0.000020
6 -1.760000 0.000024
6 -1.740000 0.000029
6 -1.720000 0.000034
6 -1.700000 0.000040
6 -1.680000 0.000047
6 -1.660000 0.000055
6 -1.640000 0.000064
6 -1.620000 0.000073
6 -1.600000 0.000084
6 -1.580000 0.000096
6 -1.560000 0.000110
6 -1.540000 0.000124
6 -1.520000 0.000139
6 -1.500000 0.000156
6 -1.480000 0.000175
6 -1.460000 0.000196
6 -1.440001 0.000218
6 -1.420000 0.000241
6 -1.400001 0.000264
6 -1.380000 0.000289
6 -1.360001 0.000315
6 -1.340000 0.000343
6 -1.320001 0.000371
6 -1.300000 0.000401
6 -1.280001 0.000434
6 -1.260000 0.000467
6 -1.240000 0.000502
6 -1.220000 0.000534
6 -1.200000 0.000573
6 -1.180000 0.000613
6 -1.160000 0.000654
6 -1.140000 0.000701
6 -1.120000 0.000748
6 -1.100000 0.000803
6 -1.080000 0.000863
6 -1.060000 0.000936
6 -1.040000 0.001017
6 -1.020000 0.001121
6 -1.000000 0.001247
6 -0.980000 0.001418
6 -0.960000 0.001654
6 -0.940001 0.001913
6 -0.920000 0.002127
6 -0.900001 0.002350
6 -0.880000 0.002575
6 -0.860001 0.002822
6 -0.840000 0.003085
6 -0.820001 0.003360
6 -0.800000 0.003659
6 -0.780001 0.003977
6 -0.760000 0.004312
6 -0.740001 0.004651
6 -0.720000 0.005029
6 -0.700000 0.005397
6 -0.680000 0.005784
6 -0.660000 0.006179
6 -0.640000 0.006575
6 -0.620000 0.006982
6 -0.600000 0.007409
6 -0.580000 0.007837
6 -0.560000 0.008265
6 -0.540000 0.008705
6 -0.520000 0.009161
6 -0.500000 0.009626
6 -0.480000 0.010112
6 -0.460000 0.010597
6 -0.440001 0.011111
6 -0.420000 0.011627
6 -0.400001 0.012154
6 -0.380000 0.012702
6 -0.360001 0.013234
6 -0.340000 0.013755
6 -0.320001 0.014295
6 -0.300000 0.014829
6 -0.280001 0.015364
6 -0.260000 0.015971
6 -0.240001 0.016531
6 -0.220000 0.017071
6 -0.200000 0.017547
6 -0.180000 0.018053
6 -0.160000 0.018558
6 -0.140000 0.019049
6 -0.120000 0.019611
6 -0.100000 0.020234
6 -0.080000 0.020835
6 -0.060000 0.021319
6 -0.040000 0.021773
6 -0.020000 0.022046
6 0.000000 0.022199
6 0.020000 0.022302
6 0.040000 0.022321
6 0.059999 0.022237
6 0.080000 0.022116
6 0.099999 0.021866
6 0.120000 0.021574
6 0.139999 0.021091
6 0.160000 0.020649
6 0.179999 0.020137
6 0.200000 0.019635
6 0.219999 0.019038
6 0.240000 0.018460
6 0.259999 0.017786
6 0.280000 0.017020
6 0.300000 0.016290
6 0.320000 0.015394
6 0.340000 0.014474
6 0.360000 0.013502
6 0.380000 0.012486
6 0.400000 0.011511
6 0.420000 0.010478
6 0.440000 0.009497
6 0.460000 0.008546
6 0.480000 0.007635
6 0.500000 0.006744
6 0.520000 0.005901
6 0.540000 0.005156
6 0.559999 0.004451
6 0.580000 0.003808
6 0.599999 0.003234
6 0.620000 0.002712
6 0.639999 0.002267
6 0.660000 0.001856
6 0.679999 0.001525
6 0.700000 0.001238
6 0.719999 0.000995
6 0.740000 0.000794
6 0.759999 0.000626
6 0.780000 0.000492
6 0.799999 0.000384
6 0.820000 0.000297
6 0.840000 0.000229
6 0.860000 0.000173
6 0.880000 0.000130
6 0.900000 0.000096
6 0.920000 0.000069
6 0.940000 0.000049
6 0.960000 0.000034
6 0.980000 0.000023
6 1.000000 0.000015
6 1.020000 0.000010
6 1.040000 0.000006
6 1.059999 0.000004
6 1.080000 0.000002
6 1.099999 0.000001
7 -5.340000 0.000001
7 -5.320000 0.000001
7 -5.300000 0.000002
7 -5.280000 0.000002
7 -5.260000 0.000003
7 -5.240000 0.000004
7 -5.220000 0.000005
7 -5.200000 0.000006
7 -5.180000 0.000007
7 -5.160000 0.000009
7 -5.140000 0.000011
7 -5.120000 0.000013
7 -5.100000 0.000016
7 -5.080000 0.000019
7 -5.060000 0.000023
7 -5.040000 0.000028
7 -5.020000 0.000033
7 -5.000000 0.000039
7 -4.980000 0.000046
7 -4.960000 0.000054
7 -4.940000 0.000062
7 -4.920000 0.000071
7 -4.900000 0.000083
7 -4.880000 0.000095
7 -4.860000 0.000109
7 -4.840000 0.000124
7 -4.820000 0.000140
7 -4.800000 0.000158
7 -4.780000 0.000177
7 -4.760000 0.000197
7 -4.740000 0.000219
7 -4.720000 0.000241
7 -4.700000 0.000263
7 -4.680000 0.000290
7 -4.660000 0.000317
7 -4.640000 0.000347
7 -4.620000 0.000375
7 -4.600000 0.000408
7 -4.580000 0.000439
7 -4.560000 0.000474
7 -4.540000 0.000513
7 -4.520000 0.000554
7 -4.500000 0.000596
7 -4.480000 0.000644
7 -4.460000 0.000697
7 -4.440000 0.000755
7 -4.420000 0.000823
7 -4.400000 0.000898
7 -4.380000 0.000978
7 -4.360000 0.001075
7 -4.340000 0.001191
7 -4.320000 0.001314
7 -4.300000 0.001456
7 -4.280000 0.001606
7 -4.260000 0.001784
7 -4.240000 0.001972
7 -4.220000 0.002180
7 -4.200000 0.002405
7 -4.180000 0.002657
7 -4.160000 0.002909
7 -4.140000 0.003183
7 -4.120000 0.003477
7 -4.100000 0.003795
7 -4.080000 0.004126
7 -4.060000 0.004460
7 -4.040000 0.004824
7 -4.020000 0.005178
7 -4.000000 0.005568
7 -3.980000 0.005959
7 -3.960000 0.006350
7 -3.940001 0.006769
7 -3.920000 0.007207
7 -3.900001 0.007633
7 -3.880000 0.008076
7 -3.860001 0.008531
7 -3.840000 0.008999
7 -3.820001 0.009466
7 -3.800000 0.009972
7 -3.780000 0.010483
7 -3.760000 0.010989
7 -3.740000 0.011523
7 -3.720000 0.012071
7 -3.700000 0.012587
7 -3.680000 0.013118
7 -3.660000 0.013671
7 -3.640000 0.014244
7 -3.620000 0.014849
7 -3.600000 0.015406
7 -3.580000 0.015961
7 -3.560000 0.016513
7 -3.540000 0.017078
7 -3.520000 0.017642
7 -3.500000 0.018252
7 -3.480000 0.018881
7 -3.460000 0.019416
7 -3.440001 0.019953
7 -3.420000 0.020417
7 -3.400001 0.020772
7 -3.380000 0.021069
7 -3.360001 0.021379
7 -3.340000 0.021648
7 -3.320001 0.021879
7 -3.300000 0.022046
7 -3.280000 0.022066
7 -3.260000 0.022056
7 -3.240000 0.021959
7 -3.220000 0.021729
7 -3.200000 0.021438
7 -3.180000 0.021055
7 -3.160000 0.020707
7 -3.140000 0.020186
7 -3.120000 0.019545
7 -3.100000 0.018939
7 -3.080000 0.018257
7 -3.060000 0.017523
7 -3.040000 0.016729
7 -3.020000 0.015846
7 -3.000000 0.014973
7 -2.980000 0.014093
7 -2.960000 0.013205
7 -2.940001 0.012273
7 -2.920000 0.011380
7 -2.900001 0.010489
7 -2.880000 0.009659
7 -2.860001 0.008747
7 -2.840000 0.007925
7 -2.820001 0.007136
7 -2.800000 0.006367
7 -2.780000 0.005654
7 -2.760000 0.004991
7 -2.740000 0.004342
7 -2.720000 0.003791
7 -2.700000 0.003272
7 -2.680000 0.002810
7 -2.660000 0.002393
7 -2.640000 0.002028
7 -2.620000 0.001715
7 -2.600000 0.001430
7 -2.580000 0.001189
7 -2.560000 0.000977
7 -2.540000 0.000799
7 -2.520000 0.000648
7 -2.500000 0.000521
7 -2.480000 0.000417
7 -2.460000 0.000328
7 -2.440001 0.000258
7 -2.420000 0.000202
7 -2.400001 0.000155
7 -2.380000 0.000119
7 -2.360001 0.000090
7 -2.340000 0.000068
7 -2.320001 0.000051
7 -2.300000 0.000038
7 -2.280001 0.000028
7 -2.260000 0.000020
7 -2.240000 0.000014
7 -2.220000 0.000010
7 -2.200000 0.000007
7 -2.180000 0.000005
7 -2.160000 0.000003
7 -2.140000 0.000002
7 -2.120000 0.000002
7 -2.100000 0.000001
8 -6.160000 0.000001
8 -6.140000 0.000002
8 -6.120000 0.000002
8 -6.100000 0.000003
8 -6.080000 0.000003
8 -6.060000 0.000004
8 -6.040000 0.000005
8 -6.020000 0.000006
8 -6.000000 0.000008
8 -5.980000 0.000010
8 -5.960000 0.000012
8 -5.940000 0.000014
8 -5.920000 0.000017
8 -5.900000 0.000020
8 -5.880000 0.000024
8 -5.860000 0.000029
8 -5.840000 0.000034
8 -5.820000 0.000040
8 -5.800000 0.000047
8 -5.780000 0.000054
8 -5.760000 0.000062
8 -5.740000 0.000072
8 -5.720000 0.000083
8 -5.700000 0.000095
8 -5.680000 0.000108
8 -5.660000 0.000122
8 -5.640000 0.000138
8 -5.620000 0.000154
8 -5.600000 0.000172
8 -5.580000 0.000192
8 -5.560000 0.000212
8 -5.540000 0.000233
8 -5.520000 0.000257
8 -5.500000 0.000283
8 -5.480000 0.000308
8 -5.460000 0.000338
8 -5.440000 0.000367
8 -5.420000 0.000396
8 -5.400000 0.000432
8 -5.380000 0.000469
8 -5.360000 0.000510
8 -5.340000 0.000550
8 -5.320000 0.000599
8 -5.300000 0.000650
8 -5.280000 0.000706
8 -5.260000 0.000773
8 -5.240000 0.000843
8 -5.220000 0.000922
8 -5.200000 0.001009
8 -5.180000 0.001112
8 -5.160000 0.001226
8 -5.140000 0.001352
8 -5.120000 0.001494
8 -5.100000 0.001644
8 -5.080000 0.001817
8 -5.060000 0.001998
8 -5.040000 0.002195
8 -5.020000 0.002421
8 -5.000000 0.002652
8 -4.980000 0.002897
8 -4.960000 0.003163
8 -4.940000 0.003444
8 -4.920000 0.003744
8 -4.900000 0.004064
8 -4.880000 0.004384
8 -4.860000 0.004741
8 -4.840000 0.005092
8 -4.820000 0.005454
8 -4.800000 0.005835
8 -4.780000 0.006232
8 -4.760000 0.006635
8 -4.740000 0.007056
8 -4.720000 0.007501
8 -4.700000 0.007947
8 -4.680000 0.008399
8 -4.660000 0.008852
8 -4.640000 0.009321
8 -4.620000 0.009801
8 -4.600000 0.010315
8 -4.580000 0.010824
8 -4.560000 0.011406
8 -4.540000 0.011890
8 -4.520000 0.012445
8 -4.500000 0.012951
8 -4.480000 0.013471
8 -4.460000 0.014070
8 -4.440000 0.014636
8 -4.420000 0.015230
8 -4.400000 0.015776
8 -4.380000 0.016340
8 -4.360000 0.016843
8 -4.340000 0.017463
8 -4.320000 0.017989
8 -4.300000 0.018575
8 -4.280000 0.019127
8 -4.260000 0.019612
8 -4.240000 0.020009
8 -4.220000 0.020357
8 -4.200000 0.020633
8 -4.180000 0.020964
8 -4.160000 0.021186
8 -4.140000 0.021388
8 -4.120000 0.021540
8 -4.100000 0.021627
8 -4.080000 0.021604
8 -4.060000 0.021498
8 -4.040000 0.021262
8 -4.020000 0.021020
8 -4.000000 0.020710
8 -3.980000 0.020344
8 -3.960000 0.019853
8 -3.940001 0.019320
8 -3.920000 0.018732
8 -3.900001 0.018121
8 -3.880000 0.017431
8 -3.860001 0.016673
8 -3.840000 0.015886
8 -3.820001 0.015084
8 -3.800000 0.014245
8 -3.780000 0.013425
8 -3.760000 0.012588
8 -3.740000 0.011730
8 -3.720000 0.010894
8 -3.700000 0.010098
8 -3.680000 0.009243
8 -3.660000 0.008458
8 -3.640000 0.007683
8 -3.620000 0.006955
8 -3.600000 0.006246
8 -3.580000 0.005592
8 -3.560000 0.004965
8 -3.540000 0.004376
8 -3.520000 0.003844
8 -3.500000 0.003354
8 -3.480000 0.002916
8 -3.460000 0.002513
8 -3.440001 0.002157
8 -3.420000 0.001848
8 -3.400001 0.001566
8 -3.380000 0.001329
8 -3.360001 0.001112
8 -3.340000 0.000919
8 -3.320001 0.000767
8 -3.300000 0.000630
8 -3.280000 0.000515
8 -3.260000 0.000418
8 -3.240000 0.000336
8 -3.220000 0.000268
8 -3.200000 0.000214
8 -3.180000 0.000169
8 -3.160000 0.000131
8 -3.140000 0.000102
8 -3.120000 0.000079
8 -3.100000 0.000061
8 -3.080000 0.000046
8 -3.060000 0.000035
8 -3.040000 0.000026
8 -3.020000 0.000019
8 -3.000000 0.000014
8 -2.980000 0.000010
8 -2.960000 0.000007
8 -2.940001 0.000005
8 -2.920000 0.000004
8 -2.900001 0.000003
8 -2.880000 0.000002
8 -2.860001 0.000001
9 -6.340000 0.000001
9 -6.320000 0.000002
9 -6.300000 0.000002
9 -6.280000 0.000003
9 -6.260000 0.000003
9 -6.240000 0.000004
9 -6.220000 0.000005
9 -6.200000 0.000006
9 -6.180000 0.000007
9 -6.160000 0.000009
9 -6.140000 0.000011
9 -6.120000 0.000014
9 -6.100000 0.000016
9 -6.080000 0.000019
9 -6.060000 0.000023
9 -6.040000 0.000027
9 -6.020000 0.000032
9 -6.000000 0.000038
9 -5.980000 0.000045
9 -5.960000 0.000052
9 -5.940000 0.000060
9 -5.920000 0.000069
9 -5.900000 0.000080
9 -5.880000 0.000091
9 -5.860000 0.000104
9 -5.840000 0.000117
9 -5.820000 0.000133
9 -5.800000 0.000149
9 -5.780000 0.000165
9 -5.760000 0.000185
9 -5.740000 0.000204
9 -5.720000 0.000225
9 -5.700000 0.000247
9 -5.680000 0.000272
9 -5.660000 0.000299
9 -5.640000 0.000325
9 -5.620000 0.000355
9 -5.600000 0.000385
9 -5.580000 0.000418
9 -5.560000 0.000455
9 -5.540000 0.000493
9 -5.520000 0.000534
9 -5.500000 0.000582
9 -5.480000 0.000628
9 -5.460000 0.000685
9 -5.440000 0.000748
9 -5.420000 0.000814
9 -5.400000 0.000892
9 -5.380000 0.000974
9 -5.360000 0.001073
9 -5.340000 0.001181
9 -5.320000 0.001299
9 -5.300000 0.001434
9 -5.280000 0.001582
9 -5.260000 0.001738
9 -5.240000 0.001913
9 -5.220000 0.002109
9 -5.200000 0.002314
9 -5.180000 0.002539
9 -5.160000 0.002777
9 -5.140000 0.003034
9 -5.120000 0.003305
9 -5.100000 0.003578
9 -5.080000 0.003902
9 -5.060000 0.004220
9 -5.040000 0.004550
9 -5.020000 0.004895
9 -5.000000 0.005257
9 -4.980000 0.005634
9 -4.960000 0.006003
9 -4.940000 0.006399
9 -4.920000 0.006827
9 -4.900000 0.007255
9 -4.880000 0.007695
9 -4.860000 0.008138
9 -4.840000 0.008587
9 -4.820000 0.009034
9 -4.800000 0.009536
9 -4.780000 0.010019
9 -4.760000 0.010509
9 -4.740000 0.011092
9 -4.720000 0.011583
9 -4.700000 0.012079
9 -4.680000 0.012671
9 -4.660000 0.013142
9 -4.640000 0.013713
9 -4.620000 0.014297
9 -4.600000 0.014858
9 -4.580000 0.015412
9 -4.560000 0.015993
9 -4.540000 0.016502
9 -4.520000 0.017064
9 -4.500000 0.017608
9 -4.480000 0.018230
9 -4.460000 0.018748
9 -4.440000 0.019269
9 -4.420000 0.019680
9 -4.400000 0.020056
9 -4.380000 0.020368
9 -4.360000 0.020652
9 -4.340000 0.020921
9 -4.320000 0.021123
9 -4.300000 0.021344
9 -4.280000 0.021457
9 -4.260000 0.021490
9 -4.240000 0.021416
9 -4.220000 0.021286
9 -4.200000 0.021053
9 -4.180000 0.020728
9 -4.160000 0.020383
9 -4.140000 0.020018
9 -4.120000 0.019574
9 -4.100000 0.019021
9 -4.080000 0.018417
9 -4.060000 0.017663
9 -4.040000 0.017080
9 -4.020000 0.016371
9 -4.000000 0.015505
9 -3.980000 0.014668
9 -3.960000 0.013934
9 -3.940001 0.013101
9 -3.920000 0.012220
9 -3.900001 0.011406
9 -3.880000 0.010630
9 -3.860001 0.009809
9 -3.840000 0.008996
9 -3.820001 0.008222
9 -3.800000 0.007471
9 -3.780000 0.006749
9 -3.760000 0.006097
9 -3.740000 0.005440
9 -3.720000 0.004831
9 -3.700000 0.004265
9 -3.680000 0.003744
9 -3.660000 0.003263
9 -3.640000 0.002845
9 -3.620000 0.002457
9 -3.600000 0.002115
9 -3.580000 0.001818
9 -3.560000 0.001543
9 -3.540000 0.001301
9 -3.520000 0.001090
9 -3.500000 0.000915
9 -3.480000 0.000758
9 -3.460000 0.000622
9 -3.440001 0.000512
9 -3.420000 0.000416
9 -3.400001 0.000335
9 -3.380000 0.000268
9 -3.360001 0.000215
9 -3.340000 0.000170
9 -3.320001 0.000131
9 -3.300000 0.000104
9 -3.280000 0.000079
9 -3.260000 0.000061
9 -3.240000 0.000047
9 -3.220000 0.000036
9 -3.200000 0.000027
9 -3.180000 0.000020
9 -3.160000 0.000014
9 -3.140000 0.000011
9 -3.120000 0.000008
9 -3.100000 0.000005
9 -3.080000 0.000004
9 -3.060000 0.000003
9 -3.040000 0.000002
9 -3.020000 0.000001
10 -6.400000 0.000001
10 -6.380000 0.000002
10 -6.360000 0.000002
10 -6.340000 0.000003
10 -6.320000 0.000003
10 -6.300000 0.000004
10 -6.280000 0.000005
10 -6.260000 0.000006
10 -6.240000 0.000008
10 -6.220000 0.000009
10 -6.200000 0.000011
10 -6.180000 0.000014
10 -6.160000 0.000016
10 -6.140000 0.000020
10 -6.120000 0.000023
10 -6.100000 0.000027
10 -6.080000 0.000032
10 -6.060000 0.000038
10 -6.040000 0.000045
10 -6.020000 0.000052
10 -6.000000 0.000060
10 -5.980000 0.000069
10 -5.960000 0.000080
10 -5.940000 0.000092
10 -5.920000 0.000104
10 -5.900000 0.000117
10 -5.880000 0.000133
10 -5.860000 0.000149
10 -5.840000 0.000165
10 -5.820000 0.000186
10 -5.800000 0.000205
10 -5.780000 0.000226
10 -5.760000 0.000249
10 -5.740000 0.000272
10 -5.720000 0.000299
10 -5.700000 0.000325
10 -5.680000 0.000355
10 -5.660000 0.000386
10 -5.640000 0.000419
10 -5.620000 0.000454
10 -5.600000 0.000493
10 -5.580000 0.000533
10 -5.560000 0.000581
10 -5.540000 0.000625
10 -5.520000 0.000684
10 -5.500000 0.000740
10 -5.480000 0.000812
10 -5.460000 0.000886
10 -5.440000 0.000968
10 -5.420000 0.001064
10 -5.400000 0.001170
10 -5.380000 0.001293
10 -5.360000 0.001417
10 -5.340000 0.001574
10 -5.320000 0.001725
10 -5.300000 0.001899
10 -5.280000 0.002092
10 -5.260000 0.002298
10 -5.240000 0.002516
10 -5.220000 0.002766
10 -5.200000 0.003013
10 -5.180000 0.003280
10 -5.160000 0.003568
10 -5.140000 0.003880
10 -5.120000 0.004187
10 -5.100000 0.004544
10 -5.080000 0.004875
10 -5.060000 0.005232
10 -5.040000 0.005608
10 -5.020000 0.005978
10 -5.000000 0.006377
10 -4.980000 0.006789
10 -4.960000 0.007227
10 -4.940000 0.007660
10 -4.920000 0.008112
10 -4.900000 0.008544
10 -4.880000 0.009015
10 -4.860000 0.009499
10 -4.840000 0.009958
10 -4.820000 0.010489
10 -4.800000 0.011010
10 -4.780000 0.011532
10 -4.760000 0.012084
10 -4.740000 0.012565
10 -4.720000 0.013111
10 -4.700000 0.013699
10 -4.680000 0.014206
10 -4.660000 0.014820
10 -4.640000 0.015351
10 -4.620000 0.015940
10 -4.600000 0.016440
10 -4.580000 0.017000
10 -4.560000 0.017550
10 -4.540000 0.018196
10 -4.520000 0.018686
10 -4.500000 0.019210
10 -4.480000 0.019658
10 -4.460000 0.020006
10 -4.440000 0.020356
10 -4.420000 0.020622
10 -4.400000 0.020904
10 -4.380000 0.021129
10 -4.360000 0.021328
10 -4.340000 0.021486
10 -4.320000 0.021510
10 -4.300000 0.021441
10 -4.280000 0.021275
10 -4.260000 0.021079
10 -4.240000 0.020770
10 -4.220000 0.020460
10 -4.200000 0.020097
10 -4.180000 0.019572
10 -4.160000 0.019093
10 -4.140000 0.018533
10 -4.120000 0.017828
10 -4.100000 0.017062
10 -4.080000 0.016408
10 -4.060000 0.015640
10 -4.040000 0.014830
10 -4.020000 0.013880
10 -4.000000 0.013237
10 -3.980000 0.012342
10 -3.960000 0.011472
10 -3.940001 0.010682
10 -3.920000 0.009881
10 -3.900001 0.009044
10 -3.880000 0.008269
10 -3.860001 0.007533
10 -3.840000 0.006780
10 -3.820001 0.006129
10 -3.800000 0.005475
10 -3.780000 0.004872
10 -3.760000 0.004284
10 -3.740000 0.003750
10 -3.720000 0.003291
10 -3.700000 0.002850
10 -3.680000 0.002465
10 -3.660000 0.002119
10 -3.640000 0.001817
10 -3.620000 0.001546
10 -3.600000 0.001304
10 -3.580000 0.001093
10 -3.560000 0.000914
10 -3.540000 0.000757
10 -3.520000 0.000621
10 -3.500000 0.000510
10 -3.480000 0.000416
10 -3.460000 0.000333
10 -3.440001 0.000269
10 -3.420000 0.000214
10 -3.400001 0.000168
10 -3.380000 0.000132
10 -3.360001 0.000102
10 -3.340000 0.000080
10 -3.320001 0.000061
10 -3.300000 0.000047
10 -3.280000 0.000035
10 -3.260000 0.000027
10 -3.240000 0.000020
10 -3.220000 0.000014
10 -3.200000 0.000010
10 -3.180000 0.000008
10 -3.160000 0.000005
10 -3.140000 0.000004
10 -3.120000 0.000003
10 -3.100000 0.000002
10 -3.080000 0.000001
11 -6.260000 0.000001
11 -6.240000 0.000001
11 -6.220000 0.000002
11 -6.200000 0.000002
11 -6.180000 0.000003
11 -6.160000 0.000004
11 -6.140000 0.000005
11 -6.120000 0.000006
11 -6.100000 0.000007
11 -6.080000 0.000009
11 -6.060000 0.000011
11 -6.040000 0.000013
11 -6.020000 0.000015
11 -6.000000 0.000018
11 -5.980000 0.000022
11 -5.960000 0.000026
11 -5.940000 0.000031
11 -5.920000 0.000036
11 -5.900000 0.000043
11 -5.880000 0.000050
11 -5.860000 0.000057
11 -5.840000 0.000066
11 -5.820000 0.000076
11 -5.800000 0.000089
11 -5.780000 0.000100
11 -5.760000 0.000114
11 -5.740000 0.000128
11 -5.720000 0.000144
11 -5.700000 0.000161
11 -5.680000 0.000179
11 -5.660000 0.000200
11 -5.640000 0.000221
11 -5.620000 0.000243
11 -5.600000 0.000266
11 -5.580000 0.000292
11 -5.560000 0.000320
11 -5.540000 0.000348
11 -5.520000 0.000379
11 -5.500000 0.000412
11 -5.480000 0.000448
11 -5.460000 0.000485
11 -5.440000 0.000526
11 -5.420000 0.000569
11 -5.400000 0.000620
11 -5.380000 0.000674
11 -5.360000 0.000734
11 -5.340000 0.000800
11 -5.320000 0.000875
11 -5.300000 0.000958
11 -5.280000 0.001051
11 -5.260000 0.001157
11 -5.240000 0.001274
11 -5.220000 0.001411
11 -5.200000 0.001556
11 -5.180000 0.001708
11 -5.160000 0.001884
11 -5.140000 0.002076
11 -5.120000 0.002282
11 -5.100000 0.002505
11 -5.080000 0.002745
11 -5.060000 0.002999
11 -5.040000 0.003262
11 -5.020000 0.003558
11 -5.000000 0.003851
11 -4.980000 0.004189
11 -4.960000 0.004511
11 -4.940000 0.004880
11 -4.920000 0.005215
11 -4.900000 0.005605
11 -4.880000 0.005971
11 -4.860000 0.006376
11 -4.840000 0.006775
11 -4.820000 0.007230
11 -4.800000 0.007667
11 -4.780000 0.008123
11 -4.760000 0.008551
11 -4.740000 0.009026
11 -4.720000 0.009482
11 -4.700000 0.009994
11 -4.680000 0.010497
11 -4.660000 0.011044
11 -4.640000 0.011588
11 -4.620000 0.012094
11 -4.600000 0.012605
11 -4.580000 0.013147
11 -4.560000 0.013695
11 -4.540000 0.014282
11 -4.520000 0.014844
11 -4.500000 0.015414
11 -4.480000 0.015991
11 -4.460000 0.016502
11 -4.440000 0.017058
11 -4.420000 0.017634
11 -4.400000 0.018203
11 -4.380000 0.018762
11 -4.360000 0.019299
11 -4.340000 0.019736
11 -4.320000 0.020133
11 -4.300000 0.020442
11 -4.280000 0.020729
11 -4.260000 0.020945
11 -4.240000 0.021219
11 -4.220000 0.021433
11 -4.200000 0.021542
11 -4.180000 0.021628
11 -4.160000 0.021529
11 -4.140000 0.021370
11 -4.120000 0.021117
11 -4.100000 0.020908
11 -4.080000 0.020530
11 -4.060000 0.020154
11 -4.040000 0.019627
11 -4.020000 0.019117
11 -4.000000 0.018474
11 -3.980000 0.017870
11 -3.960000 0.017156
11 -3.940001 0.016393
11 -3.920000 0.015555
11 -3.900001 0.014792
11 -3.880000 0.013960
11 -3.860001 0.013110
11 -3.840000 0.012271
11 -3.820001 0.011446
11 -3.800000 0.010611
11 -3.780000 0.009799
11 -3.760000 0.008966
11 -3.740000 0.008206
11 -3.720000 0.007422
11 -3.700000 0.006729
11 -3.680000 0.006036
11 -3.660000 0.005413
11 -3.640000 0.004775
11 -3.620000 0.004205
11 -3.600000 0.003689
11 -3.580000 0.003214
11 -3.560000 0.002793
11 -3.540000 0.002406
11 -3.520000 0.002067
11 -3.500000 0.001771
11 -3.480000 0.001495
11 -3.460000 0.001269
11 -3.440001 0.001054
11 -3.420000 0.000881
11 -3.400001 0.000726
11 -3.380000 0.000597
11 -3.360001 0.000488
11 -3.340000 0.000395
11 -3.320001 0.000318
11 -3.300000 0.000253
11 -3.280000 0.000201
11 -3.260000 0.000158
11 -3.240000 0.000124
11 -3.220000 0.000096
11 -3.200000 0.000074
11 -3.180000 0.000056
11 -3.160000 0.000043
11 -3.140000 0.000032
11 -3.120000 0.000024
11 -3.100000 0.000018
11 -3.080000 0.000013
11 -3.060000 0.000009
11 -3.040000 0.000007
11 -3.020000 0.000005
11 -3.000000 0.000003
11 -2.980000 0.000002
11 -2.960000 0.000002
11 -2.940001 0.000001
12 -6.400000 0.000001
12 -6.380000 0.000002
12 -6.360000 0.000002
12 -6.340000 0.000003
12 -6.320000 0.000003
12 -6.300000 0.000004
12 -6.280000 0.000005
12 -6.260000 0.000006
12 -6.240000 0.000008
12 -6.220000 0.000010
12 -6.200000 0.000012
12 -6.180000 0.000014
12 -6.160000 0.000017
12 -6.140000 0.000020
12 -6.120000 0.000023
12 -6.100000 0.000028
12 -6.080000 0.000033
12 -6.060000 0.000039
12 -6.040000 0.000046
12 -6.020000 0.000053
12 -6.000000 0.000061
12 -5.980000 0.000071
12 -5.960000 0.000082
12 -5.940000 0.000094
12 -5.920000 0.000106
12 -5.900000 0.000121
12 -5.880000 0.000136
12 -5.860000 0.000152
12 -5.840000 0.000169
12 -5.820000 0.000188
12 -5.800000 0.000208
12 -5.780000 0.000231
12 -5.760000 0.000253
12 -5.740000 0.000277
12 -5.720000 0.000305
12 -5.700000 0.000331
12 -5.680000 0.000360
12 -5.660000 0.000391
12 -5.640000 0.000425
12 -5.620000 0.000463
12 -5.600000 0.000499
12 -5.580000 0.000541
12 -5.560000 0.000587
12 -5.540000 0.000638
12 -5.520000 0.000695
12 -5.500000 0.000758
12 -5.480000 0.000826
12 -5.460000 0.000902
12 -5.440000 0.000993
12 -5.420000 0.001089
12 -5.400000 0.001201
12 -5.380000 0.001321
12 -5.360000 0.001460
12 -5.340000 0.001611
12 -5.320000 0.001775
12 -5.300000 0.001951
12 -5.280000 0.002147
12 -5.260000 0.002366
12 -5.240000 0.002589
12 -5.220000 0.002843
12 -5.200000 0.003091
12 -5.180000 0.003376
12 -5.160000 0.003648
12 -5.140000 0.003982
12 -5.120000 0.004298
12 -5.100000 0.004635
12 -5.080000 0.004997
12 -5.060000 0.005339
12 -5.040000 0.005736
12 -5.020000 0.006111
12 -5.000000 0.006519
12 -4.980000 0.006926
12 -4.960000 0.007366
12 -4.940000 0.007818
12 -4.920000 0.008249
12 -4.900000 0.008716
12 -4.880000 0.009191
12 -4.860000 0.009635
12 -4.840000 0.010156
12 -4.820000 0.010685
12 -4.800000 0.011199
12 -4.780000 0.011737
12 -4.760000 0.012260
12 -4.740000 0.012780
12 -4.720000 0.013319
12 -4.700000 0.013877
12 -4.680000 0.014446
12 -4.660000 0.015055
12 -4.640000 0.015571
12 -4.620000 0.016176
12 -4.600000 0.016654
12 -4.580000 0.017248
12 -4.560000 0.017815
12 -4.540000 0.018408
12 -4.520000 0.018930
12 -4.500000 0.019422
12 -4.480000 0.019866
12 -4.460000 0.020187
12 -4.440000 0.020507
12 -4.420000 0.020844
12 -4.400000 0.020992
12 -4.380000 0.021279
12 -4.360000 0.021469
12 -4.340000 0.021544
12 -4.320000 0.021585
12 -4.300000 0.021450
12 -4.280000 0.021290
12 -4.260000 0.021043
12 -4.240000 0.020737
12 -4.220000 0.020328
12 -4.200000 0.019914
12 -4.180000 0.019458
12 -4.160000 0.018910
12 -4.140000 0.018307
12 -4.120000 0.017576
12 -4.100000 0.016805
12 -4.080000 0.016140
12 -4.060000 0.015330
12 -4.040000 0.014462
12 -4.020000 0.013680
12 -4.000000 0.012861
12 -3.980000 0.011967
12 -3.960000 0.011171
12 -3.940001 0.010351
12 -3.920000 0.009538
12 -3.900001 0.008755
12 -3.880000 0.007931
12 -3.860001 0.007227
12 -3.840000 0.006522
12 -3.820001 0.005843
12 -3.800000 0.005213
12 -3.780000 0.004627
12 -3.760000 0.004053
12 -3.740000 0.003562
12 -3.720000 0.003087
12 -3.700000 0.002681
12 -3.680000 0.002315
12 -3.660000 0.001992
12 -3.640000 0.001696
12 -3.620000 0.001439
12 -3.600000 0.001212
12 -3.580000 0.001009
12 -3.560000 0.000847
12 -3.540000 0.000693
12 -3.520000 0.000571
12 -3.500000 0.000465
12 -3.480000 0.000377
12 -3.460000 0.000303
12 -3.440001 0.000243
12 -3.420000 0.000192
12 -3.400001 0.000151
12 -3.380000 0.000117
12 -3.360001 0.000091
12 -3.340000 0.000070
12 -3.320001 0.000054
12 -3.300000 0.000041
12 -3.280000 0.000031
12 -3.260000 0.000023
12 -3.240000 0.000017
12 -3.220000 0.000012
12 -3.200000 0.000009
12 -3.180000 0.000006
12 -3.160000 0.000005
12 -3.140000 0.000003
12 -3.120000 0.000002
12 -3.100000 0.000002
12 -3.080000 0.000001
13 -6.460000 0.000001
13 -6.440000 0.000001
13 -6.420000 0.000002
13 -6.400000 0.000002
13 -6.380000 0.000003
13 -6.360000 0.000004
13 -6.340000 0.000005
13 -6.320000 0.000006
13 -6.300000 0.000007
13 -6.280000 0.000009
13 -6.260000 0.000011
13 -6.240000 0.000013
13 -6.220000 0.000016
13 -6.200000 0.000019
13 -6.180000 0.000022
13 -6.160000 0.000026
13 -6.140000 0.000031
13 -6.120000 0.000037
13 -6.100000 0.000044
13 -6.080000 0.000051
13 -6.060000 0.000059
13 -6.040000 0.000068
13 -6.020000 0.000078
13 -6.000000 0.000090
13 -5.980000 0.000103
13 -5.960000 0.000116
13 -5.940000 0.000132
13 -5.920000 0.000147
13 -5.900000 0.000165
13 -5.880000 0.000183
13 -5.860000 0.000204
13 -5.840000 0.000224
13 -5.820000 0.000246
13 -5.800000 0.000270
13 -5.780000 0.000297
13 -5.760000 0.000323
13 -5.740000 0.000353
13 -5.720000 0.000381
13 -5.700000 0.000414
13 -5.680000 0.000451
13 -5.660000 0.000485
13 -5.640000 0.000530
13 -5.620000 0.000573
13 -5.600000 0.000622
13 -5.580000 0.000676
13 -5.560000 0.000738
13 -5.540000 0.000807
13 -5.520000 0.000880
13 -5.500000 0.000964
13 -5.480000 0.001063
13 -5.460000 0.001172
13 -5.440000 0.001288
13 -5.420000 0.001423
13 -5.400000 0.001573
13 -5.380000 0.001729
13 -5.360000 0.001908
13 -5.340000 0.002101
13 -5.320000 0.002308
13 -5.300000 0.002534
13 -5.280000 0.002776
13 -5.260000 0.003033
13 -5.240000 0.003295
13 -5.220000 0.003588
13 -5.200000 0.003903
13 -5.180000 0.004222
13 -5.160000 0.004551
13 -5.140000 0.004916
13 -5.120000 0.005259
13 -5.100000 0.005634
13 -5.080000 0.006017
13 -5.060000 0.006400
13 -5.040000 0.006836
13 -5.020000 0.007258
13 -5.000000 0.007709
13 -4.980000 0.008158
13 -4.960000 0.008603
13 -4.940000 0.009049
13 -4.920000 0.009558
13 -4.900000 0.010022
13 -4.880000 0.010536
13 -4.860000 0.011086
13 -4.840000 0.011637
13 -4.820000 0.012123
13 -4.800000 0.012654
13 -4.780000 0.013195
13 -4.760000 0.013740
13 -4.740000 0.014340
13 -4.720000 0.014898
13 -4.700000 0.015495
13 -4.680000 0.016031
13 -4.660000 0.016588
13 -4.640000 0.017126
13 -4.620000 0.017711
13 -4.600000 0.018284
13 -4.580000 0.018818
13 -4.560000 0.019342
13 -4.540000 0.019785
13 -4.520000 0.020181
13 -4.500000 0.020441
13 -4.480000 0.020784
13 -4.460000 0.020983
13 -4.440000 0.021262
13 -4.420000 0.021469
13 -4.400000 0.021577
13 -4.380000 0.021565
13 -4.360000 0.021519
13 -4.340000 0.021343
13 -4.320000 0.021106
13 -4.300000 0.020776
13 -4.280000 0.020441
13 -4.260000 0.020078
13 -4.240000 0.019556
13 -4.220000 0.019023
13 -4.200000 0.018354
13 -4.180000 0.017744
13 -4.160000 0.017070
13 -4.140000 0.016201
13 -4.120000 0.015451
13 -4.100000 0.014694
13 -4.080000 0.013832
13 -4.060000 0.012959
13 -4.040000 0.012216
13 -4.020000 0.011331
13 -4.000000 0.010466
13 -3.980000 0.009745
13 -3.960000 0.008860
13 -3.940001 0.008153
13 -3.920000 0.007368
13 -3.900001 0.006641
13 -3.880000 0.006020
13 -3.860001 0.005322
13 -3.840000 0.004783
13 -3.820001 0.004163
13 -3.800000 0.003680
13 -3.780000 0.003190
13 -3.760000 0.002788
13 -3.740000 0.002400
13 -3.720000 0.002072
13 -3.700000 0.001769
13 -3.680000 0.001507
13 -3.660000 0.001269
13 -3.640000 0.001065
13 -3.620000 0.000887
13 -3.600000 0.000734
13 -3.580000 0.000606
13 -3.560000 0.000495
13 -3.540000 0.000403
13 -3.520000 0.000325
13 -3.500000 0.000260
13 -3.480000 0.000208
13 -3.460000 0.000163
13 -3.440001 0.000127
13 -3.420000 0.000099
13 -3.400001 0.000077
13 -3.380000 0.000059
13 -3.360001 0.000045
13 -3.340000 0.000034
13 -3.320001 0.000026
13 -3.300000 0.000019
13 -3.280000 0.000014
13 -3.260000 0.000010
13 -3.240000 0.000007
13 -3.220000 0.000005
13 -3.200000 0.000004
13 -3.180000 0.000003
13 -3.160000 0.000002
13 -3.140000 0.000001
0 -2.060000 0.000002
0 -2.040000 0.000008
0 -2.020000 0.000037
0 -2.000000 0.000141
0 -1.980000 0.000451
0 -1.960000 0.001246
0 -1.940001 0.003058
0 -1.920000 0.006702
0 -1.900001 0.013288
0 -1.880000 0.023904
0 -1.860001 0.039247
0 -1.840000 0.059008
0 -1.820001 0.081079
0 -1.800000 0.101945
0 -1.780001 0.116946
0 -1.760000 0.123265
0 -1.740000 0.117567
0 -1.720000 0.101843
0 -1.700000 0.079246
0 -1.680000 0.055958
0 -1.660000 0.035658
0 -1.640000 0.020593
0 -1.620000 0.010708
0 -1.600000 0.004976
0 -1.580000 0.002053
0 -1.560000 0.000745
0 -1.540000 0.000238
0 -1.520000 0.000067
0 -1.500000 0.000016
0 -1.480000 0.000004
1 -1.600000 0.000004
1 -1.580000 0.000014
1 -1.560000 0.000047
1 -1.540000 0.000130
1 -1.520000 0.000315
1 -1.500000 0.000676
1 -1.480000 0.001317
1 -1.460000 0.002376
1 -1.440001 0.004022
1 -1.420000 0.006470
1 -1.400001 0.009892
1 -1.380000 0.014379
1 -1.360001 0.020004
1 -1.340000 0.026470
1 -1.320001 0.033819
1 -1.300000 0.041721
1 -1.280001 0.049698
1 -1.260000 0.057084
1 -1.240000 0.063522
1 -1.220000 0.068603
1 -1.200000 0.072501
1 -1.180000 0.074797
1 -1.160000 0.074285
1 -1.140000 0.070297
1 -1.120000 0.063781
1 -1.100000 0.055792
1 -1.080000 0.046633
1 -1.060000 0.037674
1 -1.040000 0.029362
1 -1.020000 0.022225
1 -1.000000 0.016618
1 -0.980000 0.011965
1 -0.960000 0.008355
1 -0.940001 0.005650
1 -0.920000 0.003754
1 -0.900001 0.002388
1 -0.880000 0.001475
1 -0.860001 0.000874
1 -0.840000 0.000496
1 -0.820001 0.000270
1 -0.800000 0.000137
1 -0.780001 0.000064
1 -0.760000 0.000028
1 -0.740001 0.000011
1 -0.720000 0.000004
1 -0.700000 0.000001
2 -0.380000 0.000002
2 -0.360001 0.000008
2 -0.340000 0.000023
2 -0.320001 0.000059
2 -0.300000 0.000130
2 -0.280001 0.000256
2 -0.260000 0.000455
2 -0.240001 0.000754
2 -0.220000 0.001175
2 -0.200000 0.001749
2 -0.180000 0.002539
2 -0.160000 0.003584
2 -0.140000 0.004955
2 -0.120000 0.006660
2 -0.100000 0.008801
2 -0.080000 0.011381
2 -0.060000 0.014248
2 -0.040000 0.017531
2 -0.020000 0.021005
2 0.000000 0.024505
2 0.020000 0.028472
2 0.040000 0.032200
2 0.059999 0.036202
2 0.080000 0.040157
2 0.099999 0.043213
2 0.120000 0.046092
2 0.139999 0.048347
2 0.160000 0.049908
2 0.179999 0.051688
2 0.200000 0.053129
2 0.219999 0.052732
2 0.240000 0.051248
2 0.259999 0.048303
2 0.280000 0.044751
2 0.300000 0.041060
2 0.320000 0.036783
2 0.340000 0.032185
2 0.360000 0.027697
2 0.380000 0.023332
2 0.400000 0.019501
2 0.420000 0.015860
2 0.440000 0.013178
2 0.460000 0.010590
2 0.480000 0.008362
2 0.500000 0.006458
2 0.520000 0.005010
2 0.540000 0.003828
2 0.559999 0.002888
2 0.580000 0.002120
2 0.599999 0.001567
2 0.620000 0.001097
2 0.639999 0.000774
2 0.660000 0.000527
2 0.679999 0.000356
2 0.700000 0.000233
2 0.719999 0.000148
2 0.740000 0.000087
2 0.759999 0.000049
2 0.780000 0.000025
2 0.799999 0.000012
2 0.820000 0.000005
2 0.840000 0.000002
3 -1.640000 0.000002
3 -1.620000 0.000007
3 -1.600000 0.000025
3 -1.580000 0.000072
3 -1.560000 0.000181
3 -1.540000 0.000396
3 -1.520000 0.000782
3 -1.500000 0.001420
3 -1.480000 0.002404
3 -1.460000 0.003888
3 -1.440001 0.005977
3 -1.420000 0.008795
3 -1.400001 0.012416
3 -1.380000 0.016788
3 -1.360001 0.021751
3 -1.340000 0.027037
3 -1.320001 0.032695
3 -1.300000 0.038583
3 -1.280001 0.044336
3 -1.260000 0.049711
3 -1.240000 0.054129
3 -1.220000 0.058218
3 -1.200000 0.061269
3 -1.180000 0.063637
3 -1.160000 0.064655
3 -1.140000 0.063261
3 -1.120000 0.059668
3 -1.100000 0.054634
3 -1.080000 0.048842
3 -1.060000 0.042345
3 -1.040000 0.035660
3 -1.020000 0.029128
3 -1.000000 0.023410
3 -0.980000 0.018411
3 -0.960000 0.014478
3 -0.940001 0.011077
3 -0.920000 0.008338
3 -0.900001 0.006185
3 -0.880000 0.004612
3 -0.860001 0.003354
3 -0.840000 0.002419
3 -0.820001 0.001705
3 -0.800000 0.001173
3 -0.780001 0.000793
3 -0.760000 0.000522
3 -0.740001 0.000338
3 -0.720000 0.000211
3 -0.700000 0.000126
3 -0.680000 0.000071
3 -0.660000 0.000038
3 -0.640000 0.000018
3 -0.620000 0.000008
3 -0.600000 0.000003
3 -0.580000 0.000001
4 -2.080000 0.000004
4 -2.060000 0.000015
4 -2.040000 0.000054
4 -2.020000 0.000163
4 -2.000000 0.000420
4 -1.980000 0.000960
4 -1.960000 0.001991
4 -1.940001 0.003782
4 -1.920000 0.006663
4 -1.900001 0.010988
4 -1.880000 0.017077
4 -1.860001 0.024841
4 -1.840000 0.034337
4 -1.820001 0.045261
4 -1.800000 0.056695
4 -1.780001 0.067659
4 -1.760000 0.076729
4 -1.740000 0.083921
4 -1.720000 0.088556
4 -1.700000 0.088814
4 -1.680000 0.084438
4 -1.660000 0.075732
4 -1.640000 0.063641
4 -1.620000 0.050785
4 -1.600000 0.038383
4 -1.580000 0.027769
4 -1.560000 0.019245
4 -1.540000 0.012831
4 -1.520000 0.008041
4 -1.500000 0.004801
4 -1.480000 0.002704
4 -1.460000 0.001432
4 -1.440001 0.000714
4 -1.420000 0.000331
4 -1.400001 0.000141
4 -1.380000 0.000054
4 -1.360001 0.000019
4 -1.340000 0.000006
4 -1.320001 0.000002
5 -2.380000 0.000002
5 -2.360001 0.000009
5 -2.340000 0.000039
5 -2.320001 0.000140
5 -2.300000 0.000427
5 -2.280001 0.001125
5 -2.260000 0.002642
5 -2.240000 0.005612
5 -2.220000 0.010770
5 -2.200000 0.018993
5 -2.180000 0.030819
5 -2.160000 0.046350
5 -2.140000 0.064606
5 -2.120000 0.083185
5 -2.100000 0.099355
5 -2.080000 0.110227
5 -2.060000 0.114201
5 -2.040000 0.108449
5 -2.020000 0.094044
5 -2.000000 0.074436
5 -1.980000 0.053980
5 -1.960000 0.035766
5 -1.940001 0.021821
5 -1.920000 0.012242
5 -1.900001 0.006215
5 -1.880000 0.002821
5 -1.860001 0.001143
5 -1.840000 0.000409
5 -1.820001 0.000129
5 -1.800000 0.000036
5 -1.780001 0.000009
5 -1.760000 0.000002
6 -0.680000 0.000002
6 -0.660000 0.000007
6 -0.640000 0.000020
6 -0.620000 0.000050
6 -0.600000 0.000110
6 -0.580000 0.000216
6 -0.560000 0.000384
6 -0.540000 0.000638
6 -0.520000 0.001001
6 -0.500000 0.001493
6 -0.480000 0.002160
6 -0.460000 0.003058
6 -0.440001 0.004223
6 -0.420000 0.005705
6 -0.400001 0.007546
6 -0.380000 0.009812
6 -0.360001 0.012503
6 -0.340000 0.015472
6 -0.320001 0.018854
6 -0.300000 0.022366
6 -0.280001 0.026103
6 -0.260000 0.029983
6 -0.240001 0.033985
6 -0.220000 0.038055
6 -0.200000 0.041548
6 -0.180000 0.044530
6 -0.160000 0.047358
6 -0.140000 0.049171
6 -0.120000 0.051294
6 -0.100000 0.052961
6 -0.080000 0.053668
6 -0.060000 0.052351
6 -0.040000 0.050286
6 -0.020000 0.047040
6 0.000000 0.043257
6 0.020000 0.039455
6 0.040000 0.034775
6 0.059999 0.030376
6 0.080000 0.025929
6 0.099999 0.021830
6 0.120000 0.018113
6 0.139999 0.014858
6 0.160000 0.012144
6 0.179999 0.009593
6 0.200000 0.007325
6 0.219999 0.005515
6 0.240000 0.004058
6 0.259999 0.002917
6 0.280000 0.002050
6 0.300000 0.001408
6 0.320000 0.000941
6 0.340000 0.000609
6 0.360000 0.000385
6 0.380000 0.000235
6 0.400000 0.000136
6 0.420000 0.000074
6 0.440000 0.000036
6 0.460000 0.000017
6 0.480000 0.000007
6 0.500000 0.000002
7 -3.680000 0.000004
7 -3.660000 0.000022
7 -3.640000 0.000101
7 -3.620000 0.000386
7 -3.600000 0.001241
7 -3.580000 0.003446
7 -3.560000 0.008344
7 -3.540000 0.017781
7 -3.520000 0.033677
7 -3.500000 0.056539
7 -3.480000 0.084726
7 -3.460000 0.112362
7 -3.440001 0.133302
7 -3.420000 0.140504
7 -3.400001 0.130401
7 -3.380000 0.106373
7 -3.360001 0.076308
7 -3.340000 0.047965
7 -3.320001 0.026281
7 -3.300000 0.012564
7 -3.280000 0.005147
7 -3.260000 0.001815
7 -3.240000 0.000539
7 -3.220000 0.000135
7 -3.200000 0.000029
7 -3.180000 0.000005
8 -4.460000 0.000004
8 -4.440000 0.000029
8 -4.420000 0.000157
8 -4.400000 0.000690
8 -4.380000 0.002508
8 -4.360000 0.007555
8 -4.340000 0.019242
8 -4.320000 0.041075
8 -4.300000 0.074272
8 -4.280000 0.113673
8 -4.260000 0.147424
8 -4.240000 0.161725
8 -4.220000 0.150510
8 -4.200000 0.118784
8 -4.180000 0.080226
8 -4.160000 0.045777
8 -4.140000 0.022332
8 -4.120000 0.009337
8 -4.100000 0.003331
8 -4.080000 0.001013
8 -4.060000 0.000265
8 -4.040000 0.000059
8 -4.020000 0.000011
8 -4.000000 0.000002
9 -4.620000 0.000003
9 -4.600000 0.000025
9 -4.580000 0.000150
9 -4.560000 0.000722
9 -4.540000 0.002816
9 -4.520000 0.008956
9 -4.500000 0.023361
9 -4.480000 0.050575
9 -4.460000 0.090259
9 -4.440000 0.133933
9 -4.420000 0.164404
9 -4.400000 0.168000
9 -4.380000 0.143136
9 -4.360000 0.102090
9 -4.340000 0.061172
9 -4.320000 0.030711
9 -4.300000 0.013091
9 -4.280000 0.004704
9 -4.260000 0.001427
9 -4.240000 0.000367
9 -4.220000 0.000081
9 -4.200000 0.000015
9 -4.180000 0.000002
10 -4.680000 0.000003
10 -4.660000 0.000023
10 -4.640000 0.000138
10 -4.620000 0.000668
10 -4.600000 0.002623
10 -4.580000 0.008408
10 -4.560000 0.022065
10 -4.540000 0.048218
10 -4.520000 0.086765
10 -4.500000 0.130242
10 -4.480000 0.162330
10 -4.460000 0.168134
10 -4.440000 0.145853
10 -4.420000 0.105661
10 -4.400000 0.064407
10 -4.380000 0.032935
10 -4.360000 0.014216
10 -4.340000 0.005194
10 -4.320000 0.001593
10 -4.300000 0.000413
10 -4.280000 0.000091
10 -4.260000 0.000017
10 -4.240000 0.000003
11 -4.540000 0.000005
11 -4.520000 0.000034
11 -4.500000 0.000188
11 -4.480000 0.000845
11 -4.460000 0.003109
11 -4.440000 0.009451
11 -4.420000 0.023807
11 -4.400000 0.050004
11 -4.380000 0.088010
11 -4.360000 0.129694
11 -4.340000 0.159898
11 -4.320000 0.165427
11 -4.300000 0.143507
11 -4.280000 0.104877
11 -4.260000 0.064579
11 -4.240000 0.033726
11 -4.220000 0.014890
11 -4.200000 0.005575
11 -4.180000 0.001766
11 -4.160000 0.000474
11 -4.140000 0.000108
11 -4.120000 0.000021
11 -4.100000 0.000004
12 -4.680000 0.000008
12 -4.660000 0.000052
12 -4.640000 0.000278
12 -4.620000 0.001219
12 -4.600000 0.004320
12 -4.580000 0.012670
12 -4.560000 0.030598
12 -4.540000 0.061568
12 -4.520000 0.102712
12 -4.500000 0.143030
12 -4.480000 0.166262
12 -4.460000 0.161210
12 -4.440000 0.131447
12 -4.420000 0.090575
12 -4.400000 0.052172
12 -4.380000 0.025761
12 -4.360000 0.010773
12 -4.340000 0.003813
12 -4.320000 0.001155
12 -4.300000 0.000296
12 -4.280000 0.000065
12 -4.260000 0.000012
12 -4.240000 0.000002
13 -4.740000 0.000003
13 -4.720000 0.000026
13 -4.700000 0.000157
13 -4.680000 0.000764
13 -4.660000 0.003002
13 -4.640000 0.009541
13 -4.620000 0.024820
13 -4.600000 0.053091
13 -4.580000 0.093534
13 -4.560000 0.136478
13 -4.540000 0.165036
13 -4.520000 0.166025
13 -4.500000 0.139132
13 -4.480000 0.098651
13 -4.460000 0.058907
13 -4.440000 0.030183
13 -4.420000 0.013269
13 -4.400000 0.005046
13 -4.380000 0.001677
13 -4.360000 0.000491
13 -4.340000 0.000127
13 -4.320000 0.000029
13 -4.300000 0.000006
13 -4.280000 0.000001
