#logage PDFlogage age(Gyr) PDF
8.95 2.17756e-08 0.891251 1.0611e-08
8.96 4.08334e-08 0.912011 1.94446e-08
8.97 6.60896e-08 0.933255 3.07551e-08
8.98 9.20536e-08 0.954992 4.18625e-08
8.99 1.27028e-07 0.977237 5.64526e-08
9 1.75888e-07 1 7.63871e-08
9.01 2.46069e-07 1.02329 1.04434e-07
9.02 3.74135e-07 1.04713 1.55172e-07
9.03 3.66477e-06 1.07152 1.48536e-06
9.04 1.64426e-05 1.09648 6.5126e-06
9.05 3.8478e-05 1.12202 1.48935e-05
9.06 7.08494e-05 1.14815 2.67992e-05
9.07 0.000111542 1.1749 4.12309e-05
9.08 0.000155104 1.20226 5.60281e-05
9.09 0.000198906 1.23027 7.02153e-05
9.1 0.000248013 1.25893 8.55575e-05
9.11 0.000301858 1.28825 0.000101762
9.12 0.000364352 1.31826 0.000120035
9.13 0.000444108 1.34896 0.000142979
9.14 0.000536558 1.38038 0.000168811
9.15 0.000638779 1.41254 0.000196397
9.16 0.000762143 1.44544 0.000228992
9.17 0.000900136 1.47911 0.000264297
9.18 0.00106025 1.51356 0.000304223
9.19 0.00124722 1.54882 0.000349727
9.2 0.0014475 1.58489 0.000396645
9.21 0.00166709 1.62181 0.000446419
9.22 0.00189661 1.65959 0.00049632
9.23 0.00215642 1.69824 0.000551464
9.24 0.00244481 1.7378 0.000610983
9.25 0.00276496 1.77828 0.000675263
9.26 0.00310757 1.8197 0.00074166
9.27 0.0034634 1.86209 0.000807769
9.28 0.00379752 1.90546 0.000865534
9.29 0.00417736 1.94984 0.000930436
9.3 0.00455411 1.99526 0.00099126
9.31 0.00499246 2.04174 0.00106194
9.32 0.00542267 2.08929 0.00112719
9.33 0.0059 2.13796 0.0011985
9.34 0.00641911 2.18776 0.00127426
9.35 0.00693215 2.23872 0.00134478
9.36 0.00749436 2.29087 0.00142075
9.37 0.00809297 2.34423 0.00149931
9.38 0.00873315 2.39883 0.00158109
9.39 0.00928986 2.45471 0.00164359
9.4 0.00981514 2.51188 0.001697
9.41 0.0103569 2.57039 0.00174991
9.42 0.0107963 2.63027 0.00178262
9.43 0.0113432 2.69154 0.00183029
9.44 0.0120157 2.75423 0.00189467
9.45 0.012395 2.81838 0.00190999
9.46 0.0132966 2.88403 0.00200228
9.47 0.0142 2.95121 0.00208964
9.48 0.0150869 3.01995 0.00216962
9.49 0.0155605 3.09029 0.00218679
9.5 0.016244 3.16228 0.00223088
9.51 0.0168421 3.23594 0.00226037
9.52 0.0176686 3.31131 0.00231732
9.53 0.0182214 3.38844 0.00233542
9.54 0.0186428 3.46737 0.00233505
9.55 0.0192098 3.54814 0.0023513
9.56 0.0193871 3.63078 0.00231899
9.57 0.0196743 3.71535 0.00229976
9.58 0.0201446 3.80189 0.00230114
9.59 0.0206939 3.89045 0.00231008
9.6 0.0208 3.98108 0.00226907
9.61 0.0206696 4.0738 0.00220351
9.62 0.020805 4.16869 0.00216746
9.63 0.0211081 4.2658 0.00214898
9.64 0.0209834 4.36515 0.00208767
9.65 0.0208509 4.46683 0.00202726
9.66 0.020696 4.57088 0.0019664
9.67 0.0205617 4.67735 0.00190916
9.68 0.0202342 4.7863 0.00183599
9.69 0.0199577 4.89778 0.00176968
9.7 0.0195712 5.01187 0.0016959
9.71 0.0189284 5.12861 0.00160287
9.72 0.0185531 5.24808 0.00153533
9.73 0.0181837 5.37031 0.00147051
9.74 0.0178933 5.49541 0.00141408
9.75 0.0174273 5.62341 0.0013459
9.76 0.0167359 5.7544 0.00126309
9.77 0.0160984 5.88844 0.00118731
9.78 0.0154585 6.02559 0.00111417
9.79 0.0148903 6.16595 0.00104879
9.8 0.014186 6.30958 0.000976439
9.81 0.0134112 6.45653 0.000902099
9.82 0.0129588 6.60693 0.000851823
9.83 0.0121943 6.76083 0.000783321
9.84 0.011583 6.91831 0.000727117
9.85 0.0110665 7.07946 0.000678883
9.86 0.0105746 7.24435 0.00063394
9.87 0.0100893 7.4131 0.000591079
9.88 0.00956337 7.58578 0.000547514
9.89 0.00891796 7.76246 0.000498942
9.9 0.00789162 7.94328 0.00043147
9.91 0.0072914 8.1283 0.000389579
9.92 0.00687782 8.31764 0.000359116
9.93 0.00644604 8.51139 0.00032891
9.94 0.00597265 8.70963 0.000297818
9.95 0.00540293 8.91251 0.000263277
9.96 0.00492549 9.12011 0.000234549
9.97 0.00461311 9.33255 0.000214673
9.98 0.00430889 9.54992 0.000195952
9.99 0.00405979 9.77237 0.000180422
10 0.00379841 10 0.000164963
10.01 0.00353447 10.2329 0.000150006
10.02 0.00327666 10.4713 0.000135899
10.03 0.00303362 10.7152 0.000122955
10.04 0.00274416 10.9648 0.000108691
10.05 0.00248058 11.2202 9.60147e-05
10.06 0.00230736 11.4815 8.7277e-05
10.07 0.00214717 11.749 7.93692e-05
10.08 0.00199405 12.0226 7.20311e-05
10.09 0.00183951 12.3027 6.49363e-05
10.1 0.00166576 12.5893 5.7464e-05
10.11 0.00145605 12.8825 4.90864e-05
10.12 0.00130318 13.1826 4.29329e-05
10.13 0.00116355 13.4896 3.74602e-05
10.14 0.00106583 13.8038 3.35331e-05
