#logage PDFlogage age(Gyr) PDF
9.04 2.02963e-07 1.09648 8.03899e-08
9.05 7.74707e-07 1.12202 2.99862e-07
9.06 1.64282e-06 1.14815 6.21404e-07
9.07 1.98962e-06 1.1749 7.35452e-07
9.08 2.36856e-06 1.20226 8.55595e-07
9.09 2.83581e-06 1.23027 1.00106e-06
9.1 3.45472e-06 1.25893 1.19178e-06
9.11 4.39514e-06 1.28825 1.48169e-06
9.12 5.80352e-06 1.31826 1.91195e-06
9.13 7.56051e-06 1.34896 2.43408e-06
9.14 9.81593e-06 1.38038 3.08828e-06
9.15 1.27194e-05 1.41254 3.91068e-06
9.16 1.64089e-05 1.44544 4.93021e-06
9.17 2.09628e-05 1.47911 6.15507e-06
9.18 2.62849e-05 1.51356 7.54206e-06
9.19 3.29713e-05 1.54882 9.24529e-06
9.2 4.09353e-05 1.58489 1.12171e-05
9.21 5.07464e-05 1.62181 1.35891e-05
9.22 6.14188e-05 1.65959 1.60726e-05
9.23 7.49055e-05 1.69824 1.91557e-05
9.24 9.05801e-05 1.7378 2.26369e-05
9.25 0.000110006 1.77828 2.68658e-05
9.26 0.000133612 1.8197 3.18881e-05
9.27 0.000160169 1.86209 3.73562e-05
9.28 0.000187787 1.90546 4.28006e-05
9.29 0.000222138 1.94984 4.94775e-05
9.3 0.000260312 1.99526 5.66602e-05
9.31 0.000306815 2.04174 6.52622e-05
9.32 0.00036036 2.08929 7.49067e-05
9.33 0.000421395 2.13796 8.56e-05
9.34 0.000491189 2.18776 9.75064e-05
9.35 0.000568328 2.23872 0.000110251
9.36 0.000658926 2.29087 0.000124917
9.37 0.000721558 2.34423 0.000133677
9.38 0.000825414 2.39883 0.000149436
9.39 0.000941801 2.45471 0.000166627
9.4 0.00107003 2.51188 0.000185004
9.41 0.0012236 2.57039 0.00020674
9.42 0.00142395 2.63027 0.000235114
9.43 0.00161253 2.69154 0.00026019
9.44 0.0018262 2.75423 0.000287961
9.45 0.00204773 2.81838 0.000315542
9.46 0.00231249 2.88403 0.000348228
9.47 0.00260396 2.95121 0.000383193
9.48 0.00291119 3.01995 0.000418655
9.49 0.00323404 3.09029 0.000454496
9.5 0.00358758 3.16228 0.000492704
9.51 0.00399623 3.23594 0.000536333
9.52 0.00445058 3.31131 0.000583715
9.53 0.00487167 3.38844 0.000624399
9.54 0.00533481 3.46737 0.000668195
9.55 0.00586146 3.54814 0.000717447
9.56 0.00639717 3.63078 0.000765197
9.57 0.00687778 3.71535 0.000803957
9.58 0.00744616 3.80189 0.000850583
9.59 0.00809921 3.89045 0.000904121
9.6 0.00870409 3.98108 0.000949527
9.61 0.00932965 4.0738 0.000994604
9.62 0.0100472 4.16869 0.00104672
9.63 0.0105576 4.2658 0.00107485
9.64 0.0112839 4.36515 0.00112265
9.65 0.0120485 4.46683 0.00117143
9.66 0.0128688 4.57088 0.00122271
9.67 0.0134559 4.67735 0.00124938
9.68 0.0139698 4.7863 0.00126758
9.69 0.0147772 4.89778 0.00131032
9.7 0.0155785 5.01187 0.00134993
9.71 0.0161619 5.12861 0.0013686
9.72 0.0166841 5.24808 0.00138066
9.73 0.0172341 5.37031 0.00139371
9.74 0.0178014 5.49541 0.00140682
9.75 0.0182101 5.62341 0.00140636
9.76 0.0186882 5.7544 0.00141043
9.77 0.0192267 5.88844 0.00141804
9.78 0.0196844 6.02559 0.00141876
9.79 0.0202199 6.16595 0.00142418
9.8 0.020738 6.30958 0.00142742
9.81 0.0208433 6.45653 0.00140201
9.82 0.0209261 6.60693 0.00137554
9.83 0.0209014 6.76083 0.00134264
9.84 0.020935 6.91831 0.00131418
9.85 0.0210084 7.07946 0.00128877
9.86 0.020807 7.24435 0.00124737
9.87 0.0206801 7.4131 0.00121154
9.88 0.02077 7.58578 0.00118911
9.89 0.0208618 7.76246 0.00116717
9.9 0.0209103 7.94328 0.00114326
9.91 0.0209328 8.1283 0.00111844
9.92 0.020981 8.31764 0.0010955
9.93 0.0204446 8.51139 0.00104319
9.94 0.0197886 8.70963 0.000986732
9.95 0.0194156 8.91251 0.000946096
9.96 0.0190785 9.12011 0.000908509
9.97 0.0186141 9.33255 0.000866214
9.98 0.0182323 9.54992 0.000829137
9.99 0.0180572 9.77237 0.000802482
10 0.017756 10 0.000771132
10.01 0.0173861 10.2329 0.00073788
10.02 0.0169754 10.4713 0.000704052
10.03 0.0163442 10.7152 0.000662443
10.04 0.0159412 10.9648 0.000631402
10.05 0.0154081 11.2202 0.000596394
10.06 0.0148167 11.4815 0.000560448
10.07 0.0143781 11.749 0.000531481
10.08 0.0139004 12.0226 0.000502123
10.09 0.0133423 12.3027 0.000470993
10.1 0.0127925 12.5893 0.000441307
10.11 0.0121842 12.8825 0.000410752
10.12 0.0116176 13.1826 0.000382738
10.13 0.0110977 13.4896 0.000357286
10.14 0.0105747 13.8038 0.000332699
