#logage PDFlogage age(Gyr) PDF
8.94 1.32033e-08 0.870963 6.58366e-09
8.95 2.58221e-08 0.891251 1.25828e-08
8.96 4.33678e-08 0.912011 2.06515e-08
8.97 5.80577e-08 0.933255 2.70174e-08
8.98 8.15961e-08 0.954992 3.71069e-08
8.99 1.14065e-07 0.977237 5.06916e-08
9 1.60032e-07 1 6.95009e-08
9.01 2.22657e-07 1.02329 9.44977e-08
9.02 3.80659e-07 1.04713 1.57878e-07
9.03 7.28384e-06 1.07152 2.9522e-06
9.04 3.35655e-05 1.09648 1.32947e-05
9.05 7.07461e-05 1.12202 2.73834e-05
9.06 0.000116828 1.14815 4.41909e-05
9.07 0.000167782 1.1749 6.20199e-05
9.08 0.000218751 1.20226 7.90197e-05
9.09 0.000271454 1.23027 9.58254e-05
9.1 0.000332257 1.25893 0.000114619
9.11 0.00040008 1.28825 0.000134875
9.12 0.000480609 1.31826 0.000158335
9.13 0.00058318 1.34896 0.000187753
9.14 0.000701447 1.38038 0.000220689
9.15 0.000830258 1.41254 0.000255269
9.16 0.000986889 1.44544 0.000296519
9.17 0.00116281 1.47911 0.000341424
9.18 0.00137027 1.51356 0.000393178
9.19 0.00161098 1.54882 0.000451725
9.2 0.00185013 1.58489 0.000506976
9.21 0.00211643 1.62181 0.000566747
9.22 0.00239622 1.65959 0.000627062
9.23 0.00271167 1.69824 0.000693459
9.24 0.00305872 1.7378 0.000764407
9.25 0.00346233 1.77828 0.000845575
9.26 0.00387785 1.8197 0.000925498
9.27 0.00427487 1.86209 0.000997026
9.28 0.00464225 1.90546 0.00105807
9.29 0.00505646 1.94984 0.00112624
9.3 0.00549233 1.99526 0.00119548
9.31 0.00599349 2.04174 0.00127487
9.32 0.00648634 2.08929 0.00134829
9.33 0.00701318 2.13796 0.00142462
9.34 0.00759638 2.18776 0.00150796
9.35 0.00817737 2.23872 0.00158634
9.36 0.00880237 2.29087 0.00166872
9.37 0.00940348 2.34423 0.0017421
9.38 0.0101181 2.39883 0.00183182
9.39 0.0107141 2.45471 0.00189557
9.4 0.0113507 2.51188 0.0019625
9.41 0.0118972 2.57039 0.00201016
9.42 0.0123429 2.63027 0.00203798
9.43 0.0129039 2.69154 0.00208212
9.44 0.0135114 2.75423 0.00213052
9.45 0.0140345 2.81838 0.00216262
9.46 0.0149365 2.88403 0.00224923
9.47 0.0157907 2.95121 0.00232373
9.48 0.0165977 3.01995 0.00238689
9.49 0.0171408 3.09029 0.00240888
9.5 0.0176752 3.16228 0.00242744
9.51 0.0182278 3.23594 0.00244634
9.52 0.0189754 3.31131 0.00248872
9.53 0.0193741 3.38844 0.00248317
9.54 0.0197411 3.46737 0.00247261
9.55 0.0202671 3.54814 0.00248071
9.56 0.020282 3.63078 0.00242603
9.57 0.0204355 3.71535 0.00238874
9.58 0.0207764 3.80189 0.00237331
9.59 0.0211606 3.89045 0.00236217
9.6 0.0211427 3.98108 0.00230645
9.61 0.0209594 4.0738 0.00223441
9.62 0.0210183 4.16869 0.00218968
9.63 0.0211837 4.2658 0.00215669
9.64 0.0208489 4.36515 0.00207428
9.65 0.02049 4.46683 0.00199217
9.66 0.0202185 4.57088 0.00192103
9.67 0.0200283 4.67735 0.00185963
9.68 0.0195939 4.7863 0.00177789
9.69 0.0192371 4.89778 0.00170579
9.7 0.0187103 5.01187 0.0016213
9.71 0.0179813 5.12861 0.00152267
9.72 0.0175427 5.24808 0.00145171
9.73 0.0171438 5.37031 0.00138641
9.74 0.0167305 5.49541 0.00132219
9.75 0.0162079 5.62341 0.00125173
9.76 0.0153974 5.7544 0.00116207
9.77 0.0147357 5.88844 0.00108682
9.78 0.014108 6.02559 0.00101684
9.79 0.0134994 6.16595 0.000950818
9.8 0.0128435 6.30958 0.000884034
9.81 0.0121648 6.45653 0.000818254
9.82 0.0116505 6.60693 0.000765827
9.83 0.0108782 6.76083 0.000698784
9.84 0.0102223 6.91831 0.000641702
9.85 0.00966015 7.07946 0.000592608
9.86 0.0091435 7.24435 0.000548147
9.87 0.00863215 7.4131 0.000505712
9.88 0.00809238 7.58578 0.000463298
9.89 0.00751978 7.76246 0.000420717
9.9 0.00667189 7.94328 0.000364782
9.91 0.00615467 8.1283 0.000328844
9.92 0.00577161 8.31764 0.000301357
9.93 0.00540085 8.51139 0.000275579
9.94 0.00496693 8.70963 0.00024767
9.95 0.00447636 8.91251 0.000218127
9.96 0.00399619 9.12011 0.000190296
9.97 0.00371172 9.33255 0.000172727
9.98 0.00344197 9.54992 0.000156528
9.99 0.00320713 9.77237 0.000142528
10 0.00296841 10 0.000128917
10.01 0.00273024 10.2329 0.000115874
10.02 0.00250355 10.4713 0.000103834
10.03 0.00227012 10.7152 9.20095e-05
10.04 0.00202595 10.9648 8.02443e-05
10.05 0.00178305 11.2202 6.90159e-05
10.06 0.00164016 11.4815 6.20398e-05
10.07 0.00150896 11.749 5.5778e-05
10.08 0.00138561 12.0226 5.00524e-05
10.09 0.00125975 12.3027 4.44703e-05
10.1 0.00112943 12.5893 3.89623e-05
10.11 0.000992508 12.8825 3.34594e-05
10.12 0.000887826 13.1826 2.92491e-05
10.13 0.000798764 13.4896 2.5716e-05
10.14 0.000719161 13.8038 2.26262e-05
