#logTeff PDF
3.574 3.05729e-05
3.575 0.00010776
3.576 0.000268798
3.577 0.000624787
3.578 0.00136808
3.579 0.00280008
3.58 0.00536572
3.581 0.0096503
3.582 0.0162953
3.583 0.0256013
3.584 0.0380294
3.585 0.0526095
3.586 0.0684945
3.587 0.0831071
3.588 0.0947802
3.589 0.100782
3.59 0.101027
3.591 0.093837
3.592 0.0825453
3.593 0.0680007
3.594 0.052631
3.595 0.038306
3.596 0.026043
3.597 0.0166483
3.598 0.00999725
3.599 0.00559732
3.6 0.00293971
3.601 0.00144309
3.602 0.000652925
3.603 0.000271537
3.604 0.000100527
3.605 3.3085e-05
3.606 9.33807e-06
3.607 1.97781e-06
