#logTeff PDF
3.571 2.47107e-08
3.572 2.13337e-07
3.573 1.35992e-06
3.574 6.41063e-06
3.575 2.49996e-05
3.576 8.37711e-05
3.577 0.000240958
3.578 0.000616679
3.579 0.00141535
3.58 0.00295431
3.581 0.00573124
3.582 0.0102231
3.583 0.0170802
3.584 0.0268652
3.585 0.0392935
3.586 0.0541249
3.587 0.0698666
3.588 0.0841226
3.589 0.0951767
3.59 0.10079
3.591 0.0992272
3.592 0.0928952
3.593 0.0812414
3.594 0.0668834
3.595 0.0515892
3.596 0.0374936
3.597 0.0254292
3.598 0.0162842
3.599 0.00971823
3.6 0.00545721
3.601 0.00288032
3.602 0.00142825
3.603 0.000667673
3.604 0.000187178
