#logTeff PDF
3.572 1.32004e-09
3.573 4.69335e-08
3.574 5.10429e-07
3.575 3.62121e-06
3.576 1.82041e-05
3.577 7.20295e-05
3.578 0.000237852
3.579 0.000665836
3.58 0.00162107
3.581 0.00352067
3.582 0.00687857
3.583 0.0122772
3.584 0.0203332
3.585 0.0311792
3.586 0.0447891
3.587 0.0600595
3.588 0.0755662
3.589 0.0890468
3.59 0.0976702
3.591 0.100383
3.592 0.0983065
3.593 0.0892943
3.594 0.0766593
3.595 0.0617311
3.596 0.0468248
3.597 0.0331819
3.598 0.0221634
3.599 0.0138468
3.6 0.00809993
3.601 0.00448988
3.602 0.00107895
