#[M/H] PDF
-0.400000 0.000069
-0.390000 0.000111
-0.380000 0.000176
-0.370000 0.000274
-0.360000 0.000417
-0.350000 0.000618
-0.340000 0.000917
-0.330000 0.001312
-0.320000 0.001858
-0.310000 0.002576
-0.300000 0.003509
-0.290000 0.004715
-0.280000 0.006199
-0.270000 0.018356
-0.250000 0.012962
-0.240000 0.016003
-0.230000 0.019181
-0.220000 0.022814
-0.210000 0.026451
-0.200000 0.030188
-0.190000 0.034018
-0.180000 0.037575
-0.170000 0.040583
-0.160000 0.043414
-0.150000 0.045604
-0.140000 0.047378
-0.130000 0.048362
-0.120000 0.048761
-0.110000 0.048967
-0.100000 0.047418
-0.090000 0.045334
-0.080000 0.042155
-0.070000 0.039693
-0.060000 0.035525
-0.050000 0.031542
-0.040000 0.027589
-0.030000 0.024388
-0.020000 0.020711
-0.010000 0.017812
0.000000 0.014938
0.010000 0.019634
0.020000 0.016025
0.030000 0.012838
0.040000 0.010218
0.050000 0.008057
0.060000 0.006201
0.070000 0.004729
0.080000 0.003446
0.090000 0.002547
0.100000 0.001853
0.110000 0.001259
0.120000 0.000907
0.130000 0.000627
0.140000 0.000428
0.150000 0.000285
0.160000 0.000189
0.170000 0.000121
0.180000 0.000081
0.190000 0.000050
0.200000 0.000032
