#[M/H] PDF
-0.640000 0.000002
-0.630000 0.000005
-0.620000 0.000026
-0.600000 0.000077
-0.580000 0.000208
-0.560000 0.000511
-0.540000 0.001138
-0.520000 0.002367
-0.500000 0.004547
-0.480000 0.008087
-0.460000 0.013608
-0.440000 0.021383
-0.420000 0.031844
-0.400000 0.044306
-0.380000 0.057779
-0.360000 0.071331
-0.340000 0.083289
-0.320000 0.091757
-0.300000 0.095168
-0.280000 0.093435
-0.270000 0.044601
-0.260000 0.042394
-0.250000 0.039772
-0.240000 0.036833
-0.230000 0.033427
-0.220000 0.029889
-0.210000 0.026236
-0.200000 0.022895
-0.190000 0.019586
-0.180000 0.016539
-0.170000 0.013936
-0.160000 0.011538
-0.150000 0.009477
-0.140000 0.007684
-0.130000 0.006180
-0.120000 0.004885
-0.110000 0.003800
-0.100000 0.002922
-0.090000 0.002194
-0.080000 0.001636
-0.070000 0.001199
-0.050000 0.000879
-0.040000 0.000629
