#[M/H] PDF
-0.130000 0.000437
-0.120000 0.000608
-0.110000 0.000834
-0.100000 0.001136
-0.090000 0.001509
-0.080000 0.001986
-0.070000 0.002571
-0.060000 0.003306
-0.050000 0.004200
-0.040000 0.005239
-0.030000 0.006480
-0.020000 0.007973
-0.010000 0.009702
0.000000 0.012197
0.010000 0.014438
0.020000 0.016780
0.030000 0.019205
0.040000 0.021848
0.050000 0.024726
0.060000 0.027567
0.070000 0.030218
0.080000 0.032775
0.090000 0.035133
0.100000 0.037323
0.110000 0.039094
0.120000 0.040594
0.130000 0.041640
0.140000 0.042357
0.150000 0.042760
0.160000 0.042492
0.170000 0.041917
0.180000 0.040756
0.190000 0.039153
0.200000 0.037197
0.210000 0.034962
0.220000 0.032474
0.230000 0.029816
0.240000 0.027160
0.250000 0.024285
0.260000 0.021387
0.270000 0.018560
0.280000 0.015880
0.290000 0.013460
0.300000 0.011355
0.310000 0.009415
0.320000 0.007720
0.330000 0.006256
0.340000 0.005073
0.350000 0.003975
0.360000 0.003099
0.370000 0.002389
0.380000 0.001816
0.390000 0.001371
0.400000 0.001037
0.410000 0.000750
0.420000 0.000543
0.430000 0.000387
0.440000 0.000271
0.450000 0.000190
0.460000 0.000133
0.470000 0.000089
