#logm logg JPDF
-0.04103 1.15 2.31804e-10 
-0.04103 1.155 3.95088e-10 
-0.04103 1.16 2.22237e-10 
-0.04103 1.165 1.98343e-10 
-0.03903 1.15 1.55026e-09 
-0.03903 1.155 1.8483e-09 
-0.03903 1.16 1.1501e-09 
-0.03903 1.165 1.05385e-09 
-0.03903 1.17 4.82007e-10 
-0.03903 1.175 3.00303e-10 
-0.03903 1.18 1.25997e-10 
-0.03703 1.145 1.17431e-09 
-0.03703 1.15 4.38777e-09 
-0.03703 1.155 4.47829e-09 
-0.03703 1.16 4.25459e-09 
-0.03703 1.165 2.51047e-09 
-0.03703 1.17 2.2697e-09 
-0.03703 1.175 1.30713e-09 
-0.03703 1.18 8.21524e-10 
-0.03703 1.185 3.53976e-10 
-0.03703 1.19 1.57931e-10 
-0.03503 1.145 5.33734e-08 
-0.03503 1.15 1.27181e-07 
-0.03503 1.155 1.21507e-07 
-0.03503 1.16 8.14898e-08 
-0.03503 1.165 8.31676e-08 
-0.03503 1.17 5.55131e-08 
-0.03503 1.175 3.33897e-08 
-0.03503 1.18 1.76952e-08 
-0.03503 1.185 8.28651e-09 
-0.03503 1.19 2.90113e-09 
-0.03503 1.195 1.48738e-09 
-0.03503 1.2 4.69138e-10 
-0.03503 1.205 1.30034e-10 
-0.03303 1.145 2.52305e-07 
-0.03303 1.15 3.93464e-07 
-0.03303 1.155 3.58141e-07 
-0.03303 1.16 2.99673e-07 
-0.03303 1.165 2.4932e-07 
-0.03303 1.17 1.14965e-07 
-0.03303 1.175 6.4551e-08 
-0.03303 1.18 3.31079e-08 
-0.03303 1.185 1.53302e-08 
-0.03303 1.19 5.52689e-09 
-0.03303 1.195 2.80127e-09 
-0.03303 1.2 8.95261e-10 
-0.03303 1.205 2.25791e-10 
-0.03103 1.145 3.1683e-07 
-0.03103 1.15 8.75443e-07 
-0.03103 1.155 9.55569e-07 
-0.03103 1.16 8.45559e-07 
-0.03103 1.165 6.70972e-07 
-0.03103 1.17 4.82398e-07 
-0.03103 1.175 3.40746e-07 
-0.03103 1.18 1.95555e-07 
-0.03103 1.185 1.0011e-07 
-0.03103 1.19 4.34452e-08 
-0.03103 1.195 1.50005e-08 
-0.03103 1.2 6.11996e-09 
-0.03103 1.205 1.79768e-09 
-0.03103 1.21 5.18012e-10 
-0.03103 1.215 1.24496e-10 
-0.02903 1.145 1.20745e-06 
-0.02903 1.15 2.17923e-06 
-0.02903 1.155 2.04448e-06 
-0.02903 1.16 1.95813e-06 
-0.02903 1.165 1.6226e-06 
-0.02903 1.17 1.26329e-06 
-0.02903 1.175 8.04154e-07 
-0.02903 1.18 4.15176e-07 
-0.02903 1.185 2.31917e-07 
-0.02903 1.19 1.08131e-07 
-0.02903 1.195 4.39892e-08 
-0.02903 1.2 1.51549e-08 
-0.02903 1.205 4.69502e-09 
-0.02903 1.21 1.48255e-09 
-0.02903 1.215 3.47543e-10 
-0.02703 1.145 2.85964e-06 
-0.02703 1.15 4.66419e-06 
-0.02703 1.155 5.45942e-06 
-0.02703 1.16 5.168e-06 
-0.02703 1.165 3.83574e-06 
-0.02703 1.17 3.11805e-06 
-0.02703 1.175 2.31015e-06 
-0.02703 1.18 1.22049e-06 
-0.02703 1.185 7.12083e-07 
-0.02703 1.19 3.22416e-07 
-0.02703 1.195 1.34275e-07 
-0.02703 1.2 3.84381e-08 
-0.02703 1.205 1.48123e-08 
-0.02703 1.21 3.95912e-09 
-0.02703 1.215 9.92973e-10 
-0.02703 1.22 2.43079e-10 
-0.02503 1.145 3.45376e-06 
-0.02503 1.15 5.17322e-06 
-0.02503 1.155 5.22621e-06 
-0.02503 1.16 6.23611e-06 
-0.02503 1.165 5.33082e-06 
-0.02503 1.17 3.63707e-06 
-0.02503 1.175 2.86077e-06 
-0.02503 1.18 1.76009e-06 
-0.02503 1.185 8.84745e-07 
-0.02503 1.19 4.71546e-07 
-0.02503 1.195 2.20603e-07 
-0.02503 1.2 7.93208e-08 
-0.02503 1.205 3.19471e-08 
-0.02503 1.21 9.25751e-09 
-0.02503 1.215 2.31606e-09 
-0.02503 1.22 5.93774e-10 
-0.02503 1.225 1.28376e-10 
-0.02303 1.14 4.20721e-07 
-0.02303 1.145 6.1874e-06 
-0.02303 1.15 9.40387e-06 
-0.02303 1.155 1.12449e-05 
-0.02303 1.16 1.24206e-05 
-0.02303 1.165 1.0961e-05 
-0.02303 1.17 9.10915e-06 
-0.02303 1.175 6.42712e-06 
-0.02303 1.18 4.10102e-06 
-0.02303 1.185 2.32587e-06 
-0.02303 1.19 1.15178e-06 
-0.02303 1.195 5.28461e-07 
-0.02303 1.2 1.97594e-07 
-0.02303 1.205 6.96961e-08 
-0.02303 1.21 2.19567e-08 
-0.02303 1.215 6.3686e-09 
-0.02303 1.22 1.61236e-09 
-0.02303 1.225 3.09018e-10 
-0.02103 1.14 1.32593e-06 
-0.02103 1.145 1.11935e-05 
-0.02103 1.15 1.72939e-05 
-0.02103 1.155 2.39582e-05 
-0.02103 1.16 2.34318e-05 
-0.02103 1.165 2.33838e-05 
-0.02103 1.17 1.82177e-05 
-0.02103 1.175 1.42361e-05 
-0.02103 1.18 8.99808e-06 
-0.02103 1.185 5.34471e-06 
-0.02103 1.19 2.78179e-06 
-0.02103 1.195 1.15654e-06 
-0.02103 1.2 4.89819e-07 
-0.02103 1.205 1.8041e-07 
-0.02103 1.21 5.06977e-08 
-0.02103 1.215 1.33501e-08 
-0.02103 1.22 3.49102e-09 
-0.02103 1.225 7.41347e-10 
-0.02103 1.23 1.67927e-10 
-0.01903 1.14 9.96603e-07 
-0.01903 1.145 9.96795e-06 
-0.01903 1.15 1.60094e-05 
-0.01903 1.155 2.27382e-05 
-0.01903 1.16 2.77936e-05 
-0.01903 1.165 2.65694e-05 
-0.01903 1.17 2.32704e-05 
-0.01903 1.175 1.71806e-05 
-0.01903 1.18 1.08636e-05 
-0.01903 1.185 6.26514e-06 
-0.01903 1.19 3.50746e-06 
-0.01903 1.195 1.65447e-06 
-0.01903 1.2 7.09435e-07 
-0.01903 1.205 2.68995e-07 
-0.01903 1.21 8.64977e-08 
-0.01903 1.215 2.76557e-08 
-0.01903 1.22 6.6435e-09 
-0.01903 1.225 1.40955e-09 
-0.01903 1.23 3.23919e-10 
-0.01703 1.14 2.71002e-06 
-0.01703 1.145 1.61666e-05 
-0.01703 1.15 2.33126e-05 
-0.01703 1.155 3.36567e-05 
-0.01703 1.16 3.81584e-05 
-0.01703 1.165 4.33298e-05 
-0.01703 1.17 3.67464e-05 
-0.01703 1.175 3.46942e-05 
-0.01703 1.18 2.33089e-05 
-0.01703 1.185 1.4775e-05 
-0.01703 1.19 8.22103e-06 
-0.01703 1.195 4.05593e-06 
-0.01703 1.2 1.66112e-06 
-0.01703 1.205 6.97531e-07 
-0.01703 1.21 2.17833e-07 
-0.01703 1.215 6.32133e-08 
-0.01703 1.22 1.67107e-08 
-0.01703 1.225 3.97317e-09 
-0.01703 1.23 7.36434e-10 
-0.01703 1.235 1.38035e-10 
-0.01503 1.14 3.30474e-06 
-0.01503 1.145 1.9388e-05 
-0.01503 1.15 3.08173e-05 
-0.01503 1.155 4.21633e-05 
-0.01503 1.16 5.20585e-05 
-0.01503 1.165 5.98204e-05 
-0.01503 1.17 6.08972e-05 
-0.01503 1.175 5.42153e-05 
-0.01503 1.18 3.70464e-05 
-0.01503 1.185 2.4626e-05 
-0.01503 1.19 1.3732e-05 
-0.01503 1.195 6.94428e-06 
-0.01503 1.2 3.10148e-06 
-0.01503 1.205 1.18878e-06 
-0.01503 1.21 3.86904e-07 
-0.01503 1.215 1.19926e-07 
-0.01503 1.22 3.33708e-08 
-0.01503 1.225 7.53849e-09 
-0.01503 1.23 1.66831e-09 
-0.01503 1.235 2.61582e-10 
-0.01303 1.14 4.0384e-06 
-0.01303 1.145 2.06017e-05 
-0.01303 1.15 3.46374e-05 
-0.01303 1.155 4.63493e-05 
-0.01303 1.16 6.38216e-05 
-0.01303 1.165 6.81499e-05 
-0.01303 1.17 7.26173e-05 
-0.01303 1.175 6.58157e-05 
-0.01303 1.18 4.91781e-05 
-0.01303 1.185 3.33999e-05 
-0.01303 1.19 1.80573e-05 
-0.01303 1.195 9.12279e-06 
-0.01303 1.2 3.8511e-06 
-0.01303 1.205 1.7146e-06 
-0.01303 1.21 5.65051e-07 
-0.01303 1.215 1.86837e-07 
-0.01303 1.22 4.84127e-08 
-0.01303 1.225 1.11204e-08 
-0.01303 1.23 2.50753e-09 
-0.01303 1.235 4.772e-10 
-0.01103 1.14 5.33536e-06 
-0.01103 1.145 2.63611e-05 
-0.01103 1.15 4.41314e-05 
-0.01103 1.155 6.04828e-05 
-0.01103 1.16 7.30891e-05 
-0.01103 1.165 8.20757e-05 
-0.01103 1.17 8.11314e-05 
-0.01103 1.175 7.94775e-05 
-0.01103 1.18 6.10377e-05 
-0.01103 1.185 4.32303e-05 
-0.01103 1.19 2.52165e-05 
-0.01103 1.195 1.39946e-05 
-0.01103 1.2 6.3975e-06 
-0.01103 1.205 2.7609e-06 
-0.01103 1.21 9.88304e-07 
-0.01103 1.215 3.05525e-07 
-0.01103 1.22 8.91916e-08 
-0.01103 1.225 2.34331e-08 
-0.01103 1.23 4.6498e-09 
-0.01103 1.235 9.54271e-10 
-0.01103 1.24 1.51225e-10 
-0.00902998 1.135 5.69621e-08 
-0.00902998 1.14 6.67036e-06 
-0.00902998 1.145 3.03303e-05 
-0.00902998 1.15 5.45989e-05 
-0.00902998 1.155 7.89839e-05 
-0.00902998 1.16 9.12352e-05 
-0.00902998 1.165 0.000113926 
-0.00902998 1.17 0.000120049 
-0.00902998 1.175 0.000120355 
-0.00902998 1.18 9.28814e-05 
-0.00902998 1.185 6.8625e-05 
-0.00902998 1.19 4.05722e-05 
-0.00902998 1.195 2.38486e-05 
-0.00902998 1.2 1.0704e-05 
-0.00902998 1.205 4.47972e-06 
-0.00902998 1.21 1.641e-06 
-0.00902998 1.215 5.24804e-07 
-0.00902998 1.22 1.44445e-07 
-0.00902998 1.225 3.71507e-08 
-0.00902998 1.23 7.72593e-09 
-0.00902998 1.235 1.5814e-09 
-0.00902998 1.24 2.66133e-10 
-0.00703001 1.135 4.54176e-08 
-0.00703001 1.14 6.72428e-06 
-0.00703001 1.145 3.77634e-05 
-0.00703001 1.15 6.40933e-05 
-0.00703001 1.155 9.86093e-05 
-0.00703001 1.16 0.000129173 
-0.00703001 1.165 0.000139452 
-0.00703001 1.17 0.00014388 
-0.00703001 1.175 0.000128783 
-0.00703001 1.18 0.000107074 
-0.00703001 1.185 7.66605e-05 
-0.00703001 1.19 4.61035e-05 
-0.00703001 1.195 2.71188e-05 
-0.00703001 1.2 1.31336e-05 
-0.00703001 1.205 6.03257e-06 
-0.00703001 1.21 2.25929e-06 
-0.00703001 1.215 7.46644e-07 
-0.00703001 1.22 2.26738e-07 
-0.00703001 1.225 6.25886e-08 
-0.00703001 1.23 1.38158e-08 
-0.00703001 1.235 2.73302e-09 
-0.00703001 1.24 4.68515e-10 
-0.00503001 1.135 2.20547e-08 
-0.00503001 1.14 7.81942e-06 
-0.00503001 1.145 4.10723e-05 
-0.00503001 1.15 7.24914e-05 
-0.00503001 1.155 0.000108763 
-0.00503001 1.16 0.000154539 
-0.00503001 1.165 0.000185552 
-0.00503001 1.17 0.0002112 
-0.00503001 1.175 0.000201572 
-0.00503001 1.18 0.000159818 
-0.00503001 1.185 0.000121622 
-0.00503001 1.19 8.17655e-05 
-0.00503001 1.195 4.39711e-05 
-0.00503001 1.2 2.3e-05 
-0.00503001 1.205 9.9329e-06 
-0.00503001 1.21 3.91312e-06 
-0.00503001 1.215 1.38885e-06 
-0.00503001 1.22 3.72075e-07 
-0.00503001 1.225 9.74552e-08 
-0.00503001 1.23 2.26415e-08 
-0.00503001 1.235 4.55071e-09 
-0.00503001 1.24 8.61317e-10 
-0.00503001 1.245 1.32981e-10 
-0.00303 1.135 1.10627e-07 
-0.00303 1.14 7.14541e-06 
-0.00303 1.145 4.80156e-05 
-0.00303 1.15 9.37097e-05 
-0.00303 1.155 0.000129073 
-0.00303 1.16 0.000194793 
-0.00303 1.165 0.000228938 
-0.00303 1.17 0.000246228 
-0.00303 1.175 0.0002419 
-0.00303 1.18 0.000208496 
-0.00303 1.185 0.000152822 
-0.00303 1.19 0.000100029 
-0.00303 1.195 5.7839e-05 
-0.00303 1.2 2.91105e-05 
-0.00303 1.205 1.31478e-05 
-0.00303 1.21 5.48631e-06 
-0.00303 1.215 1.83855e-06 
-0.00303 1.22 6.52159e-07 
-0.00303 1.225 1.64151e-07 
-0.00303 1.23 4.06515e-08 
-0.00303 1.235 8.26075e-09 
-0.00303 1.24 1.47592e-09 
-0.00303 1.245 2.56836e-10 
-0.00103 1.135 3.7689e-08 
-0.00103 1.14 8.77338e-06 
-0.00103 1.145 3.70478e-05 
-0.00103 1.15 7.86595e-05 
-0.00103 1.155 0.000129636 
-0.00103 1.16 0.000191557 
-0.00103 1.165 0.000256529 
-0.00103 1.17 0.000279003 
-0.00103 1.175 0.000278922 
-0.00103 1.18 0.000248473 
-0.00103 1.185 0.000188782 
-0.00103 1.19 0.000128806 
-0.00103 1.195 8.02693e-05 
-0.00103 1.2 4.31745e-05 
-0.00103 1.205 2.0231e-05 
-0.00103 1.21 8.10088e-06 
-0.00103 1.215 3.1164e-06 
-0.00103 1.22 9.31678e-07 
-0.00103 1.225 2.71127e-07 
-0.00103 1.23 6.52718e-08 
-0.00103 1.235 1.3673e-08 
-0.00103 1.24 2.46394e-09 
-0.00103 1.245 3.98916e-10 
0.000970006 1.135 4.95291e-08 
0.000970006 1.14 9.48163e-06 
0.000970006 1.145 4.38963e-05 
0.000970006 1.15 9.17526e-05 
0.000970006 1.155 0.000163139 
0.000970006 1.16 0.000217754 
0.000970006 1.165 0.000305479 
0.000970006 1.17 0.000354502 
0.000970006 1.175 0.000361407 
0.000970006 1.18 0.000303142 
0.000970006 1.185 0.000239102 
0.000970006 1.19 0.000168066 
0.000970006 1.195 0.000106338 
0.000970006 1.2 5.58807e-05 
0.000970006 1.205 2.70549e-05 
0.000970006 1.21 1.11617e-05 
0.000970006 1.215 4.05768e-06 
0.000970006 1.22 1.34319e-06 
0.000970006 1.225 3.85434e-07 
0.000970006 1.23 9.26781e-08 
0.000970006 1.235 2.04415e-08 
0.000970006 1.24 3.92335e-09 
0.000970006 1.245 6.67614e-10 
0.00297001 1.135 9.23517e-08 
0.00297001 1.14 8.97578e-06 
0.00297001 1.145 4.63819e-05 
0.00297001 1.15 8.9673e-05 
0.00297001 1.155 0.000155965 
0.00297001 1.16 0.000247005 
0.00297001 1.165 0.000299386 
0.00297001 1.17 0.00037206 
0.00297001 1.175 0.0003897 
0.00297001 1.18 0.000355444 
0.00297001 1.185 0.000296318 
0.00297001 1.19 0.00021209 
0.00297001 1.195 0.000131312 
0.00297001 1.2 7.41752e-05 
0.00297001 1.205 3.95682e-05 
0.00297001 1.21 1.69866e-05 
0.00297001 1.215 6.29628e-06 
0.00297001 1.22 2.03334e-06 
0.00297001 1.225 6.05898e-07 
0.00297001 1.23 1.53507e-07 
0.00297001 1.235 3.21675e-08 
0.00297001 1.24 6.58617e-09 
0.00297001 1.245 1.13263e-09 
0.00297001 1.25 1.56843e-10 
0.00497001 1.135 4.56075e-08 
0.00497001 1.14 6.77159e-06 
0.00497001 1.145 4.32291e-05 
0.00497001 1.15 8.45643e-05 
0.00497001 1.155 0.000152784 
0.00497001 1.16 0.000240232 
0.00497001 1.165 0.000332044 
0.00497001 1.17 0.000392019 
0.00497001 1.175 0.000484424 
0.00497001 1.18 0.000434923 
0.00497001 1.185 0.000375932 
0.00497001 1.19 0.000269112 
0.00497001 1.195 0.000171076 
0.00497001 1.2 9.85895e-05 
0.00497001 1.205 4.77542e-05 
0.00497001 1.21 2.18388e-05 
0.00497001 1.215 9.03552e-06 
0.00497001 1.22 3.01371e-06 
0.00497001 1.225 8.86835e-07 
0.00497001 1.23 2.43742e-07 
0.00497001 1.235 5.31499e-08 
0.00497001 1.24 1.04459e-08 
0.00497001 1.245 1.92997e-09 
0.00497001 1.25 2.88216e-10 
0.00697002 1.135 4.57902e-08 
0.00697002 1.14 7.39573e-06 
0.00697002 1.145 4.09633e-05 
0.00697002 1.15 9.04523e-05 
0.00697002 1.155 0.000169185 
0.00697002 1.16 0.000277799 
0.00697002 1.165 0.000397457 
0.00697002 1.17 0.000483357 
0.00697002 1.175 0.000526094 
0.00697002 1.18 0.000552686 
0.00697002 1.185 0.00045809 
0.00697002 1.19 0.0003681 
0.00697002 1.195 0.000251668 
0.00697002 1.2 0.000143375 
0.00697002 1.205 7.66324e-05 
0.00697002 1.21 3.40364e-05 
0.00697002 1.215 1.31121e-05 
0.00697002 1.22 4.29088e-06 
0.00697002 1.225 1.37134e-06 
0.00697002 1.23 3.66428e-07 
0.00697002 1.235 8.89589e-08 
0.00697002 1.24 1.79923e-08 
0.00697002 1.245 3.2358e-09 
0.00697002 1.25 4.62479e-10 
0.00896999 1.135 3.19505e-08 
0.00896999 1.14 6.09575e-06 
0.00896999 1.145 3.36302e-05 
0.00896999 1.15 7.85451e-05 
0.00896999 1.155 0.000145136 
0.00896999 1.16 0.000243753 
0.00896999 1.165 0.000365513 
0.00896999 1.17 0.000476708 
0.00896999 1.175 0.000558151 
0.00896999 1.18 0.000545992 
0.00896999 1.185 0.000494093 
0.00896999 1.19 0.000385228 
0.00896999 1.195 0.000285995 
0.00896999 1.2 0.000174951 
0.00896999 1.205 8.8198e-05 
0.00896999 1.21 4.31079e-05 
0.00896999 1.215 1.74568e-05 
0.00896999 1.22 6.27659e-06 
0.00896999 1.225 2.04442e-06 
0.00896999 1.23 5.51204e-07 
0.00896999 1.235 1.2488e-07 
0.00896999 1.24 2.72613e-08 
0.00896999 1.245 5.32894e-09 
0.00896999 1.25 8.64224e-10 
0.00896999 1.255 1.1139e-10 
0.01097 1.135 6.41758e-08 
0.01097 1.14 6.73642e-06 
0.01097 1.145 3.59642e-05 
0.01097 1.15 8.16086e-05 
0.01097 1.155 0.000165978 
0.01097 1.16 0.000267775 
0.01097 1.165 0.000430962 
0.01097 1.17 0.000585117 
0.01097 1.175 0.000677252 
0.01097 1.18 0.000705596 
0.01097 1.185 0.000664615 
0.01097 1.19 0.000531653 
0.01097 1.195 0.000371622 
0.01097 1.2 0.000228507 
0.01097 1.205 0.000135775 
0.01097 1.21 6.26516e-05 
0.01097 1.215 2.71172e-05 
0.01097 1.22 9.96388e-06 
0.01097 1.225 3.19584e-06 
0.01097 1.23 8.72203e-07 
0.01097 1.235 2.07047e-07 
0.01097 1.24 4.4569e-08 
0.01097 1.245 8.48223e-09 
0.01097 1.25 1.32531e-09 
0.01097 1.255 1.99396e-10 
0.01297 1.135 1.6181e-08 
0.01297 1.14 5.21225e-06 
0.01297 1.145 3.34428e-05 
0.01297 1.15 7.35984e-05 
0.01297 1.155 0.000156688 
0.01297 1.16 0.000273581 
0.01297 1.165 0.000427719 
0.01297 1.17 0.000597121 
0.01297 1.175 0.000732812 
0.01297 1.18 0.0007436 
0.01297 1.185 0.000717489 
0.01297 1.19 0.000585952 
0.01297 1.195 0.000423484 
0.01297 1.2 0.0002734 
0.01297 1.205 0.000148126 
0.01297 1.21 7.53603e-05 
0.01297 1.215 3.47664e-05 
0.01297 1.22 1.27511e-05 
0.01297 1.225 4.51313e-06 
0.01297 1.23 1.32966e-06 
0.01297 1.235 3.57381e-07 
0.01297 1.24 7.08919e-08 
0.01297 1.245 1.34159e-08 
0.01297 1.25 2.30664e-09 
0.01297 1.255 2.92269e-10 
0.01497 1.135 5.09857e-08 
0.01497 1.14 5.14822e-06 
0.01497 1.145 2.93645e-05 
0.01497 1.15 7.02367e-05 
0.01497 1.155 0.00014354 
0.01497 1.16 0.00026401 
0.01497 1.165 0.000425015 
0.01497 1.17 0.00058804 
0.01497 1.175 0.000730517 
0.01497 1.18 0.000815869 
0.01497 1.185 0.000779916 
0.01497 1.19 0.000694296 
0.01497 1.195 0.000535483 
0.01497 1.2 0.000365201 
0.01497 1.205 0.000208138 
0.01497 1.21 0.00010589 
0.01497 1.215 4.89111e-05 
0.01497 1.22 1.89368e-05 
0.01497 1.225 6.45404e-06 
0.01497 1.23 1.9156e-06 
0.01497 1.235 4.79256e-07 
0.01497 1.24 1.21086e-07 
0.01497 1.245 2.31169e-08 
0.01497 1.25 4.06923e-09 
0.01497 1.255 5.99219e-10 
0.01697 1.135 3.45221e-08 
0.01697 1.14 4.00612e-06 
0.01697 1.145 2.67503e-05 
0.01697 1.15 6.68641e-05 
0.01697 1.155 0.000153553 
0.01697 1.16 0.00029212 
0.01697 1.165 0.000462197 
0.01697 1.17 0.000661631 
0.01697 1.175 0.000913299 
0.01697 1.18 0.00106449 
0.01697 1.185 0.00105206 
0.01697 1.19 0.000931797 
0.01697 1.195 0.000727951 
0.01697 1.2 0.000502464 
0.01697 1.205 0.000304682 
0.01697 1.21 0.000154737 
0.01697 1.215 7.06916e-05 
0.01697 1.22 2.80191e-05 
0.01697 1.225 9.59551e-06 
0.01697 1.23 3.00681e-06 
0.01697 1.235 7.63313e-07 
0.01697 1.24 1.64158e-07 
0.01697 1.245 3.36346e-08 
0.01697 1.25 5.76419e-09 
0.01697 1.255 9.05614e-10 
0.01897 1.135 2.81001e-08 
0.01897 1.14 3.37938e-06 
0.01897 1.145 2.09843e-05 
0.01897 1.15 5.63355e-05 
0.01897 1.155 0.000119213 
0.01897 1.16 0.000241835 
0.01897 1.165 0.000434818 
0.01897 1.17 0.000672405 
0.01897 1.175 0.000866407 
0.01897 1.18 0.00101695 
0.01897 1.185 0.000994839 
0.01897 1.19 0.000956577 
0.01897 1.195 0.000756973 
0.01897 1.2 0.000506675 
0.01897 1.205 0.000344263 
0.01897 1.21 0.00018577 
0.01897 1.215 8.90882e-05 
0.01897 1.22 3.76253e-05 
0.01897 1.225 1.30344e-05 
0.01897 1.23 4.09612e-06 
0.01897 1.235 1.11233e-06 
0.01897 1.24 2.66797e-07 
0.01897 1.245 5.59502e-08 
0.01897 1.25 9.5591e-09 
0.01897 1.255 1.55385e-09 
0.01897 1.26 1.52679e-10 
0.02097 1.135 3.4355e-08 
0.02097 1.14 3.4066e-06 
0.02097 1.145 2.09087e-05 
0.02097 1.15 5.61941e-05 
0.02097 1.155 0.000133543 
0.02097 1.16 0.000258613 
0.02097 1.165 0.0004531 
0.02097 1.17 0.000731501 
0.02097 1.175 0.000970439 
0.02097 1.18 0.00122126 
0.02097 1.185 0.00130657 
0.02097 1.19 0.00124296 
0.02097 1.195 0.000989494 
0.02097 1.2 0.00072361 
0.02097 1.205 0.000455062 
0.02097 1.21 0.000262049 
0.02097 1.215 0.000122139 
0.02097 1.22 5.16186e-05 
0.02097 1.225 1.94735e-05 
0.02097 1.23 6.33081e-06 
0.02097 1.235 1.73739e-06 
0.02097 1.24 3.98746e-07 
0.02097 1.245 8.85963e-08 
0.02097 1.25 1.61885e-08 
0.02097 1.255 2.36282e-09 
0.02097 1.26 2.57155e-10 
0.02297 1.135 1.34914e-08 
0.02297 1.14 2.47916e-06 
0.02297 1.145 1.64235e-05 
0.02297 1.15 4.39049e-05 
0.02297 1.155 0.00011309 
0.02297 1.16 0.000241969 
0.02297 1.165 0.000443393 
0.02297 1.17 0.000677252 
0.02297 1.175 0.00101124 
0.02297 1.18 0.00123797 
0.02297 1.185 0.00139885 
0.02297 1.19 0.00126781 
0.02297 1.195 0.00109878 
0.02297 1.2 0.000807658 
0.02297 1.205 0.000520648 
0.02297 1.21 0.000293389 
0.02297 1.215 0.000140035 
0.02297 1.22 6.44338e-05 
0.02297 1.225 2.32973e-05 
0.02297 1.23 7.37101e-06 
0.02297 1.235 2.26315e-06 
0.02297 1.24 5.48568e-07 
0.02297 1.245 1.19277e-07 
0.02297 1.25 2.28184e-08 
0.02297 1.255 4.04396e-09 
0.02297 1.26 4.37833e-10 
0.02497 1.135 2.07884e-08 
0.02497 1.14 2.41155e-06 
0.02497 1.145 1.56101e-05 
0.02497 1.15 4.53895e-05 
0.02497 1.155 0.000110346 
0.02497 1.16 0.000231597 
0.02497 1.165 0.000462557 
0.02497 1.17 0.000771605 
0.02497 1.175 0.00107912 
0.02497 1.18 0.00146844 
0.02497 1.185 0.00156791 
0.02497 1.19 0.00153787 
0.02497 1.195 0.00134789 
0.02497 1.2 0.000977078 
0.02497 1.205 0.000636729 
0.02497 1.21 0.000383648 
0.02497 1.215 0.00020087 
0.02497 1.22 9.03577e-05 
0.02497 1.225 3.59788e-05 
0.02497 1.23 1.07778e-05 
0.02497 1.235 3.24155e-06 
0.02497 1.24 8.14987e-07 
0.02497 1.245 1.80816e-07 
0.02497 1.25 3.37981e-08 
0.02497 1.255 5.79436e-09 
0.02497 1.26 6.53951e-10 
0.02697 1.135 1.25081e-08 
0.02697 1.14 1.66233e-06 
0.02697 1.145 1.02603e-05 
0.02697 1.15 3.31472e-05 
0.02697 1.155 8.33431e-05 
0.02697 1.16 0.000193795 
0.02697 1.165 0.000375914 
0.02697 1.17 0.000683936 
0.02697 1.175 0.00103057 
0.02697 1.18 0.00137598 
0.02697 1.185 0.0016018 
0.02697 1.19 0.00163592 
0.02697 1.195 0.00152158 
0.02697 1.2 0.00118064 
0.02697 1.205 0.000815466 
0.02697 1.21 0.000486621 
0.02697 1.215 0.000245985 
0.02697 1.22 0.000119775 
0.02697 1.225 4.71671e-05 
0.02697 1.23 1.67312e-05 
0.02697 1.235 5.25887e-06 
0.02697 1.24 1.30718e-06 
0.02697 1.245 3.07617e-07 
0.02697 1.25 5.91602e-08 
0.02697 1.255 1.00277e-08 
0.02697 1.26 1.18298e-09 
0.02897 1.135 7.35355e-09 
0.02897 1.14 1.47548e-06 
0.02897 1.145 1.05939e-05 
0.02897 1.15 3.17575e-05 
0.02897 1.155 8.37401e-05 
0.02897 1.16 0.000195752 
0.02897 1.165 0.000394883 
0.02897 1.17 0.000740348 
0.02897 1.175 0.00103736 
0.02897 1.18 0.00141559 
0.02897 1.185 0.00177917 
0.02897 1.19 0.00181858 
0.02897 1.195 0.0017113 
0.02897 1.2 0.00137733 
0.02897 1.205 0.00093059 
0.02897 1.21 0.000572947 
0.02897 1.215 0.000322286 
0.02897 1.22 0.00014357 
0.02897 1.225 6.02235e-05 
0.02897 1.23 2.18955e-05 
0.02897 1.235 6.51378e-06 
0.02897 1.24 1.79622e-06 
0.02897 1.245 3.97287e-07 
0.02897 1.25 8.18214e-08 
0.02897 1.255 1.33938e-08 
0.02897 1.26 1.60656e-09 
0.03097 1.135 4.41684e-09 
0.03097 1.14 1.11636e-06 
0.03097 1.145 8.00044e-06 
0.03097 1.15 2.57623e-05 
0.03097 1.155 7.86337e-05 
0.03097 1.16 0.000174521 
0.03097 1.165 0.000377209 
0.03097 1.17 0.000674711 
0.03097 1.175 0.00111458 
0.03097 1.18 0.00162341 
0.03097 1.185 0.00195953 
0.03097 1.19 0.00209842 
0.03097 1.195 0.00197269 
0.03097 1.2 0.00168072 
0.03097 1.205 0.00118841 
0.03097 1.21 0.000799392 
0.03097 1.215 0.000418447 
0.03097 1.22 0.000207554 
0.03097 1.225 9.0011e-05 
0.03097 1.23 3.16469e-05 
0.03097 1.235 1.02525e-05 
0.03097 1.24 2.62472e-06 
0.03097 1.245 6.47683e-07 
0.03097 1.25 1.40043e-07 
0.03097 1.255 2.48817e-08 
0.03097 1.26 3.00114e-09 
0.03297 1.135 5.38742e-09 
0.03297 1.14 9.14299e-07 
0.03297 1.145 6.49913e-06 
0.03297 1.15 2.1277e-05 
0.03297 1.155 5.90404e-05 
0.03297 1.16 0.000143075 
0.03297 1.165 0.000315645 
0.03297 1.17 0.000603003 
0.03297 1.175 0.00108593 
0.03297 1.18 0.00151932 
0.03297 1.185 0.00195177 
0.03297 1.19 0.0021642 
0.03297 1.195 0.00217248 
0.03297 1.2 0.00185352 
0.03297 1.205 0.00138022 
0.03297 1.21 0.000890877 
0.03297 1.215 0.000499208 
0.03297 1.22 0.000248033 
0.03297 1.225 0.000111345 
0.03297 1.23 4.1385e-05 
0.03297 1.235 1.30923e-05 
0.03297 1.24 3.61296e-06 
0.03297 1.245 8.72774e-07 
0.03297 1.25 1.86423e-07 
0.03297 1.255 3.26543e-08 
0.03297 1.26 4.40511e-09 
0.03497 1.135 3.64713e-09 
0.03497 1.14 6.46387e-07 
0.03497 1.145 5.00895e-06 
0.03497 1.15 1.85739e-05 
0.03497 1.155 5.45073e-05 
0.03497 1.16 0.000146384 
0.03497 1.165 0.00031499 
0.03497 1.17 0.000625278 
0.03497 1.175 0.0010795 
0.03497 1.18 0.00162895 
0.03497 1.185 0.00221517 
0.03497 1.19 0.00259306 
0.03497 1.195 0.00257216 
0.03497 1.2 0.00219733 
0.03497 1.205 0.00168368 
0.03497 1.21 0.0011702 
0.03497 1.215 0.000694456 
0.03497 1.22 0.000342068 
0.03497 1.225 0.000153777 
0.03497 1.23 6.09035e-05 
0.03497 1.235 2.02226e-05 
0.03497 1.24 6.09941e-06 
0.03497 1.245 1.44913e-06 
0.03497 1.25 3.30034e-07 
0.03497 1.255 5.86951e-08 
0.03497 1.26 7.89449e-09 
0.03497 1.265 1.6831e-10 
0.03697 1.135 3.43659e-09 
0.03697 1.14 4.89607e-07 
0.03697 1.145 3.76741e-06 
0.03697 1.15 1.34894e-05 
0.03697 1.155 4.08939e-05 
0.03697 1.16 0.000112037 
0.03697 1.165 0.000255139 
0.03697 1.17 0.000515098 
0.03697 1.175 0.000948865 
0.03697 1.18 0.00147018 
0.03697 1.185 0.00204422 
0.03697 1.19 0.00240578 
0.03697 1.195 0.00246388 
0.03697 1.2 0.00224807 
0.03697 1.205 0.00186376 
0.03697 1.21 0.00126914 
0.03697 1.215 0.000755983 
0.03697 1.22 0.000414 
0.03697 1.225 0.000197489 
0.03697 1.23 8.25211e-05 
0.03697 1.235 2.80664e-05 
0.03697 1.24 8.27026e-06 
0.03697 1.245 2.02941e-06 
0.03697 1.25 4.71396e-07 
0.03697 1.255 7.86585e-08 
0.03697 1.26 1.23892e-08 
0.03697 1.265 3.0991e-10 
0.03897 1.135 3.66327e-09 
0.03897 1.14 4.03251e-07 
0.03897 1.145 3.41488e-06 
0.03897 1.15 1.28152e-05 
0.03897 1.155 3.78364e-05 
0.03897 1.16 0.00010999 
0.03897 1.165 0.000239367 
0.03897 1.17 0.000508853 
0.03897 1.175 0.000944849 
0.03897 1.18 0.0015115 
0.03897 1.185 0.00210983 
0.03897 1.19 0.00281905 
0.03897 1.195 0.00289793 
0.03897 1.2 0.00285743 
0.03897 1.205 0.00212076 
0.03897 1.21 0.00148873 
0.03897 1.215 0.000955237 
0.03897 1.22 0.000500471 
0.03897 1.225 0.000258214 
0.03897 1.23 0.00010128 
0.03897 1.235 3.45853e-05 
0.03897 1.24 1.17265e-05 
0.03897 1.245 2.94828e-06 
0.03897 1.25 6.62548e-07 
0.03897 1.255 1.31989e-07 
0.03897 1.26 1.66022e-08 
0.03897 1.265 3.32107e-10 
0.04097 1.135 7.05222e-10 
0.04097 1.14 2.92061e-07 
0.04097 1.145 2.16572e-06 
0.04097 1.15 7.97262e-06 
0.04097 1.155 2.62942e-05 
0.04097 1.16 7.84496e-05 
0.04097 1.165 0.000191712 
0.04097 1.17 0.000467426 
0.04097 1.175 0.000811276 
0.04097 1.18 0.00139052 
0.04097 1.185 0.00201476 
0.04097 1.19 0.00254832 
0.04097 1.195 0.00272757 
0.04097 1.2 0.00276089 
0.04097 1.205 0.00245844 
0.04097 1.21 0.0017968 
0.04097 1.215 0.00111259 
0.04097 1.22 0.000607403 
0.04097 1.225 0.000307235 
0.04097 1.23 0.000129935 
0.04097 1.235 4.86852e-05 
0.04097 1.24 1.45131e-05 
0.04097 1.245 3.97586e-06 
0.04097 1.25 1.01794e-06 
0.04097 1.255 1.88657e-07 
0.04097 1.26 2.87837e-08 
0.04097 1.265 4.54575e-10 
0.04297 1.135 1.55122e-09 
0.04297 1.14 1.8123e-07 
0.04297 1.145 1.93447e-06 
0.04297 1.15 7.65021e-06 
0.04297 1.155 2.59841e-05 
0.04297 1.16 7.49459e-05 
0.04297 1.165 0.000195637 
0.04297 1.17 0.000415452 
0.04297 1.175 0.000858334 
0.04297 1.18 0.00141734 
0.04297 1.185 0.0021879 
0.04297 1.19 0.00278719 
0.04297 1.195 0.00318143 
0.04297 1.2 0.00307066 
0.04297 1.205 0.00270573 
0.04297 1.21 0.00205357 
0.04297 1.215 0.00132952 
0.04297 1.22 0.000751438 
0.04297 1.225 0.000378243 
0.04297 1.23 0.000168308 
0.04297 1.235 6.46043e-05 
0.04297 1.24 2.12063e-05 
0.04297 1.245 5.89822e-06 
0.04297 1.25 1.415e-06 
0.04297 1.255 3.08897e-07 
0.04297 1.26 4.15455e-08 
0.04297 1.265 9.66515e-10 
0.04497 1.135 6.11291e-10 
0.04497 1.14 1.52661e-07 
0.04497 1.145 1.39162e-06 
0.04497 1.15 5.81671e-06 
0.04497 1.155 1.97337e-05 
0.04497 1.16 6.04749e-05 
0.04497 1.165 0.000160368 
0.04497 1.17 0.000345945 
0.04497 1.175 0.000718577 
0.04497 1.18 0.0012827 
0.04497 1.185 0.00191314 
0.04497 1.19 0.0026561 
0.04497 1.195 0.0031675 
0.04497 1.2 0.00327445 
0.04497 1.205 0.00286139 
0.04497 1.21 0.00218547 
0.04497 1.215 0.00162572 
0.04497 1.22 0.000912816 
0.04497 1.225 0.000493658 
0.04497 1.23 0.000216566 
0.04497 1.235 8.82939e-05 
0.04497 1.24 2.8383e-05 
0.04497 1.245 7.6739e-06 
0.04497 1.25 1.9393e-06 
0.04497 1.255 4.00344e-07 
0.04497 1.26 5.54428e-08 
0.04497 1.265 1.41194e-09 
0.04697 1.135 5.02422e-10 
0.04697 1.14 1.00035e-07 
0.04697 1.145 8.97121e-07 
0.04697 1.15 3.65991e-06 
0.04697 1.155 1.45854e-05 
0.04697 1.16 4.61471e-05 
0.04697 1.165 0.000136217 
0.04697 1.17 0.000325463 
0.04697 1.175 0.000715384 
0.04697 1.18 0.00128761 
0.04697 1.185 0.00208291 
0.04697 1.19 0.00283068 
0.04697 1.195 0.00341489 
0.04697 1.2 0.00357227 
0.04697 1.205 0.00333179 
0.04697 1.21 0.00268435 
0.04697 1.215 0.00180343 
0.04697 1.22 0.00106746 
0.04697 1.225 0.00053814 
0.04697 1.23 0.000241018 
0.04697 1.235 9.67362e-05 
0.04697 1.24 3.34795e-05 
0.04697 1.245 9.43807e-06 
0.04697 1.25 2.58806e-06 
0.04697 1.255 5.54232e-07 
0.04697 1.26 8.76179e-08 
0.04697 1.265 1.88466e-09 
0.04897 1.135 3.1105e-10 
0.04897 1.14 8.021e-08 
0.04897 1.145 6.61746e-07 
0.04897 1.15 3.05477e-06 
0.04897 1.155 1.12452e-05 
0.04897 1.16 3.75003e-05 
0.04897 1.165 0.000116417 
0.04897 1.17 0.000294924 
0.04897 1.175 0.000682522 
0.04897 1.18 0.00121991 
0.04897 1.185 0.0020386 
0.04897 1.19 0.00272577 
0.04897 1.195 0.00352118 
0.04897 1.2 0.00398414 
0.04897 1.205 0.00354493 
0.04897 1.21 0.00299511 
0.04897 1.215 0.00207192 
0.04897 1.22 0.00130857 
0.04897 1.225 0.000749159 
0.04897 1.23 0.000343583 
0.04897 1.235 0.000141945 
0.04897 1.24 5.05576e-05 
0.04897 1.245 1.52262e-05 
0.04897 1.25 3.853e-06 
0.04897 1.255 8.58048e-07 
0.04897 1.26 1.36009e-07 
0.04897 1.265 2.8843e-09 
0.05097 1.135 1.85381e-10 
0.05097 1.14 4.87893e-08 
0.05097 1.145 4.95077e-07 
0.05097 1.15 2.25247e-06 
0.05097 1.155 8.95134e-06 
0.05097 1.16 3.10286e-05 
0.05097 1.165 9.20989e-05 
0.05097 1.17 0.000247553 
0.05097 1.175 0.000532937 
0.05097 1.18 0.00113499 
0.05097 1.185 0.00188601 
0.05097 1.19 0.00294245 
0.05097 1.195 0.00357088 
0.05097 1.2 0.00421597 
0.05097 1.205 0.00393251 
0.05097 1.21 0.00354141 
0.05097 1.215 0.00252178 
0.05097 1.22 0.00160205 
0.05097 1.225 0.000880753 
0.05097 1.23 0.000433477 
0.05097 1.235 0.000182434 
0.05097 1.24 6.47608e-05 
0.05097 1.245 1.8775e-05 
0.05097 1.25 5.01e-06 
0.05097 1.255 1.2134e-06 
0.05097 1.26 1.89496e-07 
0.05097 1.265 5.88381e-09 
0.05297 1.14 2.98683e-08 
0.05297 1.145 3.49857e-07 
0.05297 1.15 1.69196e-06 
0.05297 1.155 7.22354e-06 
0.05297 1.16 2.37089e-05 
0.05297 1.165 7.84535e-05 
0.05297 1.17 0.000201625 
0.05297 1.175 0.000519368 
0.05297 1.18 0.00100536 
0.05297 1.185 0.00187382 
0.05297 1.19 0.00276436 
0.05297 1.195 0.0037472 
0.05297 1.2 0.00414712 
0.05297 1.205 0.00425382 
0.05297 1.21 0.00363782 
0.05297 1.215 0.00278306 
0.05297 1.22 0.00174389 
0.05297 1.225 0.00104996 
0.05297 1.23 0.000498171 
0.05297 1.235 0.000211506 
0.05297 1.24 7.72936e-05 
0.05297 1.245 2.43428e-05 
0.05297 1.25 6.96957e-06 
0.05297 1.255 1.53995e-06 
0.05297 1.26 2.43699e-07 
0.05297 1.265 7.18608e-09 
0.05497 1.14 2.23011e-08 
0.05497 1.145 2.56575e-07 
0.05497 1.15 1.21383e-06 
0.05497 1.155 5.07672e-06 
0.05497 1.16 2.02497e-05 
0.05497 1.165 6.10349e-05 
0.05497 1.17 0.00016892 
0.05497 1.175 0.000415457 
0.05497 1.18 0.000888272 
0.05497 1.185 0.00158969 
0.05497 1.19 0.00264258 
0.05497 1.195 0.0033897 
0.05497 1.2 0.00431282 
0.05497 1.205 0.00455048 
0.05497 1.21 0.0042189 
0.05497 1.215 0.00326944 
0.05497 1.22 0.00219677 
0.05497 1.225 0.00125214 
0.05497 1.23 0.000651398 
0.05497 1.235 0.00028517 
0.05497 1.24 0.000110219 
0.05497 1.245 3.42901e-05 
0.05497 1.25 9.66587e-06 
0.05497 1.255 2.3277e-06 
0.05497 1.26 3.99151e-07 
0.05497 1.265 1.1474e-08 
0.05697 1.14 1.36148e-08 
0.05697 1.145 1.56394e-07 
0.05697 1.15 8.08927e-07 
0.05697 1.155 3.64717e-06 
0.05697 1.16 1.35141e-05 
0.05697 1.165 4.54857e-05 
0.05697 1.17 0.000138313 
0.05697 1.175 0.000342515 
0.05697 1.18 0.000766163 
0.05697 1.185 0.00142452 
0.05697 1.19 0.00248774 
0.05697 1.195 0.0033115 
0.05697 1.2 0.0042667 
0.05697 1.205 0.00468003 
0.05697 1.21 0.00406129 
0.05697 1.215 0.00342931 
0.05697 1.22 0.00215886 
0.05697 1.225 0.00133779 
0.05697 1.23 0.000683752 
0.05697 1.235 0.000320251 
0.05697 1.24 0.000115524 
0.05697 1.245 3.92362e-05 
0.05697 1.25 1.2032e-05 
0.05697 1.255 2.78115e-06 
0.05697 1.26 4.27826e-07 
0.05697 1.265 1.81357e-08 
0.05897 1.14 8.43005e-09 
0.05897 1.145 1.03614e-07 
0.05897 1.15 5.67269e-07 
0.05897 1.155 2.63108e-06 
0.05897 1.16 1.0391e-05 
0.05897 1.165 3.53127e-05 
0.05897 1.17 0.000108784 
0.05897 1.175 0.000291946 
0.05897 1.18 0.00064717 
0.05897 1.185 0.0012657 
0.05897 1.19 0.00207807 
0.05897 1.195 0.00291598 
0.05897 1.2 0.00386474 
0.05897 1.205 0.00421927 
0.05897 1.21 0.00429685 
0.05897 1.215 0.00346593 
0.05897 1.22 0.00259063 
0.05897 1.225 0.00174584 
0.05897 1.23 0.000914737 
0.05897 1.235 0.000419009 
0.05897 1.24 0.000167418 
0.05897 1.245 5.64159e-05 
0.05897 1.25 1.61226e-05 
0.05897 1.255 3.89072e-06 
0.05897 1.26 6.9839e-07 
0.05897 1.265 2.2661e-08 
0.06097 1.14 5.9142e-09 
0.06097 1.145 7.90313e-08 
0.06097 1.15 3.92206e-07 
0.06097 1.155 1.91181e-06 
0.06097 1.16 7.82443e-06 
0.06097 1.165 2.71232e-05 
0.06097 1.17 8.93782e-05 
0.06097 1.175 0.000232632 
0.06097 1.18 0.000538985 
0.06097 1.185 0.00108009 
0.06097 1.19 0.00193266 
0.06097 1.195 0.00294539 
0.06097 1.2 0.00396704 
0.06097 1.205 0.00442467 
0.06097 1.21 0.00437134 
0.06097 1.215 0.00391995 
0.06097 1.22 0.00279198 
0.06097 1.225 0.00175996 
0.06097 1.23 0.000976752 
0.06097 1.235 0.000477031 
0.06097 1.24 0.000192402 
0.06097 1.245 7.05883e-05 
0.06097 1.25 2.24584e-05 
0.06097 1.255 6.11769e-06 
0.06097 1.26 9.73419e-07 
0.06097 1.265 2.9224e-08 
0.06297 1.14 3.73694e-09 
0.06297 1.145 4.94611e-08 
0.06297 1.15 2.62487e-07 
0.06297 1.155 1.35399e-06 
0.06297 1.16 5.42245e-06 
0.06297 1.165 2.14498e-05 
0.06297 1.17 6.40755e-05 
0.06297 1.175 0.00019756 
0.06297 1.18 0.000464487 
0.06297 1.185 0.000995011 
0.06297 1.19 0.00180009 
0.06297 1.195 0.00280304 
0.06297 1.2 0.00398547 
0.06297 1.205 0.00464202 
0.06297 1.21 0.00469387 
0.06297 1.215 0.0041725 
0.06297 1.22 0.00319805 
0.06297 1.225 0.0021016 
0.06297 1.23 0.00118117 
0.06297 1.235 0.000592687 
0.06297 1.24 0.000246778 
0.06297 1.245 9.25189e-05 
0.06297 1.25 2.74479e-05 
0.06297 1.255 7.1863e-06 
0.06297 1.26 1.2587e-06 
0.06297 1.265 4.07216e-08 
0.06497 1.14 2.19427e-09 
0.06497 1.145 3.40466e-08 
0.06497 1.15 1.9699e-07 
0.06497 1.155 1.00451e-06 
0.06497 1.16 4.3558e-06 
0.06497 1.165 1.68465e-05 
0.06497 1.17 5.2757e-05 
0.06497 1.175 0.000161095 
0.06497 1.18 0.000418427 
0.06497 1.185 0.0008439 
0.06497 1.19 0.00156392 
0.06497 1.195 0.00251279 
0.06497 1.2 0.0035627 
0.06497 1.205 0.00423485 
0.06497 1.21 0.00439624 
0.06497 1.215 0.00401325 
0.06497 1.22 0.00301948 
0.06497 1.225 0.00221912 
0.06497 1.23 0.00130042 
0.06497 1.235 0.00069191 
0.06497 1.24 0.0002873 
0.06497 1.245 0.000110343 
0.06497 1.25 3.60042e-05 
0.06497 1.255 1.02477e-05 
0.06497 1.26 1.95268e-06 
0.06497 1.265 4.62805e-08 
0.06697 1.14 1.58491e-09 
0.06697 1.145 1.80989e-08 
0.06697 1.15 1.14517e-07 
0.06697 1.155 6.34688e-07 
0.06697 1.16 2.78446e-06 
0.06697 1.165 1.07699e-05 
0.06697 1.17 3.64542e-05 
0.06697 1.175 0.000107283 
0.06697 1.18 0.000292453 
0.06697 1.185 0.000649564 
0.06697 1.19 0.00126964 
0.06697 1.195 0.00217318 
0.06697 1.2 0.00308016 
0.06697 1.205 0.00397834 
0.06697 1.21 0.00428954 
0.06697 1.215 0.00425364 
0.06697 1.22 0.00336816 
0.06697 1.225 0.00237851 
0.06697 1.23 0.00144212 
0.06697 1.235 0.000765917 
0.06697 1.24 0.000352557 
0.06697 1.245 0.000136207 
0.06697 1.25 4.48435e-05 
0.06697 1.255 1.20383e-05 
0.06697 1.26 2.07869e-06 
0.06697 1.265 7.43977e-08 
0.06697 1.27 1.25019e-10 
0.06897 1.14 6.87984e-10 
0.06897 1.145 1.13988e-08 
0.06897 1.15 8.45954e-08 
0.06897 1.155 4.49401e-07 
0.06897 1.16 2.07171e-06 
0.06897 1.165 9.10939e-06 
0.06897 1.17 3.09819e-05 
0.06897 1.175 9.46295e-05 
0.06897 1.18 0.000257883 
0.06897 1.185 0.000602258 
0.06897 1.19 0.00114991 
0.06897 1.195 0.00197062 
0.06897 1.2 0.003116 
0.06897 1.205 0.00417782 
0.06897 1.21 0.00443954 
0.06897 1.215 0.00451698 
0.06897 1.22 0.00348612 
0.06897 1.225 0.00254987 
0.06897 1.23 0.00163492 
0.06897 1.235 0.000894579 
0.06897 1.24 0.000391365 
0.06897 1.245 0.000156291 
0.06897 1.25 5.15562e-05 
0.06897 1.255 1.58712e-05 
0.06897 1.26 3.2693e-06 
0.06897 1.265 1.01449e-07 
0.07097 1.14 4.97731e-10 
0.07097 1.145 7.8766e-09 
0.07097 1.15 4.96123e-08 
0.07097 1.155 2.97369e-07 
0.07097 1.16 1.46925e-06 
0.07097 1.165 6.41588e-06 
0.07097 1.17 2.30337e-05 
0.07097 1.175 7.00686e-05 
0.07097 1.18 0.000201652 
0.07097 1.185 0.00046165 
0.07097 1.19 0.000944574 
0.07097 1.195 0.00181864 
0.07097 1.2 0.00284155 
0.07097 1.205 0.00372869 
0.07097 1.21 0.00434173 
0.07097 1.215 0.00430487 
0.07097 1.22 0.00401623 
0.07097 1.225 0.00296491 
0.07097 1.23 0.0019081 
0.07097 1.235 0.00101301 
0.07097 1.24 0.000517056 
0.07097 1.245 0.000212067 
0.07097 1.25 7.20215e-05 
0.07097 1.255 2.22147e-05 
0.07097 1.26 4.0718e-06 
0.07097 1.265 1.88808e-07 
0.07097 1.27 1.80699e-10 
0.07297 1.14 2.7886e-10 
0.07297 1.145 4.27094e-09 
0.07297 1.15 3.06704e-08 
0.07297 1.155 1.8654e-07 
0.07297 1.16 9.36562e-07 
0.07297 1.165 4.21909e-06 
0.07297 1.17 1.61327e-05 
0.07297 1.175 5.90231e-05 
0.07297 1.18 0.000157646 
0.07297 1.185 0.000418763 
0.07297 1.19 0.000858932 
0.07297 1.195 0.0016493 
0.07297 1.2 0.00264131 
0.07297 1.205 0.00360905 
0.07297 1.21 0.00448951 
0.07297 1.215 0.00444349 
0.07297 1.22 0.00408372 
0.07297 1.225 0.00323943 
0.07297 1.23 0.00209477 
0.07297 1.235 0.00120431 
0.07297 1.24 0.000572137 
0.07297 1.245 0.000236982 
0.07297 1.25 7.93074e-05 
0.07297 1.255 2.60038e-05 
0.07297 1.26 5.55236e-06 
0.07297 1.265 2.28137e-07 
0.07297 1.27 2.0668e-10 
0.07497 1.14 1.6592e-10 
0.07497 1.145 2.70408e-09 
0.07497 1.15 2.03856e-08 
0.07497 1.155 1.09689e-07 
0.07497 1.16 6.31433e-07 
0.07497 1.165 3.07125e-06 
0.07497 1.17 1.19462e-05 
0.07497 1.175 4.23955e-05 
0.07497 1.18 0.000123213 
0.07497 1.185 0.000325618 
0.07497 1.19 0.000717814 
0.07497 1.195 0.00141819 
0.07497 1.2 0.00226811 
0.07497 1.205 0.00320018 
0.07497 1.21 0.00380766 
0.07497 1.215 0.00435003 
0.07497 1.22 0.00383816 
0.07497 1.225 0.00309443 
0.07497 1.23 0.00204061 
0.07497 1.235 0.00126718 
0.07497 1.24 0.000578589 
0.07497 1.245 0.000282488 
0.07497 1.25 0.000101661 
0.07497 1.255 3.34019e-05 
0.07497 1.26 6.64193e-06 
0.07497 1.265 2.25714e-07 
0.07497 1.27 4.96368e-10 
0.07697 1.145 1.63449e-09 
0.07697 1.15 1.20538e-08 
0.07697 1.155 7.91821e-08 
0.07697 1.16 4.18848e-07 
0.07697 1.165 1.98389e-06 
0.07697 1.17 8.22597e-06 
0.07697 1.175 3.06048e-05 
0.07697 1.18 8.54296e-05 
0.07697 1.185 0.000231513 
0.07697 1.19 0.000534383 
0.07697 1.195 0.00106957 
0.07697 1.2 0.00174155 
0.07697 1.205 0.00283246 
0.07697 1.21 0.00350077 
0.07697 1.215 0.0039542 
0.07697 1.22 0.00381148 
0.07697 1.225 0.00308761 
0.07697 1.23 0.00215898 
0.07697 1.235 0.00130405 
0.07697 1.24 0.000695559 
0.07697 1.245 0.000306885 
0.07697 1.25 0.000114926 
0.07697 1.255 3.57411e-05 
0.07697 1.26 8.62779e-06 
0.07697 1.265 3.28864e-07 
0.07697 1.27 3.28949e-10 
0.07897 1.145 7.74096e-10 
0.07897 1.15 6.11526e-09 
0.07897 1.155 4.19215e-08 
0.07897 1.16 2.59385e-07 
0.07897 1.165 1.21588e-06 
0.07897 1.17 5.34756e-06 
0.07897 1.175 1.92962e-05 
0.07897 1.18 6.89203e-05 
0.07897 1.185 0.000184767 
0.07897 1.19 0.000458111 
0.07897 1.195 0.00092159 
0.07897 1.2 0.00167476 
0.07897 1.205 0.00273967 
0.07897 1.21 0.00350385 
0.07897 1.215 0.00418327 
0.07897 1.22 0.00382472 
0.07897 1.225 0.00343862 
0.07897 1.23 0.00248014 
0.07897 1.235 0.00152291 
0.07897 1.24 0.000819813 
0.07897 1.245 0.000367747 
0.07897 1.25 0.000136376 
0.07897 1.255 4.49825e-05 
0.07897 1.26 1.01428e-05 
0.07897 1.265 4.6691e-07 
0.07897 1.27 3.60171e-10 
0.08097 1.145 4.80165e-10 
0.08097 1.15 4.24296e-09 
0.08097 1.155 2.99045e-08 
0.08097 1.16 1.76902e-07 
0.08097 1.165 9.41546e-07 
0.08097 1.17 4.27694e-06 
0.08097 1.175 1.64603e-05 
0.08097 1.18 5.30948e-05 
0.08097 1.185 0.000150398 
0.08097 1.19 0.000380394 
0.08097 1.195 0.000778437 
0.08097 1.2 0.00148628 
0.08097 1.205 0.0023539 
0.08097 1.21 0.00324369 
0.08097 1.215 0.00387536 
0.08097 1.22 0.00395567 
0.08097 1.225 0.00326503 
0.08097 1.23 0.00246049 
0.08097 1.235 0.00156023 
0.08097 1.24 0.000818634 
0.08097 1.245 0.000418706 
0.08097 1.25 0.000166561 
0.08097 1.255 6.02316e-05 
0.08097 1.26 1.38945e-05 
0.08097 1.265 4.18324e-07 
0.08097 1.27 3.65917e-10 
0.08297 1.145 3.06309e-10 
0.08297 1.15 2.38267e-09 
0.08297 1.155 1.73724e-08 
0.08297 1.16 1.1687e-07 
0.08297 1.165 6.08565e-07 
0.08297 1.17 2.92852e-06 
0.08297 1.175 1.12856e-05 
0.08297 1.18 3.83563e-05 
0.08297 1.185 0.000117597 
0.08297 1.19 0.000297297 
0.08297 1.195 0.000644506 
0.08297 1.2 0.00125175 
0.08297 1.205 0.0020812 
0.08297 1.21 0.00291434 
0.08297 1.215 0.00358399 
0.08297 1.22 0.00374188 
0.08297 1.225 0.00340902 
0.08297 1.23 0.00256721 
0.08297 1.235 0.00184022 
0.08297 1.24 0.00102703 
0.08297 1.245 0.000493076 
0.08297 1.25 0.000203613 
0.08297 1.255 6.91939e-05 
0.08297 1.26 1.81809e-05 
0.08297 1.265 6.93296e-07 
0.08297 1.27 7.98524e-10 
0.08497 1.145 1.41256e-10 
0.08497 1.15 1.26566e-09 
0.08497 1.155 9.64499e-09 
0.08497 1.16 6.09743e-08 
0.08497 1.165 3.5865e-07 
0.08497 1.17 1.79504e-06 
0.08497 1.175 7.79118e-06 
0.08497 1.18 2.74929e-05 
0.08497 1.185 8.50605e-05 
0.08497 1.19 0.000230171 
0.08497 1.195 0.000496559 
0.08497 1.2 0.00100729 
0.08497 1.205 0.00172548 
0.08497 1.21 0.00253064 
0.08497 1.215 0.0031289 
0.08497 1.22 0.00348127 
0.08497 1.225 0.00333181 
0.08497 1.23 0.00261294 
0.08497 1.235 0.00180656 
0.08497 1.24 0.00103139 
0.08497 1.245 0.00053852 
0.08497 1.25 0.000206694 
0.08497 1.255 8.24117e-05 
0.08497 1.26 1.91275e-05 
0.08497 1.265 9.09562e-07 
0.08497 1.27 4.59137e-10 
0.08697 1.15 7.93913e-10 
0.08697 1.155 5.91079e-09 
0.08697 1.16 4.01624e-08 
0.08697 1.165 2.34402e-07 
0.08697 1.17 1.21627e-06 
0.08697 1.175 5.02769e-06 
0.08697 1.18 1.94928e-05 
0.08697 1.185 6.06239e-05 
0.08697 1.19 0.000163575 
0.08697 1.195 0.000408085 
0.08697 1.2 0.000794539 
0.08697 1.205 0.00140391 
0.08697 1.21 0.00212977 
0.08697 1.215 0.0028587 
0.08697 1.22 0.00316894 
0.08697 1.225 0.00318132 
0.08697 1.23 0.00253829 
0.08697 1.235 0.00183877 
0.08697 1.24 0.00110962 
0.08697 1.245 0.000570695 
0.08697 1.25 0.000259122 
0.08697 1.255 9.04749e-05 
0.08697 1.26 2.27419e-05 
0.08697 1.265 9.76874e-07 
0.08697 1.27 3.09164e-10 
0.08897 1.15 4.43088e-10 
0.08897 1.155 3.44335e-09 
0.08897 1.16 2.27033e-08 
0.08897 1.165 1.35022e-07 
0.08897 1.17 7.02242e-07 
0.08897 1.175 3.13216e-06 
0.08897 1.18 1.25088e-05 
0.08897 1.185 4.11111e-05 
0.08897 1.19 0.000113079 
0.08897 1.195 0.000298274 
0.08897 1.2 0.00065591 
0.08897 1.205 0.00117545 
0.08897 1.21 0.00183568 
0.08897 1.215 0.00248208 
0.08897 1.22 0.00287411 
0.08897 1.225 0.00279472 
0.08897 1.23 0.00241301 
0.08897 1.235 0.00175274 
0.08897 1.24 0.00109047 
0.08897 1.245 0.000607687 
0.08897 1.25 0.000263904 
0.08897 1.255 0.000108416 
0.08897 1.26 2.78262e-05 
0.08897 1.265 1.11615e-06 
0.08897 1.27 8.51503e-10 
0.09097 1.15 2.09552e-10 
0.09097 1.155 1.8541e-09 
0.09097 1.16 1.28482e-08 
0.09097 1.165 8.66757e-08 
0.09097 1.17 4.76968e-07 
0.09097 1.175 2.15447e-06 
0.09097 1.18 8.61776e-06 
0.09097 1.185 2.98058e-05 
0.09097 1.19 9.03405e-05 
0.09097 1.195 0.000227553 
0.09097 1.2 0.00047905 
0.09097 1.205 0.000935052 
0.09097 1.21 0.00155198 
0.09097 1.215 0.00217176 
0.09097 1.22 0.00250905 
0.09097 1.225 0.00268249 
0.09097 1.23 0.00230586 
0.09097 1.235 0.00180191 
0.09097 1.24 0.00110256 
0.09097 1.245 0.000591672 
0.09097 1.25 0.000273749 
0.09097 1.255 0.000107073 
0.09097 1.26 2.98853e-05 
0.09097 1.265 1.56752e-06 
0.09097 1.27 1.33974e-10 
0.09297 1.15 1.10874e-10 
0.09297 1.155 9.97596e-10 
0.09297 1.16 7.75055e-09 
0.09297 1.165 5.45094e-08 
0.09297 1.17 2.96453e-07 
0.09297 1.175 1.48041e-06 
0.09297 1.18 5.98895e-06 
0.09297 1.185 2.19059e-05 
0.09297 1.19 6.79656e-05 
0.09297 1.195 0.000179395 
0.09297 1.2 0.000404042 
0.09297 1.205 0.000777431 
0.09297 1.21 0.00130816 
0.09297 1.215 0.00188795 
0.09297 1.22 0.00244303 
0.09297 1.225 0.00249972 
0.09297 1.23 0.00217356 
0.09297 1.235 0.00176573 
0.09297 1.24 0.00113794 
0.09297 1.245 0.000685857 
0.09297 1.25 0.000309949 
0.09297 1.255 0.000135697 
0.09297 1.26 3.84864e-05 
0.09297 1.265 1.56501e-06 
0.09297 1.27 7.03115e-10 
0.09497 1.155 5.9754e-10 
0.09497 1.16 4.60232e-09 
0.09497 1.165 3.25173e-08 
0.09497 1.17 1.7811e-07 
0.09497 1.175 9.4464e-07 
0.09497 1.18 4.10878e-06 
0.09497 1.185 1.51833e-05 
0.09497 1.19 5.01081e-05 
0.09497 1.195 0.000133592 
0.09497 1.2 0.000305003 
0.09497 1.205 0.00060195 
0.09497 1.21 0.0011056 
0.09497 1.215 0.00174831 
0.09497 1.22 0.00212069 
0.09497 1.225 0.00242854 
0.09497 1.23 0.00224529 
0.09497 1.235 0.00187602 
0.09497 1.24 0.00121241 
0.09497 1.245 0.000709394 
0.09497 1.25 0.00036222 
0.09497 1.255 0.000153336 
0.09497 1.26 4.18324e-05 
0.09497 1.265 1.97404e-06 
0.09497 1.27 1.32613e-09 
0.09697 1.155 2.94941e-10 
0.09697 1.16 2.70852e-09 
0.09697 1.165 1.87717e-08 
0.09697 1.17 1.2089e-07 
0.09697 1.175 6.27433e-07 
0.09697 1.18 2.78961e-06 
0.09697 1.185 1.01704e-05 
0.09697 1.19 3.44465e-05 
0.09697 1.195 9.69026e-05 
0.09697 1.2 0.00025098 
0.09697 1.205 0.000534788 
0.09697 1.21 0.000982158 
0.09697 1.215 0.00153527 
0.09697 1.22 0.00200569 
0.09697 1.225 0.00226207 
0.09697 1.23 0.00219801 
0.09697 1.235 0.00186178 
0.09697 1.24 0.00129129 
0.09697 1.245 0.000746456 
0.09697 1.25 0.000396348 
0.09697 1.255 0.000165362 
0.09697 1.26 4.83091e-05 
0.09697 1.265 2.7864e-06 
0.09697 1.27 1.98647e-09 
0.09897 1.155 1.62022e-10 
0.09897 1.16 1.45248e-09 
0.09897 1.165 1.0608e-08 
0.09897 1.17 6.68754e-08 
0.09897 1.175 3.67127e-07 
0.09897 1.18 1.72541e-06 
0.09897 1.185 6.62333e-06 
0.09897 1.19 2.32853e-05 
0.09897 1.195 6.83692e-05 
0.09897 1.2 0.000175021 
0.09897 1.205 0.000398748 
0.09897 1.21 0.000719902 
0.09897 1.215 0.00113964 
0.09897 1.22 0.00160364 
0.09897 1.225 0.00185966 
0.09897 1.23 0.0018244 
0.09897 1.235 0.0016302 
0.09897 1.24 0.00117425 
0.09897 1.245 0.000719276 
0.09897 1.25 0.000395794 
0.09897 1.255 0.00016845 
0.09897 1.26 5.56476e-05 
0.09897 1.265 3.05995e-06 
0.09897 1.27 4.02205e-10 
0.10097 1.16 6.78468e-10 
0.10097 1.165 5.31465e-09 
0.10097 1.17 3.50049e-08 
0.10097 1.175 1.91645e-07 
0.10097 1.18 9.53208e-07 
0.10097 1.185 4.2866e-06 
0.10097 1.19 1.57162e-05 
0.10097 1.195 4.82612e-05 
0.10097 1.2 0.000130064 
0.10097 1.205 0.000299685 
0.10097 1.21 0.000605969 
0.10097 1.215 0.00102973 
0.10097 1.22 0.00141537 
0.10097 1.225 0.0017408 
0.10097 1.23 0.00179978 
0.10097 1.235 0.00162268 
0.10097 1.24 0.00119073 
0.10097 1.245 0.000741959 
0.10097 1.25 0.000415705 
0.10097 1.255 0.000188297 
0.10097 1.26 5.81144e-05 
0.10097 1.265 2.85457e-06 
0.10097 1.27 7.51195e-10 
0.10297 1.16 3.85828e-10 
0.10297 1.165 3.10915e-09 
0.10297 1.17 2.11711e-08 
0.10297 1.175 1.29976e-07 
0.10297 1.18 6.52696e-07 
0.10297 1.185 2.9789e-06 
0.10297 1.19 1.10064e-05 
0.10297 1.195 3.47205e-05 
0.10297 1.2 9.41464e-05 
0.10297 1.205 0.000225113 
0.10297 1.21 0.000438308 
0.10297 1.215 0.000758405 
0.10297 1.22 0.00112042 
0.10297 1.225 0.00136084 
0.10297 1.23 0.00148016 
0.10297 1.235 0.00133478 
0.10297 1.24 0.00107531 
0.10297 1.245 0.000709827 
0.10297 1.25 0.000402912 
0.10297 1.255 0.000193857 
0.10297 1.26 5.9849e-05 
0.10297 1.265 2.82147e-06 
0.10297 1.27 1.85863e-09 
0.10497 1.16 2.15787e-10 
0.10497 1.165 1.77153e-09 
0.10497 1.17 1.26427e-08 
0.10497 1.175 7.91972e-08 
0.10497 1.18 4.04791e-07 
0.10497 1.185 1.89322e-06 
0.10497 1.19 6.86841e-06 
0.10497 1.195 2.19603e-05 
0.10497 1.2 6.00589e-05 
0.10497 1.205 0.000147758 
0.10497 1.21 0.000310356 
0.10497 1.215 0.000556933 
0.10497 1.22 0.000825829 
0.10497 1.225 0.00113622 
0.10497 1.23 0.00128033 
0.10497 1.235 0.00120777 
0.10497 1.24 0.000954339 
0.10497 1.245 0.000657944 
0.10497 1.25 0.000386964 
0.10497 1.255 0.000194795 
0.10497 1.26 6.14768e-05 
0.10497 1.265 3.89388e-06 
0.10497 1.27 4.01041e-09 
0.10697 1.16 1.0669e-10 
0.10697 1.165 8.63844e-10 
0.10697 1.17 6.49203e-09 
0.10697 1.175 4.09358e-08 
0.10697 1.18 2.2769e-07 
0.10697 1.185 1.10652e-06 
0.10697 1.19 4.72683e-06 
0.10697 1.195 1.61324e-05 
0.10697 1.2 5.03663e-05 
0.10697 1.205 0.000123602 
0.10697 1.21 0.000263449 
0.10697 1.215 0.000481332 
0.10697 1.22 0.000761832 
0.10697 1.225 0.000993424 
0.10697 1.23 0.00117049 
0.10697 1.235 0.00114183 
0.10697 1.24 0.000917048 
0.10697 1.245 0.000662617 
0.10697 1.25 0.00039237 
0.10697 1.255 0.000198376 
0.10697 1.26 6.77258e-05 
0.10697 1.265 3.51597e-06 
0.10697 1.27 3.20987e-09 
0.10897 1.165 5.56647e-10 
0.10897 1.17 4.35269e-09 
0.10897 1.175 2.77202e-08 
0.10897 1.18 1.57896e-07 
0.10897 1.185 7.39491e-07 
0.10897 1.19 3.09989e-06 
0.10897 1.195 1.13247e-05 
0.10897 1.2 3.47163e-05 
0.10897 1.205 9.07614e-05 
0.10897 1.21 0.000207938 
0.10897 1.215 0.000391019 
0.10897 1.22 0.000614508 
0.10897 1.225 0.000882166 
0.10897 1.23 0.00102422 
0.10897 1.235 0.00104948 
0.10897 1.24 0.000885619 
0.10897 1.245 0.000642952 
0.10897 1.25 0.000380194 
0.10897 1.255 0.000203093 
0.10897 1.26 6.81595e-05 
0.10897 1.265 4.63062e-06 
0.10897 1.27 3.85179e-09 
0.11097 1.165 2.73426e-10 
0.11097 1.17 2.15726e-09 
0.11097 1.175 1.47573e-08 
0.11097 1.18 8.8884e-08 
0.11097 1.185 4.44788e-07 
0.11097 1.19 1.98532e-06 
0.11097 1.195 7.57607e-06 
0.11097 1.2 2.31442e-05 
0.11097 1.205 6.27253e-05 
0.11097 1.21 0.000149114 
0.11097 1.215 0.000286882 
0.11097 1.22 0.000496616 
0.11097 1.225 0.00072419 
0.11097 1.23 0.000833225 
0.11097 1.235 0.000867682 
0.11097 1.24 0.000753737 
0.11097 1.245 0.000588191 
0.11097 1.25 0.000392046 
0.11097 1.255 0.000207705 
0.11097 1.26 7.25198e-05 
0.11097 1.265 4.59837e-06 
0.11097 1.27 1.10913e-08 
0.11297 1.165 1.40041e-10 
0.11297 1.17 1.20205e-09 
0.11297 1.175 8.44063e-09 
0.11297 1.18 5.20181e-08 
0.11297 1.185 2.67875e-07 
0.11297 1.19 1.20824e-06 
0.11297 1.195 4.69214e-06 
0.11297 1.2 1.54096e-05 
0.11297 1.205 4.40711e-05 
0.11297 1.21 0.000106661 
0.11297 1.215 0.000213225 
0.11297 1.22 0.000364402 
0.11297 1.225 0.000555916 
0.11297 1.23 0.000722304 
0.11297 1.235 0.000768527 
0.11297 1.24 0.000736109 
0.11297 1.245 0.000584283 
0.11297 1.25 0.000363617 
0.11297 1.255 0.000210356 
0.11297 1.26 7.64481e-05 
0.11297 1.265 4.77989e-06 
0.11297 1.27 6.85336e-09 
0.11497 1.17 6.09977e-10 
0.11497 1.175 4.35202e-09 
0.11497 1.18 2.90888e-08 
0.11497 1.185 1.62285e-07 
0.11497 1.19 7.70459e-07 
0.11497 1.195 3.01377e-06 
0.11497 1.2 1.00761e-05 
0.11497 1.205 2.98455e-05 
0.11497 1.21 7.56856e-05 
0.11497 1.215 0.000169128 
0.11497 1.22 0.000304016 
0.11497 1.225 0.000456996 
0.11497 1.23 0.000594822 
0.11497 1.235 0.000651868 
0.11497 1.24 0.000630436 
0.11497 1.245 0.000497763 
0.11497 1.25 0.000345193 
0.11497 1.255 0.000207557 
0.11497 1.26 7.78566e-05 
0.11497 1.265 4.86524e-06 
0.11497 1.27 5.07547e-09 
0.11697 1.17 2.75892e-10 
0.11697 1.175 2.25057e-09 
0.11697 1.18 1.55034e-08 
0.11697 1.185 8.99739e-08 
0.11697 1.19 4.33461e-07 
0.11697 1.195 1.81009e-06 
0.11697 1.2 6.74761e-06 
0.11697 1.205 2.13715e-05 
0.11697 1.21 5.49313e-05 
0.11697 1.215 0.000124088 
0.11697 1.22 0.000227665 
0.11697 1.225 0.00037755 
0.11697 1.23 0.000507698 
0.11697 1.235 0.000590465 
0.11697 1.24 0.000579811 
0.11697 1.245 0.000485482 
0.11697 1.25 0.000327862 
0.11697 1.255 0.000191189 
0.11697 1.26 7.76746e-05 
0.11697 1.265 5.18385e-06 
0.11697 1.27 2.51304e-09 
0.11897 1.17 1.51193e-10 
0.11897 1.175 1.27025e-09 
0.11897 1.18 7.48203e-09 
0.11897 1.185 4.63362e-08 
0.11897 1.19 2.39961e-07 
0.11897 1.195 1.06479e-06 
0.11897 1.2 3.96395e-06 
0.11897 1.205 1.27224e-05 
0.11897 1.21 3.3461e-05 
0.11897 1.215 7.57077e-05 
0.11897 1.22 0.000154114 
0.11897 1.225 0.000258135 
0.11897 1.23 0.000360614 
0.11897 1.235 0.000449448 
0.11897 1.24 0.000443889 
0.11897 1.245 0.000386755 
0.11897 1.25 0.000289745 
0.11897 1.255 0.000186231 
0.11897 1.26 7.45799e-05 
0.11897 1.265 4.77821e-06 
0.11897 1.27 2.51455e-09 
0.12097 1.175 6.13557e-10 
0.12097 1.18 4.30163e-09 
0.12097 1.185 2.81109e-08 
0.12097 1.19 1.56226e-07 
0.12097 1.195 6.79373e-07 
0.12097 1.2 2.68686e-06 
0.12097 1.205 8.33925e-06 
0.12097 1.21 2.4774e-05 
0.12097 1.215 5.75065e-05 
0.12097 1.22 0.0001183 
0.12097 1.225 0.000195068 
0.12097 1.23 0.000286813 
0.12097 1.235 0.000361996 
0.12097 1.24 0.000362117 
0.12097 1.245 0.000337099 
0.12097 1.25 0.000242003 
0.12097 1.255 0.000155351 
0.12097 1.26 6.61167e-05 
0.12097 1.265 4.53303e-06 
0.12097 1.27 3.21194e-09 
0.12297 1.175 3.23978e-10 
0.12297 1.18 2.41502e-09 
0.12297 1.185 1.50567e-08 
0.12297 1.19 8.85731e-08 
0.12297 1.195 4.08335e-07 
0.12297 1.2 1.67458e-06 
0.12297 1.205 5.89646e-06 
0.12297 1.21 1.66423e-05 
0.12297 1.215 3.96624e-05 
0.12297 1.22 8.37351e-05 
0.12297 1.225 0.000147609 
0.12297 1.23 0.000221009 
0.12297 1.235 0.000289179 
0.12297 1.24 0.00031744 
0.12297 1.245 0.000285206 
0.12297 1.25 0.000232609 
0.12297 1.255 0.000152696 
0.12297 1.26 6.63077e-05 
0.12297 1.265 4.93897e-06 
0.12297 1.27 4.93007e-09 
0.12497 1.175 1.64462e-10 
0.12497 1.18 1.27731e-09 
0.12497 1.185 8.43771e-09 
0.12497 1.19 5.00076e-08 
0.12497 1.195 2.3077e-07 
0.12497 1.2 1.00884e-06 
0.12497 1.205 3.55716e-06 
0.12497 1.21 1.13259e-05 
0.12497 1.215 2.95984e-05 
0.12497 1.22 6.25633e-05 
0.12497 1.225 0.00011791 
0.12497 1.23 0.000183271 
0.12497 1.235 0.000251035 
0.12497 1.24 0.000276412 
0.12497 1.245 0.00025707 
0.12497 1.25 0.000213601 
0.12497 1.255 0.000142391 
0.12497 1.26 6.81311e-05 
0.12497 1.265 5.01121e-06 
0.12497 1.27 4.94866e-09 
0.12697 1.18 6.3905e-10 
0.12697 1.185 4.87563e-09 
0.12697 1.19 2.83721e-08 
0.12697 1.195 1.4605e-07 
0.12697 1.2 6.25491e-07 
0.12697 1.205 2.34071e-06 
0.12697 1.21 7.4222e-06 
0.12697 1.215 1.95077e-05 
0.12697 1.22 4.43511e-05 
0.12697 1.225 8.4718e-05 
0.12697 1.23 0.000143441 
0.12697 1.235 0.000192751 
0.12697 1.24 0.000225808 
0.12697 1.245 0.000227313 
0.12697 1.25 0.000182981 
0.12697 1.255 0.000120427 
0.12697 1.26 6.05959e-05 
0.12697 1.265 4.29643e-06 
0.12697 1.27 7.34827e-09 
0.12897 1.18 3.36964e-10 
0.12897 1.185 2.5284e-09 
0.12897 1.19 1.5564e-08 
0.12897 1.195 8.32905e-08 
0.12897 1.2 3.85532e-07 
0.12897 1.205 1.48278e-06 
0.12897 1.21 4.59236e-06 
0.12897 1.215 1.24704e-05 
0.12897 1.22 3.01656e-05 
0.12897 1.225 6.12076e-05 
0.12897 1.23 9.59843e-05 
0.12897 1.235 0.000145315 
0.12897 1.24 0.000169814 
0.12897 1.245 0.000177484 
0.12897 1.25 0.000155904 
0.12897 1.255 0.000113158 
0.12897 1.26 5.44142e-05 
0.12897 1.265 4.3498e-06 
0.12897 1.27 5.29036e-09 
0.13097 1.18 1.69686e-10 
0.13097 1.185 1.32688e-09 
0.13097 1.19 8.06474e-09 
0.13097 1.195 4.52131e-08 
0.13097 1.2 2.16594e-07 
0.13097 1.205 8.33081e-07 
0.13097 1.21 3.13881e-06 
0.13097 1.215 8.61096e-06 
0.13097 1.22 2.13144e-05 
0.13097 1.225 4.49383e-05 
0.13097 1.23 7.68965e-05 
0.13097 1.235 0.000115439 
0.13097 1.24 0.00014239 
0.13097 1.245 0.000158688 
0.13097 1.25 0.0001378 
0.13097 1.255 0.000101822 
0.13097 1.26 5.28807e-05 
0.13097 1.265 4.21673e-06 
0.13097 1.27 3.18676e-09 
0.13297 1.185 6.25809e-10 
0.13297 1.19 4.43578e-09 
0.13297 1.195 2.65081e-08 
0.13297 1.2 1.30302e-07 
0.13297 1.205 5.29652e-07 
0.13297 1.21 1.89231e-06 
0.13297 1.215 5.70779e-06 
0.13297 1.22 1.48397e-05 
0.13297 1.225 3.13233e-05 
0.13297 1.23 5.75541e-05 
0.13297 1.235 8.75642e-05 
0.13297 1.24 0.000115031 
0.13297 1.245 0.000126661 
0.13297 1.25 0.000117103 
0.13297 1.255 9.1678e-05 
0.13297 1.26 4.61632e-05 
0.13297 1.265 4.36215e-06 
0.13297 1.27 6.08787e-09 
0.13497 1.185 3.26585e-10 
0.13497 1.19 2.45013e-09 
0.13497 1.195 1.5286e-08 
0.13497 1.2 8.23706e-08 
0.13497 1.205 3.44519e-07 
0.13497 1.21 1.29164e-06 
0.13497 1.215 3.87723e-06 
0.13497 1.22 1.04406e-05 
0.13497 1.225 2.24575e-05 
0.13497 1.23 4.02467e-05 
0.13497 1.235 6.67716e-05 
0.13497 1.24 8.97053e-05 
0.13497 1.245 9.89903e-05 
0.13497 1.25 9.47236e-05 
0.13497 1.255 7.73958e-05 
0.13497 1.26 4.18342e-05 
0.13497 1.265 3.74989e-06 
0.13497 1.27 3.50587e-09 
0.13697 1.185 1.34435e-10 
0.13697 1.19 1.0442e-09 
0.13697 1.195 6.67394e-09 
0.13697 1.2 3.74189e-08 
0.13697 1.205 1.73608e-07 
0.13697 1.21 6.79646e-07 
0.13697 1.215 2.2846e-06 
0.13697 1.22 6.09845e-06 
0.13697 1.225 1.44295e-05 
0.13697 1.23 2.95022e-05 
0.13697 1.235 4.95124e-05 
0.13697 1.24 6.89796e-05 
0.13697 1.245 7.76547e-05 
0.13697 1.25 8.28095e-05 
0.13697 1.255 6.6927e-05 
0.13697 1.26 3.73936e-05 
0.13697 1.265 3.58913e-06 
0.13697 1.27 9.88403e-09 
0.13897 1.19 5.51301e-10 
0.13897 1.195 3.8449e-09 
0.13897 1.2 2.11136e-08 
0.13897 1.205 9.81229e-08 
0.13897 1.21 4.01242e-07 
0.13897 1.215 1.35281e-06 
0.13897 1.22 3.86315e-06 
0.13897 1.225 9.39293e-06 
0.13897 1.23 1.85797e-05 
0.13897 1.235 3.22984e-05 
0.13897 1.24 4.76368e-05 
0.13897 1.245 5.7333e-05 
0.13897 1.25 5.98039e-05 
0.13897 1.255 5.07463e-05 
0.13897 1.26 3.1148e-05 
0.13897 1.265 3.01489e-06 
0.13897 1.27 1.21399e-08 
0.14097 1.19 2.86339e-10 
0.14097 1.195 1.87545e-09 
0.14097 1.2 1.10113e-08 
0.14097 1.205 5.45821e-08 
0.14097 1.21 2.31001e-07 
0.14097 1.215 7.90602e-07 
0.14097 1.22 2.35882e-06 
0.14097 1.225 5.64604e-06 
0.14097 1.23 1.25636e-05 
0.14097 1.235 2.20259e-05 
0.14097 1.24 3.33693e-05 
0.14097 1.245 4.13143e-05 
0.14097 1.25 4.45221e-05 
0.14097 1.255 4.03597e-05 
0.14097 1.26 2.46949e-05 
0.14097 1.265 2.41241e-06 
0.14097 1.27 6.79817e-09 
0.14297 1.19 1.36034e-10 
0.14297 1.195 9.90904e-10 
0.14297 1.2 6.17638e-09 
0.14297 1.205 3.19854e-08 
0.14297 1.21 1.37448e-07 
0.14297 1.215 5.06264e-07 
0.14297 1.22 1.55607e-06 
0.14297 1.225 4.15902e-06 
0.14297 1.23 8.79505e-06 
0.14297 1.235 1.58841e-05 
0.14297 1.24 2.52038e-05 
0.14297 1.245 3.30085e-05 
0.14297 1.25 3.73209e-05 
0.14297 1.255 3.31359e-05 
0.14297 1.26 2.07637e-05 
0.14297 1.265 1.99227e-06 
0.14297 1.27 7.50336e-10 
0.14497 1.195 5.74426e-10 
0.14497 1.2 3.3032e-09 
0.14497 1.205 1.82542e-08 
0.14497 1.21 8.23762e-08 
0.14497 1.215 3.20687e-07 
0.14497 1.22 9.24183e-07 
0.14497 1.225 2.59198e-06 
0.14497 1.23 5.86487e-06 
0.14497 1.235 1.11066e-05 
0.14497 1.24 1.81489e-05 
0.14497 1.245 2.47413e-05 
0.14497 1.25 2.89604e-05 
0.14497 1.255 2.66618e-05 
0.14497 1.26 1.72971e-05 
0.14497 1.265 1.51605e-06 
0.14497 1.27 4.42352e-09 
0.14697 1.195 2.63013e-10 
0.14697 1.2 1.61704e-09 
0.14697 1.205 9.30321e-09 
0.14697 1.21 4.0796e-08 
0.14697 1.215 1.7747e-07 
0.14697 1.22 5.85761e-07 
0.14697 1.225 1.64972e-06 
0.14697 1.23 3.91359e-06 
0.14697 1.235 7.94394e-06 
0.14697 1.24 1.22816e-05 
0.14697 1.245 1.85125e-05 
0.14697 1.25 2.13171e-05 
0.14697 1.255 2.21418e-05 
0.14697 1.26 1.38851e-05 
0.14697 1.265 1.63947e-06 
0.14697 1.27 4.84136e-09 
0.14897 1.195 1.35613e-10 
0.14897 1.2 8.30205e-10 
0.14897 1.205 4.8677e-09 
0.14897 1.21 2.40902e-08 
0.14897 1.215 1.04531e-07 
0.14897 1.22 3.59363e-07 
0.14897 1.225 1.02138e-06 
0.14897 1.23 2.56307e-06 
0.14897 1.235 5.31298e-06 
0.14897 1.24 9.21176e-06 
0.14897 1.245 1.36371e-05 
0.14897 1.25 1.66317e-05 
0.14897 1.255 1.67263e-05 
0.14897 1.26 1.16803e-05 
0.14897 1.265 1.20701e-06 
0.14897 1.27 7.18482e-10 
0.15097 1.2 4.16776e-10 
0.15097 1.205 2.57391e-09 
0.15097 1.21 1.39771e-08 
0.15097 1.215 5.92961e-08 
0.15097 1.22 2.23524e-07 
0.15097 1.225 6.37734e-07 
0.15097 1.23 1.64446e-06 
0.15097 1.235 3.56266e-06 
0.15097 1.24 6.38001e-06 
0.15097 1.245 9.66942e-06 
0.15097 1.25 1.23476e-05 
0.15097 1.255 1.3166e-05 
0.15097 1.26 8.88438e-06 
0.15097 1.265 9.57809e-07 
0.15097 1.27 1.34691e-09 
0.15297 1.2 2.08955e-10 
0.15297 1.205 1.26564e-09 
0.15297 1.21 7.00129e-09 
0.15297 1.215 3.1915e-08 
0.15297 1.22 1.22987e-07 
0.15297 1.225 3.7203e-07 
0.15297 1.23 9.57838e-07 
0.15297 1.235 2.33541e-06 
0.15297 1.24 4.442e-06 
0.15297 1.245 6.81779e-06 
0.15297 1.25 8.91704e-06 
0.15297 1.255 9.755e-06 
0.15297 1.26 7.13683e-06 
0.15297 1.265 6.81311e-07 
0.15297 1.27 1.41669e-09 
0.15497 1.205 6.22078e-10 
0.15497 1.21 3.71235e-09 
0.15497 1.215 1.79388e-08 
0.15497 1.22 7.24813e-08 
0.15497 1.225 2.19121e-07 
0.15497 1.23 6.26759e-07 
0.15497 1.235 1.44066e-06 
0.15497 1.24 3.10529e-06 
0.15497 1.245 5.03931e-06 
0.15497 1.25 6.83704e-06 
0.15497 1.255 8.31544e-06 
0.15497 1.26 6.35385e-06 
0.15497 1.265 6.61823e-07 
0.15497 1.27 1.13269e-09 
0.15697 1.205 2.95597e-10 
0.15697 1.21 1.71103e-09 
0.15697 1.215 8.87739e-09 
0.15697 1.22 3.63955e-08 
0.15697 1.225 1.21427e-07 
0.15697 1.23 3.35645e-07 
0.15697 1.235 8.4312e-07 
0.15697 1.24 1.70806e-06 
0.15697 1.245 2.98602e-06 
0.15697 1.25 4.35423e-06 
0.15697 1.255 5.02481e-06 
0.15697 1.26 3.98321e-06 
0.15697 1.265 5.66713e-07 
0.15697 1.27 1.26512e-09 
0.15897 1.205 1.37986e-10 
0.15897 1.21 8.54636e-10 
0.15897 1.215 4.4549e-09 
0.15897 1.22 1.86372e-08 
0.15897 1.225 6.65125e-08 
0.15897 1.23 1.97464e-07 
0.15897 1.235 4.89119e-07 
0.15897 1.24 1.08649e-06 
0.15897 1.245 1.94363e-06 
0.15897 1.25 2.95239e-06 
0.15897 1.255 3.5064e-06 
0.15897 1.26 2.85012e-06 
0.15897 1.265 3.6646e-07 
0.15897 1.27 6.84986e-10 
0.16097 1.21 4.34795e-10 
0.16097 1.215 2.43768e-09 
0.16097 1.22 1.05284e-08 
0.16097 1.225 4.17921e-08 
0.16097 1.23 1.22229e-07 
0.16097 1.235 3.06413e-07 
0.16097 1.24 7.06685e-07 
0.16097 1.245 1.33451e-06 
0.16097 1.25 2.06805e-06 
0.16097 1.255 2.58357e-06 
0.16097 1.26 2.22976e-06 
0.16097 1.265 3.28819e-07 
0.16097 1.27 7.78659e-10 
0.16297 1.21 2.15572e-10 
0.16297 1.215 1.17701e-09 
0.16297 1.22 5.54825e-09 
0.16297 1.225 2.21536e-08 
0.16297 1.23 6.66288e-08 
0.16297 1.235 1.94763e-07 
0.16297 1.24 4.24605e-07 
0.16297 1.245 8.70418e-07 
0.16297 1.25 1.36551e-06 
0.16297 1.255 1.86616e-06 
0.16297 1.26 1.55894e-06 
0.16297 1.265 2.32344e-07 
0.16297 1.27 5.87543e-10 
0.16497 1.215 5.54483e-10 
0.16497 1.22 2.71292e-09 
0.16497 1.225 1.1187e-08 
0.16497 1.23 3.74748e-08 
0.16497 1.235 1.09976e-07 
0.16497 1.24 2.5969e-07 
0.16497 1.245 5.48802e-07 
0.16497 1.25 9.0215e-07 
0.16497 1.255 1.28738e-06 
0.16497 1.26 1.09234e-06 
0.16497 1.265 1.603e-07 
0.16497 1.27 1.95542e-10 
0.16697 1.215 3.03763e-10 
0.16697 1.22 1.44716e-09 
0.16697 1.225 6.19578e-09 
0.16697 1.23 2.22244e-08 
0.16697 1.235 6.93892e-08 
0.16697 1.24 1.72698e-07 
0.16697 1.245 3.56677e-07 
0.16697 1.25 6.23918e-07 
0.16697 1.255 9.06852e-07 
0.16697 1.26 8.60671e-07 
0.16697 1.265 1.17913e-07 
0.16697 1.27 3.65331e-10 
0.16897 1.215 1.44473e-10 
0.16897 1.22 7.30599e-10 
0.16897 1.225 3.31635e-09 
0.16897 1.23 1.14724e-08 
0.16897 1.235 3.72526e-08 
0.16897 1.24 9.64844e-08 
0.16897 1.245 2.13197e-07 
0.16897 1.25 3.7835e-07 
0.16897 1.255 5.75862e-07 
0.16897 1.26 5.50681e-07 
0.16897 1.265 7.75909e-08 
0.16897 1.27 3.33646e-10 
0.17097 1.22 3.51404e-10 
0.17097 1.225 1.7359e-09 
0.17097 1.23 6.94321e-09 
0.17097 1.235 2.21671e-08 
0.17097 1.24 6.09084e-08 
0.17097 1.245 1.41009e-07 
0.17097 1.25 2.61426e-07 
0.17097 1.255 4.01526e-07 
0.17097 1.26 4.17832e-07 
0.17097 1.265 6.63771e-08 
0.17097 1.27 4.10915e-10 
0.17297 1.22 1.907e-10 
0.17297 1.225 8.97336e-10 
0.17297 1.23 3.60333e-09 
0.17297 1.235 1.2385e-08 
0.17297 1.24 3.61761e-08 
0.17297 1.245 8.63056e-08 
0.17297 1.25 1.66384e-07 
0.17297 1.255 2.55113e-07 
0.17297 1.26 2.78169e-07 
0.17297 1.265 3.80167e-08 
0.17297 1.27 1.37224e-10 
0.17497 1.225 4.59151e-10 
0.17497 1.23 1.89231e-09 
0.17497 1.235 7.08064e-09 
0.17497 1.24 1.98398e-08 
0.17497 1.245 5.00075e-08 
0.17497 1.25 1.0367e-07 
0.17497 1.255 1.79526e-07 
0.17497 1.26 1.94792e-07 
0.17497 1.265 3.32113e-08 
0.17497 1.27 1.59217e-10 
0.17697 1.225 1.86014e-10 
0.17697 1.23 8.72039e-10 
0.17697 1.235 3.17284e-09 
0.17697 1.24 1.02185e-08 
0.17697 1.245 2.48182e-08 
0.17697 1.25 5.048e-08 
0.17697 1.255 9.09513e-08 
0.17697 1.26 1.0596e-07 
0.17697 1.265 1.94797e-08 
0.17897 1.23 4.32942e-10 
0.17897 1.235 1.70156e-09 
0.17897 1.24 5.35893e-09 
0.17897 1.245 1.46212e-08 
0.17897 1.25 3.10857e-08 
0.17897 1.255 5.75066e-08 
0.17897 1.26 6.40565e-08 
0.17897 1.265 1.19201e-08 
0.18097 1.23 2.37453e-10 
0.18097 1.235 9.07717e-10 
0.18097 1.24 3.03263e-09 
0.18097 1.245 8.18136e-09 
0.18097 1.25 1.86492e-08 
0.18097 1.255 3.45216e-08 
0.18097 1.26 4.26009e-08 
0.18097 1.265 7.69695e-09 
0.18297 1.23 1.14192e-10 
0.18297 1.235 4.78562e-10 
0.18297 1.24 1.6538e-09 
0.18297 1.245 4.47879e-09 
0.18297 1.25 1.14147e-08 
0.18297 1.255 2.16884e-08 
0.18297 1.26 2.72205e-08 
0.18297 1.265 4.98717e-09 
0.18497 1.235 2.22515e-10 
0.18497 1.24 8.18764e-10 
0.18497 1.245 2.44407e-09 
0.18497 1.25 6.17014e-09 
0.18497 1.255 1.25388e-08 
0.18497 1.26 1.59342e-08 
0.18497 1.265 2.84931e-09 
0.18697 1.235 1.20903e-10 
0.18697 1.24 4.47521e-10 
0.18697 1.245 1.32491e-09 
0.18697 1.25 3.45684e-09 
0.18697 1.255 7.34439e-09 
0.18697 1.26 1.02347e-08 
0.18697 1.265 1.98016e-09 
0.18897 1.24 2.2625e-10 
0.18897 1.245 7.07809e-10 
0.18897 1.25 1.92101e-09 
0.18897 1.255 4.15314e-09 
0.18897 1.26 5.86196e-09 
0.18897 1.265 1.44392e-09 
0.19097 1.24 1.12217e-10 
0.19097 1.245 3.572e-10 
0.19097 1.25 1.04684e-09 
0.19097 1.255 2.38394e-09 
0.19097 1.26 3.41347e-09 
0.19097 1.265 8.75077e-10 
0.19297 1.245 1.87077e-10 
0.19297 1.25 5.56933e-10 
0.19297 1.255 1.33579e-09 
0.19297 1.26 2.09665e-09 
0.19297 1.265 5.4589e-10 
0.19497 1.25 2.73138e-10 
0.19497 1.255 6.80755e-10 
0.19497 1.26 1.11396e-09 
0.19497 1.265 3.09958e-10 
0.19697 1.25 1.43463e-10 
0.19697 1.255 3.93449e-10 
0.19697 1.26 6.80714e-10 
0.19697 1.265 1.62898e-10 
0.19897 1.255 1.81627e-10 
0.19897 1.26 3.3094e-10 
0.20097 1.26 1.83205e-10 
