#logm logg JPDF
-0.04303 1.145 2.62567e-06 
-0.04103 1.145 1.34613e-05 
-0.03903 1.145 2.73556e-05 
-0.03703 1.145 6.42538e-05 
-0.03503 1.145 0.000268161 
-0.03303 1.145 0.000411555 
-0.03103 1.145 0.00112179 
-0.02903 1.145 0.00165092 
-0.02703 1.145 0.00387101 
-0.02503 1.14 2.18462e-05 
-0.02503 1.145 0.0043048 
-0.02303 1.14 2.94757e-05 
-0.02303 1.145 0.00797092 
-0.02103 1.14 0.00046324 
-0.02103 1.145 0.0148249 
-0.01903 1.14 0.00130344 
-0.01903 1.145 0.0109816 
-0.01703 1.14 0.0037166 
-0.01703 1.145 0.027635 
-0.01503 1.14 0.00504939 
-0.01503 1.145 0.0283945 
-0.01303 1.14 0.00638778 
-0.01303 1.145 0.036627 
-0.01103 1.14 0.0072353 
-0.01103 1.145 0.0437546 
-0.00902998 1.14 0.00704434 
-0.00902998 1.145 0.0355791 
-0.00703001 1.135 1.8577e-05 
-0.00703001 1.14 0.00755021 
-0.00703001 1.145 0.0494278 
-0.00503001 1.135 5.27888e-06 
-0.00503001 1.14 0.00726206 
-0.00503001 1.145 0.0378784 
-0.00303 1.135 2.3312e-05 
-0.00303 1.14 0.00762937 
-0.00303 1.145 0.0499019 
-0.00103 1.135 1.05938e-05 
-0.00103 1.14 0.00614198 
-0.00103 1.145 0.0442516 
0.000970006 1.135 1.54193e-05 
0.000970006 1.14 0.00689622 
0.000970006 1.145 0.0448995 
0.00297001 1.135 3.44604e-05 
0.00297001 1.14 0.00785526 
0.00297001 1.145 0.0560355 
0.00497001 1.135 1.44531e-05 
0.00497001 1.14 0.0049062 
0.00497001 1.145 0.0366294 
0.00697002 1.135 2.61243e-05 
0.00697002 1.14 0.00660445 
0.00697002 1.145 0.0489979 
0.00896999 1.135 6.99926e-06 
0.00896999 1.14 0.00474284 
0.00896999 1.145 0.0351616 
0.01097 1.135 3.10654e-05 
0.01097 1.14 0.00489685 
0.01097 1.145 0.0377963 
0.01297 1.135 4.05081e-06 
0.01297 1.14 0.00447508 
0.01297 1.145 0.0352564 
0.01497 1.135 1.31203e-05 
0.01497 1.14 0.00291005 
0.01497 1.145 0.0267378 
0.01697 1.135 4.57172e-06 
0.01697 1.14 0.00263474 
0.01697 1.145 0.0269728 
0.01897 1.135 5.3795e-06 
0.01897 1.14 0.00243351 
0.01897 1.145 0.0249394 
0.02097 1.135 3.60523e-06 
0.02097 1.14 0.00199918 
0.02097 1.145 0.0202276 
0.02297 1.135 4.83251e-06 
0.02297 1.14 0.00174594 
0.02297 1.145 0.0175923 
0.02497 1.135 3.69693e-06 
0.02497 1.14 0.00177185 
0.02497 1.145 0.0142757 
0.02697 1.135 2.26513e-06 
0.02697 1.14 0.000999688 
0.02697 1.145 0.0114815 
0.02897 1.135 1.60322e-06 
0.02897 1.14 0.000799738 
0.02897 1.145 0.00990355 
0.03097 1.135 8.4551e-07 
0.03097 1.14 0.000632097 
0.03097 1.145 0.00779422 
0.03297 1.135 1.11658e-06 
0.03297 1.14 0.000573919 
0.03297 1.145 0.00727078 
0.03497 1.135 4.41463e-07 
0.03497 1.14 0.000413868 
0.03497 1.145 0.00482719 
0.03697 1.135 4.27148e-07 
0.03697 1.14 0.000320758 
0.03697 1.145 0.00398587 
0.03897 1.135 6.14193e-07 
0.03897 1.14 0.000235031 
0.03897 1.145 0.00373179 
0.04097 1.135 8.54054e-08 
0.04097 1.14 0.000214596 
0.04097 1.145 0.00225919 
0.04297 1.135 2.4427e-07 
0.04297 1.14 9.71645e-05 
0.04297 1.145 0.00176959 
0.04497 1.135 2.34144e-08 
0.04497 1.14 7.87749e-05 
0.04497 1.145 0.00126476 
0.04697 1.135 7.65457e-08 
0.04697 1.14 5.81311e-05 
0.04697 1.145 0.000756713 
0.04897 1.135 4.72861e-08 
0.04897 1.14 4.7144e-05 
0.04897 1.145 0.000616951 
0.05097 1.135 2.24607e-08 
0.05097 1.14 2.43285e-05 
0.05097 1.145 0.000425213 
0.05297 1.135 1.01713e-08 
0.05297 1.14 1.59807e-05 
0.05297 1.145 0.000301709 
0.05497 1.135 1.83949e-09 
0.05497 1.14 1.1328e-05 
0.05497 1.145 0.000253288 
0.05697 1.135 2.6016e-09 
0.05697 1.14 5.80419e-06 
0.05697 1.145 0.000136348 
0.05897 1.135 4.63379e-09 
0.05897 1.14 3.79617e-06 
0.05897 1.145 8.83776e-05 
0.06097 1.135 3.50904e-09 
0.06097 1.14 2.53643e-06 
0.06097 1.145 6.70288e-05 
0.06297 1.135 3.00052e-09 
0.06297 1.14 1.84823e-06 
0.06297 1.145 3.59475e-05 
0.06497 1.135 2.58758e-10 
0.06497 1.14 9.34761e-07 
0.06497 1.145 2.67417e-05 
0.06697 1.135 7.54633e-10 
0.06697 1.14 7.04061e-07 
0.06697 1.145 1.58853e-05 
0.06897 1.135 2.98826e-10 
0.06897 1.14 2.91814e-07 
0.06897 1.145 8.4904e-06 
0.07097 1.14 2.08075e-07 
0.07097 1.145 6.00835e-06 
0.07297 1.14 1.12189e-07 
0.07297 1.145 3.19719e-06 
0.07497 1.14 7.91538e-08 
0.07497 1.145 2.22527e-06 
0.07697 1.14 4.52193e-08 
0.07697 1.145 1.12572e-06 
0.07897 1.14 1.66258e-08 
0.07897 1.145 6.20264e-07 
0.08097 1.14 1.043e-08 
0.08097 1.145 3.89101e-07 
0.08297 1.14 6.20058e-09 
0.08297 1.145 1.85589e-07 
0.08497 1.14 2.62823e-09 
0.08497 1.145 9.89227e-08 
0.08697 1.14 1.76238e-09 
0.08697 1.145 6.04276e-08 
0.08897 1.14 7.60227e-10 
0.08897 1.145 3.14266e-08 
0.09097 1.14 3.58666e-10 
0.09097 1.145 1.37454e-08 
0.09297 1.14 1.19908e-10 
0.09297 1.145 7.33292e-09 
0.09497 1.145 4.07112e-09 
0.09697 1.145 1.67021e-09 
0.09897 1.145 8.86207e-10 
0.10097 1.145 3.93379e-10 
0.10297 1.145 1.80579e-10 
