#logTeff PDF
3.571 2.13481e-08
3.572 1.84306e-07
3.573 1.17487e-06
3.574 5.53827e-06
3.575 2.15976e-05
3.576 7.23715e-05
3.577 0.000208169
3.578 0.000532882
3.579 0.00122445
3.58 0.0025632
3.581 0.00499715
3.582 0.00897823
3.583 0.0151187
3.584 0.0239715
3.585 0.0353736
3.586 0.0491714
3.587 0.0641815
3.588 0.0782831
3.589 0.089972
3.59 0.0970032
3.591 0.0976517
3.592 0.0938005
3.593 0.0845354
3.594 0.0720506
3.595 0.0574815
3.596 0.0432292
3.597 0.0304736
3.598 0.0203944
3.599 0.0128651
3.6 0.00766615
3.601 0.0043372
3.602 0.00231206
3.603 0.00116992
3.604 0.000352687
