#logTeff PDF
3.574 2.3009e-05
3.575 8.14581e-05
3.576 0.000204581
3.577 0.000479127
3.578 0.00105699
3.579 0.0021782
3.58 0.00420256
3.581 0.00761585
3.582 0.0129793
3.583 0.0206108
3.584 0.0310074
3.585 0.0436621
3.586 0.0579886
3.587 0.0721369
3.588 0.0846734
3.589 0.0933041
3.59 0.0971419
3.591 0.0945632
3.592 0.0878226
3.593 0.0769269
3.594 0.0636707
3.595 0.0494215
3.596 0.0359411
3.597 0.0245895
3.598 0.0160235
3.599 0.00983344
3.6 0.00571539
3.601 0.00313809
3.602 0.00162431
3.603 0.000790142
3.604 0.000358076
3.605 0.000153157
3.606 6.19043e-05
3.607 2.01945e-05
