#fil mag PDF
0 -2.500000 0.000003
0 -2.480000 0.000011
0 -2.460000 0.000031
0 -2.440001 0.000073
0 -2.420000 0.000151
0 -2.400001 0.000277
0 -2.380000 0.000475
0 -2.360001 0.000759
0 -2.340000 0.001170
0 -2.320001 0.001726
0 -2.300000 0.002490
0 -2.280001 0.003519
0 -2.260000 0.004870
0 -2.240000 0.006578
0 -2.220000 0.008721
0 -2.200000 0.011261
0 -2.180000 0.014227
0 -2.160000 0.017557
0 -2.140000 0.021409
0 -2.120000 0.025510
0 -2.100000 0.029740
0 -2.080000 0.034152
0 -2.060000 0.038559
0 -2.040000 0.042732
0 -2.020000 0.046427
0 -2.000000 0.049646
0 -1.980000 0.051823
0 -1.960000 0.053558
0 -1.940001 0.054060
0 -1.920000 0.054191
0 -1.900001 0.052169
0 -1.880000 0.050394
0 -1.860001 0.047066
0 -1.840000 0.043476
0 -1.820001 0.039553
0 -1.800000 0.035166
0 -1.780001 0.030748
0 -1.760000 0.026422
0 -1.740000 0.022298
0 -1.720000 0.018423
0 -1.700000 0.014993
0 -1.680000 0.012030
0 -1.660000 0.009403
0 -1.640000 0.007249
0 -1.620000 0.005451
0 -1.600000 0.003882
0 -1.580000 0.002593
0 -1.560000 0.001559
0 -1.540000 0.000835
0 -1.520000 0.000382
0 -1.500000 0.000144
0 -1.480000 0.000044
0 -1.460000 0.000011
0 -1.440001 0.000002
1 -2.000000 0.000002
1 -1.980000 0.000007
1 -1.960000 0.000016
1 -1.940001 0.000034
1 -1.920000 0.000065
1 -1.900001 0.000112
1 -1.880000 0.000185
1 -1.860001 0.000296
1 -1.840000 0.000463
1 -1.820001 0.000701
1 -1.800000 0.001030
1 -1.780001 0.001488
1 -1.760000 0.002089
1 -1.740000 0.002888
1 -1.720000 0.003907
1 -1.700000 0.005213
1 -1.680000 0.006780
1 -1.660000 0.008618
1 -1.640000 0.010851
1 -1.620000 0.013367
1 -1.600000 0.016214
1 -1.580000 0.019431
1 -1.560000 0.022998
1 -1.540000 0.026514
1 -1.520000 0.030259
1 -1.500000 0.033968
1 -1.480000 0.037515
1 -1.460000 0.040922
1 -1.440001 0.043773
1 -1.420000 0.046158
1 -1.400001 0.048058
1 -1.380000 0.049050
1 -1.360001 0.049658
1 -1.340000 0.049023
1 -1.320001 0.048392
1 -1.300000 0.046507
1 -1.280001 0.043984
1 -1.260000 0.041264
1 -1.240000 0.037984
1 -1.220000 0.034332
1 -1.200000 0.030585
1 -1.180000 0.026892
1 -1.160000 0.023414
1 -1.140000 0.019931
1 -1.120000 0.016721
1 -1.100000 0.013869
1 -1.080000 0.011187
1 -1.060000 0.008987
1 -1.040000 0.007006
1 -1.020000 0.005357
1 -1.000000 0.003961
1 -0.980000 0.002823
1 -0.960000 0.001950
1 -0.940001 0.001295
1 -0.920000 0.000819
1 -0.900001 0.000491
1 -0.880000 0.000283
1 -0.860001 0.000156
1 -0.840000 0.000081
1 -0.820001 0.000040
1 -0.800000 0.000019
1 -0.780001 0.000009
1 -0.760000 0.000004
1 -0.740001 0.000002
2 -0.740001 0.000001
2 -0.720000 0.000003
2 -0.700000 0.000007
2 -0.680000 0.000014
2 -0.660000 0.000026
2 -0.640000 0.000044
2 -0.620000 0.000071
2 -0.600000 0.000110
2 -0.580000 0.000167
2 -0.560000 0.000251
2 -0.540000 0.000368
2 -0.520000 0.000531
2 -0.500000 0.000749
2 -0.480000 0.001049
2 -0.460000 0.001431
2 -0.440001 0.001928
2 -0.420000 0.002562
2 -0.400001 0.003334
2 -0.380000 0.004296
2 -0.360001 0.005466
2 -0.340000 0.006855
2 -0.320001 0.008419
2 -0.300000 0.010232
2 -0.280001 0.012276
2 -0.260000 0.014398
2 -0.240001 0.017036
2 -0.220000 0.019826
2 -0.200000 0.022625
2 -0.180000 0.025428
2 -0.160000 0.028183
2 -0.140000 0.031212
2 -0.120000 0.034022
2 -0.100000 0.036395
2 -0.080000 0.038796
2 -0.060000 0.040348
2 -0.040000 0.042043
2 -0.020000 0.042933
2 0.000000 0.043687
2 0.020000 0.043908
2 0.040000 0.043146
2 0.059999 0.042222
2 0.080000 0.040646
2 0.099999 0.038995
2 0.120000 0.036880
2 0.139999 0.034232
2 0.160000 0.031366
2 0.179999 0.028817
2 0.200000 0.025687
2 0.219999 0.022884
2 0.240000 0.020218
2 0.259999 0.017390
2 0.280000 0.014932
2 0.300000 0.012539
2 0.320000 0.010486
2 0.340000 0.008718
2 0.360000 0.007011
2 0.380000 0.005602
2 0.400000 0.004424
2 0.420000 0.003402
2 0.440000 0.002622
2 0.460000 0.001966
2 0.480000 0.001435
2 0.500000 0.001046
2 0.520000 0.000740
2 0.540000 0.000520
2 0.559999 0.000358
2 0.580000 0.000241
2 0.599999 0.000162
2 0.620000 0.000108
2 0.639999 0.000068
2 0.660000 0.000043
2 0.679999 0.000027
2 0.700000 0.000016
2 0.719999 0.000009
2 0.740000 0.000005
2 0.759999 0.000003
2 0.780000 0.000002
3 -2.020000 0.000002
3 -2.000000 0.000006
3 -1.980000 0.000016
3 -1.960000 0.000031
3 -1.940001 0.000057
3 -1.920000 0.000095
3 -1.900001 0.000154
3 -1.880000 0.000244
3 -1.860001 0.000371
3 -1.840000 0.000557
3 -1.820001 0.000817
3 -1.800000 0.001172
3 -1.780001 0.001650
3 -1.760000 0.002271
3 -1.740000 0.003060
3 -1.720000 0.004093
3 -1.700000 0.005328
3 -1.680000 0.006876
3 -1.660000 0.008595
3 -1.640000 0.010702
3 -1.620000 0.013022
3 -1.600000 0.015671
3 -1.580000 0.018603
3 -1.560000 0.021917
3 -1.540000 0.025136
3 -1.520000 0.028611
3 -1.500000 0.031928
3 -1.480000 0.035252
3 -1.460000 0.038305
3 -1.440001 0.041274
3 -1.420000 0.043558
3 -1.400001 0.045247
3 -1.380000 0.046488
3 -1.360001 0.047242
3 -1.340000 0.047527
3 -1.320001 0.046709
3 -1.300000 0.045413
3 -1.280001 0.043526
3 -1.260000 0.041217
3 -1.240000 0.038526
3 -1.220000 0.035431
3 -1.200000 0.032132
3 -1.180000 0.028662
3 -1.160000 0.025438
3 -1.140000 0.022011
3 -1.120000 0.019033
3 -1.100000 0.016014
3 -1.080000 0.013357
3 -1.060000 0.011023
3 -1.040000 0.008868
3 -1.020000 0.007025
3 -1.000000 0.005489
3 -0.980000 0.004155
3 -0.960000 0.003100
3 -0.940001 0.002244
3 -0.920000 0.001587
3 -0.900001 0.001103
3 -0.880000 0.000743
3 -0.860001 0.000487
3 -0.840000 0.000315
3 -0.820001 0.000201
3 -0.800000 0.000127
3 -0.780001 0.000079
3 -0.760000 0.000047
3 -0.740001 0.000028
3 -0.720000 0.000016
3 -0.700000 0.000009
3 -0.680000 0.000005
3 -0.660000 0.000003
3 -0.640000 0.000001
4 -2.500000 0.000002
4 -2.480000 0.000006
4 -2.460000 0.000017
4 -2.440001 0.000039
4 -2.420000 0.000077
4 -2.400001 0.000139
4 -2.380000 0.000240
4 -2.360001 0.000393
4 -2.340000 0.000618
4 -2.320001 0.000934
4 -2.300000 0.001387
4 -2.280001 0.001980
4 -2.260000 0.002796
4 -2.240000 0.003843
4 -2.220000 0.005188
4 -2.200000 0.006840
4 -2.180000 0.008855
4 -2.160000 0.011195
4 -2.140000 0.013917
4 -2.120000 0.017108
4 -2.100000 0.020536
4 -2.080000 0.024318
4 -2.060000 0.028138
4 -2.040000 0.032276
4 -2.020000 0.036243
4 -2.000000 0.040054
4 -1.980000 0.043378
4 -1.960000 0.046596
4 -1.940001 0.048837
4 -1.920000 0.050497
4 -1.900001 0.051636
4 -1.880000 0.051262
4 -1.860001 0.050755
4 -1.840000 0.049134
4 -1.820001 0.046925
4 -1.800000 0.043925
4 -1.780001 0.040520
4 -1.760000 0.036540
4 -1.740000 0.032597
4 -1.720000 0.028581
4 -1.700000 0.024731
4 -1.680000 0.020998
4 -1.660000 0.017555
4 -1.640000 0.014357
4 -1.620000 0.011646
4 -1.600000 0.009194
4 -1.580000 0.007164
4 -1.560000 0.005377
4 -1.540000 0.003919
4 -1.520000 0.002716
4 -1.500000 0.001776
4 -1.480000 0.001080
4 -1.460000 0.000609
4 -1.440001 0.000314
4 -1.420000 0.000146
4 -1.400001 0.000061
4 -1.380000 0.000023
4 -1.360001 0.000008
4 -1.340000 0.000002
5 -2.820001 0.000001
5 -2.800000 0.000005
5 -2.780000 0.000016
5 -2.760000 0.000044
5 -2.740000 0.000096
5 -2.720000 0.000190
5 -2.700000 0.000338
5 -2.680000 0.000559
5 -2.660000 0.000877
5 -2.640000 0.001314
5 -2.620000 0.001916
5 -2.600000 0.002734
5 -2.580000 0.003791
5 -2.560000 0.005215
5 -2.540000 0.006958
5 -2.520000 0.009143
5 -2.500000 0.011663
5 -2.480000 0.014690
5 -2.460000 0.018025
5 -2.440001 0.021749
5 -2.420000 0.025834
5 -2.400001 0.030010
5 -2.380000 0.034271
5 -2.360001 0.038444
5 -2.340000 0.042599
5 -2.320001 0.046022
5 -2.300000 0.049005
5 -2.280001 0.051190
5 -2.260000 0.053003
5 -2.240000 0.053432
5 -2.220000 0.053159
5 -2.200000 0.051592
5 -2.180000 0.049545
5 -2.160000 0.046580
5 -2.140000 0.043168
5 -2.120000 0.039171
5 -2.100000 0.034903
5 -2.080000 0.030703
5 -2.060000 0.026441
5 -2.040000 0.022444
5 -2.020000 0.018615
5 -2.000000 0.015225
5 -1.980000 0.012210
5 -1.960000 0.009649
5 -1.940001 0.007493
5 -1.920000 0.005667
5 -1.900001 0.004094
5 -1.880000 0.002801
5 -1.860001 0.001732
5 -1.840000 0.000965
5 -1.820001 0.000455
5 -1.800000 0.000180
5 -1.780001 0.000059
5 -1.760000 0.000015
5 -1.740000 0.000003
6 -1.040000 0.000002
6 -1.020000 0.000003
6 -1.000000 0.000007
6 -0.980000 0.000014
6 -0.960000 0.000025
6 -0.940001 0.000042
6 -0.920000 0.000068
6 -0.900001 0.000103
6 -0.880000 0.000156
6 -0.860001 0.000233
6 -0.840000 0.000341
6 -0.820001 0.000487
6 -0.800000 0.000690
6 -0.780001 0.000956
6 -0.760000 0.001319
6 -0.740001 0.001757
6 -0.720000 0.002348
6 -0.700000 0.003066
6 -0.680000 0.003930
6 -0.660000 0.005008
6 -0.640000 0.006284
6 -0.620000 0.007782
6 -0.600000 0.009442
6 -0.580000 0.011408
6 -0.560000 0.013371
6 -0.540000 0.015797
6 -0.520000 0.018429
6 -0.500000 0.021238
6 -0.480000 0.024019
6 -0.460000 0.026726
6 -0.440001 0.029446
6 -0.420000 0.032428
6 -0.400001 0.035012
6 -0.380000 0.037333
6 -0.360001 0.039301
6 -0.340000 0.040894
6 -0.320001 0.042214
6 -0.300000 0.043006
6 -0.280001 0.043480
6 -0.260000 0.043331
6 -0.240001 0.042456
6 -0.220000 0.041276
6 -0.200000 0.039822
6 -0.180000 0.037837
6 -0.160000 0.035570
6 -0.140000 0.032877
6 -0.120000 0.030176
6 -0.100000 0.027403
6 -0.080000 0.024402
6 -0.060000 0.021736
6 -0.040000 0.018948
6 -0.020000 0.016448
6 0.000000 0.013899
6 0.020000 0.011627
6 0.040000 0.009780
6 0.059999 0.007986
6 0.080000 0.006382
6 0.099999 0.005110
6 0.120000 0.003974
6 0.139999 0.003029
6 0.160000 0.002301
6 0.179999 0.001695
6 0.200000 0.001226
6 0.219999 0.000871
6 0.240000 0.000597
6 0.259999 0.000402
6 0.280000 0.000261
6 0.300000 0.000168
6 0.320000 0.000104
6 0.340000 0.000062
6 0.360000 0.000036
6 0.380000 0.000020
6 0.400000 0.000011
6 0.420000 0.000006
6 0.440000 0.000003
6 0.460000 0.000001
7 -4.160000 0.000002
7 -4.140000 0.000006
7 -4.120000 0.000021
7 -4.100000 0.000056
7 -4.080000 0.000129
7 -4.060000 0.000257
7 -4.040000 0.000454
7 -4.020000 0.000737
7 -4.000000 0.001126
7 -3.980000 0.001670
7 -3.960000 0.002404
7 -3.940001 0.003404
7 -3.920000 0.004727
7 -3.900001 0.006420
7 -3.880000 0.008558
7 -3.860001 0.011027
7 -3.840000 0.014061
7 -3.820001 0.017293
7 -3.800000 0.021176
7 -3.780000 0.025256
7 -3.760000 0.029483
7 -3.740000 0.033809
7 -3.720000 0.038315
7 -3.700000 0.042509
7 -3.680000 0.046173
7 -3.660000 0.049385
7 -3.640000 0.051880
7 -3.620000 0.053442
7 -3.600000 0.054391
7 -3.580000 0.054102
7 -3.560000 0.052718
7 -3.540000 0.050516
7 -3.520000 0.047462
7 -3.500000 0.043870
7 -3.480000 0.039675
7 -3.460000 0.035340
7 -3.440001 0.031189
7 -3.420000 0.026636
7 -3.400001 0.022465
7 -3.380000 0.018646
7 -3.360001 0.015086
7 -3.340000 0.012116
7 -3.320001 0.009532
7 -3.300000 0.007339
7 -3.280000 0.005528
7 -3.260000 0.003981
7 -3.240000 0.002646
7 -3.220000 0.001595
7 -3.200000 0.000841
7 -3.180000 0.000368
7 -3.160000 0.000132
7 -3.140000 0.000037
7 -3.120000 0.000008
7 -3.100000 0.000001
8 -4.960000 0.000003
8 -4.940000 0.000012
8 -4.920000 0.000033
8 -4.900000 0.000083
8 -4.880000 0.000174
8 -4.860000 0.000330
8 -4.840000 0.000573
8 -4.820000 0.000920
8 -4.800000 0.001411
8 -4.780000 0.002091
8 -4.760000 0.003032
8 -4.740000 0.004314
8 -4.720000 0.005941
8 -4.700000 0.008027
8 -4.680000 0.010586
8 -4.660000 0.013566
8 -4.640000 0.017072
8 -4.620000 0.020953
8 -4.600000 0.025301
8 -4.580000 0.029680
8 -4.560000 0.034417
8 -4.540000 0.039093
8 -4.520000 0.043575
8 -4.500000 0.047411
8 -4.480000 0.050727
8 -4.460000 0.053476
8 -4.440000 0.055200
8 -4.420000 0.055902
8 -4.400000 0.055407
8 -4.380000 0.053985
8 -4.360000 0.051428
8 -4.340000 0.047985
8 -4.320000 0.043768
8 -4.300000 0.039768
8 -4.280000 0.035116
8 -4.260000 0.030375
8 -4.240000 0.025874
8 -4.220000 0.021682
8 -4.200000 0.017637
8 -4.180000 0.014184
8 -4.160000 0.011220
8 -4.140000 0.008710
8 -4.120000 0.006589
8 -4.100000 0.004801
8 -4.080000 0.003317
8 -4.060000 0.002102
8 -4.040000 0.001195
8 -4.020000 0.000591
8 -4.000000 0.000247
8 -3.980000 0.000085
8 -3.960000 0.000023
8 -3.940001 0.000005
9 -5.140000 0.000002
9 -5.120000 0.000006
9 -5.100000 0.000019
9 -5.080000 0.000052
9 -5.060000 0.000118
9 -5.040000 0.000239
9 -5.020000 0.000434
9 -5.000000 0.000724
9 -4.980000 0.001130
9 -4.960000 0.001700
9 -4.940000 0.002479
9 -4.920000 0.003555
9 -4.900000 0.004998
9 -4.880000 0.006837
9 -4.860000 0.009107
9 -4.840000 0.011818
9 -4.820000 0.015020
9 -4.800000 0.018609
9 -4.780000 0.022677
9 -4.760000 0.026981
9 -4.740000 0.031538
9 -4.720000 0.036417
9 -4.700000 0.040640
9 -4.680000 0.045124
9 -4.660000 0.048375
9 -4.640000 0.052084
9 -4.620000 0.053690
9 -4.600000 0.055369
9 -4.580000 0.055581
9 -4.560000 0.054760
9 -4.540000 0.052906
9 -4.520000 0.049862
9 -4.500000 0.046373
9 -4.480000 0.042222
9 -4.460000 0.037798
9 -4.440000 0.033266
9 -4.420000 0.028691
9 -4.400000 0.024268
9 -4.380000 0.020143
9 -4.360000 0.016315
9 -4.340000 0.013088
9 -4.320000 0.010321
9 -4.300000 0.007911
9 -4.280000 0.005991
9 -4.260000 0.004283
9 -4.240000 0.002893
9 -4.220000 0.001796
9 -4.200000 0.001004
9 -4.180000 0.000489
9 -4.160000 0.000201
9 -4.140000 0.000070
9 -4.120000 0.000020
9 -4.100000 0.000004
10 -5.200000 0.000002
10 -5.180000 0.000006
10 -5.160000 0.000019
10 -5.140000 0.000052
10 -5.120000 0.000118
10 -5.100000 0.000241
10 -5.080000 0.000434
10 -5.060000 0.000719
10 -5.040000 0.001121
10 -5.020000 0.001682
10 -5.000000 0.002450
10 -4.980000 0.003491
10 -4.960000 0.004915
10 -4.940000 0.006692
10 -4.920000 0.008903
10 -4.900000 0.011595
10 -4.880000 0.014706
10 -4.860000 0.018286
10 -4.840000 0.022165
10 -4.820000 0.026440
10 -4.800000 0.030930
10 -4.780000 0.035572
10 -4.760000 0.040048
10 -4.740000 0.044290
10 -4.720000 0.047652
10 -4.700000 0.051555
10 -4.680000 0.052498
10 -4.660000 0.055561
10 -4.640000 0.054785
10 -4.620000 0.055154
10 -4.600000 0.052580
10 -4.580000 0.050281
10 -4.560000 0.046599
10 -4.540000 0.042729
10 -4.520000 0.038396
10 -4.500000 0.033916
10 -4.480000 0.029399
10 -4.460000 0.024914
10 -4.440000 0.020844
10 -4.420000 0.016995
10 -4.400000 0.013671
10 -4.380000 0.010815
10 -4.360000 0.008390
10 -4.340000 0.006362
10 -4.320000 0.004642
10 -4.300000 0.003195
10 -4.280000 0.002041
10 -4.260000 0.001172
10 -4.240000 0.000593
10 -4.220000 0.000255
10 -4.200000 0.000093
10 -4.180000 0.000027
10 -4.160000 0.000006
10 -4.140000 0.000001
11 -5.060000 0.000001
11 -5.040000 0.000005
11 -5.020000 0.000017
11 -5.000000 0.000046
11 -4.980000 0.000109
11 -4.960000 0.000222
11 -4.940000 0.000406
11 -4.920000 0.000682
11 -4.900000 0.001076
11 -4.880000 0.001631
11 -4.860000 0.002390
11 -4.840000 0.003432
11 -4.820000 0.004815
11 -4.800000 0.006648
11 -4.780000 0.008831
11 -4.760000 0.011583
11 -4.740000 0.014727
11 -4.720000 0.018364
11 -4.700000 0.022304
11 -4.680000 0.026683
11 -4.660000 0.031340
11 -4.640000 0.035996
11 -4.620000 0.040611
11 -4.600000 0.044895
11 -4.580000 0.048621
11 -4.560000 0.051742
11 -4.540000 0.053864
11 -4.520000 0.055561
11 -4.500000 0.055837
11 -4.480000 0.055181
11 -4.460000 0.053207
11 -4.440000 0.050212
11 -4.420000 0.046615
11 -4.400000 0.042451
11 -4.380000 0.038120
11 -4.360000 0.033655
11 -4.340000 0.029077
11 -4.320000 0.024370
11 -4.300000 0.020181
11 -4.280000 0.016471
11 -4.260000 0.013126
11 -4.240000 0.010355
11 -4.220000 0.007961
11 -4.200000 0.005971
11 -4.180000 0.004267
11 -4.160000 0.002871
11 -4.140000 0.001774
11 -4.120000 0.000974
11 -4.100000 0.000459
11 -4.080000 0.000184
11 -4.060000 0.000061
11 -4.040000 0.000016
11 -4.020000 0.000003
12 -5.200000 0.000002
12 -5.180000 0.000009
12 -5.160000 0.000026
12 -5.140000 0.000067
12 -5.120000 0.000147
12 -5.100000 0.000288
12 -5.080000 0.000506
12 -5.060000 0.000824
12 -5.040000 0.001267
12 -5.020000 0.001899
12 -5.000000 0.002755
12 -4.980000 0.003908
12 -4.960000 0.005467
12 -4.940000 0.007394
12 -4.920000 0.009771
12 -4.900000 0.012627
12 -4.880000 0.015979
12 -4.860000 0.019670
12 -4.840000 0.023800
12 -4.820000 0.028198
12 -4.800000 0.032896
12 -4.780000 0.037376
12 -4.760000 0.042080
12 -4.740000 0.045736
12 -4.720000 0.049639
12 -4.700000 0.052556
12 -4.680000 0.054238
12 -4.660000 0.055758
12 -4.640000 0.055413
12 -4.620000 0.054482
12 -4.600000 0.052082
12 -4.580000 0.048983
12 -4.560000 0.045172
12 -4.540000 0.041084
12 -4.520000 0.036718
12 -4.500000 0.032023
12 -4.480000 0.027457
12 -4.460000 0.023122
12 -4.440000 0.019078
12 -4.420000 0.015396
12 -4.400000 0.012301
12 -4.380000 0.009621
12 -4.360000 0.007364
12 -4.340000 0.005473
12 -4.320000 0.003870
12 -4.300000 0.002547
12 -4.280000 0.001540
12 -4.260000 0.000816
12 -4.240000 0.000373
12 -4.220000 0.000143
12 -4.200000 0.000045
12 -4.180000 0.000011
12 -4.160000 0.000002
13 -5.260000 0.000002
13 -5.240000 0.000007
13 -5.220000 0.000021
13 -5.200000 0.000056
13 -5.180000 0.000125
13 -5.160000 0.000254
13 -5.140000 0.000455
13 -5.120000 0.000749
13 -5.100000 0.001167
13 -5.080000 0.001750
13 -5.060000 0.002544
13 -5.040000 0.003630
13 -5.020000 0.005089
13 -5.000000 0.006972
13 -4.980000 0.009227
13 -4.960000 0.012013
13 -4.940000 0.015190
13 -4.920000 0.018851
13 -4.900000 0.022908
13 -4.880000 0.027115
13 -4.860000 0.031784
13 -4.840000 0.036311
13 -4.820000 0.040945
13 -4.800000 0.045187
13 -4.780000 0.048849
13 -4.760000 0.051444
13 -4.740000 0.054364
13 -4.720000 0.054846
13 -4.700000 0.056054
13 -4.680000 0.054310
13 -4.660000 0.052920
13 -4.640000 0.049628
13 -4.620000 0.046054
13 -4.600000 0.042086
13 -4.580000 0.037564
13 -4.560000 0.033177
13 -4.540000 0.028524
13 -4.520000 0.024094
13 -4.500000 0.019975
13 -4.480000 0.016234
13 -4.460000 0.012933
13 -4.440000 0.010251
13 -4.420000 0.007882
13 -4.400000 0.005888
13 -4.380000 0.004254
13 -4.360000 0.002850
13 -4.340000 0.001760
13 -4.320000 0.000969
13 -4.300000 0.000463
13 -4.280000 0.000189
13 -4.260000 0.000064
13 -4.240000 0.000018
13 -4.220000 0.000004
