#fil mag PDF
0 -2.520000 0.000001
0 -2.500000 0.000006
0 -2.480000 0.000020
0 -2.460000 0.000052
0 -2.440001 0.000114
0 -2.420000 0.000221
0 -2.400001 0.000386
0 -2.380000 0.000636
0 -2.360001 0.000985
0 -2.340000 0.001486
0 -2.320001 0.002160
0 -2.300000 0.003077
0 -2.280001 0.004325
0 -2.260000 0.005898
0 -2.240000 0.007913
0 -2.220000 0.010359
0 -2.200000 0.013190
0 -2.180000 0.016450
0 -2.160000 0.020083
0 -2.140000 0.024203
0 -2.120000 0.028472
0 -2.100000 0.032842
0 -2.080000 0.037264
0 -2.060000 0.041558
0 -2.040000 0.045626
0 -2.020000 0.048779
0 -2.000000 0.051609
0 -1.980000 0.053137
0 -1.960000 0.054251
0 -1.940001 0.054096
0 -1.920000 0.053439
0 -1.900001 0.050821
0 -1.880000 0.048614
0 -1.860001 0.044804
0 -1.840000 0.040656
0 -1.820001 0.036501
0 -1.800000 0.031971
0 -1.780001 0.027551
0 -1.760000 0.023382
0 -1.740000 0.019415
0 -1.720000 0.015860
0 -1.700000 0.012767
0 -1.680000 0.010075
0 -1.660000 0.007805
0 -1.640000 0.005920
0 -1.620000 0.004332
0 -1.600000 0.003006
0 -1.580000 0.001909
0 -1.560000 0.001094
0 -1.540000 0.000543
0 -1.520000 0.000230
0 -1.500000 0.000080
0 -1.480000 0.000022
0 -1.460000 0.000005
1 -2.020000 0.000001
1 -2.000000 0.000003
1 -1.980000 0.000012
1 -1.960000 0.000027
1 -1.940001 0.000055
1 -1.920000 0.000101
1 -1.900001 0.000170
1 -1.880000 0.000276
1 -1.860001 0.000433
1 -1.840000 0.000664
1 -1.820001 0.000987
1 -1.800000 0.001432
1 -1.780001 0.002031
1 -1.760000 0.002825
1 -1.740000 0.003852
1 -1.720000 0.005141
1 -1.700000 0.006751
1 -1.680000 0.008660
1 -1.660000 0.010864
1 -1.640000 0.013461
1 -1.620000 0.016316
1 -1.600000 0.019572
1 -1.580000 0.023054
1 -1.560000 0.026897
1 -1.540000 0.030535
1 -1.520000 0.034264
1 -1.500000 0.038034
1 -1.480000 0.041097
1 -1.460000 0.044178
1 -1.440001 0.046599
1 -1.420000 0.048356
1 -1.400001 0.049325
1 -1.380000 0.049769
1 -1.360001 0.049383
1 -1.340000 0.048205
1 -1.320001 0.046664
1 -1.300000 0.043989
1 -1.280001 0.040989
1 -1.260000 0.037838
1 -1.240000 0.034115
1 -1.220000 0.030420
1 -1.200000 0.026522
1 -1.180000 0.022971
1 -1.160000 0.019650
1 -1.140000 0.016409
1 -1.120000 0.013560
1 -1.100000 0.010990
1 -1.080000 0.008776
1 -1.060000 0.006854
1 -1.040000 0.005228
1 -1.020000 0.003862
1 -1.000000 0.002780
1 -0.980000 0.001918
1 -0.960000 0.001269
1 -0.940001 0.000804
1 -0.920000 0.000486
1 -0.900001 0.000277
1 -0.880000 0.000150
1 -0.860001 0.000078
1 -0.840000 0.000039
1 -0.820001 0.000018
1 -0.800000 0.000008
1 -0.780001 0.000003
1 -0.760000 0.000001
2 -0.740001 0.000001
2 -0.720000 0.000004
2 -0.700000 0.000009
2 -0.680000 0.000019
2 -0.660000 0.000036
2 -0.640000 0.000063
2 -0.620000 0.000103
2 -0.600000 0.000160
2 -0.580000 0.000243
2 -0.560000 0.000365
2 -0.540000 0.000536
2 -0.520000 0.000771
2 -0.500000 0.001083
2 -0.480000 0.001505
2 -0.460000 0.002041
2 -0.440001 0.002720
2 -0.420000 0.003591
2 -0.400001 0.004605
2 -0.380000 0.005840
2 -0.360001 0.007368
2 -0.340000 0.009099
2 -0.320001 0.011051
2 -0.300000 0.013193
2 -0.280001 0.015563
2 -0.260000 0.018069
2 -0.240001 0.020954
2 -0.220000 0.023992
2 -0.200000 0.026895
2 -0.180000 0.029949
2 -0.160000 0.032444
2 -0.140000 0.035215
2 -0.120000 0.037875
2 -0.100000 0.039710
2 -0.080000 0.041622
2 -0.060000 0.042634
2 -0.040000 0.043887
2 -0.020000 0.043814
2 0.000000 0.043729
2 0.020000 0.043183
2 0.040000 0.041733
2 0.059999 0.040134
2 0.080000 0.037816
2 0.099999 0.035858
2 0.120000 0.033141
2 0.139999 0.030111
2 0.160000 0.027345
2 0.179999 0.024520
2 0.200000 0.021568
2 0.219999 0.018821
2 0.240000 0.016163
2 0.259999 0.013833
2 0.280000 0.011592
2 0.300000 0.009519
2 0.320000 0.007801
2 0.340000 0.006341
2 0.360000 0.004983
2 0.380000 0.003894
2 0.400000 0.003012
2 0.420000 0.002240
2 0.440000 0.001687
2 0.460000 0.001232
2 0.480000 0.000871
2 0.500000 0.000612
2 0.520000 0.000423
2 0.540000 0.000286
2 0.559999 0.000191
2 0.580000 0.000124
2 0.599999 0.000080
2 0.620000 0.000052
2 0.639999 0.000031
2 0.660000 0.000019
2 0.679999 0.000011
2 0.700000 0.000006
2 0.719999 0.000003
2 0.740000 0.000002
3 -2.040000 0.000001
3 -2.020000 0.000004
3 -2.000000 0.000011
3 -1.980000 0.000025
3 -1.960000 0.000048
3 -1.940001 0.000088
3 -1.920000 0.000145
3 -1.900001 0.000230
3 -1.880000 0.000359
3 -1.860001 0.000542
3 -1.840000 0.000802
3 -1.820001 0.001163
3 -1.800000 0.001651
3 -1.780001 0.002288
3 -1.760000 0.003109
3 -1.740000 0.004147
3 -1.720000 0.005457
3 -1.700000 0.007047
3 -1.680000 0.008908
3 -1.660000 0.011029
3 -1.640000 0.013496
3 -1.620000 0.016197
3 -1.600000 0.019152
3 -1.580000 0.022453
3 -1.560000 0.025977
3 -1.540000 0.029413
3 -1.520000 0.032822
3 -1.500000 0.036142
3 -1.480000 0.039166
3 -1.460000 0.041881
3 -1.440001 0.044383
3 -1.420000 0.046010
3 -1.400001 0.047067
3 -1.380000 0.047641
3 -1.360001 0.047463
3 -1.340000 0.046712
3 -1.320001 0.045371
3 -1.300000 0.043248
3 -1.280001 0.040885
3 -1.260000 0.037852
3 -1.240000 0.034721
3 -1.220000 0.031431
3 -1.200000 0.028001
3 -1.180000 0.024537
3 -1.160000 0.021296
3 -1.140000 0.018139
3 -1.120000 0.015359
3 -1.100000 0.012802
3 -1.080000 0.010340
3 -1.060000 0.008342
3 -1.040000 0.006623
3 -1.020000 0.005086
3 -1.000000 0.003870
3 -0.980000 0.002839
3 -0.960000 0.002057
3 -0.940001 0.001439
3 -0.920000 0.000979
3 -0.900001 0.000652
3 -0.880000 0.000424
3 -0.860001 0.000268
3 -0.840000 0.000167
3 -0.820001 0.000102
3 -0.800000 0.000062
3 -0.780001 0.000036
3 -0.760000 0.000021
3 -0.740001 0.000011
3 -0.720000 0.000006
3 -0.700000 0.000003
3 -0.680000 0.000002
4 -2.500000 0.000003
4 -2.480000 0.000012
4 -2.460000 0.000029
4 -2.440001 0.000063
4 -2.420000 0.000121
4 -2.400001 0.000210
4 -2.380000 0.000349
4 -2.360001 0.000557
4 -2.340000 0.000852
4 -2.320001 0.001267
4 -2.300000 0.001846
4 -2.280001 0.002592
4 -2.260000 0.003628
4 -2.240000 0.004920
4 -2.220000 0.006543
4 -2.200000 0.008538
4 -2.180000 0.010848
4 -2.160000 0.013580
4 -2.140000 0.016609
4 -2.120000 0.020161
4 -2.100000 0.023900
4 -2.080000 0.027848
4 -2.060000 0.031853
4 -2.040000 0.035952
4 -2.020000 0.039835
4 -2.000000 0.043366
4 -1.980000 0.046291
4 -1.960000 0.049047
4 -1.940001 0.050520
4 -1.920000 0.051484
4 -1.900001 0.051884
4 -1.880000 0.050857
4 -1.860001 0.049547
4 -1.840000 0.047124
4 -1.820001 0.044304
4 -1.800000 0.040878
4 -1.780001 0.037106
4 -1.760000 0.032938
4 -1.740000 0.028877
4 -1.720000 0.024969
4 -1.700000 0.021201
4 -1.680000 0.017702
4 -1.660000 0.014580
4 -1.640000 0.011744
4 -1.620000 0.009349
4 -1.600000 0.007286
4 -1.580000 0.005526
4 -1.560000 0.004052
4 -1.540000 0.002854
4 -1.520000 0.001895
4 -1.500000 0.001176
4 -1.480000 0.000682
4 -1.460000 0.000357
4 -1.440001 0.000172
4 -1.420000 0.000073
4 -1.400001 0.000029
4 -1.380000 0.000010
4 -1.360001 0.000003
5 -2.820001 0.000003
5 -2.800000 0.000010
5 -2.780000 0.000029
5 -2.760000 0.000072
5 -2.740000 0.000147
5 -2.720000 0.000272
5 -2.700000 0.000463
5 -2.680000 0.000738
5 -2.660000 0.001124
5 -2.640000 0.001654
5 -2.620000 0.002383
5 -2.600000 0.003370
5 -2.580000 0.004644
5 -2.560000 0.006303
5 -2.540000 0.008325
5 -2.520000 0.010858
5 -2.500000 0.013660
5 -2.480000 0.016929
5 -2.460000 0.020598
5 -2.440001 0.024530
5 -2.420000 0.028812
5 -2.400001 0.033048
5 -2.380000 0.037413
5 -2.360001 0.041459
5 -2.340000 0.045304
5 -2.320001 0.048465
5 -2.300000 0.050914
5 -2.280001 0.052579
5 -2.260000 0.053548
5 -2.240000 0.053558
5 -2.220000 0.052369
5 -2.200000 0.050368
5 -2.180000 0.047770
5 -2.160000 0.044176
5 -2.140000 0.040419
5 -2.120000 0.036182
5 -2.100000 0.031731
5 -2.080000 0.027564
5 -2.060000 0.023357
5 -2.040000 0.019526
5 -2.020000 0.016016
5 -2.000000 0.012946
5 -1.980000 0.010226
5 -1.960000 0.008005
5 -1.940001 0.006113
5 -1.920000 0.004521
5 -1.900001 0.003161
5 -1.880000 0.002084
5 -1.860001 0.001214
5 -1.840000 0.000631
5 -1.820001 0.000274
5 -1.800000 0.000100
5 -1.780001 0.000029
5 -1.760000 0.000007
5 -1.740000 0.000001
6 -1.040000 0.000002
6 -1.020000 0.000004
6 -1.000000 0.000009
6 -0.980000 0.000019
6 -0.960000 0.000035
6 -0.940001 0.000060
6 -0.920000 0.000097
6 -0.900001 0.000149
6 -0.880000 0.000227
6 -0.860001 0.000338
6 -0.840000 0.000499
6 -0.820001 0.000713
6 -0.800000 0.000995
6 -0.780001 0.001384
6 -0.760000 0.001886
6 -0.740001 0.002503
6 -0.720000 0.003299
6 -0.700000 0.004250
6 -0.680000 0.005394
6 -0.660000 0.006800
6 -0.640000 0.008439
6 -0.620000 0.010239
6 -0.600000 0.012284
6 -0.580000 0.014559
6 -0.560000 0.016884
6 -0.540000 0.019635
6 -0.520000 0.022399
6 -0.500000 0.025496
6 -0.480000 0.028265
6 -0.460000 0.031007
6 -0.440001 0.033693
6 -0.420000 0.036406
6 -0.400001 0.038418
6 -0.380000 0.040344
6 -0.360001 0.041644
6 -0.340000 0.043036
6 -0.320001 0.043485
6 -0.300000 0.043352
6 -0.280001 0.043212
6 -0.260000 0.042157
6 -0.240001 0.040625
6 -0.220000 0.038793
6 -0.200000 0.036704
6 -0.180000 0.034588
6 -0.160000 0.031565
6 -0.140000 0.028831
6 -0.120000 0.026004
6 -0.100000 0.023208
6 -0.080000 0.020359
6 -0.060000 0.017622
6 -0.040000 0.015165
6 -0.020000 0.012953
6 0.000000 0.010735
6 0.020000 0.008797
6 0.040000 0.007213
6 0.059999 0.005799
6 0.080000 0.004528
6 0.099999 0.003525
6 0.120000 0.002694
6 0.139999 0.001997
6 0.160000 0.001476
6 0.179999 0.001063
6 0.200000 0.000742
6 0.219999 0.000510
6 0.240000 0.000339
6 0.259999 0.000220
6 0.280000 0.000138
6 0.300000 0.000085
6 0.320000 0.000050
6 0.340000 0.000029
6 0.360000 0.000016
6 0.380000 0.000008
6 0.400000 0.000004
6 0.420000 0.000002
7 -4.160000 0.000003
7 -4.140000 0.000011
7 -4.120000 0.000035
7 -4.100000 0.000086
7 -4.080000 0.000184
7 -4.060000 0.000342
7 -4.040000 0.000575
7 -4.020000 0.000903
7 -4.000000 0.001356
7 -3.980000 0.001987
7 -3.960000 0.002845
7 -3.940001 0.004016
7 -3.920000 0.005519
7 -3.900001 0.007467
7 -3.880000 0.009876
7 -3.860001 0.012568
7 -3.840000 0.015860
7 -3.820001 0.019323
7 -3.800000 0.023441
7 -3.780000 0.027691
7 -3.760000 0.032068
7 -3.740000 0.036521
7 -3.720000 0.040814
7 -3.700000 0.044994
7 -3.680000 0.048154
7 -3.660000 0.051281
7 -3.640000 0.053073
7 -3.620000 0.054267
7 -3.600000 0.054452
7 -3.580000 0.053664
7 -3.560000 0.051808
7 -3.540000 0.049065
7 -3.520000 0.045553
7 -3.500000 0.041585
7 -3.480000 0.037130
7 -3.460000 0.032666
7 -3.440001 0.028487
7 -3.420000 0.023997
7 -3.400001 0.020029
7 -3.380000 0.016388
7 -3.360001 0.013149
7 -3.340000 0.010442
7 -3.320001 0.008162
7 -3.300000 0.006182
7 -3.280000 0.004571
7 -3.260000 0.003223
7 -3.240000 0.002061
7 -3.220000 0.001189
7 -3.200000 0.000588
7 -3.180000 0.000243
7 -3.160000 0.000081
7 -3.140000 0.000021
7 -3.120000 0.000004
8 -4.980000 0.000001
8 -4.960000 0.000006
8 -4.940000 0.000020
8 -4.920000 0.000052
8 -4.900000 0.000120
8 -4.880000 0.000240
8 -4.860000 0.000432
8 -4.840000 0.000718
8 -4.820000 0.001121
8 -4.800000 0.001698
8 -4.780000 0.002490
8 -4.760000 0.003575
8 -4.740000 0.005067
8 -4.720000 0.006915
8 -4.700000 0.009226
8 -4.680000 0.012103
8 -4.660000 0.015332
8 -4.640000 0.019068
8 -4.620000 0.023222
8 -4.600000 0.027736
8 -4.580000 0.032163
8 -4.560000 0.037025
8 -4.540000 0.041690
8 -4.520000 0.045883
8 -4.500000 0.049482
8 -4.480000 0.052430
8 -4.460000 0.054709
8 -4.440000 0.055717
8 -4.420000 0.055927
8 -4.400000 0.054989
8 -4.380000 0.052892
8 -4.360000 0.049823
8 -4.340000 0.045950
8 -4.320000 0.041631
8 -4.300000 0.037015
8 -4.280000 0.032532
8 -4.260000 0.027824
8 -4.240000 0.023324
8 -4.220000 0.019283
8 -4.200000 0.015600
8 -4.180000 0.012393
8 -4.160000 0.009729
8 -4.140000 0.007432
8 -4.120000 0.005554
8 -4.100000 0.003983
8 -4.080000 0.002676
8 -4.060000 0.001642
8 -4.040000 0.000896
8 -4.020000 0.000422
8 -4.000000 0.000167
8 -3.980000 0.000055
8 -3.960000 0.000014
8 -3.940001 0.000003
9 -5.140000 0.000003
9 -5.120000 0.000010
9 -5.100000 0.000029
9 -5.080000 0.000075
9 -5.060000 0.000160
9 -5.040000 0.000308
9 -5.020000 0.000536
9 -5.000000 0.000869
9 -4.980000 0.001331
9 -4.960000 0.001981
9 -4.940000 0.002869
9 -4.920000 0.004103
9 -4.900000 0.005730
9 -4.880000 0.007784
9 -4.860000 0.010270
9 -4.840000 0.013217
9 -4.820000 0.016614
9 -4.800000 0.020526
9 -4.780000 0.024675
9 -4.760000 0.029213
9 -4.740000 0.033943
9 -4.720000 0.038714
9 -4.700000 0.042790
9 -4.680000 0.047244
9 -4.660000 0.049918
9 -4.640000 0.053511
9 -4.620000 0.054606
9 -4.600000 0.055610
9 -4.580000 0.055577
9 -4.560000 0.054284
9 -4.540000 0.051716
9 -4.520000 0.048417
9 -4.500000 0.044492
9 -4.480000 0.040054
9 -4.460000 0.035503
9 -4.440000 0.030891
9 -4.420000 0.026363
9 -4.400000 0.022072
9 -4.380000 0.018108
9 -4.360000 0.014549
9 -4.340000 0.011555
9 -4.320000 0.009041
9 -4.300000 0.006850
9 -4.280000 0.005114
9 -4.260000 0.003605
9 -4.240000 0.002381
9 -4.220000 0.001437
9 -4.200000 0.000777
9 -4.180000 0.000365
9 -4.160000 0.000145
9 -4.140000 0.000048
9 -4.120000 0.000013
9 -4.100000 0.000003
10 -5.200000 0.000003
10 -5.180000 0.000010
10 -5.160000 0.000029
10 -5.140000 0.000074
10 -5.120000 0.000157
10 -5.100000 0.000307
10 -5.080000 0.000529
10 -5.060000 0.000857
10 -5.040000 0.001309
10 -5.020000 0.001947
10 -5.000000 0.002824
10 -4.980000 0.003998
10 -4.960000 0.005602
10 -4.940000 0.007561
10 -4.920000 0.010011
10 -4.900000 0.012937
10 -4.880000 0.016218
10 -4.860000 0.020100
10 -4.840000 0.024115
10 -4.820000 0.028611
10 -4.800000 0.033152
10 -4.780000 0.037764
10 -4.760000 0.042289
10 -4.740000 0.046251
10 -4.720000 0.049267
10 -4.700000 0.053218
10 -4.680000 0.053207
10 -4.660000 0.056154
10 -4.640000 0.054715
10 -4.620000 0.054673
10 -4.600000 0.051617
10 -4.580000 0.048990
10 -4.560000 0.044881
10 -4.540000 0.040664
10 -4.520000 0.036206
10 -4.500000 0.031556
10 -4.480000 0.027185
10 -4.460000 0.022712
10 -4.440000 0.018801
10 -4.420000 0.015229
10 -4.400000 0.012103
10 -4.380000 0.009491
10 -4.360000 0.007326
10 -4.340000 0.005473
10 -4.320000 0.003929
10 -4.300000 0.002656
10 -4.280000 0.001647
10 -4.260000 0.000920
10 -4.240000 0.000449
10 -4.220000 0.000186
10 -4.200000 0.000065
10 -4.180000 0.000018
10 -4.160000 0.000004
11 -5.060000 0.000002
11 -5.040000 0.000009
11 -5.020000 0.000027
11 -5.000000 0.000068
11 -4.980000 0.000151
11 -4.960000 0.000293
11 -4.940000 0.000511
11 -4.920000 0.000829
11 -4.900000 0.001284
11 -4.880000 0.001922
11 -4.860000 0.002799
11 -4.840000 0.004001
11 -4.820000 0.005583
11 -4.800000 0.007625
11 -4.780000 0.010059
11 -4.760000 0.013049
11 -4.740000 0.016464
11 -4.720000 0.020326
11 -4.700000 0.024453
11 -4.680000 0.029040
11 -4.660000 0.033814
11 -4.640000 0.038473
11 -4.620000 0.043009
11 -4.600000 0.047121
11 -4.580000 0.050377
11 -4.560000 0.053177
11 -4.540000 0.055093
11 -4.520000 0.055941
11 -4.500000 0.055760
11 -4.480000 0.054492
11 -4.460000 0.051996
11 -4.440000 0.048641
11 -4.420000 0.044662
11 -4.400000 0.040259
11 -4.380000 0.035630
11 -4.360000 0.031046
11 -4.340000 0.026551
11 -4.320000 0.022007
11 -4.300000 0.018030
11 -4.280000 0.014562
11 -4.260000 0.011533
11 -4.240000 0.008976
11 -4.220000 0.006830
11 -4.200000 0.005044
11 -4.180000 0.003537
11 -4.160000 0.002316
11 -4.140000 0.001386
11 -4.120000 0.000731
11 -4.100000 0.000332
11 -4.080000 0.000126
11 -4.060000 0.000039
11 -4.040000 0.000010
11 -4.020000 0.000002
12 -5.200000 0.000004
12 -5.180000 0.000014
12 -5.160000 0.000039
12 -5.140000 0.000094
12 -5.120000 0.000197
12 -5.100000 0.000366
12 -5.080000 0.000620
12 -5.060000 0.000985
12 -5.040000 0.001490
12 -5.020000 0.002211
12 -5.000000 0.003198
12 -4.980000 0.004518
12 -4.960000 0.006261
12 -4.940000 0.008413
12 -4.920000 0.011065
12 -4.900000 0.014117
12 -4.880000 0.017775
12 -4.860000 0.021572
12 -4.840000 0.026006
12 -4.820000 0.030552
12 -4.800000 0.035298
12 -4.780000 0.039759
12 -4.760000 0.044376
12 -4.740000 0.047848
12 -4.720000 0.051162
12 -4.700000 0.053940
12 -4.680000 0.055142
12 -4.660000 0.055912
12 -4.640000 0.055158
12 -4.620000 0.053683
12 -4.600000 0.050919
12 -4.580000 0.047300
12 -4.560000 0.043295
12 -4.540000 0.038770
12 -4.520000 0.034241
12 -4.500000 0.029566
12 -4.480000 0.025082
12 -4.460000 0.020877
12 -4.440000 0.017018
12 -4.420000 0.013621
12 -4.400000 0.010768
12 -4.380000 0.008352
12 -4.360000 0.006309
12 -4.340000 0.004639
12 -4.320000 0.003195
12 -4.300000 0.002051
12 -4.280000 0.001201
12 -4.260000 0.000613
12 -4.240000 0.000269
12 -4.220000 0.000099
12 -4.200000 0.000030
12 -4.180000 0.000007
12 -4.160000 0.000001
13 -5.260000 0.000003
13 -5.240000 0.000011
13 -5.220000 0.000031
13 -5.200000 0.000079
13 -5.180000 0.000168
13 -5.160000 0.000321
13 -5.140000 0.000556
13 -5.120000 0.000892
13 -5.100000 0.001368
13 -5.080000 0.002026
13 -5.060000 0.002940
13 -5.040000 0.004178
13 -5.020000 0.005809
13 -5.000000 0.007901
13 -4.980000 0.010393
13 -4.960000 0.013405
13 -4.940000 0.016828
13 -4.920000 0.020711
13 -4.900000 0.024960
13 -4.880000 0.029441
13 -4.860000 0.034053
13 -4.840000 0.038647
13 -4.820000 0.043147
13 -4.800000 0.047258
13 -4.780000 0.050859
13 -4.760000 0.052440
13 -4.740000 0.055641
13 -4.720000 0.054989
13 -4.700000 0.056114
13 -4.680000 0.053596
13 -4.660000 0.051741
13 -4.640000 0.048208
13 -4.620000 0.044256
13 -4.600000 0.039908
13 -4.580000 0.035248
13 -4.560000 0.030797
13 -4.540000 0.026124
13 -4.520000 0.021862
13 -4.500000 0.017909
13 -4.480000 0.014459
13 -4.460000 0.011393
13 -4.440000 0.008951
13 -4.420000 0.006798
13 -4.400000 0.005019
13 -4.380000 0.003547
13 -4.360000 0.002331
13 -4.340000 0.001397
13 -4.320000 0.000747
13 -4.300000 0.000344
13 -4.280000 0.000135
13 -4.260000 0.000044
13 -4.240000 0.000011
13 -4.220000 0.000002
