#fil mag PDF
0 -2.460000 0.000002
0 -2.440001 0.000004
0 -2.420000 0.000008
0 -2.400001 0.000014
0 -2.380000 0.000024
0 -2.360001 0.000040
0 -2.340000 0.000066
0 -2.320001 0.000110
0 -2.300000 0.000180
0 -2.280001 0.000284
0 -2.260000 0.000444
0 -2.240000 0.000673
0 -2.220000 0.001005
0 -2.200000 0.001464
0 -2.180000 0.002098
0 -2.160000 0.002957
0 -2.140000 0.004077
0 -2.120000 0.005523
0 -2.100000 0.007363
0 -2.080000 0.009646
0 -2.060000 0.012399
0 -2.040000 0.015515
0 -2.020000 0.019176
0 -2.000000 0.023299
0 -1.980000 0.027678
0 -1.960000 0.032149
0 -1.940001 0.037052
0 -1.920000 0.041503
0 -1.900001 0.046167
0 -1.880000 0.049777
0 -1.860001 0.053307
0 -1.840000 0.055509
0 -1.820001 0.057309
0 -1.800000 0.058035
0 -1.780001 0.057847
0 -1.760000 0.056853
0 -1.740000 0.054933
0 -1.720000 0.052776
0 -1.700000 0.048933
0 -1.680000 0.044216
0 -1.660000 0.038237
0 -1.640000 0.030798
0 -1.620000 0.022398
0 -1.600000 0.014489
0 -1.580000 0.008022
0 -1.560000 0.003700
0 -1.540000 0.001404
0 -1.520000 0.000422
0 -1.500000 0.000097
0 -1.480000 0.000016
0 -1.460000 0.000001
1 -2.020000 0.000002
1 -2.000000 0.000004
1 -1.980000 0.000007
1 -1.960000 0.000012
1 -1.940001 0.000020
1 -1.920000 0.000033
1 -1.900001 0.000053
1 -1.880000 0.000087
1 -1.860001 0.000137
1 -1.840000 0.000216
1 -1.820001 0.000334
1 -1.800000 0.000503
1 -1.780001 0.000744
1 -1.760000 0.001080
1 -1.740000 0.001543
1 -1.720000 0.002159
1 -1.700000 0.002970
1 -1.680000 0.004021
1 -1.660000 0.005407
1 -1.640000 0.007059
1 -1.620000 0.009078
1 -1.600000 0.011520
1 -1.580000 0.014397
1 -1.560000 0.017549
1 -1.540000 0.021232
1 -1.520000 0.025064
1 -1.500000 0.029170
1 -1.480000 0.033469
1 -1.460000 0.037587
1 -1.440001 0.041899
1 -1.420000 0.045356
1 -1.400001 0.048972
1 -1.380000 0.051354
1 -1.360001 0.053430
1 -1.340000 0.054726
1 -1.320001 0.055215
1 -1.300000 0.054598
1 -1.280001 0.053507
1 -1.260000 0.051808
1 -1.240000 0.049351
1 -1.220000 0.045465
1 -1.200000 0.040712
1 -1.180000 0.035263
1 -1.160000 0.029129
1 -1.140000 0.022348
1 -1.120000 0.016205
1 -1.100000 0.010944
1 -1.080000 0.006759
1 -1.060000 0.003853
1 -1.040000 0.002012
1 -1.020000 0.000967
1 -1.000000 0.000426
1 -0.980000 0.000167
1 -0.960000 0.000056
1 -0.940001 0.000015
1 -0.920000 0.000003
2 -0.840000 0.000001
2 -0.820001 0.000002
2 -0.800000 0.000005
2 -0.780001 0.000008
2 -0.760000 0.000013
2 -0.740001 0.000022
2 -0.720000 0.000035
2 -0.700000 0.000055
2 -0.680000 0.000085
2 -0.660000 0.000134
2 -0.640000 0.000201
2 -0.620000 0.000302
2 -0.600000 0.000444
2 -0.580000 0.000643
2 -0.560000 0.000915
2 -0.540000 0.001270
2 -0.520000 0.001751
2 -0.500000 0.002378
2 -0.480000 0.003165
2 -0.460000 0.004170
2 -0.440001 0.005395
2 -0.420000 0.006953
2 -0.400001 0.008589
2 -0.380000 0.010700
2 -0.360001 0.013146
2 -0.340000 0.015780
2 -0.320001 0.018743
2 -0.300000 0.021973
2 -0.280001 0.025320
2 -0.260000 0.029052
2 -0.240001 0.032294
2 -0.220000 0.035942
2 -0.200000 0.039062
2 -0.180000 0.042296
2 -0.160000 0.044740
2 -0.140000 0.047148
2 -0.120000 0.048597
2 -0.100000 0.049597
2 -0.080000 0.050118
2 -0.060000 0.049694
2 -0.040000 0.048818
2 -0.020000 0.047147
2 0.000000 0.044391
2 0.020000 0.041577
2 0.040000 0.038108
2 0.059999 0.033769
2 0.080000 0.029459
2 0.099999 0.025001
2 0.120000 0.020536
2 0.139999 0.016477
2 0.160000 0.012790
2 0.179999 0.009590
2 0.200000 0.007063
2 0.219999 0.005040
2 0.240000 0.003473
2 0.259999 0.002342
2 0.280000 0.001494
2 0.300000 0.000956
2 0.320000 0.000571
2 0.340000 0.000328
2 0.360000 0.000179
2 0.380000 0.000090
2 0.400000 0.000041
2 0.420000 0.000015
2 0.440000 0.000003
3 -2.060000 0.000001
3 -2.040000 0.000003
3 -2.020000 0.000006
3 -2.000000 0.000010
3 -1.980000 0.000017
3 -1.960000 0.000027
3 -1.940001 0.000044
3 -1.920000 0.000071
3 -1.900001 0.000112
3 -1.880000 0.000176
3 -1.860001 0.000275
3 -1.840000 0.000410
3 -1.820001 0.000614
3 -1.800000 0.000899
3 -1.780001 0.001269
3 -1.760000 0.001805
3 -1.740000 0.002493
3 -1.720000 0.003387
3 -1.700000 0.004563
3 -1.680000 0.005978
3 -1.660000 0.007741
3 -1.640000 0.009953
3 -1.620000 0.012405
3 -1.600000 0.015309
3 -1.580000 0.018819
3 -1.560000 0.022119
3 -1.540000 0.026155
3 -1.520000 0.030120
3 -1.500000 0.034352
3 -1.480000 0.038287
3 -1.460000 0.042306
3 -1.440001 0.045614
3 -1.420000 0.048856
3 -1.400001 0.051157
3 -1.380000 0.052734
3 -1.360001 0.053899
3 -1.340000 0.054309
3 -1.320001 0.053866
3 -1.300000 0.052494
3 -1.280001 0.050596
3 -1.260000 0.047530
3 -1.240000 0.043913
3 -1.220000 0.039118
3 -1.200000 0.033525
3 -1.180000 0.027672
3 -1.160000 0.021533
3 -1.140000 0.015810
3 -1.120000 0.010880
3 -1.100000 0.007162
3 -1.080000 0.004372
3 -1.060000 0.002538
3 -1.040000 0.001393
3 -1.020000 0.000715
3 -1.000000 0.000349
3 -0.980000 0.000154
3 -0.960000 0.000061
3 -0.940001 0.000020
3 -0.920000 0.000004
4 -2.500000 0.000001
4 -2.480000 0.000003
4 -2.460000 0.000006
4 -2.440001 0.000010
4 -2.420000 0.000017
4 -2.400001 0.000028
4 -2.380000 0.000047
4 -2.360001 0.000076
4 -2.340000 0.000125
4 -2.320001 0.000196
4 -2.300000 0.000307
4 -2.280001 0.000470
4 -2.260000 0.000706
4 -2.240000 0.001033
4 -2.220000 0.001494
4 -2.200000 0.002107
4 -2.180000 0.002936
4 -2.160000 0.003991
4 -2.140000 0.005372
4 -2.120000 0.007114
4 -2.100000 0.009260
4 -2.080000 0.011746
4 -2.060000 0.014689
4 -2.040000 0.018071
4 -2.020000 0.021984
4 -2.000000 0.025885
4 -1.980000 0.030282
4 -1.960000 0.034683
4 -1.940001 0.039119
4 -1.920000 0.043631
4 -1.900001 0.047319
4 -1.880000 0.050458
4 -1.860001 0.053149
4 -1.840000 0.054918
4 -1.820001 0.055933
4 -1.800000 0.056051
4 -1.780001 0.055843
4 -1.760000 0.054485
4 -1.740000 0.052540
4 -1.720000 0.049129
4 -1.700000 0.045462
4 -1.680000 0.040641
4 -1.660000 0.033903
4 -1.640000 0.027164
4 -1.620000 0.019687
4 -1.600000 0.013253
4 -1.580000 0.007693
4 -1.560000 0.004054
4 -1.540000 0.001849
4 -1.520000 0.000738
4 -1.500000 0.000249
4 -1.480000 0.000072
4 -1.460000 0.000016
4 -1.440001 0.000003
5 -2.780000 0.000002
5 -2.760000 0.000004
5 -2.740000 0.000007
5 -2.720000 0.000012
5 -2.700000 0.000020
5 -2.680000 0.000034
5 -2.660000 0.000056
5 -2.640000 0.000093
5 -2.620000 0.000150
5 -2.600000 0.000242
5 -2.580000 0.000375
5 -2.560000 0.000573
5 -2.540000 0.000862
5 -2.520000 0.001252
5 -2.500000 0.001818
5 -2.480000 0.002553
5 -2.460000 0.003533
5 -2.440001 0.004820
5 -2.420000 0.006471
5 -2.400001 0.008457
5 -2.380000 0.010908
5 -2.360001 0.013874
5 -2.340000 0.017326
5 -2.320001 0.020907
5 -2.300000 0.025134
5 -2.280001 0.029519
5 -2.260000 0.034237
5 -2.240000 0.038882
5 -2.220000 0.042991
5 -2.200000 0.047638
5 -2.180000 0.050892
5 -2.160000 0.053440
5 -2.140000 0.055988
5 -2.120000 0.057152
5 -2.100000 0.057240
5 -2.080000 0.056853
5 -2.060000 0.055679
5 -2.040000 0.053631
5 -2.020000 0.050745
5 -2.000000 0.047154
5 -1.980000 0.041862
5 -1.960000 0.035682
5 -1.940001 0.027983
5 -1.920000 0.019850
5 -1.900001 0.012338
5 -1.880000 0.006515
5 -1.860001 0.002862
5 -1.840000 0.001021
5 -1.820001 0.000287
5 -1.800000 0.000062
5 -1.780001 0.000009
6 -1.160000 0.000001
6 -1.140000 0.000002
6 -1.120000 0.000004
6 -1.100000 0.000007
6 -1.080000 0.000012
6 -1.060000 0.000019
6 -1.040000 0.000031
6 -1.020000 0.000048
6 -1.000000 0.000074
6 -0.980000 0.000117
6 -0.960000 0.000176
6 -0.940001 0.000262
6 -0.920000 0.000385
6 -0.900001 0.000554
6 -0.880000 0.000790
6 -0.860001 0.001098
6 -0.840000 0.001508
6 -0.820001 0.002056
6 -0.800000 0.002730
6 -0.780001 0.003598
6 -0.760000 0.004679
6 -0.740001 0.005993
6 -0.720000 0.007529
6 -0.700000 0.009290
6 -0.680000 0.011465
6 -0.660000 0.013777
6 -0.640000 0.016497
6 -0.620000 0.019399
6 -0.600000 0.022588
6 -0.580000 0.026009
6 -0.560000 0.029117
6 -0.540000 0.032562
6 -0.520000 0.035831
6 -0.500000 0.038868
6 -0.480000 0.041727
6 -0.460000 0.044330
6 -0.440001 0.046149
6 -0.420000 0.047452
6 -0.400001 0.048891
6 -0.380000 0.048524
6 -0.360001 0.048589
6 -0.340000 0.047311
6 -0.320001 0.045531
6 -0.300000 0.043288
6 -0.280001 0.040419
6 -0.260000 0.037226
6 -0.240001 0.033068
6 -0.220000 0.028967
6 -0.200000 0.024817
6 -0.180000 0.020751
6 -0.160000 0.016871
6 -0.140000 0.013438
6 -0.120000 0.010296
6 -0.100000 0.007814
6 -0.080000 0.005688
6 -0.060000 0.004048
6 -0.040000 0.002831
6 -0.020000 0.001890
6 0.000000 0.001218
6 0.020000 0.000782
6 0.040000 0.000470
6 0.059999 0.000268
6 0.080000 0.000146
6 0.099999 0.000074
6 0.120000 0.000034
6 0.139999 0.000011
6 0.160000 0.000002
7 -4.080000 0.000002
7 -4.060000 0.000004
7 -4.040000 0.000008
7 -4.020000 0.000015
7 -4.000000 0.000025
7 -3.980000 0.000042
7 -3.960000 0.000071
7 -3.940001 0.000118
7 -3.920000 0.000191
7 -3.900001 0.000303
7 -3.880000 0.000469
7 -3.860001 0.000715
7 -3.840000 0.001065
7 -3.820001 0.001548
7 -3.800000 0.002222
7 -3.780000 0.003118
7 -3.760000 0.004266
7 -3.740000 0.005796
7 -3.720000 0.007750
7 -3.700000 0.010152
7 -3.680000 0.012815
7 -3.660000 0.016260
7 -3.640000 0.019920
7 -3.620000 0.023996
7 -3.600000 0.028564
7 -3.580000 0.033020
7 -3.560000 0.038185
7 -3.540000 0.042760
7 -3.520000 0.046928
7 -3.500000 0.050690
7 -3.480000 0.053576
7 -3.460000 0.056145
7 -3.440001 0.057604
7 -3.420000 0.057953
7 -3.400001 0.057958
7 -3.380000 0.056713
7 -3.360001 0.054910
7 -3.340000 0.052024
7 -3.320001 0.048339
7 -3.300000 0.043559
7 -3.280000 0.036977
7 -3.260000 0.029324
7 -3.240000 0.020616
7 -3.220000 0.012740
7 -3.200000 0.006566
7 -3.180000 0.002757
7 -3.160000 0.000933
7 -3.140000 0.000240
7 -3.120000 0.000045
7 -3.100000 0.000005
8 -4.880000 0.000001
8 -4.860000 0.000003
8 -4.840000 0.000006
8 -4.820000 0.000011
8 -4.800000 0.000019
8 -4.780000 0.000034
8 -4.760000 0.000058
8 -4.740000 0.000098
8 -4.720000 0.000163
8 -4.700000 0.000264
8 -4.680000 0.000418
8 -4.660000 0.000645
8 -4.640000 0.000979
8 -4.620000 0.001445
8 -4.600000 0.002103
8 -4.580000 0.002985
8 -4.560000 0.004142
8 -4.540000 0.005707
8 -4.520000 0.007615
8 -4.500000 0.010040
8 -4.480000 0.012962
8 -4.460000 0.016411
8 -4.440000 0.020200
8 -4.420000 0.024595
8 -4.400000 0.029137
8 -4.380000 0.033996
8 -4.360000 0.039046
8 -4.340000 0.043868
8 -4.320000 0.048527
8 -4.300000 0.052031
8 -4.280000 0.055241
8 -4.260000 0.057694
8 -4.240000 0.059084
8 -4.220000 0.059553
8 -4.200000 0.059100
8 -4.180000 0.057919
8 -4.160000 0.055677
8 -4.140000 0.052201
8 -4.120000 0.047731
8 -4.100000 0.041735
8 -4.080000 0.034412
8 -4.060000 0.025898
8 -4.040000 0.017604
8 -4.020000 0.010367
8 -4.000000 0.005148
8 -3.980000 0.002150
8 -3.960000 0.000736
8 -3.940001 0.000194
8 -3.920000 0.000039
8 -3.900001 0.000004
9 -5.020000 0.000002
9 -5.000000 0.000004
9 -4.980000 0.000008
9 -4.960000 0.000015
9 -4.940000 0.000026
9 -4.920000 0.000045
9 -4.900000 0.000077
9 -4.880000 0.000127
9 -4.860000 0.000209
9 -4.840000 0.000334
9 -4.820000 0.000519
9 -4.800000 0.000797
9 -4.780000 0.001185
9 -4.760000 0.001737
9 -4.740000 0.002498
9 -4.720000 0.003495
9 -4.700000 0.004792
9 -4.680000 0.006578
9 -4.660000 0.008683
9 -4.640000 0.011283
9 -4.620000 0.014479
9 -4.600000 0.017962
9 -4.580000 0.022133
9 -4.560000 0.026413
9 -4.540000 0.031200
9 -4.520000 0.036052
9 -4.500000 0.041043
9 -4.480000 0.045671
9 -4.460000 0.049953
9 -4.440000 0.053072
9 -4.420000 0.056317
9 -4.400000 0.058036
9 -4.380000 0.059014
9 -4.360000 0.059063
9 -4.340000 0.058674
9 -4.320000 0.056661
9 -4.300000 0.054098
9 -4.280000 0.050764
9 -4.260000 0.045142
9 -4.240000 0.038682
9 -4.220000 0.030970
9 -4.200000 0.022546
9 -4.180000 0.014912
9 -4.160000 0.008290
9 -4.140000 0.004062
9 -4.120000 0.001645
9 -4.100000 0.000551
9 -4.080000 0.000145
9 -4.060000 0.000030
9 -4.040000 0.000003
10 -5.080000 0.000002
10 -5.060000 0.000004
10 -5.040000 0.000007
10 -5.020000 0.000013
10 -5.000000 0.000024
10 -4.980000 0.000041
10 -4.960000 0.000070
10 -4.940000 0.000117
10 -4.920000 0.000192
10 -4.900000 0.000307
10 -4.880000 0.000478
10 -4.860000 0.000735
10 -4.840000 0.001097
10 -4.820000 0.001609
10 -4.800000 0.002313
10 -4.780000 0.003248
10 -4.760000 0.004508
10 -4.740000 0.006137
10 -4.720000 0.008107
10 -4.700000 0.010727
10 -4.680000 0.013601
10 -4.660000 0.017180
10 -4.640000 0.020993
10 -4.620000 0.025286
10 -4.600000 0.029857
10 -4.580000 0.034731
10 -4.560000 0.039711
10 -4.540000 0.044462
10 -4.520000 0.048513
10 -4.500000 0.052483
10 -4.480000 0.055359
10 -4.460000 0.057228
10 -4.440000 0.058432
10 -4.420000 0.059287
10 -4.400000 0.058597
10 -4.380000 0.056908
10 -4.360000 0.055002
10 -4.340000 0.051443
10 -4.320000 0.046505
10 -4.300000 0.040731
10 -4.280000 0.033523
10 -4.260000 0.025006
10 -4.240000 0.017029
10 -4.220000 0.009976
10 -4.200000 0.005130
10 -4.180000 0.002218
10 -4.160000 0.000785
10 -4.140000 0.000226
10 -4.120000 0.000052
10 -4.100000 0.000008
11 -4.960000 0.000001
11 -4.940000 0.000003
11 -4.920000 0.000006
11 -4.900000 0.000011
11 -4.880000 0.000019
11 -4.860000 0.000033
11 -4.840000 0.000057
11 -4.820000 0.000097
11 -4.800000 0.000161
11 -4.780000 0.000260
11 -4.760000 0.000415
11 -4.740000 0.000637
11 -4.720000 0.000967
11 -4.700000 0.001428
11 -4.680000 0.002083
11 -4.660000 0.002963
11 -4.640000 0.004116
11 -4.620000 0.005649
11 -4.600000 0.007607
11 -4.580000 0.009976
11 -4.560000 0.012925
11 -4.540000 0.016338
11 -4.520000 0.020162
11 -4.500000 0.024456
11 -4.480000 0.029102
11 -4.460000 0.034017
11 -4.440000 0.039090
11 -4.420000 0.043864
11 -4.400000 0.048174
11 -4.380000 0.052258
11 -4.360000 0.055170
11 -4.340000 0.057674
11 -4.320000 0.059186
11 -4.300000 0.059696
11 -4.280000 0.059055
11 -4.260000 0.057951
11 -4.240000 0.055632
11 -4.220000 0.052431
11 -4.200000 0.047818
11 -4.180000 0.041652
11 -4.160000 0.034490
11 -4.140000 0.025724
11 -4.120000 0.017723
11 -4.100000 0.010396
11 -4.080000 0.005257
11 -4.060000 0.002219
11 -4.040000 0.000788
11 -4.020000 0.000211
11 -4.000000 0.000045
11 -3.980000 0.000006
12 -5.100000 0.000001
12 -5.080000 0.000003
12 -5.060000 0.000006
12 -5.040000 0.000012
12 -5.020000 0.000021
12 -5.000000 0.000036
12 -4.980000 0.000062
12 -4.960000 0.000104
12 -4.940000 0.000173
12 -4.920000 0.000278
12 -4.900000 0.000437
12 -4.880000 0.000673
12 -4.860000 0.001018
12 -4.840000 0.001502
12 -4.820000 0.002172
12 -4.800000 0.003093
12 -4.780000 0.004272
12 -4.760000 0.005854
12 -4.740000 0.007850
12 -4.720000 0.010312
12 -4.700000 0.013268
12 -4.680000 0.016730
12 -4.660000 0.020540
12 -4.640000 0.024906
12 -4.620000 0.029613
12 -4.600000 0.034398
12 -4.580000 0.039568
12 -4.560000 0.044182
12 -4.540000 0.048687
12 -4.520000 0.052341
12 -4.500000 0.055275
12 -4.480000 0.057798
12 -4.460000 0.059059
12 -4.440000 0.059211
12 -4.420000 0.059089
12 -4.400000 0.057888
12 -4.380000 0.055513
12 -4.360000 0.052063
12 -4.340000 0.047039
12 -4.320000 0.040912
12 -4.300000 0.033628
12 -4.280000 0.025229
12 -4.260000 0.016997
12 -4.240000 0.009975
12 -4.220000 0.005077
12 -4.200000 0.002135
12 -4.180000 0.000739
12 -4.160000 0.000210
12 -4.140000 0.000045
12 -4.120000 0.000006
13 -5.140000 0.000002
13 -5.120000 0.000004
13 -5.100000 0.000008
13 -5.080000 0.000014
13 -5.060000 0.000025
13 -5.040000 0.000044
13 -5.020000 0.000075
13 -5.000000 0.000126
13 -4.980000 0.000205
13 -4.960000 0.000328
13 -4.940000 0.000513
13 -4.920000 0.000785
13 -4.900000 0.001172
13 -4.880000 0.001723
13 -4.860000 0.002480
13 -4.840000 0.003468
13 -4.820000 0.004832
13 -4.800000 0.006465
13 -4.780000 0.008737
13 -4.760000 0.011233
13 -4.740000 0.014477
13 -4.720000 0.018068
13 -4.700000 0.022039
13 -4.680000 0.026504
13 -4.660000 0.031219
13 -4.640000 0.036321
13 -4.620000 0.041103
13 -4.600000 0.045919
13 -4.580000 0.049754
13 -4.560000 0.053586
13 -4.540000 0.056315
13 -4.520000 0.058222
13 -4.500000 0.059158
13 -4.480000 0.059316
13 -4.460000 0.058742
13 -4.440000 0.057073
13 -4.420000 0.054004
13 -4.400000 0.050396
13 -4.380000 0.045345
13 -4.360000 0.038427
13 -4.340000 0.030296
13 -4.320000 0.022354
13 -4.300000 0.014547
13 -4.280000 0.008188
13 -4.260000 0.004008
13 -4.240000 0.001637
13 -4.220000 0.000552
13 -4.200000 0.000152
13 -4.180000 0.000033
13 -4.160000 0.000004
