#[M/H] PDF
-0.340000 0.000009
-0.330000 0.000015
-0.320000 0.000024
-0.310000 0.000037
-0.300000 0.000058
-0.290000 0.000087
-0.280000 0.000130
-0.270000 0.000192
-0.260000 0.000278
-0.250000 0.000401
-0.240000 0.000569
-0.230000 0.000795
-0.220000 0.001103
-0.210000 0.001491
-0.200000 0.001993
-0.190000 0.002641
-0.180000 0.003429
-0.170000 0.004383
-0.160000 0.005591
-0.150000 0.006997
-0.140000 0.008655
-0.130000 0.010564
-0.120000 0.012724
-0.110000 0.015103
-0.100000 0.017823
-0.090000 0.020536
-0.080000 0.023465
-0.070000 0.026312
-0.060000 0.029284
-0.050000 0.032267
-0.040000 0.034778
-0.030000 0.037235
-0.020000 0.039546
-0.010000 0.041481
0.000000 0.044567
0.010000 0.045270
0.020000 0.045366
0.030000 0.044756
0.040000 0.043867
0.050000 0.042701
0.060000 0.040806
0.070000 0.038507
0.080000 0.035905
0.090000 0.033152
0.100000 0.030285
0.110000 0.027236
0.120000 0.024289
0.130000 0.021377
0.140000 0.018663
0.150000 0.016171
0.160000 0.013792
0.170000 0.011636
0.180000 0.009732
0.190000 0.008023
0.200000 0.006538
0.210000 0.005272
0.220000 0.004204
0.230000 0.003314
0.240000 0.002589
0.250000 0.001985
