#[M/H] PDF
-0.400000 0.000025
-0.390000 0.000041
-0.380000 0.000068
-0.370000 0.000108
-0.360000 0.000170
-0.350000 0.000259
-0.340000 0.000396
-0.330000 0.000584
-0.320000 0.000854
-0.310000 0.001223
-0.300000 0.001727
-0.290000 0.002403
-0.280000 0.003275
-0.270000 0.010251
-0.250000 0.007631
-0.240000 0.009758
-0.230000 0.012125
-0.220000 0.014944
-0.210000 0.017926
-0.200000 0.021219
-0.190000 0.024857
-0.180000 0.028527
-0.170000 0.032029
-0.160000 0.035631
-0.150000 0.038915
-0.140000 0.042030
-0.130000 0.044508
-0.120000 0.046433
-0.110000 0.048152
-0.100000 0.048259
-0.090000 0.047767
-0.080000 0.045987
-0.070000 0.044935
-0.060000 0.041699
-0.050000 0.038447
-0.040000 0.034994
-0.030000 0.031997
-0.020000 0.028019
-0.010000 0.024890
0.000000 0.021606
0.010000 0.029041
0.020000 0.024381
0.030000 0.020105
0.040000 0.016435
0.050000 0.013345
0.060000 0.010526
0.070000 0.008249
0.080000 0.006221
0.090000 0.004768
0.100000 0.003589
0.110000 0.002526
0.120000 0.001875
0.130000 0.001353
0.140000 0.000971
0.150000 0.000677
0.160000 0.000471
0.170000 0.000319
0.180000 0.000226
0.190000 0.000149
0.200000 0.000104
