#logage logm JPDF
8.89 0.42297 1.03918e-10 
8.9 0.41897 3.5742e-10 
8.91 0.41497 1.25501e-10 
8.91 0.41697 6.16902e-10 
8.92 0.41297 1.5034e-09 
8.93 0.40897 3.29604e-09 
8.94 0.40497 3.24026e-10 
8.94 0.40697 4.88081e-09 
8.95 0.40097 2.58178e-10 
8.95 0.40297 1.00284e-08 
8.96 0.39697 1.93323e-10 
8.96 0.39897 1.39799e-08 
8.97 0.39497 1.45956e-08 
8.97 0.39697 5.25502e-09 
8.98 0.39097 1.25728e-08 
8.98 0.39297 2.1106e-08 
8.99 0.38697 9.06369e-09 
8.99 0.38897 4.99391e-08 
9 0.38297 8.84305e-09 
9 0.38497 7.98832e-08 
9.01 0.37897 3.67631e-09 
9.01 0.38097 1.18573e-07 
9.02 0.37497 5.21153e-09 
9.02 0.37697 1.24353e-07 
9.02 0.37897 4.74204e-08 
9.03 0.30897 1.58749e-10 
9.03 0.31097 4.46127e-09 
9.03 0.31297 7.51562e-08 
9.03 0.31497 3.26511e-07 
9.03 0.36897 2.62461e-10 
9.03 0.37097 2.30946e-09 
9.03 0.37297 1.41681e-07 
9.03 0.37497 1.17526e-07 
9.04 0.30497 1.18325e-10 
9.04 0.30697 3.07872e-09 
9.04 0.30897 4.01648e-08 
9.04 0.31097 2.99827e-07 
9.04 0.31297 2.6397e-06 
9.04 0.31497 4.53996e-06 
9.04 0.31697 4.81961e-06 
9.04 0.31897 4.90787e-07 
9.04 0.36497 3.12714e-10 
9.04 0.36697 7.11247e-09 
9.04 0.36897 1.82741e-07 
9.04 0.37097 2.07047e-07 
9.05 0.30097 1.14322e-10 
9.05 0.30297 2.17682e-09 
9.05 0.30497 4.10553e-08 
9.05 0.30697 6.30942e-07 
9.05 0.30897 1.86923e-06 
9.05 0.31097 3.98643e-06 
9.05 0.31297 6.1875e-06 
9.05 0.31497 1.29155e-05 
9.05 0.31697 9.97289e-06 
9.05 0.31897 3.86085e-06 
9.05 0.32097 3.05948e-10 
9.05 0.35897 1.09404e-10 
9.05 0.36097 9.51633e-10 
9.05 0.36297 1.55072e-08 
9.05 0.36497 1.60709e-07 
9.05 0.36697 3.34086e-07 
9.06 0.29697 3.85896e-10 
9.06 0.29897 9.60241e-09 
9.06 0.30097 9.48234e-08 
9.06 0.30297 5.2434e-07 
9.06 0.30497 1.85664e-06 
9.06 0.30697 4.19945e-06 
9.06 0.30897 6.86252e-06 
9.06 0.31097 1.38361e-05 
9.06 0.31297 1.09274e-05 
9.06 0.31497 1.74272e-05 
9.06 0.31697 1.15529e-05 
9.06 0.31897 9.20377e-06 
9.06 0.32097 2.53727e-09 
9.06 0.35497 1.03575e-10 
9.06 0.35697 3.65602e-09 
9.06 0.35897 1.58441e-08 
9.06 0.36097 2.01792e-07 
9.06 0.36297 4.21816e-07 
9.06 0.36497 5.34535e-08 
9.07 0.29297 3.40583e-10 
9.07 0.29497 7.1832e-09 
9.07 0.29697 8.39377e-08 
9.07 0.29897 4.80792e-07 
9.07 0.30097 1.9628e-06 
9.07 0.30297 4.34851e-06 
9.07 0.30497 1.19522e-05 
9.07 0.30697 1.11666e-05 
9.07 0.30897 1.28144e-05 
9.07 0.31097 1.80594e-05 
9.07 0.31297 1.52753e-05 
9.07 0.31497 1.76153e-05 
9.07 0.31697 1.8511e-05 
9.07 0.31897 5.59832e-06 
9.07 0.35097 4.30325e-10 
9.07 0.35297 3.59173e-09 
9.07 0.35497 3.90259e-08 
9.07 0.35697 2.40819e-07 
9.07 0.35897 5.25385e-07 
9.07 0.36097 1.37368e-07 
9.08 0.28897 3.39013e-10 
9.08 0.29097 6.49363e-09 
9.08 0.29297 6.83996e-08 
9.08 0.29497 4.61626e-07 
9.08 0.29697 3.5275e-06 
9.08 0.29897 6.13265e-06 
9.08 0.30097 9.49134e-06 
9.08 0.30297 1.23356e-05 
9.08 0.30497 1.46625e-05 
9.08 0.30697 2.46182e-05 
9.08 0.30897 1.69222e-05 
9.08 0.31097 1.5456e-05 
9.08 0.31297 2.40677e-05 
9.08 0.31497 1.91982e-05 
9.08 0.31697 5.60443e-06 
9.08 0.34697 1.97273e-09 
9.08 0.34897 1.16626e-08 
9.08 0.35097 9.9391e-08 
9.08 0.35297 2.38087e-07 
9.08 0.35497 7.50296e-07 
9.08 0.35697 2.85824e-07 
9.09 0.28497 1.33926e-09 
9.09 0.28697 1.93745e-08 
9.09 0.28897 1.69044e-07 
9.09 0.29097 9.1985e-07 
9.09 0.29297 2.98113e-06 
9.09 0.29497 6.06692e-06 
9.09 0.29697 9.91401e-06 
9.09 0.29897 1.33778e-05 
9.09 0.30097 2.5553e-05 
9.09 0.30297 1.93138e-05 
9.09 0.30497 1.96288e-05 
9.09 0.30697 2.64457e-05 
9.09 0.30897 1.82522e-05 
9.09 0.31097 2.71416e-05 
9.09 0.31297 1.26885e-05 
9.09 0.31497 1.64576e-06 
9.09 0.34097 1.64316e-10 
9.09 0.34297 2.12804e-09 
9.09 0.34497 3.3279e-08 
9.09 0.34697 8.63119e-08 
9.09 0.34897 4.02336e-07 
9.09 0.35097 8.29666e-07 
9.09 0.35297 4.95498e-07 
9.1 0.28097 1.41848e-09 
9.1 0.28297 1.69198e-08 
9.1 0.28497 1.38807e-07 
9.1 0.28697 8.37519e-07 
9.1 0.28897 2.81812e-06 
9.1 0.29097 6.26527e-06 
9.1 0.29297 1.03126e-05 
9.1 0.29497 2.26748e-05 
9.1 0.29697 1.97257e-05 
9.1 0.29897 2.20024e-05 
9.1 0.30097 2.4437e-05 
9.1 0.30297 3.36745e-05 
9.1 0.30497 2.0345e-05 
9.1 0.30697 3.20408e-05 
9.1 0.30897 1.9476e-05 
9.1 0.31097 7.42963e-06 
9.1 0.33697 1.66104e-10 
9.1 0.33897 6.87864e-09 
9.1 0.34097 8.40769e-08 
9.1 0.34297 1.67573e-07 
9.1 0.34497 4.49073e-07 
9.1 0.34697 9.74459e-07 
9.1 0.34897 8.03845e-07 
9.11 0.27497 3.10123e-10 
9.11 0.27697 2.8605e-09 
9.11 0.27897 1.60556e-08 
9.11 0.28097 1.22289e-07 
9.11 0.28297 8.17166e-07 
9.11 0.28497 2.62613e-06 
9.11 0.28697 1.13199e-05 
9.11 0.28897 1.30602e-05 
9.11 0.29097 1.74323e-05 
9.11 0.29297 2.14773e-05 
9.11 0.29497 2.45221e-05 
9.11 0.29697 4.0425e-05 
9.11 0.29897 2.67083e-05 
9.11 0.30097 2.50843e-05 
9.11 0.30297 3.79936e-05 
9.11 0.30497 2.72708e-05 
9.11 0.30697 1.2436e-05 
9.11 0.33297 5.24562e-10 
9.11 0.33497 1.51648e-08 
9.11 0.33697 7.31202e-08 
9.11 0.33897 3.72812e-07 
9.11 0.34097 6.74164e-07 
9.11 0.34297 1.06865e-06 
9.11 0.34497 1.20206e-06 
9.12 0.26897 1.84793e-10 
9.12 0.27097 2.27277e-09 
9.12 0.27297 9.66507e-09 
9.12 0.27497 6.77982e-08 
9.12 0.27697 3.65731e-07 
9.12 0.27897 1.44365e-06 
9.12 0.28097 4.2587e-06 
9.12 0.28297 8.52289e-06 
9.12 0.28497 1.33566e-05 
9.12 0.28697 1.88467e-05 
9.12 0.28897 2.32942e-05 
9.12 0.29097 4.23484e-05 
9.12 0.29297 3.09433e-05 
9.12 0.29497 3.10538e-05 
9.12 0.29697 4.27366e-05 
9.12 0.29897 2.53736e-05 
9.12 0.30097 3.7206e-05 
9.12 0.30297 2.02164e-05 
9.12 0.30497 5.1978e-06 
9.12 0.31697 1.01789e-10 
9.12 0.31897 2.41562e-10 
9.12 0.32097 1.08461e-09 
9.12 0.32297 2.08434e-09 
9.12 0.32497 3.1435e-09 
9.12 0.32697 1.0925e-08 
9.12 0.32897 1.87092e-08 
9.12 0.33097 2.64305e-08 
9.12 0.33297 1.54329e-07 
9.12 0.33497 5.55654e-07 
9.12 0.33697 5.49345e-07 
9.12 0.33897 1.60003e-06 
9.12 0.34097 1.299e-06 
9.12 0.34297 1.81799e-07 
9.13 0.26497 1.59973e-10 
9.13 0.26697 2.921e-09 
9.13 0.26897 2.37442e-08 
9.13 0.27097 2.08028e-07 
9.13 0.27297 4.74131e-07 
9.13 0.27497 1.67905e-06 
9.13 0.27697 4.60718e-06 
9.13 0.27897 9.0114e-06 
9.13 0.28097 1.40008e-05 
9.13 0.28297 1.94639e-05 
9.13 0.28497 3.96212e-05 
9.13 0.28697 3.27941e-05 
9.13 0.28897 3.5408e-05 
9.13 0.29097 3.61055e-05 
9.13 0.29297 5.19289e-05 
9.13 0.29497 2.97579e-05 
9.13 0.29697 4.53793e-05 
9.13 0.29897 2.60312e-05 
9.13 0.30097 9.58809e-06 
9.13 0.30697 3.12658e-10 
9.13 0.30897 3.91344e-09 
9.13 0.31097 1.47049e-08 
9.13 0.31297 2.84153e-08 
9.13 0.31497 5.56481e-08 
9.13 0.31697 9.82826e-08 
9.13 0.31897 1.39656e-07 
9.13 0.32097 2.27675e-07 
9.13 0.32297 3.14313e-07 
9.13 0.32497 3.97061e-07 
9.13 0.32697 4.54217e-07 
9.13 0.32897 5.87589e-07 
9.13 0.33097 7.02799e-07 
9.13 0.33297 1.05391e-06 
9.13 0.33497 1.5452e-06 
9.13 0.33697 1.63287e-06 
9.13 0.33897 4.32506e-07 
9.14 0.26297 7.19057e-09 
9.14 0.26497 5.75709e-08 
9.14 0.26697 2.30371e-07 
9.14 0.26897 9.78097e-07 
9.14 0.27097 1.53978e-06 
9.14 0.27297 4.56816e-06 
9.14 0.27497 1.21418e-05 
9.14 0.27697 2.27633e-05 
9.14 0.27897 2.48794e-05 
9.14 0.28097 3.00283e-05 
9.14 0.28297 3.55923e-05 
9.14 0.28497 3.9887e-05 
9.14 0.28697 5.36848e-05 
9.14 0.28897 5.03928e-05 
9.14 0.29097 3.66923e-05 
9.14 0.29297 4.44493e-05 
9.14 0.29497 3.92451e-05 
9.14 0.29697 1.9297e-05 
9.14 0.29897 2.58103e-06 
9.14 0.30097 3.83397e-09 
9.14 0.30297 9.56031e-09 
9.14 0.30497 5.31242e-08 
9.14 0.30697 1.89227e-07 
9.14 0.30897 1.99149e-07 
9.14 0.31097 1.02463e-06 
9.14 0.31297 9.54625e-07 
9.14 0.31497 1.143e-06 
9.14 0.31697 1.23839e-06 
9.14 0.31897 1.18926e-06 
9.14 0.32097 1.27767e-06 
9.14 0.32297 1.33254e-06 
9.14 0.32497 1.29587e-06 
9.14 0.32697 1.27275e-06 
9.14 0.32897 1.21993e-06 
9.14 0.33097 2.18304e-06 
9.14 0.33297 1.59296e-06 
9.14 0.33497 8.25872e-07 
9.15 0.25697 1.03089e-10 
9.15 0.25897 2.51372e-09 
9.15 0.26097 3.80128e-08 
9.15 0.26297 2.51964e-07 
9.15 0.26497 9.70464e-07 
9.15 0.26697 3.00599e-06 
9.15 0.26897 6.93718e-06 
9.15 0.27097 1.30846e-05 
9.15 0.27297 1.93132e-05 
9.15 0.27497 2.66204e-05 
9.15 0.27697 3.39898e-05 
9.15 0.27897 4.04828e-05 
9.15 0.28097 4.47807e-05 
9.15 0.28297 7.15882e-05 
9.15 0.28497 4.77485e-05 
9.15 0.28697 4.42306e-05 
9.15 0.28897 5.48953e-05 
9.15 0.29097 4.95532e-05 
9.15 0.29297 2.54467e-05 
9.15 0.29497 6.27641e-06 
9.15 0.29697 9.4135e-09 
9.15 0.29897 7.39269e-08 
9.15 0.30097 2.89475e-07 
9.15 0.30297 7.29206e-07 
9.15 0.30497 5.7674e-07 
9.15 0.30697 1.53025e-06 
9.15 0.30897 1.94354e-06 
9.15 0.31097 1.0079e-06 
9.15 0.31297 2.15564e-06 
9.15 0.31497 3.82796e-06 
9.15 0.31697 1.966e-06 
9.15 0.31897 1.71048e-06 
9.15 0.32097 1.66214e-06 
9.15 0.32297 3.07816e-06 
9.15 0.32497 2.62143e-06 
9.15 0.32697 1.15335e-06 
9.15 0.32897 1.82441e-06 
9.15 0.33097 1.29476e-06 
9.16 0.25497 1.08882e-09 
9.16 0.25697 2.06253e-08 
9.16 0.25897 1.57419e-07 
9.16 0.26097 1.14912e-06 
9.16 0.26297 2.92646e-06 
9.16 0.26497 7.29173e-06 
9.16 0.26697 1.39893e-05 
9.16 0.26897 2.15866e-05 
9.16 0.27097 2.96233e-05 
9.16 0.27297 3.65362e-05 
9.16 0.27497 5.13925e-05 
9.16 0.27697 7.08503e-05 
9.16 0.27897 5.73368e-05 
9.16 0.28097 5.57459e-05 
9.16 0.28297 5.29727e-05 
9.16 0.28497 6.62217e-05 
9.16 0.28697 4.92225e-05 
9.16 0.28897 4.02412e-05 
9.16 0.29097 1.75432e-05 
9.16 0.29297 5.02995e-08 
9.16 0.29497 9.96256e-08 
9.16 0.29697 4.74728e-07 
9.16 0.29897 1.05903e-06 
9.16 0.30097 2.06042e-06 
9.16 0.30297 2.48561e-06 
9.16 0.30497 2.78749e-06 
9.16 0.30697 2.86091e-06 
9.16 0.30897 2.70319e-06 
9.16 0.31097 3.55405e-06 
9.16 0.31297 2.22739e-06 
9.16 0.31497 3.52137e-06 
9.16 0.31697 1.97129e-06 
9.16 0.31897 2.71516e-06 
9.16 0.32097 1.38651e-06 
9.16 0.32297 1.33328e-06 
9.17 0.25297 2.21462e-09 
9.17 0.25497 1.35763e-07 
9.17 0.25697 7.54977e-07 
9.17 0.25897 4.78082e-06 
9.17 0.26097 9.65853e-06 
9.17 0.26297 1.47325e-05 
9.17 0.26497 2.48894e-05 
9.17 0.26697 3.99134e-05 
9.17 0.26897 4.66987e-05 
9.17 0.27097 5.58905e-05 
9.17 0.27297 6.19017e-05 
9.17 0.27497 6.62281e-05 
9.17 0.27697 6.85732e-05 
9.17 0.27897 9.27192e-05 
9.17 0.28097 5.22089e-05 
9.17 0.28297 6.16708e-05 
9.17 0.28497 5.14236e-05 
9.17 0.28697 2.3545e-05 
9.17 0.28897 3.12321e-06 
9.17 0.29097 4.79667e-07 
9.17 0.29297 1.08309e-06 
9.17 0.29497 2.07432e-06 
9.17 0.29697 2.59868e-06 
9.17 0.29897 2.99686e-06 
9.17 0.30097 1.78986e-06 
9.17 0.30297 3.5463e-06 
9.17 0.30497 3.42536e-06 
9.17 0.30697 4.33741e-06 
9.17 0.30897 3.63124e-06 
9.17 0.31097 2.52437e-06 
9.17 0.31297 2.4554e-06 
9.17 0.31497 9.20716e-07 
9.18 0.24897 1.49566e-09 
9.18 0.25097 1.00767e-07 
9.18 0.25297 6.85954e-07 
9.18 0.25497 3.46578e-06 
9.18 0.25697 8.99028e-06 
9.18 0.25897 1.69222e-05 
9.18 0.26097 2.62287e-05 
9.18 0.26297 3.70681e-05 
9.18 0.26497 4.94287e-05 
9.18 0.26697 6.14361e-05 
9.18 0.26897 7.51332e-05 
9.18 0.27097 7.69174e-05 
9.18 0.27297 0.000113631 
9.18 0.27497 7.41421e-05 
9.18 0.27697 6.49575e-05 
9.18 0.27897 5.6627e-05 
9.18 0.28097 7.51838e-05 
9.18 0.28297 3.88277e-05 
9.18 0.28497 1.29357e-05 
9.18 0.28697 7.75927e-07 
9.18 0.28897 1.60714e-06 
9.18 0.29097 2.70359e-06 
9.18 0.29297 3.32252e-06 
9.18 0.29497 3.49684e-06 
9.18 0.29697 3.90731e-06 
9.18 0.29897 3.67323e-06 
9.18 0.30097 3.57217e-06 
9.18 0.30297 5.05216e-06 
9.18 0.30497 3.93098e-06 
9.18 0.30697 2.78398e-06 
9.18 0.30897 6.40041e-07 
9.19 0.24297 1.01314e-10 
9.19 0.24497 3.67531e-09 
9.19 0.24697 6.44941e-08 
9.19 0.24897 5.13203e-07 
9.19 0.25097 2.51341e-06 
9.19 0.25297 7.11877e-06 
9.19 0.25497 1.63246e-05 
9.19 0.25697 2.60911e-05 
9.19 0.25897 3.92608e-05 
9.19 0.26097 5.16721e-05 
9.19 0.26297 6.64765e-05 
9.19 0.26497 7.85133e-05 
9.19 0.26697 0.000130917 
9.19 0.26897 9.41604e-05 
9.19 0.27097 9.05965e-05 
9.19 0.27297 8.37566e-05 
9.19 0.27497 9.48506e-05 
9.19 0.27697 6.83882e-05 
9.19 0.27897 5.17883e-05 
9.19 0.28097 2.0095e-05 
9.19 0.28297 2.2873e-06 
9.19 0.28497 2.31648e-06 
9.19 0.28697 3.62405e-06 
9.19 0.28897 4.38603e-06 
9.19 0.29097 4.40037e-06 
9.19 0.29297 4.5956e-06 
9.19 0.29497 4.51039e-06 
9.19 0.29697 5.35047e-06 
9.19 0.29897 5.12067e-06 
9.19 0.30097 4.26902e-06 
9.19 0.30297 2.65966e-06 
9.2 0.24097 1.95452e-09 
9.2 0.24297 3.94262e-08 
9.2 0.24497 4.1971e-07 
9.2 0.24697 2.02923e-06 
9.2 0.24897 1.21576e-05 
9.2 0.25097 1.54736e-05 
9.2 0.25297 2.92975e-05 
9.2 0.25497 4.32626e-05 
9.2 0.25697 6.13175e-05 
9.2 0.25897 7.67713e-05 
9.2 0.26097 9.0795e-05 
9.2 0.26297 0.000101966 
9.2 0.26497 0.000106648 
9.2 0.26697 0.000112247 
9.2 0.26897 9.77423e-05 
9.2 0.27097 0.000118021 
9.2 0.27297 6.2489e-05 
9.2 0.27497 8.08034e-05 
9.2 0.27697 3.81762e-05 
9.2 0.27897 9.58175e-06 
9.2 0.28097 3.21994e-06 
9.2 0.28297 4.59174e-06 
9.2 0.28497 5.39692e-06 
9.2 0.28697 5.56256e-06 
9.2 0.28897 5.42077e-06 
9.2 0.29097 5.40576e-06 
9.2 0.29297 6.79894e-06 
9.2 0.29497 5.71521e-06 
9.2 0.29697 4.3399e-06 
9.2 0.29897 2.68364e-06 
9.21 0.23697 1.32492e-09 
9.21 0.23897 2.44157e-08 
9.21 0.24097 2.62316e-07 
9.21 0.24297 1.42528e-06 
9.21 0.24497 1.01914e-05 
9.21 0.24697 1.66369e-05 
9.21 0.24897 2.67836e-05 
9.21 0.25097 3.92381e-05 
9.21 0.25297 5.24853e-05 
9.21 0.25497 8.20456e-05 
9.21 0.25697 9.69883e-05 
9.21 0.25897 0.000110547 
9.21 0.26097 0.000126491 
9.21 0.26297 0.000120122 
9.21 0.26497 0.0001633 
9.21 0.26697 9.52403e-05 
9.21 0.26897 8.19053e-05 
9.21 0.27097 0.000102737 
9.21 0.27297 4.72642e-05 
9.21 0.27497 2.30626e-05 
9.21 0.27697 2.2696e-06 
9.21 0.27897 5.6857e-06 
9.21 0.28097 6.78123e-06 
9.21 0.28297 6.81591e-06 
9.21 0.28497 6.59937e-06 
9.21 0.28697 6.47281e-06 
9.21 0.28897 8.12389e-06 
9.21 0.29097 6.76489e-06 
9.21 0.29297 4.9166e-06 
9.21 0.29497 2.89758e-06 
9.22 0.23297 5.48515e-10 
9.22 0.23497 1.43887e-08 
9.22 0.23697 1.87252e-07 
9.22 0.23897 2.6983e-06 
9.22 0.24097 7.31051e-06 
9.22 0.24297 1.47323e-05 
9.22 0.24497 2.54226e-05 
9.22 0.24697 3.88689e-05 
9.22 0.24897 5.44819e-05 
9.22 0.25097 6.98574e-05 
9.22 0.25297 8.72395e-05 
9.22 0.25497 0.000117727 
9.22 0.25697 0.000133936 
9.22 0.25897 0.000198069 
9.22 0.26097 0.000130774 
9.22 0.26297 0.000114524 
9.22 0.26497 0.00010036 
9.22 0.26697 0.000103616 
9.22 0.26897 8.29756e-05 
9.22 0.27097 3.70349e-05 
9.22 0.27297 1.0152e-05 
9.22 0.27497 6.03437e-06 
9.22 0.27697 5.61482e-06 
9.22 0.27897 8.53404e-06 
9.22 0.28097 8.0965e-06 
9.22 0.28297 7.44683e-06 
9.22 0.28497 9.77682e-06 
9.22 0.28697 7.82929e-06 
9.22 0.28897 5.41827e-06 
9.22 0.29097 3.32589e-06 
9.23 0.22897 3.84292e-10 
9.23 0.23097 9.1453e-09 
9.23 0.23297 1.10029e-07 
9.23 0.23497 2.13793e-06 
9.23 0.23697 6.17907e-06 
9.23 0.23897 1.30134e-05 
9.23 0.24097 2.23717e-05 
9.23 0.24297 3.51702e-05 
9.23 0.24497 5.29797e-05 
9.23 0.24697 7.18435e-05 
9.23 0.24897 9.1864e-05 
9.23 0.25097 0.000110207 
9.23 0.25297 0.000183 
9.23 0.25497 0.000155903 
9.23 0.25697 0.000152903 
9.23 0.25897 0.000142354 
9.23 0.26097 0.00015383 
9.23 0.26297 9.1628e-05 
9.23 0.26497 0.000106275 
9.23 0.26697 4.27202e-05 
9.23 0.26897 2.42397e-05 
9.23 0.27097 9.29874e-06 
9.23 0.27297 1.03194e-05 
9.23 0.27497 1.03831e-05 
9.23 0.27697 9.52967e-06 
9.23 0.27897 8.17031e-06 
9.23 0.28097 7.15957e-06 
9.23 0.28297 8.88808e-06 
9.23 0.28497 6.18446e-06 
9.23 0.28697 3.60451e-06 
9.24 0.22497 2.51337e-10 
9.24 0.22697 3.03215e-08 
9.24 0.22897 2.87339e-07 
9.24 0.23097 1.47731e-06 
9.24 0.23297 4.68354e-06 
9.24 0.23497 1.17072e-05 
9.24 0.23697 2.11856e-05 
9.24 0.23897 3.37559e-05 
9.24 0.24097 5.01416e-05 
9.24 0.24297 7.17579e-05 
9.24 0.24497 9.48961e-05 
9.24 0.24697 0.00017542 
9.24 0.24897 0.000142203 
9.24 0.25097 0.000144916 
9.24 0.25297 0.000143692 
9.24 0.25497 0.000155135 
9.24 0.25697 0.000195083 
9.24 0.25897 0.000105976 
9.24 0.26097 0.000109789 
9.24 0.26297 8.09291e-05 
9.24 0.26497 3.59881e-05 
9.24 0.26697 1.10012e-05 
9.24 0.26897 1.24369e-05 
9.24 0.27097 1.28023e-05 
9.24 0.27297 1.17942e-05 
9.24 0.27497 1.00408e-05 
9.24 0.27697 8.29117e-06 
9.24 0.27897 1.02093e-05 
9.24 0.28097 8.64765e-06 
9.24 0.28297 2.51337e-06 
9.25 0.22097 7.28664e-10 
9.25 0.22297 2.02684e-08 
9.25 0.22497 2.0608e-07 
9.25 0.22697 1.29062e-06 
9.25 0.22897 4.38809e-06 
9.25 0.23097 1.02474e-05 
9.25 0.23297 1.85206e-05 
9.25 0.23497 3.19375e-05 
9.25 0.23697 4.9074e-05 
9.25 0.23897 6.97898e-05 
9.25 0.24097 0.000149723 
9.25 0.24297 0.000130468 
9.25 0.24497 0.000146684 
9.25 0.24697 0.000160882 
9.25 0.24897 0.00016412 
9.25 0.25097 0.000200925 
9.25 0.25297 0.000154474 
9.25 0.25497 0.000133066 
9.25 0.25697 0.000141266 
9.25 0.25897 9.6991e-05 
9.25 0.26097 4.59475e-05 
9.25 0.26297 2.27362e-05 
9.25 0.26497 1.43355e-05 
9.25 0.26697 1.47973e-05 
9.25 0.26897 1.42642e-05 
9.25 0.27097 1.20596e-05 
9.25 0.27297 1.00735e-05 
9.25 0.27497 1.34046e-05 
9.25 0.27697 8.62866e-06 
9.25 0.27897 2.77877e-06 
9.26 0.21697 3.03023e-10 
9.26 0.21897 1.02439e-08 
9.26 0.22097 1.49538e-07 
9.26 0.22297 1.03457e-06 
9.26 0.22497 3.73006e-06 
9.26 0.22697 9.5314e-06 
9.26 0.22897 1.80182e-05 
9.26 0.23097 4.84689e-05 
9.26 0.23297 5.42303e-05 
9.26 0.23497 8.40364e-05 
9.26 0.23697 0.000109006 
9.26 0.23897 0.000135928 
9.26 0.24097 0.000158391 
9.26 0.24297 0.000173236 
9.26 0.24497 0.000180056 
9.26 0.24697 0.00017832 
9.26 0.24897 0.000237209 
9.26 0.25097 0.000132579 
9.26 0.25297 0.00014662 
9.26 0.25497 0.000113712 
9.26 0.25697 7.11699e-05 
9.26 0.25897 3.35217e-05 
9.26 0.26097 1.69747e-05 
9.26 0.26297 1.70218e-05 
9.26 0.26497 1.65528e-05 
9.26 0.26697 1.48281e-05 
9.26 0.26897 1.72113e-05 
9.26 0.27097 1.22981e-05 
9.26 0.27297 7.74913e-06 
9.26 0.27497 3.09099e-06 
9.27 0.21297 1.29422e-10 
9.27 0.21497 5.10224e-09 
9.27 0.21697 8.24602e-08 
9.27 0.21897 6.95411e-07 
9.27 0.22097 2.95658e-06 
9.27 0.22297 8.46014e-06 
9.27 0.22497 1.69372e-05 
9.27 0.22697 4.9075e-05 
9.27 0.22897 5.19071e-05 
9.27 0.23097 7.74337e-05 
9.27 0.23297 0.000107843 
9.27 0.23497 0.000138196 
9.27 0.23697 0.000168698 
9.27 0.23897 0.000190503 
9.27 0.24097 0.000201624 
9.27 0.24297 0.000196566 
9.27 0.24497 0.00026884 
9.27 0.24697 0.000155691 
9.27 0.24897 0.000128722 
9.27 0.25097 0.000167415 
9.27 0.25297 7.3631e-05 
9.27 0.25497 4.63071e-05 
9.27 0.25697 2.4358e-05 
9.27 0.25897 1.97765e-05 
9.27 0.26097 1.84625e-05 
9.27 0.26297 1.66556e-05 
9.27 0.26497 2.02324e-05 
9.27 0.26697 1.40246e-05 
9.27 0.26897 8.51176e-06 
9.27 0.27097 3.26716e-06 
9.28 0.21097 2.11697e-09 
9.28 0.21297 4.15548e-08 
9.28 0.21497 3.76682e-07 
9.28 0.21697 2.15237e-06 
9.28 0.21897 6.55564e-06 
9.28 0.22097 1.47366e-05 
9.28 0.22297 2.72684e-05 
9.28 0.22497 7.56419e-05 
9.28 0.22697 7.67021e-05 
9.28 0.22897 0.000101697 
9.28 0.23097 0.000135917 
9.28 0.23297 0.000169833 
9.28 0.23497 0.000201828 
9.28 0.23697 0.000221271 
9.28 0.23897 0.000226195 
9.28 0.24097 0.000317626 
9.28 0.24297 0.000181928 
9.28 0.24497 0.000155451 
9.28 0.24697 0.000167677 
9.28 0.24897 0.000129179 
9.28 0.25097 5.35984e-05 
9.28 0.25297 3.68746e-05 
9.28 0.25497 1.18667e-05 
9.28 0.25697 2.2269e-05 
9.28 0.25897 1.93512e-05 
9.28 0.26097 2.33192e-05 
9.28 0.26297 1.59114e-05 
9.28 0.26497 9.42234e-06 
9.28 0.26697 3.65257e-06 
9.29 0.20697 6.92856e-10 
9.29 0.20897 1.81269e-08 
9.29 0.21097 2.28641e-07 
9.29 0.21297 1.34753e-06 
9.29 0.21497 4.80741e-06 
9.29 0.21697 1.18892e-05 
9.29 0.21897 2.32561e-05 
9.29 0.22097 7.07273e-05 
9.29 0.22297 8.08162e-05 
9.29 0.22497 0.00010896 
9.29 0.22697 0.000138958 
9.29 0.22897 0.000168134 
9.29 0.23097 0.000204493 
9.29 0.23297 0.000231642 
9.29 0.23497 0.00025093 
9.29 0.23697 0.000367382 
9.29 0.23897 0.000224725 
9.29 0.24097 0.000188762 
9.29 0.24297 0.000203592 
9.29 0.24497 0.00013458 
9.29 0.24697 8.52504e-05 
9.29 0.24897 4.11855e-05 
9.29 0.25097 2.34418e-05 
9.29 0.25297 2.8547e-05 
9.29 0.25497 1.08784e-05 
9.29 0.25697 2.6499e-05 
9.29 0.25897 1.81627e-05 
9.29 0.26097 1.04857e-05 
9.29 0.26297 3.94723e-06 
9.3 0.20497 9.72674e-09 
9.3 0.20697 1.13653e-07 
9.3 0.20897 8.14014e-07 
9.3 0.21097 3.34216e-06 
9.3 0.21297 9.22611e-06 
9.3 0.21497 1.92016e-05 
9.3 0.21697 3.50252e-05 
9.3 0.21897 0.000100045 
9.3 0.22097 0.000113204 
9.3 0.22297 0.00015286 
9.3 0.22497 0.00018941 
9.3 0.22697 0.000218535 
9.3 0.22897 0.000236783 
9.3 0.23097 0.000261473 
9.3 0.23297 0.000397343 
9.3 0.23497 0.000257316 
9.3 0.23697 0.00022574 
9.3 0.23897 0.000196776 
9.3 0.24097 0.00018832 
9.3 0.24297 0.000142294 
9.3 0.24497 6.73413e-05 
9.3 0.24697 2.9046e-05 
9.3 0.24897 1.92907e-05 
9.3 0.25097 1.74314e-05 
9.3 0.25297 2.20076e-05 
9.3 0.25497 1.8587e-05 
9.3 0.25697 1.16952e-05 
9.3 0.25897 4.2799e-06 
9.31 0.20097 3.96571e-09 
9.31 0.20297 5.7441e-08 
9.31 0.20497 4.88172e-07 
9.31 0.20697 2.16034e-06 
9.31 0.20897 6.55754e-06 
9.31 0.21097 1.4542e-05 
9.31 0.21297 2.76713e-05 
9.31 0.21497 7.93607e-05 
9.31 0.21697 9.40381e-05 
9.31 0.21897 0.000140715 
9.31 0.22097 0.000193333 
9.31 0.22297 0.000243251 
9.31 0.22497 0.000276503 
9.31 0.22697 0.000284026 
9.31 0.22897 0.00042328 
9.31 0.23097 0.000278654 
9.31 0.23297 0.000260287 
9.31 0.23497 0.000224695 
9.31 0.23697 0.000245273 
9.31 0.23897 0.000157699 
9.31 0.24097 0.000105271 
9.31 0.24297 4.87796e-05 
9.31 0.24497 1.99069e-05 
9.31 0.24697 1.70562e-05 
9.31 0.24897 2.11715e-05 
9.31 0.25097 1.61114e-05 
9.31 0.25297 9.81347e-06 
9.31 0.25497 6.90776e-06 
9.32 0.19697 3.04876e-10 
9.32 0.19897 4.10335e-08 
9.32 0.20097 3.47917e-07 
9.32 0.20297 1.61744e-06 
9.32 0.20497 4.77198e-06 
9.32 0.20697 1.09842e-05 
9.32 0.20897 2.08336e-05 
9.32 0.21097 3.90273e-05 
9.32 0.21297 0.000106276 
9.32 0.21497 0.000110283 
9.32 0.21697 0.000169071 
9.32 0.21897 0.000234592 
9.32 0.22097 0.000295003 
9.32 0.22297 0.000331545 
9.32 0.22497 0.000336778 
9.32 0.22697 0.000470623 
9.32 0.22897 0.000278283 
9.32 0.23097 0.000255166 
9.32 0.23297 0.000293006 
9.32 0.23497 0.00016343 
9.32 0.23697 0.000167014 
9.32 0.23897 7.57149e-05 
9.32 0.24097 3.16505e-05 
9.32 0.24297 1.93559e-05 
9.32 0.24497 2.2493e-05 
9.32 0.24697 1.50074e-05 
9.32 0.24897 9.53188e-06 
9.32 0.25097 3.81561e-06 
9.33 0.19297 1.51666e-10 
9.33 0.19497 4.90211e-09 
9.33 0.19697 1.3443e-07 
9.33 0.19897 1.178e-06 
9.33 0.20097 3.84579e-06 
9.33 0.20297 9.02228e-06 
9.33 0.20497 1.80174e-05 
9.33 0.20697 3.28001e-05 
9.33 0.20897 9.28586e-05 
9.33 0.21097 0.000107272 
9.33 0.21297 0.000148199 
9.33 0.21497 0.000193001 
9.33 0.21697 0.000261468 
9.33 0.21897 0.000328551 
9.33 0.22097 0.000374046 
9.33 0.22297 0.000559516 
9.33 0.22497 0.000342585 
9.33 0.22697 0.000292972 
9.33 0.22897 0.000241045 
9.33 0.23097 0.000267104 
9.33 0.23297 0.000176378 
9.33 0.23497 0.000120491 
9.33 0.23697 5.63944e-05 
9.33 0.23897 3.47136e-05 
9.33 0.24097 2.7135e-05 
9.33 0.24297 1.57677e-05 
9.33 0.24497 9.29007e-06 
9.33 0.24697 3.60967e-06 
9.34 0.19097 2.62924e-09 
9.34 0.19297 3.59873e-08 
9.34 0.19497 3.39629e-07 
9.34 0.19697 3.42135e-06 
9.34 0.19897 7.35284e-06 
9.34 0.20097 1.50336e-05 
9.34 0.20297 2.80676e-05 
9.34 0.20497 4.83692e-05 
9.34 0.20697 7.8572e-05 
9.34 0.20897 0.000192623 
9.34 0.21097 0.000191315 
9.34 0.21297 0.000244592 
9.34 0.21497 0.000291374 
9.34 0.21697 0.000347008 
9.34 0.21897 0.000390752 
9.34 0.22097 0.000595535 
9.34 0.22297 0.000353183 
9.34 0.22497 0.000300528 
9.34 0.22697 0.000318534 
9.34 0.22897 0.000160749 
9.34 0.23097 0.000198075 
9.34 0.23297 8.4456e-05 
9.34 0.23497 3.68061e-05 
9.34 0.23697 2.93191e-05 
9.34 0.23897 1.99417e-05 
9.34 0.24097 1.40297e-05 
9.34 0.24297 3.50116e-06 
9.35 0.18697 1.15299e-09 
9.35 0.18897 2.10049e-08 
9.35 0.19097 2.08119e-07 
9.35 0.19297 1.13449e-06 
9.35 0.19497 5.95395e-06 
9.35 0.19697 1.3962e-05 
9.35 0.19897 2.39744e-05 
9.35 0.20097 4.15165e-05 
9.35 0.20297 6.82004e-05 
9.35 0.20497 0.00010666 
9.35 0.20697 0.000153795 
9.35 0.20897 0.000332251 
9.35 0.21097 0.000289308 
9.35 0.21297 0.000332406 
9.35 0.21497 0.000368628 
9.35 0.21697 0.000391484 
9.35 0.21897 0.000587662 
9.35 0.22097 0.00035935 
9.35 0.22297 0.00029829 
9.35 0.22497 0.000305447 
9.35 0.22697 0.000187434 
9.35 0.22897 0.000125801 
9.35 0.23097 6.2912e-05 
9.35 0.23297 4.04452e-05 
9.35 0.23497 2.79096e-05 
9.35 0.23697 1.99316e-05 
9.35 0.23897 6.39486e-06 
9.36 0.18297 4.58249e-10 
9.36 0.18497 1.03971e-08 
9.36 0.18697 1.20772e-07 
9.36 0.18897 7.52147e-07 
9.36 0.19097 2.70585e-06 
9.36 0.19297 7.11075e-06 
9.36 0.19497 2.59969e-05 
9.36 0.19697 3.67807e-05 
9.36 0.19897 6.05734e-05 
9.36 0.20097 9.76757e-05 
9.36 0.20297 0.000144719 
9.36 0.20497 0.000198739 
9.36 0.20697 0.000403072 
9.36 0.20897 0.000336174 
9.36 0.21097 0.000382747 
9.36 0.21297 0.000402898 
9.36 0.21497 0.000394489 
9.36 0.21697 0.000548481 
9.36 0.21897 0.000336859 
9.36 0.22097 0.000280794 
9.36 0.22297 0.000280145 
9.36 0.22497 0.000195494 
9.36 0.22697 0.00011165 
9.36 0.22897 4.19938e-05 
9.36 0.23097 3.8885e-05 
9.36 0.23297 2.90962e-05 
9.36 0.23497 9.71923e-06 
9.36 0.23697 1.80417e-06 
9.37 0.17897 2.60224e-10 
9.37 0.18097 5.66303e-09 
9.37 0.18297 7.37041e-08 
9.37 0.18497 4.9237e-07 
9.37 0.18697 2.08241e-06 
9.37 0.18897 5.48904e-06 
9.37 0.19097 1.20936e-05 
9.37 0.19297 2.29056e-05 
9.37 0.19497 7.13204e-05 
9.37 0.19697 8.54017e-05 
9.37 0.19897 0.000137315 
9.37 0.20097 0.00019377 
9.37 0.20297 0.000258363 
9.37 0.20497 0.0004926 
9.37 0.20697 0.000393594 
9.37 0.20897 0.000425302 
9.37 0.21097 0.00043212 
9.37 0.21297 0.000416816 
9.37 0.21497 0.000526821 
9.37 0.21697 0.00029978 
9.37 0.21897 0.000329419 
9.37 0.22097 0.000211235 
9.37 0.22297 0.000136863 
9.37 0.22497 6.63006e-05 
9.37 0.22697 4.63456e-05 
9.37 0.22897 3.75322e-05 
9.37 0.23097 1.39473e-05 
9.37 0.23297 4.73481e-06 
9.38 0.17697 3.11022e-09 
9.38 0.17897 4.12933e-08 
9.38 0.18097 3.22436e-07 
9.38 0.18297 1.40671e-06 
9.38 0.18497 4.30169e-06 
9.38 0.18697 9.66136e-06 
9.38 0.18897 1.90721e-05 
9.38 0.19097 3.52569e-05 
9.38 0.19297 5.99219e-05 
9.38 0.19497 0.000163703 
9.38 0.19697 0.000178752 
9.38 0.19897 0.000250478 
9.38 0.20097 0.000319257 
9.38 0.20297 0.000582729 
9.38 0.20497 0.00044384 
9.38 0.20697 0.000463328 
9.38 0.20897 0.000455337 
9.38 0.21097 0.000424371 
9.38 0.21297 0.000506765 
9.38 0.21497 0.000279842 
9.38 0.21697 0.000282626 
9.38 0.21897 0.000201818 
9.38 0.22097 9.50338e-05 
9.38 0.22297 6.30395e-05 
9.38 0.22497 4.63305e-05 
9.38 0.22697 1.80016e-05 
9.38 0.22897 8.44169e-06 
9.39 0.17297 1.29281e-09 
9.39 0.17497 2.28667e-08 
9.39 0.17697 2.15172e-07 
9.39 0.17897 1.0618e-06 
9.39 0.18097 3.3355e-06 
9.39 0.18297 7.74457e-06 
9.39 0.18497 1.59713e-05 
9.39 0.18697 2.95422e-05 
9.39 0.18897 5.15848e-05 
9.39 0.19097 8.39639e-05 
9.39 0.19297 0.000227709 
9.39 0.19497 0.000234712 
9.39 0.19697 0.000307091 
9.39 0.19897 0.000375633 
9.39 0.20097 0.000658646 
9.39 0.20297 0.000491679 
9.39 0.20497 0.000491795 
9.39 0.20697 0.000465489 
9.39 0.20897 0.000446673 
9.39 0.21097 0.000481374 
9.39 0.21297 0.000258483 
9.39 0.21497 0.000244296 
9.39 0.21697 0.000161878 
9.39 0.21897 8.06764e-05 
9.39 0.22097 4.56343e-05 
9.39 0.22297 3.42168e-05 
9.39 0.22497 1.35916e-05 
9.4 0.16897 4.65031e-10 
9.4 0.17097 1.11044e-08 
9.4 0.17297 1.17842e-07 
9.4 0.17497 7.32303e-07 
9.4 0.17697 2.46687e-06 
9.4 0.17897 6.12804e-06 
9.4 0.18097 1.29841e-05 
9.4 0.18297 2.57652e-05 
9.4 0.18497 4.52248e-05 
9.4 0.18697 7.54925e-05 
9.4 0.18897 0.00020357 
9.4 0.19097 0.000225651 
9.4 0.19297 0.000306213 
9.4 0.19497 0.000372328 
9.4 0.19697 0.000448314 
9.4 0.19897 0.000500753 
9.4 0.20097 0.000787828 
9.4 0.20297 0.000519232 
9.4 0.20497 0.000472947 
9.4 0.20697 0.000550196 
9.4 0.20897 0.000299805 
9.4 0.21097 0.000229629 
9.4 0.21297 0.000234481 
9.4 0.21497 0.000133237 
9.4 0.21697 4.66644e-05 
9.4 0.21897 4.24154e-05 
9.4 0.22097 1.53487e-05 
9.4 0.22297 5.05127e-06 
9.41 0.16497 2.48402e-10 
9.41 0.16697 5.84093e-09 
9.41 0.16897 7.86699e-08 
9.41 0.17097 4.67086e-07 
9.41 0.17297 1.74337e-06 
9.41 0.17497 4.92143e-06 
9.41 0.17697 1.06879e-05 
9.41 0.17897 2.10039e-05 
9.41 0.18097 3.86164e-05 
9.41 0.18297 6.87633e-05 
9.41 0.18497 0.000110276 
9.41 0.18697 0.000280823 
9.41 0.18897 0.000285331 
9.41 0.19097 0.000365659 
9.41 0.19297 0.000445986 
9.41 0.19497 0.000507681 
9.41 0.19697 0.000559291 
9.41 0.19897 0.000818305 
9.41 0.20097 0.000520915 
9.41 0.20297 0.000461741 
9.41 0.20497 0.000520702 
9.41 0.20697 0.000271981 
9.41 0.20897 0.000278203 
9.41 0.21097 0.00015976 
9.41 0.21297 7.22425e-05 
9.41 0.21497 4.52719e-05 
9.41 0.21697 2.86209e-05 
9.41 0.21897 9.11727e-06 
9.42 0.16097 1.13456e-10 
9.42 0.16297 2.97805e-09 
9.42 0.16497 3.66659e-08 
9.42 0.16697 2.96502e-07 
9.42 0.16897 1.26683e-06 
9.42 0.17097 3.66813e-06 
9.42 0.17297 8.46896e-06 
9.42 0.17497 1.70116e-05 
9.42 0.17697 3.27697e-05 
9.42 0.17897 5.81818e-05 
9.42 0.18097 9.6407e-05 
9.42 0.18297 0.000255757 
9.42 0.18497 0.000270417 
9.42 0.18697 0.000362632 
9.42 0.18897 0.000445616 
9.42 0.19097 0.000523157 
9.42 0.19297 0.000575583 
9.42 0.19497 0.000594856 
9.42 0.19697 0.000822434 
9.42 0.19897 0.000502953 
9.42 0.20097 0.000439198 
9.42 0.20297 0.000508629 
9.42 0.20497 0.000240762 
9.42 0.20697 0.000242972 
9.42 0.20897 0.000105271 
9.42 0.21097 6.64151e-05 
9.42 0.21297 3.7146e-05 
9.42 0.21497 1.37063e-05 
9.43 0.15897 1.43015e-09 
9.43 0.16097 2.302e-08 
9.43 0.16297 1.91556e-07 
9.43 0.16497 8.79812e-07 
9.43 0.16697 2.67977e-06 
9.43 0.16897 6.81248e-06 
9.43 0.17097 1.4025e-05 
9.43 0.17297 2.70585e-05 
9.43 0.17497 4.80946e-05 
9.43 0.17697 8.65194e-05 
9.43 0.17897 0.000135433 
9.43 0.18097 0.000337358 
9.43 0.18297 0.000338358 
9.43 0.18497 0.000427519 
9.43 0.18697 0.000515734 
9.43 0.18897 0.000586609 
9.43 0.19097 0.000631608 
9.43 0.19297 0.000635342 
9.43 0.19497 0.000838458 
9.43 0.19697 0.000534598 
9.43 0.19897 0.000407408 
9.43 0.20097 0.000409574 
9.43 0.20297 0.000263593 
9.43 0.20497 0.000187737 
9.43 0.20697 7.12543e-05 
9.43 0.20897 5.1147e-05 
9.43 0.21097 1.5745e-05 
9.43 0.21297 5.0015e-06 
9.44 0.15497 6.93408e-10 
9.44 0.15697 1.16053e-08 
9.44 0.15897 1.06777e-07 
9.44 0.16097 5.85554e-07 
9.44 0.16297 2.049e-06 
9.44 0.16497 5.07775e-06 
9.44 0.16697 1.11393e-05 
9.44 0.16897 2.26196e-05 
9.44 0.17097 4.17882e-05 
9.44 0.17297 7.23957e-05 
9.44 0.17497 0.000118444 
9.44 0.17697 0.000315302 
9.44 0.17897 0.000319557 
9.44 0.18097 0.000418607 
9.44 0.18297 0.000511822 
9.44 0.18497 0.0005915 
9.44 0.18697 0.000641986 
9.44 0.18897 0.000654709 
9.44 0.19097 0.000676869 
9.44 0.19297 0.000820502 
9.44 0.19497 0.000476866 
9.44 0.19697 0.000377857 
9.44 0.19897 0.00036073 
9.44 0.20097 0.000260469 
9.44 0.20297 0.000105432 
9.44 0.20497 7.83658e-05 
9.44 0.20697 2.12941e-05 
9.44 0.20897 9.18253e-06 
9.45 0.15097 2.9168e-10 
9.45 0.15297 5.80529e-09 
9.45 0.15497 6.34455e-08 
9.45 0.15697 3.70963e-07 
9.45 0.15897 1.45562e-06 
9.45 0.16097 3.83512e-06 
9.45 0.16297 8.68637e-06 
9.45 0.16497 1.80157e-05 
9.45 0.16697 3.38648e-05 
9.45 0.16897 6.25458e-05 
9.45 0.17097 0.000104632 
9.45 0.17297 0.000165645 
9.45 0.17497 0.00040369 
9.45 0.17697 0.000400357 
9.45 0.17897 0.00050908 
9.45 0.18097 0.000609085 
9.45 0.18297 0.000672823 
9.45 0.18497 0.000707627 
9.45 0.18697 0.000701283 
9.45 0.18897 0.000652991 
9.45 0.19097 0.000776185 
9.45 0.19297 0.000430341 
9.45 0.19497 0.000334147 
9.45 0.19697 0.000338578 
9.45 0.19897 0.000189799 
9.45 0.20097 9.90907e-05 
9.45 0.20297 4.55697e-05 
9.45 0.20497 1.4141e-05 
9.46 0.14897 3.24613e-09 
9.46 0.15097 3.30432e-08 
9.46 0.15297 2.41847e-07 
9.46 0.15497 1.00728e-06 
9.46 0.15697 2.88482e-06 
9.46 0.15897 6.6819e-06 
9.46 0.16097 1.45022e-05 
9.46 0.16297 2.84481e-05 
9.46 0.16497 5.20527e-05 
9.46 0.16697 8.84749e-05 
9.46 0.16897 0.000150722 
9.46 0.17097 0.000363869 
9.46 0.17297 0.000311003 
9.46 0.17497 0.000367103 
9.46 0.17697 0.000772524 
9.46 0.17897 0.000686818 
9.46 0.18097 0.000720154 
9.46 0.18297 0.000725629 
9.46 0.18497 0.000722093 
9.46 0.18697 0.000651517 
9.46 0.18897 0.000737312 
9.46 0.19097 0.00039213 
9.46 0.19297 0.000336106 
9.46 0.19497 0.000283311 
9.46 0.19697 0.000141011 
9.46 0.19897 5.74734e-05 
9.46 0.20097 2.51054e-05 
9.46 0.20297 4.96342e-06 
9.47 0.14497 1.38679e-09 
9.47 0.14697 1.86374e-08 
9.47 0.14897 1.49102e-07 
9.47 0.15097 6.74066e-07 
9.47 0.15297 2.11767e-06 
9.47 0.15497 5.20047e-06 
9.47 0.15697 1.14791e-05 
9.47 0.15897 2.26911e-05 
9.47 0.16097 4.31758e-05 
9.47 0.16297 7.82214e-05 
9.47 0.16497 0.000128445 
9.47 0.16697 0.000199642 
9.47 0.16897 0.000291549 
9.47 0.17097 0.000420647 
9.47 0.17297 0.000527422 
9.47 0.17497 0.000645826 
9.47 0.17697 0.00107924 
9.47 0.17897 0.000781408 
9.47 0.18097 0.000758992 
9.47 0.18297 0.000702438 
9.47 0.18497 0.00061573 
9.47 0.18697 0.000661328 
9.47 0.18897 0.000398551 
9.47 0.19097 0.000302069 
9.47 0.19297 0.000194545 
9.47 0.19497 0.000119558 
9.47 0.19697 3.62882e-05 
9.47 0.19897 8.8512e-06 
9.48 0.14097 4.18657e-10 
9.48 0.14297 1.10938e-08 
9.48 0.14497 9.65138e-08 
9.48 0.14697 4.60515e-07 
9.48 0.14897 1.54967e-06 
9.48 0.15097 3.97701e-06 
9.48 0.15297 8.89145e-06 
9.48 0.15497 1.85226e-05 
9.48 0.15697 3.55028e-05 
9.48 0.15897 6.42581e-05 
9.48 0.16097 0.00011084 
9.48 0.16297 0.00018193 
9.48 0.16497 0.000248747 
9.48 0.16697 0.000421522 
9.48 0.16897 0.000516093 
9.48 0.17097 0.000635378 
9.48 0.17297 0.000734215 
9.48 0.17497 0.0009412 
9.48 0.17697 0.00108519 
9.48 0.17897 0.000779625 
9.48 0.18097 0.000694133 
9.48 0.18297 0.000644916 
9.48 0.18497 0.000593208 
9.48 0.18697 0.000295832 
9.48 0.18897 0.000258489 
9.48 0.19097 0.000169965 
9.48 0.19297 7.59776e-05 
9.48 0.19497 2.04629e-05 
9.48 0.19697 1.97597e-06 
9.49 0.13897 5.38128e-09 
9.49 0.14097 5.43478e-08 
9.49 0.14297 3.12026e-07 
9.49 0.14497 1.14501e-06 
9.49 0.14697 3.03573e-06 
9.49 0.14897 6.85992e-06 
9.49 0.15097 1.49795e-05 
9.49 0.15297 2.97673e-05 
9.49 0.15497 5.5345e-05 
9.49 0.15697 9.60084e-05 
9.49 0.15897 0.000113745 
9.49 0.16097 0.000164574 
9.49 0.16297 0.000504047 
9.49 0.16497 0.000489343 
9.49 0.16697 0.000589349 
9.49 0.16897 0.000720058 
9.49 0.17097 0.000833115 
9.49 0.17297 0.000873948 
9.49 0.17497 0.00126244 
9.49 0.17697 0.000763423 
9.49 0.17897 0.000674878 
9.49 0.18097 0.000542088 
9.49 0.18297 0.000526849 
9.49 0.18497 0.000255518 
9.49 0.18697 0.000258218 
9.49 0.18897 0.000103786 
9.49 0.19097 4.26564e-05 
9.49 0.19297 8.74127e-06 
9.5 0.13497 2.27871e-09 
9.5 0.13697 3.2699e-08 
9.5 0.13897 1.95416e-07 
9.5 0.14097 7.76432e-07 
9.5 0.14297 2.24438e-06 
9.5 0.14497 5.37297e-06 
9.5 0.14697 1.18179e-05 
9.5 0.14897 2.36818e-05 
9.5 0.15097 4.48241e-05 
9.5 0.15297 8.05823e-05 
9.5 0.15497 7.13842e-05 
9.5 0.15697 0.000170956 
9.5 0.15897 0.000267493 
9.5 0.16097 0.000644311 
9.5 0.16297 0.000600658 
9.5 0.16497 0.000722172 
9.5 0.16697 0.000836983 
9.5 0.16897 0.000897895 
9.5 0.17097 0.000905376 
9.5 0.17297 0.00121446 
9.5 0.17497 0.000730399 
9.5 0.17697 0.000609189 
9.5 0.17897 0.000478275 
9.5 0.18097 0.000451169 
9.5 0.18297 0.000245721 
9.5 0.18497 0.00020058 
9.5 0.18697 6.46155e-05 
9.5 0.18897 1.41667e-05 
9.5 0.19097 2.04516e-06 
9.51 0.13297 1.71087e-08 
9.51 0.13497 1.22913e-07 
9.51 0.13697 5.2311e-07 
9.51 0.13897 1.61341e-06 
9.51 0.14097 3.96119e-06 
9.51 0.14297 9.0918e-06 
9.51 0.14497 1.92265e-05 
9.51 0.14697 3.75105e-05 
9.51 0.14897 6.2615e-05 
9.51 0.15097 6.20312e-05 
9.51 0.15297 0.00015697 
9.51 0.15497 0.00023975 
9.51 0.15697 0.000591303 
9.51 0.15897 0.000573052 
9.51 0.16097 0.000715301 
9.51 0.16297 0.000838455 
9.51 0.16497 0.00092587 
9.51 0.16697 0.0009546 
9.51 0.16897 0.000931185 
9.51 0.17097 0.000872249 
9.51 0.17297 0.000980726 
9.51 0.17497 0.000555314 
9.51 0.17697 0.000425067 
9.51 0.17897 0.000375031 
9.51 0.18097 0.000231337 
9.51 0.18297 0.00012869 
9.51 0.18497 3.82602e-05 
9.51 0.18697 4.70826e-06 
9.52 0.12897 6.81272e-09 
9.52 0.13097 7.28194e-08 
9.52 0.13297 3.43919e-07 
9.52 0.13497 1.17352e-06 
9.52 0.13697 3.03184e-06 
9.52 0.13897 6.9784e-06 
9.52 0.14097 1.50795e-05 
9.52 0.14297 2.96556e-05 
9.52 0.14497 5.66567e-05 
9.52 0.14697 5.00967e-05 
9.52 0.14897 0.000134521 
9.52 0.15097 0.000217005 
9.52 0.15297 0.000324249 
9.52 0.15497 0.000739913 
9.52 0.15697 0.00068485 
9.52 0.15897 0.000814899 
9.52 0.16097 0.000915011 
9.52 0.16297 0.00098928 
9.52 0.16497 0.000997264 
9.52 0.16697 0.000937348 
9.52 0.16897 0.000834348 
9.52 0.17097 0.000916164 
9.52 0.17297 0.000481439 
9.52 0.17497 0.000413076 
9.52 0.17697 0.000298138 
9.52 0.17897 0.000201368 
9.52 0.18097 5.77883e-05 
9.52 0.18297 1.74941e-05 
9.53 0.12697 4.71189e-08 
9.53 0.12897 2.37996e-07 
9.53 0.13097 8.01194e-07 
9.53 0.13297 2.16785e-06 
9.53 0.13497 5.27561e-06 
9.53 0.13697 1.18794e-05 
9.53 0.13897 2.44132e-05 
9.53 0.14097 4.68462e-05 
9.53 0.14297 4.1126e-05 
9.53 0.14497 0.000109888 
9.53 0.14697 0.00019076 
9.53 0.14897 0.000295563 
9.53 0.15097 0.000699599 
9.53 0.15297 0.000632022 
9.53 0.15497 0.000795577 
9.53 0.15697 0.000914874 
9.53 0.15897 0.00100008 
9.53 0.16097 0.00103579 
9.53 0.16297 0.000994392 
9.53 0.16497 0.000900701 
9.53 0.16697 0.000863124 
9.53 0.16897 0.00082392 
9.53 0.17097 0.000411081 
9.53 0.17297 0.000284603 
9.53 0.17497 0.000290598 
9.53 0.17697 0.000117549 
9.53 0.17897 2.92866e-05 
9.53 0.18097 4.60753e-06 
9.54 0.12297 1.67174e-08 
9.54 0.12497 1.43952e-07 
9.54 0.12697 5.6953e-07 
9.54 0.12897 1.64128e-06 
9.54 0.13097 4.01942e-06 
9.54 0.13297 8.86453e-06 
9.54 0.13497 1.92868e-05 
9.54 0.13697 3.85937e-05 
9.54 0.13897 4.01671e-05 
9.54 0.14097 9.18757e-05 
9.54 0.14297 0.000156812 
9.54 0.14497 0.000252257 
9.54 0.14697 0.000416324 
9.54 0.14897 0.000855445 
9.54 0.15097 0.000778469 
9.54 0.15297 0.000926449 
9.54 0.15497 0.00103155 
9.54 0.15697 0.00108365 
9.54 0.15897 0.00105699 
9.54 0.16097 0.000977385 
9.54 0.16297 0.000848626 
9.54 0.16497 0.000695288 
9.54 0.16697 0.000703739 
9.54 0.16897 0.000341298 
9.54 0.17097 0.000229082 
9.54 0.17297 0.000226683 
9.54 0.17497 7.13958e-05 
9.54 0.17697 1.52908e-05 
9.55 0.12097 9.26962e-08 
9.55 0.12297 3.65357e-07 
9.55 0.12497 1.13567e-06 
9.55 0.12697 3.01659e-06 
9.55 0.12897 6.94905e-06 
9.55 0.13097 1.51589e-05 
9.55 0.13297 3.0055e-05 
9.55 0.13497 4.37088e-05 
9.55 0.13697 6.56972e-05 
9.55 0.13897 0.000142539 
9.55 0.14097 0.00023198 
9.55 0.14297 0.000330262 
9.55 0.14497 0.000801499 
9.55 0.14697 0.000731828 
9.55 0.14897 0.000522447 
9.55 0.15097 0.000961742 
9.55 0.15297 0.00108398 
9.55 0.15497 0.00120458 
9.55 0.15697 0.00141901 
9.55 0.15897 0.000939928 
9.55 0.16097 0.000783946 
9.55 0.16297 0.000616247 
9.55 0.16497 0.000470982 
9.55 0.16697 0.000401592 
9.55 0.16897 0.000231816 
9.55 0.17097 0.000124427 
9.55 0.17297 3.39315e-05 
9.55 0.17497 3.03475e-06 
9.56 0.11697 4.13055e-08 
9.56 0.11897 2.63418e-07 
9.56 0.12097 8.26274e-07 
9.56 0.12297 2.17637e-06 
9.56 0.12497 5.07815e-06 
9.56 0.12697 1.18184e-05 
9.56 0.12897 2.54886e-05 
9.56 0.13097 4.71349e-05 
9.56 0.13297 4.25967e-05 
9.56 0.13497 0.000119008 
9.56 0.13697 0.000196047 
9.56 0.13897 0.000316935 
9.56 0.14097 0.000456466 
9.56 0.14297 0.000907959 
9.56 0.14497 0.000526846 
9.56 0.14697 0.000962172 
9.56 0.14897 0.00107934 
9.56 0.15097 0.0011395 
9.56 0.15297 0.00116876 
9.56 0.15497 0.00115871 
9.56 0.15697 0.00122529 
9.56 0.15897 0.000714065 
9.56 0.16097 0.000543642 
9.56 0.16297 0.000430218 
9.56 0.16497 0.000313421 
9.56 0.16697 0.000180362 
9.56 0.16897 7.66051e-05 
9.56 0.17097 1.79396e-05 
9.57 0.11297 7.75863e-10 
9.57 0.11497 1.58134e-07 
9.57 0.11697 5.73946e-07 
9.57 0.11897 1.60777e-06 
9.57 0.12097 4.00248e-06 
9.57 0.12297 8.66389e-06 
9.57 0.12497 1.92253e-05 
9.57 0.12697 3.7861e-05 
9.57 0.12897 3.86238e-05 
9.57 0.13097 0.00010259 
9.57 0.13297 0.000166435 
9.57 0.13497 0.000271111 
9.57 0.13697 0.00043538 
9.57 0.13897 0.000699874 
9.57 0.14097 0.000616826 
9.57 0.14297 0.000937474 
9.57 0.14497 0.00105959 
9.57 0.14697 0.00116178 
9.57 0.14897 0.00119862 
9.57 0.15097 0.00114582 
9.57 0.15297 0.00103123 
9.57 0.15497 0.00116116 
9.57 0.15697 0.000667333 
9.57 0.15897 0.000519799 
9.57 0.16097 0.000309333 
9.57 0.16297 0.000269297 
9.57 0.16497 0.000138908 
9.57 0.16697 3.35716e-05 
9.57 0.16897 4.6034e-06 
9.58 0.11097 6.76812e-08 
9.58 0.11297 3.80785e-07 
9.58 0.11497 1.09801e-06 
9.58 0.11697 2.81905e-06 
9.58 0.11897 7.00576e-06 
9.58 0.12097 1.5714e-05 
9.58 0.12297 3.06484e-05 
9.58 0.12497 4.50959e-05 
9.58 0.12697 6.6258e-05 
9.58 0.12897 0.000145501 
9.58 0.13097 0.000228543 
9.58 0.13297 0.000369885 
9.58 0.13497 0.000566015 
9.58 0.13697 0.000715594 
9.58 0.13897 0.000897514 
9.58 0.14097 0.000976645 
9.58 0.14297 0.00116737 
9.58 0.14497 0.00123741 
9.58 0.14697 0.00121289 
9.58 0.14897 0.00111528 
9.58 0.15097 0.0010395 
9.58 0.15297 0.000796108 
9.58 0.15497 0.000782271 
9.58 0.15697 0.00036814 
9.58 0.15897 0.000246708 
9.58 0.16097 0.000220987 
9.58 0.16297 8.99982e-05 
9.58 0.16497 1.35991e-05 
9.59 0.10697 3.35962e-10 
9.59 0.10897 2.48154e-07 
9.59 0.11097 7.42665e-07 
9.59 0.11297 2.04355e-06 
9.59 0.11497 5.1567e-06 
9.59 0.11697 1.17114e-05 
9.59 0.11897 2.44709e-05 
9.59 0.12097 3.46925e-05 
9.59 0.12297 5.39463e-05 
9.59 0.12497 0.0001233 
9.59 0.12697 0.000203992 
9.59 0.12897 0.000321782 
9.59 0.13097 0.000492167 
9.59 0.13297 0.00068989 
9.59 0.13497 0.000876099 
9.59 0.13697 0.00104961 
9.59 0.13897 0.00118591 
9.59 0.14097 0.00126263 
9.59 0.14297 0.00125861 
9.59 0.14497 0.00122467 
9.59 0.14697 0.00107813 
9.59 0.14897 0.000892368 
9.59 0.15097 0.0006936 
9.59 0.15297 0.0006563 
9.59 0.15497 0.000296981 
9.59 0.15697 0.000205442 
9.59 0.15897 0.000162585 
9.59 0.16097 4.18123e-05 
9.59 0.16297 4.8891e-06 
9.6 0.10497 1.08735e-07 
9.6 0.10697 5.24725e-07 
9.6 0.10897 1.46344e-06 
9.6 0.11097 3.61437e-06 
9.6 0.11297 8.8164e-06 
9.6 0.11497 1.94473e-05 
9.6 0.11697 3.24163e-05 
9.6 0.11897 4.37367e-05 
9.6 0.12097 9.56903e-05 
9.6 0.12297 0.000176821 
9.6 0.12497 0.000283727 
9.6 0.12697 0.000426393 
9.6 0.12897 0.000608684 
9.6 0.13097 0.000819085 
9.6 0.13297 0.00103032 
9.6 0.13497 0.00120553 
9.6 0.13697 0.0013132 
9.6 0.13897 0.00134026 
9.6 0.14097 0.00128758 
9.6 0.14297 0.00115776 
9.6 0.14497 0.000976099 
9.6 0.14697 0.000814784 
9.6 0.14897 0.000607645 
9.6 0.15097 0.000488352 
9.6 0.15297 0.000309103 
9.6 0.15497 0.000189593 
9.6 0.15697 8.1986e-05 
9.6 0.15897 1.61616e-05 
9.6 0.16097 8.95206e-07 
9.61 0.10097 1.16081e-09 
9.61 0.10297 3.64503e-07 
9.61 0.10497 1.04734e-06 
9.61 0.10697 2.72384e-06 
9.61 0.10897 6.64501e-06 
9.61 0.11097 1.40098e-05 
9.61 0.11297 2.70191e-05 
9.61 0.11497 3.37378e-05 
9.61 0.11697 8.62409e-05 
9.61 0.11897 0.000148814 
9.61 0.12097 0.000227301 
9.61 0.12297 0.000381502 
9.61 0.12497 0.000557262 
9.61 0.12697 0.000751528 
9.61 0.12897 0.000942717 
9.61 0.13097 0.00111979 
9.61 0.13297 0.00128146 
9.61 0.13497 0.00137357 
9.61 0.13697 0.00135665 
9.61 0.13897 0.00128638 
9.61 0.14097 0.00111894 
9.61 0.14297 0.000906912 
9.61 0.14497 0.000691458 
9.61 0.14697 0.000496062 
9.61 0.14897 0.000330197 
9.61 0.15097 0.000310058 
9.61 0.15297 0.000119853 
9.61 0.15497 4.9034e-05 
9.61 0.15697 7.25399e-06 
9.62 0.09697 5.70261e-10 
9.62 0.09897 1.57337e-07 
9.62 0.10097 7.09629e-07 
9.62 0.10297 2.01819e-06 
9.62 0.10497 4.96631e-06 
9.62 0.10697 1.13006e-05 
9.62 0.10897 2.05258e-05 
9.62 0.11097 2.41251e-05 
9.62 0.11297 6.83274e-05 
9.62 0.11497 0.000126379 
9.62 0.11697 0.000213291 
9.62 0.11897 0.00030406 
9.62 0.12097 0.000545569 
9.62 0.12297 0.000720081 
9.62 0.12497 0.000850068 
9.62 0.12697 0.00111331 
9.62 0.12897 0.00126392 
9.62 0.13097 0.00129937 
9.62 0.13297 0.00107499 
9.62 0.13497 0.00128614 
9.62 0.13697 0.00143605 
9.62 0.13897 0.0011967 
9.62 0.14097 0.000806062 
9.62 0.14297 0.000591265 
9.62 0.14497 0.000405582 
9.62 0.14697 0.000290143 
9.62 0.14897 0.000212172 
9.62 0.15097 8.93226e-05 
9.62 0.15297 1.99022e-05 
9.62 0.15497 1.9462e-06 
9.63 0.09297 1.99689e-10 
9.63 0.09497 4.00392e-09 
9.63 0.09697 5.03365e-07 
9.63 0.09897 1.45184e-06 
9.63 0.10097 3.4566e-06 
9.63 0.10297 8.69029e-06 
9.63 0.10497 1.74846e-05 
9.63 0.10697 2.12842e-05 
9.63 0.10897 5.04197e-05 
9.63 0.11097 9.84424e-05 
9.63 0.11297 0.000178167 
9.63 0.11497 0.000289806 
9.63 0.11697 0.000442345 
9.63 0.11897 0.000642561 
9.63 0.12097 0.000865683 
9.63 0.12297 0.00110684 
9.63 0.12497 0.00128729 
9.63 0.12697 0.000803302 
9.63 0.12897 0.0013378 
9.63 0.13097 0.00144036 
9.63 0.13297 0.00135426 
9.63 0.13497 0.00118822 
9.63 0.13697 0.00105959 
9.63 0.13897 0.000967003 
9.63 0.14097 0.000502908 
9.63 0.14297 0.000334845 
9.63 0.14497 0.000244278 
9.63 0.14697 0.000147862 
9.63 0.14897 5.74658e-05 
9.63 0.15097 1.07018e-05 
9.63 0.15297 2.01129e-08 
9.64 0.08897 3.67154e-10 
9.64 0.09097 1.49497e-09 
9.64 0.09297 2.23331e-07 
9.64 0.09497 1.0312e-06 
9.64 0.09697 2.73426e-06 
9.64 0.09897 6.66839e-06 
9.64 0.10097 1.20537e-05 
9.64 0.10297 1.76709e-05 
9.64 0.10497 4.55863e-05 
9.64 0.10697 8.81928e-05 
9.64 0.10897 0.000135345 
9.64 0.11097 0.000245223 
9.64 0.11297 0.000393661 
9.64 0.11497 0.000576916 
9.64 0.11697 0.000782918 
9.64 0.11897 0.000994751 
9.64 0.12097 0.00101937 
9.64 0.12297 0.000955105 
9.64 0.12497 0.0014553 
9.64 0.12697 0.00149536 
9.64 0.12897 0.00145783 
9.64 0.13097 0.00130257 
9.64 0.13297 0.00109438 
9.64 0.13497 0.000862867 
9.64 0.13697 0.000740269 
9.64 0.13897 0.000477192 
9.64 0.14097 0.000249827 
9.64 0.14297 0.000166337 
9.64 0.14497 0.000106933 
9.64 0.14697 2.36454e-05 
9.64 0.14897 3.43e-06 
9.65 0.08497 1.64507e-10 
9.65 0.08697 2.96348e-09 
9.65 0.08897 2.36961e-08 
9.65 0.09097 6.7527e-07 
9.65 0.09297 1.9816e-06 
9.65 0.09497 4.98343e-06 
9.65 0.09697 1.10629e-05 
9.65 0.09897 1.14879e-05 
9.65 0.10097 3.39845e-05 
9.65 0.10297 6.95886e-05 
9.65 0.10497 0.00012855 
9.65 0.10697 0.000222103 
9.65 0.10897 0.000305463 
9.65 0.11097 0.000506014 
9.65 0.11297 0.000731452 
9.65 0.11497 0.000768604 
9.65 0.11697 0.00111474 
9.65 0.11897 0.00100331 
9.65 0.12097 0.00139003 
9.65 0.12297 0.00144419 
9.65 0.12497 0.00145827 
9.65 0.12697 0.0013959 
9.65 0.12897 0.00119563 
9.65 0.13097 0.000996176 
9.65 0.13297 0.000757278 
9.65 0.13497 0.000539171 
9.65 0.13697 0.000460688 
9.65 0.13897 0.000191041 
9.65 0.14097 0.000125708 
9.65 0.14297 5.15537e-05 
9.65 0.14497 9.74265e-06 
9.65 0.14697 5.66044e-07 
9.66 0.08097 1.14686e-10 
9.66 0.08297 1.14941e-09 
9.66 0.08497 1.49835e-08 
9.66 0.08697 3.42786e-07 
9.66 0.08897 1.46788e-06 
9.66 0.09097 3.33444e-06 
9.66 0.09297 8.3238e-06 
9.66 0.09497 1.09378e-05 
9.66 0.09697 2.91443e-05 
9.66 0.09897 5.85239e-05 
9.66 0.10097 9.09071e-05 
9.66 0.10297 0.000183713 
9.66 0.10497 0.000298629 
9.66 0.10697 0.000456576 
9.66 0.10897 0.000657949 
9.66 0.11097 0.00066081 
9.66 0.11297 0.000914445 
9.66 0.11497 0.0010913 
9.66 0.11697 0.00140589 
9.66 0.11897 0.00149551 
9.66 0.12097 0.00149341 
9.66 0.12297 0.00140683 
9.66 0.12497 0.00124244 
9.66 0.12697 0.00105106 
9.66 0.12897 0.000854457 
9.66 0.13097 0.000630615 
9.66 0.13297 0.000437163 
9.66 0.13497 0.00037099 
9.66 0.13697 0.000137399 
9.66 0.13897 8.60205e-05 
9.66 0.14097 2.94311e-05 
9.66 0.14297 5.02516e-06 
9.67 0.07897 2.43422e-09 
9.67 0.08097 6.618e-09 
9.67 0.08297 5.88382e-08 
9.67 0.08497 1.01123e-06 
9.67 0.08697 2.75612e-06 
9.67 0.08897 6.72725e-06 
9.67 0.09097 8.32132e-06 
9.67 0.09297 2.05986e-05 
9.67 0.09497 4.63828e-05 
9.67 0.09697 8.8453e-05 
9.67 0.09897 0.000154435 
9.67 0.10097 0.000220781 
9.67 0.10297 0.000402918 
9.67 0.10497 0.00059388 
9.67 0.10697 0.000752635 
9.67 0.10897 0.000682457 
9.67 0.11097 0.00115657 
9.67 0.11297 0.00141452 
9.67 0.11497 0.00149429 
9.67 0.11697 0.00146059 
9.67 0.11897 0.00150849 
9.67 0.12097 0.00136703 
9.67 0.12297 0.00116431 
9.67 0.12497 0.000926785 
9.67 0.12697 0.000694908 
9.67 0.12897 0.000497821 
9.67 0.13097 0.000346971 
9.67 0.13297 0.000242032 
9.67 0.13497 0.000139374 
9.67 0.13697 6.05719e-05 
9.67 0.13897 1.16623e-05 
9.67 0.14097 1.29388e-06 
9.68 0.07497 1.12527e-09 
9.68 0.07697 1.27657e-08 
9.68 0.07897 7.84246e-08 
9.68 0.08097 4.48854e-07 
9.68 0.08297 1.98604e-06 
9.68 0.08497 4.90612e-06 
9.68 0.08697 8.235e-06 
9.68 0.08897 1.67848e-05 
9.68 0.09097 3.22256e-05 
9.68 0.09297 7.01705e-05 
9.68 0.09497 0.000128891 
9.68 0.09697 0.000220675 
9.68 0.09897 0.000337442 
9.68 0.10097 0.000438076 
9.68 0.10297 0.000499706 
9.68 0.10497 0.000799326 
9.68 0.10697 0.00109363 
9.68 0.10897 0.00131517 
9.68 0.11097 0.00145674 
9.68 0.11297 0.00154042 
9.68 0.11497 0.00159582 
9.68 0.11697 0.00147186 
9.68 0.11897 0.00127549 
9.68 0.12097 0.000960786 
9.68 0.12297 0.000811248 
9.68 0.12497 0.000588476 
9.68 0.12697 0.000400221 
9.68 0.12897 0.000272775 
9.68 0.13097 0.000149098 
9.68 0.13297 0.000105029 
9.68 0.13497 2.86554e-05 
9.68 0.13697 6.18655e-06 
9.68 0.13897 1.15971e-07 
9.69 0.07097 2.06186e-09 
9.69 0.07297 5.27956e-09 
9.69 0.07497 4.8786e-08 
9.69 0.07697 2.2387e-07 
9.69 0.07897 1.71214e-06 
9.69 0.08097 3.28927e-06 
9.69 0.08297 6.44297e-06 
9.69 0.08497 1.2973e-05 
9.69 0.08697 3.00194e-05 
9.69 0.08897 4.98187e-05 
9.69 0.09097 9.75381e-05 
9.69 0.09297 0.000175088 
9.69 0.09497 0.000290137 
9.69 0.09697 0.000372186 
9.69 0.09897 0.000368845 
9.69 0.10097 0.000753343 
9.69 0.10297 0.00098567 
9.69 0.10497 0.00127604 
9.69 0.10697 0.00146145 
9.69 0.10897 0.00156512 
9.69 0.11097 0.00157301 
9.69 0.11297 0.00148248 
9.69 0.11497 0.00129758 
9.69 0.11697 0.00116086 
9.69 0.11897 0.000980337 
9.69 0.12097 0.000635167 
9.69 0.12297 0.0004873 
9.69 0.12497 0.000341595 
9.69 0.12697 0.000187685 
9.69 0.12897 9.94101e-05 
9.69 0.13097 7.26021e-05 
9.69 0.13297 1.47459e-05 
9.69 0.13497 2.08227e-06 
9.7 0.06697 8.02073e-10 
9.7 0.06897 1.1414e-08 
9.7 0.07097 6.84773e-08 
9.7 0.07297 9.66985e-08 
9.7 0.07497 8.76026e-07 
9.7 0.07697 2.98105e-06 
9.7 0.07897 5.84787e-06 
9.7 0.08097 7.71721e-06 
9.7 0.08297 2.24731e-05 
9.7 0.08497 4.52774e-05 
9.7 0.08697 8.80408e-05 
9.7 0.08897 0.000129393 
9.7 0.09097 0.000234086 
9.7 0.09297 0.000243154 
9.7 0.09497 0.000499896 
9.7 0.09697 0.000700231 
9.7 0.09897 0.000816656 
9.7 0.10097 0.00113348 
9.7 0.10297 0.00141662 
9.7 0.10497 0.00158686 
9.7 0.10697 0.00156615 
9.7 0.10897 0.00122596 
9.7 0.11097 0.00134767 
9.7 0.11297 0.00129262 
9.7 0.11497 0.00108824 
9.7 0.11697 0.000891176 
9.7 0.11897 0.000804607 
9.7 0.12097 0.000369024 
9.7 0.12297 0.000269737 
9.7 0.12497 0.000128285 
9.7 0.12697 8.49277e-05 
9.7 0.12897 3.17548e-05 
9.7 0.13097 5.62714e-06 
9.7 0.13297 3.48511e-07 
9.71 0.06497 4.23169e-09 
9.71 0.06697 3.86388e-08 
9.71 0.06897 1.78695e-07 
9.71 0.07097 2.07642e-07 
9.71 0.07297 2.14919e-06 
9.71 0.07497 3.87522e-06 
9.71 0.07697 9.15265e-06 
9.71 0.07897 1.46797e-05 
9.71 0.08097 3.57006e-05 
9.71 0.08297 6.81788e-05 
9.71 0.08497 0.000124658 
9.71 0.08697 0.000119187 
9.71 0.08897 0.000248872 
9.71 0.09097 0.000432414 
9.71 0.09297 0.000644312 
9.71 0.09497 0.00087101 
9.71 0.09697 0.00110388 
9.71 0.09897 0.00132089 
9.71 0.10097 0.0014694 
9.71 0.10297 0.000991808 
9.71 0.10497 0.00142649 
9.71 0.10697 0.00160344 
9.71 0.10897 0.00143024 
9.71 0.11097 0.00120194 
9.71 0.11297 0.000942878 
9.71 0.11497 0.000712473 
9.71 0.11697 0.000515701 
9.71 0.11897 0.000421787 
9.71 0.12097 0.000175655 
9.71 0.12297 8.69131e-05 
9.71 0.12497 5.94303e-05 
9.71 0.12697 1.761e-05 
9.71 0.12897 3.25601e-06 
9.72 0.06097 6.65922e-09 
9.72 0.06297 1.22716e-08 
9.72 0.06497 9.36661e-08 
9.72 0.06697 3.2325e-07 
9.72 0.06897 1.0007e-06 
9.72 0.07097 2.77059e-06 
9.72 0.07297 7.10459e-06 
9.72 0.07497 1.59205e-05 
9.72 0.07697 2.353e-05 
9.72 0.07897 5.49054e-05 
9.72 0.08097 9.84046e-05 
9.72 0.08297 0.000116408 
9.72 0.08497 0.000188413 
9.72 0.08697 0.000362039 
9.72 0.08897 0.000547993 
9.72 0.09097 0.000802674 
9.72 0.09297 0.00100476 
9.72 0.09497 0.000826442 
9.72 0.09697 0.00171755 
9.72 0.09897 0.00123331 
9.72 0.10097 0.00157125 
9.72 0.10297 0.00149174 
9.72 0.10497 0.00138458 
9.72 0.10697 0.00115033 
9.72 0.10897 0.00108109 
9.72 0.11097 0.00084186 
9.72 0.11297 0.000609541 
9.72 0.11497 0.000407944 
9.72 0.11697 0.000293538 
9.72 0.11897 0.000147258 
9.72 0.12097 5.70647e-05 
9.72 0.12297 3.88732e-05 
9.72 0.12497 7.17599e-06 
9.72 0.12697 7.34334e-07 
9.73 0.05697 2.87732e-09 
9.73 0.05897 2.55536e-08 
9.73 0.06097 3.58116e-08 
9.73 0.06297 2.17098e-07 
9.73 0.06497 6.35379e-07 
9.73 0.06697 2.32433e-06 
9.73 0.06897 4.08841e-06 
9.73 0.07097 1.20883e-05 
9.73 0.07297 2.5167e-05 
9.73 0.07497 3.60986e-05 
9.73 0.07697 7.28793e-05 
9.73 0.07897 0.000102165 
9.73 0.08097 0.000206227 
9.73 0.08297 0.000259244 
9.73 0.08497 0.000463417 
9.73 0.08697 0.000685246 
9.73 0.08897 0.000646095 
9.73 0.09097 0.00104353 
9.73 0.09297 0.00147832 
9.73 0.09497 0.0013655 
9.73 0.09697 0.00156975 
9.73 0.09897 0.00157413 
9.73 0.10097 0.00149744 
9.73 0.10297 0.00132602 
9.73 0.10497 0.00110532 
9.73 0.10697 0.000804131 
9.73 0.10897 0.000658621 
9.73 0.11097 0.000490535 
9.73 0.11297 0.000328501 
9.73 0.11497 0.000183404 
9.73 0.11697 0.000125283 
9.73 0.11897 4.70892e-05 
9.73 0.12097 1.62536e-05 
9.73 0.12297 2.51046e-06 
9.73 0.12497 1.57821e-08 
9.74 0.05497 1.34277e-08 
9.74 0.05697 7.33734e-08 
9.74 0.05897 1.01939e-07 
9.74 0.06097 4.47052e-07 
9.74 0.06297 1.20248e-06 
9.74 0.06497 4.22293e-06 
9.74 0.06697 6.41382e-06 
9.74 0.06897 1.80544e-05 
9.74 0.07097 3.89372e-05 
9.74 0.07297 4.09149e-05 
9.74 0.07497 9.1454e-05 
9.74 0.07697 0.000175202 
9.74 0.07897 0.000283512 
9.74 0.08097 0.000346477 
9.74 0.08297 0.000558675 
9.74 0.08497 0.000549604 
9.74 0.08697 0.000968988 
9.74 0.08897 0.00122342 
9.74 0.09097 0.00145178 
9.74 0.09297 0.00159252 
9.74 0.09497 0.00164718 
9.74 0.09697 0.0015995 
9.74 0.09897 0.00145145 
9.74 0.10097 0.00124302 
9.74 0.10297 0.000996989 
9.74 0.10497 0.000695075 
9.74 0.10697 0.00055134 
9.74 0.10897 0.000383003 
9.74 0.11097 0.000224633 
9.74 0.11297 0.000128668 
9.74 0.11497 8.58352e-05 
9.74 0.11697 3.31195e-05 
9.74 0.11897 9.57453e-06 
9.74 0.12097 1.26243e-06 
9.75 0.05097 6.00891e-09 
9.75 0.05297 4.57462e-08 
9.75 0.05497 1.84288e-07 
9.75 0.05697 5.25902e-07 
9.75 0.05897 5.03888e-07 
9.75 0.06097 2.68002e-06 
9.75 0.06297 6.93511e-06 
9.75 0.06497 9.89451e-06 
9.75 0.06697 2.6715e-05 
9.75 0.06897 4.42973e-05 
9.75 0.07097 7.35501e-05 
9.75 0.07297 0.000130893 
9.75 0.07497 0.000243148 
9.75 0.07697 0.000380982 
9.75 0.07897 0.000417275 
9.75 0.08097 0.000631982 
9.75 0.08297 0.000931151 
9.75 0.08497 0.00114492 
9.75 0.08697 0.0012928 
9.75 0.08897 0.00149066 
9.75 0.09097 0.00163596 
9.75 0.09297 0.00168994 
9.75 0.09497 0.00157426 
9.75 0.09697 0.00135661 
9.75 0.09897 0.00109727 
9.75 0.10097 0.000917395 
9.75 0.10297 0.000601424 
9.75 0.10497 0.000444717 
9.75 0.10697 0.000303087 
9.75 0.10897 0.000152234 
9.75 0.11097 8.513e-05 
9.75 0.11297 6.03197e-05 
9.75 0.11497 2.17793e-05 
9.75 0.11697 3.54041e-06 
9.75 0.11897 2.02523e-07 
9.76 0.04697 8.10155e-09 
9.76 0.04897 5.88078e-08 
9.76 0.05097 8.18409e-08 
9.76 0.05297 3.68186e-07 
9.76 0.05497 9.87745e-07 
9.76 0.05697 8.88699e-07 
9.76 0.05897 5.27857e-06 
9.76 0.06097 1.14062e-05 
9.76 0.06297 1.57848e-05 
9.76 0.06497 2.89287e-05 
9.76 0.06697 6.18571e-05 
9.76 0.06897 0.00012427 
9.76 0.07097 0.000163459 
9.76 0.07297 0.000321998 
9.76 0.07497 0.000329712 
9.76 0.07697 0.000610911 
9.76 0.07897 0.000827682 
9.76 0.08097 0.00104154 
9.76 0.08297 0.00128216 
9.76 0.08497 0.00149122 
9.76 0.08697 0.00161542 
9.76 0.08897 0.00159374 
9.76 0.09097 0.00134194 
9.76 0.09297 0.00109127 
9.76 0.09497 0.00130518 
9.76 0.09697 0.00107963 
9.76 0.09897 0.000835379 
9.76 0.10097 0.000614394 
9.76 0.10297 0.000508904 
9.76 0.10497 0.000212517 
9.76 0.10697 0.000108347 
9.76 0.10897 5.67845e-05 
9.76 0.11097 4.19131e-05 
9.76 0.11297 7.42375e-06 
9.76 0.11497 1.23006e-06 
9.77 0.04497 3.57459e-08 
9.77 0.04697 1.52506e-07 
9.77 0.04897 1.7299e-07 
9.77 0.05097 7.20507e-07 
9.77 0.05297 1.70678e-06 
9.77 0.05497 2.36919e-06 
9.77 0.05697 8.7758e-06 
9.77 0.05897 1.85224e-05 
9.77 0.06097 2.61274e-05 
9.77 0.06297 4.04478e-05 
9.77 0.06497 9.28335e-05 
9.77 0.06697 0.000159981 
9.77 0.06897 0.000182844 
9.77 0.07097 0.000272964 
9.77 0.07297 0.000517708 
9.77 0.07497 0.000715348 
9.77 0.07697 0.000993644 
9.77 0.07897 0.00114609 
9.77 0.08097 0.0010424 
9.77 0.08297 0.0020609 
9.77 0.08497 0.00146357 
9.77 0.08697 0.00109283 
9.77 0.08897 0.00147851 
9.77 0.09097 0.00122401 
9.77 0.09297 0.00116343 
9.77 0.09497 0.000939667 
9.77 0.09697 0.00069687 
9.77 0.09897 0.000485229 
9.77 0.10097 0.000334335 
9.77 0.10297 0.000230003 
9.77 0.10497 7.55966e-05 
9.77 0.10697 4.09288e-05 
9.77 0.10897 2.42846e-05 
9.77 0.11097 4.46214e-06 
9.77 0.11297 4.08423e-07 
9.78 0.04097 1.6319e-08 
9.78 0.04297 1.02258e-07 
9.78 0.04497 3.26764e-07 
9.78 0.04697 3.83828e-07 
9.78 0.04897 1.2503e-06 
9.78 0.05097 2.91648e-06 
9.78 0.05297 8.12831e-06 
9.78 0.05497 1.117e-05 
9.78 0.05697 2.25755e-05 
9.78 0.05897 4.84861e-05 
9.78 0.06097 5.95984e-05 
9.78 0.06297 0.000134883 
9.78 0.06497 0.000193904 
9.78 0.06697 0.000190855 
9.78 0.06897 0.000450902 
9.78 0.07097 0.000612179 
9.78 0.07297 0.000908304 
9.78 0.07497 0.000866722 
9.78 0.07697 0.00115717 
9.78 0.07897 0.00202606 
9.78 0.08097 0.00120891 
9.78 0.08297 0.00143258 
9.78 0.08497 0.00156142 
9.78 0.08697 0.00140843 
9.78 0.08897 0.00119285 
9.78 0.09097 0.000905476 
9.78 0.09297 0.000744322 
9.78 0.09497 0.000545068 
9.78 0.09697 0.000397919 
9.78 0.09897 0.000232913 
9.78 0.10097 0.0001469 
9.78 0.10297 7.54244e-05 
9.78 0.10497 3.24774e-05 
9.78 0.10697 1.04248e-05 
9.78 0.10897 1.48601e-06 
9.78 0.11097 1.54081e-09 
9.79 0.03697 1.64891e-08 
9.79 0.03897 1.0643e-07 
9.79 0.04097 1.21694e-07 
9.79 0.04297 6.16024e-07 
9.79 0.04497 1.48216e-06 
9.79 0.04697 1.37405e-06 
9.79 0.04897 5.9568e-06 
9.79 0.05097 1.41412e-05 
9.79 0.05297 1.24872e-05 
9.79 0.05497 3.87543e-05 
9.79 0.05697 7.41038e-05 
9.79 0.05897 8.8685e-05 
9.79 0.06097 0.000160351 
9.79 0.06297 0.000252017 
9.79 0.06497 0.000307072 
9.79 0.06697 0.000739871 
9.79 0.06897 0.000807024 
9.79 0.07097 0.000685373 
9.79 0.07297 0.00113381 
9.79 0.07497 0.00131435 
9.79 0.07697 0.00147993 
9.79 0.07897 0.00161635 
9.79 0.08097 0.00164182 
9.79 0.08297 0.0015106 
9.79 0.08497 0.00130464 
9.79 0.08697 0.00106571 
9.79 0.08897 0.000773771 
9.79 0.09097 0.000607398 
9.79 0.09297 0.000425148 
9.79 0.09497 0.000279267 
9.79 0.09697 0.000157892 
9.79 0.09897 9.10876e-05 
9.79 0.10097 6.18339e-05 
9.79 0.10297 2.10404e-05 
9.79 0.10497 5.57586e-06 
9.79 0.10697 6.88873e-07 
9.8 0.03497 5.9762e-08 
9.8 0.03697 2.18414e-07 
9.8 0.03897 2.24163e-07 
9.8 0.04097 1.03013e-06 
9.8 0.04297 2.56741e-06 
9.8 0.04497 2.24391e-06 
9.8 0.04697 1.07858e-05 
9.8 0.04897 1.9108e-05 
9.8 0.05097 2.17945e-05 
9.8 0.05297 6.13273e-05 
9.8 0.05497 0.00010999 
9.8 0.05697 9.5771e-05 
9.8 0.05897 0.00022189 
9.8 0.06097 0.000363912 
9.8 0.06297 0.000551344 
9.8 0.06497 0.000655302 
9.8 0.06697 0.000717881 
9.8 0.06897 0.00109476 
9.8 0.07097 0.00132496 
9.8 0.07297 0.00150032 
9.8 0.07497 0.00167099 
9.8 0.07697 0.00149849 
9.8 0.07897 0.00158275 
9.8 0.08097 0.00141031 
9.8 0.08297 0.00118636 
9.8 0.08497 0.00092849 
9.8 0.08697 0.000652144 
9.8 0.08897 0.00048902 
9.8 0.09097 0.000329218 
9.8 0.09297 0.000195988 
9.8 0.09497 0.000109224 
9.8 0.09697 5.8398e-05 
9.8 0.09897 3.86231e-05 
9.8 0.10097 1.30465e-05 
9.8 0.10297 1.89079e-06 
9.8 0.10497 8.31347e-08 
9.81 0.03097 5.59717e-08 
9.81 0.03297 1.03339e-07 
9.81 0.03497 4.04694e-07 
9.81 0.03697 6.41272e-07 
9.81 0.03897 1.38969e-06 
9.81 0.04097 3.59665e-06 
9.81 0.04297 4.86937e-06 
9.81 0.04497 1.54254e-05 
9.81 0.04697 3.00172e-05 
9.81 0.04897 3.38638e-05 
9.81 0.05097 9.10699e-05 
9.81 0.05297 0.000130478 
9.81 0.05497 0.000138696 
9.81 0.05697 0.000309989 
9.81 0.05897 0.000450766 
9.81 0.06097 0.000480548 
9.81 0.06297 0.000795701 
9.81 0.06497 0.00105565 
9.81 0.06697 0.00128952 
9.81 0.06897 0.0013481 
9.81 0.07097 0.00160086 
9.81 0.07297 0.00161042 
9.81 0.07497 0.00154387 
9.81 0.07697 0.00145226 
9.81 0.07897 0.00112207 
9.81 0.08097 0.000888701 
9.81 0.08297 0.000747569 
9.81 0.08497 0.000605913 
9.81 0.08697 0.000524611 
9.81 0.08897 0.000273428 
9.81 0.09097 0.000137826 
9.81 0.09297 7.35297e-05 
9.81 0.09497 3.74495e-05 
9.81 0.09697 2.66751e-05 
9.81 0.09897 4.32713e-06 
9.81 0.10097 8.27684e-07 
9.82 0.02697 2.86646e-08 
9.82 0.02897 1.4965e-07 
9.82 0.03097 1.55407e-07 
9.82 0.03297 6.36552e-07 
9.82 0.03497 1.51749e-06 
9.82 0.03697 1.62009e-06 
9.82 0.03897 5.71113e-06 
9.82 0.04097 7.09012e-06 
9.82 0.04297 1.96142e-05 
9.82 0.04497 3.90266e-05 
9.82 0.04697 4.39909e-05 
9.82 0.04897 8.42208e-05 
9.82 0.05097 0.000145198 
9.82 0.05297 0.000181499 
9.82 0.05497 0.000360394 
9.82 0.05697 0.000466577 
9.82 0.05897 0.000678976 
9.82 0.06097 0.00100421 
9.82 0.06297 0.00112106 
9.82 0.06497 0.000953118 
9.82 0.06697 0.0013414 
9.82 0.06897 0.00209387 
9.82 0.07097 0.00155375 
9.82 0.07297 0.00137345 
9.82 0.07497 0.000863808 
9.82 0.07697 0.00107928 
9.82 0.07897 0.000928337 
9.82 0.08097 0.000738387 
9.82 0.08297 0.000529878 
9.82 0.08497 0.000357963 
9.82 0.08697 0.000234582 
9.82 0.08897 0.000145399 
9.82 0.09097 5.01728e-05 
9.82 0.09297 2.54486e-05 
9.82 0.09497 1.60753e-05 
9.82 0.09697 2.49433e-06 
9.82 0.09897 1.69368e-07 
9.83 0.02297 1.70592e-08 
9.83 0.02497 8.19235e-08 
9.83 0.02697 2.77446e-07 
9.83 0.02897 2.81007e-07 
9.83 0.03097 1.124e-06 
9.83 0.03297 2.35842e-06 
9.83 0.03497 2.61619e-06 
9.83 0.03697 9.39659e-06 
9.83 0.03897 9.49319e-06 
9.83 0.04097 3.14694e-05 
9.83 0.04297 5.63106e-05 
9.83 0.04497 4.46101e-05 
9.83 0.04697 0.000129818 
9.83 0.04897 0.000172359 
9.83 0.05097 0.000241984 
9.83 0.05297 0.000538029 
9.83 0.05497 0.000674811 
9.83 0.05697 0.000822758 
9.83 0.05897 0.000931053 
9.83 0.06097 0.000923724 
9.83 0.06297 0.00135865 
9.83 0.06497 0.00199269 
9.83 0.06697 0.00135108 
9.83 0.06897 0.00118027 
9.83 0.07097 0.00109015 
9.83 0.07297 0.00124509 
9.83 0.07497 0.00100671 
9.83 0.07697 0.0007455 
9.83 0.07897 0.000587188 
9.83 0.08097 0.000425599 
9.83 0.08297 0.000265639 
9.83 0.08497 0.000157089 
9.83 0.08697 9.83252e-05 
9.83 0.08897 4.88939e-05 
9.83 0.09097 2.01583e-05 
9.83 0.09297 6.02444e-06 
9.83 0.09497 6.82202e-07 
9.83 0.09697 4.18284e-08 
9.84 0.02097 1.10589e-07 
9.84 0.02297 1.23671e-07 
9.84 0.02497 5.26747e-07 
9.84 0.02697 5.60072e-07 
9.84 0.02897 1.99073e-06 
9.84 0.03097 2.1041e-06 
9.84 0.03297 6.30294e-06 
9.84 0.03497 1.45758e-05 
9.84 0.03697 1.6153e-05 
9.84 0.03897 4.63682e-05 
9.84 0.04097 4.9764e-05 
9.84 0.04297 9.63662e-05 
9.84 0.04497 0.000183158 
9.84 0.04697 0.000144752 
9.84 0.04897 0.000353852 
9.84 0.05097 0.000699191 
9.84 0.05297 0.000766044 
9.84 0.05497 0.000702714 
9.84 0.05697 0.00104479 
9.84 0.05897 0.00122526 
9.84 0.06097 0.0014106 
9.84 0.06297 0.00204312 
9.84 0.06497 0.000950151 
9.84 0.06697 0.00127819 
9.84 0.06897 0.00114907 
9.84 0.07097 0.00103642 
9.84 0.07297 0.000875739 
9.84 0.07497 0.00063613 
9.84 0.07697 0.000470946 
9.84 0.07897 0.000321266 
9.84 0.08097 0.000184183 
9.84 0.08297 0.000110339 
9.84 0.08497 5.98906e-05 
9.84 0.08697 3.83988e-05 
9.84 0.08897 1.36236e-05 
9.84 0.09097 3.29262e-06 
9.84 0.09297 2.61467e-07 
9.85 0.01697 4.66945e-08 
9.85 0.01897 1.97803e-07 
9.85 0.02097 2.43241e-07 
9.85 0.02297 9.32543e-07 
9.85 0.02497 8.74762e-07 
9.85 0.02697 3.35138e-06 
9.85 0.02897 3.01562e-06 
9.85 0.03097 1.06867e-05 
9.85 0.03297 2.40837e-05 
9.85 0.03497 2.41567e-05 
9.85 0.03697 5.57052e-05 
9.85 0.03897 6.5754e-05 
9.85 0.04097 0.00015457 
9.85 0.04297 0.000204665 
9.85 0.04497 0.000281844 
9.85 0.04697 0.000469873 
9.85 0.04897 0.000663294 
9.85 0.05097 0.000678725 
9.85 0.05297 0.00101159 
9.85 0.05497 0.00119308 
9.85 0.05697 0.0013191 
9.85 0.05897 0.00199407 
9.85 0.06097 0.000961985 
9.85 0.06297 0.00136539 
9.85 0.06497 0.00129742 
9.85 0.06697 0.0010463 
9.85 0.06897 0.000901154 
9.85 0.07097 0.000693244 
9.85 0.07297 0.000496607 
9.85 0.07497 0.000378149 
9.85 0.07697 0.000236495 
9.85 0.07897 0.000133962 
9.85 0.08097 7.46329e-05 
9.85 0.08297 3.95369e-05 
9.85 0.08497 2.53722e-05 
9.85 0.08697 7.80844e-06 
9.85 0.08897 9.01587e-07 
9.85 0.09097 2.37351e-08 
9.86 0.01497 1.45704e-07 
9.86 0.01697 2.11955e-07 
9.86 0.01897 5.81942e-07 
9.86 0.02097 1.6232e-06 
9.86 0.02297 1.51802e-06 
9.86 0.02497 5.69933e-06 
9.86 0.02697 4.89117e-06 
9.86 0.02897 1.79996e-05 
9.86 0.03097 3.34296e-05 
9.86 0.03297 3.18759e-05 
9.86 0.03497 8.77243e-05 
9.86 0.03697 0.000131925 
9.86 0.03897 8.46813e-05 
9.86 0.04097 0.000244984 
9.86 0.04297 0.000310774 
9.86 0.04497 0.000611488 
9.86 0.04697 0.00089979 
9.86 0.04897 0.000975037 
9.86 0.05097 0.00109867 
9.86 0.05297 0.00124968 
9.86 0.05497 0.000992642 
9.86 0.05697 0.0017103 
9.86 0.05897 0.00136485 
9.86 0.06097 0.00136595 
9.86 0.06297 0.00118018 
9.86 0.06497 0.000921621 
9.86 0.06697 0.000774285 
9.86 0.06897 0.000550701 
9.86 0.07097 0.000399956 
9.86 0.07297 0.000267131 
9.86 0.07497 0.000165746 
9.86 0.07697 9.0427e-05 
9.86 0.07897 5.12047e-05 
9.86 0.08097 2.5904e-05 
9.86 0.08297 1.69464e-05 
9.86 0.08497 3.02787e-06 
9.86 0.08697 3.66296e-07 
9.87 0.01097 5.916e-08 
9.87 0.01297 2.73996e-07 
9.87 0.01497 2.90602e-07 
9.87 0.01697 1.15312e-06 
9.87 0.01897 2.69925e-06 
9.87 0.02097 2.64272e-06 
9.87 0.02297 9.27067e-06 
9.87 0.02497 7.54404e-06 
9.87 0.02697 2.8617e-05 
9.87 0.02897 4.80948e-05 
9.87 0.03097 3.86767e-05 
9.87 0.03297 9.57635e-05 
9.87 0.03497 7.22302e-05 
9.87 0.03697 0.000200242 
9.87 0.03897 0.00021 
9.87 0.04097 0.000695321 
9.87 0.04297 0.000731037 
9.87 0.04497 0.000880316 
9.87 0.04697 0.00105386 
9.87 0.04897 0.000915381 
9.87 0.05097 0.00109069 
9.87 0.05297 0.00132798 
9.87 0.05497 0.00190242 
9.87 0.05697 0.00135811 
9.87 0.05897 0.0011804 
9.87 0.06097 0.00104789 
9.87 0.06297 0.000730636 
9.87 0.06497 0.000560716 
9.87 0.06697 0.000466755 
9.87 0.06897 0.000356774 
9.87 0.07097 0.000246318 
9.87 0.07297 0.000149631 
9.87 0.07497 7.29346e-05 
9.87 0.07697 3.08223e-05 
9.87 0.07897 1.62335e-05 
9.87 0.08097 9.21147e-06 
9.87 0.08297 1.10601e-06 
9.87 0.08497 3.8101e-08 
9.88 0.00697002 7.10786e-08 
9.88 0.00896999 1.13508e-07 
9.88 0.01097 5.00484e-07 
9.88 0.01297 4.90326e-07 
9.88 0.01497 1.99709e-06 
9.88 0.01697 2.14044e-06 
9.88 0.01897 6.69749e-06 
9.88 0.02097 1.45285e-05 
9.88 0.02297 1.29114e-05 
9.88 0.02497 3.02967e-05 
9.88 0.02697 3.04568e-05 
9.88 0.02897 7.85199e-05 
9.88 0.03097 6.17248e-05 
9.88 0.03297 0.000169941 
9.88 0.03497 0.000176358 
9.88 0.03697 0.000402126 
9.88 0.03897 0.000707026 
9.88 0.04097 0.000799697 
9.88 0.04297 0.000914346 
9.88 0.04497 0.000871117 
9.88 0.04697 0.00115963 
9.88 0.04897 0.00120414 
9.88 0.05097 0.00184561 
9.88 0.05297 0.00141149 
9.88 0.05497 0.00127547 
9.88 0.05697 0.000965678 
9.88 0.05897 0.000684018 
9.88 0.06097 0.000719099 
9.88 0.06297 0.000610724 
9.88 0.06497 0.000443502 
9.88 0.06697 0.000283302 
9.88 0.06897 0.000173944 
9.88 0.07097 0.000101378 
9.88 0.07297 6.41313e-05 
9.88 0.07497 2.72427e-05 
9.88 0.07697 1.17951e-05 
9.88 0.07897 2.9911e-06 
9.88 0.08097 3.46687e-07 
9.88 0.08297 5.7613e-09 
9.89 0.00497001 2.12414e-07 
9.89 0.00697002 2.14796e-07 
9.89 0.00896999 8.89898e-07 
9.89 0.01097 9.05412e-07 
9.89 0.01297 3.4163e-06 
9.89 0.01497 4.56196e-06 
9.89 0.01697 8.18978e-06 
9.89 0.01897 6.72935e-06 
9.89 0.02097 2.3084e-05 
9.89 0.02297 2.3894e-05 
9.89 0.02497 6.0979e-05 
9.89 0.02697 5.2336e-05 
9.89 0.02897 0.000142592 
9.89 0.03097 0.000139523 
9.89 0.03297 0.0002385 
9.89 0.03497 0.00097854 
9.89 0.03697 0.000710111 
9.89 0.03897 0.000701335 
9.89 0.04097 0.000923458 
9.89 0.04297 0.00109111 
9.89 0.04497 0.00113417 
9.89 0.04697 0.00117759 
9.89 0.04897 0.00178871 
9.89 0.05097 0.0013301 
9.89 0.05297 0.000857303 
9.89 0.05497 0.000860056 
9.89 0.05697 0.000880904 
9.89 0.05897 0.000656605 
9.89 0.06097 0.000508908 
9.89 0.06297 0.000346218 
9.89 0.06497 0.00021121 
9.89 0.06697 0.000126521 
9.89 0.06897 7.09506e-05 
9.89 0.07097 3.75954e-05 
9.89 0.07297 2.2894e-05 
9.89 0.07497 7.64368e-06 
9.89 0.07697 1.51362e-06 
9.89 0.07897 5.52261e-08 
9.9 0.000970006 8.93444e-08 
9.9 0.00297001 3.88763e-07 
9.9 0.00497001 3.91125e-07 
9.9 0.00697002 1.57582e-06 
9.9 0.00896999 1.2785e-06 
9.9 0.01097 2.24788e-06 
9.9 0.01297 6.28183e-06 
9.9 0.01497 5.47611e-06 
9.9 0.01697 1.71708e-05 
9.9 0.01897 1.93746e-05 
9.9 0.02097 4.75843e-05 
9.9 0.02297 4.35719e-05 
9.9 0.02497 0.00011433 
9.9 0.02697 0.000102539 
9.9 0.02897 0.000215243 
9.9 0.03097 0.000710718 
9.9 0.03297 0.000761065 
9.9 0.03497 0.000548382 
9.9 0.03697 0.000942235 
9.9 0.03897 0.00102327 
9.9 0.04097 0.00109356 
9.9 0.04297 0.00114497 
9.9 0.04497 0.00120333 
9.9 0.04697 0.00145628 
9.9 0.04897 0.000745036 
9.9 0.05097 0.00100767 
9.9 0.05297 0.000969031 
9.9 0.05497 0.000764966 
9.9 0.05697 0.00055025 
9.9 0.05897 0.000409338 
9.9 0.06097 0.000255763 
9.9 0.06297 0.000156624 
9.9 0.06497 8.97866e-05 
9.9 0.06697 4.81589e-05 
9.9 0.06897 2.48752e-05 
9.9 0.07097 1.486e-05 
9.9 0.07297 4.19849e-06 
9.9 0.07497 2.72503e-07 
9.9 0.07697 1.04689e-08 
9.91 -0.00303 9.5521e-08 
9.91 -0.00103 1.71747e-07 
9.91 0.000970006 2.83071e-07 
9.91 0.00297001 1.0443e-06 
9.91 0.00497001 9.46147e-07 
9.91 0.00697002 1.51334e-06 
9.91 0.00896999 4.85862e-06 
9.91 0.01097 3.99397e-06 
9.91 0.01297 1.31253e-05 
9.91 0.01497 1.29081e-05 
9.91 0.01697 2.26776e-05 
9.91 0.01897 5.10204e-05 
9.91 0.02097 9.46458e-05 
9.91 0.02297 7.87098e-05 
9.91 0.02497 0.000185678 
9.91 0.02697 0.000447286 
9.91 0.02897 0.000666176 
9.91 0.03097 0.000864599 
9.91 0.03297 0.000944021 
9.91 0.03497 0.000939777 
9.91 0.03697 0.000999618 
9.91 0.03897 0.000728866 
9.91 0.04097 0.000896765 
9.91 0.04297 0.00191156 
9.91 0.04497 0.000714821 
9.91 0.04697 0.000973275 
9.91 0.04897 0.000936793 
9.91 0.05097 0.000793922 
9.91 0.05297 0.000638919 
9.91 0.05497 0.000450356 
9.91 0.05697 0.000312169 
9.91 0.05897 0.00018798 
9.91 0.06097 0.000111101 
9.91 0.06297 6.21004e-05 
9.91 0.06497 3.21795e-05 
9.91 0.06697 1.56965e-05 
9.91 0.06897 9.88019e-06 
9.91 0.07097 1.1559e-06 
9.91 0.07297 7.67019e-08 
9.92 -0.00503001 1.09532e-07 
9.92 -0.00303 2.03115e-07 
9.92 -0.00103 7.85086e-07 
9.92 0.000970006 6.91467e-07 
9.92 0.00297001 1.03524e-06 
9.92 0.00497001 3.73557e-06 
9.92 0.00697002 3.08509e-06 
9.92 0.00896999 5.33742e-06 
9.92 0.01097 1.31811e-05 
9.92 0.01297 1.53084e-05 
9.92 0.01497 4.1984e-05 
9.92 0.01697 5.60586e-05 
9.92 0.01897 8.47321e-05 
9.92 0.02097 0.000161144 
9.92 0.02297 0.000315836 
9.92 0.02497 0.000660715 
9.92 0.02697 0.000784559 
9.92 0.02897 0.000795421 
9.92 0.03097 0.000874246 
9.92 0.03297 0.000802825 
9.92 0.03497 0.000815296 
9.92 0.03697 0.000878793 
9.92 0.03897 0.00143538 
9.92 0.04097 0.00115085 
9.92 0.04297 0.00108281 
9.92 0.04497 0.000911743 
9.92 0.04697 0.000824656 
9.92 0.04897 0.000634719 
9.92 0.05097 0.000457627 
9.92 0.05297 0.000359454 
9.92 0.05497 0.000231647 
9.92 0.05697 0.000138849 
9.92 0.05897 7.84153e-05 
9.92 0.06097 4.16572e-05 
9.92 0.06297 2.08367e-05 
9.92 0.06497 1.13781e-05 
9.92 0.06697 3.92778e-06 
9.92 0.06897 3.83707e-07 
9.92 0.07097 3.82393e-09 
9.93 -0.00703001 1.19786e-07 
9.93 -0.00503001 5.35473e-07 
9.93 -0.00303 4.88534e-07 
9.93 -0.00103 8.04554e-07 
9.93 0.000970006 2.78961e-06 
9.93 0.00297001 2.30788e-06 
9.93 0.00497001 3.30639e-06 
9.93 0.00697002 1.1388e-05 
9.93 0.00896999 1.06159e-05 
9.93 0.01097 3.28743e-05 
9.93 0.01297 3.57744e-05 
9.93 0.01497 7.78395e-05 
9.93 0.01697 0.000123411 
9.93 0.01897 0.000152709 
9.93 0.02097 0.000589932 
9.93 0.02297 0.000751187 
9.93 0.02497 0.000840667 
9.93 0.02697 0.000788886 
9.93 0.02897 0.00068046 
9.93 0.03097 0.000910886 
9.93 0.03297 0.000816463 
9.93 0.03497 0.000657076 
9.93 0.03697 0.00145355 
9.93 0.03897 0.00157978 
9.93 0.04097 0.00101453 
9.93 0.04297 0.000825928 
9.93 0.04497 0.000709659 
9.93 0.04697 0.000504897 
9.93 0.04897 0.000339895 
9.93 0.05097 0.000250259 
9.93 0.05297 0.000161207 
9.93 0.05497 0.000118326 
9.93 0.05697 6.22739e-05 
9.93 0.05897 2.80753e-05 
9.93 0.06097 1.31609e-05 
9.93 0.06297 7.0887e-06 
9.93 0.06497 1.40907e-06 
9.93 0.06697 5.93514e-08 
9.93 0.06897 3.90965e-10 
9.94 -0.00902998 2.62036e-07 
9.94 -0.00703001 4.14805e-07 
9.94 -0.00503001 5.66043e-07 
9.94 -0.00303 1.80357e-06 
9.94 -0.00103 1.92302e-06 
9.94 0.000970006 2.54146e-06 
9.94 0.00297001 8.5849e-06 
9.94 0.00497001 6.95267e-06 
9.94 0.00697002 2.51843e-05 
9.94 0.00896999 2.83296e-05 
9.94 0.01097 6.42283e-05 
9.94 0.01297 6.4515e-05 
9.94 0.01497 0.000159698 
9.94 0.01697 0.000371281 
9.94 0.01897 0.000806742 
9.94 0.02097 0.000913282 
9.94 0.02297 0.000783746 
9.94 0.02497 0.000757477 
9.94 0.02697 0.000681122 
9.94 0.02897 0.000469639 
9.94 0.03097 0.000964315 
9.94 0.03297 0.000932146 
9.94 0.03497 0.00193334 
9.94 0.03697 0.00113205 
9.94 0.03897 0.000911736 
9.94 0.04097 0.000699606 
9.94 0.04297 0.000488999 
9.94 0.04497 0.000404085 
9.94 0.04697 0.000332987 
9.94 0.04897 0.000223346 
9.94 0.05097 0.000138537 
9.94 0.05297 8.21469e-05 
9.94 0.05497 4.64703e-05 
9.94 0.05697 2.63694e-05 
9.94 0.05897 8.00105e-06 
9.94 0.06097 3.54973e-06 
9.94 0.06297 4.35641e-07 
9.94 0.06497 4.68607e-09 
9.95 -0.01103 3.66631e-07 
9.95 -0.00902998 3.67216e-07 
9.95 -0.00703001 5.60711e-07 
9.95 -0.00503001 2.17949e-06 
9.95 -0.00303 1.90824e-06 
9.95 -0.00103 6.62401e-06 
9.95 0.000970006 5.39116e-06 
9.95 0.00297001 1.76826e-05 
9.95 0.00497001 2.27232e-05 
9.95 0.00697002 5.10531e-05 
9.95 0.00896999 5.36019e-05 
9.95 0.01097 0.000133034 
9.95 0.01297 0.000155498 
9.95 0.01497 0.000783073 
9.95 0.01697 0.000856017 
9.95 0.01897 0.000891782 
9.95 0.02097 0.000780004 
9.95 0.02297 0.000521001 
9.95 0.02497 0.000695098 
9.95 0.02697 0.000835291 
9.95 0.02897 0.000746199 
9.95 0.03097 0.00119807 
9.95 0.03297 0.00186491 
9.95 0.03497 0.000913587 
9.95 0.03697 0.000619449 
9.95 0.03897 0.000552093 
9.95 0.04097 0.000539256 
9.95 0.04297 0.000396155 
9.95 0.04497 0.00026495 
9.95 0.04697 0.000169376 
9.95 0.04897 9.95252e-05 
9.95 0.05097 5.53812e-05 
9.95 0.05297 2.97421e-05 
9.95 0.05497 1.62015e-05 
9.95 0.05697 5.73077e-06 
9.95 0.05897 1.61937e-06 
9.95 0.06097 4.22205e-08 
9.95 0.06297 5.75498e-10 
9.96 -0.01503 1.64049e-07 
9.96 -0.01303 2.8429e-07 
9.96 -0.01103 3.89207e-07 
9.96 -0.00902998 1.67528e-06 
9.96 -0.00703001 1.40426e-06 
9.96 -0.00503001 3.03389e-06 
9.96 -0.00303 6.40539e-06 
9.96 -0.00103 6.72422e-06 
9.96 0.000970006 2.28631e-05 
9.96 0.00297001 2.34303e-05 
9.96 0.00497001 6.05355e-05 
9.96 0.00697002 7.03795e-05 
9.96 0.00896999 0.000119764 
9.96 0.01097 0.000616116 
9.96 0.01297 0.000755752 
9.96 0.01497 0.000799673 
9.96 0.01697 0.000902724 
9.96 0.01897 0.000391855 
9.96 0.02097 0.00083792 
9.96 0.02297 0.000712989 
9.96 0.02497 0.000661295 
9.96 0.02697 0.000876966 
9.96 0.02897 0.00183107 
9.96 0.03097 0.00110813 
9.96 0.03297 0.000728538 
9.96 0.03497 0.000697646 
9.96 0.03697 0.000575664 
9.96 0.03897 0.000430761 
9.96 0.04097 0.000313824 
9.96 0.04297 0.000200151 
9.96 0.04497 0.000121439 
9.96 0.04697 7.01266e-05 
9.96 0.04897 3.76953e-05 
9.96 0.05097 1.88335e-05 
9.96 0.05297 9.2276e-06 
9.96 0.05497 4.67002e-06 
9.96 0.05697 2.41695e-07 
9.96 0.05897 6.65501e-09 
9.97 -0.01703 1.52077e-07 
9.97 -0.01503 2.98278e-07 
9.97 -0.01303 1.00548e-06 
9.97 -0.01103 1.25451e-06 
9.97 -0.00902998 1.69998e-06 
9.97 -0.00703001 5.71753e-06 
9.97 -0.00503001 5.13571e-06 
9.97 -0.00303 1.53231e-05 
9.97 -0.00103 1.68219e-05 
9.97 0.000970006 4.83632e-05 
9.97 0.00297001 5.37801e-05 
9.97 0.00497001 9.82881e-05 
9.97 0.00697002 0.00036411 
9.97 0.00896999 0.00062354 
9.97 0.01097 0.00080725 
9.97 0.01297 0.000885121 
9.97 0.01497 0.000555172 
9.97 0.01697 0.000744397 
9.97 0.01897 0.000393308 
9.97 0.02097 0.000910181 
9.97 0.02297 0.000847163 
9.97 0.02497 0.000788893 
9.97 0.02697 0.00163773 
9.97 0.02897 0.00130552 
9.97 0.03097 0.000743072 
9.97 0.03297 0.000595529 
9.97 0.03497 0.00045661 
9.97 0.03697 0.000322733 
9.97 0.03897 0.000223093 
9.97 0.04097 0.000139735 
9.97 0.04297 8.73459e-05 
9.97 0.04497 4.8524e-05 
9.97 0.04697 2.4854e-05 
9.97 0.04897 1.19436e-05 
9.97 0.05097 6.52847e-06 
9.97 0.05297 1.07624e-06 
9.97 0.05497 5.75775e-08 
9.97 0.05697 1.54729e-10 
9.98 -0.01903 1.66388e-07 
9.98 -0.01703 2.84297e-07 
9.98 -0.01503 1.24095e-06 
9.98 -0.01303 1.30634e-06 
9.98 -0.01103 4.15948e-06 
9.98 -0.00902998 3.65803e-06 
9.98 -0.00703001 7.42133e-06 
9.98 -0.00503001 1.64083e-05 
9.98 -0.00303 2.24633e-05 
9.98 -0.00103 5.22053e-05 
9.98 0.000970006 8.047e-05 
9.98 0.00297001 9.18299e-05 
9.98 0.00497001 0.000839414 
9.98 0.00697002 0.000530737 
9.98 0.00896999 0.000813035 
9.98 0.01097 0.000761374 
9.98 0.01297 0.000659353 
9.98 0.01497 0.000466177 
9.98 0.01697 0.000804019 
9.98 0.01897 0.000469529 
9.98 0.02097 0.000907533 
9.98 0.02297 0.00139583 
9.98 0.02497 0.00175381 
9.98 0.02697 0.000799528 
9.98 0.02897 0.000650532 
9.98 0.03097 0.000510403 
9.98 0.03297 0.000363339 
9.98 0.03497 0.000245359 
9.98 0.03697 0.000160588 
9.98 0.03897 9.94388e-05 
9.98 0.04097 5.56757e-05 
9.98 0.04297 3.06707e-05 
9.98 0.04497 1.60096e-05 
9.98 0.04697 7.27982e-06 
9.98 0.04897 2.96357e-06 
9.98 0.05097 3.05208e-07 
9.98 0.05297 2.38524e-09 
9.99 -0.02303 1.21395e-08 
9.99 -0.02103 2.0408e-07 
9.99 -0.01903 8.40729e-07 
9.99 -0.01703 9.45596e-07 
9.99 -0.01503 1.30751e-06 
9.99 -0.01303 4.4823e-06 
9.99 -0.01103 4.33686e-06 
9.99 -0.00902998 1.27117e-05 
9.99 -0.00703001 1.22052e-05 
9.99 -0.00503001 4.161e-05 
9.99 -0.00303 3.52158e-05 
9.99 -0.00103 0.000104044 
9.99 0.000970006 0.000600708 
9.99 0.00297001 0.00041763 
9.99 0.00497001 0.000749015 
9.99 0.00697002 0.00068196 
9.99 0.00896999 0.000703142 
9.99 0.01097 0.000744344 
9.99 0.01297 0.000598157 
9.99 0.01497 0.000611677 
9.99 0.01697 0.000845858 
9.99 0.01897 0.000838441 
9.99 0.02097 0.0013559 
9.99 0.02297 0.00164849 
9.99 0.02497 0.000672025 
9.99 0.02697 0.000505111 
9.99 0.02897 0.000386083 
9.99 0.03097 0.000310558 
9.99 0.03297 0.000232387 
9.99 0.03497 0.00014749 
9.99 0.03697 8.23143e-05 
9.99 0.03897 3.92326e-05 
9.99 0.04097 1.90814e-05 
9.99 0.04297 8.74091e-06 
9.99 0.04497 3.85981e-06 
9.99 0.04697 1.27441e-06 
9.99 0.04897 2.48764e-08 
9.99 0.05097 1.8282e-10 
10 -0.02503 1.28697e-08 
10 -0.02303 1.91537e-07 
10 -0.02103 7.7497e-07 
10 -0.01903 9.96023e-07 
10 -0.01703 3.28397e-06 
10 -0.01503 2.98765e-06 
10 -0.01303 6.46983e-06 
10 -0.01103 6.24137e-06 
10 -0.00902998 2.87848e-05 
10 -0.00703001 2.86544e-05 
10 -0.00503001 7.93896e-05 
10 -0.00303 0.000293513 
10 -0.00103 0.000419819 
10 0.000970006 0.000723217 
10 0.00297001 0.000635971 
10 0.00497001 0.000665024 
10 0.00697002 0.000929271 
10 0.00896999 0.000398206 
10 0.01097 0.000803494 
10 0.01297 0.000839002 
10 0.01497 0.000468069 
10 0.01697 0.00119372 
10 0.01897 0.00154052 
10 0.02097 0.000943877 
10 0.02297 0.000650092 
10 0.02497 0.000523673 
10 0.02697 0.000389034 
10 0.02897 0.000270243 
10 0.03097 0.000176086 
10 0.03297 0.000106435 
10 0.03497 6.48881e-05 
10 0.03697 3.58052e-05 
10 0.03897 1.52858e-05 
10 0.04097 5.09163e-06 
10 0.04297 1.96933e-06 
10 0.04497 1.52211e-07 
10 0.04697 3.01569e-09 
10.01 -0.02703 1.34755e-08 
10.01 -0.02503 4.5568e-07 
10.01 -0.02303 4.71183e-07 
10.01 -0.02103 1.14189e-06 
10.01 -0.01903 3.12242e-06 
10.01 -0.01703 2.10548e-06 
10.01 -0.01503 6.66747e-06 
10.01 -0.01303 8.0157e-06 
10.01 -0.01103 3.09734e-05 
10.01 -0.00902998 3.26823e-05 
10.01 -0.00703001 8.23241e-05 
10.01 -0.00503001 0.000368796 
10.01 -0.00303 0.000463027 
10.01 -0.00103 0.000701536 
10.01 0.000970006 0.000612056 
10.01 0.00297001 0.00124174 
10.01 0.00497001 0.000389147 
10.01 0.00697002 0.000805145 
10.01 0.00896999 0.00045292 
10.01 0.01097 0.000814257 
10.01 0.01297 0.000867853 
10.01 0.01497 0.00113453 
10.01 0.01697 0.00120984 
10.01 0.01897 0.00095873 
10.01 0.02097 0.000578372 
10.01 0.02297 0.000427961 
10.01 0.02497 0.000312024 
10.01 0.02697 0.000205175 
10.01 0.02897 0.00013132 
10.01 0.03097 7.65869e-05 
10.01 0.03297 4.23847e-05 
10.01 0.03497 2.17584e-05 
10.01 0.03697 1.20432e-05 
10.01 0.03897 3.58468e-06 
10.01 0.04097 7.04106e-07 
10.01 0.04297 3.20072e-08 
10.01 0.04497 2.94986e-10 
10.02 -0.02903 1.46373e-07 
10.02 -0.02703 3.5534e-07 
10.02 -0.02503 5.27577e-07 
10.02 -0.02303 1.86292e-06 
10.02 -0.02103 1.6908e-06 
10.02 -0.01903 4.78782e-06 
10.02 -0.01703 4.367e-06 
10.02 -0.01503 2.05552e-05 
10.02 -0.01303 2.15212e-05 
10.02 -0.01103 6.5867e-05 
10.02 -0.00902998 6.35093e-05 
10.02 -0.00703001 0.000389745 
10.02 -0.00503001 0.000722548 
10.02 -0.00303 0.000599441 
10.02 -0.00103 0.00069861 
10.02 0.000970006 0.000944347 
10.02 0.00297001 0.000754538 
10.02 0.00497001 0.000455034 
10.02 0.00697002 0.000850692 
10.02 0.00896999 0.000762342 
10.02 0.01097 0.000629688 
10.02 0.01297 0.00146762 
10.02 0.01497 0.00138855 
10.02 0.01697 0.000539275 
10.02 0.01897 0.000389343 
10.02 0.02097 0.000282526 
10.02 0.02297 0.000242159 
10.02 0.02497 0.000153664 
10.02 0.02697 9.34938e-05 
10.02 0.02897 5.34556e-05 
10.02 0.03097 2.78047e-05 
10.02 0.03297 1.37484e-05 
10.02 0.03497 5.9317e-06 
10.02 0.03697 2.42753e-06 
10.02 0.03897 1.87971e-07 
10.02 0.04097 3.35951e-09 
10.03 -0.03103 2.10383e-07 
10.03 -0.02903 3.30193e-07 
10.03 -0.02703 1.28075e-06 
10.03 -0.02503 1.31905e-06 
10.03 -0.02303 1.92641e-06 
10.03 -0.02103 6.55568e-06 
10.03 -0.01903 4.42369e-06 
10.03 -0.01703 2.19184e-05 
10.03 -0.01503 4.62318e-05 
10.03 -0.01303 4.56997e-05 
10.03 -0.01103 0.000125722 
10.03 -0.00902998 0.000631591 
10.03 -0.00703001 0.000550078 
10.03 -0.00503001 0.000578845 
10.03 -0.00303 0.00101573 
10.03 -0.00103 0.000600803 
10.03 0.000970006 0.000760239 
10.03 0.00297001 0.000842358 
10.03 0.00497001 0.000579679 
10.03 0.00697002 0.00083361 
10.03 0.00896999 0.00114473 
10.03 0.01097 0.0012573 
10.03 0.01297 0.00108098 
10.03 0.01497 0.000394442 
10.03 0.01697 0.000282747 
10.03 0.01897 0.000233 
10.03 0.02097 0.000177653 
10.03 0.02297 0.000120986 
10.03 0.02497 8.92406e-05 
10.03 0.02697 4.64792e-05 
10.03 0.02897 1.86752e-05 
10.03 0.03097 8.23589e-06 
10.03 0.03297 3.07441e-06 
10.03 0.03497 9.46695e-07 
10.03 0.03697 3.73321e-08 
10.04 -0.03303 2.16681e-07 
10.04 -0.03103 3.77831e-07 
10.04 -0.02903 1.40097e-06 
10.04 -0.02703 1.33686e-06 
10.04 -0.02503 4.85376e-06 
10.04 -0.02303 4.04016e-06 
10.04 -0.02103 1.33269e-05 
10.04 -0.01903 2.17666e-05 
10.04 -0.01703 4.56966e-05 
10.04 -0.01503 9.22913e-05 
10.04 -0.01303 8.41922e-05 
10.04 -0.01103 0.000743234 
10.04 -0.00902998 0.000485387 
10.04 -0.00703001 0.000871975 
10.04 -0.00503001 0.000708949 
10.04 -0.00303 0.000893989 
10.04 -0.00103 0.000487847 
10.04 0.000970006 0.000784867 
10.04 0.00297001 0.000869315 
10.04 0.00497001 0.000613586 
10.04 0.00697002 0.0014046 
10.04 0.00896999 0.00121219 
10.04 0.01097 0.000779598 
10.04 0.01297 0.000391601 
10.04 0.01497 0.000303205 
10.04 0.01697 0.000212288 
10.04 0.01897 0.000139153 
10.04 0.02097 8.547e-05 
10.04 0.02297 4.99425e-05 
10.04 0.02497 2.69044e-05 
10.04 0.02697 1.88736e-05 
10.04 0.02897 5.357e-06 
10.04 0.03097 1.36038e-06 
10.04 0.03297 2.59591e-07 
10.04 0.03497 3.43563e-09 
10.05 -0.03503 2.27526e-07 
10.05 -0.03303 9.692e-07 
10.05 -0.03103 9.24457e-07 
10.05 -0.02903 2.12363e-06 
10.05 -0.02703 4.33711e-06 
10.05 -0.02503 5.95967e-06 
10.05 -0.02303 1.73389e-05 
10.05 -0.02103 3.23399e-05 
10.05 -0.01903 4.45213e-05 
10.05 -0.01703 8.74923e-05 
10.05 -0.01503 0.000368864 
10.05 -0.01303 0.00043992 
10.05 -0.01103 0.000538923 
10.05 -0.00902998 0.000872693 
10.05 -0.00703001 0.000826513 
10.05 -0.00503001 0.000641715 
10.05 -0.00303 0.000850302 
10.05 -0.00103 0.000738732 
10.05 0.000970006 0.000699689 
10.05 0.00297001 0.00104919 
10.05 0.00497001 0.00121718 
10.05 0.00697002 0.00114688 
10.05 0.00896999 0.000576952 
10.05 0.01097 0.00033641 
10.05 0.01297 0.000238894 
10.05 0.01497 0.000164057 
10.05 0.01697 0.000103089 
10.05 0.01897 6.10015e-05 
10.05 0.02097 3.38066e-05 
10.05 0.02297 1.73894e-05 
10.05 0.02497 8.09493e-06 
10.05 0.02697 3.41504e-06 
10.05 0.02897 6.53009e-07 
10.05 0.03097 4.4e-08 
10.06 -0.03703 2.52271e-07 
10.06 -0.03503 1.04649e-06 
10.06 -0.03303 9.85464e-07 
10.06 -0.03103 3.67984e-06 
10.06 -0.02903 3.24142e-06 
10.06 -0.02703 1.07469e-05 
10.06 -0.02503 1.40462e-05 
10.06 -0.02303 4.45933e-05 
10.06 -0.02103 5.55167e-05 
10.06 -0.01903 8.57609e-05 
10.06 -0.01703 0.000394368 
10.06 -0.01503 0.000474133 
10.06 -0.01303 0.000793096 
10.06 -0.01103 0.00073642 
10.06 -0.00902998 0.00087069 
10.06 -0.00703001 0.000789383 
10.06 -0.00503001 0.000439548 
10.06 -0.00303 0.000859253 
10.06 -0.00103 0.000818407 
10.06 0.000970006 0.00084187 
10.06 0.00297001 0.00130747 
10.06 0.00497001 0.00117231 
10.06 0.00697002 0.000360371 
10.06 0.00896999 0.000270452 
10.06 0.01097 0.000184 
10.06 0.01297 0.000122654 
10.06 0.01497 7.59512e-05 
10.06 0.01697 4.31417e-05 
10.06 0.01897 2.24919e-05 
10.06 0.02097 1.06362e-05 
10.06 0.02297 4.25817e-06 
10.06 0.02497 1.3206e-06 
10.06 0.02697 2.66315e-07 
10.06 0.02897 5.71083e-09 
10.07 -0.03903 6.81968e-07 
10.07 -0.03703 6.78684e-07 
10.07 -0.03503 2.29839e-06 
10.07 -0.03303 2.73142e-06 
10.07 -0.03103 6.42483e-06 
10.07 -0.02903 8.74292e-06 
10.07 -0.02703 2.84264e-05 
10.07 -0.02503 2.39344e-05 
10.07 -0.02303 7.38047e-05 
10.07 -0.02103 0.000103391 
10.07 -0.01903 0.000420119 
10.07 -0.01703 0.000481338 
10.07 -0.01503 0.000765579 
10.07 -0.01303 0.000768775 
10.07 -0.01103 0.000820786 
10.07 -0.00902998 0.000684012 
10.07 -0.00703001 0.0008154 
10.07 -0.00503001 0.000543031 
10.07 -0.00303 0.000797705 
10.07 -0.00103 0.00123223 
10.07 0.000970006 0.00122628 
10.07 0.00297001 0.000705803 
10.07 0.00497001 0.000253657 
10.07 0.00697002 0.000204021 
10.07 0.00896999 0.000162363 
10.07 0.01097 0.000110741 
10.07 0.01297 7.05167e-05 
10.07 0.01497 3.97932e-05 
10.07 0.01697 1.9478e-05 
10.07 0.01897 6.49182e-06 
10.07 0.02097 2.02976e-06 
10.07 0.02297 4.19961e-07 
10.07 0.02497 5.64757e-08 
10.07 0.02697 1.20633e-10 
10.08 -0.04303 6.22353e-08 
10.08 -0.04103 6.60861e-07 
10.08 -0.03903 7.14023e-07 
10.08 -0.03703 2.67873e-06 
10.08 -0.03503 2.59484e-06 
10.08 -0.03303 7.113e-06 
10.08 -0.03103 1.06451e-05 
10.08 -0.02903 2.43907e-05 
10.08 -0.02703 5.44062e-05 
10.08 -0.02503 4.8935e-05 
10.08 -0.02303 0.00011155 
10.08 -0.02103 0.000369919 
10.08 -0.01903 0.000536736 
10.08 -0.01703 0.0005394 
10.08 -0.01503 0.000723228 
10.08 -0.01303 0.00054853 
10.08 -0.01103 0.000552794 
10.08 -0.00902998 0.000469517 
10.08 -0.00703001 0.000631524 
10.08 -0.00503001 0.000904591 
10.08 -0.00303 0.000982577 
10.08 -0.00103 0.000855902 
10.08 0.000970006 0.000565616 
10.08 0.00297001 0.000281836 
10.08 0.00497001 0.0001998 
10.08 0.00697002 0.000132894 
10.08 0.00896999 8.24208e-05 
10.08 0.01097 4.74936e-05 
10.08 0.01297 2.58566e-05 
10.08 0.01497 1.26721e-05 
10.08 0.01697 5.67151e-06 
10.08 0.01897 1.21295e-06 
10.08 0.02097 1.13037e-07 
10.08 0.02297 8.19016e-09 
10.09 -0.04503 2.78612e-07 
10.09 -0.04303 4.97714e-07 
10.09 -0.04103 1.84206e-06 
10.09 -0.03903 1.89562e-06 
10.09 -0.03703 4.90748e-06 
10.09 -0.03503 3.98086e-06 
10.09 -0.03303 1.8306e-05 
10.09 -0.03103 2.5597e-05 
10.09 -0.02903 5.27971e-05 
10.09 -0.02703 8.4414e-05 
10.09 -0.02503 0.0001615 
10.09 -0.02303 0.000417008 
10.09 -0.02103 0.000675783 
10.09 -0.01903 0.000491515 
10.09 -0.01703 0.000750966 
10.09 -0.01503 0.000436439 
10.09 -0.01303 0.000571365 
10.09 -0.01103 0.000607376 
10.09 -0.00902998 0.0004607 
10.09 -0.00703001 0.00099548 
10.09 -0.00503001 0.00095899 
10.09 -0.00303 0.000857594 
10.09 -0.00103 0.000301964 
10.09 0.000970006 0.000224204 
10.09 0.00297001 0.000153068 
10.09 0.00497001 9.76575e-05 
10.09 0.00697002 5.82624e-05 
10.09 0.00896999 3.26239e-05 
10.09 0.01097 1.63754e-05 
10.09 0.01297 7.08407e-06 
10.09 0.01497 2.26644e-06 
10.09 0.01697 5.01916e-07 
10.09 0.01897 7.32473e-08 
10.09 0.02097 1.62212e-10 
10.1 -0.04703 3.09116e-07 
10.1 -0.04503 5.13861e-07 
10.1 -0.04303 1.71453e-06 
10.1 -0.04103 1.44783e-06 
10.1 -0.03903 4.73453e-06 
10.1 -0.03703 4.17115e-06 
10.1 -0.03503 2.43104e-05 
10.1 -0.03303 4.01996e-05 
10.1 -0.03103 3.61759e-05 
10.1 -0.02903 0.000111936 
10.1 -0.02703 0.000144486 
10.1 -0.02503 0.000647071 
10.1 -0.02303 0.000617777 
10.1 -0.02103 0.000846835 
10.1 -0.01903 0.000568011 
10.1 -0.01703 0.000557179 
10.1 -0.01503 0.000406327 
10.1 -0.01303 0.000556683 
10.1 -0.01103 0.000608681 
10.1 -0.00902998 0.000823379 
10.1 -0.00703001 0.000884803 
10.1 -0.00503001 0.000781522 
10.1 -0.00303 0.000233654 
10.1 -0.00103 0.000160473 
10.1 0.000970006 0.000107407 
10.1 0.00297001 7.07298e-05 
10.1 0.00497001 4.2794e-05 
10.1 0.00697002 2.17186e-05 
10.1 0.00896999 9.8784e-06 
10.1 0.01097 3.47053e-06 
10.1 0.01297 9.12699e-07 
10.1 0.01497 1.31105e-07 
10.1 0.01697 5.26047e-09 
10.11 -0.04903 3.31698e-07 
10.11 -0.04703 1.10609e-06 
10.11 -0.04503 1.00446e-06 
10.11 -0.04303 3.49053e-06 
10.11 -0.04103 3.07556e-06 
10.11 -0.03903 1.42298e-05 
10.11 -0.03703 1.82447e-05 
10.11 -0.03503 3.89163e-05 
10.11 -0.03303 8.68251e-05 
10.11 -0.03103 0.00010966 
10.11 -0.02903 0.000210346 
10.11 -0.02703 0.000707825 
10.11 -0.02503 0.000583091 
10.11 -0.02303 0.000953318 
10.11 -0.02103 0.000636174 
10.11 -0.01903 0.000432504 
10.11 -0.01703 0.000633072 
10.11 -0.01503 0.000411311 
10.11 -0.01303 0.000783174 
10.11 -0.01103 0.000915402 
10.11 -0.00902998 0.000762101 
10.11 -0.00703001 0.000454287 
10.11 -0.00503001 0.00015895 
10.11 -0.00303 0.000132214 
10.11 -0.00103 9.06141e-05 
10.11 0.000970006 5.70938e-05 
10.11 0.00297001 3.69885e-05 
10.11 0.00497001 1.89815e-05 
10.11 0.00697002 7.8777e-06 
10.11 0.00896999 1.76093e-06 
10.11 0.01097 2.39674e-07 
10.11 0.01297 2.57657e-08 
10.11 0.01497 2.17443e-10 
10.12 -0.05103 3.30987e-07 
10.12 -0.04903 1.17446e-06 
10.12 -0.04703 1.13672e-06 
10.12 -0.04503 3.73506e-06 
10.12 -0.04303 3.21895e-06 
10.12 -0.04103 1.66323e-05 
10.12 -0.03903 2.8834e-05 
10.12 -0.03703 4.31665e-05 
10.12 -0.03503 7.37654e-05 
10.12 -0.03303 0.00015242 
10.12 -0.03103 0.000166311 
10.12 -0.02903 0.000725199 
10.12 -0.02703 0.000895778 
10.12 -0.02503 0.000899134 
10.12 -0.02303 0.000581031 
10.12 -0.02103 0.000601426 
10.12 -0.01903 0.000388331 
10.12 -0.01703 0.000635594 
10.12 -0.01503 0.000740773 
10.12 -0.01303 0.000649123 
10.12 -0.01103 0.000738782 
10.12 -0.00902998 0.000437297 
10.12 -0.00703001 0.000161312 
10.12 -0.00503001 0.00010882 
10.12 -0.00303 6.8054e-05 
10.12 -0.00103 3.87587e-05 
10.12 0.000970006 2.03818e-05 
10.12 0.00297001 1.01368e-05 
10.12 0.00497001 4.03219e-06 
10.12 0.00697002 9.56594e-07 
10.12 0.00896999 1.47509e-07 
10.12 0.01097 3.53253e-09 
10.13 -0.05303 8.54862e-07 
10.13 -0.05103 7.74014e-07 
10.13 -0.04903 2.78146e-06 
10.13 -0.04703 2.42971e-06 
10.13 -0.04503 8.22212e-06 
10.13 -0.04303 1.27869e-05 
10.13 -0.04103 4.17055e-05 
10.13 -0.03903 5.57583e-05 
10.13 -0.03703 0.000106035 
10.13 -0.03503 0.000103674 
10.13 -0.03303 0.000459172 
10.13 -0.03103 0.000532789 
10.13 -0.02903 0.000934623 
10.13 -0.02703 0.000817135 
10.13 -0.02503 0.000586456 
10.13 -0.02303 0.000708119 
10.13 -0.02103 0.00060801 
10.13 -0.01903 0.000394315 
10.13 -0.01703 0.000879192 
10.13 -0.01503 0.00074977 
10.13 -0.01303 0.000665236 
10.13 -0.01103 0.000181118 
10.13 -0.00902998 0.00012306 
10.13 -0.00703001 7.88497e-05 
10.13 -0.00503001 4.64564e-05 
10.13 -0.00303 2.57295e-05 
10.13 -0.00103 1.24292e-05 
10.13 0.000970006 4.81246e-06 
10.13 0.00297001 1.37623e-06 
10.13 0.00497001 2.85045e-07 
10.13 0.00697002 3.27054e-08 
10.13 0.00896999 2.3119e-10 
10.14 -0.05703 1.15424e-08 
10.14 -0.05503 9.01888e-07 
10.14 -0.05303 8.43638e-07 
10.14 -0.05103 3.00063e-06 
10.14 -0.04903 2.56101e-06 
10.14 -0.04703 8.78031e-06 
10.14 -0.04503 3.15476e-05 
10.14 -0.04303 2.57822e-05 
10.14 -0.04103 7.88783e-05 
10.14 -0.03903 9.04183e-05 
10.14 -0.03703 0.000130786 
10.14 -0.03503 0.000478715 
10.14 -0.03303 0.000855334 
10.14 -0.03103 0.000870808 
10.14 -0.02903 0.00063185 
10.14 -0.02703 0.00069114 
10.14 -0.02503 0.000406473 
10.14 -0.02303 0.000608466 
10.14 -0.02103 0.000697916 
10.14 -0.01903 0.000623141 
10.14 -0.01703 0.000554037 
10.14 -0.01503 0.000591012 
10.14 -0.01303 0.000154902 
10.14 -0.01103 0.000108772 
10.14 -0.00902998 7.52175e-05 
10.14 -0.00703001 4.33435e-05 
10.14 -0.00503001 1.86717e-05 
10.14 -0.00303 7.25675e-06 
10.14 -0.00103 2.06651e-06 
10.14 0.000970006 4.61679e-07 
10.14 0.00297001 5.93256e-08 
10.14 0.00497001 4.28412e-09 
