#logage logm JPDF
9.04 0.31297 6.42966e-09 
9.04 0.31497 8.56858e-08 
9.05 0.30897 1.90157e-09 
9.05 0.31097 3.04942e-08 
9.05 0.31297 3.05623e-07 
9.05 0.31497 2.77596e-06 
9.05 0.31697 4.28767e-06 
9.05 0.31897 1.7468e-06 
9.06 0.30497 1.75494e-09 
9.06 0.30697 2.75377e-08 
9.06 0.30897 2.16109e-07 
9.06 0.31097 1.98939e-06 
9.06 0.31297 3.7402e-06 
9.06 0.31497 7.94184e-06 
9.06 0.31697 5.39104e-06 
9.06 0.31897 3.72231e-06 
9.07 0.30097 1.56776e-09 
9.07 0.30297 2.45019e-08 
9.07 0.30497 5.56918e-07 
9.07 0.30697 1.68925e-06 
9.07 0.30897 3.89315e-06 
9.07 0.31097 7.37617e-06 
9.07 0.31297 7.14183e-06 
9.07 0.31497 7.67885e-06 
9.08 0.29697 2.9548e-09 
9.08 0.29897 7.9921e-08 
9.08 0.30097 4.85935e-07 
9.08 0.30297 1.87013e-06 
9.08 0.30497 4.50695e-06 
9.08 0.30697 1.09972e-05 
9.08 0.30897 7.86614e-06 
9.08 0.31097 6.91288e-06 
9.08 0.31297 5.27786e-06 
9.08 0.35297 1.67963e-10 
9.09 0.29097 1.98787e-10 
9.09 0.29297 5.77445e-09 
9.09 0.29497 6.65991e-08 
9.09 0.29697 4.94654e-07 
9.09 0.29897 1.91922e-06 
9.09 0.30097 8.73684e-06 
9.09 0.30297 9.04986e-06 
9.09 0.30497 9.53444e-06 
9.09 0.30697 1.22139e-05 
9.09 0.30897 7.54119e-06 
9.09 0.34897 9.66466e-10 
9.1 0.28697 1.48405e-10 
9.1 0.28897 4.6301e-09 
9.1 0.29097 5.99517e-08 
9.1 0.29297 4.80265e-07 
9.1 0.29497 3.99994e-06 
9.1 0.29697 7.7563e-06 
9.1 0.29897 1.06061e-05 
9.1 0.30097 1.24281e-05 
9.1 0.30297 1.6225e-05 
9.1 0.30497 8.80768e-06 
9.1 0.30697 3.71062e-06 
9.1 0.34497 3.19275e-09 
9.11 0.28297 1.25475e-10 
9.11 0.28497 3.28354e-09 
9.11 0.28697 1.99401e-07 
9.11 0.28897 1.06864e-06 
9.11 0.29097 3.57676e-06 
9.11 0.29297 8.23043e-06 
9.11 0.29497 1.20342e-05 
9.11 0.29697 2.1185e-05 
9.11 0.29897 1.31199e-05 
9.11 0.30097 1.15381e-05 
9.11 0.30297 9.14082e-06 
9.11 0.33897 5.50404e-10 
9.11 0.34097 1.12425e-08 
9.12 0.27897 6.25797e-10 
9.12 0.28097 1.39106e-08 
9.12 0.28297 1.55499e-07 
9.12 0.28497 9.74559e-07 
9.12 0.28697 4.15016e-06 
9.12 0.28897 8.97089e-06 
9.12 0.29097 2.23081e-05 
9.12 0.29297 1.6936e-05 
9.12 0.29497 1.59369e-05 
9.12 0.29697 1.99974e-05 
9.12 0.29897 1.07657e-05 
9.12 0.33497 1.94818e-09 
9.12 0.33697 1.04744e-08 
9.12 0.33897 1.18375e-08 
9.13 0.27097 1.36372e-10 
9.13 0.27297 1.49142e-09 
9.13 0.27497 7.14105e-09 
9.13 0.27697 3.80328e-08 
9.13 0.27897 1.56084e-07 
9.13 0.28097 1.0385e-06 
9.13 0.28297 4.03878e-06 
9.13 0.28497 1.7254e-05 
9.13 0.28697 1.8776e-05 
9.13 0.28897 2.01555e-05 
9.13 0.29097 1.95344e-05 
9.13 0.29297 2.5447e-05 
9.13 0.29497 1.3224e-05 
9.13 0.29697 5.51886e-06 
9.13 0.32497 2.30347e-10 
9.13 0.32697 6.83402e-10 
9.13 0.32897 1.69772e-09 
9.13 0.33097 3.62489e-09 
9.13 0.33297 2.79559e-08 
9.13 0.33497 2.75578e-08 
9.14 0.26697 9.01574e-10 
9.14 0.26897 1.11029e-08 
9.14 0.27097 4.54818e-08 
9.14 0.27297 1.60355e-07 
9.14 0.27497 4.67629e-07 
9.14 0.27697 3.33906e-06 
9.14 0.27897 8.03384e-06 
9.14 0.28097 1.42231e-05 
9.14 0.28297 2.07035e-05 
9.14 0.28497 2.36865e-05 
9.14 0.28697 3.02584e-05 
9.14 0.28897 2.55127e-05 
9.14 0.29097 1.70299e-05 
9.14 0.29297 1.35143e-05 
9.14 0.31097 1.62753e-09 
9.14 0.31297 2.51916e-09 
9.14 0.31497 6.82311e-09 
9.14 0.31697 1.4887e-08 
9.14 0.31897 1.73832e-08 
9.14 0.32097 3.51848e-08 
9.14 0.32297 6.02842e-08 
9.14 0.32497 7.61022e-08 
9.14 0.32697 1.16291e-07 
9.14 0.32897 1.48294e-07 
9.15 0.26297 8.10649e-10 
9.15 0.26497 1.8802e-08 
9.15 0.26697 1.33854e-07 
9.15 0.26897 5.38202e-07 
9.15 0.27097 1.58983e-06 
9.15 0.27297 3.28289e-06 
9.15 0.27497 9.08546e-06 
9.15 0.27697 1.70496e-05 
9.15 0.27897 2.48998e-05 
9.15 0.28097 2.75878e-05 
9.15 0.28297 4.17418e-05 
9.15 0.28497 2.525e-05 
9.15 0.28697 2.16507e-05 
9.15 0.28897 2.43263e-05 
9.15 0.30297 7.74897e-10 
9.15 0.30497 1.72108e-09 
9.15 0.30697 1.43155e-08 
9.15 0.30897 6.33674e-08 
9.15 0.31097 6.87193e-08 
9.15 0.31297 1.86082e-07 
9.15 0.31497 4.97311e-07 
9.15 0.31697 3.6e-07 
9.15 0.31897 3.33125e-07 
9.16 0.25897 2.29334e-10 
9.16 0.26097 3.783e-08 
9.16 0.26297 3.33306e-07 
9.16 0.26497 1.23859e-06 
9.16 0.26697 2.91126e-06 
9.16 0.26897 5.59563e-06 
9.16 0.27097 1.17384e-05 
9.16 0.27297 1.92369e-05 
9.16 0.27497 3.28693e-05 
9.16 0.27697 4.52545e-05 
9.16 0.27897 3.4816e-05 
9.16 0.28097 3.09738e-05 
9.16 0.28297 2.72974e-05 
9.16 0.28497 3.06114e-05 
9.16 0.28697 7.72373e-06 
9.16 0.29697 2.73335e-10 
9.16 0.29897 2.40919e-09 
9.16 0.30097 2.85248e-08 
9.16 0.30297 1.05444e-07 
9.16 0.30497 2.75038e-07 
9.16 0.30697 5.11288e-07 
9.16 0.30897 6.29753e-07 
9.16 0.31097 3.05164e-07 
9.17 0.25497 3.38256e-10 
9.17 0.25697 1.60651e-08 
9.17 0.25897 1.90058e-07 
9.17 0.26097 9.57112e-07 
9.17 0.26297 2.57267e-06 
9.17 0.26497 6.44719e-06 
9.17 0.26697 2.09022e-05 
9.17 0.26897 3.02895e-05 
9.17 0.27097 3.95241e-05 
9.17 0.27297 4.25887e-05 
9.17 0.27497 4.2439e-05 
9.17 0.27697 4.08333e-05 
9.17 0.27897 4.9246e-05 
9.17 0.28097 2.48501e-05 
9.17 0.28297 1.92471e-05 
9.17 0.29097 2.42588e-10 
9.17 0.29297 3.21975e-09 
9.17 0.29497 2.57428e-08 
9.17 0.29697 1.20809e-07 
9.17 0.29897 3.14087e-07 
9.17 0.30097 3.00013e-07 
9.17 0.30297 8.0958e-07 
9.17 0.30497 9.33587e-07 
9.17 0.30697 4.1168e-07 
9.18 0.25297 1.23774e-10 
9.18 0.25497 6.28259e-08 
9.18 0.25697 7.42741e-07 
9.18 0.25897 2.90389e-06 
9.18 0.26097 8.05909e-06 
9.18 0.26297 1.83573e-05 
9.18 0.26497 3.29285e-05 
9.18 0.26697 4.53668e-05 
9.18 0.26897 5.56465e-05 
9.18 0.27097 5.21653e-05 
9.18 0.27297 6.87334e-05 
9.18 0.27497 4.07372e-05 
9.18 0.27697 3.30612e-05 
9.18 0.27897 2.67082e-05 
9.18 0.28097 9.8465e-06 
9.18 0.28697 7.78119e-10 
9.18 0.28897 9.0278e-09 
9.18 0.29097 4.68226e-08 
9.18 0.29297 2.33871e-07 
9.18 0.29497 5.07254e-07 
9.18 0.29697 9.07318e-07 
9.18 0.29897 1.05192e-06 
9.18 0.30097 1.04873e-06 
9.19 0.25097 3.81652e-09 
9.19 0.25297 9.9949e-08 
9.19 0.25497 2.78268e-06 
9.19 0.25697 8.12291e-06 
9.19 0.25897 2.00328e-05 
9.19 0.26097 3.52565e-05 
9.19 0.26297 5.09568e-05 
9.19 0.26497 5.97247e-05 
9.19 0.26697 9.15138e-05 
9.19 0.26897 6.08075e-05 
9.19 0.27097 5.33252e-05 
9.19 0.27297 4.57208e-05 
9.19 0.27497 4.55115e-05 
9.19 0.27697 1.20596e-05 
9.19 0.28097 1.60668e-10 
9.19 0.28297 2.37124e-09 
9.19 0.28497 2.3951e-08 
9.19 0.28697 1.24102e-07 
9.19 0.28897 5.08048e-07 
9.19 0.29097 8.48499e-07 
9.19 0.29297 1.19174e-06 
9.19 0.29497 1.36442e-06 
9.19 0.29697 1.15978e-06 
9.2 0.24697 2.31096e-09 
9.2 0.24897 1.59475e-07 
9.2 0.25097 6.55106e-07 
9.2 0.25297 9.58291e-06 
9.2 0.25497 2.49211e-05 
9.2 0.25697 4.61283e-05 
9.2 0.25897 6.18027e-05 
9.2 0.26097 7.00695e-05 
9.2 0.26297 7.34018e-05 
9.2 0.26497 7.16209e-05 
9.2 0.26697 7.05692e-05 
9.2 0.26897 5.55878e-05 
9.2 0.27097 6.01333e-05 
9.2 0.27297 2.90802e-05 
9.2 0.27497 9.24134e-07 
9.2 0.27697 3.81238e-10 
9.2 0.27897 8.01206e-09 
9.2 0.28097 6.55754e-08 
9.2 0.28297 2.57512e-07 
9.2 0.28497 7.9347e-07 
9.2 0.28697 1.32952e-06 
9.2 0.28897 1.56166e-06 
9.2 0.29097 1.6968e-06 
9.2 0.29297 1.40328e-06 
9.21 0.24297 1.11419e-09 
9.21 0.24497 1.73085e-07 
9.21 0.24697 1.59718e-06 
9.21 0.24897 7.75057e-06 
9.21 0.25097 2.13807e-05 
9.21 0.25297 3.81511e-05 
9.21 0.25497 6.86898e-05 
9.21 0.25697 7.76969e-05 
9.21 0.25897 8.3185e-05 
9.21 0.26097 8.87127e-05 
9.21 0.26297 7.75966e-05 
9.21 0.26497 9.50608e-05 
9.21 0.26697 5.14754e-05 
9.21 0.26897 4.11012e-05 
9.21 0.27097 1.46626e-05 
9.21 0.27297 8.18771e-09 
9.21 0.27497 6.20097e-08 
9.21 0.27697 9.51481e-08 
9.21 0.27897 5.3526e-07 
9.21 0.28097 1.35362e-06 
9.21 0.28297 1.95899e-06 
9.21 0.28497 2.10436e-06 
9.21 0.28697 2.13799e-06 
9.21 0.28897 1.71163e-06 
9.22 0.23897 6.52063e-10 
9.22 0.24097 1.1445e-07 
9.22 0.24297 1.31003e-06 
9.22 0.24497 6.40629e-06 
9.22 0.24697 2.10382e-05 
9.22 0.24897 4.13543e-05 
9.22 0.25097 5.76574e-05 
9.22 0.25297 7.03017e-05 
9.22 0.25497 9.15502e-05 
9.22 0.25697 9.79861e-05 
9.22 0.25897 0.000128953 
9.22 0.26097 7.87522e-05 
9.22 0.26297 6.35575e-05 
9.22 0.26497 5.23527e-05 
9.22 0.26697 3.51252e-05 
9.22 0.26897 2.01574e-08 
9.22 0.27097 1.69017e-07 
9.22 0.27297 5.61165e-07 
9.22 0.27497 1.03165e-06 
9.22 0.27697 1.46025e-06 
9.22 0.27897 2.73219e-06 
9.22 0.28097 2.76558e-06 
9.22 0.28297 2.4454e-06 
9.22 0.28497 2.05572e-06 
9.23 0.23497 2.79023e-09 
9.23 0.23697 8.13249e-08 
9.23 0.23897 8.77325e-07 
9.23 0.24097 4.84264e-06 
9.23 0.24297 1.7653e-05 
9.23 0.24497 3.99643e-05 
9.23 0.24697 6.20742e-05 
9.23 0.24897 7.73376e-05 
9.23 0.25097 8.78232e-05 
9.23 0.25297 0.000129923 
9.23 0.25497 0.000105636 
9.23 0.25697 9.58111e-05 
9.23 0.25897 8.35183e-05 
9.23 0.26097 7.99038e-05 
9.23 0.26297 4.32481e-05 
9.23 0.26497 1.7822e-06 
9.23 0.26697 3.27941e-07 
9.23 0.26897 1.01311e-06 
9.23 0.27097 2.29222e-06 
9.23 0.27297 3.43147e-06 
9.23 0.27497 3.69146e-06 
9.23 0.27697 3.27513e-06 
9.23 0.27897 2.60388e-06 
9.23 0.28097 1.11163e-06 
9.24 0.23097 1.51895e-09 
9.24 0.23297 3.73732e-08 
9.24 0.23497 5.85859e-07 
9.24 0.23697 4.25918e-06 
9.24 0.23897 1.58081e-05 
9.24 0.24097 3.76156e-05 
9.24 0.24297 6.29907e-05 
9.24 0.24497 8.31122e-05 
9.24 0.24697 0.000143459 
9.24 0.24897 0.000104283 
9.24 0.25097 9.86077e-05 
9.24 0.25297 9.05263e-05 
9.24 0.25497 9.32175e-05 
9.24 0.25697 0.000105333 
9.24 0.25897 5.13435e-05 
9.24 0.26097 2.17198e-05 
9.24 0.26297 6.49118e-07 
9.24 0.26497 1.7231e-06 
9.24 0.26697 3.03498e-06 
9.24 0.26897 4.41961e-06 
9.24 0.27097 4.70628e-06 
9.24 0.27297 4.04035e-06 
9.24 0.27497 3.23898e-06 
9.24 0.27697 1.29176e-06 
9.25 0.22697 1.1484e-09 
9.25 0.22897 3.07397e-08 
9.25 0.23097 4.31439e-07 
9.25 0.23297 3.31734e-06 
9.25 0.23497 1.4194e-05 
9.25 0.23697 3.63719e-05 
9.25 0.23897 6.22191e-05 
9.25 0.24097 0.000135539 
9.25 0.24297 0.000108935 
9.25 0.24497 0.000113003 
9.25 0.24697 0.000115244 
9.25 0.24897 0.000107728 
9.25 0.25097 0.000120728 
9.25 0.25297 8.4417e-05 
9.25 0.25497 6.72832e-05 
9.25 0.25697 4.8948e-05 
9.25 0.25897 7.10171e-07 
9.25 0.26097 2.80401e-06 
9.25 0.26297 4.26449e-06 
9.25 0.26497 5.43197e-06 
9.25 0.26697 5.43464e-06 
9.25 0.26897 4.97738e-06 
9.25 0.27097 3.90069e-06 
9.25 0.27297 1.57702e-06 
9.26 0.22297 7.21403e-10 
9.26 0.22497 2.50886e-08 
9.26 0.22697 3.98877e-07 
9.26 0.22897 3.04686e-06 
9.26 0.23097 2.48159e-05 
9.26 0.23297 4.55067e-05 
9.26 0.23497 7.76487e-05 
9.26 0.23697 0.000100846 
9.26 0.23897 0.000118092 
9.26 0.24097 0.000127992 
9.26 0.24297 0.00012909 
9.26 0.24497 0.000123395 
9.26 0.24697 0.00011355 
9.26 0.24897 0.000136143 
9.26 0.25097 6.74304e-05 
9.26 0.25297 6.767e-05 
9.26 0.25497 4.90985e-06 
9.26 0.25697 2.34454e-06 
9.26 0.25897 5.78466e-06 
9.26 0.26097 6.44039e-06 
9.26 0.26297 6.4386e-06 
9.26 0.26497 5.85797e-06 
9.26 0.26697 4.78932e-06 
9.26 0.26897 1.8831e-06 
9.27 0.21897 3.59229e-10 
9.27 0.22097 1.53609e-08 
9.27 0.22297 2.92301e-07 
9.27 0.22497 2.50753e-06 
9.27 0.22697 2.48037e-05 
9.27 0.22897 4.2582e-05 
9.27 0.23097 7.38262e-05 
9.27 0.23297 0.000103673 
9.27 0.23497 0.000125482 
9.27 0.23697 0.000142568 
9.27 0.23897 0.000149119 
9.27 0.24097 0.000145242 
9.27 0.24297 0.000128371 
9.27 0.24497 0.000162137 
9.27 0.24697 8.23672e-05 
9.27 0.24897 6.24184e-05 
9.27 0.25097 4.613e-05 
9.27 0.25297 5.25399e-06 
9.27 0.25497 3.72553e-06 
9.27 0.25697 7.84028e-06 
9.27 0.25897 7.39957e-06 
9.27 0.26097 6.41838e-06 
9.27 0.26297 5.31159e-06 
9.27 0.26497 2.22844e-06 
9.28 0.21497 1.12491e-10 
9.28 0.21697 8.78617e-09 
9.28 0.21897 1.80882e-07 
9.28 0.22097 2.19759e-06 
9.28 0.22297 1.15063e-05 
9.28 0.22497 6.41188e-05 
9.28 0.22697 7.78128e-05 
9.28 0.22897 0.00010061 
9.28 0.23097 0.000128429 
9.28 0.23297 0.000148454 
9.28 0.23497 0.000164137 
9.28 0.23697 0.000165876 
9.28 0.23897 0.000158025 
9.28 0.24097 0.000199516 
9.28 0.24297 0.000101021 
9.28 0.24497 7.92773e-05 
9.28 0.24697 7.92539e-05 
9.28 0.24897 6.05466e-06 
9.28 0.25097 7.05694e-06 
9.28 0.25297 7.65379e-06 
9.28 0.25497 4.31289e-06 
9.28 0.25697 7.77426e-06 
9.28 0.25897 6.19973e-06 
9.28 0.26097 2.5821e-06 
9.29 0.21297 2.83301e-09 
9.29 0.21497 7.64774e-08 
9.29 0.21697 1.19796e-06 
9.29 0.21897 7.49888e-06 
9.29 0.22097 6.06877e-05 
9.29 0.22297 8.63135e-05 
9.29 0.22497 0.000115566 
9.29 0.22697 0.000137136 
9.29 0.22897 0.000152047 
9.29 0.23097 0.00017263 
9.29 0.23297 0.000180962 
9.29 0.23497 0.000180858 
9.29 0.23697 0.000241639 
9.29 0.23897 0.00013261 
9.29 0.24097 0.000102057 
9.29 0.24297 0.000101557 
9.29 0.24497 2.87019e-05 
9.29 0.24697 3.81014e-06 
9.29 0.24897 7.61993e-06 
9.29 0.25097 7.43725e-06 
9.29 0.25297 9.72776e-06 
9.29 0.25497 3.45963e-06 
9.29 0.25697 2.9257e-06 
9.3 0.20897 7.62336e-10 
9.3 0.21097 3.96345e-08 
9.3 0.21297 6.73143e-07 
9.3 0.21497 5.39179e-06 
9.3 0.21697 2.25736e-05 
9.3 0.21897 0.000106676 
9.3 0.22097 0.000125339 
9.3 0.22297 0.000160935 
9.3 0.22497 0.000182163 
9.3 0.22697 0.000193589 
9.3 0.22897 0.000191589 
9.3 0.23097 0.000193663 
9.3 0.23297 0.000272963 
9.3 0.23497 0.000158376 
9.3 0.23697 0.000128499 
9.3 0.23897 0.000104621 
9.3 0.24097 9.15699e-05 
9.3 0.24297 8.24937e-06 
9.3 0.24497 8.27679e-06 
9.3 0.24697 7.41252e-06 
9.3 0.24897 6.73405e-06 
9.3 0.25097 5.67538e-06 
9.3 0.25297 2.35116e-06 
9.31 0.20497 2.61094e-10 
9.31 0.20697 1.22455e-08 
9.31 0.20897 2.82316e-07 
9.31 0.21097 2.69969e-06 
9.31 0.21297 1.49364e-05 
9.31 0.21497 7.73756e-05 
9.31 0.21697 0.000104702 
9.31 0.21897 0.000151758 
9.31 0.22097 0.000196007 
9.31 0.22297 0.000229287 
9.31 0.22497 0.000238413 
9.31 0.22697 0.0002221 
9.31 0.22897 0.000299778 
9.31 0.23097 0.000177542 
9.31 0.23297 0.000155007 
9.31 0.23497 0.00012549 
9.31 0.23697 0.000126801 
9.31 0.23897 3.56688e-05 
9.31 0.24097 9.15042e-06 
9.31 0.24297 8.36783e-06 
9.31 0.24497 6.99265e-06 
9.31 0.24697 5.55369e-06 
9.31 0.24897 2.36542e-06 
9.32 0.20097 1.4024e-10 
9.32 0.20297 6.19738e-09 
9.32 0.20497 1.32797e-07 
9.32 0.20697 1.59112e-06 
9.32 0.20897 9.00326e-06 
9.32 0.21097 3.23379e-05 
9.32 0.21297 0.000116604 
9.32 0.21497 0.000120134 
9.32 0.21697 0.000173234 
9.32 0.21897 0.000228143 
9.32 0.22097 0.000265741 
9.32 0.22297 0.000274771 
9.32 0.22497 0.000258995 
9.32 0.22697 0.000324734 
9.32 0.22897 0.000170323 
9.32 0.23097 0.000147289 
9.32 0.23297 0.000157234 
9.32 0.23497 7.90079e-05 
9.32 0.23697 1.09169e-05 
9.32 0.23897 9.72729e-06 
9.32 0.24097 7.94883e-06 
9.32 0.24297 6.35099e-06 
9.32 0.24497 2.69172e-06 
9.33 0.19897 2.25953e-09 
9.33 0.20097 7.1611e-08 
9.33 0.20297 9.18308e-07 
9.33 0.20497 6.39684e-06 
9.33 0.20697 2.54298e-05 
9.33 0.20897 0.000101751 
9.33 0.21097 0.000121737 
9.33 0.21297 0.000157299 
9.33 0.21497 0.000189496 
9.33 0.21697 0.000241926 
9.33 0.21897 0.000284026 
9.33 0.22097 0.000299457 
9.33 0.22297 0.000410625 
9.33 0.22497 0.000226392 
9.33 0.22697 0.000177085 
9.33 0.22897 0.000133902 
9.33 0.23097 0.000137605 
9.33 0.23297 4.17052e-05 
9.33 0.23497 1.24216e-05 
9.33 0.23697 1.04829e-05 
9.33 0.23897 1.15776e-05 
9.33 0.24097 3.2246e-06 
9.34 0.19497 7.52318e-10 
9.34 0.19697 4.57039e-08 
9.34 0.19897 5.5273e-07 
9.34 0.20097 4.65055e-06 
9.34 0.20297 1.94441e-05 
9.34 0.20497 5.01633e-05 
9.34 0.20697 9.15069e-05 
9.34 0.20897 0.000214543 
9.34 0.21097 0.000195608 
9.34 0.21297 0.000230378 
9.34 0.21497 0.000253217 
9.34 0.21697 0.000279254 
9.34 0.21897 0.00030262 
9.34 0.22097 0.000423644 
9.34 0.22297 0.000227704 
9.34 0.22497 0.000179042 
9.34 0.22697 0.000172108 
9.34 0.22897 7.68419e-05 
9.34 0.23097 2.23507e-05 
9.34 0.23297 1.20698e-05 
9.34 0.23497 9.31438e-06 
9.34 0.23697 6.53961e-06 
9.35 0.19297 3.67467e-09 
9.35 0.19497 3.7873e-07 
9.35 0.19697 3.00159e-06 
9.35 0.19897 1.47356e-05 
9.35 0.20097 4.16961e-05 
9.35 0.20297 8.01588e-05 
9.35 0.20497 0.000126025 
9.35 0.20697 0.000169922 
9.35 0.20897 0.000332345 
9.35 0.21097 0.000262162 
9.35 0.21297 0.000276526 
9.35 0.21497 0.000280037 
9.35 0.21697 0.000284019 
9.35 0.21897 0.000398246 
9.35 0.22097 0.000224399 
9.35 0.22297 0.000171575 
9.35 0.22497 0.000161353 
9.35 0.22697 4.58483e-05 
9.35 0.22897 1.46049e-05 
9.35 0.23097 1.24732e-05 
9.35 0.23297 1.29388e-05 
9.36 0.18897 1.56633e-09 
9.36 0.19097 5.33084e-08 
9.36 0.19297 7.53965e-07 
9.36 0.19497 1.24393e-05 
9.36 0.19697 3.53915e-05 
9.36 0.19897 7.26201e-05 
9.36 0.20097 0.000118616 
9.36 0.20297 0.000165841 
9.36 0.20497 0.000208413 
9.36 0.20697 0.000390076 
9.36 0.20897 0.000295965 
9.36 0.21097 0.000308666 
9.36 0.21297 0.000301832 
9.36 0.21497 0.000274439 
9.36 0.21697 0.000356713 
9.36 0.21897 0.000200691 
9.36 0.22097 0.000155912 
9.36 0.22297 0.000142989 
9.36 0.22497 1.79517e-05 
9.36 0.22697 2.17889e-05 
9.36 0.22897 1.08341e-05 
9.36 0.23097 4.41362e-06 
9.37 0.18497 8.88503e-10 
9.37 0.18697 2.58784e-08 
9.37 0.18897 4.18948e-07 
9.37 0.19097 3.72328e-06 
9.37 0.19297 1.58603e-05 
9.37 0.19497 8.2379e-05 
9.37 0.19697 0.000107261 
9.37 0.19897 0.000164054 
9.37 0.20097 0.000213472 
9.37 0.20297 0.000259826 
9.37 0.20497 0.000454949 
9.37 0.20697 0.000329631 
9.37 0.20897 0.000331886 
9.37 0.21097 0.000313703 
9.37 0.21297 0.000280022 
9.37 0.21497 0.000325763 
9.37 0.21697 0.000168133 
9.37 0.21897 0.000173259 
9.37 0.22097 5.28039e-05 
9.37 0.22297 1.67014e-05 
9.37 0.22497 1.36422e-05 
9.37 0.22697 1.00519e-05 
9.38 0.18097 3.01782e-10 
9.38 0.18297 1.19443e-08 
9.38 0.18497 2.36897e-07 
9.38 0.18697 2.36695e-06 
9.38 0.18897 1.1649e-05 
9.38 0.19097 3.69871e-05 
9.38 0.19297 7.53156e-05 
9.38 0.19497 0.000205193 
9.38 0.19697 0.000204172 
9.38 0.19897 0.000264734 
9.38 0.20097 0.000310064 
9.38 0.20297 0.000521767 
9.38 0.20497 0.000356816 
9.38 0.20697 0.000349354 
9.38 0.20897 0.000319201 
9.38 0.21097 0.000275296 
9.38 0.21297 0.000302109 
9.38 0.21497 0.000148269 
9.38 0.21697 0.000139728 
9.38 0.21897 1.96383e-05 
9.38 0.22097 1.57073e-05 
9.38 0.22297 1.73945e-05 
9.39 0.17697 1.44519e-10 
9.39 0.17897 6.31375e-09 
9.39 0.18097 1.73196e-07 
9.39 0.18297 1.58722e-06 
9.39 0.18497 8.8755e-06 
9.39 0.18697 2.86834e-05 
9.39 0.18897 6.53206e-05 
9.39 0.19097 0.000108819 
9.39 0.19297 0.000277663 
9.39 0.19497 0.000257826 
9.39 0.19697 0.000310836 
9.39 0.19897 0.000353019 
9.39 0.20097 0.00057007 
9.39 0.20297 0.000388154 
9.39 0.20497 0.000359584 
9.39 0.20697 0.000314323 
9.39 0.20897 0.000273875 
9.39 0.21097 0.000274272 
9.39 0.21297 0.000130357 
9.39 0.21497 9.04087e-05 
9.39 0.21697 1.85787e-05 
9.39 0.21897 1.40596e-05 
9.39 0.22097 5.2223e-06 
9.4 0.17497 3.4021e-09 
9.4 0.17697 7.25309e-08 
9.4 0.17897 9.24799e-07 
9.4 0.18097 6.34524e-06 
9.4 0.18297 2.42035e-05 
9.4 0.18497 5.75922e-05 
9.4 0.18697 0.000100769 
9.4 0.18897 0.000257156 
9.4 0.19097 0.000256853 
9.4 0.19297 0.000318878 
9.4 0.19497 0.000369012 
9.4 0.19697 0.000407797 
9.4 0.19897 0.000423797 
9.4 0.20097 0.00060886 
9.4 0.20297 0.00036396 
9.4 0.20497 0.000307402 
9.4 0.20697 0.000328812 
9.4 0.20897 0.000158691 
9.4 0.21097 0.000111693 
9.4 0.21297 5.02094e-05 
9.4 0.21497 2.34171e-05 
9.4 0.21697 5.3387e-06 
9.41 0.17097 1.30752e-09 
9.41 0.17297 3.51259e-08 
9.41 0.17497 6.05281e-07 
9.41 0.17697 4.52641e-06 
9.41 0.17897 1.79431e-05 
9.41 0.18097 4.84887e-05 
9.41 0.18297 9.46678e-05 
9.41 0.18497 0.00014586 
9.41 0.18697 0.000342615 
9.41 0.18897 0.000308305 
9.41 0.19097 0.00036997 
9.41 0.19297 0.000422645 
9.41 0.19497 0.000447949 
9.41 0.19697 0.000454943 
9.41 0.19897 0.00061345 
9.41 0.20097 0.000351524 
9.41 0.20297 0.000287365 
9.41 0.20497 0.000298571 
9.41 0.20697 0.000138142 
9.41 0.20897 0.000102831 
9.41 0.21097 1.69838e-05 
9.41 0.21297 1.25484e-05 
9.42 0.16697 6.09117e-10 
9.42 0.16897 1.87961e-08 
9.42 0.17097 3.14747e-07 
9.42 0.17297 2.88481e-06 
9.42 0.17497 1.36476e-05 
9.42 0.17697 3.97146e-05 
9.42 0.17897 8.20672e-05 
9.42 0.18097 0.000131289 
9.42 0.18297 0.000323855 
9.42 0.18497 0.000311111 
9.42 0.18697 0.000376582 
9.42 0.18897 0.000437318 
9.42 0.19097 0.000476817 
9.42 0.19297 0.000488695 
9.42 0.19497 0.000467953 
9.42 0.19697 0.000594351 
9.42 0.19897 0.000324925 
9.42 0.20097 0.000262372 
9.42 0.20297 0.000274381 
9.42 0.20497 0.000115878 
9.42 0.20697 5.22629e-05 
9.42 0.20897 1.46334e-05 
9.42 0.21097 6.13157e-06 
9.43 0.16297 2.649e-10 
9.43 0.16497 9.42566e-09 
9.43 0.16697 1.70382e-07 
9.43 0.16897 1.85242e-06 
9.43 0.17097 1.00072e-05 
9.43 0.17297 3.25814e-05 
9.43 0.17497 6.71184e-05 
9.43 0.17697 0.000122712 
9.43 0.17897 0.000178149 
9.43 0.18097 0.000414164 
9.43 0.18297 0.000369601 
9.43 0.18497 0.000437472 
9.43 0.18697 0.000492002 
9.43 0.18897 0.00051992 
9.43 0.19097 0.000516274 
9.43 0.19297 0.000480181 
9.43 0.19497 0.000584767 
9.43 0.19697 0.000324522 
9.43 0.19897 0.000232971 
9.43 0.20097 0.000216006 
9.43 0.20297 9.78483e-05 
9.43 0.20497 2.60942e-05 
9.43 0.20697 6.6861e-06 
9.44 0.16097 4.58297e-09 
9.44 0.16297 1.09127e-07 
9.44 0.16497 1.10547e-06 
9.44 0.16697 6.9315e-06 
9.44 0.16897 2.61498e-05 
9.44 0.17097 5.92792e-05 
9.44 0.17297 0.000105244 
9.44 0.17497 0.000163126 
9.44 0.17697 0.000398505 
9.44 0.17897 0.000366241 
9.44 0.18097 0.00044356 
9.44 0.18297 0.000505356 
9.44 0.18497 0.000548286 
9.44 0.18697 0.00054711 
9.44 0.18897 0.000515115 
9.44 0.19097 0.000484284 
9.44 0.19297 0.00054709 
9.44 0.19497 0.000284663 
9.44 0.19697 0.000206035 
9.44 0.19897 0.000181955 
9.44 0.20097 6.21967e-05 
9.44 0.20297 1.4338e-05 
9.45 0.15697 1.70976e-09 
9.45 0.15897 5.03866e-08 
9.45 0.16097 6.4992e-07 
9.45 0.16297 4.71909e-06 
9.45 0.16497 1.93021e-05 
9.45 0.16697 4.80557e-05 
9.45 0.16897 9.38021e-05 
9.45 0.17097 0.000149075 
9.45 0.17297 0.000220926 
9.45 0.17497 0.000492621 
9.45 0.17697 0.000435733 
9.45 0.17897 0.000524139 
9.45 0.18097 0.000579416 
9.45 0.18297 0.000595591 
9.45 0.18497 0.000576904 
9.45 0.18697 0.000530886 
9.45 0.18897 0.000456295 
9.45 0.19097 0.000501957 
9.45 0.19297 0.000244815 
9.45 0.19497 0.000173915 
9.45 0.19697 0.000158326 
9.45 0.19897 1.71559e-05 
9.45 0.20097 7.00538e-06 
9.46 0.15297 7.54922e-10 
9.46 0.15497 2.5866e-08 
9.46 0.15697 3.7911e-07 
9.46 0.15897 2.97339e-06 
9.46 0.16097 1.46581e-05 
9.46 0.16297 3.97931e-05 
9.46 0.16497 7.91214e-05 
9.46 0.16697 0.000131335 
9.46 0.16897 0.000207442 
9.46 0.17097 0.000458912 
9.46 0.17297 0.00034652 
9.46 0.17497 0.00039122 
9.46 0.17697 0.000798661 
9.46 0.17897 0.000628213 
9.46 0.18097 0.000614041 
9.46 0.18297 0.00057344 
9.46 0.18497 0.000526569 
9.46 0.18697 0.000436393 
9.46 0.18897 0.000458045 
9.46 0.19097 0.000213806 
9.46 0.19297 0.000161349 
9.46 0.19497 9.14639e-05 
9.46 0.19697 1.50076e-05 
9.47 0.14897 2.90714e-10 
9.47 0.15097 1.23233e-08 
9.47 0.15297 2.21206e-07 
9.47 0.15497 2.08915e-06 
9.47 0.15697 1.02781e-05 
9.47 0.15897 3.126e-05 
9.47 0.16097 6.68435e-05 
9.47 0.16297 0.000118835 
9.47 0.16497 0.000181681 
9.47 0.16697 0.00026247 
9.47 0.16897 0.000363356 
9.47 0.17097 0.000473449 
9.47 0.17297 0.000563513 
9.47 0.17497 0.000641833 
9.47 0.17697 0.000981042 
9.47 0.17897 0.000642007 
9.47 0.18097 0.000574521 
9.47 0.18297 0.000490227 
9.47 0.18497 0.000394519 
9.47 0.18697 0.000393437 
9.47 0.18897 0.000200588 
9.47 0.19097 0.000144634 
9.47 0.19297 2.54864e-05 
9.47 0.19497 7.11005e-06 
9.48 0.14497 1.26456e-10 
9.48 0.14697 5.6569e-09 
9.48 0.14897 1.17169e-07 
9.48 0.15097 1.34236e-06 
9.48 0.15297 7.41614e-06 
9.48 0.15497 2.44621e-05 
9.48 0.15697 5.60498e-05 
9.48 0.15897 0.000100751 
9.48 0.16097 0.000163008 
9.48 0.16297 0.000248882 
9.48 0.16497 0.000302157 
9.48 0.16697 0.000518211 
9.48 0.16897 0.000573415 
9.48 0.17097 0.000656239 
9.48 0.17297 0.000700932 
9.48 0.17497 0.000800656 
9.48 0.17697 0.000904435 
9.48 0.17897 0.000566788 
9.48 0.18097 0.000465546 
9.48 0.18297 0.000383518 
9.48 0.18497 0.000338229 
9.48 0.18697 0.000146928 
9.48 0.18897 9.57369e-05 
9.48 0.19097 1.7089e-05 
9.49 0.14297 2.41974e-09 
9.49 0.14497 6.79805e-08 
9.49 0.14697 7.87933e-07 
9.49 0.14897 4.89682e-06 
9.49 0.15097 1.95362e-05 
9.49 0.15297 4.73662e-05 
9.49 0.15497 8.97221e-05 
9.49 0.15697 0.000146562 
9.49 0.15897 0.000157061 
9.49 0.16097 0.000220062 
9.49 0.16297 0.000629438 
9.49 0.16497 0.000560058 
9.49 0.16697 0.000637715 
9.49 0.16897 0.000712937 
9.49 0.17097 0.00076699 
9.49 0.17297 0.000738587 
9.49 0.17497 0.000970185 
9.49 0.17697 0.000531051 
9.49 0.17897 0.000431855 
9.49 0.18097 0.00031891 
9.49 0.18297 0.000289158 
9.49 0.18497 0.000121159 
9.49 0.18697 5.95563e-05 
9.5 0.13897 1.02283e-09 
9.5 0.14097 3.12229e-08 
9.5 0.14297 4.80049e-07 
9.5 0.14497 3.49245e-06 
9.5 0.14697 1.41886e-05 
9.5 0.14897 3.71692e-05 
9.5 0.15097 7.39018e-05 
9.5 0.15297 0.000124729 
9.5 0.15497 0.000105661 
9.5 0.15697 0.000238919 
9.5 0.15897 0.000349023 
9.5 0.16097 0.000777721 
9.5 0.16297 0.000664514 
9.5 0.16497 0.000742493 
9.5 0.16697 0.000789454 
9.5 0.16897 0.000786448 
9.5 0.17097 0.000735176 
9.5 0.17297 0.000901291 
9.5 0.17497 0.000487012 
9.5 0.17697 0.000373934 
9.5 0.17897 0.000269275 
9.5 0.18097 0.00023434 
9.5 0.18297 9.70369e-05 
9.5 0.18497 1.74968e-05 
9.51 0.13497 3.61857e-10 
9.51 0.13697 1.54607e-08 
9.51 0.13897 2.56643e-07 
9.51 0.14097 2.02883e-06 
9.51 0.14297 1.00303e-05 
9.51 0.14497 3.034e-05 
9.51 0.14697 6.33649e-05 
9.51 0.14897 0.000101945 
9.51 0.15097 9.03622e-05 
9.51 0.15297 0.000225237 
9.51 0.15497 0.000332359 
9.51 0.15697 0.000742178 
9.51 0.15897 0.000659273 
9.51 0.16097 0.000762355 
9.51 0.16297 0.000831649 
9.51 0.16497 0.000843648 
9.51 0.16697 0.000805813 
9.51 0.16897 0.000725538 
9.51 0.17097 0.00062661 
9.51 0.17297 0.000657865 
9.51 0.17497 0.000327325 
9.51 0.17697 0.000228746 
9.51 0.17897 0.000188429 
9.51 0.18097 6.02358e-05 
9.52 0.13097 1.58779e-10 
9.52 0.13297 6.26916e-09 
9.52 0.13497 1.29491e-07 
9.52 0.13697 1.40493e-06 
9.52 0.13897 7.16433e-06 
9.52 0.14097 2.32699e-05 
9.52 0.14297 5.1485e-05 
9.52 0.14497 9.44878e-05 
9.52 0.14697 7.61315e-05 
9.52 0.14897 0.000200723 
9.52 0.15097 0.000302366 
9.52 0.15297 0.000422993 
9.52 0.15497 0.000905783 
9.52 0.15697 0.000762062 
9.52 0.15897 0.000839158 
9.52 0.16097 0.000869866 
9.52 0.16297 0.000874616 
9.52 0.16497 0.000810903 
9.52 0.16697 0.000703735 
9.52 0.16897 0.000576596 
9.52 0.17097 0.000589984 
9.52 0.17297 0.000271884 
9.52 0.17497 0.000204528 
9.52 0.17697 0.000144866 
9.52 0.17897 8.39708e-06 
9.53 0.12897 3.08934e-09 
9.53 0.13097 6.9621e-08 
9.53 0.13297 7.70676e-07 
9.53 0.13497 4.77638e-06 
9.53 0.13697 1.80299e-05 
9.53 0.13897 4.19635e-05 
9.53 0.14097 7.96441e-05 
9.53 0.14297 6.64703e-05 
9.53 0.14497 0.000169598 
9.53 0.14697 0.000276097 
9.53 0.14897 0.000403368 
9.53 0.15097 0.000873073 
9.53 0.15297 0.000745431 
9.53 0.15497 0.000851141 
9.53 0.15697 0.000905604 
9.53 0.15897 0.000916624 
9.53 0.16097 0.000877464 
9.53 0.16297 0.000780254 
9.53 0.16497 0.00064837 
9.53 0.16697 0.000551397 
9.53 0.16897 0.000512422 
9.53 0.17097 0.00022257 
9.53 0.17297 0.000142031 
9.53 0.17497 8.69495e-05 
9.54 0.12497 1.07575e-09 
9.54 0.12697 3.63784e-08 
9.54 0.12897 4.83041e-07 
9.54 0.13097 3.33913e-06 
9.54 0.13297 1.26371e-05 
9.54 0.13497 3.3434e-05 
9.54 0.13697 6.76367e-05 
9.54 0.13897 6.32926e-05 
9.54 0.14097 0.00014416 
9.54 0.14297 0.000239901 
9.54 0.14497 0.000355305 
9.54 0.14697 0.000537147 
9.54 0.14897 0.00104599 
9.54 0.15097 0.000859712 
9.54 0.15297 0.000943564 
9.54 0.15497 0.00097834 
9.54 0.15697 0.000950833 
9.54 0.15897 0.000854126 
9.54 0.16097 0.000731724 
9.54 0.16297 0.000587775 
9.54 0.16497 0.000449723 
9.54 0.16697 0.000422072 
9.54 0.16897 0.000177696 
9.54 0.17097 0.00011066 
9.54 0.17297 3.61242e-05 
9.55 0.12097 5.012e-10 
9.55 0.12297 1.33209e-08 
9.55 0.12497 2.75e-07 
9.55 0.12697 2.19588e-06 
9.55 0.12897 8.97663e-06 
9.55 0.13097 2.56037e-05 
9.55 0.13297 5.52112e-05 
9.55 0.13497 7.23448e-05 
9.55 0.13697 0.000105585 
9.55 0.13897 0.000218211 
9.55 0.14097 0.000335457 
9.55 0.14297 0.000459435 
9.55 0.14497 0.00100612 
9.55 0.14697 0.000836256 
9.55 0.14897 0.000536815 
9.55 0.15097 0.000974314 
9.55 0.15297 0.00101873 
9.55 0.15497 0.00105092 
9.55 0.15697 0.00115234 
9.55 0.15897 0.000677511 
9.55 0.16097 0.000523316 
9.55 0.16297 0.000380369 
9.55 0.16497 0.000268644 
9.55 0.16697 0.000210282 
9.55 0.16897 8.08109e-05 
9.56 0.11697 2.03897e-10 
9.56 0.11897 8.00595e-09 
9.56 0.12097 1.53832e-07 
9.56 0.12297 1.38477e-06 
9.56 0.12497 6.21272e-06 
9.56 0.12697 2.00234e-05 
9.56 0.12897 4.61073e-05 
9.56 0.13097 8.07277e-05 
9.56 0.13297 7.13721e-05 
9.56 0.13497 0.000189367 
9.56 0.13697 0.00029255 
9.56 0.13897 0.000444688 
9.56 0.14097 0.000598851 
9.56 0.14297 0.00111133 
9.56 0.14497 0.000574073 
9.56 0.14697 0.00100915 
9.56 0.14897 0.00105229 
9.56 0.15097 0.00102799 
9.56 0.15297 0.00097956 
9.56 0.15497 0.000895798 
9.56 0.15697 0.000886705 
9.56 0.15897 0.000458443 
9.56 0.16097 0.00032167 
9.56 0.16297 0.000225616 
9.56 0.16497 0.000162766 
9.56 0.16697 2.65999e-05 
9.57 0.11297 6.37163e-10 
9.57 0.11497 3.03344e-09 
9.57 0.11697 8.13289e-08 
9.57 0.11897 8.53241e-07 
9.57 0.12097 4.34532e-06 
9.57 0.12297 1.4575e-05 
9.57 0.12497 3.57745e-05 
9.57 0.12697 6.79215e-05 
9.57 0.12897 6.13201e-05 
9.57 0.13097 0.000165281 
9.57 0.13297 0.000263257 
9.57 0.13497 0.000393046 
9.57 0.13697 0.000573346 
9.57 0.13897 0.000882354 
9.57 0.14097 0.00074276 
9.57 0.14297 0.00102936 
9.57 0.14497 0.00107843 
9.57 0.14697 0.00109254 
9.57 0.14897 0.00104761 
9.57 0.15097 0.000927332 
9.57 0.15297 0.000768783 
9.57 0.15497 0.000810049 
9.57 0.15697 0.000412388 
9.57 0.15897 0.000282914 
9.57 0.16097 0.000163388 
9.57 0.16297 0.000116576 
9.58 0.11097 1.81875e-09 
9.58 0.11297 3.69105e-08 
9.58 0.11497 4.4136e-07 
9.58 0.11697 2.87708e-06 
9.58 0.11897 1.10254e-05 
9.58 0.12097 2.84158e-05 
9.58 0.12297 5.87403e-05 
9.58 0.12497 7.8549e-05 
9.58 0.12697 0.00010671 
9.58 0.12897 0.000230134 
9.58 0.13097 0.00035177 
9.58 0.13297 0.000522545 
9.58 0.13497 0.000718104 
9.58 0.13697 0.000857656 
9.58 0.13897 0.001005 
9.58 0.14097 0.00105454 
9.58 0.14297 0.00114145 
9.58 0.14497 0.00111987 
9.58 0.14697 0.00102044 
9.58 0.14897 0.000869035 
9.58 0.15097 0.000722498 
9.58 0.15297 0.000534005 
9.58 0.15497 0.000491206 
9.58 0.15697 0.000201581 
9.58 0.15897 0.000125099 
9.58 0.16097 5.94215e-05 
9.59 0.10697 1.1661e-09 
9.59 0.10897 1.57403e-08 
9.59 0.11097 2.28122e-07 
9.59 0.11297 1.79428e-06 
9.59 0.11497 7.88863e-06 
9.59 0.11697 2.1649e-05 
9.59 0.11897 4.49756e-05 
9.59 0.12097 6.29405e-05 
9.59 0.12297 9.09004e-05 
9.59 0.12497 0.000200547 
9.59 0.12697 0.000313761 
9.59 0.12897 0.000460986 
9.59 0.13097 0.000655461 
9.59 0.13297 0.00086077 
9.59 0.13497 0.00101849 
9.59 0.13697 0.00112965 
9.59 0.13897 0.00118733 
9.59 0.14097 0.00117664 
9.59 0.14297 0.00108557 
9.59 0.14497 0.000984205 
9.59 0.14697 0.000810869 
9.59 0.14897 0.000620724 
9.59 0.15097 0.00044786 
9.59 0.15297 0.000399957 
9.59 0.15497 0.000159019 
9.59 0.15697 8.51322e-05 
9.59 0.15897 2.43185e-05 
9.6 0.10297 3.10619e-10 
9.6 0.10497 7.97837e-09 
9.6 0.10697 1.32926e-07 
9.6 0.10897 1.11061e-06 
9.6 0.11097 5.06683e-06 
9.6 0.11297 1.62975e-05 
9.6 0.11497 3.67811e-05 
9.6 0.11697 5.68642e-05 
9.6 0.11897 7.21277e-05 
9.6 0.12097 0.000166041 
9.6 0.12297 0.0002812 
9.6 0.12497 0.00042292 
9.6 0.12697 0.000594394 
9.6 0.12897 0.000790827 
9.6 0.13097 0.00099804 
9.6 0.13297 0.0011603 
9.6 0.13497 0.00125157 
9.6 0.13697 0.0012654 
9.6 0.13897 0.0011968 
9.6 0.14097 0.00106792 
9.6 0.14297 0.000893325 
9.6 0.14497 0.00069959 
9.6 0.14697 0.000547178 
9.6 0.14897 0.00037986 
9.6 0.15097 0.000284796 
9.6 0.15297 0.000158756 
9.6 0.15497 5.64207e-05 
9.61 0.09297 3.80738e-10 
9.61 0.09897 1.11529e-10 
9.61 0.10097 3.45404e-09 
9.61 0.10297 6.61605e-08 
9.61 0.10497 6.22108e-07 
9.61 0.10697 3.46349e-06 
9.61 0.10897 1.15864e-05 
9.61 0.11097 2.85452e-05 
9.61 0.11297 4.93769e-05 
9.61 0.11497 5.72997e-05 
9.61 0.11697 0.00014594 
9.61 0.11897 0.000238171 
9.61 0.12097 0.000356612 
9.61 0.12297 0.000548888 
9.61 0.12497 0.000747825 
9.61 0.12697 0.000938185 
9.61 0.12897 0.00109879 
9.61 0.13097 0.00120839 
9.61 0.13297 0.00129125 
9.61 0.13497 0.00128833 
9.61 0.13697 0.00118368 
9.61 0.13897 0.0010216 
9.61 0.14097 0.000832656 
9.61 0.14297 0.000626369 
9.61 0.14497 0.000444849 
9.61 0.14697 0.000296292 
9.61 0.14897 0.000185372 
9.61 0.15097 0.000141244 
9.61 0.15297 2.2294e-05 
9.62 0.09697 1.66829e-09 
9.62 0.09897 3.20298e-08 
9.62 0.10097 3.40806e-07 
9.62 0.10297 2.40814e-06 
9.62 0.10497 8.54061e-06 
9.62 0.10697 2.11051e-05 
9.62 0.10897 3.69725e-05 
9.62 0.11097 4.53697e-05 
9.62 0.11297 0.000119277 
9.62 0.11497 0.000209533 
9.62 0.11697 0.000331177 
9.62 0.11897 0.000465965 
9.62 0.12097 0.00072218 
9.62 0.12297 0.000930664 
9.62 0.12497 0.00106213 
9.62 0.12697 0.00125091 
9.62 0.12897 0.00131099 
9.62 0.13097 0.00125018 
9.62 0.13297 0.000958052 
9.62 0.13497 0.00107138 
9.62 0.13697 0.00117205 
9.62 0.13897 0.000895244 
9.62 0.14097 0.00054336 
9.62 0.14297 0.000371507 
9.62 0.14497 0.000236338 
9.62 0.14697 0.000143785 
9.62 0.14897 9.21011e-05 
9.63 0.08697 4.23075e-10 
9.63 0.09297 7.24847e-10 
9.63 0.09497 1.48418e-08 
9.63 0.09697 1.9353e-07 
9.63 0.09897 1.37936e-06 
9.63 0.10097 5.84336e-06 
9.63 0.10297 1.65999e-05 
9.63 0.10497 3.2905e-05 
9.63 0.10697 3.51169e-05 
9.63 0.10897 9.45182e-05 
9.63 0.11097 0.000168424 
9.63 0.11297 0.000287665 
9.63 0.11497 0.000435754 
9.63 0.11697 0.000627976 
9.63 0.11897 0.000841432 
9.63 0.12097 0.00105853 
9.63 0.12297 0.00126844 
9.63 0.12497 0.00137182 
9.63 0.12697 0.000786622 
9.63 0.12897 0.00130827 
9.63 0.13097 0.00128596 
9.63 0.13297 0.00112538 
9.63 0.13497 0.000918732 
9.63 0.13697 0.000765431 
9.63 0.13897 0.00066101 
9.63 0.14097 0.000303797 
9.63 0.14297 0.000188251 
9.63 0.14497 0.000102545 
9.63 0.14697 5.09694e-05 
9.64 0.08897 3.20589e-10 
9.64 0.09097 8.02158e-09 
9.64 0.09297 1.03244e-07 
9.64 0.09497 8.52534e-07 
9.64 0.09697 3.83825e-06 
9.64 0.09897 1.15734e-05 
9.64 0.10097 2.45212e-05 
9.64 0.10297 2.94549e-05 
9.64 0.10497 8.1094e-05 
9.64 0.10697 0.000150595 
9.64 0.10897 0.00023494 
9.64 0.11097 0.000381944 
9.64 0.11297 0.000573366 
9.64 0.11497 0.00078795 
9.64 0.11697 0.00100416 
9.64 0.11897 0.00118902 
9.64 0.12097 0.00110812 
9.64 0.12297 0.00098456 
9.64 0.12497 0.00145723 
9.64 0.12697 0.001388 
9.64 0.12897 0.00125116 
9.64 0.13097 0.00104755 
9.64 0.13297 0.000823415 
9.64 0.13497 0.000607301 
9.64 0.13697 0.000493844 
9.64 0.13897 0.000290968 
9.64 0.14097 0.000130393 
9.64 0.14297 6.89213e-05 
9.64 0.14497 1.97543e-05 
9.65 0.08697 3.91761e-09 
9.65 0.08897 5.29768e-08 
9.65 0.09097 4.81985e-07 
9.65 0.09297 2.64021e-06 
9.65 0.09497 8.59538e-06 
9.65 0.09697 2.02739e-05 
9.65 0.09897 2.1454e-05 
9.65 0.10097 6.18024e-05 
9.65 0.10297 0.000125606 
9.65 0.10497 0.000215951 
9.65 0.10697 0.000344108 
9.65 0.10897 0.000474379 
9.65 0.11097 0.000704654 
9.65 0.11297 0.000963762 
9.65 0.11497 0.00093877 
9.65 0.11697 0.00128329 
9.65 0.11897 0.00108126 
9.65 0.12097 0.00143467 
9.65 0.12297 0.00139155 
9.65 0.12497 0.00132237 
9.65 0.12697 0.00116524 
9.65 0.12897 0.000948361 
9.65 0.13097 0.000726778 
9.65 0.13297 0.000515826 
9.65 0.13497 0.000344442 
9.65 0.13697 0.00027949 
9.65 0.13897 8.54887e-05 
9.65 0.14097 4.58557e-05 
9.66 0.07697 4.75243e-10 
9.66 0.08297 1.72628e-09 
9.66 0.08497 3.0613e-08 
9.66 0.08697 2.74482e-07 
9.66 0.08897 1.67845e-06 
9.66 0.09097 6.04225e-06 
9.66 0.09297 1.62096e-05 
9.66 0.09497 1.80486e-05 
9.66 0.09697 5.13281e-05 
9.66 0.09897 0.000102689 
9.66 0.10097 0.000164297 
9.66 0.10297 0.000297587 
9.66 0.10497 0.000455356 
9.66 0.10697 0.000649864 
9.66 0.10897 0.000869116 
9.66 0.11097 0.000846754 
9.66 0.11297 0.00109166 
9.66 0.11497 0.00123241 
9.66 0.11697 0.00150502 
9.66 0.11897 0.00149625 
9.66 0.12097 0.00139689 
9.66 0.12297 0.00123018 
9.66 0.12497 0.00101224 
9.66 0.12697 0.000805274 
9.66 0.12897 0.000614226 
9.66 0.13097 0.000421063 
9.66 0.13297 0.000272146 
9.66 0.13497 0.000202337 
9.66 0.13697 6.4965e-05 
9.66 0.13897 1.87982e-05 
9.67 0.07097 1.6149e-10 
9.67 0.07897 1.49757e-10 
9.67 0.08097 1.56788e-08 
9.67 0.08297 1.66312e-07 
9.67 0.08497 1.01744e-06 
9.67 0.08697 4.06566e-06 
9.67 0.08897 1.21402e-05 
9.67 0.09097 1.60131e-05 
9.67 0.09297 3.79816e-05 
9.67 0.09497 8.37893e-05 
9.67 0.09697 0.000151462 
9.67 0.09897 0.000249145 
9.67 0.10097 0.000362364 
9.67 0.10297 0.000594098 
9.67 0.10497 0.000815206 
9.67 0.10697 0.000955063 
9.67 0.10897 0.000791556 
9.67 0.11097 0.00134213 
9.67 0.11297 0.00155483 
9.67 0.11497 0.00155786 
9.67 0.11697 0.00145609 
9.67 0.11897 0.00136514 
9.67 0.12097 0.00115467 
9.67 0.12297 0.000918 
9.67 0.12497 0.000684239 
9.67 0.12697 0.000479506 
9.67 0.12897 0.000321644 
9.67 0.13097 0.000210074 
9.67 0.13297 0.000116549 
9.67 0.13497 7.27299e-05 
9.68 0.07697 1.65251e-09 
9.68 0.07897 9.8519e-08 
9.68 0.08097 6.46233e-07 
9.68 0.08297 2.75795e-06 
9.68 0.08497 8.60337e-06 
9.68 0.08697 1.31081e-05 
9.68 0.08897 2.84718e-05 
9.68 0.09097 6.25579e-05 
9.68 0.09297 0.000124966 
9.68 0.09497 0.000214911 
9.68 0.09697 0.000346215 
9.68 0.09897 0.000501867 
9.68 0.10097 0.000651091 
9.68 0.10297 0.000592894 
9.68 0.10497 0.00100133 
9.68 0.10697 0.00129989 
9.68 0.10897 0.00147934 
9.68 0.11097 0.00153327 
9.68 0.11297 0.00151985 
9.68 0.11497 0.00149229 
9.68 0.11697 0.00128786 
9.68 0.11897 0.00104307 
9.68 0.12097 0.000769324 
9.68 0.12297 0.000580136 
9.68 0.12497 0.000392852 
9.68 0.12697 0.000249009 
9.68 0.12897 0.000142684 
9.68 0.13097 7.55705e-05 
9.68 0.13297 4.10525e-05 
9.69 0.07297 7.23333e-10 
9.69 0.07497 2.58384e-08 
9.69 0.07697 4.3159e-07 
9.69 0.07897 1.92213e-06 
9.69 0.08097 6.20966e-06 
9.69 0.08297 1.07648e-05 
9.69 0.08497 2.19839e-05 
9.69 0.08697 5.34424e-05 
9.69 0.08897 9.42019e-05 
9.69 0.09097 0.000170749 
9.69 0.09297 0.000283861 
9.69 0.09497 0.0004385 
9.69 0.09697 0.000510568 
9.69 0.09897 0.000518373 
9.69 0.10097 0.000972092 
9.69 0.10297 0.00120197 
9.69 0.10497 0.00147938 
9.69 0.10697 0.00159248 
9.69 0.10897 0.00159606 
9.69 0.11097 0.00150011 
9.69 0.11297 0.00132634 
9.69 0.11497 0.00108621 
9.69 0.11697 0.000935656 
9.69 0.11897 0.000724822 
9.69 0.12097 0.000463409 
9.69 0.12297 0.00031366 
9.69 0.12497 0.000192314 
9.69 0.12697 9.85693e-05 
9.69 0.12897 5.25851e-05 
9.69 0.13097 1.58838e-05 
9.7 0.06297 5.87466e-09 
9.7 0.06497 9.2043e-09 
9.7 0.06897 3.75652e-10 
9.7 0.07097 7.86254e-09 
9.7 0.07297 2.40657e-07 
9.7 0.07497 1.23647e-06 
9.7 0.07697 4.28487e-06 
9.7 0.07897 8.67004e-06 
9.7 0.08097 1.46875e-05 
9.7 0.08297 4.01997e-05 
9.7 0.08497 7.92112e-05 
9.7 0.08697 0.000148577 
9.7 0.08897 0.000231048 
9.7 0.09097 0.000365898 
9.7 0.09297 0.000322405 
9.7 0.09497 0.000686909 
9.7 0.09697 0.000912966 
9.7 0.09897 0.0010838 
9.7 0.10097 0.00133751 
9.7 0.10297 0.00158854 
9.7 0.10497 0.0016655 
9.7 0.10697 0.00152009 
9.7 0.10897 0.00110556 
9.7 0.11097 0.00119746 
9.7 0.11297 0.00109117 
9.7 0.11497 0.000865012 
9.7 0.11697 0.00066473 
9.7 0.11897 0.00056981 
9.7 0.12097 0.000246022 
9.7 0.12297 0.000137197 
9.7 0.12497 7.06835e-05 
9.7 0.12697 3.64846e-05 
9.71 0.05897 3.47873e-09 
9.71 0.06097 7.21832e-09 
9.71 0.06297 2.30929e-08 
9.71 0.06497 1.29477e-10 
9.71 0.06697 3.34484e-09 
9.71 0.06897 5.01883e-08 
9.71 0.07097 8.56657e-07 
9.71 0.07297 2.93568e-06 
9.71 0.07497 5.0203e-06 
9.71 0.07697 1.42975e-05 
9.71 0.07897 2.93555e-05 
9.71 0.08097 6.36764e-05 
9.71 0.08297 0.000116192 
9.71 0.08497 0.000203019 
9.71 0.08697 0.000196733 
9.71 0.08897 0.000366669 
9.71 0.09097 0.000622152 
9.71 0.09297 0.000864198 
9.71 0.09497 0.0010976 
9.71 0.09697 0.00132427 
9.71 0.09897 0.0015009 
9.71 0.10097 0.00156239 
9.71 0.10297 0.000945087 
9.71 0.10497 0.00146443 
9.71 0.10697 0.00148322 
9.71 0.10897 0.00126032 
9.71 0.11097 0.000995539 
9.71 0.11297 0.000737118 
9.71 0.11497 0.000519971 
9.71 0.11697 0.000351482 
9.71 0.11897 0.000274979 
9.71 0.12097 9.38459e-05 
9.71 0.12297 4.93858e-05 
9.71 0.12497 1.47213e-05 
9.72 0.05497 2.53437e-09 
9.72 0.05697 5.52654e-09 
9.72 0.05897 1.46941e-08 
9.72 0.06097 1.57108e-08 
9.72 0.06297 1.45876e-09 
9.72 0.06497 2.65463e-08 
9.72 0.06697 2.2693e-07 
9.72 0.06897 2.33981e-06 
9.72 0.07097 3.25464e-06 
9.72 0.07297 1.10759e-05 
9.72 0.07497 2.71697e-05 
9.72 0.07697 4.71239e-05 
9.72 0.07897 9.61739e-05 
9.72 0.08097 0.000161634 
9.72 0.08297 0.000161528 
9.72 0.08497 0.000313872 
9.72 0.08697 0.00052876 
9.72 0.08897 0.000750312 
9.72 0.09097 0.00104844 
9.72 0.09297 0.0012277 
9.72 0.09497 0.000881574 
9.72 0.09697 0.00198247 
9.72 0.09897 0.00123371 
9.72 0.10097 0.00159492 
9.72 0.10297 0.00145449 
9.72 0.10497 0.00126564 
9.72 0.10697 0.00103681 
9.72 0.10897 0.000869393 
9.72 0.11097 0.000631511 
9.72 0.11297 0.000426858 
9.72 0.11497 0.00026939 
9.72 0.11697 0.000170037 
9.72 0.11897 8.76235e-05 
9.72 0.12097 3.25177e-05 
9.73 0.05097 1.1184e-09 
9.73 0.05297 4.14821e-09 
9.73 0.05497 1.09096e-08 
9.73 0.05697 2.83966e-08 
9.73 0.05897 6.71608e-10 
9.73 0.06097 1.1499e-08 
9.73 0.06297 1.15255e-07 
9.73 0.06497 7.20808e-07 
9.73 0.06697 3.23262e-06 
9.73 0.06897 7.34734e-06 
9.73 0.07097 2.02466e-05 
9.73 0.07297 4.36439e-05 
9.73 0.07497 7.05206e-05 
9.73 0.07697 0.000119362 
9.73 0.07897 0.000150059 
9.73 0.08097 0.000307036 
9.73 0.08297 0.000420095 
9.73 0.08497 0.000655585 
9.73 0.08697 0.000912261 
9.73 0.08897 0.000748937 
9.73 0.09097 0.00123255 
9.73 0.09297 0.00171943 
9.73 0.09497 0.00149749 
9.73 0.09697 0.00166573 
9.73 0.09897 0.00157367 
9.73 0.10097 0.0014015 
9.73 0.10297 0.00117296 
9.73 0.10497 0.000920637 
9.73 0.10697 0.000658275 
9.73 0.10897 0.000496029 
9.73 0.11097 0.000336471 
9.73 0.11297 0.000198544 
9.73 0.11497 0.000109718 
9.73 0.11697 7.58296e-05 
9.73 0.11897 1.23969e-05 
9.74 0.04697 7.88276e-10 
9.74 0.04897 3.04173e-09 
9.74 0.05097 6.3863e-09 
9.74 0.05297 4.05669e-08 
9.74 0.05697 6.24769e-09 
9.74 0.05897 6.80237e-08 
9.74 0.06097 4.17791e-07 
9.74 0.06297 2.04624e-06 
9.74 0.06497 5.76051e-06 
9.74 0.06697 1.26378e-05 
9.74 0.06897 3.12396e-05 
9.74 0.07097 6.63175e-05 
9.74 0.07297 7.08437e-05 
9.74 0.07497 0.000142636 
9.74 0.07697 0.000268634 
9.74 0.07897 0.000414511 
9.74 0.08097 0.000543291 
9.74 0.08297 0.000752889 
9.74 0.08497 0.000649673 
9.74 0.08697 0.00119362 
9.74 0.08897 0.00144053 
9.74 0.09097 0.00165184 
9.74 0.09297 0.00173383 
9.74 0.09497 0.00168622 
9.74 0.09697 0.00154521 
9.74 0.09897 0.00131756 
9.74 0.10097 0.00106149 
9.74 0.10297 0.000801743 
9.74 0.10497 0.00055128 
9.74 0.10697 0.000386134 
9.74 0.10897 0.000240764 
9.74 0.11097 0.000135887 
9.74 0.11297 7.84368e-05 
9.74 0.11497 5.11377e-05 
9.74 0.11697 1.35397e-06 
9.75 0.04497 2.20387e-09 
9.75 0.04697 4.81517e-09 
9.75 0.04897 2.92955e-08 
9.75 0.05097 2.19833e-08 
9.75 0.05297 8.17759e-10 
9.75 0.05497 4.17934e-08 
9.75 0.05697 2.91427e-07 
9.75 0.05897 1.15368e-06 
9.75 0.06097 4.15078e-06 
9.75 0.06297 1.1004e-05 
9.75 0.06497 2.02384e-05 
9.75 0.06697 4.76006e-05 
9.75 0.06897 6.26425e-05 
9.75 0.07097 0.000120001 
9.75 0.07297 0.000212322 
9.75 0.07497 0.000360423 
9.75 0.07697 0.000544614 
9.75 0.07897 0.000518615 
9.75 0.08097 0.000799032 
9.75 0.08297 0.00114643 
9.75 0.08497 0.00135642 
9.75 0.08697 0.00149962 
9.75 0.08897 0.0017235 
9.75 0.09097 0.00176198 
9.75 0.09297 0.00166936 
9.75 0.09497 0.00146356 
9.75 0.09697 0.00117862 
9.75 0.09897 0.000907915 
9.75 0.10097 0.000727536 
9.75 0.10297 0.00046581 
9.75 0.10497 0.000303102 
9.75 0.10697 0.000175829 
9.75 0.10897 9.49201e-05 
9.75 0.11097 5.22081e-05 
9.75 0.11297 2.7599e-05 
9.76 0.04097 1.54532e-09 
9.76 0.04297 3.59716e-09 
9.76 0.04497 2.00427e-08 
9.76 0.04697 3.94246e-08 
9.76 0.04897 7.09606e-10 
9.76 0.05097 6.90546e-09 
9.76 0.05297 1.7909e-07 
9.76 0.05497 9.80445e-07 
9.76 0.05697 2.5885e-06 
9.76 0.05897 8.10366e-06 
9.76 0.06097 1.91351e-05 
9.76 0.06297 3.20571e-05 
9.76 0.06497 4.35733e-05 
9.76 0.06697 0.000101989 
9.76 0.06897 0.000187534 
9.76 0.07097 0.000272305 
9.76 0.07297 0.000461561 
9.76 0.07497 0.000395309 
9.76 0.07697 0.000805356 
9.76 0.07897 0.00105985 
9.76 0.08097 0.0012938 
9.76 0.08297 0.00150355 
9.76 0.08497 0.00165742 
9.76 0.08697 0.00170793 
9.76 0.08897 0.0016115 
9.76 0.09097 0.00122959 
9.76 0.09297 0.00108604 
9.76 0.09497 0.00117505 
9.76 0.09697 0.000916732 
9.76 0.09897 0.000666483 
9.76 0.10097 0.000477479 
9.76 0.10297 0.000343388 
9.76 0.10497 0.000126072 
9.76 0.10697 6.78051e-05 
9.76 0.10897 3.43522e-05 
9.76 0.11097 9.99977e-06 
9.77 0.03697 6.68589e-10 
9.77 0.03897 2.62242e-09 
9.77 0.04097 1.4581e-08 
9.77 0.04297 2.90504e-08 
9.77 0.04497 2.67107e-08 
9.77 0.04697 8.937e-09 
9.77 0.04897 4.50499e-08 
9.77 0.05097 6.59931e-07 
9.77 0.05297 2.41032e-06 
9.77 0.05497 5.21174e-06 
9.77 0.05697 1.45702e-05 
9.77 0.05897 3.14002e-05 
9.77 0.06097 3.6429e-05 
9.77 0.06297 7.21442e-05 
9.77 0.06497 0.000145569 
9.77 0.06697 0.000240664 
9.77 0.06897 0.000299971 
9.77 0.07097 0.000345538 
9.77 0.07297 0.000710794 
9.77 0.07497 0.000950227 
9.77 0.07697 0.00123949 
9.77 0.07897 0.00132472 
9.77 0.08097 0.00108244 
9.77 0.08297 0.00245885 
9.77 0.08497 0.0015088 
9.77 0.08697 0.00104946 
9.77 0.08897 0.00144061 
9.77 0.09097 0.00118226 
9.77 0.09297 0.00101032 
9.77 0.09497 0.00078026 
9.77 0.09697 0.000543965 
9.77 0.09897 0.00035595 
9.77 0.10097 0.00021629 
9.77 0.10297 0.000149945 
9.77 0.10497 4.68676e-05 
9.77 0.10697 2.29655e-05 
9.78 0.03297 4.5229e-10 
9.78 0.03497 3.52344e-09 
9.78 0.03697 7.68543e-09 
9.78 0.03897 2.05422e-08 
9.78 0.04097 4.9721e-08 
9.78 0.04297 2.68283e-09 
9.78 0.04497 5.18314e-08 
9.78 0.04697 2.43496e-07 
9.78 0.04897 1.74348e-06 
9.78 0.05097 5.22681e-06 
9.78 0.05297 1.28175e-05 
9.78 0.05497 2.10379e-05 
9.78 0.05697 3.14634e-05 
9.78 0.05897 7.2255e-05 
9.78 0.06097 0.000106047 
9.78 0.06297 0.000204848 
9.78 0.06497 0.000262717 
9.78 0.06697 0.000291682 
9.78 0.06897 0.00060672 
9.78 0.07097 0.00081424 
9.78 0.07297 0.00112499 
9.78 0.07497 0.000928375 
9.78 0.07697 0.00137904 
9.78 0.07897 0.0024528 
9.78 0.08097 0.00122129 
9.78 0.08297 0.00147868 
9.78 0.08497 0.00156316 
9.78 0.08697 0.00133692 
9.78 0.08897 0.00108432 
9.78 0.09097 0.00080795 
9.78 0.09297 0.000596767 
9.78 0.09497 0.0004144 
9.78 0.09697 0.000268829 
9.78 0.09897 0.000154993 
9.78 0.10097 9.69706e-05 
9.78 0.10297 4.58821e-05 
9.78 0.10497 8.99141e-06 
9.79 0.02897 4.92448e-10 
9.79 0.03097 1.99481e-09 
9.79 0.03297 5.53798e-09 
9.79 0.03497 1.47114e-08 
9.79 0.03697 6.88945e-08 
9.79 0.03897 5.84271e-09 
9.79 0.04097 2.14586e-08 
9.79 0.04297 2.20298e-07 
9.79 0.04497 1.19153e-06 
9.79 0.04697 3.47852e-06 
9.79 0.04897 9.71062e-06 
9.79 0.05097 2.16535e-05 
9.79 0.05297 1.99942e-05 
9.79 0.05497 5.69105e-05 
9.79 0.05697 0.000108258 
9.79 0.05897 0.000152214 
9.79 0.06097 0.000208657 
9.79 0.06297 0.000335 
9.79 0.06497 0.000478691 
9.79 0.06697 0.000863973 
9.79 0.06897 0.000984986 
9.79 0.07097 0.000733312 
9.79 0.07297 0.00134745 
9.79 0.07497 0.00151557 
9.79 0.07697 0.00177933 
9.79 0.07897 0.00173532 
9.79 0.08097 0.00168065 
9.79 0.08297 0.00147322 
9.79 0.08497 0.00121293 
9.79 0.08697 0.000940118 
9.79 0.08897 0.000670803 
9.79 0.09097 0.000474575 
9.79 0.09297 0.000313487 
9.79 0.09497 0.000180115 
9.79 0.09697 0.000105991 
9.79 0.09897 5.93445e-05 
9.79 0.10097 3.80209e-05 
9.79 0.10297 7.52137e-08 
9.8 0.02697 1.39626e-09 
9.8 0.02897 3.21136e-09 
9.8 0.03097 1.04256e-08 
9.8 0.03297 4.94968e-08 
9.8 0.03497 3.85951e-08 
9.8 0.03697 3.46107e-08 
9.8 0.03897 9.67914e-08 
9.8 0.04097 7.35003e-07 
9.8 0.04297 2.96058e-06 
9.8 0.04497 6.51977e-06 
9.8 0.04697 1.64824e-05 
9.8 0.04897 2.52043e-05 
9.8 0.05097 3.65886e-05 
9.8 0.05297 9.0033e-05 
9.8 0.05497 0.000155829 
9.8 0.05697 0.000141299 
9.8 0.05897 0.000298122 
9.8 0.06097 0.000488768 
9.8 0.06297 0.000711179 
9.8 0.06497 0.000772636 
9.8 0.06697 0.000815495 
9.8 0.06897 0.00130383 
9.8 0.07097 0.00151701 
9.8 0.07297 0.00166837 
9.8 0.07497 0.00183201 
9.8 0.07697 0.001689 
9.8 0.07897 0.00159392 
9.8 0.08097 0.00134924 
9.8 0.08297 0.00107234 
9.8 0.08497 0.000799587 
9.8 0.08697 0.000550428 
9.8 0.08897 0.000374049 
9.8 0.09097 0.000226392 
9.8 0.09297 0.000130144 
9.8 0.09497 7.26032e-05 
9.8 0.09697 3.73546e-05 
9.8 0.09897 1.81269e-05 
9.81 0.02297 6.26792e-10 
9.81 0.02497 2.31352e-09 
9.81 0.02697 6.566e-09 
9.81 0.02897 3.52986e-08 
9.81 0.03097 7.07152e-08 
9.81 0.03297 9.60126e-09 
9.81 0.03497 1.42501e-07 
9.81 0.03697 5.65589e-07 
9.81 0.03897 1.54997e-06 
9.81 0.04097 5.56698e-06 
9.81 0.04297 1.06933e-05 
9.81 0.04497 2.07402e-05 
9.81 0.04697 3.94936e-05 
9.81 0.04897 5.67579e-05 
9.81 0.05097 0.000130673 
9.81 0.05297 0.0001606 
9.81 0.05497 0.000213942 
9.81 0.05697 0.000419628 
9.81 0.05897 0.000581141 
9.81 0.06097 0.000537106 
9.81 0.06297 0.000970218 
9.81 0.06497 0.00125444 
9.81 0.06697 0.0014891 
9.81 0.06897 0.00151607 
9.81 0.07097 0.00180773 
9.81 0.07297 0.00171308 
9.81 0.07497 0.00161519 
9.81 0.07697 0.00145529 
9.81 0.07897 0.00110219 
9.81 0.08097 0.00076426 
9.81 0.08297 0.000658626 
9.81 0.08497 0.000519187 
9.81 0.08697 0.000398292 
9.81 0.08897 0.000191998 
9.81 0.09097 9.21212e-05 
9.81 0.09297 4.82684e-05 
9.81 0.09497 2.36203e-05 
9.81 0.09697 6.58668e-06 
9.82 0.02097 1.80742e-09 
9.82 0.02297 9.07516e-09 
9.82 0.02497 1.9984e-08 
9.82 0.02697 4.89006e-08 
9.82 0.02897 6.28633e-08 
9.82 0.03097 3.44021e-08 
9.82 0.03297 3.46064e-07 
9.82 0.03497 1.69898e-06 
9.82 0.03697 2.6487e-06 
9.82 0.03897 9.87712e-06 
9.82 0.04097 1.29994e-05 
9.82 0.04297 2.66125e-05 
9.82 0.04497 5.51126e-05 
9.82 0.04697 7.72667e-05 
9.82 0.04897 0.000106039 
9.82 0.05097 0.000198423 
9.82 0.05297 0.00028716 
9.82 0.05497 0.000484494 
9.82 0.05697 0.000469173 
9.82 0.05897 0.000844904 
9.82 0.06097 0.00120723 
9.82 0.06297 0.00137121 
9.82 0.06497 0.000972747 
9.82 0.06697 0.00154126 
9.82 0.06897 0.00249155 
9.82 0.07097 0.00165904 
9.82 0.07297 0.0013949 
9.82 0.07497 0.000807273 
9.82 0.07697 0.00103519 
9.82 0.07897 0.000874855 
9.82 0.08097 0.000638474 
9.82 0.08297 0.000430468 
9.82 0.08497 0.000264687 
9.82 0.08697 0.000168507 
9.82 0.08897 0.00010048 
9.82 0.09097 3.25357e-05 
9.82 0.09297 1.5232e-05 
9.83 0.01697 7.66527e-10 
9.83 0.01897 6.55652e-09 
9.83 0.02097 1.41344e-08 
9.83 0.02297 3.61826e-08 
9.83 0.02497 8.95203e-08 
9.83 0.02697 7.3224e-08 
9.83 0.02897 1.25649e-07 
9.83 0.03097 1.02579e-06 
9.83 0.03297 3.12863e-06 
9.83 0.03497 4.54814e-06 
9.83 0.03697 1.64021e-05 
9.83 0.03897 1.44509e-05 
9.83 0.04097 4.39134e-05 
9.83 0.04297 8.09469e-05 
9.83 0.04497 6.286e-05 
9.83 0.04697 0.000177371 
9.83 0.04897 0.000256799 
9.83 0.05097 0.000328722 
9.83 0.05297 0.000558459 
9.83 0.05497 0.000796647 
9.83 0.05697 0.00098862 
9.83 0.05897 0.00103613 
9.83 0.06097 0.00101088 
9.83 0.06297 0.00158089 
9.83 0.06497 0.00242921 
9.83 0.06697 0.00158077 
9.83 0.06897 0.00117903 
9.83 0.07097 0.00111029 
9.83 0.07297 0.00122204 
9.83 0.07497 0.000950872 
9.83 0.07697 0.000688249 
9.83 0.07897 0.000488936 
9.83 0.08097 0.000327796 
9.83 0.08297 0.00019702 
9.83 0.08497 0.000112546 
9.83 0.08697 6.62835e-05 
9.83 0.08897 3.21439e-05 
9.83 0.09097 5.76439e-06 
9.84 0.01497 4.0344e-09 
9.84 0.01697 9.95759e-09 
9.84 0.01897 2.49939e-08 
9.84 0.02097 7.24545e-08 
9.84 0.02297 1.28929e-07 
9.84 0.02497 2.55067e-07 
9.84 0.02697 4.19509e-07 
9.84 0.02897 2.24648e-06 
9.84 0.03097 3.65504e-06 
9.84 0.03297 1.03012e-05 
9.84 0.03497 2.09199e-05 
9.84 0.03697 2.74149e-05 
9.84 0.03897 6.518e-05 
9.84 0.04097 6.45404e-05 
9.84 0.04297 0.000138055 
9.84 0.04497 0.000247215 
9.84 0.04697 0.0001985 
9.84 0.04897 0.000449637 
9.84 0.05097 0.000777897 
9.84 0.05297 0.000925817 
9.84 0.05497 0.000711372 
9.84 0.05697 0.0012165 
9.84 0.05897 0.00143067 
9.84 0.06097 0.00166705 
9.84 0.06297 0.002451 
9.84 0.06497 0.000961174 
9.84 0.06697 0.0013581 
9.84 0.06897 0.00122439 
9.84 0.07097 0.00100487 
9.84 0.07297 0.000811287 
9.84 0.07497 0.00056892 
9.84 0.07697 0.000384761 
9.84 0.07897 0.000233873 
9.84 0.08097 0.000136405 
9.84 0.08297 7.80071e-05 
9.84 0.08497 4.0338e-05 
9.84 0.08697 2.4168e-05 
9.84 0.08897 7.87415e-07 
9.85 0.01097 2.26593e-09 
9.85 0.01297 6.93312e-09 
9.85 0.01497 1.73225e-08 
9.85 0.01697 4.75431e-08 
9.85 0.01897 1.59915e-07 
9.85 0.02097 1.1966e-07 
9.85 0.02297 7.3193e-07 
9.85 0.02497 9.61206e-07 
9.85 0.02697 4.04897e-06 
9.85 0.02897 5.71157e-06 
9.85 0.03097 1.66439e-05 
9.85 0.03297 3.10436e-05 
9.85 0.03497 3.76994e-05 
9.85 0.03697 6.48223e-05 
9.85 0.03897 0.000103996 
9.85 0.04097 0.00020963 
9.85 0.04297 0.000221244 
9.85 0.04497 0.000382173 
9.85 0.04697 0.000593102 
9.85 0.04897 0.000767993 
9.85 0.05097 0.000693851 
9.85 0.05297 0.00118359 
9.85 0.05497 0.00140285 
9.85 0.05697 0.0015408 
9.85 0.05897 0.00242388 
9.85 0.06097 0.000991577 
9.85 0.06297 0.00150739 
9.85 0.06497 0.00135471 
9.85 0.06697 0.00108708 
9.85 0.06897 0.000856669 
9.85 0.07097 0.000622169 
9.85 0.07297 0.000434938 
9.85 0.07497 0.000292332 
9.85 0.07697 0.000174405 
9.85 0.07897 9.78206e-05 
9.85 0.08097 5.20779e-05 
9.85 0.08297 2.58944e-05 
9.85 0.08497 1.2343e-05 
9.86 0.00697002 9.60551e-10 
9.86 0.00896999 4.44371e-09 
9.86 0.01097 1.19133e-08 
9.86 0.01297 3.25728e-08 
9.86 0.01497 1.686e-07 
9.86 0.01697 1.89665e-07 
9.86 0.01897 3.56661e-07 
9.86 0.02097 1.69779e-06 
9.86 0.02297 1.96536e-06 
9.86 0.02497 7.27578e-06 
9.86 0.02697 9.49336e-06 
9.86 0.02897 2.4408e-05 
9.86 0.03097 4.16163e-05 
9.86 0.03297 3.96966e-05 
9.86 0.03497 0.000109587 
9.86 0.03697 0.000167136 
9.86 0.03897 0.000113466 
9.86 0.04097 0.000333654 
9.86 0.04297 0.000455352 
9.86 0.04497 0.000595984 
9.86 0.04697 0.000910128 
9.86 0.04897 0.0011017 
9.86 0.05097 0.00127432 
9.86 0.05297 0.00146893 
9.86 0.05497 0.00106699 
9.86 0.05697 0.00220479 
9.86 0.05897 0.00157817 
9.86 0.06097 0.00145513 
9.86 0.06297 0.00121721 
9.86 0.06497 0.000943075 
9.86 0.06697 0.000717295 
9.86 0.06897 0.000490195 
9.86 0.07097 0.000324453 
9.86 0.07297 0.000204491 
9.86 0.07497 0.000122827 
9.86 0.07697 6.90011e-05 
9.86 0.07897 3.48491e-05 
9.86 0.08097 1.66014e-05 
9.86 0.08297 4.56151e-06 
9.87 0.00497001 3.02026e-09 
9.87 0.00697002 8.33247e-09 
9.87 0.00896999 2.52574e-08 
9.87 0.01097 1.10571e-07 
9.87 0.01297 2.01081e-07 
9.87 0.01497 1.97156e-07 
9.87 0.01697 1.07772e-06 
9.87 0.01897 3.18942e-06 
9.87 0.02097 3.41922e-06 
9.87 0.02297 1.15196e-05 
9.87 0.02497 1.48409e-05 
9.87 0.02697 3.5969e-05 
9.87 0.02897 5.24108e-05 
9.87 0.03097 6.32798e-05 
9.87 0.03297 0.000126703 
9.87 0.03497 9.81069e-05 
9.87 0.03697 0.000265435 
9.87 0.03897 0.000334828 
9.87 0.04097 0.000596345 
9.87 0.04297 0.00080678 
9.87 0.04497 0.00101098 
9.87 0.04697 0.0012159 
9.87 0.04897 0.000944491 
9.87 0.05097 0.00125266 
9.87 0.05297 0.00154641 
9.87 0.05497 0.00236488 
9.87 0.05697 0.00152214 
9.87 0.05897 0.00129821 
9.87 0.06097 0.00106597 
9.87 0.06297 0.00071976 
9.87 0.06497 0.000511278 
9.87 0.06697 0.000412871 
9.87 0.06897 0.000290813 
9.87 0.07097 0.00019503 
9.87 0.07297 0.00011249 
9.87 0.07497 5.22262e-05 
9.87 0.07697 2.04868e-05 
9.87 0.07897 1.00907e-05 
9.88 0.000970006 1.09247e-09 
9.88 0.00297001 5.66119e-09 
9.88 0.00497001 1.73465e-08 
9.88 0.00697002 9.39932e-08 
9.88 0.00896999 1.76999e-07 
9.88 0.01097 3.52508e-07 
9.88 0.01297 4.5074e-07 
9.88 0.01497 2.16729e-06 
9.88 0.01697 2.82621e-06 
9.88 0.01897 8.3936e-06 
9.88 0.02097 1.7889e-05 
9.88 0.02297 2.21809e-05 
9.88 0.02497 3.43451e-05 
9.88 0.02697 4.77708e-05 
9.88 0.02897 0.000100012 
9.88 0.03097 8.60989e-05 
9.88 0.03297 0.000226613 
9.88 0.03497 0.000283861 
9.88 0.03697 0.000386635 
9.88 0.03897 0.000740314 
9.88 0.04097 0.000907999 
9.88 0.04297 0.0010254 
9.88 0.04497 0.000886058 
9.88 0.04697 0.0013747 
9.88 0.04897 0.00146162 
9.88 0.05097 0.00233808 
9.88 0.05297 0.00158861 
9.88 0.05497 0.00139244 
9.88 0.05697 0.00104146 
9.88 0.05897 0.000680882 
9.88 0.06097 0.000714875 
9.88 0.06297 0.000561665 
9.88 0.06497 0.000374678 
9.88 0.06697 0.000232601 
9.88 0.06897 0.000136481 
9.88 0.07097 7.59005e-05 
9.88 0.07297 4.4627e-05 
9.88 0.07497 1.83746e-05 
9.88 0.07697 3.52181e-06 
9.89 -0.00103 3.91212e-09 
9.89 0.000970006 1.12086e-08 
9.89 0.00297001 6.29736e-08 
9.89 0.00497001 2.01129e-07 
9.89 0.00697002 3.03766e-07 
9.89 0.00896999 9.43621e-07 
9.89 0.01097 1.02011e-06 
9.89 0.01297 4.15247e-06 
9.89 0.01497 5.30729e-06 
9.89 0.01697 1.10233e-05 
9.89 0.01897 1.17695e-05 
9.89 0.02097 3.07192e-05 
9.89 0.02297 3.68718e-05 
9.89 0.02497 7.49538e-05 
9.89 0.02697 7.4176e-05 
9.89 0.02897 0.000190876 
9.89 0.03097 0.000219086 
9.89 0.03297 0.000282498 
9.89 0.03497 0.000880011 
9.89 0.03697 0.000796974 
9.89 0.03897 0.000694885 
9.89 0.04097 0.00100364 
9.89 0.04297 0.00131312 
9.89 0.04497 0.00140946 
9.89 0.04697 0.0014658 
9.89 0.04897 0.0022952 
9.89 0.05097 0.00149294 
9.89 0.05297 0.000935731 
9.89 0.05497 0.000886164 
9.89 0.05697 0.0008854 
9.89 0.05897 0.000642922 
9.89 0.06097 0.000450008 
9.89 0.06297 0.000285088 
9.89 0.06497 0.000171241 
9.89 0.06697 9.73192e-05 
9.89 0.06897 5.18209e-05 
9.89 0.07097 2.60127e-05 
9.89 0.07297 1.46525e-05 
9.89 0.07497 4.36194e-07 
9.9 -0.00503001 1.62055e-09 
9.9 -0.00303 7.44764e-09 
9.9 -0.00103 4.20943e-08 
9.9 0.000970006 1.21529e-07 
9.9 0.00297001 4.40439e-07 
9.9 0.00497001 4.3039e-07 
9.9 0.00697002 1.71613e-06 
9.9 0.00896999 1.47257e-06 
9.9 0.01097 2.58809e-06 
9.9 0.01297 8.22634e-06 
9.9 0.01497 9.50661e-06 
9.9 0.01697 2.53057e-05 
9.9 0.01897 2.88658e-05 
9.9 0.02097 5.86995e-05 
9.9 0.02297 6.35401e-05 
9.9 0.02497 0.000151035 
9.9 0.02697 0.000153385 
9.9 0.02897 0.000264672 
9.9 0.03097 0.000690151 
9.9 0.03297 0.000796237 
9.9 0.03497 0.00054346 
9.9 0.03697 0.00103849 
9.9 0.03897 0.00120653 
9.9 0.04097 0.00135847 
9.9 0.04297 0.00141843 
9.9 0.04497 0.00147744 
9.9 0.04697 0.00186173 
9.9 0.04897 0.000784034 
9.9 0.05097 0.00113823 
9.9 0.05297 0.00100147 
9.9 0.05497 0.00074983 
9.9 0.05697 0.000521682 
9.9 0.05897 0.000344706 
9.9 0.06097 0.000213716 
9.9 0.06297 0.000124314 
9.9 0.06497 6.76838e-05 
9.9 0.06697 3.42929e-05 
9.9 0.06897 1.66561e-05 
9.9 0.07097 7.46212e-06 
9.91 -0.00703001 4.50825e-09 
9.91 -0.00503001 1.54008e-08 
9.91 -0.00303 1.54436e-07 
9.91 -0.00103 2.35409e-07 
9.91 0.000970006 3.52411e-07 
9.91 0.00297001 1.14989e-06 
9.91 0.00497001 1.09712e-06 
9.91 0.00697002 1.7354e-06 
9.91 0.00896999 5.75652e-06 
9.91 0.01097 5.76726e-06 
9.91 0.01297 2.03728e-05 
9.91 0.01497 2.29242e-05 
9.91 0.01697 3.29065e-05 
9.91 0.01897 6.41667e-05 
9.91 0.02097 0.000124788 
9.91 0.02297 0.000113191 
9.91 0.02497 0.000230328 
9.91 0.02697 0.000478343 
9.91 0.02897 0.000665354 
9.91 0.03097 0.000739959 
9.91 0.03297 0.000992008 
9.91 0.03497 0.00112596 
9.91 0.03697 0.00124038 
9.91 0.03897 0.000819267 
9.91 0.04097 0.00121613 
9.91 0.04297 0.0025524 
9.91 0.04497 0.000782977 
9.91 0.04697 0.00113827 
9.91 0.04897 0.000973791 
9.91 0.05097 0.000796241 
9.91 0.05297 0.000614764 
9.91 0.05497 0.000411735 
9.91 0.05697 0.000261167 
9.91 0.05897 0.000154342 
9.91 0.06097 8.66343e-05 
9.91 0.06297 4.5724e-05 
9.91 0.06497 2.22238e-05 
9.91 0.06697 1.02512e-05 
9.91 0.06897 2.74317e-06 
9.92 -0.00902998 5.19436e-09 
9.92 -0.00703001 4.1447e-08 
9.92 -0.00503001 1.98244e-07 
9.92 -0.00303 3.26678e-07 
9.92 -0.00103 7.84929e-07 
9.92 0.000970006 7.86493e-07 
9.92 0.00297001 1.17466e-06 
9.92 0.00497001 4.54905e-06 
9.92 0.00697002 4.341e-06 
9.92 0.00896999 8.99064e-06 
9.92 0.01097 2.30849e-05 
9.92 0.01297 2.55226e-05 
9.92 0.01497 5.36234e-05 
9.92 0.01697 8.39745e-05 
9.92 0.01897 0.000107931 
9.92 0.02097 0.000206672 
9.92 0.02297 0.000358383 
9.92 0.02497 0.000577831 
9.92 0.02697 0.000700637 
9.92 0.02897 0.00082436 
9.92 0.03097 0.00106912 
9.92 0.03297 0.000892171 
9.92 0.03497 0.00097072 
9.92 0.03697 0.00122818 
9.92 0.03897 0.00183918 
9.92 0.04097 0.00150436 
9.92 0.04297 0.00125512 
9.92 0.04497 0.00104204 
9.92 0.04697 0.000842488 
9.92 0.04897 0.000620362 
9.92 0.05097 0.000427719 
9.92 0.05297 0.000315316 
9.92 0.05497 0.000193923 
9.92 0.05697 0.000111683 
9.92 0.05897 5.97513e-05 
9.92 0.06097 2.99119e-05 
9.92 0.06297 1.41571e-05 
9.92 0.06497 6.28847e-06 
9.93 -0.01303 9.84628e-10 
9.93 -0.01103 7.28217e-09 
9.93 -0.00902998 6.32678e-08 
9.93 -0.00703001 2.82606e-07 
9.93 -0.00503001 6.78232e-07 
9.93 -0.00303 5.52326e-07 
9.93 -0.00103 8.4857e-07 
9.93 0.000970006 3.18867e-06 
9.93 0.00297001 3.24417e-06 
9.93 0.00497001 5.24144e-06 
9.93 0.00697002 1.62454e-05 
9.93 0.00896999 2.231e-05 
9.93 0.01097 4.01961e-05 
9.93 0.01297 5.72643e-05 
9.93 0.01497 9.51435e-05 
9.93 0.01697 0.000165164 
9.93 0.01897 0.000234351 
9.93 0.02097 0.00049713 
9.93 0.02297 0.000676717 
9.93 0.02497 0.000831909 
9.93 0.02697 0.000852966 
9.93 0.02897 0.000661424 
9.93 0.03097 0.00111957 
9.93 0.03297 0.00114605 
9.93 0.03497 0.000757811 
9.93 0.03697 0.00198955 
9.93 0.03897 0.0019722 
9.93 0.04097 0.00115089 
9.93 0.04297 0.00091806 
9.93 0.04497 0.00070977 
9.93 0.04697 0.000481841 
9.93 0.04897 0.000300851 
9.93 0.05097 0.000225196 
9.93 0.05297 0.000139276 
9.93 0.05497 9.9065e-05 
9.93 0.05697 4.67152e-05 
9.93 0.05897 1.97823e-05 
9.93 0.06097 8.69229e-06 
9.93 0.06297 2.2657e-06 
9.94 -0.01503 2.82913e-09 
9.94 -0.01303 1.02259e-08 
9.94 -0.01103 1.33767e-07 
9.94 -0.00902998 5.35447e-07 
9.94 -0.00703001 3.79219e-07 
9.94 -0.00503001 5.7942e-07 
9.94 -0.00303 2.01644e-06 
9.94 -0.00103 2.34082e-06 
9.94 0.000970006 3.93261e-06 
9.94 0.00297001 1.20319e-05 
9.94 0.00497001 1.35233e-05 
9.94 0.00697002 3.51057e-05 
9.94 0.00896999 4.69316e-05 
9.94 0.01097 7.84977e-05 
9.94 0.01297 0.000102674 
9.94 0.01497 0.000220713 
9.94 0.01697 0.000331506 
9.94 0.01897 0.000683613 
9.94 0.02097 0.000844378 
9.94 0.02297 0.000672682 
9.94 0.02497 0.000841314 
9.94 0.02697 0.000979926 
9.94 0.02897 0.00059809 
9.94 0.03097 0.00124288 
9.94 0.03297 0.00128791 
9.94 0.03497 0.00251232 
9.94 0.03697 0.00133457 
9.94 0.03897 0.00101995 
9.94 0.04097 0.000746473 
9.94 0.04297 0.000469507 
9.94 0.04497 0.000396386 
9.94 0.04697 0.000307623 
9.94 0.04897 0.000196845 
9.94 0.05097 0.000115725 
9.94 0.05297 6.47128e-05 
9.94 0.05497 3.44692e-05 
9.94 0.05697 1.83663e-05 
9.94 0.05897 5.19458e-06 
9.95 -0.01703 5.97328e-09 
9.95 -0.01503 1.42098e-08 
9.95 -0.01303 1.48706e-07 
9.95 -0.01103 5.04596e-07 
9.95 -0.00902998 4.84386e-07 
9.95 -0.00703001 6.39889e-07 
9.95 -0.00503001 2.46553e-06 
9.95 -0.00303 2.67026e-06 
9.95 -0.00103 8.71753e-06 
9.95 0.000970006 1.11195e-05 
9.95 0.00297001 2.84192e-05 
9.95 0.00497001 3.71821e-05 
9.95 0.00697002 6.30399e-05 
9.95 0.00896999 8.61016e-05 
9.95 0.01097 0.000184447 
9.95 0.01297 0.000165602 
9.95 0.01497 0.000663802 
9.95 0.01697 0.000777035 
9.95 0.01897 0.000688822 
9.95 0.02097 0.000857017 
9.95 0.02297 0.000690591 
9.95 0.02497 0.000844797 
9.95 0.02697 0.00117161 
9.95 0.02897 0.000970959 
9.95 0.03097 0.00159448 
9.95 0.03297 0.0024291 
9.95 0.03497 0.00104092 
9.95 0.03697 0.000665447 
9.95 0.03897 0.000583687 
9.95 0.04097 0.000547294 
9.95 0.04297 0.000378085 
9.95 0.04497 0.000240491 
9.95 0.04697 0.000145824 
9.95 0.04897 8.12015e-05 
9.95 0.05097 4.25566e-05 
9.95 0.05297 2.14648e-05 
9.95 0.05497 1.10389e-05 
9.95 0.05697 2.64897e-06 
9.96 -0.02103 6.39179e-10 
9.96 -0.01903 1.03197e-08 
9.96 -0.01703 2.88234e-08 
9.96 -0.01503 2.47527e-07 
9.96 -0.01303 4.06577e-07 
9.96 -0.01103 4.37493e-07 
9.96 -0.00902998 1.84775e-06 
9.96 -0.00703001 1.80253e-06 
9.96 -0.00503001 4.27434e-06 
9.96 -0.00303 9.53998e-06 
9.96 -0.00103 1.69256e-05 
9.96 0.000970006 3.68161e-05 
9.96 0.00297001 3.67885e-05 
9.96 0.00497001 8.38285e-05 
9.96 0.00697002 0.000119785 
9.96 0.00896999 0.000145329 
9.96 0.01097 0.000527283 
9.96 0.01297 0.000612822 
9.96 0.01497 0.000618439 
9.96 0.01697 0.000886255 
9.96 0.01897 0.000454779 
9.96 0.02097 0.0010246 
9.96 0.02297 0.00102037 
9.96 0.02497 0.000762718 
9.96 0.02697 0.00126088 
9.96 0.02897 0.00242739 
9.96 0.03097 0.0013833 
9.96 0.03297 0.000829637 
9.96 0.03497 0.000749624 
9.96 0.03697 0.000605169 
9.96 0.03897 0.000426823 
9.96 0.04097 0.000284239 
9.96 0.04297 0.000178812 
9.96 0.04497 0.00010302 
9.96 0.04697 5.5986e-05 
9.96 0.04897 2.83555e-05 
9.96 0.05097 1.34454e-05 
9.96 0.05297 6.19751e-06 
9.96 0.05497 1.36908e-06 
9.97 -0.02303 3.85375e-09 
9.97 -0.02103 1.19371e-08 
9.97 -0.01903 4.54674e-08 
9.97 -0.01703 3.30554e-07 
9.97 -0.01503 3.67164e-07 
9.97 -0.01303 1.17913e-06 
9.97 -0.01103 1.59961e-06 
9.97 -0.00902998 2.65371e-06 
9.97 -0.00703001 8.10147e-06 
9.97 -0.00503001 1.00007e-05 
9.97 -0.00303 2.84279e-05 
9.97 -0.00103 3.01136e-05 
9.97 0.000970006 6.61517e-05 
9.97 0.00297001 9.5613e-05 
9.97 0.00497001 0.000115683 
9.97 0.00697002 0.000344443 
9.97 0.00896999 0.00045934 
9.97 0.01097 0.000676741 
9.97 0.01297 0.000743331 
9.97 0.01497 0.000551835 
9.97 0.01697 0.000829253 
9.97 0.01897 0.000463858 
9.97 0.02097 0.00117788 
9.97 0.02297 0.00123111 
9.97 0.02497 0.000957563 
9.97 0.02697 0.00220267 
9.97 0.02897 0.00164647 
9.97 0.03097 0.000842548 
9.97 0.03297 0.000643547 
9.97 0.03497 0.000459876 
9.97 0.03697 0.000313841 
9.97 0.03897 0.000205765 
9.97 0.04097 0.000121531 
9.97 0.04297 7.2095e-05 
9.97 0.04497 3.75142e-05 
9.97 0.04697 1.82312e-05 
9.97 0.04897 8.28509e-06 
9.97 0.05097 3.59268e-06 
9.98 -0.02503 4.21047e-09 
9.98 -0.02303 1.94971e-08 
9.98 -0.02103 8.00502e-08 
9.98 -0.01903 3.0734e-07 
9.98 -0.01703 2.99814e-07 
9.98 -0.01503 1.52574e-06 
9.98 -0.01303 1.80683e-06 
9.98 -0.01103 5.59285e-06 
9.98 -0.00902998 7.18288e-06 
9.98 -0.00703001 1.46955e-05 
9.98 -0.00503001 3.16815e-05 
9.98 -0.00303 3.60735e-05 
9.98 -0.00103 8.01896e-05 
9.98 0.000970006 9.62716e-05 
9.98 0.00297001 0.00015264 
9.98 0.00497001 0.000580799 
9.98 0.00697002 0.000505712 
9.98 0.00896999 0.000594123 
9.98 0.01097 0.000744789 
9.98 0.01297 0.000696632 
9.98 0.01497 0.000531969 
9.98 0.01697 0.000966274 
9.98 0.01897 0.00060594 
9.98 0.02097 0.00110126 
9.98 0.02297 0.00189548 
9.98 0.02497 0.00232862 
9.98 0.02697 0.000928349 
9.98 0.02897 0.000722865 
9.98 0.03097 0.000532935 
9.98 0.03297 0.000362051 
9.98 0.03497 0.000233015 
9.98 0.03697 0.000144002 
9.98 0.03897 8.42294e-05 
9.98 0.04097 4.47846e-05 
9.98 0.04297 2.31717e-05 
9.98 0.04497 1.14974e-05 
9.98 0.04697 5.025e-06 
9.98 0.04897 1.14387e-06 
9.99 -0.02703 4.56852e-09 
9.99 -0.02503 3.36001e-08 
9.99 -0.02303 1.43238e-07 
9.99 -0.02103 2.98524e-07 
9.99 -0.01903 1.02945e-06 
9.99 -0.01703 1.34609e-06 
9.99 -0.01503 1.92773e-06 
9.99 -0.01303 6.2987e-06 
9.99 -0.01103 9.2284e-06 
9.99 -0.00902998 2.1629e-05 
9.99 -0.00703001 2.73559e-05 
9.99 -0.00503001 6.2774e-05 
9.99 -0.00303 5.47032e-05 
9.99 -0.00103 0.00015009 
9.99 0.000970006 0.000431855 
9.99 0.00297001 0.000403165 
9.99 0.00497001 0.00054432 
9.99 0.00697002 0.00067584 
9.99 0.00896999 0.00058059 
9.99 0.01097 0.000799205 
9.99 0.01297 0.000812191 
9.99 0.01497 0.000622314 
9.99 0.01697 0.00107645 
9.99 0.01897 0.00109127 
9.99 0.02097 0.00177192 
9.99 0.02297 0.00218069 
9.99 0.02497 0.000761421 
9.99 0.02697 0.000541724 
9.99 0.02897 0.000403675 
9.99 0.03097 0.000316976 
9.99 0.03297 0.000222396 
9.99 0.03497 0.00013233 
9.99 0.03697 6.97809e-05 
9.99 0.03897 3.08337e-05 
9.99 0.04097 1.41805e-05 
9.99 0.04297 6.21112e-06 
9.99 0.04497 2.80298e-06 
10 -0.03103 1.51888e-10 
10 -0.02903 8.93801e-09 
10 -0.02703 4.0618e-08 
10 -0.02503 2.51649e-07 
10 -0.02303 2.5999e-07 
10 -0.02103 9.38694e-07 
10 -0.01903 1.40119e-06 
10 -0.01703 4.33597e-06 
10 -0.01503 5.66108e-06 
10 -0.01303 1.21405e-05 
10 -0.01103 2.37346e-05 
10 -0.00902998 4.41598e-05 
10 -0.00703001 4.72238e-05 
10 -0.00503001 0.000111972 
10 -0.00303 0.000238623 
10 -0.00103 0.000386117 
10 0.000970006 0.000528021 
10 0.00297001 0.000614875 
10 0.00497001 0.000544958 
10 0.00697002 0.000885585 
10 0.00896999 0.000444659 
10 0.01097 0.000935623 
10 0.01297 0.00104484 
10 0.01497 0.000575138 
10 0.01697 0.00160639 
10 0.01897 0.00201024 
10 0.02097 0.001201 
10 0.02297 0.00074127 
10 0.02497 0.0005794 
10 0.02697 0.000406694 
10 0.02897 0.000267534 
10 0.03097 0.000164412 
10 0.03297 9.4295e-05 
10 0.03497 5.43812e-05 
10 0.03697 2.77738e-05 
10 0.03897 1.15663e-05 
10 0.04097 3.73331e-06 
10 0.04297 9.23401e-07 
10.01 -0.03303 9.67659e-10 
10.01 -0.03103 9.09163e-09 
10.01 -0.02903 4.58572e-08 
10.01 -0.02703 2.73048e-07 
10.01 -0.02503 5.6402e-07 
10.01 -0.02303 6.12628e-07 
10.01 -0.02103 1.39562e-06 
10.01 -0.01903 4.54245e-06 
10.01 -0.01703 6.0437e-06 
10.01 -0.01503 1.51002e-05 
10.01 -0.01303 2.67751e-05 
10.01 -0.01103 4.76437e-05 
10.01 -0.00902998 5.49198e-05 
10.01 -0.00703001 0.000116603 
10.01 -0.00503001 0.000309271 
10.01 -0.00303 0.000391903 
10.01 -0.00103 0.000585691 
10.01 0.000970006 0.000532813 
10.01 0.00297001 0.00104884 
10.01 0.00497001 0.000415565 
10.01 0.00697002 0.00090794 
10.01 0.00896999 0.000555921 
10.01 0.01097 0.00100888 
10.01 0.01297 0.00112645 
10.01 0.01497 0.00150346 
10.01 0.01697 0.0015493 
10.01 0.01897 0.00120839 
10.01 0.02097 0.000656378 
10.01 0.02297 0.000468813 
10.01 0.02497 0.000318796 
10.01 0.02697 0.000198668 
10.01 0.02897 0.000119337 
10.01 0.03097 6.6232e-05 
10.01 0.03297 3.46392e-05 
10.01 0.03497 1.6898e-05 
10.01 0.03697 8.88949e-06 
10.01 0.03897 2.75139e-06 
10.01 0.04097 8.57363e-09 
10.02 -0.03503 1.06603e-09 
10.02 -0.03303 1.12357e-08 
10.02 -0.03103 7.34808e-08 
10.02 -0.02903 4.68134e-07 
10.02 -0.02703 4.02873e-07 
10.02 -0.02503 7.18183e-07 
10.02 -0.02303 2.42122e-06 
10.02 -0.02103 3.55924e-06 
10.02 -0.01903 9.09435e-06 
10.02 -0.01703 1.84711e-05 
10.02 -0.01503 3.95657e-05 
10.02 -0.01303 3.63134e-05 
10.02 -0.01103 9.87135e-05 
10.02 -0.00902998 8.98384e-05 
10.02 -0.00703001 0.000353623 
10.02 -0.00503001 0.000528115 
10.02 -0.00303 0.000561491 
10.02 -0.00103 0.00062319 
10.02 0.000970006 0.000805323 
10.02 0.00297001 0.000838991 
10.02 0.00497001 0.000504991 
10.02 0.00697002 0.00103537 
10.02 0.00896999 0.000932915 
10.02 0.01097 0.000786815 
10.02 0.01297 0.00201473 
10.02 0.01497 0.00181957 
10.02 0.01697 0.00060699 
10.02 0.01897 0.000436891 
10.02 0.02097 0.000332675 
10.02 0.02297 0.000240209 
10.02 0.02497 0.000146909 
10.02 0.02697 8.37028e-05 
10.02 0.02897 4.50651e-05 
10.02 0.03097 2.21885e-05 
10.02 0.03297 1.0382e-05 
10.02 0.03497 4.60101e-06 
10.02 0.03697 1.82495e-06 
10.03 -0.03703 1.14725e-09 
10.03 -0.03503 1.17424e-08 
10.03 -0.03303 1.12591e-07 
10.03 -0.03103 5.1543e-07 
10.03 -0.02903 4.26086e-07 
10.03 -0.02703 1.60859e-06 
10.03 -0.02503 1.89022e-06 
10.03 -0.02303 4.79372e-06 
10.03 -0.02103 1.28965e-05 
10.03 -0.01903 2.17198e-05 
10.03 -0.01703 3.72929e-05 
10.03 -0.01503 7.43814e-05 
10.03 -0.01303 6.69877e-05 
10.03 -0.01103 0.000180665 
10.03 -0.00902998 0.000460476 
10.03 -0.00703001 0.00050425 
10.03 -0.00503001 0.000474658 
10.03 -0.00303 0.000882717 
10.03 -0.00103 0.000592896 
10.03 0.000970006 0.000787979 
10.03 0.00297001 0.000995622 
10.03 0.00497001 0.000598426 
10.03 0.00697002 0.00110507 
10.03 0.00896999 0.00158087 
10.03 0.01097 0.00163543 
10.03 0.01297 0.00142271 
10.03 0.01497 0.000446483 
10.03 0.01697 0.000314119 
10.03 0.01897 0.000249191 
10.03 0.02097 0.000178145 
10.03 0.02297 0.000113356 
10.03 0.02497 8.10943e-05 
10.03 0.02697 3.89667e-05 
10.03 0.02897 1.47443e-05 
10.03 0.03097 6.31647e-06 
10.03 0.03297 2.66178e-06 
10.03 0.03497 6.5169e-07 
10.04 -0.03903 1.5738e-09 
10.04 -0.03703 2.57068e-08 
10.04 -0.03503 1.14791e-07 
10.04 -0.03303 5.1027e-07 
10.04 -0.03103 5.31377e-07 
10.04 -0.02903 1.66535e-06 
10.04 -0.02703 2.54821e-06 
10.04 -0.02503 7.98079e-06 
10.04 -0.02303 1.43883e-05 
10.04 -0.02103 3.14779e-05 
10.04 -0.01903 4.4055e-05 
10.04 -0.01703 5.835e-05 
10.04 -0.01503 0.000141798 
10.04 -0.01303 0.000116039 
10.04 -0.01103 0.000601508 
10.04 -0.00902998 0.000431069 
10.04 -0.00703001 0.000755547 
10.04 -0.00503001 0.000591139 
10.04 -0.00303 0.000889576 
10.04 -0.00103 0.000590673 
10.04 0.000970006 0.000887674 
10.04 0.00297001 0.00110195 
10.04 0.00497001 0.000689294 
10.04 0.00697002 0.00189231 
10.04 0.00896999 0.0016301 
10.04 0.01097 0.000996031 
10.04 0.01297 0.000460754 
10.04 0.01497 0.000333561 
10.04 0.01697 0.000221552 
10.04 0.01897 0.00013676 
10.04 0.02097 7.91967e-05 
10.04 0.02297 4.34526e-05 
10.04 0.02497 2.24971e-05 
10.04 0.02697 1.35124e-05 
10.04 0.02897 4.39021e-06 
10.04 0.03097 1.50898e-06 
10.05 -0.04103 3.85208e-09 
10.05 -0.03903 2.67867e-08 
10.05 -0.03703 1.69645e-07 
10.05 -0.03503 4.03006e-07 
10.05 -0.03303 1.21452e-06 
10.05 -0.03103 1.15124e-06 
10.05 -0.02903 4.35098e-06 
10.05 -0.02703 8.72462e-06 
10.05 -0.02503 1.8578e-05 
10.05 -0.02303 4.12739e-05 
10.05 -0.02103 4.37952e-05 
10.05 -0.01903 8.41125e-05 
10.05 -0.01703 0.000107735 
10.05 -0.01503 0.000362478 
10.05 -0.01303 0.000351632 
10.05 -0.01103 0.000536504 
10.05 -0.00902998 0.000637946 
10.05 -0.00703001 0.000831652 
10.05 -0.00503001 0.000522105 
10.05 -0.00303 0.000972497 
10.05 -0.00103 0.000826225 
10.05 0.000970006 0.000858064 
10.05 0.00297001 0.00140523 
10.05 0.00497001 0.00166765 
10.05 0.00697002 0.00149886 
10.05 0.00896999 0.000739517 
10.05 0.01097 0.000381192 
10.05 0.01297 0.000259534 
10.05 0.01497 0.000166075 
10.05 0.01697 9.90108e-05 
10.05 0.01897 5.53895e-05 
10.05 0.02097 2.89648e-05 
10.05 0.02297 1.42004e-05 
10.05 0.02497 6.59387e-06 
10.05 0.02697 3.34404e-06 
10.05 0.02897 6.39201e-07 
10.06 -0.04303 4.9216e-09 
10.06 -0.04103 3.74231e-08 
10.06 -0.03903 2.17818e-07 
10.06 -0.03703 4.01193e-07 
10.06 -0.03503 1.30476e-06 
10.06 -0.03303 1.6445e-06 
10.06 -0.03103 6.2493e-06 
10.06 -0.02903 1.08251e-05 
10.06 -0.02703 2.37738e-05 
10.06 -0.02503 3.44339e-05 
10.06 -0.02303 7.30018e-05 
10.06 -0.02103 7.533e-05 
10.06 -0.01903 0.000134412 
10.06 -0.01703 0.000293162 
10.06 -0.01503 0.000455452 
10.06 -0.01303 0.00057517 
10.06 -0.01103 0.000723907 
10.06 -0.00902998 0.000650234 
10.06 -0.00703001 0.000837288 
10.06 -0.00503001 0.000457116 
10.06 -0.00303 0.000953673 
10.06 -0.00103 0.00102394 
10.06 0.000970006 0.00105018 
10.06 0.00297001 0.0018169 
10.06 0.00497001 0.00158491 
10.06 0.00697002 0.000429463 
10.06 0.00896999 0.000299137 
10.06 0.01097 0.000193019 
10.06 0.01297 0.000121908 
10.06 0.01497 7.18267e-05 
10.06 0.01697 3.80592e-05 
10.06 0.01897 1.88121e-05 
10.06 0.02097 8.79429e-06 
10.06 0.02297 3.90893e-06 
10.06 0.02497 1.63811e-06 
10.06 0.02697 3.55073e-07 
10.07 -0.04503 5.46445e-09 
10.07 -0.04303 5.18802e-08 
10.07 -0.04103 3.5251e-07 
10.07 -0.03903 8.07877e-07 
10.07 -0.03703 8.45732e-07 
10.07 -0.03503 3.77863e-06 
10.07 -0.03303 6.10964e-06 
10.07 -0.03103 1.72046e-05 
10.07 -0.02903 2.98711e-05 
10.07 -0.02703 5.20564e-05 
10.07 -0.02503 4.25362e-05 
10.07 -0.02303 0.000119825 
10.07 -0.02103 0.000132963 
10.07 -0.01903 0.000372512 
10.07 -0.01703 0.0004252 
10.07 -0.01503 0.000695571 
10.07 -0.01303 0.00066138 
10.07 -0.01103 0.000817833 
10.07 -0.00902998 0.000591254 
10.07 -0.00703001 0.00094105 
10.07 -0.00503001 0.000528789 
10.07 -0.00303 0.000944168 
10.07 -0.00103 0.00167465 
10.07 0.000970006 0.00155767 
10.07 0.00297001 0.000940816 
10.07 0.00497001 0.00029981 
10.07 0.00697002 0.000231166 
10.07 0.00896999 0.000169499 
10.07 0.01097 0.000110957 
10.07 0.01297 6.60328e-05 
10.07 0.01497 3.50466e-05 
10.07 0.01697 1.65358e-05 
10.07 0.01897 5.78989e-06 
10.07 0.02097 2.30639e-06 
10.07 0.02297 8.85127e-07 
10.08 -0.04703 1.37244e-08 
10.08 -0.04503 7.81749e-08 
10.08 -0.04303 4.19648e-07 
10.08 -0.04103 7.92248e-07 
10.08 -0.03903 8.71527e-07 
10.08 -0.03703 4.80706e-06 
10.08 -0.03503 8.32588e-06 
10.08 -0.03303 1.77761e-05 
10.08 -0.03103 4.18574e-05 
10.08 -0.02903 3.85308e-05 
10.08 -0.02703 8.99112e-05 
10.08 -0.02503 8.44128e-05 
10.08 -0.02303 0.000146912 
10.08 -0.02103 0.000367921 
10.08 -0.01903 0.000418735 
10.08 -0.01703 0.000561072 
10.08 -0.01503 0.000581335 
10.08 -0.01303 0.000683076 
10.08 -0.01103 0.000722578 
10.08 -0.00902998 0.000576316 
10.08 -0.00703001 0.000976346 
10.08 -0.00503001 0.00109898 
10.08 -0.00303 0.0012963 
10.08 -0.00103 0.00119046 
10.08 0.000970006 0.000760746 
10.08 0.00297001 0.000325822 
10.08 0.00497001 0.000219728 
10.08 0.00697002 0.000137145 
10.08 0.00896999 8.01795e-05 
10.08 0.01097 4.36957e-05 
10.08 0.01297 2.26166e-05 
10.08 0.01497 1.12596e-05 
10.08 0.01697 5.43334e-06 
10.08 0.01897 1.637e-06 
10.08 0.02097 3.03861e-07 
10.09 -0.04903 1.54838e-08 
10.09 -0.04703 1.20819e-07 
10.09 -0.04503 6.24385e-07 
10.09 -0.04303 6.63341e-07 
10.09 -0.04103 2.73198e-06 
10.09 -0.03903 4.42485e-06 
10.09 -0.03703 1.3819e-05 
10.09 -0.03503 1.99271e-05 
10.09 -0.03303 4.23178e-05 
10.09 -0.03103 5.4172e-05 
10.09 -0.02903 8.31634e-05 
10.09 -0.02703 0.000108823 
10.09 -0.02503 0.000231374 
10.09 -0.02303 0.00034224 
10.09 -0.02103 0.000614223 
10.09 -0.01903 0.000420493 
10.09 -0.01703 0.000752763 
10.09 -0.01503 0.000417636 
10.09 -0.01303 0.00073933 
10.09 -0.01103 0.000827164 
10.09 -0.00902998 0.000555909 
10.09 -0.00703001 0.00140496 
10.09 -0.00503001 0.00132691 
10.09 -0.00303 0.0012106 
10.09 -0.00103 0.000368774 
10.09 0.000970006 0.000255561 
10.09 0.00297001 0.000163536 
10.09 0.00497001 9.89267e-05 
10.09 0.00697002 5.55707e-05 
10.09 0.00896999 2.94869e-05 
10.09 0.01097 1.43696e-05 
10.09 0.01297 6.66074e-06 
10.09 0.01497 2.88264e-06 
10.09 0.01697 1.3377e-06 
10.09 0.01897 5.99437e-08 
10.1 -0.05303 6.34506e-10 
10.1 -0.05103 2.74098e-08 
10.1 -0.04903 1.33239e-07 
10.1 -0.04703 6.79243e-07 
10.1 -0.04503 6.44064e-07 
10.1 -0.04303 3.27851e-06 
10.1 -0.04103 5.65509e-06 
10.1 -0.03903 1.30228e-05 
10.1 -0.03703 3.32746e-05 
10.1 -0.03503 4.57539e-05 
10.1 -0.03303 6.598e-05 
10.1 -0.03103 6.17407e-05 
10.1 -0.02903 0.000179419 
10.1 -0.02703 0.000173337 
10.1 -0.02503 0.000573411 
10.1 -0.02303 0.000487768 
10.1 -0.02103 0.000775203 
10.1 -0.01903 0.000477596 
10.1 -0.01703 0.000702138 
10.1 -0.01503 0.000434859 
10.1 -0.01303 0.000789926 
10.1 -0.01103 0.000841243 
10.1 -0.00902998 0.00110869 
10.1 -0.00703001 0.0012771 
10.1 -0.00503001 0.00110539 
10.1 -0.00303 0.000275907 
10.1 -0.00103 0.000177795 
10.1 0.000970006 0.0001177 
10.1 0.00297001 7.07203e-05 
10.1 0.00497001 4.00755e-05 
10.1 0.00697002 1.96144e-05 
10.1 0.00896999 9.1776e-06 
10.1 0.01097 3.99365e-06 
10.1 0.01297 1.675e-06 
10.1 0.01497 6.29293e-07 
10.11 -0.05503 7.04827e-10 
10.11 -0.05303 3.4151e-08 
10.11 -0.05103 2.42653e-07 
10.11 -0.04903 6.48715e-07 
10.11 -0.04703 1.39569e-06 
10.11 -0.04503 2.55571e-06 
10.11 -0.04303 9.8608e-06 
10.11 -0.04103 1.47551e-05 
10.11 -0.03903 4.6709e-05 
10.11 -0.03703 3.89295e-05 
10.11 -0.03503 5.68451e-05 
10.11 -0.03303 0.000143741 
10.11 -0.03103 0.000136501 
10.11 -0.02903 0.000298099 
10.11 -0.02703 0.000522307 
10.11 -0.02503 0.000598239 
10.11 -0.02303 0.000687417 
10.11 -0.02103 0.000707212 
10.11 -0.01903 0.000430133 
10.11 -0.01703 0.000797276 
10.11 -0.01503 0.000490334 
10.11 -0.01303 0.00109305 
10.11 -0.01103 0.00131717 
10.11 -0.00902998 0.00110857 
10.11 -0.00703001 0.000625123 
10.11 -0.00503001 0.000187434 
10.11 -0.00303 0.000148416 
10.11 -0.00103 9.56485e-05 
10.11 0.000970006 5.66153e-05 
10.11 0.00297001 3.46659e-05 
10.11 0.00497001 1.76935e-05 
10.11 0.00697002 7.99222e-06 
10.11 0.00896999 2.67097e-06 
10.11 0.01097 9.17635e-07 
10.11 0.01297 2.07115e-07 
10.12 -0.05703 5.81857e-09 
10.12 -0.05503 5.41864e-08 
10.12 -0.05303 2.69486e-07 
10.12 -0.05103 6.57633e-07 
10.12 -0.04903 1.86819e-06 
10.12 -0.04703 3.8407e-06 
10.12 -0.04503 9.48429e-06 
10.12 -0.04303 2.32378e-05 
10.12 -0.04103 4.29416e-05 
10.12 -0.03903 4.42724e-05 
10.12 -0.03703 9.11309e-05 
10.12 -0.03503 0.000101285 
10.12 -0.03303 0.000231074 
10.12 -0.03103 0.000200795 
10.12 -0.02903 0.00060925 
10.12 -0.02703 0.000679921 
10.12 -0.02503 0.000765141 
10.12 -0.02303 0.000548103 
10.12 -0.02103 0.000750928 
10.12 -0.01903 0.000438223 
10.12 -0.01703 0.000831797 
10.12 -0.01503 0.00106048 
10.12 -0.01303 0.0009493 
10.12 -0.01103 0.00107998 
10.12 -0.00902998 0.000594984 
10.12 -0.00703001 0.000187404 
10.12 -0.00503001 0.000118564 
10.12 -0.00303 6.98762e-05 
10.12 -0.00103 3.7644e-05 
10.12 0.000970006 1.91313e-05 
10.12 0.00297001 9.93274e-06 
10.12 0.00497001 5.10646e-06 
10.12 0.00697002 2.22759e-06 
10.12 0.00896999 6.31629e-07 
10.12 0.01097 4.43397e-10 
10.13 -0.05903 6.35201e-09 
10.13 -0.05703 8.76721e-08 
10.13 -0.05503 4.73664e-07 
10.13 -0.05303 1.03773e-06 
10.13 -0.05103 1.51672e-06 
10.13 -0.04903 7.71096e-06 
10.13 -0.04703 1.06498e-05 
10.13 -0.04503 3.47838e-05 
10.13 -0.04303 2.79598e-05 
10.13 -0.04103 8.02902e-05 
10.13 -0.03903 7.92908e-05 
10.13 -0.03703 0.000176795 
10.13 -0.03503 0.000154485 
10.13 -0.03303 0.000397125 
10.13 -0.03103 0.000510694 
10.13 -0.02903 0.000666091 
10.13 -0.02703 0.000761606 
10.13 -0.02503 0.000526399 
10.13 -0.02303 0.000741549 
10.13 -0.02103 0.000798642 
10.13 -0.01903 0.000444745 
10.13 -0.01703 0.00130798 
10.13 -0.01503 0.00113555 
10.13 -0.01303 0.000957186 
10.13 -0.01103 0.000217745 
10.13 -0.00902998 0.000139901 
10.13 -0.00703001 8.41515e-05 
10.13 -0.00503001 4.64947e-05 
10.13 -0.00303 2.45649e-05 
10.13 -0.00103 1.19586e-05 
10.13 0.000970006 5.46013e-06 
10.13 0.00297001 2.36115e-06 
10.13 0.00497001 1.01983e-06 
10.13 0.00697002 3.80976e-07 
10.14 -0.06103 1.70759e-08 
10.14 -0.05903 8.5791e-08 
10.14 -0.05703 4.99503e-07 
10.14 -0.05503 1.1097e-06 
10.14 -0.05303 2.65981e-06 
10.14 -0.05103 7.45244e-06 
10.14 -0.04903 1.82997e-05 
10.14 -0.04703 3.28487e-05 
10.14 -0.04503 6.11572e-05 
10.14 -0.04303 4.86583e-05 
10.14 -0.04103 0.000139537 
10.14 -0.03903 0.000127621 
10.14 -0.03703 0.000167914 
10.14 -0.03503 0.000478354 
10.14 -0.03303 0.00060939 
10.14 -0.03103 0.000791064 
10.14 -0.02903 0.00049032 
10.14 -0.02703 0.000788503 
10.14 -0.02503 0.000455054 
10.14 -0.02303 0.000757459 
10.14 -0.02103 0.00100028 
10.14 -0.01903 0.000964538 
10.14 -0.01703 0.000834876 
10.14 -0.01503 0.000856777 
10.14 -0.01303 0.000187151 
10.14 -0.01103 0.000124474 
10.14 -0.00902998 8.00464e-05 
10.14 -0.00703001 4.3512e-05 
10.14 -0.00503001 1.84069e-05 
10.14 -0.00303 7.92784e-06 
10.14 -0.00103 3.24142e-06 
10.14 0.000970006 1.30593e-06 
10.14 0.00297001 4.81224e-07 
10.14 0.00497001 9.74234e-08 
