#logage logm JPDF
8.74 0.47497 1.73832e-10 
8.75 0.47097 4.31707e-10 
8.76 0.46897 8.65607e-10 
8.77 0.46497 1.69724e-09 
8.78 0.46097 1.25518e-09 
8.78 0.46297 1.77524e-09 
8.79 0.45697 1.53658e-10 
8.79 0.45897 6.17753e-09 
8.8 0.45497 1.08909e-08 
8.81 0.45097 1.24145e-08 
8.81 0.45297 4.58763e-09 
8.82 0.44697 2.74407e-09 
8.82 0.44897 2.44728e-08 
8.83 0.44297 1.10898e-10 
8.83 0.44497 4.04585e-08 
8.84 0.44097 3.99975e-08 
8.84 0.44297 2.14734e-08 
8.85 0.43697 1.37746e-08 
8.85 0.43897 7.62093e-08 
8.86 0.43297 3.40024e-09 
8.86 0.43497 1.30945e-07 
8.87 0.43097 1.47973e-07 
8.87 0.43297 4.50783e-08 
8.88 0.42697 1.11635e-07 
8.88 0.42897 1.5145e-07 
8.89 0.42297 5.40728e-08 
8.89 0.42497 2.97201e-07 
8.9 0.41897 1.48971e-08 
8.9 0.42097 3.93761e-07 
8.9 0.42297 3.89509e-08 
8.91 0.41497 1.71023e-09 
8.91 0.41697 3.14949e-07 
8.91 0.41897 2.68922e-07 
8.92 0.41297 2.05265e-07 
8.92 0.41497 5.27415e-07 
8.93 0.40897 5.53381e-08 
8.93 0.41097 6.48499e-07 
8.93 0.41297 1.93345e-07 
8.94 0.40497 3.63468e-09 
8.94 0.40697 5.09941e-07 
8.94 0.40897 5.93612e-07 
8.95 0.40097 2.47484e-09 
8.95 0.40297 3.7352e-07 
8.95 0.40497 9.7169e-07 
8.95 0.40697 2.0391e-07 
8.96 0.39697 1.77248e-09 
8.96 0.39897 3.26402e-07 
8.96 0.40097 8.19807e-07 
8.96 0.40297 3.78963e-07 
8.97 0.39297 3.83546e-10 
8.97 0.39497 2.10902e-07 
8.97 0.39697 1.20516e-06 
8.97 0.39897 7.09109e-07 
8.98 0.39097 1.44676e-07 
8.98 0.39297 1.13213e-06 
8.98 0.39497 1.05105e-06 
8.99 0.38697 8.53424e-08 
8.99 0.38897 1.21426e-06 
8.99 0.39097 1.44912e-06 
8.99 0.39297 1.86512e-07 
9 0.38297 8.07628e-08 
9 0.38497 1.51572e-06 
9 0.38697 1.96373e-06 
9 0.38897 1.03896e-06 
9.01 0.37697 2.3758e-10 
9.01 0.37897 2.47969e-08 
9.01 0.38097 1.65765e-06 
9.01 0.38297 2.42302e-06 
9.01 0.38497 1.73948e-06 
9.02 0.37297 2.83894e-10 
9.02 0.37497 3.31282e-08 
9.02 0.37697 1.46067e-06 
9.02 0.37897 3.54198e-06 
9.02 0.38097 2.0335e-06 
9.03 0.31097 2.54937e-09 
9.03 0.31297 5.00332e-08 
9.03 0.31497 2.73345e-07 
9.03 0.36897 1.03607e-09 
9.03 0.37097 1.13519e-08 
9.03 0.37297 1.32197e-06 
9.03 0.37497 4.05169e-06 
9.03 0.37697 3.06582e-06 
9.03 0.37897 1.97904e-09 
9.04 0.30697 1.38706e-09 
9.04 0.30897 2.51752e-08 
9.04 0.31097 2.14734e-07 
9.04 0.31297 2.60786e-06 
9.04 0.31497 5.8057e-06 
9.04 0.31697 7.76348e-06 
9.04 0.31897 9.45694e-07 
9.04 0.36497 1.07333e-09 
9.04 0.36697 3.28862e-08 
9.04 0.36897 1.58871e-06 
9.04 0.37097 4.40286e-06 
9.04 0.37297 3.89186e-06 
9.04 0.37497 8.42394e-07 
9.05 0.30297 9.97785e-10 
9.05 0.30497 2.06166e-08 
9.05 0.30697 4.40797e-07 
9.05 0.30897 1.75618e-06 
9.05 0.31097 4.49989e-06 
9.05 0.31297 9.00441e-06 
9.05 0.31497 2.52718e-05 
9.05 0.31697 2.63015e-05 
9.05 0.31897 1.23817e-05 
9.05 0.32097 1.41728e-09 
9.05 0.35897 3.09419e-10 
9.05 0.36097 3.27726e-09 
9.05 0.36297 7.3923e-08 
9.05 0.36497 1.24876e-06 
9.05 0.36697 4.57157e-06 
9.05 0.36897 5.35893e-06 
9.05 0.37097 1.90222e-06 
9.06 0.29697 1.21856e-10 
9.06 0.29897 3.84483e-09 
9.06 0.30097 4.752e-08 
9.06 0.30297 3.32789e-07 
9.06 0.30497 1.49116e-06 
9.06 0.30697 4.28345e-06 
9.06 0.30897 8.81884e-06 
9.06 0.31097 2.40866e-05 
9.06 0.31297 2.5069e-05 
9.06 0.31497 5.46174e-05 
9.06 0.31697 4.89338e-05 
9.06 0.31897 4.98446e-05 
9.06 0.32097 2.07438e-08 
9.06 0.35497 2.53651e-10 
9.06 0.35697 1.20484e-08 
9.06 0.35897 7.23558e-08 
9.06 0.36097 1.45067e-06 
9.06 0.36297 5.18214e-06 
9.06 0.36497 6.62308e-06 
9.06 0.36697 3.0364e-06 
9.07 0.29497 2.76451e-09 
9.07 0.29697 3.73157e-08 
9.07 0.29897 2.68397e-07 
9.07 0.30097 1.34274e-06 
9.07 0.30297 3.93296e-06 
9.07 0.30497 1.4623e-05 
9.07 0.30697 1.81319e-05 
9.07 0.30897 2.64138e-05 
9.07 0.31097 4.85068e-05 
9.07 0.31297 5.63806e-05 
9.07 0.31497 8.96951e-05 
9.07 0.31697 0.000141475 
9.07 0.31897 6.21749e-05 
9.07 0.32097 4.6103e-10 
9.07 0.35097 1.02504e-09 
9.07 0.35297 1.09361e-08 
9.07 0.35497 1.72826e-07 
9.07 0.35697 1.51621e-06 
9.07 0.35897 5.91576e-06 
9.07 0.36097 7.00693e-06 
9.07 0.36297 5.07361e-06 
9.07 0.36497 3.6544e-07 
9.08 0.29097 1.97212e-09 
9.08 0.29297 2.92126e-08 
9.08 0.29497 2.30499e-07 
9.08 0.29697 2.42331e-06 
9.08 0.29897 5.45895e-06 
9.08 0.30097 1.06981e-05 
9.08 0.30297 1.7558e-05 
9.08 0.30497 2.68047e-05 
9.08 0.30697 6.15589e-05 
9.08 0.30897 5.61607e-05 
9.08 0.31097 6.53079e-05 
9.08 0.31297 0.000145427 
9.08 0.31497 0.000195492 
9.08 0.31697 0.00011683 
9.08 0.31897 1.84097e-05 
9.08 0.34697 4.6758e-09 
9.08 0.34897 3.53821e-08 
9.08 0.35097 4.06919e-07 
9.08 0.35297 1.39326e-06 
9.08 0.35497 7.4042e-06 
9.08 0.35697 9.38492e-06 
9.08 0.35897 6.30725e-06 
9.08 0.36097 1.5295e-06 
9.09 0.28497 3.12594e-10 
9.09 0.28697 6.05832e-09 
9.09 0.28897 6.64513e-08 
9.09 0.29097 4.74585e-07 
9.09 0.29297 1.87926e-06 
9.09 0.29497 4.87504e-06 
9.09 0.29697 1.0009e-05 
9.09 0.29897 1.71734e-05 
9.09 0.30097 4.45128e-05 
9.09 0.30297 4.48984e-05 
9.09 0.30497 5.80133e-05 
9.09 0.30697 0.000105184 
9.09 0.30897 9.65118e-05 
9.09 0.31097 0.000214854 
9.09 0.31297 0.00016997 
9.09 0.31497 0.000117582 
9.09 0.31697 3.71793e-05 
9.09 0.31897 1.59621e-06 
9.09 0.34097 2.72147e-10 
9.09 0.34297 3.82923e-09 
9.09 0.34497 9.64811e-08 
9.09 0.34697 3.58177e-07 
9.09 0.34897 2.14258e-06 
9.09 0.35097 7.6987e-06 
9.09 0.35297 1.17518e-05 
9.09 0.35497 8.83805e-06 
9.09 0.35697 2.82834e-06 
9.1 0.28097 2.70341e-10 
9.1 0.28297 4.67066e-09 
9.1 0.28497 4.85717e-08 
9.1 0.28697 3.7376e-07 
9.1 0.28897 1.6035e-06 
9.1 0.29097 4.37705e-06 
9.1 0.29297 9.3409e-06 
9.1 0.29497 2.73778e-05 
9.1 0.29697 3.2275e-05 
9.1 0.29897 4.51179e-05 
9.1 0.30097 6.42428e-05 
9.1 0.30297 0.000119927 
9.1 0.30497 9.67462e-05 
9.1 0.30697 0.000219511 
9.1 0.30897 0.000211731 
9.1 0.31097 0.000162203 
9.1 0.31297 8.275e-05 
9.1 0.31497 2.84976e-05 
9.1 0.31697 2.09992e-06 
9.1 0.33697 3.17031e-10 
9.1 0.33897 1.43107e-08 
9.1 0.34097 2.62288e-07 
9.1 0.34297 6.36438e-07 
9.1 0.34497 2.37081e-06 
9.1 0.34697 8.13229e-06 
9.1 0.34897 1.41793e-05 
9.1 0.35097 9.7401e-06 
9.1 0.35297 5.88063e-06 
9.11 0.27697 4.80997e-10 
9.11 0.27897 3.9131e-09 
9.11 0.28097 3.79225e-08 
9.11 0.28297 3.12475e-07 
9.11 0.28497 1.3004e-06 
9.11 0.28697 7.60752e-06 
9.11 0.28897 1.17019e-05 
9.11 0.29097 1.97688e-05 
9.11 0.29297 3.11324e-05 
9.11 0.29497 4.4581e-05 
9.11 0.29697 9.99657e-05 
9.11 0.29897 8.89144e-05 
9.11 0.30097 0.000107305 
9.11 0.30297 0.000227806 
9.11 0.30497 0.000256881 
9.11 0.30697 0.000191564 
9.11 0.30897 0.000112611 
9.11 0.31097 5.53824e-05 
9.11 0.31297 9.72313e-06 
9.11 0.33297 9.77729e-10 
9.11 0.33497 3.48341e-08 
9.11 0.33697 1.82285e-07 
9.11 0.33897 1.3189e-06 
9.11 0.34097 3.4724e-06 
9.11 0.34297 8.40072e-06 
9.11 0.34497 1.66565e-05 
9.11 0.34697 1.28788e-05 
9.11 0.34897 7.68259e-06 
9.11 0.35097 6.17869e-07 
9.12 0.27097 2.93093e-10 
9.12 0.27297 1.73307e-09 
9.12 0.27497 1.61061e-08 
9.12 0.27697 1.09983e-07 
9.12 0.27897 5.64835e-07 
9.12 0.28097 2.11524e-06 
9.12 0.28297 5.32397e-06 
9.12 0.28497 1.06609e-05 
9.12 0.28697 1.90249e-05 
9.12 0.28897 2.99205e-05 
9.12 0.29097 7.34458e-05 
9.12 0.29297 7.19915e-05 
9.12 0.29497 9.18735e-05 
9.12 0.29697 0.000169469 
9.12 0.29897 0.000135486 
9.12 0.30097 0.000280909 
9.12 0.30297 0.000247205 
9.12 0.30497 0.000164992 
9.12 0.30697 9.01226e-05 
9.12 0.30897 2.36728e-05 
9.12 0.31097 2.57036e-06 
9.12 0.31897 3.00621e-10 
9.12 0.32097 1.16266e-09 
9.12 0.32297 2.55379e-09 
9.12 0.32497 4.22134e-09 
9.12 0.32697 1.3474e-08 
9.12 0.32897 3.26104e-08 
9.12 0.33097 6.22537e-08 
9.12 0.33297 3.98503e-07 
9.12 0.33497 2.05595e-06 
9.12 0.33697 2.64896e-06 
9.12 0.33897 1.17661e-05 
9.12 0.34097 1.71933e-05 
9.12 0.34297 1.50946e-05 
9.12 0.34497 9.01075e-06 
9.12 0.34697 2.62171e-06 
9.13 0.26697 3.48869e-10 
9.13 0.26897 3.50583e-09 
9.13 0.27097 4.37462e-08 
9.13 0.27297 1.29173e-07 
9.13 0.27497 5.79565e-07 
9.13 0.27697 1.9821e-06 
9.13 0.27897 4.98042e-06 
9.13 0.28097 9.89552e-06 
9.13 0.28297 1.74579e-05 
9.13 0.28497 4.7958e-05 
9.13 0.28697 5.31262e-05 
9.13 0.28897 7.29415e-05 
9.13 0.29097 9.52147e-05 
9.13 0.29297 0.000183518 
9.13 0.29497 0.000141946 
9.13 0.29697 0.000308395 
9.13 0.29897 0.000282756 
9.13 0.30097 0.000198931 
9.13 0.30297 0.000105032 
9.13 0.30497 4.3968e-05 
9.13 0.30697 8.84209e-06 
9.13 0.30897 3.59269e-09 
9.13 0.31097 1.5573e-08 
9.13 0.31297 4.07855e-08 
9.13 0.31497 7.5036e-08 
9.13 0.31697 1.51794e-07 
9.13 0.31897 2.40819e-07 
9.13 0.32097 3.94343e-07 
9.13 0.32297 6.88291e-07 
9.13 0.32497 9.73701e-07 
9.13 0.32697 1.35735e-06 
9.13 0.32897 1.85452e-06 
9.13 0.33097 2.35043e-06 
9.13 0.33297 4.75987e-06 
9.13 0.33497 1.07242e-05 
9.13 0.33697 1.91132e-05 
9.13 0.33897 1.82388e-05 
9.13 0.34097 1.16909e-05 
9.13 0.34297 4.02589e-06 
9.14 0.26297 8.5228e-10 
9.14 0.26497 8.67531e-09 
9.14 0.26697 4.29347e-08 
9.14 0.26897 2.49744e-07 
9.14 0.27097 4.81552e-07 
9.14 0.27297 1.77405e-06 
9.14 0.27497 6.1454e-06 
9.14 0.27697 1.5477e-05 
9.14 0.27897 2.21857e-05 
9.14 0.28097 3.40568e-05 
9.14 0.28297 5.11382e-05 
9.14 0.28497 7.28581e-05 
9.14 0.28697 0.000129241 
9.14 0.28897 0.000162826 
9.14 0.29097 0.000154435 
9.14 0.29297 0.000252721 
9.14 0.29497 0.000336033 
9.14 0.29697 0.000264434 
9.14 0.29897 0.00017759 
9.14 0.30097 5.99447e-05 
9.14 0.30297 1.77498e-05 
9.14 0.30497 5.43049e-08 
9.14 0.30697 2.27728e-07 
9.14 0.30897 3.03538e-07 
9.14 0.31097 1.90882e-06 
9.14 0.31297 2.07436e-06 
9.14 0.31497 2.92184e-06 
9.14 0.31697 3.427e-06 
9.14 0.31897 3.8478e-06 
9.14 0.32097 4.47422e-06 
9.14 0.32297 5.43506e-06 
9.14 0.32497 5.6415e-06 
9.14 0.32697 6.46617e-06 
9.14 0.32897 6.97832e-06 
9.14 0.33097 1.53236e-05 
9.14 0.33297 1.74808e-05 
9.14 0.33497 2.19776e-05 
9.14 0.33697 1.3786e-05 
9.14 0.33897 6.16261e-06 
9.15 0.25897 2.68533e-10 
9.15 0.26097 5.03809e-09 
9.15 0.26297 4.01638e-08 
9.15 0.26497 2.23566e-07 
9.15 0.26697 8.76367e-07 
9.15 0.26897 2.64508e-06 
9.15 0.27097 6.38157e-06 
9.15 0.27297 1.19573e-05 
9.15 0.27497 2.10496e-05 
9.15 0.27697 3.39004e-05 
9.15 0.27897 5.17746e-05 
9.15 0.28097 7.23389e-05 
9.15 0.28297 0.000158409 
9.15 0.28497 0.00014064 
9.15 0.28697 0.000165408 
9.15 0.28897 0.000276823 
9.15 0.29097 0.000378354 
9.15 0.29297 0.000309335 
9.15 0.29497 0.000193641 
9.15 0.29697 9.1611e-05 
9.15 0.29897 3.3462e-05 
9.15 0.30097 6.1041e-06 
9.15 0.30297 1.06045e-06 
9.15 0.30497 9.91034e-07 
9.15 0.30697 3.18939e-06 
9.15 0.30897 5.00188e-06 
9.15 0.31097 3.23175e-06 
9.15 0.31297 7.39394e-06 
9.15 0.31497 1.59127e-05 
9.15 0.31697 1.00407e-05 
9.15 0.31897 9.76422e-06 
9.15 0.32097 1.09186e-05 
9.15 0.32297 2.39595e-05 
9.15 0.32497 2.5922e-05 
9.15 0.32697 1.33725e-05 
9.15 0.32897 2.54816e-05 
9.15 0.33097 2.73579e-05 
9.15 0.33297 1.71597e-05 
9.15 0.33497 8.29202e-06 
9.15 0.33697 7.85194e-07 
9.16 0.25497 1.03849e-10 
9.16 0.25697 2.10796e-09 
9.16 0.25897 2.59522e-08 
9.16 0.26097 2.41826e-07 
9.16 0.26297 8.14168e-07 
9.16 0.26497 2.52292e-06 
9.16 0.26697 6.08785e-06 
9.16 0.26897 1.19926e-05 
9.16 0.27097 2.07851e-05 
9.16 0.27297 3.27725e-05 
9.16 0.27497 6.08438e-05 
9.16 0.27697 0.000108498 
9.16 0.27897 0.000118432 
9.16 0.28097 0.000145798 
9.16 0.28297 0.000177379 
9.16 0.28497 0.000296463 
9.16 0.28697 0.000315208 
9.16 0.28897 0.000385403 
9.16 0.29097 0.000269782 
9.16 0.29297 0.000142889 
9.16 0.29497 6.48219e-05 
9.16 0.29697 1.15208e-05 
9.16 0.29897 1.61196e-06 
9.16 0.30097 3.84253e-06 
9.16 0.30297 5.87859e-06 
9.16 0.30497 8.26639e-06 
9.16 0.30697 1.07985e-05 
9.16 0.30897 1.2746e-05 
9.16 0.31097 2.21248e-05 
9.16 0.31297 1.60622e-05 
9.16 0.31497 3.01653e-05 
9.16 0.31697 2.06539e-05 
9.16 0.31897 3.37036e-05 
9.16 0.32097 2.17273e-05 
9.16 0.32297 2.33682e-05 
9.16 0.32497 2.39271e-05 
9.16 0.32697 1.93899e-05 
9.16 0.32897 1.87346e-05 
9.16 0.33097 7.20146e-06 
9.16 0.33297 1.76275e-06 
9.17 0.25297 2.6603e-10 
9.17 0.25497 2.05747e-08 
9.17 0.25697 1.49128e-07 
9.17 0.25897 1.25102e-06 
9.17 0.26097 3.24905e-06 
9.17 0.26297 6.03389e-06 
9.17 0.26497 1.34221e-05 
9.17 0.26697 2.73576e-05 
9.17 0.26897 4.09842e-05 
9.17 0.27097 6.27285e-05 
9.17 0.27297 8.82699e-05 
9.17 0.27497 0.000121109 
9.17 0.27697 0.000159668 
9.17 0.27897 0.000290115 
9.17 0.28097 0.000219882 
9.17 0.28297 0.000350417 
9.17 0.28497 0.000439389 
9.17 0.28697 0.000321655 
9.17 0.28897 0.000179482 
9.17 0.29097 7.64566e-05 
9.17 0.29297 2.58216e-05 
9.17 0.29497 5.85815e-06 
9.17 0.29697 5.46732e-06 
9.17 0.29897 7.92222e-06 
9.17 0.30097 5.60222e-06 
9.17 0.30297 1.35496e-05 
9.17 0.30497 1.62842e-05 
9.17 0.30697 2.79974e-05 
9.17 0.30897 3.32296e-05 
9.17 0.31097 3.22184e-05 
9.17 0.31297 3.85915e-05 
9.17 0.31497 1.72252e-05 
9.17 0.31697 2.97484e-05 
9.17 0.31897 2.25344e-05 
9.17 0.32097 1.67777e-05 
9.17 0.32297 1.10318e-05 
9.17 0.32497 6.97571e-06 
9.17 0.32697 4.31438e-06 
9.18 0.24897 1.60627e-10 
9.18 0.25097 1.37623e-08 
9.18 0.25297 1.31317e-07 
9.18 0.25497 8.19241e-07 
9.18 0.25697 2.74245e-06 
9.18 0.25897 6.46415e-06 
9.18 0.26097 1.27471e-05 
9.18 0.26297 2.27282e-05 
9.18 0.26497 3.84314e-05 
9.18 0.26697 6.06911e-05 
9.18 0.26897 9.49842e-05 
9.18 0.27097 0.000124881 
9.18 0.27297 0.000247708 
9.18 0.27497 0.000217456 
9.18 0.27697 0.000243006 
9.18 0.27897 0.000269571 
9.18 0.28097 0.000507898 
9.18 0.28297 0.000418777 
9.18 0.28497 0.000261126 
9.18 0.28697 0.000124521 
9.18 0.28897 4.71202e-05 
9.18 0.29097 1.50873e-05 
9.18 0.29297 6.91483e-06 
9.18 0.29497 9.22738e-06 
9.18 0.29697 1.30429e-05 
9.18 0.29897 1.56985e-05 
9.18 0.30097 1.94441e-05 
9.18 0.30297 3.66631e-05 
9.18 0.30497 4.05733e-05 
9.18 0.30697 4.09228e-05 
9.18 0.30897 3.30044e-05 
9.18 0.31097 2.12675e-05 
9.18 0.31297 1.05829e-05 
9.18 0.31497 1.49207e-05 
9.18 0.31697 1.02632e-05 
9.18 0.31897 6.26089e-06 
9.18 0.32097 2.00257e-06 
9.19 0.24497 3.92767e-10 
9.19 0.24697 8.69238e-09 
9.19 0.24897 8.72178e-08 
9.19 0.25097 5.39977e-07 
9.19 0.25297 1.963e-06 
9.19 0.25497 5.57442e-06 
9.19 0.25697 1.14484e-05 
9.19 0.25897 2.16267e-05 
9.19 0.26097 3.64032e-05 
9.19 0.26297 5.92145e-05 
9.19 0.26497 8.89831e-05 
9.19 0.26697 0.000200476 
9.19 0.26897 0.000192709 
9.19 0.27097 0.000234502 
9.19 0.27297 0.000275609 
9.19 0.27497 0.000423248 
9.19 0.27697 0.000435723 
9.19 0.27897 0.000494674 
9.19 0.28097 0.000298009 
9.19 0.28297 0.000176578 
9.19 0.28497 6.40543e-05 
9.19 0.28697 2.3212e-05 
9.19 0.28897 9.10324e-06 
9.19 0.29097 1.13995e-05 
9.19 0.29297 1.55487e-05 
9.19 0.29497 1.91687e-05 
9.19 0.29697 3.04691e-05 
9.19 0.29897 4.17485e-05 
9.19 0.30097 5.00711e-05 
9.19 0.30297 4.42468e-05 
9.19 0.30497 3.50484e-05 
9.19 0.30697 1.70365e-05 
9.19 0.30897 1.59444e-05 
9.19 0.31097 7.17204e-06 
9.19 0.31297 5.01263e-06 
9.2 0.24097 1.85735e-10 
9.2 0.24297 4.1666e-09 
9.2 0.24497 6.54653e-08 
9.2 0.24697 3.8732e-07 
9.2 0.24897 3.14629e-06 
9.2 0.25097 5.225e-06 
9.2 0.25297 1.26164e-05 
9.2 0.25497 2.38121e-05 
9.2 0.25697 4.23111e-05 
9.2 0.25897 6.76801e-05 
9.2 0.26097 0.000101424 
9.2 0.26297 0.000143987 
9.2 0.26497 0.000192484 
9.2 0.26697 0.000257384 
9.2 0.26897 0.000287404 
9.2 0.27097 0.00046747 
9.2 0.27297 0.000331318 
9.2 0.27497 0.000605348 
9.2 0.27697 0.000447158 
9.2 0.27897 0.000246583 
9.2 0.28097 0.000106043 
9.2 0.28297 4.02367e-05 
9.2 0.28497 1.65356e-05 
9.2 0.28697 1.42494e-05 
9.2 0.28897 1.77903e-05 
9.2 0.29097 2.28443e-05 
9.2 0.29297 3.85943e-05 
9.2 0.29497 4.63399e-05 
9.2 0.29697 5.1255e-05 
9.2 0.29897 5.69528e-05 
9.2 0.30097 3.60975e-05 
9.2 0.30297 2.17668e-05 
9.2 0.30497 8.39762e-06 
9.2 0.30697 6.86081e-06 
9.21 0.23697 1.11768e-10 
9.21 0.23897 2.60268e-09 
9.21 0.24097 3.64387e-08 
9.21 0.24297 2.41463e-07 
9.21 0.24497 2.40194e-06 
9.21 0.24697 5.13667e-06 
9.21 0.24897 1.03422e-05 
9.21 0.25097 1.9294e-05 
9.21 0.25297 3.26886e-05 
9.21 0.25497 6.42406e-05 
9.21 0.25697 9.63736e-05 
9.21 0.25897 0.00014004 
9.21 0.26097 0.000201742 
9.21 0.26297 0.000248484 
9.21 0.26497 0.000453224 
9.21 0.26697 0.000356215 
9.21 0.26897 0.000386198 
9.21 0.27097 0.000684172 
9.21 0.27297 0.000468378 
9.21 0.27497 0.000313278 
9.21 0.27697 0.000173658 
9.21 0.27897 7.10063e-05 
9.21 0.28097 3.00575e-05 
9.21 0.28297 1.8018e-05 
9.21 0.28497 2.19553e-05 
9.21 0.28697 2.75268e-05 
9.21 0.28897 4.64615e-05 
9.21 0.29097 5.50825e-05 
9.21 0.29297 5.73692e-05 
9.21 0.29497 6.20166e-05 
9.21 0.29697 3.33767e-05 
9.21 0.29897 2.40497e-05 
9.21 0.30097 9.68773e-06 
9.21 0.30297 1.79194e-06 
9.22 0.23497 1.41335e-09 
9.22 0.23697 2.23042e-08 
9.22 0.23897 4.54842e-07 
9.22 0.24097 1.53325e-06 
9.22 0.24297 3.98988e-06 
9.22 0.24497 8.6697e-06 
9.22 0.24697 1.69819e-05 
9.22 0.24897 3.01921e-05 
9.22 0.25097 4.89315e-05 
9.22 0.25297 7.7691e-05 
9.22 0.25497 0.000133342 
9.22 0.25697 0.000194411 
9.22 0.25897 0.000383221 
9.22 0.26097 0.000337995 
9.22 0.26297 0.000376257 
9.22 0.26497 0.00041872 
9.22 0.26697 0.000578612 
9.22 0.26897 0.000675775 
9.22 0.27097 0.000443194 
9.22 0.27297 0.000225204 
9.22 0.27497 9.40784e-05 
9.22 0.27697 3.42025e-05 
9.22 0.27897 2.47049e-05 
9.22 0.28097 2.71458e-05 
9.22 0.28297 3.13048e-05 
9.22 0.28497 5.54887e-05 
9.22 0.28697 6.37765e-05 
9.22 0.28897 6.31788e-05 
9.22 0.29097 7.07726e-05 
9.22 0.29297 3.71175e-05 
9.22 0.29497 2.6174e-05 
9.22 0.29697 8.48109e-06 
9.22 0.29897 1.51516e-06 
9.23 0.23097 7.8887e-10 
9.23 0.23297 1.16207e-08 
9.23 0.23497 3.14324e-07 
9.23 0.23697 1.1753e-06 
9.23 0.23897 3.12828e-06 
9.23 0.24097 6.83879e-06 
9.23 0.24297 1.36614e-05 
9.23 0.24497 2.60872e-05 
9.23 0.24697 4.51038e-05 
9.23 0.24897 7.27005e-05 
9.23 0.25097 0.000112295 
9.23 0.25297 0.000248172 
9.23 0.25497 0.000282369 
9.23 0.25697 0.00035019 
9.23 0.25897 0.000414699 
9.23 0.26097 0.000597405 
9.23 0.26297 0.000473159 
9.23 0.26497 0.000770238 
9.23 0.26697 0.000428191 
9.23 0.26897 0.000341623 
9.23 0.27097 0.000157372 
9.23 0.27297 6.92875e-05 
9.23 0.27497 4.02932e-05 
9.23 0.27697 3.58576e-05 
9.23 0.27897 3.87792e-05 
9.23 0.28097 4.35963e-05 
9.23 0.28297 7.21951e-05 
9.23 0.28497 7.33609e-05 
9.23 0.28697 7.61687e-05 
9.23 0.28897 3.99168e-05 
9.23 0.29097 2.79163e-05 
9.23 0.29297 8.90303e-06 
9.23 0.29497 1.59918e-06 
9.24 0.22697 2.74887e-09 
9.24 0.22897 3.01721e-08 
9.24 0.23097 1.96241e-07 
9.24 0.23297 7.6753e-07 
9.24 0.23497 2.45064e-06 
9.24 0.23697 5.71552e-06 
9.24 0.23897 1.15807e-05 
9.24 0.24097 2.1937e-05 
9.24 0.24297 3.94986e-05 
9.24 0.24497 6.63027e-05 
9.24 0.24697 0.000168254 
9.24 0.24897 0.000180374 
9.24 0.25097 0.000233845 
9.24 0.25297 0.000295874 
9.24 0.25497 0.000406547 
9.24 0.25697 0.000679438 
9.24 0.25897 0.000483957 
9.24 0.26097 0.000678221 
9.24 0.26297 0.000705113 
9.24 0.26497 0.000420051 
9.24 0.26697 0.000199182 
9.24 0.26897 8.81781e-05 
9.24 0.27097 5.59513e-05 
9.24 0.27297 4.41606e-05 
9.24 0.27497 4.78735e-05 
9.24 0.27697 5.02912e-05 
9.24 0.27897 8.3185e-05 
9.24 0.28097 0.000106546 
9.24 0.28297 6.39706e-05 
9.24 0.28497 4.32759e-05 
9.24 0.28697 2.89223e-05 
9.24 0.28897 9.89812e-06 
9.24 0.29097 1.68015e-06 
9.25 0.22297 1.49536e-09 
9.25 0.22497 1.92787e-08 
9.25 0.22697 1.53638e-07 
9.25 0.22897 6.41748e-07 
9.25 0.23097 1.91502e-06 
9.25 0.23297 4.42499e-06 
9.25 0.23497 9.75699e-06 
9.25 0.23697 1.90014e-05 
9.25 0.23897 3.41067e-05 
9.25 0.24097 0.000100366 
9.25 0.24297 0.000116663 
9.25 0.24497 0.000166571 
9.25 0.24697 0.000231476 
9.25 0.24897 0.00029844 
9.25 0.25097 0.000488089 
9.25 0.25297 0.00049381 
9.25 0.25497 0.00053651 
9.25 0.25697 0.000756868 
9.25 0.25897 0.000781941 
9.25 0.26097 0.000445393 
9.25 0.26297 0.000308619 
9.25 0.26497 0.000141264 
9.25 0.26697 7.49023e-05 
9.25 0.26897 5.82933e-05 
9.25 0.27097 5.78617e-05 
9.25 0.27297 6.13097e-05 
9.25 0.27497 0.000117241 
9.25 0.27697 0.000102763 
9.25 0.27897 6.98137e-05 
9.25 0.28097 4.63367e-05 
9.25 0.28297 2.61933e-05 
9.25 0.28497 1.51671e-05 
9.25 0.28697 1.69431e-06 
9.26 0.21897 6.75433e-10 
9.26 0.22097 1.23957e-08 
9.26 0.22297 1.03748e-07 
9.26 0.22497 4.95856e-07 
9.26 0.22697 1.5998e-06 
9.26 0.22897 3.83226e-06 
9.26 0.23097 1.42882e-05 
9.26 0.23297 2.11234e-05 
9.26 0.23497 4.02135e-05 
9.26 0.23697 6.76632e-05 
9.26 0.23897 0.000107302 
9.26 0.24097 0.000159806 
9.26 0.24297 0.000221403 
9.26 0.24497 0.000289991 
9.26 0.24697 0.000366082 
9.26 0.24897 0.000650145 
9.26 0.25097 0.000478721 
9.26 0.25297 0.000703228 
9.26 0.25497 0.000735797 
9.26 0.25697 0.000689937 
9.26 0.25897 0.000366397 
9.26 0.26097 0.000174297 
9.26 0.26297 0.000109169 
9.26 0.26497 7.69517e-05 
9.26 0.26697 7.05299e-05 
9.26 0.26897 0.000110327 
9.26 0.27097 0.000112352 
9.26 0.27297 0.000101332 
9.26 0.27497 7.69984e-05 
9.26 0.27697 4.97625e-05 
9.26 0.27897 2.78291e-05 
9.26 0.28097 1.5693e-05 
9.26 0.28297 1.7429e-06 
9.27 0.21497 2.57023e-10 
9.27 0.21697 6.12037e-09 
9.27 0.21897 6.48167e-08 
9.27 0.22097 3.64272e-07 
9.27 0.22297 1.26101e-06 
9.27 0.22497 3.18063e-06 
9.27 0.22697 1.26076e-05 
9.27 0.22897 1.77837e-05 
9.27 0.23097 3.35686e-05 
9.27 0.23297 5.95771e-05 
9.27 0.23497 9.72575e-05 
9.27 0.23697 0.000150917 
9.27 0.23897 0.000215949 
9.27 0.24097 0.000289809 
9.27 0.24297 0.000354082 
9.27 0.24497 0.000658265 
9.27 0.24697 0.000499666 
9.27 0.24897 0.000513145 
9.27 0.25097 0.000942929 
9.27 0.25297 0.00056282 
9.27 0.25497 0.000516756 
9.27 0.25697 0.000279843 
9.27 0.25897 0.000137324 
9.27 0.26097 8.95831e-05 
9.27 0.26297 8.04796e-05 
9.27 0.26497 0.000129996 
9.27 0.26697 0.000128086 
9.27 0.26897 0.000110775 
9.27 0.27097 8.26799e-05 
9.27 0.27297 5.26668e-05 
9.27 0.27497 2.91173e-05 
9.27 0.27697 1.63216e-05 
9.27 0.27897 1.78377e-06 
9.28 0.21297 2.70806e-09 
9.28 0.21497 3.12362e-08 
9.28 0.21697 2.17905e-07 
9.28 0.21897 8.74343e-07 
9.28 0.22097 2.47594e-06 
9.28 0.22297 5.81423e-06 
9.28 0.22497 2.18605e-05 
9.28 0.22697 2.95214e-05 
9.28 0.22897 4.99276e-05 
9.28 0.23097 8.52373e-05 
9.28 0.23297 0.000134284 
9.28 0.23497 0.000202281 
9.28 0.23697 0.000281256 
9.28 0.23897 0.000364639 
9.28 0.24097 0.000686181 
9.28 0.24297 0.00051934 
9.28 0.24497 0.000551785 
9.28 0.24697 0.000791463 
9.28 0.24897 0.000883473 
9.28 0.25097 0.000467944 
9.28 0.25297 0.000372261 
9.28 0.25497 0.000170631 
9.28 0.25697 0.000123594 
9.28 0.25897 9.93662e-05 
9.28 0.26097 0.000149509 
9.28 0.26297 0.000145777 
9.28 0.26497 0.000123488 
9.28 0.26697 9.06625e-05 
9.28 0.26897 5.68519e-05 
9.28 0.27097 3.05889e-05 
9.28 0.27297 1.52636e-05 
9.28 0.27497 3.29082e-06 
9.29 0.20897 8.86162e-10 
9.29 0.21097 1.68889e-08 
9.29 0.21297 1.25271e-07 
9.29 0.21497 5.66086e-07 
9.29 0.21697 1.76333e-06 
9.29 0.21897 4.36259e-06 
9.29 0.22097 1.83043e-05 
9.29 0.22297 2.77285e-05 
9.29 0.22497 4.74768e-05 
9.29 0.22697 7.68538e-05 
9.29 0.22897 0.000118226 
9.29 0.23097 0.000182566 
9.29 0.23297 0.000261692 
9.29 0.23497 0.000356782 
9.29 0.23697 0.000705442 
9.29 0.23897 0.000570497 
9.29 0.24097 0.000599408 
9.29 0.24297 0.000862379 
9.29 0.24497 0.000775543 
9.29 0.24697 0.000742616 
9.29 0.24897 0.000368001 
9.29 0.25097 0.000260148 
9.29 0.25297 0.000182751 
9.29 0.25497 7.32969e-05 
9.29 0.25697 0.000171295 
9.29 0.25897 0.000166005 
9.29 0.26097 0.000136665 
9.29 0.26297 9.89055e-05 
9.29 0.26497 6.03885e-05 
9.29 0.26697 3.20514e-05 
9.29 0.26897 1.45032e-05 
9.29 0.27097 4.39411e-06 
9.3 0.20697 7.45649e-09 
9.3 0.20897 6.70215e-08 
9.3 0.21097 3.50396e-07 
9.3 0.21297 1.21435e-06 
9.3 0.21497 3.20333e-06 
9.3 0.21697 7.3334e-06 
9.3 0.21897 2.9423e-05 
9.3 0.22097 4.37887e-05 
9.3 0.22297 7.50143e-05 
9.3 0.22497 0.000117279 
9.3 0.22697 0.000172782 
9.3 0.22897 0.000237422 
9.3 0.23097 0.000330442 
9.3 0.23297 0.00068213 
9.3 0.23497 0.000580724 
9.3 0.23697 0.000638143 
9.3 0.23897 0.000700164 
9.3 0.24097 0.000884282 
9.3 0.24297 0.000959117 
9.3 0.24497 0.000609731 
9.3 0.24697 0.000311556 
9.3 0.24897 0.000157185 
9.3 0.25097 0.000117119 
9.3 0.25297 0.000148924 
9.3 0.25497 0.000169945 
9.3 0.25697 0.000152646 
9.3 0.25897 0.000106194 
9.3 0.26097 6.3683e-05 
9.3 0.26297 3.35723e-05 
9.3 0.26497 1.49773e-05 
9.3 0.26697 4.4298e-06 
9.31 0.20297 2.95032e-09 
9.31 0.20497 3.79376e-08 
9.31 0.20697 2.01631e-07 
9.31 0.20897 7.72919e-07 
9.31 0.21097 2.16088e-06 
9.31 0.21297 5.20454e-06 
9.31 0.21497 2.0302e-05 
9.31 0.21697 3.22414e-05 
9.31 0.21897 6.13142e-05 
9.31 0.22097 0.000107231 
9.31 0.22297 0.000171105 
9.31 0.22497 0.000245101 
9.31 0.22697 0.000317843 
9.31 0.22897 0.000643147 
9.31 0.23097 0.000557848 
9.31 0.23297 0.00065201 
9.31 0.23497 0.000702879 
9.31 0.23697 0.00103151 
9.31 0.23897 0.000898953 
9.31 0.24097 0.0008354 
9.31 0.24297 0.000465468 
9.31 0.24497 0.000233953 
9.31 0.24697 0.000128194 
9.31 0.24897 0.000145906 
9.31 0.25097 0.000147938 
9.31 0.25297 0.000128002 
9.31 0.25497 0.000153203 
9.31 0.25697 6.86186e-05 
9.31 0.25897 3.42983e-05 
9.31 0.26097 1.54149e-05 
9.31 0.26297 4.4158e-06 
9.32 0.20097 2.26938e-08 
9.32 0.20297 1.29528e-07 
9.32 0.20497 5.03963e-07 
9.32 0.20697 1.44569e-06 
9.32 0.20897 3.50498e-06 
9.32 0.21097 8.26778e-06 
9.32 0.21297 3.08084e-05 
9.32 0.21497 4.25738e-05 
9.32 0.21697 8.25021e-05 
9.32 0.21897 0.000146655 
9.32 0.22097 0.000232543 
9.32 0.22297 0.000328751 
9.32 0.22497 0.00042472 
9.32 0.22697 0.000794749 
9.32 0.22897 0.000623456 
9.32 0.23097 0.00071392 
9.32 0.23297 0.00109297 
9.32 0.23497 0.000727879 
9.32 0.23697 0.00111539 
9.32 0.23897 0.000677641 
9.32 0.24097 0.000345335 
9.32 0.24297 0.000178809 
9.32 0.24497 0.000165206 
9.32 0.24697 0.000140957 
9.32 0.24897 0.00012224 
9.32 0.25097 9.44839e-05 
9.32 0.25297 5.74018e-05 
9.32 0.25497 4.90616e-05 
9.32 0.25697 1.55838e-05 
9.32 0.25897 4.4139e-06 
9.33 0.19697 3.61015e-09 
9.33 0.19897 8.49178e-08 
9.33 0.20097 3.54835e-07 
9.33 0.20297 1.05614e-06 
9.33 0.20497 2.64853e-06 
9.33 0.20697 6.15767e-06 
9.33 0.20897 2.40283e-05 
9.33 0.21097 3.67152e-05 
9.33 0.21297 6.44706e-05 
9.33 0.21497 0.000106298 
9.33 0.21697 0.000183314 
9.33 0.21897 0.000292372 
9.33 0.22097 0.000418891 
9.33 0.22297 0.000843853 
9.33 0.22497 0.000681764 
9.33 0.22697 0.000725135 
9.33 0.22897 0.000742839 
9.33 0.23097 0.00110314 
9.33 0.23297 0.000983029 
9.33 0.23497 0.000931402 
9.33 0.23697 0.000513708 
9.33 0.23897 0.000309719 
9.33 0.24097 0.000217411 
9.33 0.24297 0.000149912 
9.33 0.24497 0.000121943 
9.33 0.24697 9.03667e-05 
9.33 0.24897 5.73378e-05 
9.33 0.25097 2.99659e-05 
9.33 0.25297 1.33647e-05 
9.33 0.25497 6.64407e-06 
9.34 0.19497 1.35784e-08 
9.34 0.19697 2.71837e-07 
9.34 0.19897 7.61361e-07 
9.34 0.20097 1.96907e-06 
9.34 0.20297 4.69938e-06 
9.34 0.20497 1.02387e-05 
9.34 0.20697 2.11595e-05 
9.34 0.20897 7.05856e-05 
9.34 0.21097 9.34499e-05 
9.34 0.21297 0.00015107 
9.34 0.21497 0.000228169 
9.34 0.21697 0.000342874 
9.34 0.21897 0.000493184 
9.34 0.22097 0.00100806 
9.34 0.22297 0.000784558 
9.34 0.22497 0.000829185 
9.34 0.22697 0.00116651 
9.34 0.22897 0.000724675 
9.34 0.23097 0.00120858 
9.34 0.23297 0.000725632 
9.34 0.23497 0.000375624 
9.34 0.23697 0.000246577 
9.34 0.23897 0.000181845 
9.34 0.24097 0.000172717 
9.34 0.24297 8.86788e-05 
9.34 0.24497 5.61552e-05 
9.34 0.24697 2.87794e-05 
9.34 0.24897 1.31112e-05 
9.34 0.25097 3.73496e-06 
9.35 0.19297 7.34586e-08 
9.35 0.19497 5.1802e-07 
9.35 0.19697 1.60809e-06 
9.35 0.19897 3.54147e-06 
9.35 0.20097 7.81825e-06 
9.35 0.20297 1.6267e-05 
9.35 0.20497 3.25449e-05 
9.35 0.20697 5.92799e-05 
9.35 0.20897 0.000173479 
9.35 0.21097 0.000201386 
9.35 0.21297 0.00029207 
9.35 0.21497 0.00040402 
9.35 0.21697 0.000548268 
9.35 0.21897 0.00111053 
9.35 0.22097 0.000888724 
9.35 0.22297 0.000914422 
9.35 0.22497 0.00124895 
9.35 0.22697 0.00101899 
9.35 0.22897 0.000937147 
9.35 0.23097 0.000541965 
9.35 0.23297 0.000349179 
9.35 0.23497 0.000239066 
9.35 0.23697 0.000223758 
9.35 0.23897 0.000105672 
9.35 0.24097 8.05656e-05 
9.35 0.24297 2.82475e-05 
9.35 0.24497 1.26742e-05 
9.35 0.24697 3.61156e-06 
9.36 0.18897 3.03049e-08 
9.36 0.19097 1.96534e-07 
9.36 0.19297 6.5557e-07 
9.36 0.19497 3.26246e-06 
9.36 0.19697 6.1503e-06 
9.36 0.19897 1.29318e-05 
9.36 0.20097 2.63367e-05 
9.36 0.20297 4.95767e-05 
9.36 0.20497 8.54728e-05 
9.36 0.20697 0.000237784 
9.36 0.20897 0.000265984 
9.36 0.21097 0.000377661 
9.36 0.21297 0.000500007 
9.36 0.21497 0.000617254 
9.36 0.21697 0.00116289 
9.36 0.21897 0.000912334 
9.36 0.22097 0.000954392 
9.36 0.22297 0.00126513 
9.36 0.22497 0.00123819 
9.36 0.22697 0.000809818 
9.36 0.22897 0.000394456 
9.36 0.23097 0.000321366 
9.36 0.23297 0.000295812 
9.36 0.23497 0.00014511 
9.36 0.23697 0.000107049 
9.36 0.23897 3.6411e-05 
9.36 0.24097 1.94924e-05 
9.36 0.24297 3.44997e-06 
9.37 0.18697 1.34776e-07 
9.37 0.18897 4.48286e-07 
9.37 0.19097 1.24964e-06 
9.37 0.19297 3.02811e-06 
9.37 0.19497 1.2842e-05 
9.37 0.19697 2.048e-05 
9.37 0.19897 4.17685e-05 
9.37 0.20097 7.42562e-05 
9.37 0.20297 0.000125063 
9.37 0.20497 0.000324649 
9.37 0.20697 0.00034446 
9.37 0.20897 0.000469498 
9.37 0.21097 0.000600417 
9.37 0.21297 0.000724935 
9.37 0.21497 0.00123861 
9.37 0.21697 0.00091019 
9.37 0.21897 0.00134444 
9.37 0.22097 0.00115159 
9.37 0.22297 0.00100878 
9.37 0.22497 0.00055578 
9.37 0.22697 0.000390581 
9.37 0.22897 0.000347669 
9.37 0.23097 0.000187898 
9.37 0.23297 0.000141994 
9.37 0.23497 5.09311e-05 
9.37 0.23697 2.6595e-05 
9.37 0.23897 6.17716e-06 
9.38 0.18297 5.36764e-08 
9.38 0.18497 3.1353e-07 
9.38 0.18697 8.85407e-07 
9.38 0.18897 2.23969e-06 
9.38 0.19097 5.23017e-06 
9.38 0.19297 1.12715e-05 
9.38 0.19497 4.23575e-05 
9.38 0.19697 6.06352e-05 
9.38 0.19897 0.000108231 
9.38 0.20097 0.000174211 
9.38 0.20297 0.000431393 
9.38 0.20497 0.000433571 
9.38 0.20697 0.000572596 
9.38 0.20897 0.000706716 
9.38 0.21097 0.000825302 
9.38 0.21297 0.00132758 
9.38 0.21497 0.000929563 
9.38 0.21697 0.00125547 
9.38 0.21897 0.00126789 
9.38 0.22097 0.00075867 
9.38 0.22297 0.000501419 
9.38 0.22497 0.000416346 
9.38 0.22697 0.000222355 
9.38 0.22897 0.000173189 
9.38 0.23097 6.62994e-05 
9.38 0.23297 3.68701e-05 
9.38 0.23497 1.01843e-05 
9.39 0.18097 2.14973e-07 
9.39 0.18297 6.35653e-07 
9.39 0.18497 1.65605e-06 
9.39 0.18697 3.89339e-06 
9.39 0.18897 8.64924e-06 
9.39 0.19097 1.77748e-05 
9.39 0.19297 6.62147e-05 
9.39 0.19497 8.99686e-05 
9.39 0.19697 0.000149528 
9.39 0.19897 0.000230864 
9.39 0.20097 0.000547245 
9.39 0.20297 0.000542571 
9.39 0.20497 0.000681392 
9.39 0.20697 0.00080989 
9.39 0.20897 0.000953814 
9.39 0.21097 0.00141506 
9.39 0.21297 0.000964613 
9.39 0.21497 0.00121155 
9.39 0.21697 0.0011152 
9.39 0.21897 0.000718118 
9.39 0.22097 0.000410889 
9.39 0.22297 0.000358079 
9.39 0.22497 0.000213811 
9.39 0.22697 8.00173e-05 
9.39 0.22897 4.85589e-05 
9.39 0.23097 1.45125e-05 
9.39 0.23297 1.37138e-06 
9.4 0.17697 9.03769e-08 
9.4 0.17897 4.46938e-07 
9.4 0.18097 1.19084e-06 
9.4 0.18297 3.01493e-06 
9.4 0.18497 6.71223e-06 
9.4 0.18697 1.42024e-05 
9.4 0.18897 5.24398e-05 
9.4 0.19097 7.61738e-05 
9.4 0.19297 0.000131197 
9.4 0.19497 0.000204492 
9.4 0.19697 0.000309755 
9.4 0.19897 0.000436396 
9.4 0.20097 0.000921163 
9.4 0.20297 0.000808517 
9.4 0.20497 0.000927216 
9.4 0.20697 0.00145006 
9.4 0.20897 0.00100652 
9.4 0.21097 0.000955347 
9.4 0.21297 0.00137177 
9.4 0.21497 0.000973733 
9.4 0.21697 0.000463664 
9.4 0.21897 0.000452815 
9.4 0.22097 0.00021193 
9.4 0.22297 0.000151121 
9.4 0.22497 6.07371e-05 
9.4 0.22697 1.90392e-05 
9.4 0.22897 3.09737e-06 
9.41 0.17497 3.1685e-07 
9.41 0.17697 8.7306e-07 
9.41 0.17897 2.18335e-06 
9.41 0.18097 5.06199e-06 
9.41 0.18297 1.14781e-05 
9.41 0.18497 2.33124e-05 
9.41 0.18697 8.11595e-05 
9.41 0.18897 0.000108541 
9.41 0.19097 0.000176981 
9.41 0.19297 0.000273602 
9.41 0.19497 0.000393597 
9.41 0.19697 0.000546798 
9.41 0.19897 0.00108374 
9.41 0.20097 0.000907165 
9.41 0.20297 0.00101173 
9.41 0.20497 0.00152963 
9.41 0.20697 0.00101489 
9.41 0.20897 0.0013406 
9.41 0.21097 0.00112666 
9.41 0.21297 0.000638769 
9.41 0.21497 0.000453769 
9.41 0.21697 0.000348552 
9.41 0.21897 0.000189173 
9.41 0.22097 7.78993e-05 
9.41 0.22297 2.24972e-05 
9.41 0.22497 9.32691e-06 
9.42 0.17097 1.33927e-07 
9.42 0.17297 6.11169e-07 
9.42 0.17497 1.55897e-06 
9.42 0.17697 3.8406e-06 
9.42 0.17897 8.66289e-06 
9.42 0.18097 1.79681e-05 
9.42 0.18297 6.5839e-05 
9.42 0.18497 9.16713e-05 
9.42 0.18697 0.000154992 
9.42 0.18897 0.00024191 
9.42 0.19097 0.000359479 
9.42 0.19297 0.000500747 
9.42 0.19497 0.000654569 
9.42 0.19697 0.0012233 
9.42 0.19897 0.000977533 
9.42 0.20097 0.00106741 
9.42 0.20297 0.00162798 
9.42 0.20497 0.00101956 
9.42 0.20697 0.00144325 
9.42 0.20897 0.000845917 
9.42 0.21097 0.000591598 
9.42 0.21297 0.000429336 
9.42 0.21497 0.000226816 
9.42 0.21697 8.31553e-05 
9.42 0.21897 4.54773e-05 
9.42 0.22097 1.3247e-05 
9.42 0.22297 1.15201e-06 
9.43 0.16897 4.30372e-07 
9.43 0.17097 1.1459e-06 
9.43 0.17297 2.80562e-06 
9.43 0.17497 6.30397e-06 
9.43 0.17697 1.44559e-05 
9.43 0.17897 2.85572e-05 
9.43 0.18097 9.77864e-05 
9.43 0.18297 0.000128288 
9.43 0.18497 0.000206666 
9.43 0.18697 0.000315962 
9.43 0.18897 0.000455788 
9.43 0.19097 0.000616717 
9.43 0.19297 0.000783499 
9.43 0.19497 0.00139562 
9.43 0.19697 0.00114291 
9.43 0.19897 0.00112552 
9.43 0.20097 0.00151276 
9.43 0.20297 0.00132241 
9.43 0.20497 0.00125698 
9.43 0.20697 0.000652758 
9.43 0.20897 0.000545581 
9.43 0.21097 0.000238673 
9.43 0.21297 0.000153283 
9.43 0.21497 5.86023e-05 
9.43 0.21697 1.73176e-05 
9.43 0.21897 2.81513e-06 
9.44 0.16497 1.85753e-07 
9.44 0.16697 7.96601e-07 
9.44 0.16897 2.07671e-06 
9.44 0.17097 4.86952e-06 
9.44 0.17297 1.07137e-05 
9.44 0.17497 2.22215e-05 
9.44 0.17697 8.07274e-05 
9.44 0.17897 0.000108766 
9.44 0.18097 0.000179379 
9.44 0.18297 0.000277926 
9.44 0.18497 0.00040842 
9.44 0.18697 0.00055752 
9.44 0.18897 0.000718511 
9.44 0.19097 0.000929045 
9.44 0.19297 0.00154156 
9.44 0.19497 0.00117248 
9.44 0.19697 0.0011661 
9.44 0.19897 0.00148318 
9.44 0.20097 0.00146334 
9.44 0.20297 0.00083169 
9.44 0.20497 0.000781681 
9.44 0.20697 0.000312207 
9.44 0.20897 0.00019854 
9.44 0.21097 6.40335e-05 
9.44 0.21297 3.1116e-05 
9.44 0.21497 8.05465e-06 
9.45 0.16297 5.58615e-07 
9.45 0.16497 1.46033e-06 
9.45 0.16697 3.49548e-06 
9.45 0.16897 8.22196e-06 
9.45 0.17097 1.74124e-05 
9.45 0.17297 3.51638e-05 
9.45 0.17497 0.000116295 
9.45 0.17697 0.000152122 
9.45 0.17897 0.000246265 
9.45 0.18097 0.000372381 
9.45 0.18297 0.000523321 
9.45 0.18497 0.000695827 
9.45 0.18697 0.000871584 
9.45 0.18897 0.00102634 
9.45 0.19097 0.00163726 
9.45 0.19297 0.00118073 
9.45 0.19497 0.00114686 
9.45 0.19697 0.00152859 
9.45 0.19897 0.00126799 
9.45 0.20097 0.000850905 
9.45 0.20297 0.000542113 
9.45 0.20497 0.000264565 
9.45 0.20697 8.6323e-05 
9.45 0.20897 4.24269e-05 
9.45 0.21097 1.0926e-05 
9.45 0.21297 9.88519e-07 
9.46 0.15897 2.36566e-07 
9.46 0.16097 1.04668e-06 
9.46 0.16297 2.62254e-06 
9.46 0.16497 6.0374e-06 
9.46 0.16697 1.30647e-05 
9.46 0.16897 2.81494e-05 
9.46 0.17097 9.27666e-05 
9.46 0.17297 0.000102575 
9.46 0.17497 0.000142239 
9.46 0.17697 0.000409243 
9.46 0.17897 0.000469512 
9.46 0.18097 0.000628431 
9.46 0.18297 0.00080376 
9.46 0.18497 0.00100871 
9.46 0.18697 0.00114759 
9.46 0.18897 0.00174136 
9.46 0.19097 0.00120231 
9.46 0.19297 0.00127694 
9.46 0.19497 0.0015579 
9.46 0.19697 0.00107119 
9.46 0.19897 0.000601676 
9.46 0.20097 0.000386118 
9.46 0.20297 0.00016274 
9.46 0.20497 5.76279e-05 
9.46 0.20697 1.36269e-05 
9.46 0.20897 4.3134e-06 
9.47 0.15697 7.38693e-07 
9.47 0.15897 1.84983e-06 
9.47 0.16097 4.4569e-06 
9.47 0.16297 1.0276e-05 
9.47 0.16497 2.14463e-05 
9.47 0.16697 4.22422e-05 
9.47 0.16897 7.82307e-05 
9.47 0.17097 0.000142451 
9.47 0.17297 0.000227645 
9.47 0.17497 0.000354101 
9.47 0.17697 0.00079792 
9.47 0.17897 0.000766044 
9.47 0.18097 0.000940693 
9.47 0.18297 0.00109999 
9.47 0.18497 0.00121235 
9.47 0.18697 0.00174606 
9.47 0.18897 0.00136055 
9.47 0.19097 0.00139734 
9.47 0.19297 0.00124749 
9.47 0.19497 0.00101531 
9.47 0.19697 0.000480163 
9.47 0.19897 0.000183712 
9.47 0.20097 9.85484e-05 
9.47 0.20297 2.93601e-05 
9.47 0.20497 7.21244e-06 
9.48 0.15297 3.19408e-07 
9.48 0.15497 1.34049e-06 
9.48 0.15697 3.26853e-06 
9.48 0.15897 7.46899e-06 
9.48 0.16097 1.64441e-05 
9.48 0.16297 3.41589e-05 
9.48 0.16497 5.67127e-05 
9.48 0.16697 0.00012845 
9.48 0.16897 0.000198133 
9.48 0.17097 0.00030825 
9.48 0.17297 0.000451131 
9.48 0.17497 0.000727056 
9.48 0.17697 0.00117889 
9.48 0.17897 0.00108267 
9.48 0.18097 0.00121895 
9.48 0.18297 0.00142634 
9.48 0.18497 0.00179059 
9.48 0.18697 0.00116336 
9.48 0.18897 0.00134701 
9.48 0.19097 0.00122134 
9.48 0.19297 0.000761357 
9.48 0.19497 0.000353497 
9.48 0.19697 0.000113039 
9.48 0.19897 5.44954e-05 
9.48 0.20097 1.40688e-05 
9.48 0.20297 2.0082e-06 
9.49 0.15097 9.58954e-07 
9.49 0.15297 2.41937e-06 
9.49 0.15497 5.72268e-06 
9.49 0.15697 1.25887e-05 
9.49 0.15897 1.84679e-05 
9.49 0.16097 3.14661e-05 
9.49 0.16297 0.000129674 
9.49 0.16497 0.000167308 
9.49 0.16697 0.000255074 
9.49 0.16897 0.000394085 
9.49 0.17097 0.000578051 
9.49 0.17297 0.000765373 
9.49 0.17497 0.00149214 
9.49 0.17697 0.00121398 
9.49 0.17897 0.00135529 
9.49 0.18097 0.00137911 
9.49 0.18297 0.00178332 
9.49 0.18497 0.00112539 
9.49 0.18697 0.00155683 
9.49 0.18897 0.000907282 
9.49 0.19097 0.000536652 
9.49 0.19297 0.000221792 
9.49 0.19497 7.4002e-05 
9.49 0.19697 1.68756e-05 
9.49 0.19897 6.3892e-06 
9.5 0.14697 4.13385e-07 
9.5 0.14897 1.71504e-06 
9.5 0.15097 4.13582e-06 
9.5 0.15297 9.36851e-06 
9.5 0.15497 9.98718e-06 
9.5 0.15697 2.86322e-05 
9.5 0.15897 5.66117e-05 
9.5 0.16097 0.000186086 
9.5 0.16297 0.000231167 
9.5 0.16497 0.000354026 
9.5 0.16697 0.000518212 
9.5 0.16897 0.000707388 
9.5 0.17097 0.000909327 
9.5 0.17297 0.00161428 
9.5 0.17497 0.00130257 
9.5 0.17697 0.00137565 
9.5 0.17897 0.00136807 
9.5 0.18097 0.00169531 
9.5 0.18297 0.0012415 
9.5 0.18497 0.00143127 
9.5 0.18697 0.000704527 
9.5 0.18897 0.00027002 
9.5 0.19097 0.000130665 
9.5 0.19297 3.8572e-05 
9.5 0.19497 8.59044e-06 
9.5 0.19697 6.78877e-07 
9.51 0.14497 1.22879e-06 
9.51 0.14697 3.06262e-06 
9.51 0.14897 6.5397e-06 
9.51 0.15097 7.54234e-06 
9.51 0.15297 2.34749e-05 
9.51 0.15497 4.52916e-05 
9.51 0.15697 0.000151816 
9.51 0.15897 0.000195848 
9.51 0.16097 0.000310598 
9.51 0.16297 0.000462905 
9.51 0.16497 0.000648024 
9.51 0.16697 0.000849239 
9.51 0.16897 0.00105111 
9.51 0.17097 0.00125752 
9.51 0.17297 0.00188095 
9.51 0.17497 0.00141047 
9.51 0.17697 0.00136339 
9.51 0.17897 0.00159566 
9.51 0.18097 0.00133368 
9.51 0.18297 0.00108366 
9.51 0.18497 0.00050262 
9.51 0.18697 0.000177903 
9.51 0.18897 7.27627e-05 
9.51 0.19097 1.88013e-05 
9.51 0.19297 3.21344e-06 
9.52 0.14097 5.34539e-07 
9.52 0.14297 2.1419e-06 
9.52 0.14497 5.16553e-06 
9.52 0.14697 5.47581e-06 
9.52 0.14897 1.78507e-05 
9.52 0.15097 3.63466e-05 
9.52 0.15297 6.92627e-05 
9.52 0.15497 0.000213632 
9.52 0.15697 0.00026427 
9.52 0.15897 0.000399433 
9.52 0.16097 0.000568324 
9.52 0.16297 0.000783136 
9.52 0.16497 0.00100054 
9.52 0.16697 0.00119498 
9.52 0.16897 0.00134872 
9.52 0.17097 0.00197341 
9.52 0.17297 0.00137366 
9.52 0.17497 0.0015097 
9.52 0.17697 0.00146872 
9.52 0.17897 0.00143173 
9.52 0.18097 0.000640067 
9.52 0.18297 0.000313227 
9.52 0.18497 0.0001033 
9.52 0.18697 2.63502e-05 
9.52 0.18897 8.26385e-06 
9.52 0.19097 6.1578e-07 
9.53 0.13697 6.92483e-09 
9.53 0.13897 1.57534e-06 
9.53 0.14097 3.81942e-06 
9.53 0.14297 4.03259e-06 
9.53 0.14497 1.29033e-05 
9.53 0.14697 2.84476e-05 
9.53 0.14897 5.6257e-05 
9.53 0.15097 0.000181844 
9.53 0.15297 0.000216891 
9.53 0.15497 0.000345883 
9.53 0.15697 0.000504483 
9.53 0.15897 0.000701198 
9.53 0.16097 0.000922129 
9.53 0.16297 0.00112613 
9.53 0.16497 0.00129231 
9.53 0.16697 0.00159761 
9.53 0.16897 0.00204173 
9.53 0.17097 0.00136313 
9.53 0.17297 0.00119742 
9.53 0.17497 0.00167332 
9.53 0.17697 0.0010482 
9.53 0.17897 0.000406251 
9.53 0.18097 0.000182538 
9.53 0.18297 5.26775e-05 
9.53 0.18497 1.21375e-05 
9.53 0.18697 1.55309e-06 
9.54 0.13497 7.0329e-07 
9.54 0.13697 2.80372e-06 
9.54 0.13897 3.583e-06 
9.54 0.14097 9.82858e-06 
9.54 0.14297 2.0747e-05 
9.54 0.14497 4.25218e-05 
9.54 0.14697 9.12111e-05 
9.54 0.14897 0.000250174 
9.54 0.15097 0.000304213 
9.54 0.15297 0.000460113 
9.54 0.15497 0.000651821 
9.54 0.15697 0.000869973 
9.54 0.15897 0.00108202 
9.54 0.16097 0.00127172 
9.54 0.16297 0.001405 
9.54 0.16497 0.00147909 
9.54 0.16697 0.00196109 
9.54 0.16897 0.00127275 
9.54 0.17097 0.00109619 
9.54 0.17297 0.0015019 
9.54 0.17497 0.000758973 
9.54 0.17697 0.000296578 
9.54 0.17897 8.4384e-05 
9.54 0.18097 2.52659e-05 
9.54 0.18297 4.869e-06 
9.55 0.13097 4.78382e-08 
9.55 0.13297 1.94361e-06 
9.55 0.13497 3.53808e-06 
9.55 0.13697 6.30374e-06 
9.55 0.13897 1.70641e-05 
9.55 0.14097 3.5264e-05 
9.55 0.14297 6.27833e-05 
9.55 0.14497 0.000208043 
9.55 0.14697 0.000253142 
9.55 0.14897 0.000222198 
9.55 0.15097 0.000489299 
9.55 0.15297 0.000700273 
9.55 0.15497 0.00100062 
9.55 0.15697 0.00156103 
9.55 0.15897 0.00137932 
9.55 0.16097 0.00146505 
9.55 0.16297 0.00146503 
9.55 0.16497 0.00143517 
9.55 0.16697 0.00158926 
9.55 0.16897 0.00133793 
9.55 0.17097 0.00105372 
9.55 0.17297 0.00045594 
9.55 0.17497 0.000155755 
9.55 0.17697 3.8084e-05 
9.55 0.17897 1.22216e-05 
9.55 0.18097 1.29674e-06 
9.56 0.12697 1.7922e-08 
9.56 0.12897 9.57017e-07 
9.56 0.13097 3.47579e-06 
9.56 0.13297 3.68754e-06 
9.56 0.13497 1.26861e-05 
9.56 0.13697 2.65117e-05 
9.56 0.13897 5.43569e-05 
9.56 0.14097 9.94253e-05 
9.56 0.14297 0.000264134 
9.56 0.14497 0.000195918 
9.56 0.14697 0.00043316 
9.56 0.14897 0.000619726 
9.56 0.15097 0.000832527 
9.56 0.15297 0.00108548 
9.56 0.15497 0.00138176 
9.56 0.15697 0.00192778 
9.56 0.15897 0.00150961 
9.56 0.16097 0.0014625 
9.56 0.16297 0.00151626 
9.56 0.16497 0.00144611 
9.56 0.16697 0.00122915 
9.56 0.16897 0.000743296 
9.56 0.17097 0.000320636 
9.56 0.17297 7.71706e-05 
9.56 0.17497 1.8021e-05 
9.56 0.17697 2.95243e-06 
9.57 0.12497 7.04988e-08 
9.57 0.12697 2.48036e-06 
9.57 0.12897 3.15469e-06 
9.57 0.13097 9.87788e-06 
9.57 0.13297 1.97542e-05 
9.57 0.13497 4.13397e-05 
9.57 0.13697 8.69923e-05 
9.57 0.13897 0.000180321 
9.57 0.14097 0.000192403 
9.57 0.14297 0.000373191 
9.57 0.14497 0.000538031 
9.57 0.14697 0.000752629 
9.57 0.14897 0.000991106 
9.57 0.15097 0.00120631 
9.57 0.15297 0.00138078 
9.57 0.15497 0.00204807 
9.57 0.15697 0.00158121 
9.57 0.15897 0.00162925 
9.57 0.16097 0.00123183 
9.57 0.16297 0.001447 
9.57 0.16497 0.00111841 
9.57 0.16697 0.000427857 
9.57 0.16897 0.000166047 
9.57 0.17097 4.36129e-05 
9.57 0.17297 7.11985e-06 
9.57 0.17497 4.70071e-07 
9.58 0.12097 9.21158e-08 
9.58 0.12297 1.12179e-06 
9.58 0.12497 3.37748e-06 
9.58 0.12697 5.73381e-06 
9.58 0.12897 1.58216e-05 
9.58 0.13097 3.05644e-05 
9.58 0.13297 6.36605e-05 
9.58 0.13497 0.000127815 
9.58 0.13697 0.000203865 
9.58 0.13897 0.000325881 
9.58 0.14097 0.000436389 
9.58 0.14297 0.00066875 
9.58 0.14497 0.000904346 
9.58 0.14697 0.00112945 
9.58 0.14897 0.00132093 
9.58 0.15097 0.00161098 
9.58 0.15297 0.00158651 
9.58 0.15497 0.00202397 
9.58 0.15697 0.00130473 
9.58 0.15897 0.00112016 
9.58 0.16097 0.0013824 
9.58 0.16297 0.000859591 
9.58 0.16497 0.000237829 
9.58 0.16697 8.27168e-05 
9.58 0.16897 1.81106e-05 
9.58 0.17097 2.72792e-06 
9.59 0.11697 3.91587e-08 
9.59 0.11897 1.92677e-07 
9.59 0.12097 2.24616e-06 
9.59 0.12297 4.22686e-06 
9.59 0.12497 1.19134e-05 
9.59 0.12697 2.49723e-05 
9.59 0.12897 5.04699e-05 
9.59 0.13097 9.85209e-05 
9.59 0.13297 0.000174819 
9.59 0.13497 0.000282835 
9.59 0.13697 0.00043247 
9.59 0.13897 0.000621765 
9.59 0.14097 0.000842874 
9.59 0.14297 0.00106956 
9.59 0.14497 0.00132337 
9.59 0.14697 0.00148258 
9.59 0.14897 0.00156287 
9.59 0.15097 0.00154658 
9.59 0.15297 0.00190965 
9.59 0.15497 0.00121018 
9.59 0.15697 0.00108629 
9.59 0.15897 0.00117895 
9.59 0.16097 0.000496721 
9.59 0.16297 0.000154834 
9.59 0.16497 3.92451e-05 
9.59 0.16697 7.19202e-06 
9.59 0.16897 4.99628e-07 
9.6 0.11497 1.29761e-07 
9.6 0.11697 1.16578e-06 
9.6 0.11897 3.20331e-06 
9.6 0.12097 8.08645e-06 
9.6 0.12297 1.9295e-05 
9.6 0.12497 3.93464e-05 
9.6 0.12697 7.51623e-05 
9.6 0.12897 0.000136909 
9.6 0.13097 0.00023487 
9.6 0.13297 0.000381233 
9.6 0.13497 0.000561847 
9.6 0.13697 0.00077913 
9.6 0.13897 0.00101118 
9.6 0.14097 0.00123755 
9.6 0.14297 0.00141851 
9.6 0.14497 0.00152515 
9.6 0.14697 0.00161531 
9.6 0.14897 0.00153194 
9.6 0.15097 0.00158937 
9.6 0.15297 0.00137845 
9.6 0.15497 0.00116568 
9.6 0.15697 0.000758924 
9.6 0.15897 0.000269482 
9.6 0.16097 7.35669e-05 
9.6 0.16297 1.50376e-05 
9.6 0.16497 2.18166e-06 
9.61 0.11097 4.78778e-08 
9.61 0.11297 2.2423e-07 
9.61 0.11497 2.02781e-06 
9.61 0.11697 6.83734e-06 
9.61 0.11897 1.51368e-05 
9.61 0.12097 2.7604e-05 
9.61 0.12297 5.98336e-05 
9.61 0.12497 0.000111484 
9.61 0.12697 0.000191115 
9.61 0.12897 0.000304932 
9.61 0.13097 0.000460797 
9.61 0.13297 0.000672053 
9.61 0.13497 0.000914997 
9.61 0.13697 0.00114833 
9.61 0.13897 0.00139939 
9.61 0.14097 0.00155232 
9.61 0.14297 0.00160034 
9.61 0.14497 0.00155797 
9.61 0.14697 0.00141772 
9.61 0.14897 0.00122743 
9.61 0.15097 0.00155749 
9.61 0.15297 0.000856711 
9.61 0.15497 0.000522014 
9.61 0.15697 0.000166191 
9.61 0.15897 3.86953e-05 
9.61 0.16097 5.29213e-06 
9.61 0.16297 1.89055e-07 
9.62 0.10697 5.59117e-08 
9.62 0.10897 2.63746e-07 
9.62 0.11097 2.78852e-07 
9.62 0.11297 4.7873e-06 
9.62 0.11497 1.13138e-05 
9.62 0.11697 2.4374e-05 
9.62 0.11897 4.17112e-05 
9.62 0.12097 0.000102686 
9.62 0.12297 0.000171455 
9.62 0.12497 0.000239018 
9.62 0.12697 0.000407205 
9.62 0.12897 0.000589169 
9.62 0.13097 0.000771194 
9.62 0.13297 0.000805965 
9.62 0.13497 0.00115265 
9.62 0.13697 0.00165894 
9.62 0.13897 0.00180111 
9.62 0.14097 0.00159941 
9.62 0.14297 0.00149535 
9.62 0.14497 0.00130567 
9.62 0.14697 0.00124884 
9.62 0.14897 0.00122775 
9.62 0.15097 0.000733347 
9.62 0.15297 0.000291939 
9.62 0.15497 7.89234e-05 
9.62 0.15697 1.59136e-05 
9.62 0.15897 2.05834e-06 
9.62 0.16097 1.53517e-08 
9.63 0.10497 1.85897e-07 
9.63 0.10697 4.96197e-07 
9.63 0.10897 2.05599e-06 
9.63 0.11097 7.8062e-06 
9.63 0.11297 1.79391e-05 
9.63 0.11497 3.70774e-05 
9.63 0.11697 7.309e-05 
9.63 0.11897 0.000135674 
9.63 0.12097 0.000230775 
9.63 0.12297 0.00037426 
9.63 0.12497 0.000551619 
9.63 0.12697 0.000421796 
9.63 0.12897 0.000823433 
9.63 0.13097 0.00112846 
9.63 0.13297 0.0013507 
9.63 0.13497 0.00150682 
9.63 0.13697 0.00171657 
9.63 0.13897 0.00203321 
9.63 0.14097 0.00143792 
9.63 0.14297 0.0012198 
9.63 0.14497 0.00123801 
9.63 0.14697 0.000967739 
9.63 0.14897 0.000527331 
9.63 0.15097 0.000200244 
9.63 0.15297 3.52908e-05 
9.63 0.15497 5.90491e-06 
9.63 0.15697 2.66423e-07 
9.64 0.10097 8.04326e-08 
9.64 0.10297 3.67786e-07 
9.64 0.10497 9.27646e-07 
9.64 0.10697 6.64832e-06 
9.64 0.10897 1.18835e-05 
9.64 0.11097 2.80971e-05 
9.64 0.11297 5.73311e-05 
9.64 0.11497 0.000106599 
9.64 0.11697 0.000183089 
9.64 0.11897 0.000294876 
9.64 0.12097 0.000388333 
9.64 0.12297 0.000449427 
9.64 0.12497 0.000815806 
9.64 0.12697 0.00106775 
9.64 0.12897 0.00133425 
9.64 0.13097 0.00151148 
9.64 0.13297 0.00161043 
9.64 0.13497 0.00160819 
9.64 0.13697 0.00177227 
9.64 0.13897 0.00149042 
9.64 0.14097 0.00104823 
9.64 0.14297 0.000959505 
9.64 0.14497 0.000798666 
9.64 0.14697 0.00029791 
9.64 0.14897 8.13226e-05 
9.64 0.15097 1.89284e-05 
9.64 0.15297 2.17531e-06 
9.64 0.15497 2.63505e-08 
9.65 0.09697 9.40912e-08 
9.65 0.09897 1.56708e-07 
9.65 0.10097 6.5121e-07 
9.65 0.10297 3.4641e-06 
9.65 0.10497 1.09026e-05 
9.65 0.10697 2.41176e-05 
9.65 0.10897 3.84984e-05 
9.65 0.11097 8.4029e-05 
9.65 0.11297 0.000152599 
9.65 0.11497 0.000209071 
9.65 0.11697 0.000358404 
9.65 0.11897 0.000413717 
9.65 0.12097 0.000694002 
9.65 0.12297 0.000913419 
9.65 0.12497 0.00119225 
9.65 0.12697 0.00141253 
9.65 0.12897 0.00157907 
9.65 0.13097 0.00165622 
9.65 0.13297 0.00159427 
9.65 0.13497 0.00143554 
9.65 0.13697 0.00157337 
9.65 0.13897 0.000949224 
9.65 0.14097 0.000814014 
9.65 0.14297 0.000471371 
9.65 0.14497 0.000156819 
9.65 0.14697 3.22547e-05 
9.65 0.14897 6.33674e-06 
9.65 0.15097 3.40079e-07 
9.65 0.15297 4.11038e-09 
9.66 0.09497 2.52298e-07 
9.66 0.09697 7.07468e-07 
9.66 0.09897 1.69962e-06 
9.66 0.10097 6.65641e-06 
9.66 0.10297 1.74748e-05 
9.66 0.10497 3.61452e-05 
9.66 0.10697 7.01941e-05 
9.66 0.10897 0.000128899 
9.66 0.11097 0.000156359 
9.66 0.11297 0.000264855 
9.66 0.11497 0.000392962 
9.66 0.11697 0.000625414 
9.66 0.11897 0.000842373 
9.66 0.12097 0.00106703 
9.66 0.12297 0.00127522 
9.66 0.12497 0.0014263 
9.66 0.12697 0.00153076 
9.66 0.12897 0.0015693 
9.66 0.13097 0.00147467 
9.66 0.13297 0.00130987 
9.66 0.13497 0.00147611 
9.66 0.13697 0.000763518 
9.66 0.13897 0.00061829 
9.66 0.14097 0.000311531 
9.66 0.14297 8.71346e-05 
9.66 0.14497 1.94414e-05 
9.66 0.14697 1.53715e-06 
9.66 0.14897 3.476e-08 
9.67 0.09097 1.06374e-07 
9.67 0.09297 4.37589e-07 
9.67 0.09497 1.16678e-06 
9.67 0.09697 5.02382e-06 
9.67 0.09897 1.42574e-05 
9.67 0.10097 2.2605e-05 
9.67 0.10297 5.4864e-05 
9.67 0.10497 0.000103507 
9.67 0.10697 0.000167641 
9.67 0.10897 0.000197075 
9.67 0.11097 0.000383798 
9.67 0.11297 0.000585518 
9.67 0.11497 0.000775035 
9.67 0.11697 0.000883477 
9.67 0.11897 0.00121721 
9.67 0.12097 0.00139949 
9.67 0.12297 0.00150969 
9.67 0.12497 0.00152558 
9.67 0.12697 0.0014536 
9.67 0.12897 0.00134315 
9.67 0.13097 0.00117026 
9.67 0.13297 0.00112389 
9.67 0.13497 0.000785524 
9.67 0.13697 0.000478422 
9.67 0.13897 0.000157703 
9.67 0.14097 3.75997e-05 
9.67 0.14297 6.51571e-06 
9.67 0.14497 4.73388e-07 
9.67 0.14697 2.21316e-09 
9.68 0.08697 1.17795e-07 
9.68 0.08897 5.0048e-07 
9.68 0.09097 4.95044e-07 
9.68 0.09297 1.90426e-06 
9.68 0.09497 1.06456e-05 
9.68 0.09697 2.29306e-05 
9.68 0.09897 4.23426e-05 
9.68 0.10097 6.66548e-05 
9.68 0.10297 0.000100911 
9.68 0.10497 0.000192213 
9.68 0.10697 0.000324108 
9.68 0.10897 0.000490603 
9.68 0.11097 0.000686247 
9.68 0.11297 0.000914398 
9.68 0.11497 0.00118546 
9.68 0.11697 0.00138195 
9.68 0.11897 0.00151204 
9.68 0.12097 0.00134851 
9.68 0.12297 0.00149886 
9.68 0.12497 0.00139547 
9.68 0.12697 0.00120626 
9.68 0.12897 0.00110246 
9.68 0.13097 0.00075405 
9.68 0.13297 0.000643519 
9.68 0.13497 0.000265644 
9.68 0.13697 9.1103e-05 
9.68 0.13897 1.59589e-05 
9.68 0.14097 1.63049e-06 
9.68 0.14297 4.6962e-08 
9.69 0.08497 3.5411e-07 
9.69 0.08697 9.00429e-07 
9.69 0.08897 1.18161e-06 
9.69 0.09097 5.29735e-06 
9.69 0.09297 1.60819e-05 
9.69 0.09497 3.40694e-05 
9.69 0.09697 5.70828e-05 
9.69 0.09897 6.16646e-05 
9.69 0.10097 0.000160426 
9.69 0.10297 0.00026385 
9.69 0.10497 0.000424588 
9.69 0.10697 0.000614188 
9.69 0.10897 0.000831801 
9.69 0.11097 0.00105549 
9.69 0.11297 0.00125782 
9.69 0.11497 0.00138966 
9.69 0.11697 0.00156145 
9.69 0.11897 0.00161293 
9.69 0.12097 0.00126379 
9.69 0.12297 0.00130921 
9.69 0.12497 0.00123285 
9.69 0.12697 0.000830243 
9.69 0.12897 0.000543818 
9.69 0.13097 0.000495187 
9.69 0.13297 0.000161194 
9.69 0.13497 3.96361e-05 
9.69 0.13697 7.24976e-06 
9.69 0.13897 6.09367e-07 
9.69 0.14097 2.18889e-09 
9.7 0.08097 1.56635e-07 
9.7 0.08297 6.4383e-07 
9.7 0.08497 1.5537e-06 
9.7 0.08697 3.48277e-06 
9.7 0.08897 9.99367e-06 
9.7 0.09097 2.45095e-05 
9.7 0.09297 3.47781e-05 
9.7 0.09497 8.17112e-05 
9.7 0.09697 0.000141592 
9.7 0.09897 0.000183628 
9.7 0.10097 0.000342333 
9.7 0.10297 0.000532322 
9.7 0.10497 0.000751997 
9.7 0.10697 0.000939359 
9.7 0.10897 0.000958943 
9.7 0.11097 0.00122241 
9.7 0.11297 0.0014321 
9.7 0.11497 0.0015164 
9.7 0.11697 0.00156118 
9.7 0.11897 0.00177707 
9.7 0.12097 0.00103941 
9.7 0.12297 0.00113237 
9.7 0.12497 0.000620874 
9.7 0.12697 0.000494809 
9.7 0.12897 0.000273144 
9.7 0.13097 7.63917e-05 
9.7 0.13297 1.58915e-05 
9.7 0.13497 1.98279e-06 
9.7 0.13697 6.105e-08 
9.7 0.13897 1.97346e-10 
9.71 0.07697 1.71573e-07 
9.71 0.07897 2.84777e-07 
9.71 0.08097 1.13379e-06 
9.71 0.08297 2.64278e-06 
9.71 0.08497 8.52223e-06 
9.71 0.08697 1.11066e-05 
9.71 0.08897 2.95028e-05 
9.71 0.09097 6.23178e-05 
9.71 0.09297 0.00011879 
9.71 0.09497 0.000200219 
9.71 0.09697 0.000317326 
9.71 0.09897 0.000476987 
9.71 0.10097 0.000667079 
9.71 0.10297 0.000613253 
9.71 0.10497 0.000838635 
9.71 0.10697 0.00126311 
9.71 0.10897 0.00139522 
9.71 0.11097 0.00146806 
9.71 0.11297 0.00143922 
9.71 0.11497 0.00138566 
9.71 0.11697 0.00128332 
9.71 0.11897 0.00133403 
9.71 0.12097 0.000783191 
9.71 0.12297 0.000448114 
9.71 0.12497 0.000390416 
9.71 0.12697 0.000168177 
9.71 0.12897 4.89277e-05 
9.71 0.13097 9.08059e-06 
9.71 0.13297 7.21404e-07 
9.71 0.13497 2.73133e-09 
9.72 0.07497 5.1193e-07 
9.72 0.07697 4.98086e-07 
9.72 0.07897 1.90995e-06 
9.72 0.08097 4.28339e-06 
9.72 0.08297 1.21451e-05 
9.72 0.08497 1.8063e-05 
9.72 0.08697 4.6921e-05 
9.72 0.08897 9.04641e-05 
9.72 0.09097 0.000164374 
9.72 0.09297 0.000260192 
9.72 0.09497 0.00029602 
9.72 0.09697 0.000640404 
9.72 0.09897 0.000641989 
9.72 0.10097 0.000914726 
9.72 0.10297 0.00105715 
9.72 0.10497 0.00123905 
9.72 0.10697 0.00115917 
9.72 0.10897 0.00148172 
9.72 0.11097 0.00147456 
9.72 0.11297 0.00136659 
9.72 0.11497 0.00113766 
9.72 0.11697 0.00106621 
9.72 0.11897 0.000647225 
9.72 0.12097 0.000319861 
9.72 0.12297 0.000289836 
9.72 0.12497 8.45851e-05 
9.72 0.12697 1.84918e-05 
9.72 0.12897 2.38179e-06 
9.72 0.13097 8.48565e-08 
9.72 0.13297 2.55254e-10 
9.73 0.07097 2.22043e-07 
9.73 0.07297 9.02917e-07 
9.73 0.07497 8.45216e-07 
9.73 0.07697 3.16579e-06 
9.73 0.07897 6.87838e-06 
9.73 0.08097 2.17329e-05 
9.73 0.08297 2.75967e-05 
9.73 0.08497 6.81066e-05 
9.73 0.08697 0.000126448 
9.73 0.08897 0.000165729 
9.73 0.09097 0.000297316 
9.73 0.09297 0.000503349 
9.73 0.09497 0.000603078 
9.73 0.09697 0.000803449 
9.73 0.09897 0.00100797 
9.73 0.10097 0.00120876 
9.73 0.10297 0.00134194 
9.73 0.10497 0.00140238 
9.73 0.10697 0.00115972 
9.73 0.10897 0.00134485 
9.73 0.11097 0.0012095 
9.73 0.11297 0.00107318 
9.73 0.11497 0.000713816 
9.73 0.11697 0.000571471 
9.73 0.11897 0.000305418 
9.73 0.12097 0.000151585 
9.73 0.12297 3.76346e-05 
9.73 0.12497 6.65884e-06 
9.73 0.12697 4.29833e-07 
9.73 0.12897 3.91594e-09 
9.74 0.06897 5.90203e-07 
9.74 0.07097 1.52681e-06 
9.74 0.07297 1.46752e-06 
9.74 0.07497 5.1436e-06 
9.74 0.07697 1.43039e-05 
9.74 0.07897 3.33654e-05 
9.74 0.08097 4.15189e-05 
9.74 0.08297 9.36621e-05 
9.74 0.08497 0.000126839 
9.74 0.08697 0.000245506 
9.74 0.08897 0.000382096 
9.74 0.09097 0.000546689 
9.74 0.09297 0.000733063 
9.74 0.09497 0.00095476 
9.74 0.09697 0.00116559 
9.74 0.09897 0.00132239 
9.74 0.10097 0.00142288 
9.74 0.10297 0.00142969 
9.74 0.10497 0.00113264 
9.74 0.10697 0.00123842 
9.74 0.10897 0.00115154 
9.74 0.11097 0.00079384 
9.74 0.11297 0.000535849 
9.74 0.11497 0.000435221 
9.74 0.11697 0.000233345 
9.74 0.11897 0.000100315 
9.74 0.12097 2.31691e-05 
9.74 0.12297 3.15392e-06 
9.74 0.12497 1.08336e-07 
9.74 0.12697 4.33453e-10 
9.75 0.06497 2.0894e-07 
9.75 0.06697 8.99563e-07 
9.75 0.06897 2.63809e-06 
9.75 0.07097 3.82831e-06 
9.75 0.07297 6.84438e-06 
9.75 0.07497 2.59045e-05 
9.75 0.07697 5.03908e-05 
9.75 0.07897 7.55158e-05 
9.75 0.08097 0.000132177 
9.75 0.08297 0.000234464 
9.75 0.08497 0.000349902 
9.75 0.08697 0.00046559 
9.75 0.08897 0.000586717 
9.75 0.09097 0.000848781 
9.75 0.09297 0.0011108 
9.75 0.09497 0.00129517 
9.75 0.09697 0.0014043 
9.75 0.09897 0.00142206 
9.75 0.10097 0.00145097 
9.75 0.10297 0.0010953 
9.75 0.10497 0.00112345 
9.75 0.10697 0.00105394 
9.75 0.10897 0.000579034 
9.75 0.11097 0.000384538 
9.75 0.11297 0.0003427 
9.75 0.11497 0.000180234 
9.75 0.11697 4.6622e-05 
9.75 0.11897 8.30315e-06 
9.75 0.12097 5.47299e-07 
9.75 0.12297 5.53574e-09 
9.76 0.06097 2.35232e-07 
9.76 0.06297 3.72059e-07 
9.76 0.06497 1.53548e-06 
9.76 0.06697 3.76602e-06 
9.76 0.06897 8.3081e-06 
9.76 0.07097 1.15621e-05 
9.76 0.07297 3.88427e-05 
9.76 0.07497 5.69496e-05 
9.76 0.07697 0.000111929 
9.76 0.07897 0.000180503 
9.76 0.08097 0.000278469 
9.76 0.08297 0.000429548 
9.76 0.08497 0.00062 
9.76 0.08697 0.000829646 
9.76 0.08897 0.000993308 
9.76 0.09097 0.00106463 
9.76 0.09297 0.000903951 
9.76 0.09497 0.00133354 
9.76 0.09697 0.00137843 
9.76 0.09897 0.00134229 
9.76 0.10097 0.00112997 
9.76 0.10297 0.00138234 
9.76 0.10497 0.000785686 
9.76 0.10697 0.000443808 
9.76 0.10897 0.000280355 
9.76 0.11097 0.000275774 
9.76 0.11297 7.6071e-05 
9.76 0.11497 1.96014e-05 
9.76 0.11697 3.43395e-06 
9.76 0.11897 1.33419e-07 
9.76 0.12097 4.27126e-10 
9.77 0.05897 6.99091e-07 
9.77 0.06097 1.49124e-06 
9.77 0.06297 1.64459e-06 
9.77 0.06497 5.38733e-06 
9.77 0.06697 1.1041e-05 
9.77 0.06897 1.74424e-05 
9.77 0.07097 4.09473e-05 
9.77 0.07297 8.2309e-05 
9.77 0.07497 0.000139158 
9.77 0.07697 0.000243556 
9.77 0.07897 0.000361441 
9.77 0.08097 0.000447414 
9.77 0.08297 0.000853019 
9.77 0.08497 0.000827419 
9.77 0.08697 0.000806218 
9.77 0.08897 0.00115713 
9.77 0.09097 0.00104635 
9.77 0.09297 0.00135582 
9.77 0.09497 0.0013682 
9.77 0.09697 0.00124099 
9.77 0.09897 0.00107577 
9.77 0.10097 0.000977468 
9.77 0.10297 0.000805761 
9.77 0.10497 0.000336901 
9.77 0.10697 0.000223136 
9.77 0.10897 0.000180455 
9.77 0.11097 5.19268e-05 
9.77 0.11297 9.55373e-06 
9.77 0.11497 6.52291e-07 
9.77 0.11697 6.41915e-09 
9.78 0.05497 3.06595e-07 
9.78 0.05697 1.2144e-06 
9.78 0.05897 2.81694e-06 
9.78 0.06097 2.5168e-06 
9.78 0.06297 8.70614e-06 
9.78 0.06497 1.97745e-05 
9.78 0.06697 2.18708e-05 
9.78 0.06897 6.9148e-05 
9.78 0.07097 0.000110527 
9.78 0.07297 0.00020789 
9.78 0.07497 0.000276901 
9.78 0.07697 0.000380822 
9.78 0.07897 0.000718754 
9.78 0.08097 0.000660404 
9.78 0.08297 0.000880478 
9.78 0.08497 0.00111092 
9.78 0.08697 0.00122398 
9.78 0.08897 0.00127745 
9.78 0.09097 0.00105295 
9.78 0.09297 0.00120752 
9.78 0.09497 0.00108207 
9.78 0.09697 0.00106373 
9.78 0.09897 0.000724411 
9.78 0.10097 0.000555354 
9.78 0.10297 0.000337327 
9.78 0.10497 0.000204983 
9.78 0.10697 9.6711e-05 
9.78 0.10897 2.18529e-05 
9.78 0.11097 2.52272e-06 
9.78 0.11297 6.34699e-08 
9.78 0.11497 5.33462e-10 
9.79 0.05097 3.52463e-07 
9.79 0.05297 5.54982e-07 
9.79 0.05497 2.12188e-06 
9.79 0.05697 4.73587e-06 
9.79 0.05897 4.16483e-06 
9.79 0.06097 1.42016e-05 
9.79 0.06297 3.16575e-05 
9.79 0.06497 3.62476e-05 
9.79 0.06697 0.000149498 
9.79 0.06897 0.000186536 
9.79 0.07097 0.000222417 
9.79 0.07297 0.000368517 
9.79 0.07497 0.000506827 
9.79 0.07697 0.00056449 
9.79 0.07897 0.000873287 
9.79 0.08097 0.00106485 
9.79 0.08297 0.00119804 
9.79 0.08497 0.0012609 
9.79 0.08697 0.00125781 
9.79 0.08897 0.00100528 
9.79 0.09097 0.00109088 
9.79 0.09297 0.000955325 
9.79 0.09497 0.000871479 
9.79 0.09697 0.000525754 
9.79 0.09897 0.000365094 
9.79 0.10097 0.000310909 
9.79 0.10297 0.000149079 
9.79 0.10497 5.8024e-05 
9.79 0.10697 1.22962e-05 
9.79 0.10897 8.79818e-07 
9.79 0.11097 7.79063e-09 
9.8 0.04897 1.01268e-06 
9.8 0.05097 9.47712e-07 
9.8 0.05297 3.69423e-06 
9.8 0.05497 7.83954e-06 
9.8 0.05697 6.64786e-06 
9.8 0.05897 2.17263e-05 
9.8 0.06097 5.04917e-05 
9.8 0.06297 9.5337e-05 
9.8 0.06497 0.000141857 
9.8 0.06697 0.000199006 
9.8 0.06897 0.000330866 
9.8 0.07097 0.000488633 
9.8 0.07297 0.000660986 
9.8 0.07497 0.000859695 
9.8 0.07697 0.000756374 
9.8 0.07897 0.0011297 
9.8 0.08097 0.00122999 
9.8 0.08297 0.00126955 
9.8 0.08497 0.0012138 
9.8 0.08697 0.00094702 
9.8 0.08897 0.000981907 
9.8 0.09097 0.000861534 
9.8 0.09297 0.000622777 
9.8 0.09497 0.000395639 
9.8 0.09697 0.000256123 
9.8 0.09897 0.000216209 
9.8 0.10097 0.000107185 
9.8 0.10297 2.48976e-05 
9.8 0.10497 2.8634e-06 
9.8 0.10697 6.49603e-08 
9.8 0.10897 1.30306e-10 
9.81 0.04497 4.45068e-07 
9.81 0.04697 1.76509e-06 
9.81 0.04897 1.71555e-06 
9.81 0.05097 5.97189e-06 
9.81 0.05297 1.22443e-05 
9.81 0.05497 9.99806e-06 
9.81 0.05697 3.65943e-05 
9.81 0.05897 7.15842e-05 
9.81 0.06097 0.000105042 
9.81 0.06297 0.000185738 
9.81 0.06497 0.000297525 
9.81 0.06697 0.000439977 
9.81 0.06897 0.000543185 
9.81 0.07097 0.000735597 
9.81 0.07297 0.000929601 
9.81 0.07497 0.00101591 
9.81 0.07697 0.00113848 
9.81 0.07897 0.000960506 
9.81 0.08097 0.00106881 
9.81 0.08297 0.00104831 
9.81 0.08497 0.000890314 
9.81 0.08697 0.00111428 
9.81 0.08897 0.0007443 
9.81 0.09097 0.000476167 
9.81 0.09297 0.000293407 
9.81 0.09497 0.000181817 
9.81 0.09697 0.000172902 
9.81 0.09897 4.36356e-05 
9.81 0.10097 1.2221e-05 
9.81 0.10297 1.01775e-06 
9.81 0.10497 9.1191e-09 
9.82 0.04297 1.01594e-06 
9.82 0.04497 2.28308e-06 
9.82 0.04697 2.12582e-06 
9.82 0.04897 7.11412e-06 
9.82 0.05097 1.28631e-05 
9.82 0.05297 1.25398e-05 
9.82 0.05497 5.05562e-05 
9.82 0.05697 0.000102117 
9.82 0.05897 0.000145749 
9.82 0.06097 0.000262308 
9.82 0.06297 0.000324971 
9.82 0.06497 0.000402516 
9.82 0.06697 0.000577429 
9.82 0.06897 0.000896728 
9.82 0.07097 0.000937804 
9.82 0.07297 0.00100287 
9.82 0.07497 0.000841731 
9.82 0.07697 0.00107899 
9.82 0.07897 0.000963954 
9.82 0.08097 0.00104397 
9.82 0.08297 0.000944055 
9.82 0.08497 0.000811663 
9.82 0.08697 0.000627957 
9.82 0.08897 0.000492524 
9.82 0.09097 0.000220686 
9.82 0.09297 0.000136095 
9.82 0.09497 0.000117162 
9.82 0.09697 2.88566e-05 
9.82 0.09897 3.62218e-06 
9.82 0.10097 9.33164e-08 
9.82 0.10297 1.8574e-10 
9.83 0.03897 4.22632e-07 
9.83 0.04097 1.70343e-06 
9.83 0.04297 3.67362e-06 
9.83 0.04497 3.21876e-06 
9.83 0.04697 1.08111e-05 
9.83 0.04897 1.42117e-05 
9.83 0.05097 2.63215e-05 
9.83 0.05297 0.000111839 
9.83 0.05497 0.000150934 
9.83 0.05697 0.000212451 
9.83 0.05897 0.000299582 
9.83 0.06097 0.000358472 
9.83 0.06297 0.00054735 
9.83 0.06497 0.000815629 
9.83 0.06697 0.000648321 
9.83 0.06897 0.00080964 
9.83 0.07097 0.000899543 
9.83 0.07297 0.00112414 
9.83 0.07497 0.001067 
9.83 0.07697 0.000854659 
9.83 0.07897 0.00094846 
9.83 0.08097 0.000874818 
9.83 0.08297 0.000645511 
9.83 0.08497 0.000454494 
9.83 0.08697 0.000349424 
9.83 0.08897 0.000226632 
9.83 0.09097 0.000126437 
9.83 0.09297 5.56453e-05 
9.83 0.09497 9.62964e-06 
9.83 0.09697 1.28826e-06 
9.83 0.09897 1.3601e-08 
9.84 0.03497 4.60116e-07 
9.84 0.03697 7.13321e-07 
9.84 0.03897 2.71406e-06 
9.84 0.04097 3.62841e-06 
9.84 0.04297 7.20438e-06 
9.84 0.04497 1.66497e-05 
9.84 0.04697 1.41314e-05 
9.84 0.04897 4.92539e-05 
9.84 0.05097 0.000147178 
9.84 0.05297 0.000181631 
9.84 0.05497 0.000238136 
9.84 0.05697 0.000356145 
9.84 0.05897 0.00047347 
9.84 0.06097 0.000607318 
9.84 0.06297 0.000910861 
9.84 0.06497 0.000679755 
9.84 0.06697 0.000908596 
9.84 0.06897 0.000811343 
9.84 0.07097 0.00101776 
9.84 0.07297 0.00100331 
9.84 0.07497 0.000825641 
9.84 0.07697 0.000846063 
9.84 0.07897 0.000766638 
9.84 0.08097 0.000483962 
9.84 0.08297 0.000345384 
9.84 0.08497 0.000233575 
9.84 0.08697 0.000191682 
9.84 0.08897 9.34525e-05 
9.84 0.09097 3.41121e-05 
9.84 0.09297 4.40178e-06 
9.84 0.09497 1.16406e-07 
9.84 0.09697 2.77262e-10 
9.85 0.03297 1.30058e-06 
9.85 0.03497 1.21333e-06 
9.85 0.03697 4.46395e-06 
9.85 0.03897 3.99504e-06 
9.85 0.04097 1.30144e-05 
9.85 0.04297 2.6624e-05 
9.85 0.04497 3.25701e-05 
9.85 0.04697 8.36581e-05 
9.85 0.04897 0.000151333 
9.85 0.05097 0.000210878 
9.85 0.05297 0.000317781 
9.85 0.05497 0.000428455 
9.85 0.05697 0.000543944 
9.85 0.05897 0.000829404 
9.85 0.06097 0.000637438 
9.85 0.06297 0.000858006 
9.85 0.06497 0.000990349 
9.85 0.06697 0.00080052 
9.85 0.06897 0.000955856 
9.85 0.07097 0.000911236 
9.85 0.07297 0.000709993 
9.85 0.07497 0.000789412 
9.85 0.07697 0.000596338 
9.85 0.07897 0.000377885 
9.85 0.08097 0.00025902 
9.85 0.08297 0.000170419 
9.85 0.08497 0.000141608 
9.85 0.08697 6.39654e-05 
9.85 0.08897 1.15677e-05 
9.85 0.09097 6.38783e-07 
9.85 0.09297 1.60607e-08 
9.86 0.02897 5.59151e-07 
9.86 0.03097 1.92226e-06 
9.86 0.03297 2.22995e-06 
9.86 0.03497 7.07567e-06 
9.86 0.03697 1.21352e-05 
9.86 0.03897 8.24485e-06 
9.86 0.04097 2.60542e-05 
9.86 0.04297 4.0133e-05 
9.86 0.04497 0.000138611 
9.86 0.04697 0.000280546 
9.86 0.04897 0.000317487 
9.86 0.05097 0.00041021 
9.86 0.05297 0.000518565 
9.86 0.05497 0.000544796 
9.86 0.05697 0.000697687 
9.86 0.05897 0.000684167 
9.86 0.06097 0.000953906 
9.86 0.06297 0.000963659 
9.86 0.06497 0.000765626 
9.86 0.06697 0.000905725 
9.86 0.06897 0.000739424 
9.86 0.07097 0.000746365 
9.86 0.07297 0.000599329 
9.86 0.07497 0.000443465 
9.86 0.07697 0.000296245 
9.86 0.07897 0.000196467 
9.86 0.08097 0.000123699 
9.86 0.08297 0.000108876 
9.86 0.08497 2.91026e-05 
9.86 0.08697 5.18846e-06 
9.86 0.08897 1.27716e-07 
9.86 0.09097 2.67649e-10 
9.87 0.02697 1.57349e-06 
9.87 0.02897 3.54543e-06 
9.87 0.03097 2.26774e-06 
9.87 0.03297 7.88623e-06 
9.87 0.03497 6.40153e-06 
9.87 0.03697 2.06504e-05 
9.87 0.03897 1.57067e-05 
9.87 0.04097 0.000171419 
9.87 0.04297 0.000193552 
9.87 0.04497 0.000264771 
9.87 0.04697 0.000369029 
9.87 0.04897 0.000428594 
9.87 0.05097 0.000521637 
9.87 0.05297 0.000604832 
9.87 0.05497 0.000834074 
9.87 0.05697 0.00085295 
9.87 0.05897 0.000772913 
9.87 0.06097 0.000913025 
9.87 0.06297 0.00068695 
9.87 0.06497 0.000729066 
9.87 0.06697 0.00069252 
9.87 0.06897 0.000665877 
9.87 0.07097 0.000531217 
9.87 0.07297 0.000391985 
9.87 0.07497 0.000239854 
9.87 0.07697 0.000131371 
9.87 0.07897 8.66127e-05 
9.87 0.08097 6.67893e-05 
9.87 0.08297 1.25848e-05 
9.87 0.08497 6.8095e-07 
9.87 0.08697 1.2813e-08 
9.88 0.02297 6.77115e-07 
9.88 0.02497 1.9558e-06 
9.88 0.02697 1.64858e-06 
9.88 0.02897 5.85627e-06 
9.88 0.03097 4.88536e-06 
9.88 0.03297 1.61616e-05 
9.88 0.03497 1.24925e-05 
9.88 0.03697 7.78443e-05 
9.88 0.03897 0.000170911 
9.88 0.04097 0.000223573 
9.88 0.04297 0.000309045 
9.88 0.04497 0.000387393 
9.88 0.04697 0.000491911 
9.88 0.04897 0.00054397 
9.88 0.05097 0.000761554 
9.88 0.05297 0.000866801 
9.88 0.05497 0.000876999 
9.88 0.05697 0.00067509 
9.88 0.05897 0.000705007 
9.88 0.06097 0.00067467 
9.88 0.06297 0.000776155 
9.88 0.06497 0.000741255 
9.88 0.06697 0.00054805 
9.88 0.06897 0.000396007 
9.88 0.07097 0.000276982 
9.88 0.07297 0.000219004 
9.88 0.07497 0.000126392 
9.88 0.07697 7.37504e-05 
9.88 0.07897 2.68414e-05 
9.88 0.08097 4.51839e-06 
9.88 0.08297 1.55043e-07 
9.88 0.08497 4.13505e-10 
9.89 0.02097 1.35173e-06 
9.89 0.02297 1.21791e-06 
9.89 0.02497 4.41577e-06 
9.89 0.02697 3.71036e-06 
9.89 0.02897 1.23398e-05 
9.89 0.03097 9.82658e-06 
9.89 0.03297 3.06844e-05 
9.89 0.03497 0.000245158 
9.89 0.03697 0.00020207 
9.89 0.03897 0.000271216 
9.89 0.04097 0.000390948 
9.89 0.04297 0.000459718 
9.89 0.04497 0.000493376 
9.89 0.04697 0.000549978 
9.89 0.04897 0.000706587 
9.89 0.05097 0.000853392 
9.89 0.05297 0.000568776 
9.89 0.05497 0.000764582 
9.89 0.05697 0.000840063 
9.89 0.05897 0.000672592 
9.89 0.06097 0.000745814 
9.89 0.06297 0.000629954 
9.89 0.06497 0.0004321 
9.89 0.06697 0.000311589 
9.89 0.06897 0.000212839 
9.89 0.07097 0.00014128 
9.89 0.07297 0.000112873 
9.89 0.07497 5.29432e-05 
9.89 0.07697 1.54214e-05 
9.89 0.07897 8.82049e-07 
9.89 0.08097 6.16537e-09 
9.9 0.01697 5.77316e-07 
9.9 0.01897 8.71944e-07 
9.9 0.02097 3.16665e-06 
9.9 0.02297 2.82969e-06 
9.9 0.02497 9.29308e-06 
9.9 0.02697 7.57302e-06 
9.9 0.02897 2.42125e-05 
9.9 0.03097 0.000150115 
9.9 0.03297 0.00019811 
9.9 0.03497 0.000193323 
9.9 0.03697 0.000359202 
9.9 0.03897 0.000414014 
9.9 0.04097 0.000456879 
9.9 0.04297 0.000520032 
9.9 0.04497 0.000604993 
9.9 0.04697 0.000587988 
9.9 0.04897 0.000661552 
9.9 0.05097 0.000644875 
9.9 0.05297 0.000852022 
9.9 0.05497 0.000793232 
9.9 0.05697 0.000621499 
9.9 0.05897 0.000716222 
9.9 0.06097 0.000477329 
9.9 0.06297 0.000344045 
9.9 0.06497 0.000243391 
9.9 0.06697 0.00016015 
9.9 0.06897 0.000104527 
9.9 0.07097 8.29295e-05 
9.9 0.07297 3.38523e-05 
9.9 0.07497 3.39272e-06 
9.9 0.07697 1.96215e-07 
9.9 0.07897 4.72255e-10 
9.91 0.01497 6.11257e-07 
9.91 0.01697 1.14513e-06 
9.91 0.01897 3.27687e-06 
9.91 0.02097 7.00172e-06 
9.91 0.02297 5.95065e-06 
9.91 0.02497 1.89781e-05 
9.91 0.02697 7.69464e-05 
9.91 0.02897 0.000159102 
9.91 0.03097 0.000308773 
9.91 0.03297 0.000373059 
9.91 0.03497 0.000380409 
9.91 0.03697 0.000432794 
9.91 0.03897 0.000423524 
9.91 0.04097 0.000344434 
9.91 0.04297 0.000654899 
9.91 0.04497 0.000502562 
9.91 0.04697 0.000539575 
9.91 0.04897 0.00078977 
9.91 0.05097 0.000771468 
9.91 0.05297 0.000726317 
9.91 0.05497 0.000598405 
9.91 0.05697 0.000564716 
9.91 0.05897 0.000371668 
9.91 0.06097 0.000267115 
9.91 0.06297 0.000185163 
9.91 0.06497 0.000119037 
9.91 0.06697 7.40069e-05 
9.91 0.06897 6.33108e-05 
9.91 0.07097 1.11943e-05 
9.91 0.07297 1.09631e-06 
9.91 0.07497 7.02483e-09 
9.92 0.01297 6.56199e-07 
9.92 0.01497 2.48545e-06 
9.92 0.01697 3.09468e-06 
9.92 0.01897 6.58538e-06 
9.92 0.02097 1.48949e-05 
9.92 0.02297 5.22882e-05 
9.92 0.02497 0.000161158 
9.92 0.02697 0.000229569 
9.92 0.02897 0.000299976 
9.92 0.03097 0.000347438 
9.92 0.03297 0.000388008 
9.92 0.03497 0.000426484 
9.92 0.03697 0.000296574 
9.92 0.03897 0.000621418 
9.92 0.04097 0.000462006 
9.92 0.04297 0.000650353 
9.92 0.04497 0.000546326 
9.92 0.04697 0.000756545 
9.92 0.04897 0.000684194 
9.92 0.05097 0.000576439 
9.92 0.05297 0.00055155 
9.92 0.05497 0.000432753 
9.92 0.05697 0.000298702 
9.92 0.05897 0.000208801 
9.92 0.06097 0.000138515 
9.92 0.06297 8.78084e-05 
9.92 0.06497 6.18869e-05 
9.92 0.06697 3.00645e-05 
9.92 0.06897 4.25511e-06 
9.92 0.07097 7.00944e-08 
9.92 0.07297 6.71011e-10 
9.93 0.01097 1.78968e-06 
9.93 0.01297 1.66678e-06 
9.93 0.01497 5.69121e-06 
9.93 0.01697 1.01632e-05 
9.93 0.01897 1.05349e-05 
9.93 0.02097 0.000132418 
9.93 0.02297 0.000194038 
9.93 0.02497 0.000273855 
9.93 0.02697 0.000310844 
9.93 0.02897 0.000364416 
9.93 0.03097 0.000412474 
9.93 0.03297 0.000266685 
9.93 0.03497 0.000413889 
9.93 0.03697 0.000487553 
9.93 0.03897 0.000748942 
9.93 0.04097 0.000649064 
9.93 0.04297 0.000545484 
9.93 0.04497 0.00070722 
9.93 0.04697 0.000597489 
9.93 0.04897 0.000487281 
9.93 0.05097 0.000406031 
9.93 0.05297 0.000315764 
9.93 0.05497 0.000276646 
9.93 0.05697 0.000179356 
9.93 0.05897 0.000104782 
9.93 0.06097 6.21429e-05 
9.93 0.06297 4.46628e-05 
9.93 0.06497 1.25873e-05 
9.93 0.06697 7.71063e-07 
9.93 0.06897 8.97654e-09 
9.94 0.00697002 7.59431e-07 
9.94 0.00896999 1.19843e-06 
9.94 0.01097 4.26673e-06 
9.94 0.01297 3.60739e-06 
9.94 0.01497 1.2173e-05 
9.94 0.01697 7.06411e-05 
9.94 0.01897 0.000230111 
9.94 0.02097 0.00028434 
9.94 0.02297 0.000333565 
9.94 0.02497 0.000354386 
9.94 0.02697 0.000215162 
9.94 0.02897 0.000206319 
9.94 0.03097 0.0004449 
9.94 0.03297 0.000319002 
9.94 0.03497 0.000794909 
9.94 0.03697 0.00065163 
9.94 0.03897 0.00061347 
9.94 0.04097 0.000549585 
9.94 0.04297 0.000595287 
9.94 0.04497 0.000453064 
9.94 0.04697 0.000450206 
9.94 0.04897 0.000352668 
9.94 0.05097 0.000265772 
9.94 0.05297 0.000192823 
9.94 0.05497 0.000140539 
9.94 0.05697 0.000104485 
9.94 0.05897 4.23963e-05 
9.94 0.06097 2.48662e-05 
9.94 0.06297 4.39065e-06 
9.94 0.06497 7.2552e-08 
9.94 0.06697 1.95416e-10 
9.95 0.00497001 8.59244e-07 
9.95 0.00697002 3.03638e-06 
9.95 0.00896999 2.80349e-06 
9.95 0.01097 9.1743e-06 
9.95 0.01297 2.10075e-05 
9.95 0.01497 0.00019843 
9.95 0.01697 0.000241227 
9.95 0.01897 0.000340429 
9.95 0.02097 0.000336805 
9.95 0.02297 0.000189402 
9.95 0.02497 0.000333499 
9.95 0.02697 0.000301284 
9.95 0.02897 0.000338751 
9.95 0.03097 0.000497386 
9.95 0.03297 0.000803267 
9.95 0.03497 0.000603381 
9.95 0.03697 0.000497679 
9.95 0.03897 0.000498854 
9.95 0.04097 0.000534257 
9.95 0.04297 0.000458143 
9.95 0.04497 0.000390636 
9.95 0.04697 0.000300633 
9.95 0.04897 0.000209635 
9.95 0.05097 0.000143548 
9.95 0.05297 9.81187e-05 
9.95 0.05497 7.00876e-05 
9.95 0.05697 3.30457e-05 
9.95 0.05897 1.27076e-05 
9.95 0.06097 5.14721e-07 
9.95 0.06297 9.91937e-09 
9.96 0.00297001 9.70561e-07 
9.96 0.00497001 3.29596e-06 
9.96 0.00697002 3.127e-06 
9.96 0.00896999 9.43114e-06 
9.96 0.01097 0.000139564 
9.96 0.01297 0.000211891 
9.96 0.01497 0.000304679 
9.96 0.01697 0.000308919 
9.96 0.01897 0.000166633 
9.96 0.02097 0.000373769 
9.96 0.02297 0.000236596 
9.96 0.02497 0.000400905 
9.96 0.02697 0.000296002 
9.96 0.02897 0.000737584 
9.96 0.03097 0.000587602 
9.96 0.03297 0.000506783 
9.96 0.03497 0.000515281 
9.96 0.03697 0.00052203 
9.96 0.03897 0.000457184 
9.96 0.04097 0.000405059 
9.96 0.04297 0.000311662 
9.96 0.04497 0.00023038 
9.96 0.04697 0.000165463 
9.96 0.04897 0.00011056 
9.96 0.05097 7.0233e-05 
9.96 0.05297 4.34645e-05 
9.96 0.05497 3.02702e-05 
9.96 0.05697 2.41579e-06 
9.96 0.05897 9.78111e-08 
9.96 0.06097 1.37504e-10 
9.97 0.000970006 2.38691e-06 
9.97 0.00297001 2.10096e-06 
9.97 0.00497001 7.28322e-06 
9.97 0.00697002 7.0161e-05 
9.97 0.00896999 0.000175528 
9.97 0.01097 0.000242518 
9.97 0.01297 0.000309643 
9.97 0.01497 0.000198412 
9.97 0.01697 0.000347808 
9.97 0.01897 0.000190864 
9.97 0.02097 0.000418866 
9.97 0.02297 0.000280027 
9.97 0.02497 0.000449873 
9.97 0.02697 0.000676008 
9.97 0.02897 0.000653578 
9.97 0.03097 0.000522409 
9.97 0.03297 0.00048549 
9.97 0.03497 0.000493097 
9.97 0.03697 0.000366754 
9.97 0.03897 0.000307488 
9.97 0.04097 0.000241285 
9.97 0.04297 0.000185744 
9.97 0.04497 0.000126161 
9.97 0.04697 8.20703e-05 
9.97 0.04897 4.99175e-05 
9.97 0.05097 3.59435e-05 
9.97 0.05297 8.13106e-06 
9.97 0.05497 6.26713e-07 
9.97 0.05697 2.6898e-09 
9.98 -0.00303 1.22335e-07 
9.98 -0.00103 2.34543e-06 
9.98 0.000970006 5.37651e-06 
9.98 0.00297001 4.52093e-06 
9.98 0.00497001 0.00023414 
9.98 0.00697002 0.000123402 
9.98 0.00896999 0.000283255 
9.98 0.01097 0.000222356 
9.98 0.01297 0.000304991 
9.98 0.01497 0.000209083 
9.98 0.01697 0.000394405 
9.98 0.01897 0.000219316 
9.98 0.02097 0.0004338 
9.98 0.02297 0.000583673 
9.98 0.02497 0.000739808 
9.98 0.02697 0.000527051 
9.98 0.02897 0.000491946 
9.98 0.03097 0.00048789 
9.98 0.03297 0.0003758 
9.98 0.03497 0.000308039 
9.98 0.03697 0.000245536 
9.98 0.03897 0.000190795 
9.98 0.04097 0.000131984 
9.98 0.04297 9.02677e-05 
9.98 0.04497 5.98141e-05 
9.98 0.04697 3.42692e-05 
9.98 0.04897 1.82077e-05 
9.98 0.05097 2.83061e-06 
9.98 0.05297 3.18477e-08 
9.98 0.05497 1.73729e-10 
9.99 -0.00503001 1.02217e-06 
9.99 -0.00303 1.58937e-06 
9.99 -0.00103 5.70502e-06 
9.99 0.000970006 0.000151197 
9.99 0.00297001 0.000102334 
9.99 0.00497001 0.000242783 
9.99 0.00697002 0.000176983 
9.99 0.00896999 0.000231033 
9.99 0.01097 0.000331591 
9.99 0.01297 0.000214832 
9.99 0.01497 0.000371517 
9.99 0.01697 0.000426835 
9.99 0.01897 0.0004359 
9.99 0.02097 0.000615495 
9.99 0.02297 0.00071608 
9.99 0.02497 0.000478471 
9.99 0.02697 0.000455118 
9.99 0.02897 0.000346163 
9.99 0.03097 0.000327689 
9.99 0.03297 0.000293812 
9.99 0.03497 0.000240558 
9.99 0.03697 0.000164782 
9.99 0.03897 0.000102251 
9.99 0.04097 6.29536e-05 
9.99 0.04297 3.659e-05 
9.99 0.04497 2.04472e-05 
9.99 0.04697 8.92156e-06 
9.99 0.04897 2.69399e-07 
9.99 0.05097 2.78924e-09 
10 -0.00703001 1.08883e-06 
10 -0.00503001 4.0973e-06 
10 -0.00303 6.78827e-05 
10 -0.00103 8.89637e-05 
10 0.000970006 0.000214416 
10 0.00297001 0.000156828 
10 0.00497001 0.00019648 
10 0.00697002 0.000361615 
10 0.00896999 0.000177392 
10 0.01097 0.000386843 
10 0.01297 0.000418553 
10 0.01497 0.000262154 
10 0.01697 0.000531844 
10 0.01897 0.000741138 
10 0.02097 0.000499456 
10 0.02297 0.000495711 
10 0.02497 0.000397949 
10 0.02697 0.0003569 
10 0.02897 0.000299313 
10 0.03097 0.000238227 
10 0.03297 0.000181156 
10 0.03497 0.000137858 
10 0.03697 9.71576e-05 
10 0.03897 5.48938e-05 
10 0.04097 2.39939e-05 
10 0.04297 1.2044e-05 
10 0.04497 1.29582e-06 
10 0.04697 3.59219e-08 
10 0.04897 2.1953e-10 
10.01 -0.00902998 1.19598e-06 
10.01 -0.00703001 4.20454e-06 
10.01 -0.00503001 7.58389e-05 
10.01 -0.00303 0.000102272 
10.01 -0.00103 0.000205524 
10.01 0.000970006 0.000160981 
10.01 0.00297001 0.000402274 
10.01 0.00497001 0.000167324 
10.01 0.00697002 0.000371602 
10.01 0.00896999 0.000207991 
10.01 0.01097 0.000413169 
10.01 0.01297 0.000438733 
10.01 0.01497 0.000526588 
10.01 0.01697 0.000666848 
10.01 0.01897 0.000558602 
10.01 0.02097 0.000435327 
10.01 0.02297 0.000327496 
10.01 0.02497 0.000313319 
10.01 0.02697 0.000251309 
10.01 0.02897 0.000197561 
10.01 0.03097 0.000145446 
10.01 0.03297 9.9979e-05 
10.01 0.03497 6.41048e-05 
10.01 0.03697 4.60437e-05 
10.01 0.03897 1.77734e-05 
10.01 0.04097 4.80817e-06 
10.01 0.04297 3.05441e-07 
10.01 0.04497 3.99993e-09 
10.02 -0.01103 2.9761e-06 
10.02 -0.00902998 3.42262e-06 
10.02 -0.00703001 7.76993e-05 
10.02 -0.00503001 0.000193923 
10.02 -0.00303 0.00014079 
10.02 -0.00103 0.000188153 
10.02 0.000970006 0.000342777 
10.02 0.00297001 0.000324946 
10.02 0.00497001 0.000220558 
10.02 0.00697002 0.000412041 
10.02 0.00896999 0.000415504 
10.02 0.01097 0.000391165 
10.02 0.01297 0.000608697 
10.02 0.01497 0.00069422 
10.02 0.01697 0.00046488 
10.02 0.01897 0.00029994 
10.02 0.02097 0.000268206 
10.02 0.02297 0.000265749 
10.02 0.02497 0.000208987 
10.02 0.02697 0.000157441 
10.02 0.02897 0.000113672 
10.02 0.03097 7.2774e-05 
10.02 0.03297 4.51583e-05 
10.02 0.03497 2.51009e-05 
10.02 0.03697 1.29467e-05 
10.02 0.03897 1.42692e-06 
10.02 0.04097 4.07722e-08 
10.03 -0.01503 9.67376e-07 
10.03 -0.01303 2.11386e-06 
10.03 -0.01103 6.7971e-06 
10.03 -0.00902998 0.000157557 
10.03 -0.00703001 0.00012539 
10.03 -0.00503001 0.000147292 
10.03 -0.00303 0.000321159 
10.03 -0.00103 0.000203089 
10.03 0.000970006 0.000351658 
10.03 0.00297001 0.00039632 
10.03 0.00497001 0.000386906 
10.03 0.00697002 0.000425468 
10.03 0.00896999 0.000502651 
10.03 0.01097 0.000658697 
10.03 0.01297 0.000562597 
10.03 0.01497 0.00032161 
10.03 0.01697 0.000230457 
10.03 0.01897 0.00020144 
10.03 0.02097 0.000199241 
10.03 0.02297 0.000165581 
10.03 0.02497 0.0001571 
10.03 0.02697 0.000105212 
10.03 0.02897 5.45022e-05 
10.03 0.03097 3.07056e-05 
10.03 0.03297 1.43955e-05 
10.03 0.03497 5.55695e-06 
10.03 0.03697 3.18284e-07 
10.03 0.03897 7.74752e-10 
10.04 -0.01703 1.20618e-06 
10.04 -0.01503 4.34196e-06 
10.04 -0.01303 4.88739e-06 
10.04 -0.01103 0.000173275 
10.04 -0.00902998 0.000126157 
10.04 -0.00703001 0.000266367 
10.04 -0.00503001 0.000216319 
10.04 -0.00303 0.000355645 
10.04 -0.00103 0.000195764 
10.04 0.000970006 0.000393252 
10.04 0.00297001 0.000426563 
10.04 0.00497001 0.000440455 
10.04 0.00697002 0.000657469 
10.04 0.00896999 0.000598128 
10.04 0.01097 0.000501659 
10.04 0.01297 0.000238613 
10.04 0.01497 0.000243935 
10.04 0.01697 0.000199293 
10.04 0.01897 0.000169618 
10.04 0.02097 0.000128426 
10.04 0.02297 9.2807e-05 
10.04 0.02497 6.36122e-05 
10.04 0.02697 5.75983e-05 
10.04 0.02897 2.16405e-05 
10.04 0.03097 6.93723e-06 
10.04 0.03297 1.66196e-06 
10.04 0.03497 3.16544e-08 
10.05 -0.01903 1.2836e-06 
10.05 -0.01703 5.06914e-06 
10.05 -0.01503 7.23641e-05 
10.05 -0.01303 0.000111385 
10.05 -0.01103 0.000120556 
10.05 -0.00902998 0.000285248 
10.05 -0.00703001 0.00023078 
10.05 -0.00503001 0.000322799 
10.05 -0.00303 0.000384492 
10.05 -0.00103 0.000404426 
10.05 0.000970006 0.000404939 
10.05 0.00297001 0.00050343 
10.05 0.00497001 0.000600364 
10.05 0.00697002 0.000647913 
10.05 0.00896999 0.000325983 
10.05 0.01097 0.000247169 
10.05 0.01297 0.000201807 
10.05 0.01497 0.000180545 
10.05 0.01697 0.000139968 
10.05 0.01897 0.000102177 
10.05 0.02097 7.08634e-05 
10.05 0.02297 4.57387e-05 
10.05 0.02497 2.66162e-05 
10.05 0.02697 1.46451e-05 
10.05 0.02897 3.62257e-06 
10.05 0.03097 3.23459e-07 
10.05 0.03297 1.01522e-09 
10.06 -0.02103 2.65659e-06 
10.06 -0.01903 3.21346e-06 
10.06 -0.01703 8.28641e-05 
10.06 -0.01503 0.000101518 
10.06 -0.01303 0.000242991 
10.06 -0.01103 0.000184118 
10.06 -0.00902998 0.000357383 
10.06 -0.00703001 0.000358604 
10.06 -0.00503001 0.000226214 
10.06 -0.00303 0.000503704 
10.06 -0.00103 0.000475576 
10.06 0.000970006 0.000536821 
10.06 0.00297001 0.000602726 
10.06 0.00497001 0.000580712 
10.06 0.00697002 0.000218836 
10.06 0.00896999 0.000216782 
10.06 0.01097 0.000170299 
10.06 0.01297 0.000148913 
10.06 0.01497 0.000111272 
10.06 0.01697 8.17614e-05 
10.06 0.01897 5.28895e-05 
10.06 0.02097 3.15397e-05 
10.06 0.02297 1.60166e-05 
10.06 0.02497 6.02262e-06 
10.06 0.02697 1.55027e-06 
10.06 0.02897 4.76868e-08 
10.07 -0.02303 2.78183e-06 
10.07 -0.02103 6.27448e-06 
10.07 -0.01903 8.72869e-05 
10.07 -0.01703 0.000107668 
10.07 -0.01503 0.000256401 
10.07 -0.01303 0.000237966 
10.07 -0.01103 0.000297161 
10.07 -0.00902998 0.000360988 
10.07 -0.00703001 0.000402032 
10.07 -0.00503001 0.000388524 
10.07 -0.00303 0.000550308 
10.07 -0.00103 0.000618054 
10.07 0.000970006 0.000632536 
10.07 0.00297001 0.000338683 
10.07 0.00497001 0.000167783 
10.07 0.00697002 0.00016112 
10.07 0.00896999 0.000158991 
10.07 0.01097 0.000130411 
10.07 0.01297 0.000108049 
10.07 0.01497 7.67693e-05 
10.07 0.01697 4.86782e-05 
10.07 0.01897 2.12166e-05 
10.07 0.02097 8.45163e-06 
10.07 0.02297 2.19187e-06 
10.07 0.02497 3.47788e-07 
10.07 0.02697 1.11719e-09 
10.08 -0.02703 1.13238e-06 
10.08 -0.02503 1.78413e-06 
10.08 -0.02303 6.51631e-06 
10.08 -0.02103 6.26912e-05 
10.08 -0.01903 0.000136816 
10.08 -0.01703 0.000109375 
10.08 -0.01503 0.000228692 
10.08 -0.01303 0.00020172 
10.08 -0.01103 0.000208398 
10.08 -0.00902998 0.000235443 
10.08 -0.00703001 0.000326136 
10.08 -0.00503001 0.000574401 
10.08 -0.00303 0.000609366 
10.08 -0.00103 0.000434189 
10.08 0.000970006 0.000235434 
10.08 0.00297001 0.000196284 
10.08 0.00497001 0.000165837 
10.08 0.00697002 0.000139892 
10.08 0.00896999 0.000110727 
10.08 0.01097 7.97448e-05 
10.08 0.01297 5.41515e-05 
10.08 0.01497 3.32566e-05 
10.08 0.01697 1.89691e-05 
10.08 0.01897 5.25803e-06 
10.08 0.02097 6.62456e-07 
10.08 0.02297 6.12692e-08 
10.09 -0.02903 1.18126e-06 
10.09 -0.02703 4.56053e-06 
10.09 -0.02503 9.47884e-06 
10.09 -0.02303 8.02022e-05 
10.09 -0.02103 0.000151179 
10.09 -0.01903 0.000128748 
10.09 -0.01703 0.00020837 
10.09 -0.01503 0.000195952 
10.09 -0.01303 0.00022321 
10.09 -0.01103 0.000250317 
10.09 -0.00902998 0.00028805 
10.09 -0.00703001 0.000521546 
10.09 -0.00503001 0.000560077 
10.09 -0.00303 0.000292814 
10.09 -0.00103 0.000176789 
10.09 0.000970006 0.000164376 
10.09 0.00297001 0.00014453 
10.09 0.00497001 0.000112856 
10.09 0.00697002 8.64743e-05 
10.09 0.00896999 5.98112e-05 
10.09 0.01097 3.89158e-05 
10.09 0.01297 2.08832e-05 
10.09 0.01497 8.37532e-06 
10.09 0.01697 2.34479e-06 
10.09 0.01897 4.89315e-07 
10.09 0.02097 1.70566e-09 
10.1 -0.03103 1.20478e-06 
10.1 -0.02903 4.72595e-06 
10.1 -0.02703 1.01375e-05 
10.1 -0.02503 0.000133091 
10.1 -0.02303 0.00014445 
10.1 -0.02103 0.000216338 
10.1 -0.01903 0.000216838 
10.1 -0.01703 0.000208182 
10.1 -0.01503 0.000220881 
10.1 -0.01303 0.000231102 
10.1 -0.01103 0.000306029 
10.1 -0.00902998 0.000463382 
10.1 -0.00703001 0.000375285 
10.1 -0.00503001 0.000264268 
10.1 -0.00303 0.00015181 
10.1 -0.00103 0.000130888 
10.1 0.000970006 0.000114813 
10.1 0.00297001 9.30695e-05 
10.1 0.00497001 6.8536e-05 
10.1 0.00697002 4.48697e-05 
10.1 0.00896999 2.58664e-05 
10.1 0.01097 1.14748e-05 
10.1 0.01297 3.68454e-06 
10.1 0.01497 7.47334e-07 
10.1 0.01697 3.61971e-08 
10.11 -0.03303 3.19192e-06 
10.11 -0.03103 6.68287e-06 
10.11 -0.02903 1.32664e-05 
10.11 -0.02703 0.000164469 
10.11 -0.02503 0.000119196 
10.11 -0.02303 0.000290131 
10.11 -0.02103 0.000225863 
10.11 -0.01903 0.000206825 
10.11 -0.01703 0.000284079 
10.11 -0.01503 0.000250026 
10.11 -0.01303 0.000393776 
10.11 -0.01103 0.000434333 
10.11 -0.00902998 0.000223778 
10.11 -0.00703001 0.000179392 
10.11 -0.00503001 0.000103439 
10.11 -0.00303 0.000109004 
10.11 -0.00103 9.31112e-05 
10.11 0.000970006 7.4041e-05 
10.11 0.00297001 6.13601e-05 
10.11 0.00497001 4.00681e-05 
10.11 0.00697002 2.14803e-05 
10.11 0.00896999 6.27166e-06 
10.11 0.01097 1.19543e-06 
10.11 0.01297 1.52093e-07 
10.11 0.01497 1.77051e-09 
10.12 -0.03503 3.38124e-06 
10.12 -0.03303 7.46198e-06 
10.12 -0.03103 1.26465e-05 
10.12 -0.02903 0.000162474 
10.12 -0.02703 0.000241906 
10.12 -0.02503 0.000288688 
10.12 -0.02303 0.000260142 
10.12 -0.02103 0.000245251 
10.12 -0.01903 0.000217363 
10.12 -0.01703 0.000360853 
10.12 -0.01503 0.000374858 
10.12 -0.01303 0.00022323 
10.12 -0.01103 0.000222329 
10.12 -0.00902998 0.000176941 
10.12 -0.00703001 0.000112852 
10.12 -0.00503001 9.6259e-05 
10.12 -0.00303 7.72927e-05 
10.12 -0.00103 5.64131e-05 
10.12 0.000970006 3.72952e-05 
10.12 0.00297001 2.40251e-05 
10.12 0.00497001 1.16963e-05 
10.12 0.00697002 3.50311e-06 
10.12 0.00896999 6.97975e-07 
10.12 0.01097 2.32325e-08 
10.13 -0.03903 1.35968e-06 
10.13 -0.03703 4.23047e-06 
10.13 -0.03503 6.83432e-06 
10.13 -0.03303 8.56898e-05 
10.13 -0.03103 0.000104935 
10.13 -0.02903 0.000260203 
10.13 -0.02703 0.000271908 
10.13 -0.02503 0.000273833 
10.13 -0.02303 0.000370067 
10.13 -0.02103 0.000287308 
10.13 -0.01903 0.000315319 
10.13 -0.01703 0.000370275 
10.13 -0.01503 0.000198759 
10.13 -0.01303 0.000218148 
10.13 -0.01103 0.00011195 
10.13 -0.00902998 9.66995e-05 
10.13 -0.00703001 7.86809e-05 
10.13 -0.00503001 5.84906e-05 
10.13 -0.00303 4.1086e-05 
10.13 -0.00103 2.56653e-05 
10.13 0.000970006 1.24671e-05 
10.13 0.00297001 4.54375e-06 
10.13 0.00497001 1.18204e-06 
10.13 0.00697002 1.72662e-07 
10.13 0.00896999 1.74481e-09 
10.14 -0.04103 1.39121e-06 
10.14 -0.03903 4.39282e-06 
10.14 -0.03703 8.48406e-06 
10.14 -0.03503 8.4847e-05 
10.14 -0.03303 0.000213559 
10.14 -0.03103 0.00021151 
10.14 -0.02903 0.000264571 
10.14 -0.02703 0.000378631 
10.14 -0.02503 0.000211443 
10.14 -0.02303 0.000358447 
10.14 -0.02103 0.000374761 
10.14 -0.01903 0.000166702 
10.14 -0.01703 0.000155677 
10.14 -0.01503 0.000193822 
10.14 -0.01303 9.6544e-05 
10.14 -0.01103 8.87289e-05 
10.14 -0.00902998 7.74135e-05 
10.14 -0.00703001 5.76693e-05 
10.14 -0.00503001 3.26286e-05 
10.14 -0.00303 1.62805e-05 
10.14 -0.00103 6.04661e-06 
10.14 0.000970006 1.71046e-06 
10.14 0.00297001 2.64451e-07 
10.14 0.00497001 2.53789e-08 
10.14 0.00697002 1.4377e-10 
