#logage logm JPDF
9.03 0.30297 1.23389e-10 
9.04 0.29697 1.08302e-10 
9.04 0.29897 3.13366e-10 
9.05 0.29297 1.37062e-10 
9.05 0.29497 4.34111e-10 
9.05 0.29697 4.13179e-10 
9.06 0.28897 1.48024e-10 
9.06 0.29097 5.99749e-10 
9.06 0.29297 1.54344e-09 
9.07 0.28497 3.64032e-10 
9.07 0.28697 1.14049e-09 
9.07 0.28897 2.77915e-09 
9.08 0.28097 3.69847e-10 
9.08 0.28297 1.42039e-09 
9.08 0.28497 3.75214e-09 
9.08 0.28697 2.80496e-09 
9.09 0.27497 1.29141e-10 
9.09 0.27697 4.98044e-10 
9.09 0.27897 2.00297e-09 
9.09 0.28097 4.85544e-09 
9.09 0.28297 8.96675e-09 
9.1 0.27097 4.76706e-10 
9.1 0.27297 1.77981e-09 
9.1 0.27497 5.19852e-09 
9.1 0.27697 8.74113e-09 
9.1 0.27897 1.44818e-08 
9.1 0.28097 4.49126e-10 
9.11 0.26697 7.80243e-10 
9.11 0.26897 5.2803e-09 
9.11 0.27097 1.0158e-08 
9.11 0.27297 1.37811e-08 
9.11 0.27497 2.04854e-08 
9.11 0.27697 1.12034e-08 
9.12 0.26297 1.02411e-09 
9.12 0.26497 4.92332e-09 
9.12 0.26697 1.24376e-08 
9.12 0.26897 2.20767e-08 
9.12 0.27097 3.83415e-08 
9.12 0.27297 2.76263e-08 
9.13 0.25897 6.78505e-10 
9.13 0.26097 4.42855e-09 
9.13 0.26297 1.55576e-08 
9.13 0.26497 3.32976e-08 
9.13 0.26697 4.87969e-08 
9.13 0.26897 5.27342e-08 
9.13 0.27097 3.97102e-09 
9.14 0.25497 2.34367e-10 
9.14 0.25697 2.4634e-09 
9.14 0.25897 1.31922e-08 
9.14 0.26097 3.33007e-08 
9.14 0.26297 6.68343e-08 
9.14 0.26497 7.01713e-08 
9.14 0.26697 3.32801e-08 
9.15 0.25297 5.27657e-10 
9.15 0.25497 1.13579e-08 
9.15 0.25697 3.56597e-08 
9.15 0.25897 6.78441e-08 
9.15 0.26097 1.25175e-07 
9.15 0.26297 4.9306e-08 
9.16 0.24697 1.26604e-10 
9.16 0.24897 1.64266e-09 
9.16 0.25097 1.27734e-08 
9.16 0.25297 3.80221e-08 
9.16 0.25497 8.94221e-08 
9.16 0.25697 1.1578e-07 
9.16 0.25897 1.10997e-07 
9.16 0.26097 7.42395e-09 
9.17 0.24497 1.53205e-09 
9.17 0.24697 1.17764e-08 
9.17 0.24897 4.51439e-08 
9.17 0.25097 9.21755e-08 
9.17 0.25297 1.2536e-07 
9.17 0.25497 1.39547e-07 
9.17 0.25697 6.36138e-08 
9.18 0.24097 1.12426e-09 
9.18 0.24297 1.07037e-08 
9.18 0.24497 4.55283e-08 
9.18 0.24697 1.08402e-07 
9.18 0.24897 1.67744e-07 
9.18 0.25097 2.39644e-07 
9.18 0.25297 6.76771e-08 
9.19 0.23497 1.17366e-10 
9.19 0.23697 1.15341e-09 
9.19 0.23897 2.3313e-08 
9.19 0.24097 8.06155e-08 
9.19 0.24297 1.61649e-07 
9.19 0.24497 2.1614e-07 
9.19 0.24697 2.06698e-07 
9.19 0.24897 1.75786e-07 
9.2 0.23097 2.0365e-10 
9.2 0.23297 3.15074e-09 
9.2 0.23497 2.28241e-08 
9.2 0.23697 8.63906e-08 
9.2 0.23897 1.93226e-07 
9.2 0.24097 2.51268e-07 
9.2 0.24297 2.6337e-07 
9.2 0.24497 2.35023e-07 
9.2 0.24697 9.99749e-08 
9.2 0.26097 1.66441e-10 
9.2 0.26297 2.67711e-10 
9.21 0.22697 2.08526e-10 
9.21 0.22897 2.61126e-09 
9.21 0.23097 2.08384e-08 
9.21 0.23297 8.86001e-08 
9.21 0.23497 2.09393e-07 
9.21 0.23697 3.08349e-07 
9.21 0.23897 3.35546e-07 
9.21 0.24097 3.07233e-07 
9.21 0.24297 2.43941e-07 
9.21 0.25497 1.99383e-10 
9.21 0.25697 7.86579e-10 
9.22 0.22297 2.00276e-10 
9.22 0.22497 3.07701e-09 
9.22 0.22697 2.57075e-08 
9.22 0.22897 9.64376e-08 
9.22 0.23097 2.24404e-07 
9.22 0.23297 3.66484e-07 
9.22 0.23497 4.25271e-07 
9.22 0.23697 3.93276e-07 
9.22 0.23897 4.70007e-07 
9.22 0.24097 1.89779e-10 
9.22 0.24897 1.74273e-10 
9.22 0.25097 2.74955e-10 
9.22 0.25297 1.38902e-09 
9.23 0.21897 1.25543e-10 
9.23 0.22097 2.31355e-09 
9.23 0.22297 2.40409e-08 
9.23 0.22497 1.17654e-07 
9.23 0.22697 2.89341e-07 
9.23 0.22897 4.60088e-07 
9.23 0.23097 5.19269e-07 
9.23 0.23297 5.99594e-07 
9.23 0.23497 5.13945e-07 
9.23 0.23697 1.64543e-07 
9.23 0.24497 4.21037e-10 
9.23 0.24697 1.62513e-09 
9.23 0.24897 1.39825e-09 
9.24 0.21697 1.22999e-09 
9.24 0.21897 1.79476e-08 
9.24 0.22097 1.09108e-07 
9.24 0.22297 3.42265e-07 
9.24 0.22497 6.4581e-07 
9.24 0.22697 1.01699e-06 
9.24 0.22897 6.44094e-07 
9.24 0.23097 5.23731e-07 
9.24 0.23297 4.02174e-07 
9.24 0.23897 1.72653e-10 
9.24 0.24097 8.96423e-10 
9.24 0.24297 2.98462e-09 
9.24 0.24497 2.38935e-09 
9.25 0.21297 6.63811e-10 
9.25 0.21497 1.07461e-08 
9.25 0.21697 1.95036e-07 
9.25 0.21897 4.92822e-07 
9.25 0.22097 7.99669e-07 
9.25 0.22297 9.31858e-07 
9.25 0.22497 8.55579e-07 
9.25 0.22697 7.34255e-07 
9.25 0.22897 5.78107e-07 
9.25 0.23097 2.33622e-07 
9.25 0.23497 3.21243e-10 
9.25 0.23697 1.87848e-09 
9.25 0.23897 5.07403e-09 
9.25 0.24097 4.25383e-09 
9.26 0.20897 4.10298e-10 
9.26 0.21097 7.80598e-09 
9.26 0.21297 6.54329e-08 
9.26 0.21497 5.43047e-07 
9.26 0.21697 8.26694e-07 
9.26 0.21897 1.06267e-06 
9.26 0.22097 1.10631e-06 
9.26 0.22297 9.86826e-07 
9.26 0.22497 8.07021e-07 
9.26 0.22697 6.17282e-07 
9.26 0.22897 1.14027e-10 
9.26 0.23097 8.80672e-10 
9.26 0.23297 1.31325e-09 
9.26 0.23497 6.21059e-09 
9.26 0.23697 1.25672e-08 
9.27 0.20497 1.42717e-10 
9.27 0.20697 4.70711e-09 
9.27 0.20897 4.61268e-08 
9.27 0.21097 4.74753e-07 
9.27 0.21297 8.44094e-07 
9.27 0.21497 1.17713e-06 
9.27 0.21697 1.27573e-06 
9.27 0.21897 1.19897e-06 
9.27 0.22097 1.06255e-06 
9.27 0.22297 8.61073e-07 
9.27 0.22497 3.38518e-07 
9.27 0.22697 8.31187e-10 
9.27 0.22897 3.96417e-09 
9.27 0.23097 9.87449e-09 
9.27 0.23297 1.68544e-08 
9.28 0.20097 1.12387e-10 
9.28 0.20297 3.54406e-09 
9.28 0.20497 3.63942e-08 
9.28 0.20697 1.86589e-07 
9.28 0.20897 1.06947e-06 
9.28 0.21097 1.26832e-06 
9.28 0.21297 1.43648e-06 
9.28 0.21497 1.42601e-06 
9.28 0.21697 1.28731e-06 
9.28 0.21897 1.07375e-06 
9.28 0.22097 8.47709e-07 
9.28 0.22297 1.46474e-09 
9.28 0.22497 7.06182e-09 
9.28 0.22697 1.33982e-08 
9.28 0.22897 2.20172e-08 
9.29 0.19897 1.9441e-09 
9.29 0.20097 2.25004e-08 
9.29 0.20297 1.48632e-07 
9.29 0.20497 5.25621e-07 
9.29 0.20697 1.81243e-06 
9.29 0.20897 1.60794e-06 
9.29 0.21097 1.63213e-06 
9.29 0.21297 1.52328e-06 
9.29 0.21497 1.32636e-06 
9.29 0.21697 1.08271e-06 
9.29 0.21897 4.43035e-07 
9.29 0.22097 6.03131e-09 
9.29 0.22297 1.61868e-08 
9.29 0.22497 2.67512e-08 
9.29 0.22697 1.51298e-08 
9.3 0.19497 1.14227e-09 
9.3 0.19697 1.82061e-08 
9.3 0.19897 1.32849e-07 
9.3 0.20097 4.87565e-07 
9.3 0.20297 1.10283e-06 
9.3 0.20497 2.53849e-06 
9.3 0.20697 1.86879e-06 
9.3 0.20897 1.8087e-06 
9.3 0.21097 1.61074e-06 
9.3 0.21297 1.35423e-06 
9.3 0.21497 1.05429e-06 
9.3 0.21697 1.11367e-08 
9.3 0.21897 2.65373e-08 
9.3 0.22097 3.67466e-08 
9.3 0.22297 1.92191e-08 
9.31 0.19097 8.97005e-10 
9.31 0.19297 1.13172e-08 
9.31 0.19497 1.12139e-07 
9.31 0.19697 4.90124e-07 
9.31 0.19897 1.1683e-06 
9.31 0.20097 2.01152e-06 
9.31 0.20297 2.88449e-06 
9.31 0.20497 2.03886e-06 
9.31 0.20697 1.81905e-06 
9.31 0.20897 1.58672e-06 
9.31 0.21097 1.27649e-06 
9.31 0.21297 5.28104e-07 
9.31 0.21497 2.97452e-08 
9.31 0.21697 4.26512e-08 
9.31 0.21897 4.70678e-08 
9.32 0.18697 3.83912e-10 
9.32 0.18897 9.24876e-09 
9.32 0.19097 8.43873e-08 
9.32 0.19297 4.16142e-07 
9.32 0.19497 1.1774e-06 
9.32 0.19697 1.982e-06 
9.32 0.19897 2.62005e-06 
9.32 0.20097 3.67982e-06 
9.32 0.20297 2.27464e-06 
9.32 0.20497 1.91206e-06 
9.32 0.20697 1.53463e-06 
9.32 0.20897 1.16149e-06 
9.32 0.21097 4.20531e-08 
9.32 0.21297 6.06476e-08 
9.32 0.21497 6.01222e-08 
9.33 0.18297 3.38276e-10 
9.33 0.18497 5.69482e-09 
9.33 0.18697 6.54102e-08 
9.33 0.18897 3.64885e-07 
9.33 0.19097 1.14052e-06 
9.33 0.19297 2.14756e-06 
9.33 0.19497 2.77933e-06 
9.33 0.19697 3.04128e-06 
9.33 0.19897 4.2564e-06 
9.33 0.20097 2.48133e-06 
9.33 0.20297 2.00674e-06 
9.33 0.20497 1.55479e-06 
9.33 0.20697 6.50325e-07 
9.33 0.20897 6.59214e-08 
9.33 0.21097 7.09552e-08 
9.33 0.21297 3.40973e-08 
9.34 0.17897 2.21766e-10 
9.34 0.18097 4.44848e-09 
9.34 0.18297 4.51235e-08 
9.34 0.18497 3.11072e-07 
9.34 0.18697 1.10562e-06 
9.34 0.18897 2.18504e-06 
9.34 0.19097 3.1561e-06 
9.34 0.19297 3.57651e-06 
9.34 0.19497 3.55001e-06 
9.34 0.19697 4.69956e-06 
9.34 0.19897 2.55085e-06 
9.34 0.20097 2.01213e-06 
9.34 0.20297 1.53569e-06 
9.34 0.20497 1.22282e-07 
9.34 0.20697 8.24507e-08 
9.34 0.20897 3.84188e-08 
9.35 0.17697 2.81785e-09 
9.35 0.17897 3.935e-08 
9.35 0.18097 2.30562e-07 
9.35 0.18297 1.03479e-06 
9.35 0.18497 2.35123e-06 
9.35 0.18697 3.49419e-06 
9.35 0.18897 4.02774e-06 
9.35 0.19097 4.18587e-06 
9.35 0.19297 3.97485e-06 
9.35 0.19497 4.12325e-06 
9.35 0.19697 3.64853e-06 
9.35 0.19897 2.05662e-06 
9.35 0.20097 8.66663e-07 
9.35 0.20297 1.10014e-07 
9.35 0.20497 9.40665e-08 
9.36 0.17297 2.05541e-09 
9.36 0.17497 2.98385e-08 
9.36 0.17697 2.08581e-07 
9.36 0.17897 8.87565e-07 
9.36 0.18097 2.24155e-06 
9.36 0.18297 3.63842e-06 
9.36 0.18497 4.64247e-06 
9.36 0.18697 4.96139e-06 
9.36 0.18897 4.82506e-06 
9.36 0.19097 4.29999e-06 
9.36 0.19297 3.73322e-06 
9.36 0.19497 4.17764e-06 
9.36 0.19697 2.01762e-06 
9.36 0.19897 1.29967e-07 
9.36 0.20097 1.25117e-07 
9.36 0.20297 5.57716e-08 
9.37 0.16897 2.45312e-10 
9.37 0.17097 1.87269e-08 
9.37 0.17297 4.16822e-07 
9.37 0.17497 4.9277e-07 
9.37 0.17697 2.15414e-06 
9.37 0.17897 4.05384e-06 
9.37 0.18097 5.20814e-06 
9.37 0.18297 5.62062e-06 
9.37 0.18497 5.68572e-06 
9.37 0.18697 5.34871e-06 
9.37 0.18897 4.63623e-06 
9.37 0.19097 3.88115e-06 
9.37 0.19297 3.04213e-06 
9.37 0.19497 2.27863e-06 
9.37 0.19697 1.5137e-07 
9.37 0.19897 1.28289e-07 
9.38 0.16697 1.38058e-08 
9.38 0.16897 1.28405e-07 
9.38 0.17097 6.38574e-07 
9.38 0.17297 1.97238e-06 
9.38 0.17497 4.00269e-06 
9.38 0.17697 5.68488e-06 
9.38 0.17897 6.41239e-06 
9.38 0.18097 6.72116e-06 
9.38 0.18297 6.37393e-06 
9.38 0.18497 5.75498e-06 
9.38 0.18697 4.87433e-06 
9.38 0.18897 3.92373e-06 
9.38 0.19097 2.98993e-06 
9.38 0.19297 1.23335e-06 
9.38 0.19497 1.48828e-07 
9.39 0.16297 1.81226e-09 
9.39 0.16497 9.93305e-08 
9.39 0.16697 4.98882e-07 
9.39 0.16897 1.82914e-06 
9.39 0.17097 4.04644e-06 
9.39 0.17297 6.00994e-06 
9.39 0.17497 7.27305e-06 
9.39 0.17697 7.7638e-06 
9.39 0.17897 7.60697e-06 
9.39 0.18097 7.10203e-06 
9.39 0.18297 6.10648e-06 
9.39 0.18497 5.06247e-06 
9.39 0.18697 3.91667e-06 
9.39 0.18897 2.83156e-06 
9.39 0.19097 1.97914e-07 
9.39 0.19297 8.14519e-08 
9.4 0.15897 1.21386e-09 
9.4 0.16097 7.63272e-08 
9.4 0.16297 5.03696e-07 
9.4 0.16497 1.70807e-06 
9.4 0.16697 4.01699e-06 
9.4 0.16897 6.38446e-06 
9.4 0.17097 8.12012e-06 
9.4 0.17297 8.69112e-06 
9.4 0.17497 9.10553e-06 
9.4 0.17697 8.5996e-06 
9.4 0.17897 7.60863e-06 
9.4 0.18097 6.3945e-06 
9.4 0.18297 5.19207e-06 
9.4 0.18497 3.81909e-06 
9.4 0.18697 1.56293e-06 
9.4 0.18897 1.9468e-07 
9.41 0.15497 5.65488e-10 
9.41 0.15697 1.30016e-08 
9.41 0.15897 4.1639e-07 
9.41 0.16097 1.49402e-06 
9.41 0.16297 3.93061e-06 
9.41 0.16497 6.66266e-06 
9.41 0.16697 8.71036e-06 
9.41 0.16897 1.03798e-05 
9.41 0.17097 1.05231e-05 
9.41 0.17297 1.01332e-05 
9.41 0.17497 9.46056e-06 
9.41 0.17697 8.03972e-06 
9.41 0.17897 6.57208e-06 
9.41 0.18097 4.99055e-06 
9.41 0.18297 3.65775e-06 
9.41 0.18497 2.55113e-07 
9.41 0.18697 1.0829e-07 
9.42 0.15297 9.39482e-09 
9.42 0.15497 9.793e-08 
9.42 0.15697 1.56448e-06 
9.42 0.15897 3.5751e-06 
9.42 0.16097 6.89447e-06 
9.42 0.16297 9.80497e-06 
9.42 0.16497 1.12725e-05 
9.42 0.16697 1.18325e-05 
9.42 0.16897 1.22101e-05 
9.42 0.17097 1.12614e-05 
9.42 0.17297 9.98581e-06 
9.42 0.17497 8.25465e-06 
9.42 0.17697 6.53794e-06 
9.42 0.17897 4.62772e-06 
9.42 0.18097 1.95331e-06 
9.42 0.18297 2.65523e-07 
9.43 0.14897 6.04589e-09 
9.43 0.15097 7.47194e-08 
9.43 0.15297 1.32614e-06 
9.43 0.15497 3.61387e-06 
9.43 0.15697 7.10184e-06 
9.43 0.15897 1.02783e-05 
9.43 0.16097 1.22664e-05 
9.43 0.16297 1.40432e-05 
9.43 0.16497 1.40823e-05 
9.43 0.16697 1.3209e-05 
9.43 0.16897 1.23147e-05 
9.43 0.17097 1.05403e-05 
9.43 0.17297 8.36444e-06 
9.43 0.17497 6.163e-06 
9.43 0.17697 4.49045e-06 
9.43 0.17897 3.02203e-07 
9.44 0.14497 6.26969e-10 
9.44 0.14697 5.33597e-08 
9.44 0.14897 3.79012e-07 
9.44 0.15097 3.88475e-06 
9.44 0.15297 6.73842e-06 
9.44 0.15497 1.06477e-05 
9.44 0.15697 1.36844e-05 
9.44 0.15897 1.50507e-05 
9.44 0.16097 1.58861e-05 
9.44 0.16297 1.61186e-05 
9.44 0.16497 1.45327e-05 
9.44 0.16697 1.28524e-05 
9.44 0.16897 1.07159e-05 
9.44 0.17097 8.19003e-06 
9.44 0.17297 5.81633e-06 
9.44 0.17497 2.36928e-06 
9.44 0.17697 1.64828e-07 
9.45 0.14097 3.57992e-10 
9.45 0.14297 3.65128e-08 
9.45 0.14497 3.4885e-07 
9.45 0.14697 3.3106e-06 
9.45 0.14897 6.59904e-06 
9.45 0.15097 1.1107e-05 
9.45 0.15297 1.42557e-05 
9.45 0.15497 1.703e-05 
9.45 0.15697 1.81685e-05 
9.45 0.15897 1.84727e-05 
9.45 0.16097 1.74428e-05 
9.45 0.16297 1.58915e-05 
9.45 0.16497 1.29338e-05 
9.45 0.16697 1.03352e-05 
9.45 0.16897 7.7804e-06 
9.45 0.17097 5.36573e-06 
9.45 0.17297 3.95013e-07 
9.46 0.13697 2.09638e-10 
9.46 0.13897 9.09968e-09 
9.46 0.14097 2.56778e-07 
9.46 0.14297 1.31798e-06 
9.46 0.14497 7.70315e-06 
9.46 0.14697 1.08818e-05 
9.46 0.14897 1.55153e-05 
9.46 0.15097 1.81776e-05 
9.46 0.15297 2.04202e-05 
9.46 0.15497 2.12123e-05 
9.46 0.15697 2.07662e-05 
9.46 0.15897 1.8841e-05 
9.46 0.16097 1.63967e-05 
9.46 0.16297 1.33663e-05 
9.46 0.16497 9.9344e-06 
9.46 0.16697 6.68967e-06 
9.46 0.16897 2.88861e-06 
9.46 0.17097 2.11828e-07 
9.47 0.13297 1.04573e-10 
9.47 0.13497 3.04424e-09 
9.47 0.13697 1.81413e-07 
9.47 0.13897 1.06705e-06 
9.47 0.14097 7.11277e-06 
9.47 0.14297 1.15772e-05 
9.47 0.14497 1.62704e-05 
9.47 0.14697 1.98661e-05 
9.47 0.14897 2.29622e-05 
9.47 0.15097 2.39742e-05 
9.47 0.15297 2.4002e-05 
9.47 0.15497 2.26883e-05 
9.47 0.15697 2.03257e-05 
9.47 0.15897 1.64485e-05 
9.47 0.16097 1.26979e-05 
9.47 0.16297 9.4489e-06 
9.47 0.16497 6.33174e-06 
9.47 0.16697 2.37813e-07 
9.48 0.13097 1.71531e-09 
9.48 0.13297 1.18131e-07 
9.48 0.13497 8.9466e-07 
9.48 0.13697 3.4371e-06 
9.48 0.13897 1.48783e-05 
9.48 0.14097 1.75165e-05 
9.48 0.14297 2.19849e-05 
9.48 0.14497 2.54724e-05 
9.48 0.14697 2.76454e-05 
9.48 0.14897 2.82615e-05 
9.48 0.15097 2.70742e-05 
9.48 0.15297 2.38719e-05 
9.48 0.15497 2.08035e-05 
9.48 0.15697 1.63964e-05 
9.48 0.15897 1.20302e-05 
9.48 0.16097 8.40724e-06 
9.48 0.16297 3.41496e-06 
9.49 0.12697 9.66202e-10 
9.49 0.12897 9.04553e-08 
9.49 0.13097 6.292e-07 
9.49 0.13297 3.10803e-06 
9.49 0.13497 1.45095e-05 
9.49 0.13697 1.73586e-05 
9.49 0.13897 2.2592e-05 
9.49 0.14097 2.70347e-05 
9.49 0.14297 3.10061e-05 
9.49 0.14497 3.29033e-05 
9.49 0.14697 3.21679e-05 
9.49 0.14897 2.94411e-05 
9.49 0.15097 2.58227e-05 
9.49 0.15297 2.04876e-05 
9.49 0.15497 1.60752e-05 
9.49 0.15697 1.1348e-05 
9.49 0.15897 5.90848e-06 
9.49 0.16097 1.93399e-06 
9.5 0.12297 6.77684e-10 
9.5 0.12497 6.85741e-08 
9.5 0.12697 5.51339e-07 
9.5 0.12897 2.62216e-06 
9.5 0.13097 7.86495e-06 
9.5 0.13297 2.40799e-05 
9.5 0.13497 2.45045e-05 
9.5 0.13697 2.96865e-05 
9.5 0.13897 3.42679e-05 
9.5 0.14097 3.64414e-05 
9.5 0.14297 3.70486e-05 
9.5 0.14497 3.56404e-05 
9.5 0.14697 3.16596e-05 
9.5 0.14897 2.588e-05 
9.5 0.15097 1.99205e-05 
9.5 0.15297 1.47325e-05 
9.5 0.15497 6.16279e-06 
9.5 0.15697 7.94549e-06 
9.51 0.11897 3.66597e-10 
9.51 0.12097 3.83897e-08 
9.51 0.12297 3.97113e-07 
9.51 0.12497 1.93447e-06 
9.51 0.12697 6.61163e-06 
9.51 0.12897 2.43466e-05 
9.51 0.13097 2.53832e-05 
9.51 0.13297 3.20261e-05 
9.51 0.13497 3.77902e-05 
9.51 0.13697 4.13732e-05 
9.51 0.13897 4.32011e-05 
9.51 0.14097 4.07876e-05 
9.51 0.14297 3.71699e-05 
9.51 0.14497 3.26805e-05 
9.51 0.14697 2.58128e-05 
9.51 0.14897 1.79518e-05 
9.51 0.15097 9.17575e-06 
9.51 0.15297 1.08649e-05 
9.51 0.15497 3.6467e-06 
9.52 0.11497 5.05574e-10 
9.52 0.11697 2.34907e-08 
9.52 0.11897 2.88053e-07 
9.52 0.12097 1.70626e-06 
9.52 0.12297 5.7043e-06 
9.52 0.12497 2.37708e-05 
9.52 0.12697 2.61463e-05 
9.52 0.12897 3.43134e-05 
9.52 0.13097 3.95015e-05 
9.52 0.13297 4.50028e-05 
9.52 0.13497 4.95732e-05 
9.52 0.13697 4.91089e-05 
9.52 0.13897 4.51965e-05 
9.52 0.14097 3.92568e-05 
9.52 0.14297 3.06494e-05 
9.52 0.14497 2.42114e-05 
9.52 0.14697 1.15305e-05 
9.52 0.14897 1.4473e-05 
9.52 0.15097 9.15297e-06 
9.53 0.11097 6.08125e-10 
9.53 0.11297 1.43624e-08 
9.53 0.11497 2.01244e-07 
9.53 0.11697 1.2892e-06 
9.53 0.11897 4.7282e-06 
9.53 0.12097 1.34676e-05 
9.53 0.12297 3.49005e-05 
9.53 0.12497 3.59442e-05 
9.53 0.12697 4.41389e-05 
9.53 0.12897 5.07894e-05 
9.53 0.13097 5.32166e-05 
9.53 0.13297 5.48351e-05 
9.53 0.13497 5.31115e-05 
9.53 0.13697 4.84291e-05 
9.53 0.13897 3.98161e-05 
9.53 0.14097 3.07048e-05 
9.53 0.14297 1.3438e-05 
9.53 0.14497 1.82731e-05 
9.53 0.14697 1.30488e-05 
9.53 0.14897 4.19343e-06 
9.54 0.10697 3.47358e-10 
9.54 0.10897 1.01743e-08 
9.54 0.11097 1.16709e-07 
9.54 0.11297 1.08418e-06 
9.54 0.11497 4.25348e-06 
9.54 0.11697 1.16676e-05 
9.54 0.11897 3.714e-05 
9.54 0.12097 3.65555e-05 
9.54 0.12297 4.54072e-05 
9.54 0.12497 5.23445e-05 
9.54 0.12697 6.1926e-05 
9.54 0.12897 6.40613e-05 
9.54 0.13097 6.17431e-05 
9.54 0.13297 5.56359e-05 
9.54 0.13497 4.77084e-05 
9.54 0.13697 3.97237e-05 
9.54 0.13897 1.96175e-05 
9.54 0.14097 2.26298e-05 
9.54 0.14297 1.63863e-05 
9.54 0.14497 1.04495e-05 
9.55 0.10497 5.98667e-09 
9.55 0.10697 8.11055e-08 
9.55 0.10897 7.10665e-07 
9.55 0.11097 3.47143e-06 
9.55 0.11297 1.05117e-05 
9.55 0.11497 3.54104e-05 
9.55 0.11697 3.84343e-05 
9.55 0.11897 4.8702e-05 
9.55 0.12097 5.79399e-05 
9.55 0.12297 6.5201e-05 
9.55 0.12497 7.02664e-05 
9.55 0.12697 7.3186e-05 
9.55 0.12897 6.73596e-05 
9.55 0.13097 5.8817e-05 
9.55 0.13297 4.70405e-05 
9.55 0.13497 2.99189e-05 
9.55 0.13697 2.37182e-05 
9.55 0.13897 2.28339e-05 
9.55 0.14097 1.44227e-05 
9.55 0.14297 4.77255e-06 
9.56 0.10097 1.64779e-09 
9.56 0.10297 5.4467e-08 
9.56 0.10497 4.71033e-07 
9.56 0.10697 2.65596e-06 
9.56 0.10897 9.0634e-06 
9.56 0.11097 2.66826e-05 
9.56 0.11297 4.63368e-05 
9.56 0.11497 4.96575e-05 
9.56 0.11697 6.22941e-05 
9.56 0.11897 7.49174e-05 
9.56 0.12097 8.01978e-05 
9.56 0.12297 8.04912e-05 
9.56 0.12497 7.75178e-05 
9.56 0.12697 7.0895e-05 
9.56 0.12897 6.09533e-05 
9.56 0.13097 4.56973e-05 
9.56 0.13297 2.18025e-05 
9.56 0.13497 2.95098e-05 
9.56 0.13697 1.96212e-05 
9.56 0.13897 1.18014e-05 
9.57 0.09697 3.39068e-09 
9.57 0.09897 2.55801e-08 
9.57 0.10097 3.97478e-07 
9.57 0.10297 2.23409e-06 
9.57 0.10497 7.29859e-06 
9.57 0.10697 1.68553e-05 
9.57 0.10897 5.12991e-05 
9.57 0.11097 5.14069e-05 
9.57 0.11297 6.5538e-05 
9.57 0.11497 7.69285e-05 
9.57 0.11697 8.84761e-05 
9.57 0.11897 9.48212e-05 
9.57 0.12097 9.2033e-05 
9.57 0.12297 8.12204e-05 
9.57 0.12497 7.2099e-05 
9.57 0.12697 5.71211e-05 
9.57 0.12897 2.75353e-05 
9.57 0.13097 3.76566e-05 
9.57 0.13297 2.57736e-05 
9.57 0.13497 1.64515e-05 
9.57 0.13697 5.34367e-06 
9.58 0.09297 1.17805e-10 
9.58 0.09497 3.3172e-09 
9.58 0.09697 2.71933e-07 
9.58 0.09897 1.51632e-06 
9.58 0.10097 6.32443e-06 
9.58 0.10297 1.57244e-05 
9.58 0.10497 3.11848e-05 
9.58 0.10697 6.80201e-05 
9.58 0.10897 6.7857e-05 
9.58 0.11097 8.39337e-05 
9.58 0.11297 9.2624e-05 
9.58 0.11497 0.000101548 
9.58 0.11697 0.000101977 
9.58 0.11897 0.000100252 
9.58 0.12097 8.8323e-05 
9.58 0.12297 7.12645e-05 
9.58 0.12497 4.57678e-05 
9.58 0.12697 3.41469e-05 
9.58 0.12897 3.35943e-05 
9.58 0.13097 2.23501e-05 
9.58 0.13297 1.32731e-05 
9.59 0.08897 2.72848e-08 
9.59 0.09097 2.0635e-09 
9.59 0.09297 4.05714e-08 
9.59 0.09497 1.18662e-06 
9.59 0.09697 4.95412e-06 
9.59 0.09897 1.50493e-05 
9.59 0.10097 2.75137e-05 
9.59 0.10297 6.54568e-05 
9.59 0.10497 6.99596e-05 
9.59 0.10697 8.23301e-05 
9.59 0.10897 9.89153e-05 
9.59 0.11097 0.000109899 
9.59 0.11297 0.000114223 
9.59 0.11497 0.00011349 
9.59 0.11697 0.000102243 
9.59 0.11897 8.55552e-05 
9.59 0.12097 5.52171e-05 
9.59 0.12297 4.37583e-05 
9.59 0.12497 4.44986e-05 
9.59 0.12697 2.97966e-05 
9.59 0.12897 1.74513e-05 
9.59 0.13097 6.10192e-06 
9.6 0.08497 2.4968e-08 
9.6 0.08697 3.38367e-08 
9.6 0.08897 9.43398e-08 
9.6 0.09097 3.50641e-07 
9.6 0.09297 4.45531e-06 
9.6 0.09497 1.18831e-05 
9.6 0.09697 2.58908e-05 
9.6 0.09897 4.39071e-05 
9.6 0.10097 9.77937e-05 
9.6 0.10297 8.6572e-05 
9.6 0.10497 0.000103418 
9.6 0.10697 0.000119845 
9.6 0.10897 0.000126525 
9.6 0.11097 0.000123221 
9.6 0.11297 0.000121602 
9.6 0.11497 0.0001058 
9.6 0.11697 7.2931e-05 
9.6 0.11897 4.98787e-05 
9.6 0.12097 5.43186e-05 
9.6 0.12297 4.00626e-05 
9.6 0.12497 2.52149e-05 
9.6 0.12697 1.45923e-05 
9.61 0.08297 4.15309e-08 
9.61 0.08497 1.44912e-08 
9.61 0.08697 1.95368e-07 
9.61 0.08897 1.97479e-06 
9.61 0.09097 1.24282e-05 
9.61 0.09297 2.31265e-05 
9.61 0.09497 3.90614e-05 
9.61 0.09697 6.62664e-05 
9.61 0.09897 0.000123611 
9.61 0.10097 0.000112085 
9.61 0.10297 0.000126591 
9.61 0.10497 0.000141214 
9.61 0.10697 0.000142686 
9.61 0.10897 0.000135506 
9.61 0.11097 0.000119294 
9.61 0.11297 9.25026e-05 
9.61 0.11497 6.05241e-05 
9.61 0.11697 7.12686e-05 
9.61 0.11897 4.97991e-05 
9.61 0.12097 3.27011e-05 
9.61 0.12297 2.01461e-05 
9.61 0.12497 6.79927e-06 
9.62 0.07897 2.03952e-10 
9.62 0.08097 8.9881e-09 
9.62 0.08297 1.17504e-07 
9.62 0.08497 1.07317e-06 
9.62 0.08697 8.29177e-06 
9.62 0.08897 2.34009e-05 
9.62 0.09097 3.76541e-05 
9.62 0.09297 5.79757e-05 
9.62 0.09497 0.000122014 
9.62 0.09697 0.000122616 
9.62 0.09897 0.0001411 
9.62 0.10097 0.000148541 
9.62 0.10297 0.000165539 
9.62 0.10497 0.000159467 
9.62 0.10697 0.00014314 
9.62 0.10897 0.000106515 
9.62 0.11097 6.8008e-05 
9.62 0.11297 8.82514e-05 
9.62 0.11497 6.58421e-05 
9.62 0.11697 4.46093e-05 
9.62 0.11897 2.65648e-05 
9.62 0.12097 1.59694e-05 
9.63 0.07097 3.65877e-09 
9.63 0.07497 1.1938e-10 
9.63 0.07697 3.40778e-09 
9.63 0.07897 7.37244e-08 
9.63 0.08097 6.86864e-07 
9.63 0.08297 3.85758e-06 
9.63 0.08497 2.13828e-05 
9.63 0.08697 3.61214e-05 
9.63 0.08897 5.9412e-05 
9.63 0.09097 8.34495e-05 
9.63 0.09297 0.00016615 
9.63 0.09497 0.000142704 
9.63 0.09697 0.000159923 
9.63 0.09897 0.0001737 
9.63 0.10097 0.000170908 
9.63 0.10297 0.000170253 
9.63 0.10497 0.000137105 
9.63 0.10697 8.02572e-05 
9.63 0.10897 0.00010391 
9.63 0.11097 7.98865e-05 
9.63 0.11297 5.81254e-05 
9.63 0.11497 3.74607e-05 
9.63 0.11697 2.2121e-05 
9.63 0.11897 7.26122e-06 
9.64 0.06497 6.11176e-10 
9.64 0.06697 2.84429e-10 
9.64 0.07297 5.55891e-08 
9.64 0.07497 4.7277e-08 
9.64 0.07697 6.57539e-07 
9.64 0.07897 2.89091e-06 
9.64 0.08097 1.14355e-05 
9.64 0.08297 4.04159e-05 
9.64 0.08497 5.31323e-05 
9.64 0.08697 8.44078e-05 
9.64 0.08897 0.000129472 
9.64 0.09097 0.00019365 
9.64 0.09297 0.000174904 
9.64 0.09497 0.000194915 
9.64 0.09697 0.00019577 
9.64 0.09897 0.000184826 
9.64 0.10097 0.000154476 
9.64 0.10297 9.81745e-05 
9.64 0.10497 0.000130446 
9.64 0.10697 0.00010244 
9.64 0.10897 7.10827e-05 
9.64 0.11097 4.91754e-05 
9.64 0.11297 2.99594e-05 
9.64 0.11497 1.80167e-05 
9.65 0.06097 3.27927e-10 
9.65 0.06297 6.21259e-10 
9.65 0.06497 2.32733e-08 
9.65 0.06697 2.9146e-08 
9.65 0.06897 6.47189e-08 
9.65 0.07097 1.04711e-07 
9.65 0.07297 2.73989e-07 
9.65 0.07497 1.95829e-06 
9.65 0.07697 8.46769e-06 
9.65 0.07897 2.83867e-05 
9.65 0.08097 6.21863e-05 
9.65 0.08297 7.79851e-05 
9.65 0.08497 0.000107682 
9.65 0.08697 0.000217301 
9.65 0.08897 0.000194612 
9.65 0.09097 0.000204142 
9.65 0.09297 0.00022233 
9.65 0.09497 0.00021753 
9.65 0.09697 0.000190874 
9.65 0.09897 0.000103982 
9.65 0.10097 0.000151575 
9.65 0.10297 0.000129983 
9.65 0.10497 9.50791e-05 
9.65 0.10697 6.52759e-05 
9.65 0.10897 3.92545e-05 
9.65 0.11097 2.37733e-05 
9.65 0.11297 8.23127e-06 
9.66 0.05697 3.51297e-10 
9.66 0.05897 7.00693e-10 
9.66 0.06097 6.19498e-10 
9.66 0.06297 1.01881e-07 
9.66 0.06497 1.44463e-07 
9.66 0.06697 1.13512e-08 
9.66 0.06897 1.64814e-07 
9.66 0.07097 1.66037e-06 
9.66 0.07297 6.14461e-06 
9.66 0.07497 1.72093e-05 
9.66 0.07697 5.7214e-05 
9.66 0.07897 8.37103e-05 
9.66 0.08097 0.000108133 
9.66 0.08297 0.000143293 
9.66 0.08497 0.00026634 
9.66 0.08697 0.000226663 
9.66 0.08897 0.000234062 
9.66 0.09097 0.000240625 
9.66 0.09297 0.000229923 
9.66 0.09497 0.000128997 
9.66 0.09697 0.000176313 
9.66 0.09897 0.000151141 
9.66 0.10097 0.000111489 
9.66 0.10297 8.56841e-05 
9.66 0.10497 5.50718e-05 
9.66 0.10697 3.28789e-05 
9.66 0.10897 1.89757e-05 
9.66 0.11097 3.99745e-09 
9.67 0.05297 3.77232e-10 
9.67 0.05497 7.46147e-10 
9.67 0.05697 2.48971e-08 
9.67 0.05897 7.0471e-08 
9.67 0.06097 9.81315e-08 
9.67 0.06297 2.69261e-07 
9.67 0.06497 5.38146e-07 
9.67 0.06697 9.98673e-07 
9.67 0.06897 4.76615e-06 
9.67 0.07097 1.46185e-05 
9.67 0.07297 3.5243e-05 
9.67 0.07497 9.28171e-05 
9.67 0.07697 0.000112804 
9.67 0.07897 0.000148673 
9.67 0.08097 0.000215218 
9.67 0.08297 0.000294957 
9.67 0.08497 0.000251854 
9.67 0.08697 0.000262348 
9.67 0.08897 0.000254588 
9.67 0.09097 0.000159267 
9.67 0.09297 0.000199593 
9.67 0.09497 0.000187234 
9.67 0.09697 0.000144224 
9.67 0.09897 0.000103298 
9.67 0.10097 6.85975e-05 
9.67 0.10297 4.5376e-05 
9.67 0.10497 2.68277e-05 
9.67 0.10697 8.62478e-06 
9.68 0.05097 8.05383e-10 
9.68 0.05297 7.27226e-10 
9.68 0.05497 6.46611e-08 
9.68 0.05697 9.65298e-08 
9.68 0.05897 2.43497e-07 
9.68 0.06097 4.56395e-07 
9.68 0.06297 1.2222e-06 
9.68 0.06497 5.14297e-06 
9.68 0.06697 1.24118e-05 
9.68 0.06897 3.00816e-05 
9.68 0.07097 5.85905e-05 
9.68 0.07297 0.000130578 
9.68 0.07497 0.000146222 
9.68 0.07697 0.000192141 
9.68 0.07897 0.000343274 
9.68 0.08097 0.000279575 
9.68 0.08297 0.000292883 
9.68 0.08497 0.000287359 
9.68 0.08697 0.000188198 
9.68 0.08897 0.000208247 
9.68 0.09097 0.000214605 
9.68 0.09297 0.000180986 
9.68 0.09497 0.000133586 
9.68 0.09697 9.2764e-05 
9.68 0.09897 5.72279e-05 
9.68 0.10097 3.31281e-05 
9.68 0.10297 1.4051e-05 
9.68 0.10497 6.46568e-06 
9.69 0.04697 4.34541e-10 
9.69 0.04897 8.28282e-10 
9.69 0.05097 5.92957e-08 
9.69 0.05297 9.24684e-08 
9.69 0.05497 1.82385e-07 
9.69 0.05697 3.93914e-07 
9.69 0.05897 9.97979e-07 
9.69 0.06097 4.02845e-06 
9.69 0.06297 1.08722e-05 
9.69 0.06497 2.56203e-05 
9.69 0.06697 4.93612e-05 
9.69 0.06897 0.000100497 
9.69 0.07097 0.000178649 
9.69 0.07297 0.000175961 
9.69 0.07497 0.000235469 
9.69 0.07697 0.000426984 
9.69 0.07897 0.000324656 
9.69 0.08097 0.000318999 
9.69 0.08297 0.000234538 
9.69 0.08497 0.000235322 
9.69 0.08697 0.000256096 
9.69 0.08897 0.000205699 
9.69 0.09097 0.000161501 
9.69 0.09297 0.000115103 
9.69 0.09497 7.49484e-05 
9.69 0.09697 3.78157e-05 
9.69 0.09897 2.26726e-05 
9.69 0.10097 1.97183e-05 
9.7 0.04497 9.04241e-10 
9.7 0.04697 3.02711e-08 
9.7 0.04897 8.61818e-08 
9.7 0.05097 1.67702e-07 
9.7 0.05297 3.49681e-07 
9.7 0.05497 1.18988e-06 
9.7 0.05697 2.84495e-06 
9.7 0.05897 8.77997e-06 
9.7 0.06097 2.25605e-05 
9.7 0.06297 4.95124e-05 
9.7 0.06497 7.57449e-05 
9.7 0.06697 0.000147733 
9.7 0.06897 0.000229365 
9.7 0.07097 0.000240525 
9.7 0.07297 0.000324857 
9.7 0.07497 0.000436195 
9.7 0.07697 0.000345919 
9.7 0.07897 0.00025768 
9.7 0.08097 0.00024763 
9.7 0.08297 0.000291166 
9.7 0.08497 0.000242299 
9.7 0.08697 0.000196115 
9.7 0.08897 0.000145297 
9.7 0.09097 9.73458e-05 
9.7 0.09297 3.88479e-05 
9.7 0.09497 4.77297e-05 
9.7 0.09697 2.78918e-05 
9.7 0.09897 8.77752e-06 
9.71 0.03897 8.11149e-10 
9.71 0.04097 4.91726e-10 
9.71 0.04297 2.66435e-08 
9.71 0.04497 7.95786e-08 
9.71 0.04697 1.19859e-07 
9.71 0.04897 5.27894e-07 
9.71 0.05097 8.08261e-07 
9.71 0.05297 2.21457e-06 
9.71 0.05497 7.44562e-06 
9.71 0.05697 2.00997e-05 
9.71 0.05897 4.25405e-05 
9.71 0.06097 7.034e-05 
9.71 0.06297 0.000106808 
9.71 0.06497 0.000222621 
9.71 0.06697 0.00027045 
9.71 0.06897 0.000302264 
9.71 0.07097 0.000466063 
9.71 0.07297 0.000420668 
9.71 0.07497 0.000247063 
9.71 0.07697 0.000340025 
9.71 0.07897 0.000334336 
9.71 0.08097 0.000291675 
9.71 0.08297 0.000230023 
9.71 0.08497 0.000174349 
9.71 0.08697 8.69589e-05 
9.71 0.08897 8.31039e-05 
9.71 0.09097 6.54855e-05 
9.71 0.09297 3.8918e-05 
9.71 0.09497 2.16528e-05 
9.72 0.03697 5.24464e-10 
9.72 0.03897 3.12647e-08 
9.72 0.04097 9.08056e-08 
9.72 0.04297 1.77227e-07 
9.72 0.04497 3.51296e-07 
9.72 0.04697 6.68336e-07 
9.72 0.04897 1.70877e-06 
9.72 0.05097 5.63671e-06 
9.72 0.05297 1.69502e-05 
9.72 0.05497 3.84721e-05 
9.72 0.05697 6.55774e-05 
9.72 0.05897 0.000110259 
9.72 0.06097 0.000148513 
9.72 0.06297 0.000279952 
9.72 0.06497 0.000317475 
9.72 0.06697 0.000367391 
9.72 0.06897 0.000586465 
9.72 0.07097 0.000274436 
9.72 0.07297 0.000404135 
9.72 0.07497 0.000402827 
9.72 0.07697 0.000341587 
9.72 0.07897 0.000285435 
9.72 0.08097 0.000210266 
9.72 0.08297 9.81803e-05 
9.72 0.08497 0.00012203 
9.72 0.08697 8.12248e-05 
9.72 0.08897 5.07676e-05 
9.72 0.09097 3.06627e-05 
9.72 0.09297 9.53874e-06 
9.73 0.03297 1.0769e-09 
9.73 0.03497 2.70601e-08 
9.73 0.03697 8.28439e-08 
9.73 0.03897 1.28855e-07 
9.73 0.04097 3.14058e-07 
9.73 0.04297 5.80145e-07 
9.73 0.04497 1.39133e-06 
9.73 0.04697 4.46557e-06 
9.73 0.04897 1.24942e-05 
9.73 0.05097 3.44933e-05 
9.73 0.05297 6.45656e-05 
9.73 0.05497 0.000102428 
9.73 0.05697 0.000147938 
9.73 0.05897 0.000203925 
9.73 0.06097 0.000379938 
9.73 0.06297 0.000360844 
9.73 0.06497 0.000419606 
9.73 0.06697 0.000488432 
9.73 0.06897 0.000430673 
9.73 0.07097 0.000461759 
9.73 0.07297 0.000414704 
9.73 0.07497 0.000335426 
9.73 0.07697 0.000233 
9.73 0.07897 0.000151726 
9.73 0.08097 0.000164065 
9.73 0.08297 0.000105942 
9.73 0.08497 6.62538e-05 
9.73 0.08697 3.97002e-05 
9.73 0.08897 1.46698e-05 
9.73 0.09097 7.89976e-06 
9.74 0.02897 2.13431e-09 
9.74 0.03097 5.92777e-10 
9.74 0.03297 7.23278e-08 
9.74 0.03497 1.1923e-07 
9.74 0.03697 2.77621e-07 
9.74 0.03897 4.82445e-07 
9.74 0.04097 1.11886e-06 
9.74 0.04297 3.1398e-06 
9.74 0.04497 9.48238e-06 
9.74 0.04697 2.7635e-05 
9.74 0.04897 5.41422e-05 
9.74 0.05097 9.68685e-05 
9.74 0.05297 0.000145278 
9.74 0.05497 0.000199152 
9.74 0.05697 0.000276728 
9.74 0.05897 0.000480407 
9.74 0.06097 0.000427853 
9.74 0.06297 0.000493708 
9.74 0.06497 0.000467594 
9.74 0.06697 0.000481856 
9.74 0.06897 0.000453505 
9.74 0.07097 0.000404224 
9.74 0.07297 0.000230122 
9.74 0.07497 0.000235509 
9.74 0.07697 0.00021203 
9.74 0.07897 0.00014176 
9.74 0.08097 8.90969e-05 
9.74 0.08297 4.9862e-05 
9.74 0.08497 2.10778e-05 
9.74 0.08697 2.20441e-05 
9.75 0.02897 6.18625e-08 
9.75 0.03097 1.09196e-07 
9.75 0.03297 2.10019e-07 
9.75 0.03497 4.27934e-07 
9.75 0.03697 9.09317e-07 
9.75 0.03897 2.18882e-06 
9.75 0.04097 7.72555e-06 
9.75 0.04297 1.95359e-05 
9.75 0.04497 4.51761e-05 
9.75 0.04697 8.80393e-05 
9.75 0.04897 0.000133357 
9.75 0.05097 0.00019464 
9.75 0.05297 0.000268249 
9.75 0.05497 0.000385688 
9.75 0.05697 0.000591396 
9.75 0.05897 0.000489143 
9.75 0.06097 0.000527304 
9.75 0.06297 0.000534908 
9.75 0.06497 0.000484488 
9.75 0.06697 0.000449631 
9.75 0.06897 0.00024351 
9.75 0.07097 0.000307246 
9.75 0.07297 0.000258973 
9.75 0.07497 0.000187159 
9.75 0.07697 0.000118819 
9.75 0.07897 5.07584e-05 
9.75 0.08097 4.66867e-05 
9.75 0.08297 3.13312e-05 
9.75 0.08497 9.58398e-06 
9.76 0.02297 2.57686e-09 
9.76 0.02497 7.41405e-08 
9.76 0.02697 5.41434e-08 
9.76 0.02897 1.92501e-07 
9.76 0.03097 5.39257e-07 
9.76 0.03297 1.005e-06 
9.76 0.03497 2.04657e-06 
9.76 0.03697 5.20493e-06 
9.76 0.03897 1.4597e-05 
9.76 0.04097 3.48858e-05 
9.76 0.04297 7.31006e-05 
9.76 0.04497 0.000153076 
9.76 0.04697 0.000185666 
9.76 0.04897 0.000239752 
9.76 0.05097 0.00033226 
9.76 0.05297 0.000524182 
9.76 0.05497 0.000672151 
9.76 0.05697 0.000561046 
9.76 0.05897 0.000591276 
9.76 0.06097 0.000569236 
9.76 0.06297 0.000497683 
9.76 0.06497 0.00026283 
9.76 0.06697 0.000364731 
9.76 0.06897 0.000306584 
9.76 0.07097 0.000227806 
9.76 0.07297 0.00015262 
9.76 0.07497 5.75467e-05 
9.76 0.07697 7.51952e-05 
9.76 0.07897 4.40394e-05 
9.76 0.08097 2.36439e-05 
9.77 0.01897 1.21127e-09 
9.77 0.02097 3.82815e-08 
9.77 0.02297 1.20238e-07 
9.77 0.02497 2.21751e-07 
9.77 0.02697 4.32703e-07 
9.77 0.02897 7.58463e-07 
9.77 0.03097 1.53825e-06 
9.77 0.03297 4.06826e-06 
9.77 0.03497 1.142e-05 
9.77 0.03697 3.45377e-05 
9.77 0.03897 6.36591e-05 
9.77 0.04097 0.000117652 
9.77 0.04297 0.000195785 
9.77 0.04497 0.000252152 
9.77 0.04697 0.000323527 
9.77 0.04897 0.000388043 
9.77 0.05097 0.000726657 
9.77 0.05297 0.00071244 
9.77 0.05497 0.000633776 
9.77 0.05697 0.000645276 
9.77 0.05897 0.000594155 
9.77 0.06097 0.000295449 
9.77 0.06297 0.000444548 
9.77 0.06497 0.000366647 
9.77 0.06697 0.000270182 
9.77 0.06897 0.000170635 
9.77 0.07097 8.00088e-05 
9.77 0.07297 0.000101422 
9.77 0.07497 5.99625e-05 
9.77 0.07697 3.34089e-05 
9.77 0.07897 1.02254e-05 
9.78 0.01697 1.5227e-09 
9.78 0.01897 1.03642e-07 
9.78 0.02097 1.81259e-07 
9.78 0.02297 3.91395e-07 
9.78 0.02497 6.82492e-07 
9.78 0.02697 1.44795e-06 
9.78 0.02897 3.919e-06 
9.78 0.03097 1.07391e-05 
9.78 0.03297 2.60581e-05 
9.78 0.03497 5.32774e-05 
9.78 0.03697 8.88691e-05 
9.78 0.03897 0.00016868 
9.78 0.04097 0.000276813 
9.78 0.04297 0.000329572 
9.78 0.04497 0.00042148 
9.78 0.04697 0.000492001 
9.78 0.04897 0.000874987 
9.78 0.05097 0.000752675 
9.78 0.05297 0.000722032 
9.78 0.05497 0.000661877 
9.78 0.05697 0.000356193 
9.78 0.05897 0.000530522 
9.78 0.06097 0.000441633 
9.78 0.06297 0.000340189 
9.78 0.06497 0.000193451 
9.78 0.06697 0.000133443 
9.78 0.06897 0.000123883 
9.78 0.07097 7.49256e-05 
9.78 0.07297 4.44198e-05 
9.78 0.07497 1.65682e-05 
9.78 0.07697 8.39097e-06 
9.79 0.01097 1.27424e-09 
9.79 0.01497 4.96922e-08 
9.79 0.01697 1.60818e-07 
9.79 0.01897 3.42227e-07 
9.79 0.02097 5.94932e-07 
9.79 0.02297 1.07654e-06 
9.79 0.02497 2.70529e-06 
9.79 0.02697 8.33066e-06 
9.79 0.02897 2.36425e-05 
9.79 0.03097 4.65528e-05 
9.79 0.03297 8.68729e-05 
9.79 0.03497 0.000125503 
9.79 0.03697 0.000226743 
9.79 0.03897 0.000358272 
9.79 0.04097 0.000393531 
9.79 0.04297 0.000519503 
9.79 0.04497 0.000644248 
9.79 0.04697 0.000992771 
9.79 0.04897 0.000781301 
9.79 0.05097 0.00075779 
9.79 0.05297 0.000396803 
9.79 0.05497 0.000604648 
9.79 0.05697 0.000541089 
9.79 0.05897 0.000414947 
9.79 0.06097 0.000221294 
9.79 0.06297 0.000201834 
9.79 0.06497 0.000164293 
9.79 0.06697 0.000101837 
9.79 0.06897 5.74996e-05 
9.79 0.07097 2.05771e-05 
9.79 0.07297 2.35121e-05 
9.8 0.00697002 1.16176e-09 
9.8 0.00896999 1.39036e-09 
9.8 0.01097 1.68929e-09 
9.8 0.01297 1.38759e-07 
9.8 0.01497 2.69413e-07 
9.8 0.01697 5.17609e-07 
9.8 0.01897 9.3955e-07 
9.8 0.02097 2.43473e-06 
9.8 0.02297 7.5419e-06 
9.8 0.02497 2.1445e-05 
9.8 0.02697 3.98805e-05 
9.8 0.02897 6.98441e-05 
9.8 0.03097 0.000112225 
9.8 0.03297 0.00016976 
9.8 0.03497 0.000281689 
9.8 0.03697 0.00048047 
9.8 0.03897 0.000502974 
9.8 0.04097 0.000625464 
9.8 0.04297 0.00076479 
9.8 0.04497 0.00112851 
9.8 0.04697 0.000840812 
9.8 0.04897 0.000500498 
9.8 0.05097 0.00066321 
9.8 0.05297 0.000641895 
9.8 0.05497 0.000510647 
9.8 0.05697 0.000256275 
9.8 0.05897 0.000272687 
9.8 0.06097 0.000214706 
9.8 0.06297 0.000136903 
9.8 0.06497 6.86747e-05 
9.8 0.06697 4.05523e-05 
9.8 0.06897 3.36972e-05 
9.8 0.07097 1.00265e-05 
9.81 0.00697002 1.80541e-09 
9.81 0.00896999 1.16945e-07 
9.81 0.01097 2.07978e-07 
9.81 0.01297 4.5942e-07 
9.81 0.01497 8.73073e-07 
9.81 0.01697 1.99057e-06 
9.81 0.01897 6.82349e-06 
9.81 0.02097 1.65717e-05 
9.81 0.02297 3.41448e-05 
9.81 0.02497 6.40204e-05 
9.81 0.02697 0.00010342 
9.81 0.02897 0.00018421 
9.81 0.03097 0.000221786 
9.81 0.03297 0.000312213 
9.81 0.03497 0.000631658 
9.81 0.03697 0.00063015 
9.81 0.03897 0.000735706 
9.81 0.04097 0.000965434 
9.81 0.04297 0.00111941 
9.81 0.04497 0.000578413 
9.81 0.04697 0.000658224 
9.81 0.04897 0.000663843 
9.81 0.05097 0.000624148 
9.81 0.05297 0.000328113 
9.81 0.05497 0.00033771 
9.81 0.05697 0.000271385 
9.81 0.05897 0.000163092 
9.81 0.06097 6.82662e-05 
9.81 0.06297 8.13842e-05 
9.81 0.06497 4.77183e-05 
9.81 0.06697 2.47493e-05 
9.82 0.00497001 1.76289e-07 
9.82 0.00697002 1.37145e-07 
9.82 0.00896999 3.57991e-07 
9.82 0.01097 1.00665e-06 
9.82 0.01297 2.18912e-06 
9.82 0.01497 4.77555e-06 
9.82 0.01697 1.43093e-05 
9.82 0.01897 2.64045e-05 
9.82 0.02097 6.38478e-05 
9.82 0.02297 0.000104343 
9.82 0.02497 0.000154016 
9.82 0.02697 0.000222569 
9.82 0.02897 0.000303112 
9.82 0.03097 0.000370866 
9.82 0.03297 0.000725294 
9.82 0.03497 0.000815811 
9.82 0.03697 0.000857767 
9.82 0.03897 0.00116673 
9.82 0.04097 0.00089789 
9.82 0.04297 0.000641402 
9.82 0.04497 0.000791359 
9.82 0.04697 0.000651551 
9.82 0.04897 0.000330438 
9.82 0.05097 0.000408365 
9.82 0.05297 0.000324318 
9.82 0.05497 0.000208965 
9.82 0.05697 8.23373e-05 
9.82 0.05897 0.000104289 
9.82 0.06097 6.66751e-05 
9.82 0.06297 3.53386e-05 
9.82 0.06497 1.066e-05 
9.83 -0.00103 1.967e-09 
9.83 0.00297001 2.07663e-07 
9.83 0.00497001 4.48166e-07 
9.83 0.00697002 8.01883e-07 
9.83 0.00896999 1.58356e-06 
9.83 0.01097 3.5473e-06 
9.83 0.01297 9.3563e-06 
9.83 0.01497 3.01855e-05 
9.83 0.01697 4.60264e-05 
9.83 0.01897 8.27745e-05 
9.83 0.02097 0.000127352 
9.83 0.02297 0.000234798 
9.83 0.02497 0.000296998 
9.83 0.02697 0.000396514 
9.83 0.02897 0.000479805 
9.83 0.03097 0.000800339 
9.83 0.03297 0.00100191 
9.83 0.03497 0.00094539 
9.83 0.03697 0.00137427 
9.83 0.03897 0.000603045 
9.83 0.04097 0.000917912 
9.83 0.04297 0.000784336 
9.83 0.04497 0.000349251 
9.83 0.04697 0.000546907 
9.83 0.04897 0.000405925 
9.83 0.05097 0.000225041 
9.83 0.05297 0.000152462 
9.83 0.05497 0.000141586 
9.83 0.05697 8.29678e-05 
9.83 0.05897 3.85419e-05 
9.83 0.06097 2.20739e-05 
9.83 0.06297 1.06268e-05 
9.84 -0.00503001 3.05659e-09 
9.84 -0.00303 2.04801e-09 
9.84 -0.00103 1.5562e-07 
9.84 0.000970006 3.87215e-07 
9.84 0.00297001 7.29345e-07 
9.84 0.00497001 1.58395e-06 
9.84 0.00697002 3.94301e-06 
9.84 0.00896999 9.75986e-06 
9.84 0.01097 2.14437e-05 
9.84 0.01297 4.05888e-05 
9.84 0.01497 7.42737e-05 
9.84 0.01697 0.000109406 
9.84 0.01897 0.000198257 
9.84 0.02097 0.000274566 
9.84 0.02297 0.000404483 
9.84 0.02497 0.00052228 
9.84 0.02697 0.00060344 
9.84 0.02897 0.000900388 
9.84 0.03097 0.00116194 
9.84 0.03297 0.000966982 
9.84 0.03497 0.00109558 
9.84 0.03697 0.00103579 
9.84 0.03897 0.000925851 
9.84 0.04097 0.000422742 
9.84 0.04297 0.000672518 
9.84 0.04497 0.000509649 
9.84 0.04697 0.00022356 
9.84 0.04897 0.000260007 
9.84 0.05097 0.000183521 
9.84 0.05297 0.000113493 
9.84 0.05497 3.95121e-05 
9.84 0.05697 4.46026e-05 
9.84 0.05897 2.39018e-05 
9.85 -0.00703001 3.24859e-09 
9.85 -0.00503001 1.31171e-07 
9.85 -0.00303 2.97699e-07 
9.85 -0.00103 6.13764e-07 
9.85 0.000970006 1.30254e-06 
9.85 0.00297001 3.21015e-06 
9.85 0.00497001 7.83969e-06 
9.85 0.00697002 1.83328e-05 
9.85 0.00896999 3.63712e-05 
9.85 0.01097 6.79304e-05 
9.85 0.01297 0.000123872 
9.85 0.01497 0.000161713 
9.85 0.01697 0.000229843 
9.85 0.01897 0.000337356 
9.85 0.02097 0.000510776 
9.85 0.02297 0.000709237 
9.85 0.02497 0.000748353 
9.85 0.02697 0.000981542 
9.85 0.02897 0.00141698 
9.85 0.03097 0.00107911 
9.85 0.03297 0.00104192 
9.85 0.03497 0.00091399 
9.85 0.03697 0.000460913 
9.85 0.03897 0.000808874 
9.85 0.04097 0.000630235 
9.85 0.04297 0.000261497 
9.85 0.04497 0.000360121 
9.85 0.04697 0.000241383 
9.85 0.04897 0.000135757 
9.85 0.05097 6.09873e-05 
9.85 0.05297 6.4214e-05 
9.85 0.05497 3.4695e-05 
9.85 0.05697 1.0094e-05 
9.86 -0.01103 1.31681e-09 
9.86 -0.00902998 2.07243e-09 
9.86 -0.00703001 1.66487e-07 
9.86 -0.00503001 3.52051e-07 
9.86 -0.00303 1.32354e-06 
9.86 -0.00103 2.47038e-06 
9.86 0.000970006 6.6922e-06 
9.86 0.00297001 1.48206e-05 
9.86 0.00497001 3.30334e-05 
9.86 0.00697002 7.30711e-05 
9.86 0.00896999 0.00010795 
9.86 0.01097 0.000147975 
9.86 0.01297 0.000217899 
9.86 0.01497 0.000315162 
9.86 0.01697 0.000386578 
9.86 0.01897 0.000641151 
9.86 0.02097 0.000956811 
9.86 0.02297 0.000929935 
9.86 0.02497 0.00110796 
9.86 0.02697 0.00163002 
9.86 0.02897 0.00118108 
9.86 0.03097 0.00102846 
9.86 0.03297 0.000567947 
9.86 0.03497 0.000864605 
9.86 0.03697 0.000672589 
9.86 0.03897 0.000284214 
9.86 0.04097 0.000468552 
9.86 0.04297 0.000313386 
9.86 0.04497 0.000134936 
9.86 0.04697 0.000128412 
9.86 0.04897 8.69655e-05 
9.86 0.05097 4.63312e-05 
9.86 0.05297 2.44197e-05 
9.86 0.05497 6.0847e-07 
9.87 -0.01303 2.20814e-09 
9.87 -0.00902998 1.70824e-07 
9.87 -0.00703001 5.6453e-07 
9.87 -0.00503001 2.39249e-06 
9.87 -0.00303 5.37752e-06 
9.87 -0.00103 1.32701e-05 
9.87 0.000970006 4.10519e-05 
9.87 0.00297001 6.21234e-05 
9.87 0.00497001 9.20767e-05 
9.87 0.00697002 0.000136092 
9.87 0.00896999 0.000197978 
9.87 0.01097 0.0002911 
9.87 0.01297 0.000409235 
9.87 0.01497 0.000487097 
9.87 0.01697 0.000768128 
9.87 0.01897 0.00121257 
9.87 0.02097 0.0011428 
9.87 0.02297 0.00126082 
9.87 0.02497 0.00176992 
9.87 0.02697 0.00120633 
9.87 0.02897 0.000700386 
9.87 0.03097 0.00100753 
9.87 0.03297 0.000788455 
9.87 0.03497 0.000375101 
9.87 0.03697 0.000533803 
9.87 0.03897 0.000363271 
9.87 0.04097 0.000152169 
9.87 0.04297 0.000197144 
9.87 0.04497 0.00011882 
9.87 0.04697 6.48861e-05 
9.87 0.04897 2.36381e-05 
9.87 0.05097 1.9368e-05 
9.88 -0.01703 6.1128e-10 
9.88 -0.01503 4.40762e-08 
9.88 -0.01303 9.2048e-08 
9.88 -0.01103 2.29736e-07 
9.88 -0.00902998 9.30539e-07 
9.88 -0.00703001 3.4417e-06 
9.88 -0.00503001 1.09438e-05 
9.88 -0.00303 3.36231e-05 
9.88 -0.00103 5.52835e-05 
9.88 0.000970006 9.01086e-05 
9.88 0.00297001 0.000127019 
9.88 0.00497001 0.000231061 
9.88 0.00697002 0.000281499 
9.88 0.00896999 0.000314006 
9.88 0.01097 0.000506891 
9.88 0.01297 0.000637564 
9.88 0.01497 0.000910781 
9.88 0.01697 0.00139945 
9.88 0.01897 0.00147105 
9.88 0.02097 0.00139251 
9.88 0.02297 0.00185615 
9.88 0.02497 0.000805932 
9.88 0.02697 0.00117266 
9.88 0.02897 0.000899264 
9.88 0.03097 0.000505709 
9.88 0.03297 0.000666522 
9.88 0.03497 0.000461041 
9.88 0.03697 0.000181116 
9.88 0.03897 0.000245757 
9.88 0.04097 0.000153985 
9.88 0.04297 8.15754e-05 
9.88 0.04497 3.6671e-05 
9.88 0.04697 3.32074e-05 
9.88 0.04897 9.53776e-06 
9.89 -0.01903 1.10686e-09 
9.89 -0.01703 2.43533e-08 
9.89 -0.01503 2.50257e-07 
9.89 -0.01303 3.64523e-07 
9.89 -0.01103 7.80551e-07 
9.89 -0.00902998 4.8346e-06 
9.89 -0.00703001 2.14376e-05 
9.89 -0.00503001 5.25961e-05 
9.89 -0.00303 8.62245e-05 
9.89 -0.00103 0.000126233 
9.89 0.000970006 0.000201717 
9.89 0.00297001 0.000257914 
9.89 0.00497001 0.000360363 
9.89 0.00697002 0.00043168 
9.89 0.00896999 0.000623984 
9.89 0.01097 0.00077699 
9.89 0.01297 0.00111441 
9.89 0.01497 0.00154169 
9.89 0.01697 0.00183173 
9.89 0.01897 0.00147973 
9.89 0.02097 0.00144533 
9.89 0.02297 0.00128426 
9.89 0.02497 0.000911976 
9.89 0.02697 0.000661707 
9.89 0.02897 0.000823079 
9.89 0.03097 0.000534348 
9.89 0.03297 0.000284695 
9.89 0.03497 0.00032413 
9.89 0.03697 0.000200642 
9.89 0.03897 8.02032e-05 
9.89 0.04097 7.32097e-05 
9.89 0.04297 4.78196e-05 
9.89 0.04497 2.35034e-05 
9.9 -0.02303 1.82381e-10 
9.9 -0.01703 2.91397e-07 
9.9 -0.01503 5.49724e-07 
9.9 -0.01303 1.59676e-06 
9.9 -0.01103 6.21773e-06 
9.9 -0.00902998 2.69206e-05 
9.9 -0.00703001 6.45582e-05 
9.9 -0.00503001 0.000148007 
9.9 -0.00303 0.000184618 
9.9 -0.00103 0.000233424 
9.9 0.000970006 0.000311412 
9.9 0.00297001 0.000442618 
9.9 0.00497001 0.000562824 
9.9 0.00697002 0.000839044 
9.9 0.00896999 0.000905903 
9.9 0.01097 0.00117639 
9.9 0.01297 0.00165375 
9.9 0.01497 0.00218676 
9.9 0.01697 0.00163382 
9.9 0.01897 0.00145802 
9.9 0.02097 0.0010044 
9.9 0.02297 0.000846136 
9.9 0.02497 0.00092397 
9.9 0.02697 0.000539075 
9.9 0.02897 0.000430989 
9.9 0.03097 0.000420992 
9.9 0.03297 0.000262653 
9.9 0.03497 9.82181e-05 
9.9 0.03697 0.000117512 
9.9 0.03897 6.50006e-05 
9.9 0.04097 3.3227e-05 
9.9 0.04297 9.5393e-06 
9.91 -0.02103 6.418e-08 
9.91 -0.01903 4.33631e-07 
9.91 -0.01703 8.39059e-07 
9.91 -0.01503 2.18453e-06 
9.91 -0.01303 1.06613e-05 
9.91 -0.01103 3.91652e-05 
9.91 -0.00902998 9.76617e-05 
9.91 -0.00703001 0.000170408 
9.91 -0.00503001 0.000253551 
9.91 -0.00303 0.000371914 
9.91 -0.00103 0.000326617 
9.91 0.000970006 0.000453973 
9.91 0.00297001 0.000755994 
9.91 0.00497001 0.00102224 
9.91 0.00697002 0.00116843 
9.91 0.00896999 0.00134818 
9.91 0.01097 0.00157744 
9.91 0.01297 0.00251815 
9.91 0.01497 0.00174342 
9.91 0.01697 0.00112494 
9.91 0.01897 0.00101874 
9.91 0.02097 0.00110809 
9.91 0.02297 0.000584242 
9.91 0.02497 0.000581464 
9.91 0.02697 0.000487957 
9.91 0.02897 0.000282563 
9.91 0.03097 0.000152716 
9.91 0.03297 0.000164312 
9.91 0.03497 9.11625e-05 
9.91 0.03697 4.60627e-05 
9.91 0.03897 1.55339e-05 
9.91 0.04097 7.82123e-06 
9.92 -0.02703 1.93585e-10 
9.92 -0.02303 7.40023e-08 
9.92 -0.02103 4.7485e-07 
9.92 -0.01903 1.27737e-06 
9.92 -0.01703 3.73292e-06 
9.92 -0.01503 1.56477e-05 
9.92 -0.01303 4.79111e-05 
9.92 -0.01103 0.000120102 
9.92 -0.00902998 0.000219035 
9.92 -0.00703001 0.000374155 
9.92 -0.00503001 0.000387543 
9.92 -0.00303 0.000421719 
9.92 -0.00103 0.00065381 
9.92 0.000970006 0.000787115 
9.92 0.00297001 0.00120672 
9.92 0.00497001 0.00163618 
9.92 0.00697002 0.00153276 
9.92 0.00896999 0.00163691 
9.92 0.01097 0.00234917 
9.92 0.01297 0.00146955 
9.92 0.01497 0.0011795 
9.92 0.01697 0.00130181 
9.92 0.01897 0.000677603 
9.92 0.02097 0.000757489 
9.92 0.02297 0.000615256 
9.92 0.02497 0.000300722 
9.92 0.02697 0.000250532 
9.92 0.02897 0.000193951 
9.92 0.03097 0.000116457 
9.92 0.03297 5.02051e-05 
9.92 0.03497 3.20778e-05 
9.92 0.03697 2.08607e-05 
9.93 -0.02903 4.47235e-10 
9.93 -0.02703 1.60012e-08 
9.93 -0.02503 2.02708e-07 
9.93 -0.02303 4.52333e-07 
9.93 -0.02103 2.16819e-06 
9.93 -0.01903 5.31851e-06 
9.93 -0.01703 2.44565e-05 
9.93 -0.01503 7.78829e-05 
9.93 -0.01303 0.000155812 
9.93 -0.01103 0.000263603 
9.93 -0.00902998 0.000423227 
9.93 -0.00703001 0.000485533 
9.93 -0.00503001 0.000645467 
9.93 -0.00303 0.0007328 
9.93 -0.00103 0.000977165 
9.93 0.000970006 0.0014139 
9.93 0.00297001 0.00194907 
9.93 0.00497001 0.00186028 
9.93 0.00697002 0.00182524 
9.93 0.00896999 0.00222269 
9.93 0.01097 0.0011277 
9.93 0.01297 0.00140827 
9.93 0.01497 0.000761462 
9.93 0.01697 0.000938439 
9.93 0.01897 0.000767358 
9.93 0.02097 0.000355666 
9.93 0.02297 0.000357475 
9.93 0.02497 0.000257476 
9.93 0.02697 0.00014197 
9.93 0.02897 5.62909e-05 
9.93 0.03097 6.0623e-05 
9.93 0.03297 2.93948e-05 
9.93 0.03497 9.31273e-06 
9.94 -0.03303 1.05852e-10 
9.94 -0.03103 2.20887e-10 
9.94 -0.02703 2.32458e-07 
9.94 -0.02503 8.63528e-07 
9.94 -0.02303 2.533e-06 
9.94 -0.02103 1.05533e-05 
9.94 -0.01903 3.38831e-05 
9.94 -0.01703 8.46732e-05 
9.94 -0.01503 0.000168986 
9.94 -0.01303 0.000328856 
9.94 -0.01103 0.000547093 
9.94 -0.00902998 0.000644378 
9.94 -0.00703001 0.000735811 
9.94 -0.00503001 0.000951218 
9.94 -0.00303 0.00129976 
9.94 -0.00103 0.00154768 
9.94 0.000970006 0.00218579 
9.94 0.00297001 0.00234562 
9.94 0.00497001 0.00191527 
9.94 0.00697002 0.00182581 
9.94 0.00896999 0.0016412 
9.94 0.01097 0.000892132 
9.94 0.01297 0.00106274 
9.94 0.01497 0.000914899 
9.94 0.01697 0.000393717 
9.94 0.01897 0.000493103 
9.94 0.02097 0.000338827 
9.94 0.02297 0.00013677 
9.94 0.02497 0.000139368 
9.94 0.02697 8.52999e-05 
9.94 0.02897 2.58311e-05 
9.94 0.03097 2.96752e-05 
9.94 0.03297 8.24357e-06 
9.95 -0.03503 1.13271e-10 
9.95 -0.03303 1.99489e-08 
9.95 -0.03103 7.268e-08 
9.95 -0.02903 2.63255e-07 
9.95 -0.02703 1.05992e-06 
9.95 -0.02503 4.20654e-06 
9.95 -0.02303 1.36976e-05 
9.95 -0.02103 5.0026e-05 
9.95 -0.01903 0.000130617 
9.95 -0.01703 0.000215481 
9.95 -0.01503 0.00036104 
9.95 -0.01303 0.00058021 
9.95 -0.01103 0.000698046 
9.95 -0.00902998 0.00101396 
9.95 -0.00703001 0.00124839 
9.95 -0.00503001 0.00158886 
9.95 -0.00303 0.00176478 
9.95 -0.00103 0.00233208 
9.95 0.000970006 0.00277044 
9.95 0.00297001 0.00209591 
9.95 0.00497001 0.00185566 
9.95 0.00697002 0.00105839 
9.95 0.00896999 0.00127065 
9.95 0.01097 0.00112223 
9.95 0.01297 0.00046934 
9.95 0.01497 0.000644582 
9.95 0.01697 0.00044288 
9.95 0.01897 0.00015989 
9.95 0.02097 0.000213757 
9.95 0.02297 9.15835e-05 
9.95 0.02497 6.30283e-05 
9.95 0.02697 4.34868e-05 
9.95 0.02897 1.64662e-05 
9.95 0.03097 3.99576e-06 
9.96 -0.03703 1.0895e-10 
9.96 -0.03303 3.72966e-10 
9.96 -0.03103 3.33259e-07 
9.96 -0.02903 1.2186e-06 
9.96 -0.02703 5.68219e-06 
9.96 -0.02503 2.66763e-05 
9.96 -0.02303 7.2286e-05 
9.96 -0.02103 0.000127244 
9.96 -0.01903 0.000264847 
9.96 -0.01703 0.000481667 
9.96 -0.01503 0.000752698 
9.96 -0.01303 0.000717749 
9.96 -0.01103 0.000992663 
9.96 -0.00902998 0.00179846 
9.96 -0.00703001 0.00188611 
9.96 -0.00503001 0.00205397 
9.96 -0.00303 0.00237684 
9.96 -0.00103 0.00305498 
9.96 0.000970006 0.00226719 
9.96 0.00297001 0.00125314 
9.96 0.00497001 0.00149273 
9.96 0.00697002 0.00134289 
9.96 0.00896999 0.000590093 
9.96 0.01097 0.000776828 
9.96 0.01297 0.000414312 
9.96 0.01497 0.000246071 
9.96 0.01697 0.000254985 
9.96 0.01897 9.44449e-05 
9.96 0.02097 0.000119965 
9.96 0.02297 5.85257e-05 
9.96 0.02497 2.15589e-05 
9.96 0.02697 2.03073e-05 
9.97 -0.03503 6.45242e-08 
9.97 -0.03303 6.31492e-07 
9.97 -0.03103 2.35716e-06 
9.97 -0.02903 9.60031e-06 
9.97 -0.02703 3.3708e-05 
9.97 -0.02503 0.000107228 
9.97 -0.02303 0.000201474 
9.97 -0.02103 0.000319237 
9.97 -0.01903 0.000491955 
9.97 -0.01703 0.000814316 
9.97 -0.01503 0.00106228 
9.97 -0.01303 0.00135658 
9.97 -0.01103 0.00160479 
9.97 -0.00902998 0.00258847 
9.97 -0.00703001 0.00240505 
9.97 -0.00503001 0.00237792 
9.97 -0.00303 0.00308323 
9.97 -0.00103 0.00180531 
9.97 0.000970006 0.00157128 
9.97 0.00297001 0.00160938 
9.97 0.00497001 0.000620376 
9.97 0.00697002 0.000910236 
9.97 0.00896999 0.000369466 
9.97 0.01097 0.000489153 
9.97 0.01297 0.000262669 
9.97 0.01497 0.000149755 
9.97 0.01697 0.000135248 
9.97 0.01897 5.14792e-05 
9.97 0.02097 6.16078e-05 
9.97 0.02297 2.97714e-05 
9.97 0.02497 8.01521e-06 
9.98 -0.04103 1.02449e-10 
9.98 -0.03903 4.83512e-08 
9.98 -0.03703 7.29228e-08 
9.98 -0.03503 8.08497e-07 
9.98 -0.03303 3.16007e-06 
9.98 -0.03103 1.49169e-05 
9.98 -0.02903 5.73504e-05 
9.98 -0.02703 0.000148929 
9.98 -0.02503 0.000247975 
9.98 -0.02303 0.000424251 
9.98 -0.02103 0.000662795 
9.98 -0.01903 0.000823554 
9.98 -0.01703 0.0010637 
9.98 -0.01503 0.00205457 
9.98 -0.01303 0.00191525 
9.98 -0.01103 0.00241914 
9.98 -0.00902998 0.00324274 
9.98 -0.00703001 0.00244033 
9.98 -0.00503001 0.00281914 
9.98 -0.00303 0.0015335 
9.98 -0.00103 0.00164998 
9.98 0.000970006 0.000769313 
9.98 0.00297001 0.00110806 
9.98 0.00497001 0.000455119 
9.98 0.00697002 0.000648734 
9.98 0.00896999 0.000238641 
9.98 0.01097 0.000310215 
9.98 0.01297 0.000164433 
9.98 0.01497 7.94372e-05 
9.98 0.01697 7.29249e-05 
9.98 0.01897 2.40203e-05 
9.98 0.02097 2.41017e-05 
9.98 0.02297 7.93005e-06 
9.99 -0.04303 7.26391e-09 
9.99 -0.04103 3.8987e-08 
9.99 -0.03903 2.34181e-07 
9.99 -0.03703 8.21256e-07 
9.99 -0.03503 5.2861e-06 
9.99 -0.03303 2.26669e-05 
9.99 -0.03103 7.06338e-05 
9.99 -0.02903 0.000171566 
9.99 -0.02703 0.000304252 
9.99 -0.02503 0.000548218 
9.99 -0.02303 0.000918704 
9.99 -0.02103 0.00101524 
9.99 -0.01903 0.00137279 
9.99 -0.01703 0.00175049 
9.99 -0.01503 0.002854 
9.99 -0.01303 0.00260421 
9.99 -0.01103 0.00316534 
9.99 -0.00902998 0.00314885 
9.99 -0.00703001 0.00220706 
9.99 -0.00503001 0.00184818 
9.99 -0.00303 0.000996232 
9.99 -0.00103 0.00135747 
9.99 0.000970006 0.000598155 
9.99 0.00297001 0.000810574 
9.99 0.00497001 0.000313913 
9.99 0.00697002 0.00042202 
9.99 0.00896999 0.000144546 
9.99 0.01097 0.000184962 
9.99 0.01297 9.78814e-05 
9.99 0.01497 3.50247e-05 
9.99 0.01697 3.63089e-05 
9.99 0.01897 1.63822e-05 
9.99 0.02097 3.66069e-07 
10 -0.04503 5.20886e-09 
10 -0.04303 6.35045e-08 
10 -0.04103 2.24216e-07 
10 -0.03903 1.89434e-06 
10 -0.03703 6.29273e-06 
10 -0.03503 3.28162e-05 
10 -0.03303 0.00011219 
10 -0.03103 0.000239518 
10 -0.02903 0.000365307 
10 -0.02703 0.000624133 
10 -0.02503 0.000997099 
10 -0.02303 0.00131232 
10 -0.02103 0.00186367 
10 -0.01903 0.00193674 
10 -0.01703 0.0027905 
10 -0.01503 0.00351476 
10 -0.01303 0.00281656 
10 -0.01103 0.00363821 
10 -0.00902998 0.00199202 
10 -0.00703001 0.00134981 
10 -0.00503001 0.00146396 
10 -0.00303 0.000872761 
10 -0.00103 0.0009914 
10 0.000970006 0.000446324 
10 0.00297001 0.000553651 
10 0.00497001 0.000190197 
10 0.00697002 0.000254045 
10 0.00896999 8.38192e-05 
10 0.01097 0.000100333 
10 0.01297 5.20134e-05 
10 0.01497 1.51743e-05 
10 0.01697 1.65711e-05 
10.01 -0.04703 3.73893e-09 
10.01 -0.04503 3.81176e-09 
10.01 -0.04303 4.80295e-07 
10.01 -0.04103 2.70873e-06 
10.01 -0.03903 1.4521e-05 
10.01 -0.03703 4.59809e-05 
10.01 -0.03503 0.000137662 
10.01 -0.03303 0.000281819 
10.01 -0.03103 0.000537521 
10.01 -0.02903 0.000806699 
10.01 -0.02703 0.00115645 
10.01 -0.02503 0.00134084 
10.01 -0.02303 0.00197183 
10.01 -0.02103 0.00277667 
10.01 -0.01903 0.00266482 
10.01 -0.01703 0.00369562 
10.01 -0.01503 0.00333442 
10.01 -0.01303 0.00312657 
10.01 -0.01103 0.00187446 
10.01 -0.00902998 0.00138442 
10.01 -0.00703001 0.00138446 
10.01 -0.00503001 0.000990909 
10.01 -0.00303 0.000799664 
10.01 -0.00103 0.000621522 
10.01 0.000970006 0.000347084 
10.01 0.00297001 0.000336118 
10.01 0.00497001 0.000113258 
10.01 0.00697002 0.000143656 
10.01 0.00896999 4.73306e-05 
10.01 0.01097 4.84753e-05 
10.01 0.01297 2.47814e-05 
10.01 0.01497 6.60624e-06 
10.02 -0.04903 1.00075e-08 
10.02 -0.04703 7.22009e-09 
10.02 -0.04503 5.7546e-07 
10.02 -0.04303 5.39811e-06 
10.02 -0.04103 2.06296e-05 
10.02 -0.03903 7.37427e-05 
10.02 -0.03703 0.000200034 
10.02 -0.03503 0.000299952 
10.02 -0.03303 0.000547778 
10.02 -0.03103 0.000974275 
10.02 -0.02903 0.00169116 
10.02 -0.02703 0.0015843 
10.02 -0.02503 0.00189831 
10.02 -0.02303 0.00312456 
10.02 -0.02103 0.00345831 
10.02 -0.01903 0.00319318 
10.02 -0.01703 0.00423102 
10.02 -0.01503 0.0027233 
10.02 -0.01303 0.00136309 
10.02 -0.01103 0.00189351 
10.02 -0.00902998 0.000918419 
10.02 -0.00703001 0.00122635 
10.02 -0.00503001 0.000589906 
10.02 -0.00303 0.000671134 
10.02 -0.00103 0.000356848 
10.02 0.000970006 0.000247457 
10.02 0.00297001 0.000195617 
10.02 0.00497001 6.2962e-05 
10.02 0.00697002 7.48355e-05 
10.02 0.00896999 3.09064e-05 
10.02 0.01097 1.52066e-05 
10.02 0.01297 6.48651e-06 
10.03 -0.05303 1.10374e-10 
10.03 -0.05103 7.80292e-09 
10.03 -0.04903 1.84384e-07 
10.03 -0.04703 1.73689e-06 
10.03 -0.04503 8.38726e-06 
10.03 -0.04303 3.81326e-05 
10.03 -0.04103 0.000101158 
10.03 -0.03903 0.000265903 
10.03 -0.03703 0.000415171 
10.03 -0.03503 0.00067712 
10.03 -0.03303 0.00109166 
10.03 -0.03103 0.00159006 
10.03 -0.02903 0.00229747 
10.03 -0.02703 0.00256377 
10.03 -0.02503 0.00262799 
10.03 -0.02303 0.0041314 
10.03 -0.02103 0.00363678 
10.03 -0.01903 0.00378973 
10.03 -0.01703 0.00216441 
10.03 -0.01503 0.00229539 
10.03 -0.01303 0.00102647 
10.03 -0.01103 0.00158664 
10.03 -0.00902998 0.000644194 
10.03 -0.00703001 0.000894777 
10.03 -0.00503001 0.000353836 
10.03 -0.00303 0.000451294 
10.03 -0.00103 0.000188757 
10.03 0.000970006 0.000163079 
10.03 0.00297001 0.000105164 
10.03 0.00497001 3.12055e-05 
10.03 0.00697002 3.59186e-05 
10.03 0.00896999 1.61632e-05 
10.03 0.01097 5.23264e-09 
10.04 -0.05503 8.26063e-09 
10.04 -0.05303 6.00172e-10 
10.04 -0.05103 3.04352e-07 
10.04 -0.04903 3.30838e-06 
10.04 -0.04703 1.78395e-05 
10.04 -0.04503 5.36532e-05 
10.04 -0.04303 0.000161654 
10.04 -0.04103 0.000272295 
10.04 -0.03903 0.00049926 
10.04 -0.03703 0.000981554 
10.04 -0.03503 0.00134623 
10.04 -0.03303 0.00179067 
10.04 -0.03103 0.00202888 
10.04 -0.02903 0.00361232 
10.04 -0.02703 0.0032071 
10.04 -0.02503 0.0034357 
10.04 -0.02303 0.0044912 
10.04 -0.02103 0.00323298 
10.04 -0.01903 0.00250361 
10.04 -0.01703 0.00125581 
10.04 -0.01503 0.00191789 
10.04 -0.01303 0.000768435 
10.04 -0.01103 0.00115096 
10.04 -0.00902998 0.000426585 
10.04 -0.00703001 0.000577689 
10.04 -0.00503001 0.000202683 
10.04 -0.00303 0.000268745 
10.04 -0.00103 0.00010355 
10.04 0.000970006 8.75338e-05 
10.04 0.00297001 5.19737e-05 
10.04 0.00497001 1.57997e-05 
10.04 0.00697002 1.4672e-05 
10.05 -0.05503 2.00044e-08 
10.05 -0.05303 6.12734e-07 
10.05 -0.05103 6.72141e-06 
10.05 -0.04903 2.64994e-05 
10.05 -0.04703 9.32607e-05 
10.05 -0.04503 0.000228833 
10.05 -0.04303 0.000359656 
10.05 -0.04103 0.000607795 
10.05 -0.03903 0.000999551 
10.05 -0.03703 0.001646 
10.05 -0.03503 0.00244565 
10.05 -0.03303 0.00256797 
10.05 -0.03103 0.00288834 
10.05 -0.02903 0.00467142 
10.05 -0.02703 0.00351533 
10.05 -0.02503 0.00412742 
10.05 -0.02303 0.00347482 
10.05 -0.02103 0.00133494 
10.05 -0.01903 0.00203216 
10.05 -0.01703 0.000901888 
10.05 -0.01503 0.00130894 
10.05 -0.01303 0.000485749 
10.05 -0.01103 0.000711151 
10.05 -0.00902998 0.000258058 
10.05 -0.00703001 0.000340713 
10.05 -0.00503001 0.000101418 
10.05 -0.00303 0.000135789 
10.05 -0.00103 5.93402e-05 
10.05 0.000970006 3.65662e-05 
10.05 0.00297001 2.37485e-05 
10.05 0.00497001 6.20705e-06 
10.06 -0.05903 1.48896e-08 
10.06 -0.05703 1.50406e-07 
10.06 -0.05503 2.45851e-06 
10.06 -0.05303 1.11467e-05 
10.06 -0.05103 4.78796e-05 
10.06 -0.04903 0.000130853 
10.06 -0.04703 0.000274446 
10.06 -0.04503 0.000561596 
10.06 -0.04303 0.000811392 
10.06 -0.04103 0.00122589 
10.06 -0.03903 0.00178835 
10.06 -0.03703 0.00228202 
10.06 -0.03503 0.00391 
10.06 -0.03303 0.00327823 
10.06 -0.03103 0.0040038 
10.06 -0.02903 0.00484885 
10.06 -0.02703 0.00341332 
10.06 -0.02503 0.00277454 
10.06 -0.02303 0.00247345 
10.06 -0.02103 0.00106088 
10.06 -0.01903 0.00155156 
10.06 -0.01703 0.000637815 
10.06 -0.01503 0.000857706 
10.06 -0.01303 0.000340636 
10.06 -0.01103 0.000419022 
10.06 -0.00902998 0.000142059 
10.06 -0.00703001 0.000178365 
10.06 -0.00503001 5.19983e-05 
10.06 -0.00303 6.1657e-05 
10.06 -0.00103 3.06638e-05 
10.06 0.000970006 9.93175e-06 
10.06 0.00297001 6.079e-06 
10.07 -0.06303 2.95993e-09 
10.07 -0.06103 1.68706e-08 
10.07 -0.05903 5.02724e-07 
10.07 -0.05703 4.03845e-06 
10.07 -0.05503 2.01725e-05 
10.07 -0.05303 6.88717e-05 
10.07 -0.05103 0.000213781 
10.07 -0.04903 0.000303088 
10.07 -0.04703 0.00055557 
10.07 -0.04503 0.000945472 
10.07 -0.04303 0.00178586 
10.07 -0.04103 0.00226945 
10.07 -0.03903 0.00266739 
10.07 -0.03703 0.00323268 
10.07 -0.03503 0.00511231 
10.07 -0.03303 0.00382538 
10.07 -0.03103 0.00504332 
10.07 -0.02903 0.0036722 
10.07 -0.02703 0.00272883 
10.07 -0.02503 0.00114558 
10.07 -0.02303 0.00175119 
10.07 -0.02103 0.000832527 
10.07 -0.01903 0.000923295 
10.07 -0.01703 0.000599346 
10.07 -0.01503 0.00044637 
10.07 -0.01303 0.000299001 
10.07 -0.01103 0.000229319 
10.07 -0.00902998 8.81105e-05 
10.07 -0.00703001 9.15883e-05 
10.07 -0.00503001 2.48646e-05 
10.07 -0.00303 2.7774e-05 
10.07 -0.00103 1.20517e-05 
10.08 -0.06503 3.48192e-09 
10.08 -0.06303 2.30789e-08 
10.08 -0.06103 1.30656e-06 
10.08 -0.05903 7.87409e-06 
10.08 -0.05703 2.95415e-05 
10.08 -0.05503 0.000106537 
10.08 -0.05303 0.000304427 
10.08 -0.05103 0.000448007 
10.08 -0.04903 0.000772688 
10.08 -0.04703 0.00113321 
10.08 -0.04503 0.00163924 
10.08 -0.04303 0.00272706 
10.08 -0.04103 0.00347702 
10.08 -0.03903 0.00351883 
10.08 -0.03703 0.00482491 
10.08 -0.03503 0.00509362 
10.08 -0.03303 0.00393171 
10.08 -0.03103 0.00463361 
10.08 -0.02903 0.00142527 
10.08 -0.02703 0.00195923 
10.08 -0.02503 0.00109777 
10.08 -0.02303 0.000879905 
10.08 -0.02103 0.000948622 
10.08 -0.01903 0.000399816 
10.08 -0.01703 0.000503428 
10.08 -0.01503 0.000181884 
10.08 -0.01303 0.000230225 
10.08 -0.01103 0.000116585 
10.08 -0.00902998 4.99562e-05 
10.08 -0.00703001 4.4169e-05 
10.08 -0.00503001 1.44526e-05 
10.08 -0.00303 8.09158e-06 
10.09 -0.06703 4.02118e-09 
10.09 -0.06503 2.73807e-07 
10.09 -0.06303 2.42281e-06 
10.09 -0.06103 1.08375e-05 
10.09 -0.05903 4.64594e-05 
10.09 -0.05703 0.000154931 
10.09 -0.05503 0.000288876 
10.09 -0.05303 0.000472099 
10.09 -0.05103 0.00105918 
10.09 -0.04903 0.00167906 
10.09 -0.04703 0.00207529 
10.09 -0.04503 0.00265442 
10.09 -0.04303 0.00347596 
10.09 -0.04103 0.00480917 
10.09 -0.03903 0.00421614 
10.09 -0.03703 0.00591263 
10.09 -0.03503 0.00393115 
10.09 -0.03303 0.00323974 
10.09 -0.03103 0.00213736 
10.09 -0.02903 0.00148221 
10.09 -0.02703 0.000961868 
10.09 -0.02503 0.00129449 
10.09 -0.02303 0.000501731 
10.09 -0.02103 0.000674933 
10.09 -0.01903 0.000225625 
10.09 -0.01703 0.000292108 
10.09 -0.01503 9.35973e-05 
10.09 -0.01303 0.000112776 
10.09 -0.01103 5.28616e-05 
10.09 -0.00902998 2.01005e-05 
10.09 -0.00703001 1.94436e-05 
10.09 -0.00503001 4.38304e-06 
10.1 -0.06903 1.04207e-08 
10.1 -0.06703 5.33342e-07 
10.1 -0.06503 3.95552e-06 
10.1 -0.06303 1.83935e-05 
10.1 -0.06103 6.72712e-05 
10.1 -0.05903 0.000220987 
10.1 -0.05703 0.00042563 
10.1 -0.05503 0.000688152 
10.1 -0.05303 0.00109773 
10.1 -0.05103 0.00160399 
10.1 -0.04903 0.00315297 
10.1 -0.04703 0.00325542 
10.1 -0.04503 0.00332165 
10.1 -0.04303 0.00491013 
10.1 -0.04103 0.00525677 
10.1 -0.03903 0.00448009 
10.1 -0.03703 0.00539989 
10.1 -0.03503 0.00254614 
10.1 -0.03303 0.00180484 
10.1 -0.03103 0.00107691 
10.1 -0.02903 0.00163605 
10.1 -0.02703 0.000645867 
10.1 -0.02503 0.000873908 
10.1 -0.02303 0.00031117 
10.1 -0.02103 0.00039332 
10.1 -0.01903 0.000124657 
10.1 -0.01703 0.000156774 
10.1 -0.01503 4.69791e-05 
10.1 -0.01303 5.39285e-05 
10.1 -0.01103 2.4905e-05 
10.1 -0.00902998 7.27755e-06 
10.1 -0.00703001 3.50854e-06 
10.11 -0.07103 1.01565e-09 
10.11 -0.06903 1.21868e-06 
10.11 -0.06703 7.90437e-06 
10.11 -0.06503 3.02253e-05 
10.11 -0.06303 0.000100445 
10.11 -0.06103 0.000309639 
10.11 -0.05903 0.000624524 
10.11 -0.05703 0.000921672 
10.11 -0.05503 0.00143221 
10.11 -0.05303 0.00204721 
10.11 -0.05103 0.00275285 
10.11 -0.04903 0.0044233 
10.11 -0.04703 0.00437022 
10.11 -0.04503 0.00403001 
10.11 -0.04303 0.0060487 
10.11 -0.04103 0.00412061 
10.11 -0.03903 0.0049128 
10.11 -0.03703 0.00191668 
10.11 -0.03503 0.0013569 
10.11 -0.03303 0.00199446 
10.11 -0.03103 0.000796583 
10.11 -0.02903 0.00110252 
10.11 -0.02703 0.000405768 
10.11 -0.02503 0.000517525 
10.11 -0.02303 0.000169665 
10.11 -0.02103 0.000213331 
10.11 -0.01903 6.46717e-05 
10.11 -0.01703 7.78041e-05 
10.11 -0.01503 2.3816e-05 
10.11 -0.01303 2.25528e-05 
10.11 -0.01103 1.04272e-05 
10.12 -0.07503 3.35485e-09 
10.12 -0.07303 2.02228e-08 
10.12 -0.07103 2.61663e-06 
10.12 -0.06903 1.40963e-05 
10.12 -0.06703 5.14305e-05 
10.12 -0.06503 0.000157637 
10.12 -0.06303 0.000409806 
10.12 -0.06103 0.00055592 
10.12 -0.05903 0.00105439 
10.12 -0.05703 0.00193538 
10.12 -0.05503 0.00291653 
10.12 -0.05303 0.00323953 
10.12 -0.05103 0.00370426 
10.12 -0.04903 0.00589187 
10.12 -0.04703 0.00472087 
10.12 -0.04503 0.00454818 
10.12 -0.04303 0.00553483 
10.12 -0.04103 0.00361276 
10.12 -0.03903 0.0015254 
10.12 -0.03703 0.00221565 
10.12 -0.03503 0.000963341 
10.12 -0.03303 0.00134364 
10.12 -0.03103 0.00050547 
10.12 -0.02903 0.000593089 
10.12 -0.02703 0.000297071 
10.12 -0.02503 0.000244965 
10.12 -0.02303 0.00012914 
10.12 -0.02103 0.000108543 
10.12 -0.01903 3.2561e-05 
10.12 -0.01703 3.56875e-05 
10.12 -0.01503 1.49496e-05 
10.12 -0.01303 4.546e-06 
10.13 -0.07703 3.69368e-09 
10.13 -0.07503 5.21923e-07 
10.13 -0.07303 4.8412e-06 
10.13 -0.07103 2.23854e-05 
10.13 -0.06903 8.45624e-05 
10.13 -0.06703 0.000235505 
10.13 -0.06503 0.00058388 
10.13 -0.06303 0.000774097 
10.13 -0.06103 0.00124272 
10.13 -0.05903 0.00203003 
10.13 -0.05703 0.00282956 
10.13 -0.05503 0.00515654 
10.13 -0.05303 0.00428322 
10.13 -0.05103 0.00440941 
10.13 -0.04903 0.00695115 
10.13 -0.04703 0.00438175 
10.13 -0.04503 0.00525269 
10.13 -0.04303 0.00198174 
10.13 -0.04103 0.00275106 
10.13 -0.03903 0.00116338 
10.13 -0.03703 0.00163671 
10.13 -0.03503 0.000644879 
10.13 -0.03303 0.000609154 
10.13 -0.03103 0.00055995 
10.13 -0.02903 0.000227878 
10.13 -0.02703 0.000273467 
10.13 -0.02503 9.97913e-05 
10.13 -0.02303 9.24604e-05 
10.13 -0.02103 5.05571e-05 
10.13 -0.01903 1.42613e-05 
10.13 -0.01703 1.52066e-05 
10.13 -0.01503 3.76345e-06 
10.14 -0.07903 7.00007e-09 
10.14 -0.07703 1.62358e-06 
10.14 -0.07503 9.59529e-06 
10.14 -0.07303 3.57388e-05 
10.14 -0.07103 0.000129994 
10.14 -0.06903 0.000370965 
10.14 -0.06703 0.000500265 
10.14 -0.06503 0.000920661 
10.14 -0.06303 0.00195275 
10.14 -0.06103 0.00240189 
10.14 -0.05903 0.00328239 
10.14 -0.05703 0.00413996 
10.14 -0.05503 0.00661073 
10.14 -0.05303 0.00479085 
10.14 -0.05103 0.00524664 
10.14 -0.04903 0.00635475 
10.14 -0.04703 0.00387765 
10.14 -0.04503 0.0031472 
10.14 -0.04303 0.00131774 
10.14 -0.04103 0.00201519 
10.14 -0.03903 0.000866215 
10.14 -0.03703 0.000657521 
10.14 -0.03503 0.000843 
10.14 -0.03303 0.000306525 
10.14 -0.03103 0.000374863 
10.14 -0.02903 0.000117713 
10.14 -0.02703 0.000147209 
10.14 -0.02503 4.70458e-05 
10.14 -0.02303 4.58161e-05 
10.14 -0.02103 2.22971e-05 
10.14 -0.01903 8.09211e-06 
10.14 -0.01703 1.20552e-06 
