#logr PDFlogr r(Rs) PDF
1.568 1.05465e-07 36.9828 1.23849e-09
1.572 7.32905e-07 37.325 8.5277e-09
1.576 3.67326e-06 37.6704 4.23483e-08
1.58 1.42649e-05 38.019 1.6295e-07
1.584 4.55135e-05 38.3707 5.15139e-07
1.588 0.00012412 38.7258 1.39195e-06
1.592 0.000290401 39.0841 3.22688e-06
1.596 0.000599035 39.4457 6.59533e-06
1.6 0.00111225 39.8107 1.21336e-05
1.604 0.00186513 40.1791 2.01602e-05
1.608 0.00287576 40.5509 3.0799e-05
1.612 0.00415034 40.9261 4.40421e-05
1.616 0.00574633 41.3048 6.04191e-05
1.62 0.00763228 41.687 7.9513e-05
1.624 0.00984057 42.0727 0.000101579
1.628 0.0124348 42.462 0.000127181
1.632 0.0154486 42.8549 0.000156557
1.636 0.0189723 43.2514 0.000190504
1.64 0.0229778 43.6516 0.000228608
1.644 0.0273678 44.0555 0.000269789
1.648 0.0320033 44.4632 0.000312593
1.652 0.0366188 44.8746 0.000354395
1.656 0.0410315 45.2898 0.000393461
1.66 0.0450738 45.7088 0.000428261
1.664 0.0487862 46.1318 0.000459284
1.668 0.0521547 46.5586 0.000486494
1.672 0.0543313 46.9894 0.000502151
1.676 0.0557163 47.4242 0.000510231
1.68 0.0556602 47.863 0.000505044
1.684 0.0544802 48.3059 0.000489805
1.688 0.0528965 48.7529 0.000471206
1.692 0.0494602 49.204 0.000436556
1.696 0.0458335 49.6592 0.000400837
1.7 0.0415291 50.1187 0.000359863
1.704 0.037307 50.5825 0.000320313
1.708 0.0324223 51.0505 0.000275821
1.712 0.0280955 51.5229 0.000236821
1.716 0.0235258 51.9996 0.000196485
1.72 0.0194987 52.4807 0.000161357
1.724 0.0157405 52.9664 0.000129063
1.728 0.0125137 53.4565 0.000101664
1.732 0.00964752 53.9511 7.76604e-05
1.736 0.0072903 54.4503 5.81473e-05
1.74 0.00534976 54.9541 4.22784e-05
1.744 0.00385422 55.4626 3.01801e-05
1.748 0.00269594 55.9758 2.09167e-05
1.752 0.00186277 56.4937 1.432e-05
1.756 0.00124583 57.0164 9.48952e-06
1.76 0.00080668 57.544 6.08815e-06
1.764 0.000495668 58.0765 3.70659e-06
1.768 0.000284605 58.6138 2.10876e-06
1.772 0.000150743 59.1562 1.10668e-06
1.776 7.45208e-05 59.7035 5.42078e-07
1.78 3.41137e-05 60.256 2.45874e-07
1.784 1.4825e-05 60.8135 1.05872e-07
1.788 6.38357e-06 61.3762 4.51697e-08
1.792 2.86652e-06 61.9441 2.00974e-08
1.796 1.33351e-06 62.5173 9.26362e-09
1.8 6.42971e-07 63.0958 4.42563e-09
1.804 3.18801e-07 63.6796 2.17422e-09
1.808 1.51498e-07 64.2688 1.02374e-09
1.812 6.86903e-08 64.8634 4.59918e-10
1.816 2.84536e-08 65.4637 1.88765e-10
1.82 1.09038e-08 66.0694 7.16743e-11
