#logr PDFlogr r(Rs) PDF
1.564 4.32671e-08 36.6438 5.12793e-10
1.568 3.47893e-07 36.9828 4.08535e-09
1.572 1.91657e-06 37.325 2.23002e-08
1.576 8.39773e-06 37.6704 9.68157e-08
1.58 2.98939e-05 38.019 3.41481e-07
1.584 8.97879e-05 38.3707 1.01625e-06
1.588 0.000230339 38.7258 2.58316e-06
1.592 0.000516949 39.0841 5.74423e-06
1.596 0.00102253 39.4457 1.1258e-05
1.6 0.00180364 39.8107 1.96758e-05
1.604 0.00290216 40.1791 3.13694e-05
1.608 0.00431665 40.5509 4.62307e-05
1.612 0.00598107 40.9261 6.34691e-05
1.616 0.00791543 41.3048 8.32259e-05
1.62 0.0101482 41.687 0.000105724
1.624 0.0126861 42.0727 0.000130952
1.628 0.0154346 42.462 0.000157863
1.632 0.0186693 42.8549 0.000189196
1.636 0.0222103 43.2514 0.000223017
1.64 0.026252 43.6516 0.000261184
1.644 0.0307227 44.0555 0.000302861
1.648 0.0351112 44.4632 0.000342949
1.652 0.0397059 44.8746 0.000384272
1.656 0.0435338 45.2898 0.000417456
1.66 0.0467441 45.7088 0.000444131
1.664 0.0499017 46.1318 0.000469785
1.668 0.0525342 46.5586 0.000490034
1.672 0.0543038 46.9894 0.000501897
1.676 0.054661 47.4242 0.000500566
1.68 0.0542125 47.863 0.000491908
1.684 0.0525328 48.3059 0.000472297
1.688 0.0501327 48.7529 0.000446586
1.692 0.0464273 49.204 0.000409787
1.696 0.0424094 49.6592 0.000370891
1.7 0.0379311 50.1187 0.000328685
1.704 0.0336412 50.5825 0.000288839
1.708 0.0291144 51.0505 0.000247681
1.712 0.0248819 51.5229 0.000209734
1.716 0.0207541 51.9996 0.000173336
1.72 0.0170337 52.4807 0.000140959
1.724 0.0137158 52.9664 0.000112462
1.728 0.0108034 53.4565 8.77695e-05
1.732 0.0083122 53.9511 6.69114e-05
1.736 0.00625821 54.4503 4.99154e-05
1.74 0.0045689 54.9541 3.61074e-05
1.744 0.00329279 55.4626 2.57839e-05
1.748 0.00229519 55.9758 1.78075e-05
1.752 0.00158298 56.4937 1.21691e-05
1.756 0.00105821 57.0164 8.06036e-06
1.76 0.000687152 57.544 5.18605e-06
1.764 0.000420582 58.0765 3.14511e-06
1.768 0.000242612 58.6138 1.79762e-06
1.772 0.000129404 59.1562 9.50015e-07
1.776 6.54613e-05 59.7035 4.76178e-07
1.78 3.08671e-05 60.256 2.22474e-07
1.784 1.41869e-05 60.8135 1.01315e-07
1.788 6.61252e-06 61.3762 4.67898e-08
1.792 3.17685e-06 61.9441 2.22731e-08
1.796 1.56107e-06 62.5173 1.08444e-08
1.8 7.89596e-07 63.0958 5.43487e-09
1.804 3.92872e-07 63.6796 2.67939e-09
1.808 1.8799e-07 64.2688 1.27034e-09
1.812 8.48101e-08 64.8634 5.67848e-10
1.816 3.50631e-08 65.4637 2.32613e-10
1.82 1.33053e-08 66.0694 8.74597e-11
