#logrho PDF
-5 0.175218
-4.9975 0.0791268
-4.995 0.0748651
-4.9925 0.0688268
-4.99 0.0634592
-4.9875 0.0589851
-4.985 0.0547361
-4.9825 0.0495553
-4.98 0.0454663
-4.9775 0.0418676
-4.975 0.0373741
-4.9725 0.0338382
-4.97 0.030342
-4.9675 0.0269201
-4.965 0.0239675
-4.9625 0.0211724
-4.96 0.0185813
-4.9575 0.0162173
-4.955 0.0141171
-4.9525 0.0119358
-4.95 0.0105315
-4.9475 0.00875492
-4.945 0.0072827
-4.9425 0.00609325
-4.94 0.00507693
-4.9375 0.00411277
-4.935 0.00323943
-4.9325 0.00254489
-4.93 0.00197494
-4.9275 0.00146032
-4.925 0.00101462
-4.9225 0.000651227
-4.92 0.000368147
-4.9175 0.00019968
-4.915 8.04482e-05
-4.9125 3.17749e-05
-4.91 8.2247e-06
-4.9075 1.56822e-06
-4.905 1.05421e-07
