#logrho PDF
-5 0.0177399
-4.9975 0.00909435
-4.995 0.00936188
-4.9925 0.00946718
-4.99 0.00967661
-4.9875 0.00981887
-4.985 0.0100258
-4.9825 0.0101074
-4.98 0.0102774
-4.9775 0.0105687
-4.975 0.0105501
-4.9725 0.0107698
-4.97 0.0109275
-4.9675 0.0109745
-4.965 0.0111135
-4.9625 0.0114547
-4.96 0.011364
-4.9575 0.0115977
-4.955 0.0116725
-4.9525 0.0117797
-4.95 0.011811
-4.9475 0.0121904
-4.945 0.0121123
-4.9425 0.0120423
-4.94 0.0123291
-4.9375 0.0124513
-4.935 0.0123114
-4.9325 0.0124232
-4.93 0.0126193
-4.9275 0.012427
-4.925 0.0125022
-4.9225 0.0126287
-4.92 0.0125585
-4.9175 0.012543
-4.915 0.0126164
-4.9125 0.0125766
-4.91 0.012449
-4.9075 0.0125013
-4.905 0.0124491
-4.9025 0.0124435
-4.9 0.0122888
-4.8975 0.0124324
-4.895 0.0121471
-4.8925 0.0121362
-4.89 0.0120986
-4.8875 0.0119993
-4.885 0.0117544
-4.8825 0.0117865
-4.88 0.0116877
-4.8775 0.0115101
-4.875 0.0113558
-4.8725 0.0112658
-4.87 0.0111193
-4.8675 0.0110235
-4.865 0.0108135
-4.8625 0.010663
-4.86 0.0105601
-4.8575 0.0103326
-4.855 0.0102672
-4.8525 0.00997808
-4.85 0.00998868
-4.8475 0.00970189
-4.845 0.00952071
-4.8425 0.0094445
-4.84 0.00906857
-4.8375 0.0090629
-4.835 0.00886263
-4.8325 0.00870711
-4.83 0.0083834
-4.8275 0.00830481
-4.825 0.00807077
-4.8225 0.00786889
-4.82 0.00770795
-4.8175 0.00747607
-4.815 0.00732001
-4.8125 0.00714966
-4.81 0.00688337
-4.8075 0.00674663
-4.805 0.00654488
-4.8025 0.00635165
-4.8 0.00616213
-4.7975 0.00596712
-4.795 0.00574214
-4.7925 0.0056036
-4.79 0.00546154
-4.7875 0.00521212
-4.785 0.00504007
-4.7825 0.00492542
-4.78 0.00471603
-4.7775 0.00449041
-4.775 0.00438483
-4.7725 0.00425619
-4.77 0.00398845
-4.7675 0.0039269
-4.765 0.00373465
-4.7625 0.00357148
-4.76 0.00343999
-4.7575 0.00333074
-4.755 0.00316296
-4.7525 0.00300716
-4.75 0.00293036
-4.7475 0.00277518
-4.745 0.00264333
-4.7425 0.00254215
-4.74 0.00243425
-4.7375 0.00228264
-4.735 0.00221737
-4.7325 0.00208605
-4.73 0.00198335
-4.7275 0.00190106
-4.725 0.0018058
-4.7225 0.00169002
-4.72 0.00162042
-4.7175 0.00154916
-4.715 0.00144465
-4.7125 0.00137306
-4.71 0.00130128
-4.7075 0.00123317
-4.705 0.00115816
-4.7025 0.00109572
-4.7 0.0010176
-4.6975 0.00097217
-4.695 0.000910254
-4.6925 0.000863108
-4.69 0.000804922
-4.6875 0.000753599
-4.685 0.000705267
-4.6825 0.000659282
-4.68 0.000622341
-4.6775 0.000582985
-4.675 0.000538377
-4.6725 0.000511853
-4.67 0.000472474
-4.6675 0.000441931
-4.665 0.00041149
-4.6625 0.000381445
-4.66 0.000355237
-4.6575 0.000328962
-4.655 0.000306185
-4.6525 0.000285477
-4.65 0.000264849
-4.6475 0.000241619
-4.645 0.000228854
-4.6425 0.000204476
-4.64 0.000195476
-4.6375 0.000178178
-4.635 0.000162172
-4.6325 0.000151151
-4.63 0.000138838
-4.6275 0.000127457
-4.625 0.000115836
-4.6225 0.000107905
-4.62 9.74855e-05
-4.6175 9.09321e-05
-4.615 8.0936e-05
-4.6125 7.56634e-05
-4.61 6.79234e-05
-4.6075 6.23321e-05
-4.605 5.66668e-05
-4.6025 5.27613e-05
-4.6 4.70595e-05
-4.5975 4.2522e-05
-4.595 3.89508e-05
-4.5925 3.46721e-05
-4.59 3.21834e-05
-4.5875 2.89023e-05
-4.585 2.60753e-05
-4.5825 2.3528e-05
-4.58 2.09875e-05
-4.5775 1.92712e-05
-4.575 1.70443e-05
-4.5725 1.51908e-05
-4.57 1.39393e-05
-4.5675 1.23078e-05
-4.565 1.11462e-05
-4.5625 9.94774e-06
-4.56 8.81614e-06
-4.5575 7.89177e-06
-4.555 6.87922e-06
-4.5525 6.26122e-06
-4.55 5.63628e-06
-4.5475 4.94501e-06
-4.545 4.30634e-06
-4.5425 3.88707e-06
-4.54 3.45872e-06
-4.5375 3.01807e-06
-4.535 2.74348e-06
-4.5325 2.25991e-06
-4.53 2.03179e-06
-4.5275 1.82659e-06
-4.525 1.53573e-06
-4.5225 1.39236e-06
-4.52 1.20949e-06
-4.5175 1.05296e-06
-4.515 8.87466e-07
-4.5125 8.19766e-07
-4.51 7.05163e-07
-4.5075 6.01911e-07
-4.505 5.26169e-07
-4.5025 4.60765e-07
-4.5 3.91822e-07
-4.4975 3.38436e-07
-4.495 2.8861e-07
-4.4925 2.60693e-07
-4.49 2.16796e-07
-4.4875 1.84571e-07
-4.485 1.60872e-07
-4.4825 1.4149e-07
-4.48 1.1565e-07
