#logrho PDF
-5 0.013958
-4.9975 0.00725224
-4.995 0.0074442
-4.9925 0.00754393
-4.99 0.00779938
-4.9875 0.00793678
-4.985 0.00810318
-4.9825 0.00825287
-4.98 0.00837784
-4.9775 0.00867541
-4.975 0.0087839
-4.9725 0.0088733
-4.97 0.00916518
-4.9675 0.00910502
-4.965 0.00937533
-4.9625 0.00969847
-4.96 0.00968275
-4.9575 0.00987534
-4.955 0.00997823
-4.9525 0.0101391
-4.95 0.0102781
-4.9475 0.0105632
-4.945 0.0106218
-4.9425 0.0106178
-4.94 0.0107608
-4.9375 0.0110473
-4.935 0.0110249
-4.9325 0.0110617
-4.93 0.0112338
-4.9275 0.011247
-4.925 0.0113086
-4.9225 0.0114825
-4.92 0.0114256
-4.9175 0.011513
-4.915 0.0116146
-4.9125 0.0116271
-4.91 0.0115565
-4.9075 0.0117146
-4.905 0.0116741
-4.9025 0.0116629
-4.9 0.0117928
-4.8975 0.0116973
-4.895 0.0116159
-4.8925 0.0116908
-4.89 0.0116852
-4.8875 0.0115456
-4.885 0.0115552
-4.8825 0.0114922
-4.88 0.0114831
-4.8775 0.0113892
-4.875 0.0113426
-4.8725 0.0111735
-4.87 0.0112003
-4.8675 0.0111232
-4.865 0.0109445
-4.8625 0.0108553
-4.86 0.0108523
-4.8575 0.0106743
-4.855 0.0105965
-4.8525 0.0103728
-4.85 0.0103672
-4.8475 0.01027
-4.845 0.0100533
-4.8425 0.00997894
-4.84 0.00979539
-4.8375 0.00972268
-4.835 0.00954558
-4.8325 0.0093816
-4.83 0.00919924
-4.8275 0.00908337
-4.825 0.00891528
-4.8225 0.00874844
-4.82 0.00853362
-4.8175 0.00845071
-4.815 0.00825353
-4.8125 0.00807854
-4.81 0.0078635
-4.8075 0.00771152
-4.805 0.00760714
-4.8025 0.0073504
-4.8 0.00717061
-4.7975 0.00703177
-4.795 0.00683587
-4.7925 0.00667024
-4.79 0.00646614
-4.7875 0.00630997
-4.785 0.00607808
-4.7825 0.00601184
-4.78 0.0057868
-4.7775 0.00555109
-4.775 0.00546051
-4.7725 0.00528035
-4.77 0.00504148
-4.7675 0.00496859
-4.765 0.00475591
-4.7625 0.00460472
-4.76 0.00445171
-4.7575 0.0043234
-4.755 0.00412895
-4.7525 0.00397592
-4.75 0.00386839
-4.7475 0.00371782
-4.745 0.00358558
-4.7425 0.00344546
-4.74 0.0033177
-4.7375 0.00316053
-4.735 0.00307054
-4.7325 0.00292937
-4.73 0.00280166
-4.7275 0.00269647
-4.725 0.00256156
-4.7225 0.0024598
-4.72 0.00236848
-4.7175 0.00226531
-4.715 0.00214165
-4.7125 0.00205249
-4.71 0.00196762
-4.7075 0.001848
-4.705 0.0017951
-4.7025 0.00167344
-4.7 0.00160829
-4.6975 0.00152629
-4.695 0.00145106
-4.6925 0.00137592
-4.69 0.0013038
-4.6875 0.00123638
-4.685 0.00116958
-4.6825 0.00110708
-4.68 0.00105228
-4.6775 0.000991935
-4.675 0.000931065
-4.6725 0.000898059
-4.67 0.000827166
-4.6675 0.000789397
-4.665 0.000745692
-4.6625 0.000693628
-4.66 0.000655201
-4.6575 0.000615493
-4.655 0.000578509
-4.6525 0.000547136
-4.65 0.000511256
-4.6475 0.000475094
-4.645 0.00044992
-4.6425 0.000416858
-4.64 0.000398558
-4.6375 0.000364871
-4.635 0.000341859
-4.6325 0.000320569
-4.63 0.00029719
-4.6275 0.000280972
-4.625 0.00025809
-4.6225 0.000242034
-4.62 0.00022376
-4.6175 0.000209446
-4.615 0.000190329
-4.6125 0.000180484
-4.61 0.000165894
-4.6075 0.000153297
-4.605 0.000142676
-4.6025 0.000133515
-4.6 0.000122707
-4.5975 0.000111849
-4.595 0.000104717
-4.5925 9.63374e-05
-4.59 8.82508e-05
-4.5875 8.23424e-05
-4.585 7.46497e-05
-4.5825 6.90723e-05
-4.58 6.34612e-05
-4.5775 5.82459e-05
-4.575 5.31395e-05
-4.5725 4.89398e-05
-4.57 4.43633e-05
-4.5675 4.1098e-05
-4.565 3.76409e-05
-4.5625 3.36746e-05
-4.56 3.15289e-05
-4.5575 2.81867e-05
-4.555 2.60737e-05
-4.5525 2.37277e-05
-4.55 2.15351e-05
-4.5475 1.94062e-05
-4.545 1.76269e-05
-4.5425 1.61419e-05
-4.54 1.46467e-05
-4.5375 1.3129e-05
-4.535 1.21168e-05
-4.5325 1.07143e-05
-4.53 9.74853e-06
-4.5275 8.73922e-06
-4.525 7.92619e-06
-4.5225 7.1388e-06
-4.52 6.63965e-06
-4.5175 5.7408e-06
-4.515 5.13864e-06
-4.5125 4.71253e-06
-4.51 4.26557e-06
-4.5075 3.76921e-06
-4.505 3.41388e-06
-4.5025 2.99509e-06
-4.5 2.65425e-06
-4.4975 2.46884e-06
-4.495 2.09122e-06
-4.4925 1.96334e-06
-4.49 1.71713e-06
-4.4875 1.49603e-06
-4.485 1.40458e-06
-4.4825 1.17274e-06
-4.48 1.07548e-06
-4.4775 9.31294e-07
-4.475 8.37531e-07
-4.4725 7.53082e-07
-4.47 6.38734e-07
-4.4675 5.74954e-07
-4.465 5.18577e-07
-4.4625 4.49789e-07
-4.46 4.07179e-07
-4.4575 3.36829e-07
-4.455 3.12495e-07
-4.4525 2.62201e-07
-4.45 2.35831e-07
-4.4475 2.07164e-07
-4.445 1.8083e-07
-4.4425 1.54947e-07
-4.44 1.41476e-07
-4.4375 1.231e-07
-4.435 1.03711e-07
