#logrho PDF
-5 0.00685368
-4.9975 0.003634
-4.995 0.00376955
-4.9925 0.00387554
-4.99 0.00404577
-4.9875 0.00418932
-4.985 0.00428832
-4.9825 0.00444313
-4.98 0.00459849
-4.9775 0.00479549
-4.975 0.00488263
-4.9725 0.00507852
-4.97 0.00522004
-4.9675 0.00532239
-4.965 0.00547974
-4.9625 0.00578179
-4.96 0.00586936
-4.9575 0.00601966
-4.955 0.00614726
-4.9525 0.00631037
-4.95 0.00647804
-4.9475 0.00679529
-4.945 0.00690178
-4.9425 0.00698433
-4.94 0.00721155
-4.9375 0.00736588
-4.935 0.00753986
-4.9325 0.0077734
-4.93 0.0078685
-4.9275 0.00789033
-4.925 0.00809586
-4.9225 0.00835499
-4.92 0.0084923
-4.9175 0.00851174
-4.915 0.00876891
-4.9125 0.00887299
-4.91 0.00894143
-4.9075 0.00918808
-4.905 0.00923823
-4.9025 0.00933305
-4.9 0.00958248
-4.8975 0.00959977
-4.895 0.00970281
-4.8925 0.00985868
-4.89 0.00992618
-4.8875 0.0100338
-4.885 0.0100604
-4.8825 0.0101927
-4.88 0.0102954
-4.8775 0.0103595
-4.875 0.010362
-4.8725 0.0103989
-4.87 0.0105904
-4.8675 0.0105475
-4.865 0.0105252
-4.8625 0.0106083
-4.86 0.0107242
-4.8575 0.010619
-4.855 0.0107058
-4.8525 0.0106977
-4.85 0.0107056
-4.8475 0.0107185
-4.845 0.0106316
-4.8425 0.0107176
-4.84 0.0105711
-4.8375 0.0107057
-4.835 0.0105775
-4.8325 0.0105684
-4.83 0.0104931
-4.8275 0.0104147
-4.825 0.010475
-4.8225 0.0103236
-4.82 0.0102133
-4.8175 0.0101622
-4.815 0.0101404
-4.8125 0.0100883
-4.81 0.00978159
-4.8075 0.00989397
-4.805 0.00967032
-4.8025 0.00954926
-4.8 0.0094307
-4.7975 0.00930391
-4.795 0.00929938
-4.7925 0.00899693
-4.79 0.00898677
-4.7875 0.0087452
-4.785 0.00860126
-4.7825 0.00850902
-4.78 0.00841037
-4.7775 0.00809707
-4.775 0.00803213
-4.7725 0.00791919
-4.77 0.00766175
-4.7675 0.00759925
-4.765 0.00727899
-4.7625 0.00727016
-4.76 0.00703251
-4.7575 0.00691856
-4.755 0.00667748
-4.7525 0.00653394
-4.75 0.00640207
-4.7475 0.00628753
-4.745 0.00602817
-4.7425 0.00593604
-4.74 0.00576857
-4.7375 0.00556996
-4.735 0.00540974
-4.7325 0.00527813
-4.73 0.0050961
-4.7275 0.00491926
-4.725 0.0047904
-4.7225 0.00465248
-4.72 0.00444335
-4.7175 0.00439316
-4.715 0.00413836
-4.7125 0.00404919
-4.71 0.00388281
-4.7075 0.0037218
-4.705 0.00363724
-4.7025 0.00343817
-4.7 0.00334368
-4.6975 0.00323925
-4.695 0.00307342
-4.6925 0.00298553
-4.69 0.00283531
-4.6875 0.00272541
-4.685 0.00260219
-4.6825 0.00246631
-4.68 0.00241785
-4.6775 0.00228067
-4.675 0.00217115
-4.6725 0.0021242
-4.67 0.00199191
-4.6675 0.00190787
-4.665 0.00180561
-4.6625 0.0017186
-4.66 0.00164741
-4.6575 0.00154534
-4.655 0.00147806
-4.6525 0.00142272
-4.65 0.00134835
-4.6475 0.00125952
-4.645 0.00122056
-4.6425 0.00111837
-4.64 0.00109129
-4.6375 0.00101613
-4.635 0.000961804
-4.6325 0.000910693
-4.63 0.000848478
-4.6275 0.000824471
-4.625 0.000763526
-4.6225 0.000720509
-4.62 0.000678784
-4.6175 0.000641761
-4.615 0.000592751
-4.6125 0.000557562
-4.61 0.000526958
-4.6075 0.000496346
-4.605 0.00045951
-4.6025 0.000441205
-4.6 0.000408298
-4.5975 0.000380515
-4.595 0.000350913
-4.5925 0.000334981
-4.59 0.000307542
-4.5875 0.00028995
-4.585 0.000266211
-4.5825 0.000249936
-4.58 0.000234682
-4.5775 0.000218877
-4.575 0.000201413
-4.5725 0.000186122
-4.57 0.000172065
-4.5675 0.000160798
-4.565 0.000149983
-4.5625 0.000134914
-4.56 0.000128315
-4.5575 0.00011843
-4.555 0.000109341
-4.5525 0.000100441
-4.55 9.33641e-05
-4.5475 8.49015e-05
-4.545 7.79239e-05
-4.5425 7.28312e-05
-4.54 6.66236e-05
-4.5375 6.05345e-05
-4.535 5.67372e-05
-4.5325 5.23643e-05
-4.53 4.69848e-05
-4.5275 4.34503e-05
-4.525 3.92168e-05
-4.5225 3.59935e-05
-4.52 3.32594e-05
-4.5175 2.98953e-05
-4.515 2.73027e-05
-4.5125 2.51936e-05
-4.51 2.35647e-05
-4.5075 2.06007e-05
-4.505 1.9103e-05
-4.5025 1.7086e-05
-4.5 1.52695e-05
-4.4975 1.44589e-05
-4.495 1.2445e-05
-4.4925 1.16716e-05
-4.49 1.05341e-05
-4.4875 9.54085e-06
-4.485 8.85919e-06
-4.4825 7.59619e-06
-4.48 7.06959e-06
-4.4775 6.31298e-06
-4.475 5.56257e-06
-4.4725 5.20944e-06
-4.47 4.43188e-06
-4.4675 4.16572e-06
-4.465 3.75936e-06
-4.4625 3.33862e-06
-4.46 3.03269e-06
-4.4575 2.58238e-06
-4.455 2.43245e-06
-4.4525 2.10554e-06
-4.45 1.89143e-06
-4.4475 1.66904e-06
-4.445 1.51432e-06
-4.4425 1.34927e-06
-4.44 1.22052e-06
-4.4375 1.11475e-06
-4.435 9.28548e-07
-4.4325 8.14605e-07
-4.43 7.61422e-07
-4.4275 6.36186e-07
-4.425 5.81792e-07
-4.4225 5.07465e-07
-4.42 4.69008e-07
-4.4175 4.13373e-07
-4.415 3.49015e-07
-4.4125 3.21198e-07
-4.41 2.66784e-07
-4.4075 2.3964e-07
-4.405 2.15439e-07
-4.4025 1.81416e-07
-4.4 1.62807e-07
-4.3975 1.43166e-07
-4.395 1.30384e-07
-4.3925 1.08771e-07
