#[M/H] PDF
-0.250000 0.000091
-0.240000 0.000149
-0.230000 0.000238
-0.220000 0.000373
-0.210000 0.000568
-0.200000 0.000861
-0.190000 0.001278
-0.180000 0.001841
-0.170000 0.002604
-0.160000 0.003635
-0.150000 0.004951
-0.140000 0.006611
-0.130000 0.008627
-0.120000 0.011053
-0.110000 0.013890
-0.100000 0.017353
-0.090000 0.020997
-0.080000 0.025037
-0.070000 0.029085
-0.060000 0.033587
-0.050000 0.037793
-0.040000 0.041424
-0.030000 0.044840
-0.020000 0.047664
-0.010000 0.050013
0.000000 0.051810
0.010000 0.052651
0.020000 0.052043
0.030000 0.050512
0.040000 0.048786
0.050000 0.046309
0.060000 0.043225
0.070000 0.039301
0.080000 0.035438
0.090000 0.031121
0.100000 0.027077
0.110000 0.023173
0.120000 0.019508
0.130000 0.016091
0.140000 0.013049
0.150000 0.010700
0.160000 0.008616
0.170000 0.006774
0.180000 0.005312
0.190000 0.003999
0.200000 0.002971
0.210000 0.002160
0.220000 0.001561
0.230000 0.001097
0.240000 0.000775
0.250000 0.000512
0.260000 0.000334
0.270000 0.000211
0.280000 0.000131
0.290000 0.000080
0.300000 0.000048
0.310000 0.000028
0.320000 0.000016
0.330000 0.000009
0.340000 0.000005
0.350000 0.000003
