#[M/H] PDF
-0.130000 0.001001
-0.120000 0.001448
-0.110000 0.002050
-0.100000 0.002895
-0.090000 0.003944
-0.080000 0.005299
-0.070000 0.006939
-0.060000 0.008986
-0.050000 0.011449
-0.040000 0.014157
-0.030000 0.017237
-0.020000 0.020710
-0.010000 0.024513
0.000000 0.028628
0.010000 0.032801
0.020000 0.036596
0.030000 0.040012
0.040000 0.043567
0.050000 0.046643
0.060000 0.049053
0.070000 0.050303
0.080000 0.051159
0.090000 0.050969
0.100000 0.049623
0.110000 0.047918
0.120000 0.045521
0.130000 0.042324
0.140000 0.038688
0.150000 0.035756
0.160000 0.032422
0.170000 0.029094
0.180000 0.025415
0.190000 0.021591
0.200000 0.018092
0.210000 0.014810
0.220000 0.012079
0.230000 0.009599
0.240000 0.007629
0.250000 0.005688
0.260000 0.004165
0.270000 0.002997
0.280000 0.002091
0.290000 0.001439
0.300000 0.000977
0.310000 0.000646
0.320000 0.000420
0.330000 0.000266
0.340000 0.000164
0.350000 0.000101
0.360000 0.000059
0.370000 0.000034
0.380000 0.000019
0.390000 0.000009
0.400000 0.000004
0.410000 0.000002
0.420000 0.000001
0.430000 0.000000
0.440000 0.000000
0.450000 0.000000
0.460000 0.000000
