#[M/H] PDF
-0.340000 0.000000
-0.330000 0.000001
-0.320000 0.000003
-0.310000 0.000007
-0.300000 0.000014
-0.290000 0.000030
-0.280000 0.000057
-0.270000 0.000104
-0.260000 0.000179
-0.250000 0.000297
-0.240000 0.000484
-0.230000 0.000755
-0.220000 0.001142
-0.210000 0.001670
-0.200000 0.002417
-0.190000 0.003414
-0.180000 0.004669
-0.170000 0.006284
-0.160000 0.008372
-0.150000 0.010874
-0.140000 0.013854
-0.130000 0.017208
-0.120000 0.021027
-0.110000 0.025124
-0.100000 0.029951
-0.090000 0.034406
-0.080000 0.038942
-0.070000 0.042945
-0.060000 0.046779
-0.050000 0.050167
-0.040000 0.052137
-0.030000 0.053346
-0.020000 0.053833
-0.010000 0.053487
0.000000 0.052340
0.010000 0.049879
0.020000 0.046620
0.030000 0.042668
0.040000 0.038824
0.050000 0.034647
0.060000 0.030360
0.070000 0.025972
0.080000 0.022001
0.090000 0.018289
0.100000 0.014865
0.110000 0.011932
0.120000 0.009442
0.130000 0.007321
0.140000 0.005575
0.150000 0.004275
0.160000 0.003221
0.170000 0.002374
0.180000 0.001745
0.190000 0.001241
0.200000 0.000867
0.210000 0.000596
0.220000 0.000406
0.230000 0.000271
0.240000 0.000180
0.250000 0.000113
