#[M/H] PDF
-0.350000 0.000000
-0.340000 0.000000
-0.330000 0.000000
-0.320000 0.000001
-0.310000 0.000003
-0.300000 0.000008
-0.290000 0.000021
-0.280000 0.000046
-0.270000 0.000294
-0.250000 0.000362
-0.240000 0.000675
-0.230000 0.001148
-0.220000 0.001856
-0.210000 0.002808
-0.200000 0.004133
-0.190000 0.005822
-0.180000 0.007818
-0.170000 0.010242
-0.160000 0.013235
-0.150000 0.016622
-0.140000 0.020446
-0.130000 0.024556
-0.120000 0.029038
-0.110000 0.033606
-0.100000 0.038692
-0.090000 0.043120
-0.080000 0.047366
-0.070000 0.050483
-0.060000 0.053309
-0.050000 0.055106
-0.040000 0.055276
-0.030000 0.054917
-0.020000 0.053103
-0.010000 0.050970
0.000000 0.047710
0.010000 0.044085
0.020000 0.039695
0.030000 0.034928
0.040000 0.030581
0.050000 0.026188
0.060000 0.022059
0.070000 0.018140
0.080000 0.014813
0.090000 0.011727
0.100000 0.009202
0.110000 0.007087
0.120000 0.005374
0.130000 0.003999
0.140000 0.002922
0.150000 0.002139
0.160000 0.001544
0.170000 0.001091
0.180000 0.000764
0.190000 0.000521
0.200000 0.000349
