#logL_Lsun PDF
2.548 1.0827e-07
2.55 2.19432e-07
2.552 3.91984e-07
2.554 6.73945e-07
2.556 1.22768e-06
2.558 1.79767e-06
2.56 2.76174e-06
2.562 4.17082e-06
2.564 5.68106e-06
2.566 8.04229e-06
2.568 1.06119e-05
2.57 1.41054e-05
2.572 1.81589e-05
2.574 2.38021e-05
2.576 2.93901e-05
2.578 3.58935e-05
2.58 4.49427e-05
2.582 5.30265e-05
2.584 6.42161e-05
2.586 7.57364e-05
2.588 8.83444e-05
2.59 0.000105377
2.592 0.000121053
2.594 0.000139959
2.596 0.000161255
2.598 0.000183568
2.6 0.000211751
2.602 0.000239667
2.604 0.000273492
2.606 0.000311202
2.608 0.000351146
2.61 0.000396262
2.612 0.000446182
2.614 0.000495395
2.616 0.000552747
2.618 0.000623997
2.62 0.000682334
2.622 0.000767077
2.624 0.000848656
2.626 0.000934179
2.628 0.00103551
2.63 0.00113378
2.632 0.00124283
2.634 0.00137031
2.636 0.00147525
2.638 0.00160859
2.64 0.00174974
2.642 0.00188358
2.644 0.0020597
2.646 0.00221463
2.648 0.00236232
2.65 0.00253761
2.652 0.00272513
2.654 0.00292939
2.656 0.00316426
2.658 0.0033365
2.66 0.0036156
2.662 0.00385272
2.664 0.00408499
2.666 0.00436757
2.668 0.00465283
2.67 0.00495844
2.672 0.00524083
2.674 0.00550065
2.676 0.00585523
2.678 0.00616119
2.68 0.00651497
2.682 0.00680444
2.684 0.00715533
2.686 0.0074622
2.688 0.00783181
2.69 0.00820974
2.692 0.00861291
2.694 0.00896272
2.696 0.0092884
2.698 0.0097334
2.7 0.0100416
2.702 0.0104254
2.704 0.0107703
2.706 0.0110985
2.708 0.0113692
2.71 0.0117316
2.712 0.012063
2.714 0.0122559
2.716 0.0125458
2.718 0.0128572
2.72 0.0131305
2.722 0.0133913
2.724 0.0136641
2.726 0.0138658
2.728 0.0140324
2.73 0.0142913
2.732 0.0144508
2.734 0.0144118
2.736 0.0145967
2.738 0.0145099
2.74 0.0146784
2.742 0.0146912
2.744 0.0147914
2.746 0.0148967
2.748 0.0147993
2.75 0.0148463
2.752 0.0149189
2.754 0.0147151
2.756 0.0147424
2.758 0.0145904
2.76 0.0146165
2.762 0.0144272
2.764 0.0143595
2.766 0.014089
2.768 0.0139226
2.77 0.0137543
2.772 0.0136535
2.774 0.0133694
2.776 0.0131145
2.778 0.0128969
2.78 0.0126567
2.782 0.0124264
2.784 0.0119776
2.786 0.0117151
2.788 0.011432
2.79 0.0111006
2.792 0.010806
2.794 0.0104114
2.796 0.0101595
2.798 0.00979435
2.8 0.00948757
2.802 0.0090971
2.804 0.00877929
2.806 0.0084419
2.808 0.00807719
2.81 0.00775456
2.812 0.0074446
2.814 0.00710694
2.816 0.00678946
2.818 0.00644644
2.82 0.00618316
2.822 0.0058563
2.824 0.00557553
2.826 0.00530994
2.828 0.00502317
2.83 0.00473102
2.832 0.00449812
2.834 0.00422633
2.836 0.00396698
2.838 0.00369866
2.84 0.00348785
2.842 0.00327048
2.844 0.00306775
2.846 0.00286132
2.848 0.00269509
2.85 0.00250992
2.852 0.00235199
2.854 0.00218997
2.856 0.00204241
2.858 0.00189933
2.86 0.00176353
2.862 0.00163546
2.864 0.0015215
2.866 0.00140629
2.868 0.00130019
2.87 0.00120245
2.872 0.00110891
2.874 0.0010257
2.876 0.000939012
2.878 0.000868592
2.88 0.000792535
2.882 0.000731935
2.884 0.000668486
2.886 0.000611962
2.888 0.000555903
2.89 0.000504969
2.892 0.000458578
2.894 0.000417662
2.896 0.000376809
2.898 0.000340911
2.9 0.000311059
2.902 0.000279918
2.904 0.000253745
2.906 0.000228629
2.908 0.00020618
2.91 0.000187022
2.912 0.000167313
2.914 0.000151686
2.916 0.00013496
2.918 0.000121974
2.92 0.000108581
2.922 9.71632e-05
2.924 8.78411e-05
2.926 7.83583e-05
2.928 6.98131e-05
2.93 6.20471e-05
2.932 5.54055e-05
2.934 4.88972e-05
2.936 4.41049e-05
2.938 3.90168e-05
2.94 3.44326e-05
2.942 3.03809e-05
2.944 2.68597e-05
2.946 2.39559e-05
2.948 2.10791e-05
2.95 1.84371e-05
2.952 1.62349e-05
2.954 1.45633e-05
2.956 1.2636e-05
2.958 1.1081e-05
2.96 9.65858e-06
2.962 8.62596e-06
2.964 7.46513e-06
2.966 6.47207e-06
2.968 5.76396e-06
2.97 4.95103e-06
2.972 4.3115e-06
2.974 3.78431e-06
2.976 3.2796e-06
2.978 2.83659e-06
2.98 2.48201e-06
2.982 2.1263e-06
2.984 1.85441e-06
2.986 1.6037e-06
2.988 1.38086e-06
2.99 1.19682e-06
2.992 1.02874e-06
2.994 8.85139e-07
2.996 7.58213e-07
2.998 6.52152e-07
3 5.61401e-07
3.002 4.78751e-07
3.004 4.09816e-07
3.006 3.51808e-07
3.008 3.00542e-07
3.01 2.56744e-07
3.012 2.18023e-07
3.014 1.86055e-07
3.016 1.58165e-07
3.018 1.3368e-07
3.02 1.14415e-07
